18.45	-29.03	1999.92	2069.26
18.45	-29.03	1999.14	2068.18
18.45	-29.03	1998.35	2066.68
18.45	-29.03	1997.57	2071.55
18.45	-29.03	1996.78	2077.34
18.45	-29.03	1996.0	2077.77
18.45	-29.03	1995.21	2076.48
18.45	-29.03	1994.42	2075.33
18.45	-29.03	1993.64	2076.64
18.45	-29.03	1992.85	2083.26
18.45	-29.03	1992.07	2084.22
18.45	-29.03	1991.28	2084.87
18.45	-29.03	1990.5	2088.6
18.45	-29.03	1989.71	2094.7
18.45	-29.03	1988.92	2097.99
18.45	-29.03	1988.14	2095.06
18.45	-29.03	1987.35	2100.95
18.45	-29.03	1986.56	2106.82
18.45	-29.03	1985.78	2111.6
18.45	-29.03	1984.99	2116.78
18.45	-29.03	1984.2	2120.67
18.45	-29.03	1983.42	2128.35
18.45	-29.03	1982.63	2138.85
18.45	-29.03	1981.84	2137.33
18.45	-29.03	1981.05	2136.55
18.45	-29.03	1980.27	2132.19
18.45	-29.03	1979.48	2128.22
18.45	-29.03	1978.69	2135.49
18.45	-29.03	1977.9	2137.72
18.45	-29.03	1977.11	2139.74
18.45	-29.03	1976.33	2138.21
18.45	-29.03	1975.54	2137.53
18.45	-29.03	1974.75	2137.85
18.45	-29.03	1973.96	2140.59
18.45	-29.03	1973.17	2137.86
18.45	-29.03	1972.38	2130.44
18.45	-29.03	1971.59	2133.05
18.45	-29.03	1970.8	2141.38
18.45	-29.03	1970.01	2149.84
18.45	-29.03	1969.22	2156.07
18.45	-29.03	1968.43	2154.69
18.45	-29.03	1967.64	2156.19
18.45	-29.03	1966.85	2161.69
18.45	-29.03	1966.06	2165.64
18.45	-29.03	1965.27	2168.41
18.45	-29.03	1964.48	2172.96
18.45	-29.03	1963.69	2182.99
18.45	-29.03	1962.9	2188.32
18.45	-29.03	1962.11	2189.3
18.45	-29.03	1961.32	2190.22
18.45	-29.03	1960.53	2190.78
18.45	-29.03	1959.74	2194.9
18.45	-29.03	1958.95	2194.13
18.45	-29.03	1958.16	2189.34
18.45	-29.03	1957.37	2189.4
18.45	-29.03	1956.57	2186.96
18.45	-29.03	1955.78	2188.41
18.45	-29.03	1954.99	2189.6
18.45	-29.03	1954.2	2181.04
18.45	-29.03	1953.41	2176.37
18.45	-29.03	1952.61	2168.14
18.45	-29.03	1951.82	2166.62
18.45	-29.03	1951.03	2164.77
18.45	-29.03	1950.24	2159.56
18.45	-29.03	1949.44	2160.63
18.45	-29.03	1948.65	2167.35
18.45	-29.03	1947.86	2175.75
18.45	-29.03	1947.06	2182.18
18.45	-29.03	1946.27	2186.15
18.45	-29.03	1945.48	2187.61
18.45	-29.03	1944.68	2191.24
18.45	-29.03	1943.89	2190.12
18.45	-29.03	1943.1	2190.12
18.45	-29.03	1942.3	2195.69
18.45	-29.03	1941.51	2199.31
18.45	-29.03	1940.71	2196.18
18.45	-29.03	1939.92	2196.78
18.45	-29.03	1939.12	2198.78
18.45	-29.03	1938.33	2198.48
18.45	-29.03	1937.53	2201.79
18.45	-29.03	1936.74	2201.2
18.45	-29.03	1935.94	2196.18
18.45	-29.03	1935.15	2197.14
18.45	-29.03	1934.35	2193.31
18.45	-29.03	1933.56	2190.47
18.45	-29.03	1932.76	2188.27
18.45	-29.03	1931.97	2180.34
18.45	-29.03	1931.17	2182.32
18.45	-29.03	1930.37	2171.92
18.45	-29.03	1929.58	2170.61
18.45	-29.03	1928.78	2166.0
18.45	-29.03	1927.99	2170.98
18.45	-29.03	1927.19	2170.41
18.45	-29.03	1926.39	2169.67
18.45	-29.03	1925.6	2173.19
18.45	-29.03	1924.8	2173.66
18.45	-29.03	1924.0	2172.71
18.45	-29.03	1923.2	2176.05
18.45	-29.03	1922.41	2177.12
18.45	-29.03	1921.61	2180.97
18.45	-29.03	1920.81	2181.12
18.45	-29.03	1920.01	2176.23
18.45	-29.03	1919.22	2181.27
18.45	-29.03	1918.42	2189.0
18.45	-29.03	1917.62	2189.15
18.45	-29.03	1916.82	2188.02
18.45	-29.03	1916.02	2199.43
18.45	-29.03	1915.22	2202.94
18.45	-29.03	1914.43	2206.2
18.45	-29.03	1913.63	2216.54
18.45	-29.03	1912.83	2212.98
18.45	-29.03	1912.03	2217.87
18.45	-29.03	1911.23	2226.48
18.45	-29.03	1910.43	2227.65
18.45	-29.03	1909.63	2233.7
18.45	-29.03	1908.83	2234.81
18.45	-29.03	1908.03	2238.42
18.45	-29.03	1907.23	2242.29
18.45	-29.03	1906.43	2240.53
18.45	-29.03	1905.63	2249.02
18.45	-29.03	1904.83	2254.89
18.45	-29.03	1904.03	2256.69
18.45	-29.03	1903.23	2254.84
18.45	-29.03	1902.43	2245.15
18.45	-29.03	1901.63	2239.1
18.45	-29.03	1900.83	2246.55
18.45	-29.03	1900.03	2253.0
18.45	-29.03	1899.23	2256.67
18.45	-29.03	1898.42	2254.64
18.45	-29.03	1897.62	2256.24
18.45	-29.03	1896.82	2256.59
18.45	-29.03	1896.02	2253.7
18.45	-29.03	1895.22	2250.72
18.45	-29.03	1894.41	2253.52
18.45	-29.03	1893.61	2257.68
18.45	-29.03	1892.81	2261.92
18.45	-29.03	1892.01	2265.8
18.45	-29.03	1891.21	2265.9
18.45	-29.03	1890.4	2270.7
18.45	-29.03	1889.6	2279.79
18.45	-29.03	1888.8	2277.25
18.45	-29.03	1887.99	2280.94
18.45	-29.03	1887.19	2286.0
18.45	-29.03	1886.39	2284.35
18.45	-29.03	1885.58	2287.6
18.45	-29.03	1884.78	2291.46
18.45	-29.03	1883.98	2296.6
18.45	-29.03	1883.17	2299.22
18.45	-29.03	1882.37	2300.23
18.45	-29.03	1881.56	2305.4
18.45	-29.03	1880.76	2305.98
18.45	-29.03	1879.95	2301.89
18.45	-29.03	1879.15	2305.06
18.45	-29.03	1878.35	2306.85
18.45	-29.03	1877.54	2314.95
18.45	-29.03	1876.74	2324.21
18.45	-29.03	1875.93	2321.61
18.45	-29.03	1875.13	2320.03
18.45	-29.03	1874.32	2320.87
18.45	-29.03	1873.51	2324.65
18.45	-29.03	1872.71	2328.08
18.45	-29.03	1871.9	2326.88
18.45	-29.03	1871.1	2336.09
18.45	-29.03	1870.29	2345.69
18.45	-29.03	1869.48	2342.08
18.45	-29.03	1868.68	2343.23
18.45	-29.03	1867.87	2335.53
18.45	-29.03	1867.06	2336.71
18.45	-29.03	1866.26	2337.3
18.45	-29.03	1865.45	2335.55
18.45	-29.03	1864.64	2334.96
18.45	-29.03	1863.84	2334.75
18.45	-29.03	1863.03	2339.66
18.45	-29.03	1862.22	2341.31
18.45	-29.03	1861.41	2345.09
18.45	-29.03	1860.61	2345.71
18.45	-29.03	1859.8	2347.17
18.45	-29.03	1858.99	2353.23
18.45	-29.03	1858.18	2353.99
18.45	-29.03	1857.37	2362.64
18.45	-29.03	1856.57	2362.11
18.45	-29.03	1855.76	2370.85
18.45	-29.03	1854.95	2375.05
18.45	-29.03	1854.14	2385.28
18.45	-29.03	1853.33	2393.05
18.45	-29.03	1852.52	2404.59
18.45	-29.03	1851.71	2413.03
18.45	-29.03	1850.9	2415.64
18.45	-29.03	1850.09	2420.19
18.45	-29.03	1849.28	2424.23
18.45	-29.03	1848.47	2428.44
18.45	-29.03	1847.66	2436.62
18.45	-29.03	1846.85	2436.0
18.45	-29.03	1846.04	2433.54
18.45	-29.03	1845.23	2430.7
18.45	-29.03	1844.42	2437.08
18.45	-29.03	1843.61	2433.1
18.45	-29.03	1842.8	2439.49
18.45	-29.03	1841.99	2436.98
18.45	-29.03	1841.18	2438.97
18.45	-29.03	1840.37	2444.53
18.45	-29.03	1839.56	2445.65
18.45	-29.03	1838.75	2449.47
18.45	-29.03	1837.94	2453.12
18.45	-29.03	1837.12	2452.17
18.45	-29.03	1836.31	2456.89
18.45	-29.03	1835.5	2461.1
18.45	-29.03	1834.69	2468.83
18.45	-29.03	1833.88	2473.51
18.45	-29.03	1833.06	2485.07
18.45	-29.03	1832.25	2492.09
18.45	-29.03	1831.44	2500.37
18.45	-29.03	1830.63	2507.1
18.45	-29.03	1829.81	2520.69
18.45	-29.03	1829.0	2525.55
18.45	-29.03	1828.19	2529.8
18.45	-29.03	1827.37	2529.96
18.45	-29.03	1826.56	2524.7
18.45	-29.03	1825.75	2529.85
18.45	-29.03	1824.93	2530.35
18.45	-29.03	1824.12	2537.15
18.45	-29.03	1823.3	2539.86
18.45	-29.03	1822.49	2534.52
18.45	-29.03	1821.68	2537.47
18.45	-29.03	1820.86	2534.42
18.45	-29.03	1820.05	2539.02
18.45	-29.03	1819.23	2540.79
18.45	-29.03	1818.42	2544.77
18.45	-29.03	1817.6	2541.43
18.45	-29.03	1816.79	2549.44
18.45	-29.03	1815.97	2552.36
18.45	-29.03	1815.16	2555.22
18.45	-29.03	1814.34	2557.08
18.45	-29.03	1813.53	2554.75
18.45	-29.03	1812.71	2553.27
18.45	-29.03	1811.89	2565.24
18.45	-29.03	1811.08	2564.95
18.45	-29.03	1810.26	2571.98
18.45	-29.03	1809.45	2568.27
18.45	-29.03	1808.63	2573.01
18.45	-29.03	1807.81	2579.25
18.45	-29.03	1807.0	2584.09
18.45	-29.03	1806.18	2589.94
18.45	-29.03	1805.36	2597.25
18.45	-29.03	1804.54	2605.74
18.45	-29.03	1803.73	2608.02
18.45	-29.03	1802.91	2615.27
18.45	-29.03	1802.09	2615.28
18.45	-29.03	1801.27	2626.54
18.45	-29.03	1800.46	2628.3
18.45	-29.03	1799.64	2635.09
18.45	-29.03	1798.82	2632.27
18.45	-29.03	1798.0	2629.47
18.45	-29.03	1797.18	2632.57
18.45	-29.03	1796.37	2638.61
18.45	-29.03	1795.55	2647.97
18.45	-29.03	1794.73	2651.68
18.45	-29.03	1793.91	2653.97
18.45	-29.03	1793.09	2659.17
18.45	-29.03	1792.27	2664.34
18.45	-29.03	1791.45	2666.33
18.45	-29.03	1790.63	2667.25
18.45	-29.03	1789.81	2663.99
18.45	-29.03	1788.99	2661.82
18.45	-29.03	1788.17	2672.56
18.45	-29.03	1787.35	2671.98
18.45	-29.03	1786.53	2665.28
18.45	-29.03	1785.71	2671.68
18.45	-29.03	1784.89	2675.0
18.45	-29.03	1784.07	2687.92
18.45	-29.03	1783.25	2700.21
18.45	-29.03	1782.43	2710.08
18.45	-29.03	1781.61	2718.55
18.45	-29.03	1780.79	2728.08
18.45	-29.03	1779.97	2732.45
18.45	-29.03	1779.14	2737.89
18.45	-29.03	1778.32	2752.02
18.45	-29.03	1777.5	2755.57
18.45	-29.03	1776.68	2771.64
18.45	-29.03	1775.86	2771.44
18.45	-29.03	1775.03	2775.12
18.45	-29.03	1774.21	2781.16
18.45	-29.03	1773.39	2786.69
18.45	-29.03	1772.57	2798.66
18.45	-29.03	1771.74	2808.61
18.45	-29.03	1770.92	2811.58
18.45	-29.03	1770.1	2820.73
18.45	-29.03	1769.28	2831.37
18.45	-29.03	1768.45	2842.28
18.45	-29.03	1767.63	2843.57
18.45	-29.03	1766.81	2849.48
18.45	-29.03	1765.98	2857.65
18.45	-29.03	1765.16	2858.89
18.45	-29.03	1764.33	2867.83
18.45	-29.03	1763.51	2875.2
18.45	-29.03	1762.69	2873.48
18.45	-29.03	1761.86	2893.27
18.45	-29.03	1761.04	2899.5
18.45	-29.03	1760.21	2903.21
18.45	-29.03	1759.39	2915.45
18.45	-29.03	1758.56	2924.75
18.45	-29.03	1757.74	2930.0
18.45	-29.03	1756.91	2925.55
18.45	-29.03	1756.09	2929.55
18.45	-29.03	1755.26	2927.08
18.45	-29.03	1754.44	2933.59
18.45	-29.03	1753.61	2939.9
18.45	-29.03	1752.78	2938.61
18.45	-29.03	1751.96	2938.52
18.45	-29.03	1751.13	2929.62
18.45	-29.03	1750.31	2928.04
18.45	-29.03	1749.48	2932.68
18.45	-29.03	1748.65	2928.29
18.45	-29.03	1747.83	2929.93
18.45	-29.03	1747.0	2931.2
18.45	-29.03	1746.17	2934.63
18.45	-29.03	1745.34	2941.73
18.45	-29.03	1744.52	2942.28
18.45	-29.03	1743.69	2949.9
18.45	-29.03	1742.86	2953.61
18.45	-29.03	1742.03	2961.02
18.45	-29.03	1741.21	2974.75
18.45	-29.03	1740.38	2980.65
18.45	-29.03	1739.55	2989.64
18.45	-29.03	1738.72	2997.44
18.45	-29.03	1737.89	3006.7
18.45	-29.03	1737.07	3019.49
18.45	-29.03	1736.24	3020.99
18.45	-29.03	1735.41	3029.41
18.45	-29.03	1734.58	3042.48
18.45	-29.03	1733.75	3044.95
18.45	-29.03	1732.92	3049.69
18.45	-29.03	1732.09	3057.49
18.45	-29.03	1731.26	3069.22
18.45	-29.03	1730.43	3075.92
18.45	-29.03	1729.6	3087.79
18.45	-29.03	1728.77	3093.44
18.45	-29.03	1727.94	3092.67
18.45	-29.03	1727.11	3093.94
18.45	-29.03	1726.28	3094.82
18.45	-29.03	1725.45	3094.83
18.45	-29.03	1724.62	3104.22
18.45	-29.03	1723.79	3104.21
18.45	-29.03	1722.96	3113.99
18.45	-29.03	1722.13	3121.0
18.45	-29.03	1721.3	3123.91
18.45	-29.03	1720.46	3134.78
18.45	-29.03	1719.63	3143.4
18.45	-29.03	1718.8	3150.62
18.45	-29.03	1717.97	3160.59
18.45	-29.03	1717.14	3169.92
18.45	-29.03	1716.3	3181.78
18.45	-29.03	1715.47	3185.68
18.45	-29.03	1714.64	3188.58
18.45	-29.03	1713.81	3196.22
18.45	-29.03	1712.97	3200.27
18.45	-29.03	1712.14	3205.64
18.45	-29.03	1711.31	3209.99
18.45	-29.03	1710.48	3212.18
18.45	-29.03	1709.64	3219.35
18.45	-29.03	1708.81	3222.51
18.45	-29.03	1707.98	3238.04
18.45	-29.03	1707.14	3249.98
18.45	-29.03	1706.31	3257.02
18.45	-29.03	1705.47	3257.77
18.45	-29.03	1704.64	3258.69
18.45	-29.03	1703.81	3260.8
18.45	-29.03	1702.97	3261.51
18.45	-29.03	1702.14	3262.33
18.45	-29.03	1701.3	3263.22
18.45	-29.03	1700.47	3266.38
18.45	-29.03	1699.63	3276.69
18.45	-29.03	1698.8	3277.24
18.45	-29.03	1697.96	3278.5
18.45	-29.03	1697.13	3281.71
18.45	-29.03	1696.29	3291.27
18.45	-29.03	1695.46	3311.05
18.45	-29.03	1694.62	3315.9
18.45	-29.03	1693.78	3325.97
18.45	-29.03	1692.95	3341.9
18.45	-29.03	1692.11	3356.66
18.45	-29.03	1691.28	3364.87
18.45	-29.03	1690.44	3375.08
18.45	-29.03	1689.6	3391.88
18.45	-29.03	1688.77	3405.51
18.45	-29.03	1687.93	3414.5
18.45	-29.03	1687.09	3428.25
18.45	-29.03	1686.25	3441.22
18.45	-29.03	1685.42	3454.08
18.45	-29.03	1684.58	3466.38
18.45	-29.03	1683.74	3488.56
18.45	-29.03	1682.9	3509.63
18.45	-29.03	1682.07	3517.23
18.45	-29.03	1681.23	3530.74
18.45	-29.03	1680.39	3539.65
18.45	-29.03	1679.55	3558.74
18.45	-29.03	1678.71	3573.21
18.45	-29.03	1677.87	3591.66
18.45	-29.03	1677.04	3613.31
18.45	-29.03	1676.2	3626.48
18.45	-29.03	1675.36	3637.09
18.45	-29.03	1674.52	3647.46
18.45	-29.03	1673.68	3667.54
18.45	-29.03	1672.84	3676.51
18.45	-29.03	1672.0	3694.59
18.45	-29.03	1671.16	3716.55
18.45	-29.03	1670.32	3729.52
18.45	-29.03	1669.48	3741.44
18.45	-29.03	1668.64	3755.88
18.45	-29.03	1667.8	3763.32
18.45	-29.03	1666.96	3787.47
18.45	-29.03	1666.12	3803.16
18.45	-29.03	1665.28	3828.8
18.45	-29.03	1664.44	3849.2
18.45	-29.03	1663.6	3865.03
18.45	-29.03	1662.75	3881.73
18.45	-29.03	1661.91	3909.1
18.45	-29.03	1661.07	3926.37
18.45	-29.03	1660.23	3950.13
18.45	-29.03	1659.39	3971.16
18.45	-29.03	1658.55	4009.92
18.45	-29.03	1657.7	4032.48
18.45	-29.03	1656.86	4062.04
18.45	-29.03	1656.02	4086.06
18.45	-29.03	1655.18	4110.71
18.45	-29.03	1654.33	4140.8
18.45	-29.03	1653.49	4168.12
18.45	-29.03	1652.65	4197.83
18.45	-29.03	1651.81	4217.56
18.45	-29.03	1650.96	4232.36
18.45	-29.03	1650.12	4262.57
18.45	-29.03	1649.28	4278.82
18.45	-29.03	1648.43	4305.46
18.45	-29.03	1647.59	4317.53
18.45	-29.03	1646.74	4333.49
18.45	-29.03	1645.9	4354.5
18.45	-29.03	1645.06	4364.81
18.45	-29.03	1644.21	4394.08
18.45	-29.03	1643.37	4415.85
18.45	-29.03	1642.52	4437.86
18.45	-29.03	1641.68	4474.42
18.45	-29.03	1640.83	4494.15
18.45	-29.03	1639.99	4527.88
18.45	-29.03	1639.14	4547.59
18.45	-29.03	1638.3	4577.4
18.45	-29.03	1637.45	4599.73
18.45	-29.03	1636.61	4625.33
18.45	-29.03	1635.76	4654.17
18.45	-29.03	1634.91	4698.83
18.45	-29.03	1634.07	4734.25
18.45	-29.03	1633.22	4776.76
18.45	-29.03	1632.38	4813.04
18.45	-29.03	1631.53	4845.74
18.45	-29.03	1630.68	4880.66
18.45	-29.03	1629.84	4923.39
18.45	-29.03	1628.99	4967.38
18.45	-29.03	1628.14	5005.55
18.45	-29.03	1627.29	5041.35
18.45	-29.03	1626.45	5079.44
18.45	-29.03	1625.6	5117.87
18.45	-29.03	1624.75	5156.76
18.45	-29.03	1623.9	5184.19
18.45	-29.03	1623.06	5212.58
18.45	-29.03	1622.21	5244.62
18.45	-29.03	1621.36	5277.14
18.45	-29.03	1620.51	5312.27
18.45	-29.03	1619.66	5341.17
18.45	-29.03	1618.81	5375.76
18.45	-29.03	1617.96	5397.38
18.45	-29.03	1617.12	5416.44
18.45	-29.03	1616.27	5443.63
18.45	-29.03	1615.42	5467.41
18.45	-29.03	1614.57	5492.87
18.45	-29.03	1613.72	5501.13
18.45	-29.03	1612.87	5528.75
18.45	-29.03	1612.02	5541.92
18.45	-29.03	1611.17	5563.24
18.45	-29.03	1610.32	5592.29
18.45	-29.03	1609.47	5624.51
18.45	-29.03	1608.62	5642.43
18.45	-29.03	1607.77	5656.36
18.45	-29.03	1606.92	5685.72
18.45	-29.03	1606.06	5698.71
18.45	-29.03	1605.21	5721.35
18.45	-29.03	1604.36	5734.85
18.45	-29.03	1603.51	5754.22
18.45	-29.03	1602.66	5770.36
18.45	-29.03	1601.81	5784.12
18.45	-29.03	1600.96	5802.58
18.45	-29.03	1600.1	5820.39
18.45	-29.03	1599.25	5850.41
18.45	-29.03	1598.4	5862.75
18.45	-29.03	1597.55	5874.58
18.45	-29.03	1596.69	5912.02
18.45	-29.03	1595.84	5939.4
18.45	-29.03	1594.99	5961.49
18.45	-29.03	1594.14	5991.26
18.45	-29.03	1593.28	6014.1
18.45	-29.03	1592.43	6044.3
18.45	-29.03	1591.58	6072.87
18.45	-29.03	1590.72	6101.51
18.45	-29.03	1589.87	6122.76
18.45	-29.03	1589.02	6150.26
18.45	-29.03	1588.16	6186.69
18.45	-29.03	1587.31	6222.72
18.45	-29.03	1586.45	6249.44
18.45	-29.03	1585.6	6283.53
18.45	-29.03	1584.74	6325.15
18.45	-29.03	1583.89	6371.17
18.45	-29.03	1583.03	6407.44
18.45	-29.03	1582.18	6435.33
18.45	-29.03	1581.32	6480.98
18.45	-29.03	1580.47	6508.16
18.45	-29.03	1579.61	6541.88
18.45	-29.03	1578.76	6569.86
18.45	-29.03	1577.9	6610.41
18.45	-29.03	1577.05	6636.58
18.45	-29.03	1576.19	6662.8
18.45	-29.03	1575.33	6684.21
18.45	-29.03	1574.48	6716.22
18.45	-29.03	1573.62	6749.14
18.45	-29.03	1572.76	6771.57
18.45	-29.03	1571.91	6804.7
18.45	-29.03	1571.05	6843.34
18.45	-29.03	1570.19	6863.57
18.45	-29.03	1569.34	6882.82
18.45	-29.03	1568.48	6896.61
18.45	-29.03	1567.62	6909.02
18.45	-29.03	1566.76	6920.06
18.45	-29.03	1565.91	6927.1
18.45	-29.03	1565.05	6936.4
18.45	-29.03	1564.19	6952.33
18.45	-29.03	1563.33	6970.02
18.45	-29.03	1562.47	6976.3
18.45	-29.03	1561.62	6986.84
18.45	-29.03	1560.76	7002.93
18.45	-29.03	1559.9	7006.43
18.45	-29.03	1559.04	7021.61
18.45	-29.03	1558.18	7030.95
18.45	-29.03	1557.32	7030.04
18.45	-29.03	1556.46	7030.34
18.45	-29.03	1555.6	7042.11
18.45	-29.03	1554.74	7043.82
18.45	-29.03	1553.88	7045.77
18.45	-29.03	1553.02	7050.71
18.45	-29.03	1552.16	7054.01
18.45	-29.03	1551.3	7045.6
18.45	-29.03	1550.44	7054.01
18.45	-29.03	1549.58	7059.35
18.45	-29.03	1548.72	7068.21
18.45	-29.03	1547.86	7066.02
18.45	-29.03	1547.0	7055.85
18.45	-29.03	1546.14	7053.38
18.45	-29.03	1545.28	7044.2
18.45	-29.03	1544.41	7026.64
18.45	-29.03	1543.55	7013.01
18.45	-29.03	1542.69	6991.57
18.45	-29.03	1541.83	6978.39
18.45	-29.03	1540.97	6959.18
18.45	-29.03	1540.1	6942.94
18.45	-29.03	1539.24	6926.32
18.45	-29.03	1538.38	6907.77
18.45	-29.03	1537.52	6873.19
18.45	-29.03	1536.65	6847.81
18.45	-29.03	1535.79	6834.43
18.45	-29.03	1534.93	6810.42
18.45	-29.03	1534.06	6788.08
18.45	-29.03	1533.2	6770.41
18.45	-29.03	1532.34	6756.87
18.45	-29.03	1531.47	6756.34
18.45	-29.03	1530.61	6762.02
18.45	-29.03	1529.75	6759.45
18.45	-29.03	1528.88	6767.49
18.45	-29.03	1528.02	6778.78
18.45	-29.03	1527.15	6804.62
18.45	-29.03	1526.29	6810.8
18.45	-29.03	1525.42	6840.43
18.45	-29.03	1524.56	6879.88
18.45	-29.03	1523.69	6906.78
18.45	-29.03	1522.83	6921.87
18.45	-29.03	1521.96	6950.08
18.45	-29.03	1521.1	6981.45
18.45	-29.03	1520.23	7023.54
18.45	-29.03	1519.37	7041.64
18.45	-29.03	1518.5	7060.45
18.45	-29.03	1517.63	7080.55
18.45	-29.03	1516.77	7107.1
18.45	-29.03	1515.9	7126.59
18.45	-29.03	1515.03	7139.45
18.45	-29.03	1514.17	7163.6
18.45	-29.03	1513.3	7182.86
18.45	-29.03	1512.43	7189.19
18.45	-29.03	1511.57	7197.58
18.45	-29.03	1510.7	7218.33
18.45	-29.03	1509.83	7232.3
18.45	-29.03	1508.96	7241.18
18.45	-29.03	1508.1	7250.15
18.45	-29.03	1507.23	7260.15
18.45	-29.03	1506.36	7283.41
18.45	-29.03	1505.49	7301.54
18.45	-29.03	1504.62	7310.16
18.45	-29.03	1503.76	7329.06
18.45	-29.03	1502.89	7365.91
18.45	-29.03	1502.02	7392.33
18.45	-29.03	1501.15	7414.33
18.45	-29.03	1500.28	7429.15
18.45	-29.03	1499.41	7463.0
18.45	-29.03	1498.54	7492.29
18.45	-29.03	1497.67	7496.36
18.45	-29.03	1496.8	7505.51
18.45	-29.03	1495.93	7515.43
18.45	-29.03	1495.06	7518.08
18.45	-29.03	1494.19	7520.56
18.45	-29.03	1493.32	7514.16
18.45	-29.03	1492.45	7499.97
18.45	-29.03	1491.58	7499.6
18.45	-29.03	1490.71	7492.97
18.45	-29.03	1489.84	7460.65
18.45	-29.03	1488.97	7438.95
18.45	-29.03	1488.1	7425.22
18.45	-29.03	1487.23	7388.79
18.45	-29.03	1486.35	7353.79
18.45	-29.03	1485.48	7327.35
18.45	-29.03	1484.61	7283.12
18.45	-29.03	1483.74	7237.5
18.45	-29.03	1482.87	7193.95
18.45	-29.03	1481.99	7153.21
18.45	-29.03	1481.12	7112.35
18.45	-29.03	1480.25	7083.9
18.45	-29.03	1479.38	7053.66
18.45	-29.03	1478.5	7021.22
18.45	-29.03	1477.63	6998.76
18.45	-29.03	1476.76	6970.02
18.45	-29.03	1475.88	6937.2
18.45	-29.03	1475.01	6905.75
18.45	-29.03	1474.14	6890.84
18.45	-29.03	1473.26	6868.31
18.45	-29.03	1472.39	6865.77
18.45	-29.03	1471.51	6845.4
18.45	-29.03	1470.64	6837.63
18.45	-29.03	1469.77	6826.04
18.45	-29.03	1468.89	6831.77
18.45	-29.03	1468.02	6842.34
18.45	-29.03	1467.14	6840.01
18.45	-29.03	1466.27	6839.71
18.45	-29.03	1465.39	6866.28
18.45	-29.03	1464.52	6872.11
18.45	-29.03	1463.64	6872.28
18.45	-29.03	1462.77	6882.48
18.45	-29.03	1461.89	6892.94
18.45	-29.03	1461.01	6898.38
18.45	-29.03	1460.14	6912.83
18.45	-29.03	1459.26	6930.61
18.45	-29.03	1458.39	6937.49
18.45	-29.03	1457.51	6959.86
18.45	-29.03	1456.63	6971.47
18.45	-29.03	1455.76	6995.9
18.45	-29.03	1454.88	7013.23
18.45	-29.03	1454.0	7041.79
18.45	-29.03	1453.12	7059.73
18.45	-29.03	1452.25	7063.9
18.45	-29.03	1451.37	7090.23
18.45	-29.03	1450.49	7111.25
18.45	-29.03	1449.61	7137.17
18.45	-29.03	1448.74	7157.43
18.45	-29.03	1447.86	7182.02
18.45	-29.03	1446.98	7213.8
18.45	-29.03	1446.1	7241.11
18.45	-29.03	1445.22	7258.18
18.45	-29.03	1444.34	7268.48
18.45	-29.03	1443.46	7291.62
18.45	-29.03	1442.58	7319.21
18.45	-29.03	1441.71	7345.97
18.45	-29.03	1440.83	7362.46
18.45	-29.03	1439.95	7379.85
18.45	-29.03	1439.07	7404.55
18.45	-29.03	1438.19	7409.7
18.45	-29.03	1437.31	7411.3
18.45	-29.03	1436.43	7425.21
18.45	-29.03	1435.55	7431.22
18.45	-29.03	1434.67	7444.1
18.45	-29.03	1433.79	7453.86
18.45	-29.03	1432.9	7454.07
18.45	-29.03	1432.02	7459.19
18.45	-29.03	1431.14	7461.22
18.45	-29.03	1430.26	7457.17
18.45	-29.03	1429.38	7455.85
18.45	-29.03	1428.5	7438.28
18.45	-29.03	1427.62	7434.64
18.45	-29.03	1426.74	7435.41
18.45	-29.03	1425.85	7420.93
18.45	-29.03	1424.97	7420.12
18.45	-29.03	1424.09	7410.78
18.45	-29.03	1423.21	7403.54
18.45	-29.03	1422.32	7387.41
18.45	-29.03	1421.44	7370.52
18.45	-29.03	1420.56	7356.57
18.45	-29.03	1419.67	7326.41
18.45	-29.03	1418.79	7317.41
18.45	-29.03	1417.91	7296.78
18.45	-29.03	1417.02	7292.58
18.45	-29.03	1416.14	7279.46
18.45	-29.03	1415.26	7263.0
18.45	-29.03	1414.37	7238.68
18.45	-29.03	1413.49	7227.62
18.45	-29.03	1412.6	7227.68
18.45	-29.03	1411.72	7219.02
18.45	-29.03	1410.84	7206.37
18.45	-29.03	1409.95	7203.48
18.45	-29.03	1409.07	7197.42
18.45	-29.03	1408.18	7197.67
18.45	-29.03	1407.3	7195.31
18.45	-29.03	1406.41	7200.33
18.45	-29.03	1405.52	7220.56
18.45	-29.03	1404.64	7219.84
18.45	-29.03	1403.75	7235.17
18.45	-29.03	1402.87	7250.33
18.45	-29.03	1401.98	7275.2
18.45	-29.03	1401.09	7305.99
18.45	-29.03	1400.21	7330.21
18.45	-29.03	1399.32	7342.79
18.45	-29.03	1398.43	7366.88
18.45	-29.03	1397.55	7391.0
18.45	-29.03	1396.66	7404.14
18.45	-29.03	1395.77	7405.29
18.45	-29.03	1394.89	7417.09
18.45	-29.03	1394.0	7440.75
18.45	-29.03	1393.11	7451.58
18.45	-29.03	1392.22	7465.15
18.45	-29.03	1391.34	7463.71
18.45	-29.03	1390.45	7464.94
18.45	-29.03	1389.56	7471.03
18.45	-29.03	1388.67	7459.38
18.45	-29.03	1387.78	7455.91
18.45	-29.03	1386.89	7456.08
18.45	-29.03	1386.0	7454.58
18.45	-29.03	1385.11	7440.18
18.45	-29.03	1384.23	7410.49
18.45	-29.03	1383.34	7395.84
18.45	-29.03	1382.45	7385.07
18.45	-29.03	1381.56	7365.86
18.45	-29.03	1380.67	7345.44
18.45	-29.03	1379.78	7338.67
18.45	-29.03	1378.89	7332.97
18.45	-29.03	1378.0	7317.38
18.45	-29.03	1377.11	7317.43
18.45	-29.03	1376.22	7314.18
18.45	-29.03	1375.32	7303.46
18.45	-29.03	1374.43	7297.45
18.45	-29.03	1373.54	7294.83
18.45	-29.03	1372.65	7286.28
18.45	-29.03	1371.76	7288.06
18.45	-29.03	1370.87	7281.34
18.45	-29.03	1369.98	7275.6
18.45	-29.03	1369.08	7278.27
18.45	-29.03	1368.19	7286.96
18.45	-29.03	1367.3	7285.94
18.45	-29.03	1366.41	7283.82
18.45	-29.03	1365.52	7287.81
18.45	-29.03	1364.62	7294.89
18.45	-29.03	1363.73	7304.98
18.45	-29.03	1362.84	7305.28
18.45	-29.03	1361.94	7295.44
18.45	-29.03	1361.05	7307.9
18.45	-29.03	1360.16	7315.72
18.45	-29.03	1359.26	7331.6
18.45	-29.03	1358.37	7326.02
18.45	-29.03	1357.48	7334.06
18.45	-29.03	1356.58	7352.91
18.45	-29.03	1355.69	7373.17
18.45	-29.03	1354.79	7384.91
18.45	-29.03	1353.9	7399.87
18.45	-29.03	1353.0	7430.42
18.45	-29.03	1352.11	7449.27
18.45	-29.03	1351.21	7466.59
18.45	-29.03	1350.32	7495.2
18.45	-29.03	1349.42	7520.4
18.45	-29.03	1348.53	7534.47
18.45	-29.03	1347.63	7558.92
18.45	-29.03	1346.74	7573.98
18.45	-29.03	1345.84	7590.06
18.45	-29.03	1344.94	7607.54
18.45	-29.03	1344.05	7620.24
18.45	-29.03	1343.15	7625.4
18.45	-29.03	1342.26	7636.74
18.45	-29.03	1341.36	7634.17
18.45	-29.03	1340.46	7644.49
18.45	-29.03	1339.56	7662.23
18.45	-29.03	1338.67	7675.4
18.45	-29.03	1337.77	7695.62
18.45	-29.03	1336.87	7701.28
18.45	-29.03	1335.97	7704.82
18.45	-29.03	1335.08	7726.23
18.45	-29.03	1334.18	7753.99
18.45	-29.03	1333.28	7785.2
18.45	-29.03	1332.38	7825.85
18.45	-29.03	1331.48	7858.51
18.45	-29.03	1330.59	7918.01
18.45	-29.03	1329.69	7975.34
18.45	-29.03	1328.79	8033.47
18.45	-29.03	1327.89	8103.18
18.45	-29.03	1326.99	8172.74
18.45	-29.03	1326.09	8245.38
18.45	-29.03	1325.19	8312.87
18.45	-29.03	1324.29	8380.92
18.45	-29.03	1323.39	8447.3
18.45	-29.03	1322.49	8487.98
18.45	-29.03	1321.59	8517.06
18.45	-29.03	1320.69	8548.83
18.45	-29.03	1319.79	8569.81
18.45	-29.03	1318.89	8586.59
18.45	-29.03	1317.99	8567.38
18.45	-29.03	1317.09	8538.36
18.45	-29.03	1316.19	8511.93
18.45	-29.03	1315.29	8479.28
18.45	-29.03	1314.38	8427.78
18.45	-29.03	1313.48	8390.07
18.45	-29.03	1312.58	8333.05
18.45	-29.03	1311.68	8278.18
18.45	-29.03	1310.78	8200.74
18.45	-29.03	1309.87	8115.54
18.45	-29.03	1308.97	8049.4
18.45	-29.03	1308.07	7989.59
18.45	-29.03	1307.17	7929.28
18.45	-29.03	1306.26	7871.06
18.45	-29.03	1305.36	7826.12
18.45	-29.03	1304.46	7799.84
18.45	-29.03	1303.55	7784.93
18.45	-29.03	1302.65	7772.76
18.45	-29.03	1301.75	7773.9
18.45	-29.03	1300.84	7786.17
18.45	-29.03	1299.94	7786.93
18.45	-29.03	1299.03	7789.54
18.45	-29.03	1298.13	7796.57
18.45	-29.03	1297.23	7804.81
18.45	-29.03	1296.32	7806.87
18.45	-29.03	1295.42	7800.65
18.45	-29.03	1294.51	7810.41
18.45	-29.03	1293.61	7831.36
18.45	-29.03	1292.7	7848.09
18.45	-29.03	1291.8	7852.57
18.45	-29.03	1290.89	7859.02
18.45	-29.03	1289.98	7886.21
18.45	-29.03	1289.08	7918.09
18.45	-29.03	1288.17	7929.45
18.45	-29.03	1287.27	7945.03
18.45	-29.03	1286.36	7966.75
18.45	-29.03	1285.45	7974.43
18.45	-29.03	1284.55	7988.63
18.45	-29.03	1283.64	7990.6
18.45	-29.03	1282.73	7995.35
18.45	-29.03	1281.83	8000.5
18.45	-29.03	1280.92	7989.29
18.45	-29.03	1280.01	7973.65
18.45	-29.03	1279.1	7965.17
18.45	-29.03	1278.2	7956.91
18.45	-29.03	1277.29	7936.86
18.45	-29.03	1276.38	7908.15
18.45	-29.03	1275.47	7882.44
18.45	-29.03	1274.56	7848.08
18.45	-29.03	1273.65	7797.33
18.45	-29.03	1272.75	7739.41
18.45	-29.03	1271.84	7680.4
18.45	-29.03	1270.93	7625.66
18.45	-29.03	1270.02	7559.61
18.45	-29.03	1269.11	7487.89
18.45	-29.03	1268.2	7424.14
18.45	-29.03	1267.29	7357.71
18.45	-29.03	1266.38	7291.49
18.45	-29.03	1265.47	7216.64
18.45	-29.03	1264.56	7156.14
18.45	-29.03	1263.65	7117.11
18.45	-29.03	1262.74	7065.71
18.45	-29.03	1261.83	6997.74
18.45	-29.03	1260.92	6952.82
18.45	-29.03	1260.01	6913.53
18.45	-29.03	1259.1	6871.32
18.45	-29.03	1258.18	6832.18
18.45	-29.03	1257.27	6804.91
18.45	-29.03	1256.36	6782.09
18.45	-29.03	1255.45	6751.98
18.45	-29.03	1254.54	6730.79
18.45	-29.03	1253.62	6712.75
18.45	-29.03	1252.71	6710.13
18.45	-29.03	1251.8	6719.07
18.45	-29.03	1250.89	6715.66
18.45	-29.03	1249.97	6727.86
18.45	-29.03	1249.06	6748.79
18.45	-29.03	1248.15	6762.03
18.45	-29.03	1247.24	6775.06
18.45	-29.03	1246.32	6794.5
18.45	-29.03	1245.41	6825.52
18.45	-29.03	1244.49	6843.51
18.45	-29.03	1243.58	6865.59
18.45	-29.03	1242.67	6877.1
18.45	-29.03	1241.75	6888.57
18.45	-29.03	1240.84	6901.8
18.45	-29.03	1239.92	6908.17
18.45	-29.03	1239.01	6918.41
18.45	-29.03	1238.09	6927.42
18.45	-29.03	1237.18	6944.8
18.45	-29.03	1236.26	6944.97
18.45	-29.03	1235.35	6932.93
18.45	-29.03	1234.43	6925.19
18.45	-29.03	1233.52	6927.6
18.45	-29.03	1232.6	6909.1
18.45	-29.03	1231.69	6902.36
18.45	-29.03	1230.77	6892.72
18.45	-29.03	1229.85	6881.46
18.45	-29.03	1228.94	6864.48
18.45	-29.03	1228.02	6845.84
18.45	-29.03	1227.1	6841.22
18.45	-29.03	1226.19	6842.74
18.45	-29.03	1225.27	6841.32
18.45	-29.03	1224.35	6835.46
18.45	-29.03	1223.43	6822.43
18.45	-29.03	1222.52	6812.96
18.45	-29.03	1221.6	6794.56
18.45	-29.03	1220.68	6772.65
18.45	-29.03	1219.76	6765.98
18.45	-29.03	1218.84	6758.13
18.45	-29.03	1217.93	6753.33
18.45	-29.03	1217.01	6726.27
18.45	-29.03	1216.09	6722.88
18.45	-29.03	1215.17	6704.4
18.45	-29.03	1214.25	6685.39
18.45	-29.03	1213.33	6669.2
18.45	-29.03	1212.41	6666.53
18.45	-29.03	1211.49	6656.45
18.45	-29.03	1210.57	6653.14
18.45	-29.03	1209.65	6651.19
18.45	-29.03	1208.73	6653.95
18.45	-29.03	1207.81	6665.67
18.45	-29.03	1206.89	6670.25
18.45	-29.03	1205.97	6674.3
18.45	-29.03	1205.05	6684.18
18.45	-29.03	1204.13	6706.75
18.45	-29.03	1203.21	6703.66
18.45	-29.03	1202.29	6709.08
18.45	-29.03	1201.37	6724.18
18.45	-29.03	1200.45	6744.28
18.45	-29.03	1199.52	6756.79
18.45	-29.03	1198.6	6757.04
18.45	-29.03	1197.68	6749.61
18.45	-29.03	1196.76	6758.41
18.45	-29.03	1195.84	6746.74
18.45	-29.03	1194.91	6731.84
18.45	-29.03	1193.99	6726.23
18.45	-29.03	1193.07	6706.66
18.45	-29.03	1192.14	6692.9
18.45	-29.03	1191.22	6675.84
18.45	-29.03	1190.3	6663.55
18.45	-29.03	1189.37	6633.8
18.45	-29.03	1188.45	6617.53
18.45	-29.03	1187.53	6582.38
18.45	-29.03	1186.6	6556.01
18.45	-29.03	1185.68	6538.62
18.45	-29.03	1184.76	6519.69
18.45	-29.03	1183.83	6483.91
18.45	-29.03	1182.91	6458.59
18.45	-29.03	1181.98	6432.84
18.45	-29.03	1181.06	6421.11
18.45	-29.03	1180.13	6394.84
18.45	-29.03	1179.21	6369.02
18.45	-29.03	1178.28	6351.79
18.45	-29.03	1177.36	6333.17
18.45	-29.03	1176.43	6308.48
18.45	-29.03	1175.5	6277.27
18.45	-29.03	1174.58	6255.47
18.45	-29.03	1173.65	6240.85
18.45	-29.03	1172.72	6211.95
18.45	-29.03	1171.8	6191.07
18.45	-29.03	1170.87	6183.9
18.45	-29.03	1169.94	6164.42
18.45	-29.03	1169.02	6165.52
18.45	-29.03	1168.09	6146.54
18.45	-29.03	1167.16	6145.25
18.45	-29.03	1166.24	6147.08
18.45	-29.03	1165.31	6128.42
18.45	-29.03	1164.38	6134.75
18.45	-29.03	1163.45	6143.82
18.45	-29.03	1162.52	6152.85
18.45	-29.03	1161.6	6158.87
18.45	-29.03	1160.67	6169.48
18.45	-29.03	1159.74	6177.2
18.45	-29.03	1158.81	6198.13
18.45	-29.03	1157.88	6216.07
18.45	-29.03	1156.95	6239.7
18.45	-29.03	1156.02	6259.6
18.45	-29.03	1155.09	6295.83
18.45	-29.03	1154.16	6337.64
18.45	-29.03	1153.23	6385.08
18.45	-29.03	1152.3	6446.4
18.45	-29.03	1151.37	6501.9
18.45	-29.03	1150.44	6549.45
18.45	-29.03	1149.51	6599.19
18.45	-29.03	1148.58	6649.78
18.45	-29.03	1147.65	6703.04
18.45	-29.03	1146.72	6758.22
18.45	-29.03	1145.79	6812.14
18.45	-29.03	1144.86	6863.25
18.45	-29.03	1143.92	6914.29
18.45	-29.03	1142.99	6939.59
18.45	-29.03	1142.06	6958.89
18.45	-29.03	1141.13	6988.36
18.45	-29.03	1140.2	6997.37
18.45	-29.03	1139.26	6993.38
18.45	-29.03	1138.33	6985.6
18.45	-29.03	1137.4	6966.56
18.45	-29.03	1136.47	6943.94
18.45	-29.03	1135.53	6909.36
18.45	-29.03	1134.6	6874.09
18.45	-29.03	1133.67	6829.14
18.45	-29.03	1132.73	6775.9
18.45	-29.03	1131.8	6721.12
18.45	-29.03	1130.87	6670.04
18.45	-29.03	1129.93	6616.64
18.45	-29.03	1129.0	6569.79
18.45	-29.03	1128.06	6506.99
18.45	-29.03	1127.13	6455.99
18.45	-29.03	1126.19	6416.44
18.45	-29.03	1125.26	6365.82
18.45	-29.03	1124.32	6323.54
18.45	-29.03	1123.39	6257.97
18.45	-29.03	1122.45	6209.63
18.45	-29.03	1121.52	6167.5
18.45	-29.03	1120.58	6116.29
18.45	-29.03	1119.65	6070.47
18.45	-29.03	1118.71	6033.35
18.45	-29.03	1117.78	5992.28
18.45	-29.03	1116.84	5950.75
18.45	-29.03	1115.9	5902.52
18.45	-29.03	1114.97	5864.88
18.45	-29.03	1114.03	5836.57
18.45	-29.03	1113.09	5790.86
18.45	-29.03	1112.15	5761.77
18.45	-29.03	1111.22	5731.45
18.45	-29.03	1110.28	5709.62
18.45	-29.03	1109.34	5676.28
18.45	-29.03	1108.4	5645.6
18.45	-29.03	1107.47	5628.54
18.45	-29.03	1106.53	5608.45
18.45	-29.03	1105.59	5584.47
18.45	-29.03	1104.65	5568.06
18.45	-29.03	1103.71	5552.17
18.45	-29.03	1102.77	5539.52
18.45	-29.03	1101.83	5522.18
18.45	-29.03	1100.9	5507.18
18.45	-29.03	1099.96	5489.46
18.45	-29.03	1099.02	5475.87
18.45	-29.03	1098.08	5458.17
18.45	-29.03	1097.14	5429.83
18.45	-29.03	1096.2	5409.55
18.45	-29.03	1095.26	5385.04
18.45	-29.03	1094.32	5360.21
18.45	-29.03	1093.38	5328.67
18.45	-29.03	1092.44	5302.22
18.45	-29.03	1091.49	5281.33
18.45	-29.03	1090.55	5255.45
18.45	-29.03	1089.61	5235.29
18.45	-29.03	1088.67	5212.57
18.45	-29.03	1087.73	5191.27
18.45	-29.03	1086.79	5171.54
18.45	-29.03	1085.85	5148.27
18.45	-29.03	1084.9	5130.2
18.45	-29.03	1083.96	5120.09
18.45	-29.03	1083.02	5093.79
18.45	-29.03	1082.08	5076.6
18.45	-29.03	1081.13	5063.19
18.45	-29.03	1080.19	5051.88
18.45	-29.03	1079.25	5035.64
18.45	-29.03	1078.31	5013.44
18.45	-29.03	1077.36	5006.27
18.45	-29.03	1076.42	4992.5
18.45	-29.03	1075.48	4979.07
18.45	-29.03	1074.53	4971.16
18.45	-29.03	1073.59	4961.07
18.45	-29.03	1072.64	4946.15
18.45	-29.03	1071.7	4930.59
18.45	-29.03	1070.75	4919.32
18.45	-29.03	1069.81	4912.45
18.45	-29.03	1068.86	4903.36
18.45	-29.03	1067.92	4888.86
18.45	-29.03	1066.97	4882.77
18.45	-29.03	1066.03	4876.99
18.45	-29.03	1065.08	4869.57
18.45	-29.03	1064.14	4866.39
18.45	-29.03	1063.19	4868.3
18.45	-29.03	1062.25	4875.8
18.45	-29.03	1061.3	4881.69
18.45	-29.03	1060.35	4875.66
18.45	-29.03	1059.41	4877.36
18.45	-29.03	1058.46	4881.68
18.45	-29.03	1057.51	4880.76
18.45	-29.03	1056.57	4879.21
18.45	-29.03	1055.62	4878.38
18.45	-29.03	1054.67	4883.11
18.45	-29.03	1053.72	4887.38
18.45	-29.03	1052.78	4900.37
18.45	-29.03	1051.83	4903.36
18.45	-29.03	1050.88	4914.73
18.45	-29.03	1049.93	4925.69
18.45	-29.03	1048.98	4946.96
18.45	-29.03	1048.03	4972.26
18.45	-29.03	1047.09	5015.29
18.45	-29.03	1046.14	5043.24
18.45	-29.03	1045.19	5075.4
18.45	-29.03	1044.24	5115.75
18.45	-29.03	1043.29	5157.47
18.45	-29.03	1042.34	5201.5
18.45	-29.03	1041.39	5251.83
18.45	-29.03	1040.44	5301.83
18.45	-29.03	1039.49	5351.77
18.45	-29.03	1038.54	5403.95
18.45	-29.03	1037.59	5455.11
18.45	-29.03	1036.64	5502.13
18.45	-29.03	1035.69	5552.97
18.45	-29.03	1034.74	5603.46
18.45	-29.03	1033.79	5644.9
18.45	-29.03	1032.83	5672.22
18.45	-29.03	1031.88	5696.37
18.45	-29.03	1030.93	5708.49
18.45	-29.03	1029.98	5712.27
18.45	-29.03	1029.03	5708.42
18.45	-29.03	1028.07	5704.8
18.45	-29.03	1027.12	5692.39
18.45	-29.03	1026.17	5662.94
18.45	-29.03	1025.22	5624.45
18.45	-29.03	1024.26	5586.56
18.45	-29.03	1023.31	5533.73
18.45	-29.03	1022.36	5483.92
18.45	-29.03	1021.4	5428.49
18.45	-29.03	1020.45	5371.54
18.45	-29.03	1019.5	5323.04
18.45	-29.03	1018.54	5268.19
18.45	-29.03	1017.59	5205.45
18.45	-29.03	1016.64	5152.31
18.45	-29.03	1015.68	5098.58
18.45	-29.03	1014.73	5047.83
18.45	-29.03	1013.77	5010.51
18.45	-29.03	1012.82	4976.53
18.45	-29.03	1011.86	4948.24
18.45	-29.03	1010.91	4921.24
18.45	-29.03	1009.95	4903.1
18.45	-29.03	1009.0	4879.33
18.45	-29.03	1008.04	4858.4
18.45	-29.03	1007.08	4849.21
18.45	-29.03	1006.13	4844.18
18.45	-29.03	1005.17	4833.59
18.45	-29.03	1004.22	4823.35
18.45	-29.03	1003.26	4811.47
18.45	-29.03	1002.3	4795.43
18.45	-29.03	1001.34	4791.81
18.45	-29.03	1000.39	4785.5
18.45	-29.03	999.431	4781.46
18.45	-29.03	998.4730000000001	4767.58
18.45	-29.03	997.515	4747.19
18.45	-29.03	996.558	4728.1
18.45	-29.03	995.6	4720.21
18.45	-29.03	994.6410000000001	4718.16
18.45	-29.03	993.683	4705.48
18.45	-29.03	992.725	4693.51
18.45	-29.03	991.7660000000001	4683.61
18.45	-29.03	990.807	4676.52
18.45	-29.03	989.8480000000001	4675.55
18.45	-29.03	988.8889999999999	4671.97
18.45	-29.03	987.93	4664.74
18.45	-29.03	986.97	4665.5
18.45	-29.03	986.01	4674.84
18.45	-29.03	985.05	4685.18
18.45	-29.03	984.09	4686.56
18.45	-29.03	983.13	4696.92
18.45	-29.03	982.17	4708.1
18.45	-29.03	981.209	4705.32
18.45	-29.03	980.248	4706.71
18.45	-29.03	979.288	4706.48
18.45	-29.03	978.326	4721.98
18.45	-29.03	977.365	4730.39
18.45	-29.03	976.404	4731.89
18.45	-29.03	975.442	4743.24
18.45	-29.03	974.48	4751.49
18.45	-29.03	973.518	4762.66
18.45	-29.03	972.556	4773.2
18.45	-29.03	971.5939999999999	4774.96
18.45	-29.03	970.632	4784.13
18.45	-29.03	969.669	4788.65
18.45	-29.03	968.706	4790.95
18.45	-29.03	967.743	4795.73
18.45	-29.03	966.78	4811.96
18.45	-29.03	965.817	4815.46
18.45	-29.03	964.8530000000001	4808.68
18.45	-29.03	963.8889999999999	4807.82
18.45	-29.03	962.926	4812.46
18.45	-29.03	961.961	4808.69
18.45	-29.03	960.997	4810.14
18.45	-29.03	960.033	4804.4
18.45	-29.03	959.068	4806.22
18.45	-29.03	958.1039999999999	4806.99
18.45	-29.03	957.1389999999999	4807.36
18.45	-29.03	956.174	4799.4
18.45	-29.03	955.2080000000001	4785.23
18.45	-29.03	954.243	4775.68
18.45	-29.03	953.2769999999999	4760.43
18.45	-29.03	952.312	4739.35
18.45	-29.03	951.346	4728.62
18.45	-29.03	950.38	4714.55
18.45	-29.03	949.413	4709.65
18.45	-29.03	948.447	4699.24
18.45	-29.03	947.48	4687.13
18.45	-29.03	946.513	4666.69
18.45	-29.03	945.546	4644.44
18.45	-29.03	944.579	4622.51
18.45	-29.03	943.612	4595.99
18.45	-29.03	942.6439999999999	4577.73
18.45	-29.03	941.677	4561.75
18.45	-29.03	940.709	4546.01
18.45	-29.03	939.7410000000001	4520.47
18.45	-29.03	938.773	4506.9
18.45	-29.03	937.804	4492.99
18.45	-29.03	936.836	4480.47
18.45	-29.03	935.867	4469.41
18.45	-29.03	934.898	4461.88
18.45	-29.03	933.929	4453.78
18.45	-29.03	932.96	4447.06
18.45	-29.03	931.99	4451.85
18.45	-29.03	931.0210000000001	4456.11
18.45	-29.03	930.051	4461.87
18.45	-29.03	929.081	4461.71
18.45	-29.03	928.1110000000001	4458.08
18.45	-29.03	927.1410000000001	4454.54
18.45	-29.03	926.17	4457.25
18.45	-29.03	925.199	4461.49
18.45	-29.03	924.2289999999999	4462.16
18.45	-29.03	923.258	4466.72
18.45	-29.03	922.2860000000001	4469.12
18.45	-29.03	921.315	4466.72
18.45	-29.03	920.3439999999999	4462.98
18.45	-29.03	919.372	4467.77
18.45	-29.03	918.4	4454.84
18.45	-29.03	917.428	4451.52
18.45	-29.03	916.456	4452.14
18.45	-29.03	915.4830000000001	4449.71
18.45	-29.03	914.5110000000001	4450.4
18.45	-29.03	913.538	4453.22
18.45	-29.03	912.565	4445.05
18.45	-29.03	911.592	4442.58
18.45	-29.03	910.6189999999999	4437.81
18.45	-29.03	909.645	4432.62
18.45	-29.03	908.671	4427.39
18.45	-29.03	907.698	4427.15
18.45	-29.03	906.7239999999999	4425.45
18.45	-29.03	905.75	4415.01
18.45	-29.03	904.775	4406.82
18.45	-29.03	903.801	4416.51
18.45	-29.03	902.826	4423.01
18.45	-29.03	901.8510000000001	4414.41
18.45	-29.03	900.8760000000001	4409.71
18.45	-29.03	899.9010000000001	4404.91
18.45	-29.03	898.925	4394.95
18.45	-29.03	897.95	4396.83
18.45	-29.03	896.9739999999999	4402.22
18.45	-29.03	895.998	4410.81
18.45	-29.03	895.0219999999999	4407.56
18.45	-29.03	894.046	4404.36
18.45	-29.03	893.069	4408.59
18.45	-29.03	892.0930000000001	4418.2
18.45	-29.03	891.1160000000001	4431.29
18.45	-29.03	890.1389999999999	4439.65
18.45	-29.03	889.1619999999999	4448.1
18.45	-29.03	888.184	4477.26
18.45	-29.03	887.207	4488.33
18.45	-29.03	886.2289999999999	4507.16
18.45	-29.03	885.2510000000001	4527.32
18.45	-29.03	884.273	4550.98
18.45	-29.03	883.295	4563.46
18.45	-29.03	882.317	4585.37
18.45	-29.03	881.3380000000001	4609.69
18.45	-29.03	880.3589999999999	4625.15
18.45	-29.03	879.38	4643.86
18.45	-29.03	878.4010000000001	4653.95
18.45	-29.03	877.422	4666.03
18.45	-29.03	876.442	4674.43
18.45	-29.03	875.4630000000001	4680.5
18.45	-29.03	874.4830000000001	4690.54
18.45	-29.03	873.503	4696.14
18.45	-29.03	872.523	4692.62
18.45	-29.03	871.5419999999999	4693.92
18.45	-29.03	870.562	4691.71
18.45	-29.03	869.581	4690.79
18.45	-29.03	868.6	4693.86
18.45	-29.03	867.6189999999999	4693.01
18.45	-29.03	866.638	4689.71
18.45	-29.03	865.6569999999999	4679.0
18.45	-29.03	864.675	4675.51
18.45	-29.03	863.693	4676.9
18.45	-29.03	862.711	4676.07
18.45	-29.03	861.7289999999999	4682.72
18.45	-29.03	860.747	4682.93
18.45	-29.03	859.7639999999999	4696.27
18.45	-29.03	858.7819999999999	4709.03
18.45	-29.03	857.799	4711.78
18.45	-29.03	856.816	4717.98
18.45	-29.03	855.8330000000001	4728.04
18.45	-29.03	854.8489999999999	4739.41
18.45	-29.03	853.8660000000001	4742.3
18.45	-29.03	852.882	4745.94
18.45	-29.03	851.898	4754.12
18.45	-29.03	850.914	4759.06
18.45	-29.03	849.93	4755.93
18.45	-29.03	848.945	4753.33
18.45	-29.03	847.961	4757.6
18.45	-29.03	846.9760000000001	4765.71
18.45	-29.03	845.9910000000001	4752.92
18.45	-29.03	845.0060000000001	4755.35
18.45	-29.03	844.02	4759.14
18.45	-29.03	843.035	4746.91
18.45	-29.03	842.049	4737.56
18.45	-29.03	841.063	4734.46
18.45	-29.03	840.077	4741.67
18.45	-29.03	839.091	4746.83
18.45	-29.03	838.1039999999999	4751.12
18.45	-29.03	837.118	4760.94
18.45	-29.03	836.1310000000001	4765.5
18.45	-29.03	835.1439999999999	4777.13
18.45	-29.03	834.1569999999999	4785.79
18.45	-29.03	833.17	4800.97
18.45	-29.03	832.182	4822.07
18.45	-29.03	831.195	4822.51
18.45	-29.03	830.207	4832.94
18.45	-29.03	829.2189999999999	4838.41
18.45	-29.03	828.23	4840.19
18.45	-29.03	827.242	4840.61
18.45	-29.03	826.253	4844.01
18.45	-29.03	825.265	4848.78
18.45	-29.03	824.2760000000001	4850.93
18.45	-29.03	823.2869999999999	4838.48
18.45	-29.03	822.297	4841.23
18.45	-29.03	821.308	4837.12
18.45	-29.03	820.318	4824.04
18.45	-29.03	819.328	4813.14
18.45	-29.03	818.3380000000001	4800.57
18.45	-29.03	817.3480000000001	4789.96
18.45	-29.03	816.3580000000001	4763.63
18.45	-29.03	815.367	4742.61
18.45	-29.03	814.377	4728.81
18.45	-29.03	813.3860000000001	4716.4
18.45	-29.03	812.395	4710.63
18.45	-29.03	811.403	4721.89
18.45	-29.03	810.4119999999999	4730.01
18.45	-29.03	809.42	4732.04
18.45	-29.03	808.428	4731.75
18.45	-29.03	807.436	4736.29
18.45	-29.03	806.444	4734.65
18.45	-29.03	805.452	4741.19
18.45	-29.03	804.459	4741.7
18.45	-29.03	803.467	4749.52
18.45	-29.03	802.4739999999999	4746.66
18.45	-29.03	801.4810000000001	4729.83
18.45	-29.03	800.487	4730.17
18.45	-29.03	799.4939999999999	4719.82
18.45	-29.03	798.5	4711.39
18.45	-29.03	797.507	4701.17
18.45	-29.03	796.513	4695.35
18.45	-29.03	795.518	4684.49
18.45	-29.03	794.5239999999999	4666.52
18.45	-29.03	793.529	4637.76
18.45	-29.03	792.535	4626.98
18.45	-29.03	791.54	4612.22
18.45	-29.03	790.545	4592.13
18.45	-29.03	789.55	4566.21
18.45	-29.03	788.554	4550.51
18.45	-29.03	787.559	4535.68
18.45	-29.03	786.563	4515.08
18.45	-29.03	785.567	4498.32
18.45	-29.03	784.571	4501.13
18.45	-29.03	783.574	4495.21
18.45	-29.03	782.578	4489.84
18.45	-29.03	781.581	4501.29
18.45	-29.03	780.584	4500.64
18.45	-29.03	779.587	4510.77
18.45	-29.03	778.59	4513.83
18.45	-29.03	777.592	4528.17
18.45	-29.03	776.595	4535.02
18.45	-29.03	775.597	4541.1
18.45	-29.03	774.5989999999999	4543.49
18.45	-29.03	773.6010000000001	4560.75
18.45	-29.03	772.602	4580.23
18.45	-29.03	771.6039999999999	4600.63
18.45	-29.03	770.605	4630.81
18.45	-29.03	769.6060000000001	4656.71
18.45	-29.03	768.607	4692.53
18.45	-29.03	767.6080000000001	4703.0
18.45	-29.03	766.6089999999999	4721.18
18.45	-29.03	765.6089999999999	4741.41
18.45	-29.03	764.6089999999999	4753.93
18.45	-29.03	763.6089999999999	4761.27
18.45	-29.03	762.6089999999999	4780.29
18.45	-29.03	761.6089999999999	4798.77
18.45	-29.03	760.6080000000001	4803.45
18.45	-29.03	759.607	4800.21
18.45	-29.03	758.607	4817.72
18.45	-29.03	757.605	4813.48
18.45	-29.03	756.6039999999999	4805.81
18.45	-29.03	755.6030000000001	4799.38
18.45	-29.03	754.6010000000001	4803.0
18.45	-29.03	753.5989999999999	4797.27
18.45	-29.03	752.597	4797.61
18.45	-29.03	751.595	4801.57
18.45	-29.03	750.5930000000001	4800.86
18.45	-29.03	749.59	4806.68
18.45	-29.03	748.587	4799.27
18.45	-29.03	747.585	4793.59
18.45	-29.03	746.581	4789.65
18.45	-29.03	745.578	4783.17
18.45	-29.03	744.575	4780.54
18.45	-29.03	743.571	4792.82
18.45	-29.03	742.567	4797.8
18.45	-29.03	741.563	4797.52
18.45	-29.03	740.559	4798.97
18.45	-29.03	739.555	4800.99
18.45	-29.03	738.55	4789.68
18.45	-29.03	737.545	4769.27
18.45	-29.03	736.54	4765.14
18.45	-29.03	735.535	4760.45
18.45	-29.03	734.53	4734.33
18.45	-29.03	733.525	4719.82
18.45	-29.03	732.5189999999999	4713.38
18.45	-29.03	731.513	4696.36
18.45	-29.03	730.507	4674.34
18.45	-29.03	729.5010000000001	4664.61
18.45	-29.03	728.4939999999999	4671.14
18.45	-29.03	727.488	4657.7
18.45	-29.03	726.4810000000001	4653.88
18.45	-29.03	725.4739999999999	4661.1
18.45	-29.03	724.467	4670.81
18.45	-29.03	723.46	4674.7
18.45	-29.03	722.452	4690.74
18.45	-29.03	721.444	4702.12
18.45	-29.03	720.436	4718.1
18.45	-29.03	719.428	4733.3
18.45	-29.03	718.42	4727.98
18.45	-29.03	717.4119999999999	4730.94
18.45	-29.03	716.403	4739.44
18.45	-29.03	715.3939999999999	4731.29
18.45	-29.03	714.385	4747.19
18.45	-29.03	713.3760000000001	4760.61
18.45	-29.03	712.367	4769.77
18.45	-29.03	711.357	4773.44
18.45	-29.03	710.347	4784.13
18.45	-29.03	709.3380000000001	4800.67
18.45	-29.03	708.327	4808.68
18.45	-29.03	707.317	4820.82
18.45	-29.03	706.307	4837.1
18.45	-29.03	705.296	4847.06
18.45	-29.03	704.285	4843.24
18.45	-29.03	703.2739999999999	4860.57
18.45	-29.03	702.263	4869.08
18.45	-29.03	701.252	4866.29
18.45	-29.03	700.24	4874.23
18.45	-29.03	699.2280000000001	4883.92
18.45	-29.03	698.216	4891.86
18.45	-29.03	697.204	4879.7
18.45	-29.03	696.192	4877.6
18.45	-29.03	695.179	4878.8
18.45	-29.03	694.1669999999999	4871.24
18.45	-29.03	693.154	4862.33
18.45	-29.03	692.1410000000001	4862.0
18.45	-29.03	691.127	4846.24
18.45	-29.03	690.1139999999999	4830.5
18.45	-29.03	689.1	4810.87
18.45	-29.03	688.086	4787.42
18.45	-29.03	687.072	4782.79
18.45	-29.03	686.058	4777.93
18.45	-29.03	685.044	4775.1
18.45	-29.03	684.029	4790.21
18.45	-29.03	683.015	4796.57
18.45	-29.03	682.0	4800.93
18.45	-29.03	680.985	4808.48
18.45	-29.03	679.9689999999999	4829.93
18.45	-29.03	678.954	4846.09
18.45	-29.03	677.938	4862.23
18.45	-29.03	676.922	4876.65
18.45	-29.03	675.9060000000001	4891.08
18.45	-29.03	674.89	4897.57
18.45	-29.03	673.8739999999999	4900.88
18.45	-29.03	672.857	4925.69
18.45	-29.03	671.84	4924.05
18.45	-29.03	670.823	4932.79
18.45	-29.03	669.806	4952.74
18.45	-29.03	668.789	4970.78
18.45	-29.03	667.7710000000001	4970.8
18.45	-29.03	666.753	4973.18
18.45	-29.03	665.735	4990.06
18.45	-29.03	664.717	4993.74
18.45	-29.03	663.699	4998.12
18.45	-29.03	662.68	5010.12
18.45	-29.03	661.6619999999999	5029.0
18.45	-29.03	660.643	5035.51
18.45	-29.03	659.6239999999999	5038.74
18.45	-29.03	658.605	5047.94
18.45	-29.03	657.585	5065.53
18.45	-29.03	656.566	5083.02
18.45	-29.03	655.546	5097.73
18.45	-29.03	654.526	5110.31
18.45	-29.03	653.506	5121.67
18.45	-29.03	652.485	5122.67
18.45	-29.03	651.465	5110.98
18.45	-29.03	650.444	5110.84
18.45	-29.03	649.423	5100.51
18.45	-29.03	648.4019999999999	5073.48
18.45	-29.03	647.381	5055.28
18.45	-29.03	646.359	5030.64
18.45	-29.03	645.3380000000001	5006.82
18.45	-29.03	644.316	4985.13
18.45	-29.03	643.294	4961.87
18.45	-29.03	642.271	4942.05
18.45	-29.03	641.249	4911.16
18.45	-29.03	640.226	4888.18
18.45	-29.03	639.2040000000001	4866.25
18.45	-29.03	638.181	4830.86
18.45	-29.03	637.1569999999999	4793.86
18.45	-29.03	636.134	4776.39
18.45	-29.03	635.11	4750.64
18.45	-29.03	634.087	4718.32
18.45	-29.03	633.063	4701.59
18.45	-29.03	632.039	4696.61
18.45	-29.03	631.014	4682.75
18.45	-29.03	629.99	4663.85
18.45	-29.03	628.965	4652.87
18.45	-29.03	627.94	4648.51
18.45	-29.03	626.915	4657.0
18.45	-29.03	625.89	4664.14
18.45	-29.03	624.864	4683.39
18.45	-29.03	623.839	4702.44
18.45	-29.03	622.813	4711.97
18.45	-29.03	621.7869999999999	4726.18
18.45	-29.03	620.761	4749.42
18.45	-29.03	619.734	4772.34
18.45	-29.03	618.7080000000001	4776.18
18.45	-29.03	617.681	4792.34
18.45	-29.03	616.654	4818.51
18.45	-29.03	615.627	4833.83
18.45	-29.03	614.599	4855.33
18.45	-29.03	613.572	4881.94
18.45	-29.03	612.544	4896.73
18.45	-29.03	611.516	4911.16
18.45	-29.03	610.488	4919.99
18.45	-29.03	609.46	4922.49
18.45	-29.03	608.431	4922.7
18.45	-29.03	607.403	4914.69
18.45	-29.03	606.374	4912.78
18.45	-29.03	605.345	4901.49
18.45	-29.03	604.316	4877.76
18.45	-29.03	603.286	4856.3
18.45	-29.03	602.257	4838.06
18.45	-29.03	601.227	4817.4
18.45	-29.03	600.197	4780.23
18.45	-29.03	599.1669999999999	4755.75
18.45	-29.03	598.136	4732.99
18.45	-29.03	597.106	4705.7
18.45	-29.03	596.075	4691.65
18.45	-29.03	595.044	4683.69
18.45	-29.03	594.013	4670.32
18.45	-29.03	592.981	4643.55
18.45	-29.03	591.95	4623.29
18.45	-29.03	590.918	4616.63
18.45	-29.03	589.886	4610.48
18.45	-29.03	588.854	4590.26
18.45	-29.03	587.822	4574.76
18.45	-29.03	586.789	4568.62
18.45	-29.03	585.757	4559.9
18.45	-29.03	584.724	4559.4
18.45	-29.03	583.691	4567.22
18.45	-29.03	582.6569999999999	4567.39
18.45	-29.03	581.624	4556.61
18.45	-29.03	580.59	4559.58
18.45	-29.03	579.557	4559.43
18.45	-29.03	578.523	4553.38
18.45	-29.03	577.488	4546.26
18.45	-29.03	576.4540000000001	4551.41
18.45	-29.03	575.419	4555.42
18.45	-29.03	574.385	4554.43
18.45	-29.03	573.35	4551.67
18.45	-29.03	572.314	4553.98
18.45	-29.03	571.279	4552.73
18.45	-29.03	570.244	4550.51
18.45	-29.03	569.2080000000001	4548.65
18.45	-29.03	568.172	4558.27
18.45	-29.03	567.136	4562.49
18.45	-29.03	566.099	4577.61
18.45	-29.03	565.063	4601.39
18.45	-29.03	564.026	4612.74
18.45	-29.03	562.989	4615.66
18.45	-29.03	561.952	4628.6
18.45	-29.03	560.915	4643.38
18.45	-29.03	559.877	4649.31
18.45	-29.03	558.84	4653.96
18.45	-29.03	557.802	4655.07
18.45	-29.03	556.764	4661.72
18.45	-29.03	555.726	4668.93
18.45	-29.03	554.687	4676.25
18.45	-29.03	553.649	4689.31
18.45	-29.03	552.61	4700.54
18.45	-29.03	551.571	4707.57
18.45	-29.03	550.5319999999999	4719.66
18.45	-29.03	549.492	4738.07
18.45	-29.03	548.453	4741.42
18.45	-29.03	547.413	4737.51
18.45	-29.03	546.373	4760.66
18.45	-29.03	545.3330000000001	4761.61
18.45	-29.03	544.2919999999999	4761.8
18.45	-29.03	543.252	4765.49
18.45	-29.03	542.211	4762.08
18.45	-29.03	541.17	4759.71
18.45	-29.03	540.129	4758.69
18.45	-29.03	539.0880000000001	4769.84
18.45	-29.03	538.0459999999999	4771.49
18.45	-29.03	537.004	4775.52
18.45	-29.03	535.962	4784.81
18.45	-29.03	534.92	4802.13
18.45	-29.03	533.878	4801.38
18.45	-29.03	532.836	4800.51
18.45	-29.03	531.793	4809.29
18.45	-29.03	530.75	4809.49
18.45	-29.03	529.707	4811.69
18.45	-29.03	528.664	4821.76
18.45	-29.03	527.62	4845.91
18.45	-29.03	526.577	4860.42
18.45	-29.03	525.533	4876.92
18.45	-29.03	524.489	4899.08
18.45	-29.03	523.445	4916.91
18.45	-29.03	522.4	4929.65
18.45	-29.03	521.355	4948.54
18.45	-29.03	520.311	4971.82
18.45	-29.03	519.266	4991.95
18.45	-29.03	518.22	5001.42
18.45	-29.03	517.175	5014.04
18.45	-29.03	516.129	5024.43
18.45	-29.03	515.0840000000001	5040.63
18.45	-29.03	514.038	5030.89
18.45	-29.03	512.992	5038.88
18.45	-29.03	511.945	5036.48
18.45	-29.03	510.899	5024.17
18.45	-29.03	509.852	5026.8
18.45	-29.03	508.805	5032.97
18.45	-29.03	507.75800000000004	5030.27
18.45	-29.03	506.71	5018.96
18.45	-29.03	505.663	5023.68
18.45	-29.03	504.615	5029.75
18.45	-29.03	503.56699999999995	5023.63
18.45	-29.03	502.519	5015.25
18.45	-29.03	501.471	5025.54
18.45	-29.03	500.42199999999997	5024.84
18.45	-29.03	499.374	5022.78
18.45	-29.03	498.325	5041.82
18.45	-29.03	497.276	5050.94
18.45	-29.03	496.226	5055.74
18.45	-29.03	495.17699999999996	5053.01
18.45	-29.03	494.12699999999995	5054.17
18.45	-29.03	493.077	5047.83
18.45	-29.03	492.027	5033.22
18.45	-29.03	490.977	5028.35
18.45	-29.03	489.926	5029.8
18.45	-29.03	488.876	5031.99
18.45	-29.03	487.825	5028.82
18.45	-29.03	486.774	5029.98
18.45	-29.03	485.723	5032.46
18.45	-29.03	484.671	5025.28
18.45	-29.03	483.619	5033.27
18.45	-29.03	482.56800000000004	5035.77
18.45	-29.03	481.51599999999996	5032.74
18.45	-29.03	480.463	5031.81
18.45	-29.03	479.411	5025.85
18.45	-29.03	478.358	5030.74
18.45	-29.03	477.305	5024.49
18.45	-29.03	476.25199999999995	5017.97
18.45	-29.03	475.199	5018.84
18.45	-29.03	474.14599999999996	5017.44
18.45	-29.03	473.092	5009.87
18.45	-29.03	472.038	5001.79
18.45	-29.03	470.98400000000004	4998.99
18.45	-29.03	469.93	5001.29
18.45	-29.03	468.876	4994.43
18.45	-29.03	467.82099999999997	5002.73
18.45	-29.03	466.76599999999996	5007.31
18.45	-29.03	465.711	5006.75
18.45	-29.03	464.656	5019.01
18.45	-29.03	463.601	5023.95
18.45	-29.03	462.545	5035.15
18.45	-29.03	461.49	5047.59
18.45	-29.03	460.434	5072.55
18.45	-29.03	459.37699999999995	5097.56
18.45	-29.03	458.32099999999997	5118.68
18.45	-29.03	457.264	5159.01
18.45	-29.03	456.208	5191.99
18.45	-29.03	455.151	5228.78
18.45	-29.03	454.094	5269.16
18.45	-29.03	453.036	5303.48
18.45	-29.03	451.97900000000004	5334.35
18.45	-29.03	450.921	5357.54
18.45	-29.03	449.86300000000006	5377.27
18.45	-29.03	448.805	5382.57
18.45	-29.03	447.74699999999996	5381.15
18.45	-29.03	446.68800000000005	5388.48
18.45	-29.03	445.629	5384.13
18.45	-29.03	444.57	5378.2
18.45	-29.03	443.51099999999997	5373.67
18.45	-29.03	442.452	5374.77
18.45	-29.03	441.392	5368.71
18.45	-29.03	440.333	5362.13
18.45	-29.03	439.273	5372.65
18.45	-29.03	438.213	5388.79
18.45	-29.03	437.152	5401.75
18.45	-29.03	436.092	5423.27
18.45	-29.03	435.031	5440.52
18.45	-29.03	433.97	5453.27
18.45	-29.03	432.909	5472.99
18.45	-29.03	431.848	5486.31
18.45	-29.03	430.786	5500.89
18.45	-29.03	429.724	5507.39
18.45	-29.03	428.663	5510.45
18.45	-29.03	427.6	5513.39
18.45	-29.03	426.538	5523.53
18.45	-29.03	425.476	5529.11
18.45	-29.03	424.413	5536.28
18.45	-29.03	423.35	5539.35
18.45	-29.03	422.287	5528.77
18.45	-29.03	421.224	5518.27
18.45	-29.03	420.16	5511.42
18.45	-29.03	419.096	5509.15
18.45	-29.03	418.033	5489.02
18.45	-29.03	416.968	5475.07
18.45	-29.03	415.904	5468.95
18.45	-29.03	414.84	5452.1
18.45	-29.03	413.775	5432.82
18.45	-29.03	412.71	5427.23
18.45	-29.03	411.645	5425.56
18.45	-29.03	410.58	5428.52
18.45	-29.03	409.514	5423.35
18.45	-29.03	408.44800000000004	5427.64
18.45	-29.03	407.38300000000004	5436.1
18.45	-29.03	406.316	5435.31
18.45	-29.03	405.25	5440.5
18.45	-29.03	404.184	5435.5
18.45	-29.03	403.11699999999996	5423.31
18.45	-29.03	402.05	5404.0
18.45	-29.03	400.983	5389.83
18.45	-29.03	399.916	5364.98
18.45	-29.03	398.848	5340.26
18.45	-29.03	397.781	5325.59
18.45	-29.03	396.713	5309.7
18.45	-29.03	395.645	5297.67
18.45	-29.03	394.57599999999996	5287.5
18.45	-29.03	393.50800000000004	5276.01
18.45	-29.03	392.439	5274.52
18.45	-29.03	391.37	5267.04
18.45	-29.03	390.301	5268.06
18.45	-29.03	389.23199999999997	5275.73
18.45	-29.03	388.162	5275.6
18.45	-29.03	387.093	5279.59
18.45	-29.03	386.023	5281.71
18.45	-29.03	384.95300000000003	5286.01
18.45	-29.03	383.88199999999995	5288.24
18.45	-29.03	382.81199999999995	5291.24
18.45	-29.03	381.741	5296.27
18.45	-29.03	380.67	5298.06
18.45	-29.03	379.599	5300.58
18.45	-29.03	378.528	5305.12
18.45	-29.03	377.45599999999996	5296.68
18.45	-29.03	376.384	5286.46
18.45	-29.03	375.31300000000005	5280.31
18.45	-29.03	374.24	5272.73
18.45	-29.03	373.168	5269.98
18.45	-29.03	372.096	5263.13
18.45	-29.03	371.023	5251.08
18.45	-29.03	369.95	5239.33
18.45	-29.03	368.87699999999995	5221.4
18.45	-29.03	367.80400000000003	5214.35
18.45	-29.03	366.73	5216.74
18.45	-29.03	365.656	5215.32
18.45	-29.03	364.582	5208.96
18.45	-29.03	363.50800000000004	5204.4
18.45	-29.03	362.434	5199.66
18.45	-29.03	361.35900000000004	5206.8
18.45	-29.03	360.285	5213.81
18.45	-29.03	359.21	5220.98
18.45	-29.03	358.135	5225.76
18.45	-29.03	357.059	5239.99
18.45	-29.03	355.98400000000004	5246.61
18.45	-29.03	354.908	5258.33
18.45	-29.03	353.832	5276.7
18.45	-29.03	352.756	5286.51
18.45	-29.03	351.67900000000003	5311.1
18.45	-29.03	350.603	5332.55
18.45	-29.03	349.526	5346.73
18.45	-29.03	348.449	5360.64
18.45	-29.03	347.37199999999996	5377.94
18.45	-29.03	346.295	5396.29
18.45	-29.03	345.217	5410.27
18.45	-29.03	344.139	5429.96
18.45	-29.03	343.061	5454.63
18.45	-29.03	341.983	5481.23
18.45	-29.03	340.905	5507.23
18.45	-29.03	339.82599999999996	5525.59
18.45	-29.03	338.74699999999996	5532.39
18.45	-29.03	337.668	5543.98
18.45	-29.03	336.589	5542.7
18.45	-29.03	335.51	5565.01
18.45	-29.03	334.43	5585.04
18.45	-29.03	333.35	5593.23
18.45	-29.03	332.27	5603.54
18.45	-29.03	331.19	5626.16
18.45	-29.03	330.11	5627.31
18.45	-29.03	329.029	5640.43
18.45	-29.03	327.94800000000004	5658.04
18.45	-29.03	326.867	5671.62
18.45	-29.03	325.786	5684.87
18.45	-29.03	324.705	5701.55
18.45	-29.03	323.623	5704.81
18.45	-29.03	322.541	5722.12
18.45	-29.03	321.459	5731.01
18.45	-29.03	320.377	5741.02
18.45	-29.03	319.29400000000004	5764.86
18.45	-29.03	318.212	5773.12
18.45	-29.03	317.129	5788.68
18.45	-29.03	316.046	5803.24
18.45	-29.03	314.962	5813.92
18.45	-29.03	313.879	5827.83
18.45	-29.03	312.795	5837.7
18.45	-29.03	311.711	5846.29
18.45	-29.03	310.627	5857.35
18.45	-29.03	309.543	5871.99
18.45	-29.03	308.45799999999997	5885.72
18.45	-29.03	307.374	5891.36
18.45	-29.03	306.289	5909.86
18.45	-29.03	305.204	5925.42
18.45	-29.03	304.118	5946.25
18.45	-29.03	303.033	5986.59
18.45	-29.03	301.947	6011.08
18.45	-29.03	300.861	6034.96
18.45	-29.03	299.775	6058.52
18.45	-29.03	298.689	6087.64
18.45	-29.03	297.60200000000003	6106.31
18.45	-29.03	296.515	6136.79
18.45	-29.03	295.428	6168.79
18.45	-29.03	294.341	6193.14
18.45	-29.03	293.254	6218.2
18.45	-29.03	292.166	6234.88
18.45	-29.03	291.079	6255.83
18.45	-29.03	289.991	6273.38
18.45	-29.03	288.902	6284.67
18.45	-29.03	287.814	6301.3
18.45	-29.03	286.725	6321.02
18.45	-29.03	285.637	6329.1
18.45	-29.03	284.547	6344.59
18.45	-29.03	283.45799999999997	6354.23
18.45	-29.03	282.369	6364.71
18.45	-29.03	281.279	6373.76
18.45	-29.03	280.189	6390.45
18.45	-29.03	279.099	6402.2
18.45	-29.03	278.009	6421.76
18.45	-29.03	276.91900000000004	6437.08
18.45	-29.03	275.828	6453.12
18.45	-29.03	274.737	6464.17
18.45	-29.03	273.64599999999996	6484.85
18.45	-29.03	272.555	6503.59
18.45	-29.03	271.46299999999997	6517.31
18.45	-29.03	270.371	6523.44
18.45	-29.03	269.28	6521.1
18.45	-29.03	268.187	6533.43
18.45	-29.03	267.095	6537.68
18.45	-29.03	266.003	6547.83
18.45	-29.03	264.91	6556.95
18.45	-29.03	263.817	6556.94
18.45	-29.03	262.724	6560.98
18.45	-29.03	261.63	6561.39
18.45	-29.03	260.53700000000003	6567.27
18.45	-29.03	259.443	6550.81
18.45	-29.03	258.349	6551.29
18.45	-29.03	257.255	6543.99
18.45	-29.03	256.16	6542.56
18.45	-29.03	255.06599999999997	6535.07
18.45	-29.03	253.97099999999998	6538.16
18.45	-29.03	252.87599999999998	6532.6
18.45	-29.03	251.78099999999998	6522.19
18.45	-29.03	250.685	6530.45
18.45	-29.03	249.59	6528.61
18.45	-29.03	248.49400000000003	6520.08
18.45	-29.03	247.398	6514.91
18.45	-29.03	246.30200000000002	6510.27
18.45	-29.03	245.205	6509.14
18.45	-29.03	244.108	6501.09
18.45	-29.03	243.012	6490.06
18.45	-29.03	241.91400000000002	6481.73
18.45	-29.03	240.817	6469.67
18.45	-29.03	239.72	6456.85
18.45	-29.03	238.622	6441.5
18.45	-29.03	237.524	6420.42
18.45	-29.03	236.426	6407.89
18.45	-29.03	235.328	6400.26
18.45	-29.03	234.229	6383.12
18.45	-29.03	233.13	6362.57
18.45	-29.03	232.03099999999998	6349.98
18.45	-29.03	230.93200000000002	6331.35
18.45	-29.03	229.833	6314.02
18.45	-29.03	228.733	6297.42
18.45	-29.03	227.63299999999998	6290.33
18.45	-29.03	226.533	6272.02
18.45	-29.03	225.433	6263.58
18.45	-29.03	224.333	6255.6
18.45	-29.03	223.232	6253.67
18.45	-29.03	222.13099999999997	6234.21
18.45	-29.03	221.03	6223.61
18.45	-29.03	219.929	6222.03
18.45	-29.03	218.827	6214.34
18.45	-29.03	217.726	6207.67
18.45	-29.03	216.62400000000002	6200.28
18.45	-29.03	215.52200000000002	6197.42
18.45	-29.03	214.419	6197.61
18.45	-29.03	213.317	6205.82
18.45	-29.03	212.21400000000003	6207.31
18.45	-29.03	211.111	6207.22
18.45	-29.03	210.00799999999998	6206.21
18.45	-29.03	208.905	6214.18
18.45	-29.03	207.801	6218.11
18.45	-29.03	206.697	6221.48
18.45	-29.03	205.593	6229.68
18.45	-29.03	204.489	6228.02
18.45	-29.03	203.385	6232.76
18.45	-29.03	202.28	6232.33
18.45	-29.03	201.175	6234.57
18.45	-29.03	200.07	6232.26
