27.6	-26.18	1999.92	2140.52
27.6	-26.18	1999.14	2144.46
27.6	-26.18	1998.35	2144.84
27.6	-26.18	1997.57	2146.96
27.6	-26.18	1996.78	2152.9
27.6	-26.18	1996.0	2163.55
27.6	-26.18	1995.21	2171.12
27.6	-26.18	1994.42	2182.93
27.6	-26.18	1993.64	2192.04
27.6	-26.18	1992.85	2197.43
27.6	-26.18	1992.07	2207.04
27.6	-26.18	1991.28	2209.8
27.6	-26.18	1990.5	2214.13
27.6	-26.18	1989.71	2221.78
27.6	-26.18	1988.92	2223.23
27.6	-26.18	1988.14	2227.41
27.6	-26.18	1987.35	2224.69
27.6	-26.18	1986.56	2226.99
27.6	-26.18	1985.78	2225.34
27.6	-26.18	1984.99	2223.76
27.6	-26.18	1984.2	2221.62
27.6	-26.18	1983.42	2221.72
27.6	-26.18	1982.63	2215.06
27.6	-26.18	1981.84	2210.39
27.6	-26.18	1981.05	2216.54
27.6	-26.18	1980.27	2215.84
27.6	-26.18	1979.48	2213.01
27.6	-26.18	1978.69	2210.71
27.6	-26.18	1977.9	2211.56
27.6	-26.18	1977.11	2213.77
27.6	-26.18	1976.33	2212.51
27.6	-26.18	1975.54	2210.71
27.6	-26.18	1974.75	2217.16
27.6	-26.18	1973.96	2222.56
27.6	-26.18	1973.17	2229.95
27.6	-26.18	1972.38	2236.06
27.6	-26.18	1971.59	2238.89
27.6	-26.18	1970.8	2249.03
27.6	-26.18	1970.01	2253.63
27.6	-26.18	1969.22	2256.27
27.6	-26.18	1968.43	2258.76
27.6	-26.18	1967.64	2262.63
27.6	-26.18	1966.85	2268.41
27.6	-26.18	1966.06	2276.44
27.6	-26.18	1965.27	2275.33
27.6	-26.18	1964.48	2281.52
27.6	-26.18	1963.69	2285.24
27.6	-26.18	1962.9	2292.78
27.6	-26.18	1962.11	2287.55
27.6	-26.18	1961.32	2287.53
27.6	-26.18	1960.53	2291.77
27.6	-26.18	1959.74	2293.95
27.6	-26.18	1958.95	2295.89
27.6	-26.18	1958.16	2299.15
27.6	-26.18	1957.37	2302.54
27.6	-26.18	1956.57	2299.27
27.6	-26.18	1955.78	2297.17
27.6	-26.18	1954.99	2302.21
27.6	-26.18	1954.2	2305.04
27.6	-26.18	1953.41	2312.58
27.6	-26.18	1952.61	2312.27
27.6	-26.18	1951.82	2317.74
27.6	-26.18	1951.03	2315.03
27.6	-26.18	1950.24	2307.04
27.6	-26.18	1949.44	2307.27
27.6	-26.18	1948.65	2313.57
27.6	-26.18	1947.86	2314.57
27.6	-26.18	1947.06	2313.38
27.6	-26.18	1946.27	2320.88
27.6	-26.18	1945.48	2318.68
27.6	-26.18	1944.68	2322.45
27.6	-26.18	1943.89	2326.63
27.6	-26.18	1943.1	2329.97
27.6	-26.18	1942.3	2332.27
27.6	-26.18	1941.51	2333.95
27.6	-26.18	1940.71	2341.82
27.6	-26.18	1939.92	2348.22
27.6	-26.18	1939.12	2351.22
27.6	-26.18	1938.33	2346.75
27.6	-26.18	1937.53	2355.35
27.6	-26.18	1936.74	2357.95
27.6	-26.18	1935.94	2359.08
27.6	-26.18	1935.15	2362.04
27.6	-26.18	1934.35	2359.14
27.6	-26.18	1933.56	2360.0
27.6	-26.18	1932.76	2356.63
27.6	-26.18	1931.97	2354.94
27.6	-26.18	1931.17	2355.56
27.6	-26.18	1930.37	2353.45
27.6	-26.18	1929.58	2355.52
27.6	-26.18	1928.78	2348.87
27.6	-26.18	1927.99	2345.52
27.6	-26.18	1927.19	2335.9
27.6	-26.18	1926.39	2340.16
27.6	-26.18	1925.6	2344.69
27.6	-26.18	1924.8	2345.08
27.6	-26.18	1924.0	2345.04
27.6	-26.18	1923.2	2344.19
27.6	-26.18	1922.41	2346.68
27.6	-26.18	1921.61	2342.4
27.6	-26.18	1920.81	2341.32
27.6	-26.18	1920.01	2338.67
27.6	-26.18	1919.22	2347.03
27.6	-26.18	1918.42	2346.36
27.6	-26.18	1917.62	2355.69
27.6	-26.18	1916.82	2366.64
27.6	-26.18	1916.02	2363.74
27.6	-26.18	1915.22	2370.73
27.6	-26.18	1914.43	2379.22
27.6	-26.18	1913.63	2383.73
27.6	-26.18	1912.83	2383.36
27.6	-26.18	1912.03	2390.51
27.6	-26.18	1911.23	2394.64
27.6	-26.18	1910.43	2399.65
27.6	-26.18	1909.63	2403.99
27.6	-26.18	1908.83	2405.68
27.6	-26.18	1908.03	2408.37
27.6	-26.18	1907.23	2418.49
27.6	-26.18	1906.43	2422.65
27.6	-26.18	1905.63	2432.64
27.6	-26.18	1904.83	2436.88
27.6	-26.18	1904.03	2442.7
27.6	-26.18	1903.23	2444.39
27.6	-26.18	1902.43	2452.23
27.6	-26.18	1901.63	2452.23
27.6	-26.18	1900.83	2456.35
27.6	-26.18	1900.03	2454.67
27.6	-26.18	1899.23	2448.78
27.6	-26.18	1898.42	2445.46
27.6	-26.18	1897.62	2451.71
27.6	-26.18	1896.82	2451.91
27.6	-26.18	1896.02	2451.83
27.6	-26.18	1895.22	2452.99
27.6	-26.18	1894.41	2447.99
27.6	-26.18	1893.61	2451.61
27.6	-26.18	1892.81	2450.77
27.6	-26.18	1892.01	2447.69
27.6	-26.18	1891.21	2454.0
27.6	-26.18	1890.4	2448.12
27.6	-26.18	1889.6	2440.6
27.6	-26.18	1888.8	2440.84
27.6	-26.18	1887.99	2447.0
27.6	-26.18	1887.19	2445.61
27.6	-26.18	1886.39	2444.45
27.6	-26.18	1885.58	2446.56
27.6	-26.18	1884.78	2451.26
27.6	-26.18	1883.98	2455.26
27.6	-26.18	1883.17	2462.24
27.6	-26.18	1882.37	2463.0
27.6	-26.18	1881.56	2466.65
27.6	-26.18	1880.76	2462.7
27.6	-26.18	1879.95	2461.52
27.6	-26.18	1879.15	2457.5
27.6	-26.18	1878.35	2463.57
27.6	-26.18	1877.54	2463.49
27.6	-26.18	1876.74	2467.3
27.6	-26.18	1875.93	2466.94
27.6	-26.18	1875.13	2480.45
27.6	-26.18	1874.32	2485.81
27.6	-26.18	1873.51	2498.17
27.6	-26.18	1872.71	2495.11
27.6	-26.18	1871.9	2503.36
27.6	-26.18	1871.1	2509.75
27.6	-26.18	1870.29	2516.93
27.6	-26.18	1869.48	2527.95
27.6	-26.18	1868.68	2531.53
27.6	-26.18	1867.87	2536.71
27.6	-26.18	1867.06	2540.29
27.6	-26.18	1866.26	2545.21
27.6	-26.18	1865.45	2554.83
27.6	-26.18	1864.64	2558.33
27.6	-26.18	1863.84	2567.07
27.6	-26.18	1863.03	2573.03
27.6	-26.18	1862.22	2578.2
27.6	-26.18	1861.41	2575.14
27.6	-26.18	1860.61	2581.07
27.6	-26.18	1859.8	2580.81
27.6	-26.18	1858.99	2578.41
27.6	-26.18	1858.18	2578.84
27.6	-26.18	1857.37	2575.57
27.6	-26.18	1856.57	2572.89
27.6	-26.18	1855.76	2573.8
27.6	-26.18	1854.95	2577.79
27.6	-26.18	1854.14	2571.27
27.6	-26.18	1853.33	2576.09
27.6	-26.18	1852.52	2583.58
27.6	-26.18	1851.71	2589.23
27.6	-26.18	1850.9	2595.89
27.6	-26.18	1850.09	2596.56
27.6	-26.18	1849.28	2601.55
27.6	-26.18	1848.47	2605.18
27.6	-26.18	1847.66	2617.97
27.6	-26.18	1846.85	2612.28
27.6	-26.18	1846.04	2617.72
27.6	-26.18	1845.23	2625.39
27.6	-26.18	1844.42	2630.39
27.6	-26.18	1843.61	2633.98
27.6	-26.18	1842.8	2641.54
27.6	-26.18	1841.99	2644.89
27.6	-26.18	1841.18	2648.88
27.6	-26.18	1840.37	2651.81
27.6	-26.18	1839.56	2660.21
27.6	-26.18	1838.75	2659.26
27.6	-26.18	1837.94	2652.25
27.6	-26.18	1837.12	2651.62
27.6	-26.18	1836.31	2661.13
27.6	-26.18	1835.5	2662.48
27.6	-26.18	1834.69	2663.47
27.6	-26.18	1833.88	2664.65
27.6	-26.18	1833.06	2662.86
27.6	-26.18	1832.25	2666.39
27.6	-26.18	1831.44	2668.09
27.6	-26.18	1830.63	2670.98
27.6	-26.18	1829.81	2671.91
27.6	-26.18	1829.0	2687.79
27.6	-26.18	1828.19	2694.29
27.6	-26.18	1827.37	2691.13
27.6	-26.18	1826.56	2696.13
27.6	-26.18	1825.75	2699.61
27.6	-26.18	1824.93	2703.87
27.6	-26.18	1824.12	2705.26
27.6	-26.18	1823.3	2703.31
27.6	-26.18	1822.49	2700.46
27.6	-26.18	1821.68	2709.52
27.6	-26.18	1820.86	2714.13
27.6	-26.18	1820.05	2721.6
27.6	-26.18	1819.23	2729.46
27.6	-26.18	1818.42	2737.62
27.6	-26.18	1817.6	2741.17
27.6	-26.18	1816.79	2741.37
27.6	-26.18	1815.97	2746.24
27.6	-26.18	1815.16	2752.51
27.6	-26.18	1814.34	2749.64
27.6	-26.18	1813.53	2752.42
27.6	-26.18	1812.71	2751.58
27.6	-26.18	1811.89	2750.93
27.6	-26.18	1811.08	2753.49
27.6	-26.18	1810.26	2749.37
27.6	-26.18	1809.45	2746.2
27.6	-26.18	1808.63	2751.11
27.6	-26.18	1807.81	2754.4
27.6	-26.18	1807.0	2753.58
27.6	-26.18	1806.18	2761.64
27.6	-26.18	1805.36	2763.17
27.6	-26.18	1804.54	2766.01
27.6	-26.18	1803.73	2769.96
27.6	-26.18	1802.91	2763.66
27.6	-26.18	1802.09	2771.35
27.6	-26.18	1801.27	2775.87
27.6	-26.18	1800.46	2778.19
27.6	-26.18	1799.64	2775.31
27.6	-26.18	1798.82	2777.29
27.6	-26.18	1798.0	2779.44
27.6	-26.18	1797.18	2794.52
27.6	-26.18	1796.37	2802.28
27.6	-26.18	1795.55	2819.25
27.6	-26.18	1794.73	2818.54
27.6	-26.18	1793.91	2817.75
27.6	-26.18	1793.09	2825.95
27.6	-26.18	1792.27	2831.18
27.6	-26.18	1791.45	2841.73
27.6	-26.18	1790.63	2846.95
27.6	-26.18	1789.81	2848.31
27.6	-26.18	1788.99	2853.53
27.6	-26.18	1788.17	2855.35
27.6	-26.18	1787.35	2858.17
27.6	-26.18	1786.53	2864.22
27.6	-26.18	1785.71	2871.11
27.6	-26.18	1784.89	2878.37
27.6	-26.18	1784.07	2883.77
27.6	-26.18	1783.25	2884.79
27.6	-26.18	1782.43	2887.81
27.6	-26.18	1781.61	2901.53
27.6	-26.18	1780.79	2905.71
27.6	-26.18	1779.97	2914.47
27.6	-26.18	1779.14	2919.94
27.6	-26.18	1778.32	2921.19
27.6	-26.18	1777.5	2926.52
27.6	-26.18	1776.68	2932.41
27.6	-26.18	1775.86	2924.59
27.6	-26.18	1775.03	2925.85
27.6	-26.18	1774.21	2932.98
27.6	-26.18	1773.39	2935.71
27.6	-26.18	1772.57	2943.17
27.6	-26.18	1771.74	2940.99
27.6	-26.18	1770.92	2945.87
27.6	-26.18	1770.1	2940.8
27.6	-26.18	1769.28	2944.83
27.6	-26.18	1768.45	2953.64
27.6	-26.18	1767.63	2959.77
27.6	-26.18	1766.81	2967.23
27.6	-26.18	1765.98	2975.24
27.6	-26.18	1765.16	2983.35
27.6	-26.18	1764.33	2997.17
27.6	-26.18	1763.51	3010.95
27.6	-26.18	1762.69	3020.13
27.6	-26.18	1761.86	3032.96
27.6	-26.18	1761.04	3044.17
27.6	-26.18	1760.21	3050.51
27.6	-26.18	1759.39	3066.49
27.6	-26.18	1758.56	3075.0
27.6	-26.18	1757.74	3087.59
27.6	-26.18	1756.91	3102.68
27.6	-26.18	1756.09	3110.75
27.6	-26.18	1755.26	3120.19
27.6	-26.18	1754.44	3129.97
27.6	-26.18	1753.61	3129.24
27.6	-26.18	1752.78	3137.32
27.6	-26.18	1751.96	3142.4
27.6	-26.18	1751.13	3144.37
27.6	-26.18	1750.31	3160.18
27.6	-26.18	1749.48	3157.86
27.6	-26.18	1748.65	3160.88
27.6	-26.18	1747.83	3166.24
27.6	-26.18	1747.0	3172.54
27.6	-26.18	1746.17	3171.01
27.6	-26.18	1745.34	3165.86
27.6	-26.18	1744.52	3171.66
27.6	-26.18	1743.69	3181.05
27.6	-26.18	1742.86	3185.14
27.6	-26.18	1742.03	3189.41
27.6	-26.18	1741.21	3196.17
27.6	-26.18	1740.38	3205.81
27.6	-26.18	1739.55	3217.51
27.6	-26.18	1738.72	3216.58
27.6	-26.18	1737.89	3218.1
27.6	-26.18	1737.07	3222.39
27.6	-26.18	1736.24	3230.04
27.6	-26.18	1735.41	3230.44
27.6	-26.18	1734.58	3239.85
27.6	-26.18	1733.75	3237.78
27.6	-26.18	1732.92	3245.21
27.6	-26.18	1732.09	3254.34
27.6	-26.18	1731.26	3250.75
27.6	-26.18	1730.43	3255.97
27.6	-26.18	1729.6	3264.1
27.6	-26.18	1728.77	3269.26
27.6	-26.18	1727.94	3283.1
27.6	-26.18	1727.11	3285.16
27.6	-26.18	1726.28	3287.3
27.6	-26.18	1725.45	3297.87
27.6	-26.18	1724.62	3292.77
27.6	-26.18	1723.79	3297.79
27.6	-26.18	1722.96	3300.21
27.6	-26.18	1722.13	3305.15
27.6	-26.18	1721.3	3309.05
27.6	-26.18	1720.46	3314.91
27.6	-26.18	1719.63	3323.86
27.6	-26.18	1718.8	3325.24
27.6	-26.18	1717.97	3326.49
27.6	-26.18	1717.14	3329.55
27.6	-26.18	1716.3	3330.43
27.6	-26.18	1715.47	3332.1
27.6	-26.18	1714.64	3333.27
27.6	-26.18	1713.81	3331.61
27.6	-26.18	1712.97	3333.6
27.6	-26.18	1712.14	3330.49
27.6	-26.18	1711.31	3329.34
27.6	-26.18	1710.48	3328.21
27.6	-26.18	1709.64	3338.53
27.6	-26.18	1708.81	3341.99
27.6	-26.18	1707.98	3341.41
27.6	-26.18	1707.14	3351.75
27.6	-26.18	1706.31	3352.8
27.6	-26.18	1705.47	3364.72
27.6	-26.18	1704.64	3377.56
27.6	-26.18	1703.81	3386.38
27.6	-26.18	1702.97	3392.65
27.6	-26.18	1702.14	3395.44
27.6	-26.18	1701.3	3400.02
27.6	-26.18	1700.47	3402.96
27.6	-26.18	1699.63	3406.15
27.6	-26.18	1698.8	3413.77
27.6	-26.18	1697.96	3420.7
27.6	-26.18	1697.13	3430.06
27.6	-26.18	1696.29	3437.99
27.6	-26.18	1695.46	3449.23
27.6	-26.18	1694.62	3454.28
27.6	-26.18	1693.78	3465.61
27.6	-26.18	1692.95	3471.17
27.6	-26.18	1692.11	3480.78
27.6	-26.18	1691.28	3489.02
27.6	-26.18	1690.44	3495.35
27.6	-26.18	1689.6	3501.0
27.6	-26.18	1688.77	3514.34
27.6	-26.18	1687.93	3527.96
27.6	-26.18	1687.09	3544.44
27.6	-26.18	1686.25	3557.83
27.6	-26.18	1685.42	3576.37
27.6	-26.18	1684.58	3594.23
27.6	-26.18	1683.74	3607.96
27.6	-26.18	1682.9	3621.21
27.6	-26.18	1682.07	3645.74
27.6	-26.18	1681.23	3663.94
27.6	-26.18	1680.39	3686.59
27.6	-26.18	1679.55	3706.57
27.6	-26.18	1678.71	3717.56
27.6	-26.18	1677.87	3727.29
27.6	-26.18	1677.04	3742.41
27.6	-26.18	1676.2	3751.19
27.6	-26.18	1675.36	3759.86
27.6	-26.18	1674.52	3779.28
27.6	-26.18	1673.68	3784.37
27.6	-26.18	1672.84	3794.71
27.6	-26.18	1672.0	3810.72
27.6	-26.18	1671.16	3825.19
27.6	-26.18	1670.32	3839.42
27.6	-26.18	1669.48	3847.23
27.6	-26.18	1668.64	3862.86
27.6	-26.18	1667.8	3872.66
27.6	-26.18	1666.96	3886.88
27.6	-26.18	1666.12	3906.92
27.6	-26.18	1665.28	3919.75
27.6	-26.18	1664.44	3942.86
27.6	-26.18	1663.6	3961.85
27.6	-26.18	1662.75	3977.68
27.6	-26.18	1661.91	3991.59
27.6	-26.18	1661.07	4009.01
27.6	-26.18	1660.23	4031.48
27.6	-26.18	1659.39	4056.47
27.6	-26.18	1658.55	4083.5
27.6	-26.18	1657.7	4112.64
27.6	-26.18	1656.86	4139.96
27.6	-26.18	1656.02	4163.32
27.6	-26.18	1655.18	4181.91
27.6	-26.18	1654.33	4202.66
27.6	-26.18	1653.49	4227.45
27.6	-26.18	1652.65	4256.81
27.6	-26.18	1651.81	4279.07
27.6	-26.18	1650.96	4301.2
27.6	-26.18	1650.12	4328.28
27.6	-26.18	1649.28	4348.77
27.6	-26.18	1648.43	4370.25
27.6	-26.18	1647.59	4402.2
27.6	-26.18	1646.74	4428.96
27.6	-26.18	1645.9	4455.64
27.6	-26.18	1645.06	4487.7
27.6	-26.18	1644.21	4511.13
27.6	-26.18	1643.37	4548.08
27.6	-26.18	1642.52	4586.8
27.6	-26.18	1641.68	4613.62
27.6	-26.18	1640.83	4657.39
27.6	-26.18	1639.99	4692.76
27.6	-26.18	1639.14	4734.83
27.6	-26.18	1638.3	4763.32
27.6	-26.18	1637.45	4804.62
27.6	-26.18	1636.61	4854.18
27.6	-26.18	1635.76	4912.64
27.6	-26.18	1634.91	4964.06
27.6	-26.18	1634.07	5012.76
27.6	-26.18	1633.22	5067.28
27.6	-26.18	1632.38	5117.21
27.6	-26.18	1631.53	5161.74
27.6	-26.18	1630.68	5207.63
27.6	-26.18	1629.84	5256.38
27.6	-26.18	1628.99	5314.18
27.6	-26.18	1628.14	5356.79
27.6	-26.18	1627.29	5400.05
27.6	-26.18	1626.45	5440.67
27.6	-26.18	1625.6	5496.4
27.6	-26.18	1624.75	5537.1
27.6	-26.18	1623.9	5558.63
27.6	-26.18	1623.06	5597.39
27.6	-26.18	1622.21	5631.09
27.6	-26.18	1621.36	5659.5
27.6	-26.18	1620.51	5692.84
27.6	-26.18	1619.66	5718.11
27.6	-26.18	1618.81	5741.37
27.6	-26.18	1617.96	5781.14
27.6	-26.18	1617.12	5802.53
27.6	-26.18	1616.27	5814.59
27.6	-26.18	1615.42	5839.17
27.6	-26.18	1614.57	5850.08
27.6	-26.18	1613.72	5864.74
27.6	-26.18	1612.87	5878.34
27.6	-26.18	1612.02	5902.3
27.6	-26.18	1611.17	5919.33
27.6	-26.18	1610.32	5932.95
27.6	-26.18	1609.47	5953.66
27.6	-26.18	1608.62	5962.42
27.6	-26.18	1607.77	5974.49
27.6	-26.18	1606.92	5980.28
27.6	-26.18	1606.06	5994.15
27.6	-26.18	1605.21	6005.24
27.6	-26.18	1604.36	6022.87
27.6	-26.18	1603.51	6035.03
27.6	-26.18	1602.66	6051.28
27.6	-26.18	1601.81	6073.0
27.6	-26.18	1600.96	6089.46
27.6	-26.18	1600.1	6102.93
27.6	-26.18	1599.25	6110.83
27.6	-26.18	1598.4	6119.55
27.6	-26.18	1597.55	6144.86
27.6	-26.18	1596.69	6147.66
27.6	-26.18	1595.84	6161.13
27.6	-26.18	1594.99	6180.04
27.6	-26.18	1594.14	6187.28
27.6	-26.18	1593.28	6189.73
27.6	-26.18	1592.43	6195.07
27.6	-26.18	1591.58	6196.37
27.6	-26.18	1590.72	6211.03
27.6	-26.18	1589.87	6226.33
27.6	-26.18	1589.02	6238.71
27.6	-26.18	1588.16	6262.24
27.6	-26.18	1587.31	6283.11
27.6	-26.18	1586.45	6304.23
27.6	-26.18	1585.6	6319.45
27.6	-26.18	1584.74	6353.98
27.6	-26.18	1583.89	6392.42
27.6	-26.18	1583.03	6403.54
27.6	-26.18	1582.18	6421.41
27.6	-26.18	1581.32	6466.69
27.6	-26.18	1580.47	6504.99
27.6	-26.18	1579.61	6538.95
27.6	-26.18	1578.76	6572.19
27.6	-26.18	1577.9	6601.69
27.6	-26.18	1577.05	6643.42
27.6	-26.18	1576.19	6667.39
27.6	-26.18	1575.33	6691.12
27.6	-26.18	1574.48	6710.17
27.6	-26.18	1573.62	6732.38
27.6	-26.18	1572.76	6744.33
27.6	-26.18	1571.91	6749.56
27.6	-26.18	1571.05	6739.92
27.6	-26.18	1570.19	6737.43
27.6	-26.18	1569.34	6740.46
27.6	-26.18	1568.48	6723.91
27.6	-26.18	1567.62	6712.03
27.6	-26.18	1566.76	6702.02
27.6	-26.18	1565.91	6697.59
27.6	-26.18	1565.05	6685.51
27.6	-26.18	1564.19	6667.06
27.6	-26.18	1563.33	6644.91
27.6	-26.18	1562.47	6631.67
27.6	-26.18	1561.62	6627.84
27.6	-26.18	1560.76	6607.32
27.6	-26.18	1559.9	6589.91
27.6	-26.18	1559.04	6581.82
27.6	-26.18	1558.18	6573.63
27.6	-26.18	1557.32	6552.5
27.6	-26.18	1556.46	6547.23
27.6	-26.18	1555.6	6545.64
27.6	-26.18	1554.74	6534.71
27.6	-26.18	1553.88	6524.94
27.6	-26.18	1553.02	6518.4
27.6	-26.18	1552.16	6514.81
27.6	-26.18	1551.3	6519.61
27.6	-26.18	1550.44	6518.37
27.6	-26.18	1549.58	6517.22
27.6	-26.18	1548.72	6497.72
27.6	-26.18	1547.86	6485.8
27.6	-26.18	1547.0	6481.94
27.6	-26.18	1546.14	6462.54
27.6	-26.18	1545.28	6448.79
27.6	-26.18	1544.41	6432.24
27.6	-26.18	1543.55	6433.38
27.6	-26.18	1542.69	6419.08
27.6	-26.18	1541.83	6409.68
27.6	-26.18	1540.97	6397.44
27.6	-26.18	1540.1	6392.57
27.6	-26.18	1539.24	6385.2
27.6	-26.18	1538.38	6384.02
27.6	-26.18	1537.52	6366.73
27.6	-26.18	1536.65	6353.94
27.6	-26.18	1535.79	6364.18
27.6	-26.18	1534.93	6358.28
27.6	-26.18	1534.06	6355.55
27.6	-26.18	1533.2	6356.39
27.6	-26.18	1532.34	6370.26
27.6	-26.18	1531.47	6380.03
27.6	-26.18	1530.61	6399.74
27.6	-26.18	1529.75	6409.23
27.6	-26.18	1528.88	6441.75
27.6	-26.18	1528.02	6475.92
27.6	-26.18	1527.15	6503.76
27.6	-26.18	1526.29	6524.57
27.6	-26.18	1525.42	6545.13
27.6	-26.18	1524.56	6567.89
27.6	-26.18	1523.69	6577.6
27.6	-26.18	1522.83	6583.23
27.6	-26.18	1521.96	6598.09
27.6	-26.18	1521.1	6619.23
27.6	-26.18	1520.23	6624.45
27.6	-26.18	1519.37	6627.85
27.6	-26.18	1518.5	6624.0
27.6	-26.18	1517.63	6631.28
27.6	-26.18	1516.77	6627.93
27.6	-26.18	1515.9	6622.74
27.6	-26.18	1515.03	6625.03
27.6	-26.18	1514.17	6615.76
27.6	-26.18	1513.3	6607.71
27.6	-26.18	1512.43	6592.69
27.6	-26.18	1511.57	6572.56
27.6	-26.18	1510.7	6570.76
27.6	-26.18	1509.83	6577.19
27.6	-26.18	1508.96	6559.17
27.6	-26.18	1508.1	6546.34
27.6	-26.18	1507.23	6548.31
27.6	-26.18	1506.36	6552.56
27.6	-26.18	1505.49	6550.41
27.6	-26.18	1504.62	6547.8
27.6	-26.18	1503.76	6534.43
27.6	-26.18	1502.89	6547.58
27.6	-26.18	1502.02	6553.56
27.6	-26.18	1501.15	6539.62
27.6	-26.18	1500.28	6534.46
27.6	-26.18	1499.41	6528.0
27.6	-26.18	1498.54	6531.28
27.6	-26.18	1497.67	6526.09
27.6	-26.18	1496.8	6527.35
27.6	-26.18	1495.93	6534.31
27.6	-26.18	1495.06	6544.96
27.6	-26.18	1494.19	6538.88
27.6	-26.18	1493.32	6525.57
27.6	-26.18	1492.45	6528.2
27.6	-26.18	1491.58	6528.02
27.6	-26.18	1490.71	6531.17
27.6	-26.18	1489.84	6531.38
27.6	-26.18	1488.97	6525.92
27.6	-26.18	1488.1	6517.59
27.6	-26.18	1487.23	6504.74
27.6	-26.18	1486.35	6495.48
27.6	-26.18	1485.48	6474.18
27.6	-26.18	1484.61	6466.84
27.6	-26.18	1483.74	6454.75
27.6	-26.18	1482.87	6435.05
27.6	-26.18	1481.99	6416.01
27.6	-26.18	1481.12	6400.82
27.6	-26.18	1480.25	6377.62
27.6	-26.18	1479.38	6354.34
27.6	-26.18	1478.5	6322.93
27.6	-26.18	1477.63	6293.07
27.6	-26.18	1476.76	6278.68
27.6	-26.18	1475.88	6248.38
27.6	-26.18	1475.01	6221.66
27.6	-26.18	1474.14	6194.38
27.6	-26.18	1473.26	6170.1
27.6	-26.18	1472.39	6156.06
27.6	-26.18	1471.51	6141.16
27.6	-26.18	1470.64	6119.66
27.6	-26.18	1469.77	6104.48
27.6	-26.18	1468.89	6092.21
27.6	-26.18	1468.02	6083.94
27.6	-26.18	1467.14	6073.06
27.6	-26.18	1466.27	6075.24
27.6	-26.18	1465.39	6074.6
27.6	-26.18	1464.52	6082.94
27.6	-26.18	1463.64	6082.85
27.6	-26.18	1462.77	6080.77
27.6	-26.18	1461.89	6097.94
27.6	-26.18	1461.01	6118.3
27.6	-26.18	1460.14	6140.29
27.6	-26.18	1459.26	6153.9
27.6	-26.18	1458.39	6187.97
27.6	-26.18	1457.51	6232.67
27.6	-26.18	1456.63	6268.24
27.6	-26.18	1455.76	6309.57
27.6	-26.18	1454.88	6363.69
27.6	-26.18	1454.0	6403.48
27.6	-26.18	1453.12	6448.6
27.6	-26.18	1452.25	6483.63
27.6	-26.18	1451.37	6526.32
27.6	-26.18	1450.49	6566.38
27.6	-26.18	1449.61	6604.99
27.6	-26.18	1448.74	6635.33
27.6	-26.18	1447.86	6652.12
27.6	-26.18	1446.98	6677.96
27.6	-26.18	1446.1	6696.04
27.6	-26.18	1445.22	6702.28
27.6	-26.18	1444.34	6700.97
27.6	-26.18	1443.46	6704.52
27.6	-26.18	1442.58	6708.12
27.6	-26.18	1441.71	6711.07
27.6	-26.18	1440.83	6696.54
27.6	-26.18	1439.95	6686.5
27.6	-26.18	1439.07	6677.37
27.6	-26.18	1438.19	6666.4
27.6	-26.18	1437.31	6647.94
27.6	-26.18	1436.43	6624.38
27.6	-26.18	1435.55	6614.26
27.6	-26.18	1434.67	6601.94
27.6	-26.18	1433.79	6573.99
27.6	-26.18	1432.9	6557.65
27.6	-26.18	1432.02	6549.54
27.6	-26.18	1431.14	6551.74
27.6	-26.18	1430.26	6534.58
27.6	-26.18	1429.38	6527.3
27.6	-26.18	1428.5	6521.2
27.6	-26.18	1427.62	6507.28
27.6	-26.18	1426.74	6495.13
27.6	-26.18	1425.85	6469.14
27.6	-26.18	1424.97	6457.69
27.6	-26.18	1424.09	6440.8
27.6	-26.18	1423.21	6425.16
27.6	-26.18	1422.32	6401.98
27.6	-26.18	1421.44	6388.64
27.6	-26.18	1420.56	6384.47
27.6	-26.18	1419.67	6369.79
27.6	-26.18	1418.79	6349.5
27.6	-26.18	1417.91	6338.43
27.6	-26.18	1417.02	6326.7
27.6	-26.18	1416.14	6320.83
27.6	-26.18	1415.26	6316.51
27.6	-26.18	1414.37	6299.45
27.6	-26.18	1413.49	6288.21
27.6	-26.18	1412.6	6296.27
27.6	-26.18	1411.72	6288.15
27.6	-26.18	1410.84	6282.68
27.6	-26.18	1409.95	6275.96
27.6	-26.18	1409.07	6289.85
27.6	-26.18	1408.18	6292.59
27.6	-26.18	1407.3	6279.83
27.6	-26.18	1406.41	6275.16
27.6	-26.18	1405.52	6280.98
27.6	-26.18	1404.64	6282.56
27.6	-26.18	1403.75	6269.21
27.6	-26.18	1402.87	6265.33
27.6	-26.18	1401.98	6256.95
27.6	-26.18	1401.09	6261.0
27.6	-26.18	1400.21	6255.27
27.6	-26.18	1399.32	6256.24
27.6	-26.18	1398.43	6264.2
27.6	-26.18	1397.55	6277.92
27.6	-26.18	1396.66	6299.08
27.6	-26.18	1395.77	6322.11
27.6	-26.18	1394.89	6361.05
27.6	-26.18	1394.0	6424.81
27.6	-26.18	1393.11	6484.8
27.6	-26.18	1392.22	6552.39
27.6	-26.18	1391.34	6642.38
27.6	-26.18	1390.45	6729.66
27.6	-26.18	1389.56	6830.14
27.6	-26.18	1388.67	6937.32
27.6	-26.18	1387.78	7039.59
27.6	-26.18	1386.89	7156.39
27.6	-26.18	1386.0	7275.66
27.6	-26.18	1385.11	7376.41
27.6	-26.18	1384.23	7476.97
27.6	-26.18	1383.34	7568.13
27.6	-26.18	1382.45	7658.97
27.6	-26.18	1381.56	7715.26
27.6	-26.18	1380.67	7746.63
27.6	-26.18	1379.78	7783.73
27.6	-26.18	1378.89	7810.71
27.6	-26.18	1378.0	7798.26
27.6	-26.18	1377.11	7766.84
27.6	-26.18	1376.22	7741.0
27.6	-26.18	1375.32	7704.93
27.6	-26.18	1374.43	7651.99
27.6	-26.18	1373.54	7580.66
27.6	-26.18	1372.65	7502.52
27.6	-26.18	1371.76	7417.85
27.6	-26.18	1370.87	7345.38
27.6	-26.18	1369.98	7266.83
27.6	-26.18	1369.08	7196.34
27.6	-26.18	1368.19	7142.22
27.6	-26.18	1367.3	7088.1
27.6	-26.18	1366.41	7031.2
27.6	-26.18	1365.52	6984.78
27.6	-26.18	1364.62	6944.19
27.6	-26.18	1363.73	6905.55
27.6	-26.18	1362.84	6874.62
27.6	-26.18	1361.94	6846.0
27.6	-26.18	1361.05	6831.06
27.6	-26.18	1360.16	6830.8
27.6	-26.18	1359.26	6833.1
27.6	-26.18	1358.37	6842.06
27.6	-26.18	1357.48	6842.22
27.6	-26.18	1356.58	6854.0
27.6	-26.18	1355.69	6858.74
27.6	-26.18	1354.79	6846.1
27.6	-26.18	1353.9	6848.11
27.6	-26.18	1353.0	6865.81
27.6	-26.18	1352.11	6874.18
27.6	-26.18	1351.21	6871.46
27.6	-26.18	1350.32	6882.74
27.6	-26.18	1349.42	6913.31
27.6	-26.18	1348.53	6924.06
27.6	-26.18	1347.63	6922.04
27.6	-26.18	1346.74	6934.22
27.6	-26.18	1345.84	6951.27
27.6	-26.18	1344.94	6980.87
27.6	-26.18	1344.05	7006.66
27.6	-26.18	1343.15	7035.39
27.6	-26.18	1342.26	7070.33
27.6	-26.18	1341.36	7103.06
27.6	-26.18	1340.46	7115.11
27.6	-26.18	1339.56	7142.55
27.6	-26.18	1338.67	7169.02
27.6	-26.18	1337.77	7190.0
27.6	-26.18	1336.87	7217.04
27.6	-26.18	1335.97	7239.27
27.6	-26.18	1335.08	7271.55
27.6	-26.18	1334.18	7323.28
27.6	-26.18	1333.28	7359.31
27.6	-26.18	1332.38	7389.59
27.6	-26.18	1331.48	7416.29
27.6	-26.18	1330.59	7440.29
27.6	-26.18	1329.69	7464.52
27.6	-26.18	1328.79	7474.56
27.6	-26.18	1327.89	7496.87
27.6	-26.18	1326.99	7519.92
27.6	-26.18	1326.09	7541.42
27.6	-26.18	1325.19	7550.74
27.6	-26.18	1324.29	7566.17
27.6	-26.18	1323.39	7580.2
27.6	-26.18	1322.49	7586.87
27.6	-26.18	1321.59	7571.78
27.6	-26.18	1320.69	7564.97
27.6	-26.18	1319.79	7563.02
27.6	-26.18	1318.89	7570.27
27.6	-26.18	1317.99	7561.88
27.6	-26.18	1317.09	7551.71
27.6	-26.18	1316.19	7546.66
27.6	-26.18	1315.29	7539.84
27.6	-26.18	1314.38	7525.38
27.6	-26.18	1313.48	7504.07
27.6	-26.18	1312.58	7496.33
27.6	-26.18	1311.68	7484.82
27.6	-26.18	1310.78	7463.93
27.6	-26.18	1309.87	7443.67
27.6	-26.18	1308.97	7430.34
27.6	-26.18	1308.07	7418.35
27.6	-26.18	1307.17	7404.07
27.6	-26.18	1306.26	7373.42
27.6	-26.18	1305.36	7352.24
27.6	-26.18	1304.46	7335.64
27.6	-26.18	1303.55	7308.79
27.6	-26.18	1302.65	7279.72
27.6	-26.18	1301.75	7257.57
27.6	-26.18	1300.84	7240.01
27.6	-26.18	1299.94	7207.63
27.6	-26.18	1299.03	7178.67
27.6	-26.18	1298.13	7152.08
27.6	-26.18	1297.23	7129.24
27.6	-26.18	1296.32	7076.69
27.6	-26.18	1295.42	7032.14
27.6	-26.18	1294.51	6974.76
27.6	-26.18	1293.61	6939.69
27.6	-26.18	1292.7	6895.3
27.6	-26.18	1291.8	6854.95
27.6	-26.18	1290.89	6814.4
27.6	-26.18	1289.98	6773.48
27.6	-26.18	1289.08	6740.53
27.6	-26.18	1288.17	6701.06
27.6	-26.18	1287.27	6672.29
27.6	-26.18	1286.36	6640.38
27.6	-26.18	1285.45	6602.78
27.6	-26.18	1284.55	6568.18
27.6	-26.18	1283.64	6544.17
27.6	-26.18	1282.73	6523.51
27.6	-26.18	1281.83	6497.41
27.6	-26.18	1280.92	6467.83
27.6	-26.18	1280.01	6444.79
27.6	-26.18	1279.1	6425.74
27.6	-26.18	1278.2	6418.68
27.6	-26.18	1277.29	6405.73
27.6	-26.18	1276.38	6398.73
27.6	-26.18	1275.47	6394.72
27.6	-26.18	1274.56	6391.42
27.6	-26.18	1273.65	6381.88
27.6	-26.18	1272.75	6374.02
27.6	-26.18	1271.84	6367.52
27.6	-26.18	1270.93	6371.52
27.6	-26.18	1270.02	6354.72
27.6	-26.18	1269.11	6328.77
27.6	-26.18	1268.2	6334.55
27.6	-26.18	1267.29	6330.2
27.6	-26.18	1266.38	6330.65
27.6	-26.18	1265.47	6319.05
27.6	-26.18	1264.56	6314.7
27.6	-26.18	1263.65	6311.45
27.6	-26.18	1262.74	6294.41
27.6	-26.18	1261.83	6282.26
27.6	-26.18	1260.92	6263.69
27.6	-26.18	1260.01	6264.23
27.6	-26.18	1259.1	6231.36
27.6	-26.18	1258.18	6206.69
27.6	-26.18	1257.27	6191.7
27.6	-26.18	1256.36	6183.7
27.6	-26.18	1255.45	6149.85
27.6	-26.18	1254.54	6116.53
27.6	-26.18	1253.62	6103.95
27.6	-26.18	1252.71	6094.83
27.6	-26.18	1251.8	6081.41
27.6	-26.18	1250.89	6066.41
27.6	-26.18	1249.97	6055.03
27.6	-26.18	1249.06	6048.73
27.6	-26.18	1248.15	6022.89
27.6	-26.18	1247.24	6008.62
27.6	-26.18	1246.32	6004.5
27.6	-26.18	1245.41	6005.29
27.6	-26.18	1244.49	6005.37
27.6	-26.18	1243.58	6007.61
27.6	-26.18	1242.67	5998.58
27.6	-26.18	1241.75	6004.59
27.6	-26.18	1240.84	6018.14
27.6	-26.18	1239.92	6015.21
27.6	-26.18	1239.01	6013.4
27.6	-26.18	1238.09	6020.97
27.6	-26.18	1237.18	6033.24
27.6	-26.18	1236.26	6032.05
27.6	-26.18	1235.35	6025.94
27.6	-26.18	1234.43	6032.67
27.6	-26.18	1233.52	6038.02
27.6	-26.18	1232.6	6038.87
27.6	-26.18	1231.69	6036.86
27.6	-26.18	1230.77	6053.57
27.6	-26.18	1229.85	6067.26
27.6	-26.18	1228.94	6065.33
27.6	-26.18	1228.02	6061.88
27.6	-26.18	1227.1	6079.33
27.6	-26.18	1226.19	6110.83
27.6	-26.18	1225.27	6117.95
27.6	-26.18	1224.35	6119.02
27.6	-26.18	1223.43	6125.51
27.6	-26.18	1222.52	6146.18
27.6	-26.18	1221.6	6155.61
27.6	-26.18	1220.68	6152.47
27.6	-26.18	1219.76	6168.62
27.6	-26.18	1218.84	6185.09
27.6	-26.18	1217.93	6192.65
27.6	-26.18	1217.01	6190.13
27.6	-26.18	1216.09	6192.46
27.6	-26.18	1215.17	6188.05
27.6	-26.18	1214.25	6182.9
27.6	-26.18	1213.33	6165.81
27.6	-26.18	1212.41	6158.8
27.6	-26.18	1211.49	6153.54
27.6	-26.18	1210.57	6139.04
27.6	-26.18	1209.65	6127.19
27.6	-26.18	1208.73	6104.03
27.6	-26.18	1207.81	6088.52
27.6	-26.18	1206.89	6071.61
27.6	-26.18	1205.97	6043.89
27.6	-26.18	1205.05	6016.67
27.6	-26.18	1204.13	5999.03
27.6	-26.18	1203.21	5981.98
27.6	-26.18	1202.29	5959.04
27.6	-26.18	1201.37	5942.22
27.6	-26.18	1200.45	5938.57
27.6	-26.18	1199.52	5931.68
27.6	-26.18	1198.6	5918.95
27.6	-26.18	1197.68	5895.89
27.6	-26.18	1196.76	5896.44
27.6	-26.18	1195.84	5896.04
27.6	-26.18	1194.91	5896.07
27.6	-26.18	1193.99	5894.1
27.6	-26.18	1193.07	5897.55
27.6	-26.18	1192.14	5896.73
27.6	-26.18	1191.22	5906.07
27.6	-26.18	1190.3	5912.49
27.6	-26.18	1189.37	5921.95
27.6	-26.18	1188.45	5929.02
27.6	-26.18	1187.53	5923.68
27.6	-26.18	1186.6	5927.65
27.6	-26.18	1185.68	5935.38
27.6	-26.18	1184.76	5941.64
27.6	-26.18	1183.83	5939.24
27.6	-26.18	1182.91	5940.4
27.6	-26.18	1181.98	5952.31
27.6	-26.18	1181.06	5951.45
27.6	-26.18	1180.13	5947.14
27.6	-26.18	1179.21	5931.45
27.6	-26.18	1178.28	5930.79
27.6	-26.18	1177.36	5929.25
27.6	-26.18	1176.43	5933.27
27.6	-26.18	1175.5	5934.55
27.6	-26.18	1174.58	5937.47
27.6	-26.18	1173.65	5933.08
27.6	-26.18	1172.72	5917.41
27.6	-26.18	1171.8	5898.46
27.6	-26.18	1170.87	5901.35
27.6	-26.18	1169.94	5902.32
27.6	-26.18	1169.02	5896.06
27.6	-26.18	1168.09	5877.98
27.6	-26.18	1167.16	5874.07
27.6	-26.18	1166.24	5877.02
27.6	-26.18	1165.31	5870.72
27.6	-26.18	1164.38	5862.51
27.6	-26.18	1163.45	5877.29
27.6	-26.18	1162.52	5876.66
27.6	-26.18	1161.6	5876.3
27.6	-26.18	1160.67	5867.87
27.6	-26.18	1159.74	5863.22
27.6	-26.18	1158.81	5867.96
27.6	-26.18	1157.88	5858.84
27.6	-26.18	1156.95	5856.28
27.6	-26.18	1156.02	5866.41
27.6	-26.18	1155.09	5882.23
27.6	-26.18	1154.16	5885.55
27.6	-26.18	1153.23	5892.24
27.6	-26.18	1152.3	5902.76
27.6	-26.18	1151.37	5909.07
27.6	-26.18	1150.44	5927.72
27.6	-26.18	1149.51	5937.77
27.6	-26.18	1148.58	5955.74
27.6	-26.18	1147.65	5962.01
27.6	-26.18	1146.72	5959.77
27.6	-26.18	1145.79	5956.9
27.6	-26.18	1144.86	5961.24
27.6	-26.18	1143.92	5964.36
27.6	-26.18	1142.99	5961.84
27.6	-26.18	1142.06	5946.33
27.6	-26.18	1141.13	5937.83
27.6	-26.18	1140.2	5923.35
27.6	-26.18	1139.26	5902.48
27.6	-26.18	1138.33	5880.7
27.6	-26.18	1137.4	5871.71
27.6	-26.18	1136.47	5858.73
27.6	-26.18	1135.53	5845.08
27.6	-26.18	1134.6	5820.62
27.6	-26.18	1133.67	5798.73
27.6	-26.18	1132.73	5769.85
27.6	-26.18	1131.8	5743.63
27.6	-26.18	1130.87	5730.96
27.6	-26.18	1129.93	5719.01
27.6	-26.18	1129.0	5717.51
27.6	-26.18	1128.06	5700.07
27.6	-26.18	1127.13	5690.38
27.6	-26.18	1126.19	5684.41
27.6	-26.18	1125.26	5682.46
27.6	-26.18	1124.32	5671.99
27.6	-26.18	1123.39	5669.57
27.6	-26.18	1122.45	5671.71
27.6	-26.18	1121.52	5668.91
27.6	-26.18	1120.58	5660.95
27.6	-26.18	1119.65	5654.67
27.6	-26.18	1118.71	5651.73
27.6	-26.18	1117.78	5651.39
27.6	-26.18	1116.84	5631.81
27.6	-26.18	1115.9	5615.3
27.6	-26.18	1114.97	5597.76
27.6	-26.18	1114.03	5590.54
27.6	-26.18	1113.09	5572.82
27.6	-26.18	1112.15	5549.29
27.6	-26.18	1111.22	5523.78
27.6	-26.18	1110.28	5514.3
27.6	-26.18	1109.34	5491.66
27.6	-26.18	1108.4	5469.04
27.6	-26.18	1107.47	5442.84
27.6	-26.18	1106.53	5415.53
27.6	-26.18	1105.59	5390.4
27.6	-26.18	1104.65	5372.14
27.6	-26.18	1103.71	5360.23
27.6	-26.18	1102.77	5349.67
27.6	-26.18	1101.83	5328.56
27.6	-26.18	1100.9	5300.85
27.6	-26.18	1099.96	5271.9
27.6	-26.18	1099.02	5250.64
27.6	-26.18	1098.08	5236.53
27.6	-26.18	1097.14	5220.96
27.6	-26.18	1096.2	5209.01
27.6	-26.18	1095.26	5197.28
27.6	-26.18	1094.32	5180.29
27.6	-26.18	1093.38	5163.54
27.6	-26.18	1092.44	5155.28
27.6	-26.18	1091.49	5151.65
27.6	-26.18	1090.55	5135.0
27.6	-26.18	1089.61	5122.72
27.6	-26.18	1088.67	5110.88
27.6	-26.18	1087.73	5105.29
27.6	-26.18	1086.79	5097.52
27.6	-26.18	1085.85	5094.19
27.6	-26.18	1084.9	5081.56
27.6	-26.18	1083.96	5068.56
27.6	-26.18	1083.02	5048.09
27.6	-26.18	1082.08	5037.92
27.6	-26.18	1081.13	5020.84
27.6	-26.18	1080.19	5013.08
27.6	-26.18	1079.25	4995.24
27.6	-26.18	1078.31	4984.8
27.6	-26.18	1077.36	4970.91
27.6	-26.18	1076.42	4959.19
27.6	-26.18	1075.48	4933.03
27.6	-26.18	1074.53	4913.24
27.6	-26.18	1073.59	4892.09
27.6	-26.18	1072.64	4877.73
27.6	-26.18	1071.7	4861.98
27.6	-26.18	1070.75	4851.91
27.6	-26.18	1069.81	4848.51
27.6	-26.18	1068.86	4838.76
27.6	-26.18	1067.92	4829.15
27.6	-26.18	1066.97	4825.89
27.6	-26.18	1066.03	4829.17
27.6	-26.18	1065.08	4826.73
27.6	-26.18	1064.14	4828.12
27.6	-26.18	1063.19	4833.56
27.6	-26.18	1062.25	4843.42
27.6	-26.18	1061.3	4846.48
27.6	-26.18	1060.35	4846.43
27.6	-26.18	1059.41	4858.62
27.6	-26.18	1058.46	4874.47
27.6	-26.18	1057.51	4878.06
27.6	-26.18	1056.57	4882.24
27.6	-26.18	1055.62	4887.53
27.6	-26.18	1054.67	4893.48
27.6	-26.18	1053.72	4892.73
27.6	-26.18	1052.78	4895.03
27.6	-26.18	1051.83	4890.19
27.6	-26.18	1050.88	4888.62
27.6	-26.18	1049.93	4880.39
27.6	-26.18	1048.98	4874.61
27.6	-26.18	1048.03	4873.07
27.6	-26.18	1047.09	4868.81
27.6	-26.18	1046.14	4862.72
27.6	-26.18	1045.19	4860.67
27.6	-26.18	1044.24	4865.72
27.6	-26.18	1043.29	4858.88
27.6	-26.18	1042.34	4855.25
27.6	-26.18	1041.39	4851.21
27.6	-26.18	1040.44	4853.95
27.6	-26.18	1039.49	4866.67
27.6	-26.18	1038.54	4871.07
27.6	-26.18	1037.59	4877.4
27.6	-26.18	1036.64	4886.25
27.6	-26.18	1035.69	4897.6
27.6	-26.18	1034.74	4906.44
27.6	-26.18	1033.79	4908.51
27.6	-26.18	1032.83	4913.22
27.6	-26.18	1031.88	4926.46
27.6	-26.18	1030.93	4934.03
27.6	-26.18	1029.98	4935.52
27.6	-26.18	1029.03	4934.26
27.6	-26.18	1028.07	4941.88
27.6	-26.18	1027.12	4939.82
27.6	-26.18	1026.17	4937.86
27.6	-26.18	1025.22	4935.84
27.6	-26.18	1024.26	4937.98
27.6	-26.18	1023.31	4930.74
27.6	-26.18	1022.36	4930.95
27.6	-26.18	1021.4	4933.29
27.6	-26.18	1020.45	4932.66
27.6	-26.18	1019.5	4935.57
27.6	-26.18	1018.54	4938.54
27.6	-26.18	1017.59	4951.22
27.6	-26.18	1016.64	4965.23
27.6	-26.18	1015.68	4980.64
27.6	-26.18	1014.73	4987.34
27.6	-26.18	1013.77	5002.65
27.6	-26.18	1012.82	5013.23
27.6	-26.18	1011.86	5024.47
27.6	-26.18	1010.91	5045.93
27.6	-26.18	1009.95	5054.87
27.6	-26.18	1009.0	5069.11
27.6	-26.18	1008.04	5069.27
27.6	-26.18	1007.08	5071.87
27.6	-26.18	1006.13	5067.11
27.6	-26.18	1005.17	5061.64
27.6	-26.18	1004.22	5060.68
27.6	-26.18	1003.26	5055.4
27.6	-26.18	1002.3	5035.72
27.6	-26.18	1001.34	5021.86
27.6	-26.18	1000.39	5006.9
27.6	-26.18	999.431	4986.12
27.6	-26.18	998.4730000000001	4964.02
27.6	-26.18	997.515	4938.74
27.6	-26.18	996.558	4917.12
27.6	-26.18	995.6	4887.28
27.6	-26.18	994.6410000000001	4857.25
27.6	-26.18	993.683	4833.24
27.6	-26.18	992.725	4816.26
27.6	-26.18	991.7660000000001	4797.13
27.6	-26.18	990.807	4782.3
27.6	-26.18	989.8480000000001	4771.25
27.6	-26.18	988.8889999999999	4758.79
27.6	-26.18	987.93	4738.83
27.6	-26.18	986.97	4728.39
27.6	-26.18	986.01	4714.81
27.6	-26.18	985.05	4709.17
27.6	-26.18	984.09	4698.91
27.6	-26.18	983.13	4697.36
27.6	-26.18	982.17	4696.77
27.6	-26.18	981.209	4683.59
27.6	-26.18	980.248	4674.42
27.6	-26.18	979.288	4661.21
27.6	-26.18	978.326	4655.66
27.6	-26.18	977.365	4647.76
27.6	-26.18	976.404	4643.26
27.6	-26.18	975.442	4634.27
27.6	-26.18	974.48	4624.93
27.6	-26.18	973.518	4608.7
27.6	-26.18	972.556	4599.09
27.6	-26.18	971.5939999999999	4586.01
27.6	-26.18	970.632	4578.48
27.6	-26.18	969.669	4571.93
27.6	-26.18	968.706	4561.39
27.6	-26.18	967.743	4552.52
27.6	-26.18	966.78	4543.9
27.6	-26.18	965.817	4537.75
27.6	-26.18	964.8530000000001	4528.64
27.6	-26.18	963.8889999999999	4527.33
27.6	-26.18	962.926	4521.4
27.6	-26.18	961.961	4513.27
27.6	-26.18	960.997	4506.36
27.6	-26.18	960.033	4500.11
27.6	-26.18	959.068	4496.48
27.6	-26.18	958.1039999999999	4499.92
27.6	-26.18	957.1389999999999	4493.14
27.6	-26.18	956.174	4495.84
27.6	-26.18	955.2080000000001	4493.33
27.6	-26.18	954.243	4486.84
27.6	-26.18	953.2769999999999	4481.13
27.6	-26.18	952.312	4477.5
27.6	-26.18	951.346	4482.66
27.6	-26.18	950.38	4476.73
27.6	-26.18	949.413	4469.11
27.6	-26.18	948.447	4465.63
27.6	-26.18	947.48	4465.85
27.6	-26.18	946.513	4456.4
27.6	-26.18	945.546	4463.45
27.6	-26.18	944.579	4462.17
27.6	-26.18	943.612	4462.88
27.6	-26.18	942.6439999999999	4467.83
27.6	-26.18	941.677	4470.21
27.6	-26.18	940.709	4469.8
27.6	-26.18	939.7410000000001	4465.75
27.6	-26.18	938.773	4463.55
27.6	-26.18	937.804	4464.92
27.6	-26.18	936.836	4463.14
27.6	-26.18	935.867	4458.48
27.6	-26.18	934.898	4457.44
27.6	-26.18	933.929	4458.45
27.6	-26.18	932.96	4454.83
27.6	-26.18	931.99	4449.61
27.6	-26.18	931.0210000000001	4448.37
27.6	-26.18	930.051	4447.6
27.6	-26.18	929.081	4455.06
27.6	-26.18	928.1110000000001	4450.63
27.6	-26.18	927.1410000000001	4455.89
27.6	-26.18	926.17	4461.79
27.6	-26.18	925.199	4465.48
27.6	-26.18	924.2289999999999	4471.16
27.6	-26.18	923.258	4479.54
27.6	-26.18	922.2860000000001	4492.23
27.6	-26.18	921.315	4494.12
27.6	-26.18	920.3439999999999	4495.62
27.6	-26.18	919.372	4507.02
27.6	-26.18	918.4	4526.66
27.6	-26.18	917.428	4532.64
27.6	-26.18	916.456	4544.14
27.6	-26.18	915.4830000000001	4539.34
27.6	-26.18	914.5110000000001	4547.78
27.6	-26.18	913.538	4546.05
27.6	-26.18	912.565	4540.01
27.6	-26.18	911.592	4537.68
27.6	-26.18	910.6189999999999	4529.99
27.6	-26.18	909.645	4521.56
27.6	-26.18	908.671	4512.05
27.6	-26.18	907.698	4499.09
27.6	-26.18	906.7239999999999	4487.0
27.6	-26.18	905.75	4474.95
27.6	-26.18	904.775	4472.37
27.6	-26.18	903.801	4464.57
27.6	-26.18	902.826	4455.11
27.6	-26.18	901.8510000000001	4450.88
27.6	-26.18	900.8760000000001	4448.43
27.6	-26.18	899.9010000000001	4452.12
27.6	-26.18	898.925	4452.6
27.6	-26.18	897.95	4453.44
27.6	-26.18	896.9739999999999	4457.87
27.6	-26.18	895.998	4457.31
27.6	-26.18	895.0219999999999	4462.42
27.6	-26.18	894.046	4470.68
27.6	-26.18	893.069	4479.84
27.6	-26.18	892.0930000000001	4485.43
27.6	-26.18	891.1160000000001	4491.53
27.6	-26.18	890.1389999999999	4497.0
27.6	-26.18	889.1619999999999	4508.16
27.6	-26.18	888.184	4514.67
27.6	-26.18	887.207	4521.67
27.6	-26.18	886.2289999999999	4526.07
27.6	-26.18	885.2510000000001	4539.96
27.6	-26.18	884.273	4544.74
27.6	-26.18	883.295	4548.63
27.6	-26.18	882.317	4552.1
27.6	-26.18	881.3380000000001	4562.59
27.6	-26.18	880.3589999999999	4575.27
27.6	-26.18	879.38	4585.04
27.6	-26.18	878.4010000000001	4593.47
27.6	-26.18	877.422	4609.82
27.6	-26.18	876.442	4620.85
27.6	-26.18	875.4630000000001	4631.62
27.6	-26.18	874.4830000000001	4645.15
27.6	-26.18	873.503	4656.52
27.6	-26.18	872.523	4672.13
27.6	-26.18	871.5419999999999	4674.23
27.6	-26.18	870.562	4687.68
27.6	-26.18	869.581	4692.8
27.6	-26.18	868.6	4687.76
27.6	-26.18	867.6189999999999	4683.12
27.6	-26.18	866.638	4677.27
27.6	-26.18	865.6569999999999	4674.51
27.6	-26.18	864.675	4670.61
27.6	-26.18	863.693	4664.19
27.6	-26.18	862.711	4657.31
27.6	-26.18	861.7289999999999	4650.06
27.6	-26.18	860.747	4638.3
27.6	-26.18	859.7639999999999	4629.65
27.6	-26.18	858.7819999999999	4619.53
27.6	-26.18	857.799	4612.78
27.6	-26.18	856.816	4597.71
27.6	-26.18	855.8330000000001	4584.93
27.6	-26.18	854.8489999999999	4578.8
27.6	-26.18	853.8660000000001	4568.4
27.6	-26.18	852.882	4565.94
27.6	-26.18	851.898	4574.81
27.6	-26.18	850.914	4582.43
27.6	-26.18	849.93	4579.11
27.6	-26.18	848.945	4577.44
27.6	-26.18	847.961	4588.56
27.6	-26.18	846.9760000000001	4600.24
27.6	-26.18	845.9910000000001	4602.47
27.6	-26.18	845.0060000000001	4612.57
27.6	-26.18	844.02	4623.14
27.6	-26.18	843.035	4631.46
27.6	-26.18	842.049	4626.8
27.6	-26.18	841.063	4639.67
27.6	-26.18	840.077	4645.15
27.6	-26.18	839.091	4643.86
27.6	-26.18	838.1039999999999	4652.86
27.6	-26.18	837.118	4658.31
27.6	-26.18	836.1310000000001	4671.88
27.6	-26.18	835.1439999999999	4679.68
27.6	-26.18	834.1569999999999	4676.02
27.6	-26.18	833.17	4681.04
27.6	-26.18	832.182	4685.44
27.6	-26.18	831.195	4683.9
27.6	-26.18	830.207	4685.07
27.6	-26.18	829.2189999999999	4694.67
27.6	-26.18	828.23	4700.3
27.6	-26.18	827.242	4697.98
27.6	-26.18	826.253	4697.96
27.6	-26.18	825.265	4701.73
27.6	-26.18	824.2760000000001	4698.61
27.6	-26.18	823.2869999999999	4700.88
27.6	-26.18	822.297	4705.4
27.6	-26.18	821.308	4710.96
27.6	-26.18	820.318	4709.45
27.6	-26.18	819.328	4711.77
27.6	-26.18	818.3380000000001	4727.81
27.6	-26.18	817.3480000000001	4743.0
27.6	-26.18	816.3580000000001	4756.92
27.6	-26.18	815.367	4781.05
27.6	-26.18	814.377	4808.58
27.6	-26.18	813.3860000000001	4833.61
27.6	-26.18	812.395	4854.82
27.6	-26.18	811.403	4887.61
27.6	-26.18	810.4119999999999	4917.33
27.6	-26.18	809.42	4949.32
27.6	-26.18	808.428	4981.49
27.6	-26.18	807.436	5003.76
27.6	-26.18	806.444	5031.65
27.6	-26.18	805.452	5046.47
27.6	-26.18	804.459	5057.26
27.6	-26.18	803.467	5077.65
27.6	-26.18	802.4739999999999	5087.76
27.6	-26.18	801.4810000000001	5092.0
27.6	-26.18	800.487	5086.99
27.6	-26.18	799.4939999999999	5083.15
27.6	-26.18	798.5	5063.23
27.6	-26.18	797.507	5032.01
27.6	-26.18	796.513	4994.66
27.6	-26.18	795.518	4966.33
27.6	-26.18	794.5239999999999	4934.24
27.6	-26.18	793.529	4893.07
27.6	-26.18	792.535	4862.36
27.6	-26.18	791.54	4835.85
27.6	-26.18	790.545	4799.05
27.6	-26.18	789.55	4762.38
27.6	-26.18	788.554	4744.01
27.6	-26.18	787.559	4726.45
27.6	-26.18	786.563	4698.48
27.6	-26.18	785.567	4675.56
27.6	-26.18	784.571	4666.26
27.6	-26.18	783.574	4653.81
27.6	-26.18	782.578	4641.87
27.6	-26.18	781.581	4642.6
27.6	-26.18	780.584	4645.85
27.6	-26.18	779.587	4640.87
27.6	-26.18	778.59	4638.25
27.6	-26.18	777.592	4649.68
27.6	-26.18	776.595	4654.39
27.6	-26.18	775.597	4656.56
27.6	-26.18	774.5989999999999	4658.52
27.6	-26.18	773.6010000000001	4671.66
27.6	-26.18	772.602	4679.9
27.6	-26.18	771.6039999999999	4681.59
27.6	-26.18	770.605	4681.95
27.6	-26.18	769.6060000000001	4695.76
27.6	-26.18	768.607	4692.3
27.6	-26.18	767.6080000000001	4683.01
27.6	-26.18	766.6089999999999	4687.32
27.6	-26.18	765.6089999999999	4701.56
27.6	-26.18	764.6089999999999	4700.17
27.6	-26.18	763.6089999999999	4698.35
27.6	-26.18	762.6089999999999	4706.36
27.6	-26.18	761.6089999999999	4704.21
27.6	-26.18	760.6080000000001	4697.2
27.6	-26.18	759.607	4696.71
27.6	-26.18	758.607	4704.43
27.6	-26.18	757.605	4704.98
27.6	-26.18	756.6039999999999	4697.48
27.6	-26.18	755.6030000000001	4700.21
27.6	-26.18	754.6010000000001	4712.63
27.6	-26.18	753.5989999999999	4714.53
27.6	-26.18	752.597	4719.89
27.6	-26.18	751.595	4734.4
27.6	-26.18	750.5930000000001	4745.6
27.6	-26.18	749.59	4749.19
27.6	-26.18	748.587	4752.75
27.6	-26.18	747.585	4765.89
27.6	-26.18	746.581	4770.2
27.6	-26.18	745.578	4775.33
27.6	-26.18	744.575	4784.2
27.6	-26.18	743.571	4799.34
27.6	-26.18	742.567	4804.02
27.6	-26.18	741.563	4800.15
27.6	-26.18	740.559	4801.34
27.6	-26.18	739.555	4806.91
27.6	-26.18	738.55	4803.0
27.6	-26.18	737.545	4793.74
27.6	-26.18	736.54	4799.63
27.6	-26.18	735.535	4803.47
27.6	-26.18	734.53	4790.37
27.6	-26.18	733.525	4780.54
27.6	-26.18	732.5189999999999	4774.6
27.6	-26.18	731.513	4762.12
27.6	-26.18	730.507	4755.47
27.6	-26.18	729.5010000000001	4746.27
27.6	-26.18	728.4939999999999	4746.27
27.6	-26.18	727.488	4738.25
27.6	-26.18	726.4810000000001	4732.01
27.6	-26.18	725.4739999999999	4737.66
27.6	-26.18	724.467	4750.62
27.6	-26.18	723.46	4755.15
27.6	-26.18	722.452	4762.64
27.6	-26.18	721.444	4780.2
27.6	-26.18	720.436	4788.7
27.6	-26.18	719.428	4796.34
27.6	-26.18	718.42	4808.81
27.6	-26.18	717.4119999999999	4837.25
27.6	-26.18	716.403	4861.58
27.6	-26.18	715.3939999999999	4881.66
27.6	-26.18	714.385	4914.08
27.6	-26.18	713.3760000000001	4939.59
27.6	-26.18	712.367	4961.51
27.6	-26.18	711.357	4978.81
27.6	-26.18	710.347	5004.76
27.6	-26.18	709.3380000000001	5031.28
27.6	-26.18	708.327	5050.77
27.6	-26.18	707.317	5062.78
27.6	-26.18	706.307	5085.24
27.6	-26.18	705.296	5099.2
27.6	-26.18	704.285	5099.56
27.6	-26.18	703.2739999999999	5105.09
27.6	-26.18	702.263	5117.97
27.6	-26.18	701.252	5116.53
27.6	-26.18	700.24	5124.92
27.6	-26.18	699.2280000000001	5125.91
27.6	-26.18	698.216	5134.87
27.6	-26.18	697.204	5133.13
27.6	-26.18	696.192	5130.86
27.6	-26.18	695.179	5139.44
27.6	-26.18	694.1669999999999	5147.27
27.6	-26.18	693.154	5149.15
27.6	-26.18	692.1410000000001	5155.84
27.6	-26.18	691.127	5163.72
27.6	-26.18	690.1139999999999	5162.73
27.6	-26.18	689.1	5169.55
27.6	-26.18	688.086	5186.11
27.6	-26.18	687.072	5201.96
27.6	-26.18	686.058	5210.52
27.6	-26.18	685.044	5219.3
27.6	-26.18	684.029	5233.62
27.6	-26.18	683.015	5246.94
27.6	-26.18	682.0	5249.85
27.6	-26.18	680.985	5260.74
27.6	-26.18	679.9689999999999	5276.73
27.6	-26.18	678.954	5294.97
27.6	-26.18	677.938	5307.81
27.6	-26.18	676.922	5328.36
27.6	-26.18	675.9060000000001	5346.62
27.6	-26.18	674.89	5351.05
27.6	-26.18	673.8739999999999	5356.76
27.6	-26.18	672.857	5374.99
27.6	-26.18	671.84	5389.08
27.6	-26.18	670.823	5386.52
27.6	-26.18	669.806	5392.12
27.6	-26.18	668.789	5395.32
27.6	-26.18	667.7710000000001	5393.73
27.6	-26.18	666.753	5386.92
27.6	-26.18	665.735	5386.9
27.6	-26.18	664.717	5396.89
27.6	-26.18	663.699	5399.2
27.6	-26.18	662.68	5392.87
27.6	-26.18	661.6619999999999	5407.94
27.6	-26.18	660.643	5402.46
27.6	-26.18	659.6239999999999	5392.95
27.6	-26.18	658.605	5397.42
27.6	-26.18	657.585	5402.92
27.6	-26.18	656.566	5399.74
27.6	-26.18	655.546	5396.3
27.6	-26.18	654.526	5406.63
27.6	-26.18	653.506	5407.87
27.6	-26.18	652.485	5407.76
27.6	-26.18	651.465	5406.98
27.6	-26.18	650.444	5424.4
27.6	-26.18	649.423	5430.6
27.6	-26.18	648.4019999999999	5438.02
27.6	-26.18	647.381	5442.76
27.6	-26.18	646.359	5448.88
27.6	-26.18	645.3380000000001	5440.85
27.6	-26.18	644.316	5436.45
27.6	-26.18	643.294	5436.05
27.6	-26.18	642.271	5427.88
27.6	-26.18	641.249	5407.31
27.6	-26.18	640.226	5390.93
27.6	-26.18	639.2040000000001	5384.83
27.6	-26.18	638.181	5367.6
27.6	-26.18	637.1569999999999	5343.12
27.6	-26.18	636.134	5330.4
27.6	-26.18	635.11	5323.08
27.6	-26.18	634.087	5303.81
27.6	-26.18	633.063	5292.38
27.6	-26.18	632.039	5290.43
27.6	-26.18	631.014	5286.34
27.6	-26.18	629.99	5258.09
27.6	-26.18	628.965	5252.9
27.6	-26.18	627.94	5257.57
27.6	-26.18	626.915	5264.09
27.6	-26.18	625.89	5273.46
27.6	-26.18	624.864	5282.3
27.6	-26.18	623.839	5290.59
27.6	-26.18	622.813	5282.4
27.6	-26.18	621.7869999999999	5290.94
27.6	-26.18	620.761	5306.64
27.6	-26.18	619.734	5316.04
27.6	-26.18	618.7080000000001	5315.88
27.6	-26.18	617.681	5325.68
27.6	-26.18	616.654	5332.48
27.6	-26.18	615.627	5331.46
27.6	-26.18	614.599	5328.9
27.6	-26.18	613.572	5334.47
27.6	-26.18	612.544	5324.07
27.6	-26.18	611.516	5318.78
27.6	-26.18	610.488	5308.81
27.6	-26.18	609.46	5309.96
27.6	-26.18	608.431	5300.17
27.6	-26.18	607.403	5283.36
27.6	-26.18	606.374	5276.18
27.6	-26.18	605.345	5274.61
27.6	-26.18	604.316	5261.55
27.6	-26.18	603.286	5246.18
27.6	-26.18	602.257	5254.88
27.6	-26.18	601.227	5250.4
27.6	-26.18	600.197	5233.54
27.6	-26.18	599.1669999999999	5221.52
27.6	-26.18	598.136	5231.03
27.6	-26.18	597.106	5231.04
27.6	-26.18	596.075	5234.92
27.6	-26.18	595.044	5238.43
27.6	-26.18	594.013	5239.71
27.6	-26.18	592.981	5234.27
27.6	-26.18	591.95	5232.37
27.6	-26.18	590.918	5247.85
27.6	-26.18	589.886	5245.39
27.6	-26.18	588.854	5242.69
27.6	-26.18	587.822	5239.36
27.6	-26.18	586.789	5238.74
27.6	-26.18	585.757	5226.89
27.6	-26.18	584.724	5222.47
27.6	-26.18	583.691	5230.21
27.6	-26.18	582.6569999999999	5235.83
27.6	-26.18	581.624	5220.4
27.6	-26.18	580.59	5230.72
27.6	-26.18	579.557	5233.39
27.6	-26.18	578.523	5238.96
27.6	-26.18	577.488	5238.16
27.6	-26.18	576.4540000000001	5252.97
27.6	-26.18	575.419	5265.97
27.6	-26.18	574.385	5270.24
27.6	-26.18	573.35	5271.93
27.6	-26.18	572.314	5285.22
27.6	-26.18	571.279	5301.24
27.6	-26.18	570.244	5291.48
27.6	-26.18	569.2080000000001	5300.5
27.6	-26.18	568.172	5315.66
27.6	-26.18	567.136	5326.6
27.6	-26.18	566.099	5330.82
27.6	-26.18	565.063	5347.03
27.6	-26.18	564.026	5361.45
27.6	-26.18	562.989	5373.24
27.6	-26.18	561.952	5380.37
27.6	-26.18	560.915	5398.61
27.6	-26.18	559.877	5404.88
27.6	-26.18	558.84	5401.23
27.6	-26.18	557.802	5407.69
27.6	-26.18	556.764	5410.88
27.6	-26.18	555.726	5408.52
27.6	-26.18	554.687	5417.25
27.6	-26.18	553.649	5422.79
27.6	-26.18	552.61	5428.31
27.6	-26.18	551.571	5427.36
27.6	-26.18	550.5319999999999	5435.61
27.6	-26.18	549.492	5457.27
27.6	-26.18	548.453	5461.36
27.6	-26.18	547.413	5486.06
27.6	-26.18	546.373	5522.19
27.6	-26.18	545.3330000000001	5555.82
27.6	-26.18	544.2919999999999	5582.09
27.6	-26.18	543.252	5621.57
27.6	-26.18	542.211	5667.81
27.6	-26.18	541.17	5704.87
27.6	-26.18	540.129	5737.86
27.6	-26.18	539.0880000000001	5770.33
27.6	-26.18	538.0459999999999	5812.56
27.6	-26.18	537.004	5831.02
27.6	-26.18	535.962	5852.27
27.6	-26.18	534.92	5881.45
27.6	-26.18	533.878	5893.51
27.6	-26.18	532.836	5894.84
27.6	-26.18	531.793	5907.02
27.6	-26.18	530.75	5908.95
27.6	-26.18	529.707	5904.13
27.6	-26.18	528.664	5890.06
27.6	-26.18	527.62	5873.24
27.6	-26.18	526.577	5849.34
27.6	-26.18	525.533	5820.66
27.6	-26.18	524.489	5790.01
27.6	-26.18	523.445	5754.54
27.6	-26.18	522.4	5702.23
27.6	-26.18	521.355	5668.38
27.6	-26.18	520.311	5639.95
27.6	-26.18	519.266	5617.43
27.6	-26.18	518.22	5591.81
27.6	-26.18	517.175	5586.81
27.6	-26.18	516.129	5599.78
27.6	-26.18	515.0840000000001	5601.39
27.6	-26.18	514.038	5610.32
27.6	-26.18	512.992	5642.81
27.6	-26.18	511.945	5665.18
27.6	-26.18	510.899	5682.32
27.6	-26.18	509.852	5701.08
27.6	-26.18	508.805	5729.44
27.6	-26.18	507.75800000000004	5749.84
27.6	-26.18	506.71	5770.5
27.6	-26.18	505.663	5789.16
27.6	-26.18	504.615	5814.3
27.6	-26.18	503.56699999999995	5822.74
27.6	-26.18	502.519	5828.77
27.6	-26.18	501.471	5844.57
27.6	-26.18	500.42199999999997	5854.92
27.6	-26.18	499.374	5851.24
27.6	-26.18	498.325	5851.84
27.6	-26.18	497.276	5848.82
27.6	-26.18	496.226	5829.6
27.6	-26.18	495.17699999999996	5813.72
27.6	-26.18	494.12699999999995	5797.21
27.6	-26.18	493.077	5775.56
27.6	-26.18	492.027	5748.51
27.6	-26.18	490.977	5723.97
27.6	-26.18	489.926	5717.11
27.6	-26.18	488.876	5692.8
27.6	-26.18	487.825	5682.12
27.6	-26.18	486.774	5674.66
27.6	-26.18	485.723	5675.28
27.6	-26.18	484.671	5666.54
27.6	-26.18	483.619	5663.09
27.6	-26.18	482.56800000000004	5666.4
27.6	-26.18	481.51599999999996	5658.47
27.6	-26.18	480.463	5639.31
27.6	-26.18	479.411	5643.49
27.6	-26.18	478.358	5638.59
27.6	-26.18	477.305	5630.24
27.6	-26.18	476.25199999999995	5634.72
27.6	-26.18	475.199	5643.74
27.6	-26.18	474.14599999999996	5646.55
27.6	-26.18	473.092	5661.81
27.6	-26.18	472.038	5670.97
27.6	-26.18	470.98400000000004	5675.7
27.6	-26.18	469.93	5682.79
27.6	-26.18	468.876	5699.6
27.6	-26.18	467.82099999999997	5721.58
27.6	-26.18	466.76599999999996	5730.35
27.6	-26.18	465.711	5748.63
27.6	-26.18	464.656	5780.16
27.6	-26.18	463.601	5814.5
27.6	-26.18	462.545	5851.87
27.6	-26.18	461.49	5897.49
27.6	-26.18	460.434	5945.95
27.6	-26.18	459.37699999999995	5999.56
27.6	-26.18	458.32099999999997	6064.19
27.6	-26.18	457.264	6134.89
27.6	-26.18	456.208	6204.13
27.6	-26.18	455.151	6268.95
27.6	-26.18	454.094	6321.37
27.6	-26.18	453.036	6372.78
27.6	-26.18	451.97900000000004	6403.74
27.6	-26.18	450.921	6424.29
27.6	-26.18	449.86300000000006	6439.8
27.6	-26.18	448.805	6459.7
27.6	-26.18	447.74699999999996	6459.06
27.6	-26.18	446.68800000000005	6455.83
27.6	-26.18	445.629	6451.53
27.6	-26.18	444.57	6439.53
27.6	-26.18	443.51099999999997	6411.96
27.6	-26.18	442.452	6379.99
27.6	-26.18	441.392	6350.8
27.6	-26.18	440.333	6291.26
27.6	-26.18	439.273	6241.23
27.6	-26.18	438.213	6201.14
27.6	-26.18	437.152	6138.89
27.6	-26.18	436.092	6069.64
27.6	-26.18	435.031	6013.53
27.6	-26.18	433.97	5985.51
27.6	-26.18	432.909	5941.49
27.6	-26.18	431.848	5896.78
27.6	-26.18	430.786	5876.64
27.6	-26.18	429.724	5849.13
27.6	-26.18	428.663	5837.78
27.6	-26.18	427.6	5839.45
27.6	-26.18	426.538	5837.97
27.6	-26.18	425.476	5845.13
27.6	-26.18	424.413	5855.74
27.6	-26.18	423.35	5882.0
27.6	-26.18	422.287	5893.38
27.6	-26.18	421.224	5922.29
27.6	-26.18	420.16	5944.2
27.6	-26.18	419.096	5968.64
27.6	-26.18	418.033	5997.91
27.6	-26.18	416.968	6034.72
27.6	-26.18	415.904	6059.22
27.6	-26.18	414.84	6082.07
27.6	-26.18	413.775	6106.31
27.6	-26.18	412.71	6129.42
27.6	-26.18	411.645	6150.85
27.6	-26.18	410.58	6166.63
27.6	-26.18	409.514	6188.51
27.6	-26.18	408.44800000000004	6204.65
27.6	-26.18	407.38300000000004	6204.55
27.6	-26.18	406.316	6207.49
27.6	-26.18	405.25	6201.64
27.6	-26.18	404.184	6206.15
27.6	-26.18	403.11699999999996	6208.48
27.6	-26.18	402.05	6194.61
27.6	-26.18	400.983	6168.35
27.6	-26.18	399.916	6156.04
27.6	-26.18	398.848	6143.98
27.6	-26.18	397.781	6121.93
27.6	-26.18	396.713	6109.05
27.6	-26.18	395.645	6079.97
27.6	-26.18	394.57599999999996	6064.78
27.6	-26.18	393.50800000000004	6063.87
27.6	-26.18	392.439	6053.58
27.6	-26.18	391.37	6041.24
27.6	-26.18	390.301	6035.31
27.6	-26.18	389.23199999999997	6038.41
27.6	-26.18	388.162	6030.58
27.6	-26.18	387.093	6021.69
27.6	-26.18	386.023	6028.12
27.6	-26.18	384.95300000000003	6029.76
27.6	-26.18	383.88199999999995	6030.11
27.6	-26.18	382.81199999999995	6038.13
27.6	-26.18	381.741	6052.54
27.6	-26.18	380.67	6067.46
27.6	-26.18	379.599	6084.27
27.6	-26.18	378.528	6108.26
27.6	-26.18	377.45599999999996	6126.8
27.6	-26.18	376.384	6143.46
27.6	-26.18	375.31300000000005	6159.98
27.6	-26.18	374.24	6189.86
27.6	-26.18	373.168	6207.91
27.6	-26.18	372.096	6228.76
27.6	-26.18	371.023	6248.02
27.6	-26.18	369.95	6260.02
27.6	-26.18	368.87699999999995	6280.58
27.6	-26.18	367.80400000000003	6299.65
27.6	-26.18	366.73	6314.23
27.6	-26.18	365.656	6326.24
27.6	-26.18	364.582	6335.93
27.6	-26.18	363.50800000000004	6347.13
27.6	-26.18	362.434	6361.66
27.6	-26.18	361.35900000000004	6372.77
27.6	-26.18	360.285	6380.16
27.6	-26.18	359.21	6401.22
27.6	-26.18	358.135	6413.17
27.6	-26.18	357.059	6427.48
27.6	-26.18	355.98400000000004	6430.7
27.6	-26.18	354.908	6434.22
27.6	-26.18	353.832	6431.77
27.6	-26.18	352.756	6432.31
27.6	-26.18	351.67900000000003	6436.74
27.6	-26.18	350.603	6432.37
27.6	-26.18	349.526	6436.19
27.6	-26.18	348.449	6442.73
27.6	-26.18	347.37199999999996	6438.57
27.6	-26.18	346.295	6436.92
27.6	-26.18	345.217	6433.33
27.6	-26.18	344.139	6440.08
27.6	-26.18	343.061	6455.11
27.6	-26.18	341.983	6459.56
27.6	-26.18	340.905	6470.77
27.6	-26.18	339.82599999999996	6483.92
27.6	-26.18	338.74699999999996	6494.59
27.6	-26.18	337.668	6507.65
27.6	-26.18	336.589	6521.2
27.6	-26.18	335.51	6537.42
27.6	-26.18	334.43	6562.99
27.6	-26.18	333.35	6590.78
27.6	-26.18	332.27	6618.32
27.6	-26.18	331.19	6654.1
27.6	-26.18	330.11	6672.87
27.6	-26.18	329.029	6701.05
27.6	-26.18	327.94800000000004	6734.9
27.6	-26.18	326.867	6755.15
27.6	-26.18	325.786	6774.03
27.6	-26.18	324.705	6796.42
27.6	-26.18	323.623	6814.97
27.6	-26.18	322.541	6828.01
27.6	-26.18	321.459	6837.43
27.6	-26.18	320.377	6847.25
27.6	-26.18	319.29400000000004	6856.98
27.6	-26.18	318.212	6860.29
27.6	-26.18	317.129	6875.51
27.6	-26.18	316.046	6886.9
27.6	-26.18	314.962	6900.78
27.6	-26.18	313.879	6923.68
27.6	-26.18	312.795	6945.22
27.6	-26.18	311.711	6963.17
27.6	-26.18	310.627	6983.64
27.6	-26.18	309.543	6998.48
27.6	-26.18	308.45799999999997	7009.72
27.6	-26.18	307.374	7018.53
27.6	-26.18	306.289	7029.52
27.6	-26.18	305.204	7046.66
27.6	-26.18	304.118	7046.8
27.6	-26.18	303.033	7062.83
27.6	-26.18	301.947	7084.69
27.6	-26.18	300.861	7102.69
27.6	-26.18	299.775	7112.74
27.6	-26.18	298.689	7120.69
27.6	-26.18	297.60200000000003	7119.2
27.6	-26.18	296.515	7121.61
27.6	-26.18	295.428	7126.97
27.6	-26.18	294.341	7129.56
27.6	-26.18	293.254	7138.42
27.6	-26.18	292.166	7142.94
27.6	-26.18	291.079	7158.98
27.6	-26.18	289.991	7149.34
27.6	-26.18	288.902	7148.19
27.6	-26.18	287.814	7141.48
27.6	-26.18	286.725	7151.0
27.6	-26.18	285.637	7151.33
27.6	-26.18	284.547	7166.46
27.6	-26.18	283.45799999999997	7180.51
27.6	-26.18	282.369	7186.61
27.6	-26.18	281.279	7184.0
27.6	-26.18	280.189	7187.01
27.6	-26.18	279.099	7196.3
27.6	-26.18	278.009	7206.21
27.6	-26.18	276.91900000000004	7207.38
27.6	-26.18	275.828	7205.72
27.6	-26.18	274.737	7203.7
27.6	-26.18	273.64599999999996	7192.65
27.6	-26.18	272.555	7194.51
27.6	-26.18	271.46299999999997	7189.45
27.6	-26.18	270.371	7202.87
27.6	-26.18	269.28	7207.89
27.6	-26.18	268.187	7214.74
27.6	-26.18	267.095	7212.62
27.6	-26.18	266.003	7203.71
27.6	-26.18	264.91	7200.22
27.6	-26.18	263.817	7198.12
27.6	-26.18	262.724	7203.27
27.6	-26.18	261.63	7206.31
27.6	-26.18	260.53700000000003	7207.25
27.6	-26.18	259.443	7196.72
27.6	-26.18	258.349	7198.55
27.6	-26.18	257.255	7194.35
27.6	-26.18	256.16	7193.89
27.6	-26.18	255.06599999999997	7172.93
27.6	-26.18	253.97099999999998	7186.89
27.6	-26.18	252.87599999999998	7181.38
27.6	-26.18	251.78099999999998	7175.7
27.6	-26.18	250.685	7169.3
27.6	-26.18	249.59	7169.45
27.6	-26.18	248.49400000000003	7159.22
27.6	-26.18	247.398	7168.57
27.6	-26.18	246.30200000000002	7168.06
27.6	-26.18	245.205	7160.55
27.6	-26.18	244.108	7147.1
27.6	-26.18	243.012	7139.87
27.6	-26.18	241.91400000000002	7129.42
27.6	-26.18	240.817	7113.82
27.6	-26.18	239.72	7122.62
27.6	-26.18	238.622	7135.34
27.6	-26.18	237.524	7142.97
27.6	-26.18	236.426	7133.59
27.6	-26.18	235.328	7134.33
27.6	-26.18	234.229	7128.2
27.6	-26.18	233.13	7115.53
27.6	-26.18	232.03099999999998	7122.91
27.6	-26.18	230.93200000000002	7125.6
27.6	-26.18	229.833	7120.21
27.6	-26.18	228.733	7112.23
27.6	-26.18	227.63299999999998	7110.48
27.6	-26.18	226.533	7104.47
27.6	-26.18	225.433	7103.55
27.6	-26.18	224.333	7100.83
27.6	-26.18	223.232	7092.14
27.6	-26.18	222.13099999999997	7084.35
27.6	-26.18	221.03	7093.99
27.6	-26.18	219.929	7089.66
27.6	-26.18	218.827	7078.05
27.6	-26.18	217.726	7063.93
27.6	-26.18	216.62400000000002	7069.71
27.6	-26.18	215.52200000000002	7066.12
27.6	-26.18	214.419	7068.0
27.6	-26.18	213.317	7067.34
27.6	-26.18	212.21400000000003	7070.36
27.6	-26.18	211.111	7067.31
27.6	-26.18	210.00799999999998	7068.01
27.6	-26.18	208.905	7073.27
27.6	-26.18	207.801	7076.6
27.6	-26.18	206.697	7087.5
27.6	-26.18	205.593	7097.85
27.6	-26.18	204.489	7096.42
27.6	-26.18	203.385	7091.65
27.6	-26.18	202.28	7100.52
27.6	-26.18	201.175	7107.92
27.6	-26.18	200.07	7109.85
