6.45	-29.03	1999.92	1305.72
6.45	-29.03	1999.14	1300.87
6.45	-29.03	1998.35	1296.05
6.45	-29.03	1997.57	1287.8
6.45	-29.03	1996.78	1284.52
6.45	-29.03	1996.0	1281.03
6.45	-29.03	1995.21	1279.1
6.45	-29.03	1994.42	1276.57
6.45	-29.03	1993.64	1273.23
6.45	-29.03	1992.85	1270.74
6.45	-29.03	1992.07	1271.48
6.45	-29.03	1991.28	1273.49
6.45	-29.03	1990.5	1273.57
6.45	-29.03	1989.71	1271.65
6.45	-29.03	1988.92	1273.91
6.45	-29.03	1988.14	1275.73
6.45	-29.03	1987.35	1277.63
6.45	-29.03	1986.56	1274.73
6.45	-29.03	1985.78	1274.24
6.45	-29.03	1984.99	1277.2
6.45	-29.03	1984.2	1274.59
6.45	-29.03	1983.42	1279.6
6.45	-29.03	1982.63	1281.9
6.45	-29.03	1981.84	1290.02
6.45	-29.03	1981.05	1293.81
6.45	-29.03	1980.27	1297.05
6.45	-29.03	1979.48	1302.4
6.45	-29.03	1978.69	1305.38
6.45	-29.03	1977.9	1311.99
6.45	-29.03	1977.11	1308.72
6.45	-29.03	1976.33	1305.07
6.45	-29.03	1975.54	1302.52
6.45	-29.03	1974.75	1305.3
6.45	-29.03	1973.96	1304.77
6.45	-29.03	1973.17	1310.06
6.45	-29.03	1972.38	1311.48
6.45	-29.03	1971.59	1313.5
6.45	-29.03	1970.8	1310.89
6.45	-29.03	1970.01	1306.48
6.45	-29.03	1969.22	1309.15
6.45	-29.03	1968.43	1312.52
6.45	-29.03	1967.64	1315.28
6.45	-29.03	1966.85	1312.21
6.45	-29.03	1966.06	1309.25
6.45	-29.03	1965.27	1316.13
6.45	-29.03	1964.48	1320.47
6.45	-29.03	1963.69	1319.73
6.45	-29.03	1962.9	1317.31
6.45	-29.03	1962.11	1318.6
6.45	-29.03	1961.32	1321.16
6.45	-29.03	1960.53	1320.51
6.45	-29.03	1959.74	1319.76
6.45	-29.03	1958.95	1322.21
6.45	-29.03	1958.16	1324.18
6.45	-29.03	1957.37	1324.75
6.45	-29.03	1956.57	1325.23
6.45	-29.03	1955.78	1329.07
6.45	-29.03	1954.99	1329.8
6.45	-29.03	1954.2	1331.98
6.45	-29.03	1953.41	1330.56
6.45	-29.03	1952.61	1335.16
6.45	-29.03	1951.82	1339.6
6.45	-29.03	1951.03	1339.37
6.45	-29.03	1950.24	1339.7
6.45	-29.03	1949.44	1340.94
6.45	-29.03	1948.65	1341.43
6.45	-29.03	1947.86	1344.56
6.45	-29.03	1947.06	1344.01
6.45	-29.03	1946.27	1343.2
6.45	-29.03	1945.48	1350.03
6.45	-29.03	1944.68	1351.53
6.45	-29.03	1943.89	1351.59
6.45	-29.03	1943.1	1349.49
6.45	-29.03	1942.3	1354.96
6.45	-29.03	1941.51	1364.38
6.45	-29.03	1940.71	1364.68
6.45	-29.03	1939.92	1356.25
6.45	-29.03	1939.12	1353.05
6.45	-29.03	1938.33	1357.72
6.45	-29.03	1937.53	1358.29
6.45	-29.03	1936.74	1361.47
6.45	-29.03	1935.94	1362.41
6.45	-29.03	1935.15	1365.76
6.45	-29.03	1934.35	1368.53
6.45	-29.03	1933.56	1372.31
6.45	-29.03	1932.76	1374.5
6.45	-29.03	1931.97	1378.39
6.45	-29.03	1931.17	1379.77
6.45	-29.03	1930.37	1383.72
6.45	-29.03	1929.58	1383.53
6.45	-29.03	1928.78	1378.46
6.45	-29.03	1927.99	1376.78
6.45	-29.03	1927.19	1376.3
6.45	-29.03	1926.39	1376.47
6.45	-29.03	1925.6	1371.13
6.45	-29.03	1924.8	1370.93
6.45	-29.03	1924.0	1366.3
6.45	-29.03	1923.2	1358.34
6.45	-29.03	1922.41	1351.64
6.45	-29.03	1921.61	1346.31
6.45	-29.03	1920.81	1342.47
6.45	-29.03	1920.01	1340.2
6.45	-29.03	1919.22	1337.41
6.45	-29.03	1918.42	1335.81
6.45	-29.03	1917.62	1335.46
6.45	-29.03	1916.82	1331.07
6.45	-29.03	1916.02	1327.2
6.45	-29.03	1915.22	1328.55
6.45	-29.03	1914.43	1331.37
6.45	-29.03	1913.63	1330.06
6.45	-29.03	1912.83	1333.64
6.45	-29.03	1912.03	1336.24
6.45	-29.03	1911.23	1341.45
6.45	-29.03	1910.43	1346.5
6.45	-29.03	1909.63	1349.24
6.45	-29.03	1908.83	1350.73
6.45	-29.03	1908.03	1354.5
6.45	-29.03	1907.23	1359.77
6.45	-29.03	1906.43	1364.76
6.45	-29.03	1905.63	1367.4
6.45	-29.03	1904.83	1364.58
6.45	-29.03	1904.03	1371.51
6.45	-29.03	1903.23	1371.44
6.45	-29.03	1902.43	1367.33
6.45	-29.03	1901.63	1366.96
6.45	-29.03	1900.83	1368.1
6.45	-29.03	1900.03	1364.3
6.45	-29.03	1899.23	1363.55
6.45	-29.03	1898.42	1360.51
6.45	-29.03	1897.62	1356.48
6.45	-29.03	1896.82	1356.85
6.45	-29.03	1896.02	1354.05
6.45	-29.03	1895.22	1351.54
6.45	-29.03	1894.41	1352.94
6.45	-29.03	1893.61	1351.91
6.45	-29.03	1892.81	1345.88
6.45	-29.03	1892.01	1343.86
6.45	-29.03	1891.21	1340.45
6.45	-29.03	1890.4	1342.67
6.45	-29.03	1889.6	1338.75
6.45	-29.03	1888.8	1339.23
6.45	-29.03	1887.99	1342.58
6.45	-29.03	1887.19	1344.78
6.45	-29.03	1886.39	1347.67
6.45	-29.03	1885.58	1350.5
6.45	-29.03	1884.78	1355.14
6.45	-29.03	1883.98	1361.85
6.45	-29.03	1883.17	1367.03
6.45	-29.03	1882.37	1368.39
6.45	-29.03	1881.56	1376.09
6.45	-29.03	1880.76	1376.18
6.45	-29.03	1879.95	1379.91
6.45	-29.03	1879.15	1380.95
6.45	-29.03	1878.35	1386.67
6.45	-29.03	1877.54	1389.44
6.45	-29.03	1876.74	1395.25
6.45	-29.03	1875.93	1396.89
6.45	-29.03	1875.13	1398.87
6.45	-29.03	1874.32	1400.58
6.45	-29.03	1873.51	1404.64
6.45	-29.03	1872.71	1404.89
6.45	-29.03	1871.9	1402.89
6.45	-29.03	1871.1	1399.02
6.45	-29.03	1870.29	1399.19
6.45	-29.03	1869.48	1396.78
6.45	-29.03	1868.68	1400.42
6.45	-29.03	1867.87	1399.53
6.45	-29.03	1867.06	1403.27
6.45	-29.03	1866.26	1406.28
6.45	-29.03	1865.45	1405.9
6.45	-29.03	1864.64	1409.08
6.45	-29.03	1863.84	1409.11
6.45	-29.03	1863.03	1407.92
6.45	-29.03	1862.22	1413.88
6.45	-29.03	1861.41	1411.21
6.45	-29.03	1860.61	1406.82
6.45	-29.03	1859.8	1409.33
6.45	-29.03	1858.99	1408.37
6.45	-29.03	1858.18	1408.34
6.45	-29.03	1857.37	1412.72
6.45	-29.03	1856.57	1407.85
6.45	-29.03	1855.76	1410.89
6.45	-29.03	1854.95	1414.02
6.45	-29.03	1854.14	1414.48
6.45	-29.03	1853.33	1415.04
6.45	-29.03	1852.52	1421.19
6.45	-29.03	1851.71	1423.6
6.45	-29.03	1850.9	1426.39
6.45	-29.03	1850.09	1426.13
6.45	-29.03	1849.28	1424.89
6.45	-29.03	1848.47	1425.38
6.45	-29.03	1847.66	1427.45
6.45	-29.03	1846.85	1432.32
6.45	-29.03	1846.04	1440.49
6.45	-29.03	1845.23	1440.47
6.45	-29.03	1844.42	1445.49
6.45	-29.03	1843.61	1448.54
6.45	-29.03	1842.8	1454.53
6.45	-29.03	1841.99	1453.96
6.45	-29.03	1841.18	1453.89
6.45	-29.03	1840.37	1450.49
6.45	-29.03	1839.56	1451.13
6.45	-29.03	1838.75	1455.9
6.45	-29.03	1837.94	1462.8
6.45	-29.03	1837.12	1457.65
6.45	-29.03	1836.31	1462.67
6.45	-29.03	1835.5	1469.06
6.45	-29.03	1834.69	1463.93
6.45	-29.03	1833.88	1469.39
6.45	-29.03	1833.06	1475.4
6.45	-29.03	1832.25	1483.14
6.45	-29.03	1831.44	1487.33
6.45	-29.03	1830.63	1489.35
6.45	-29.03	1829.81	1495.19
6.45	-29.03	1829.0	1499.22
6.45	-29.03	1828.19	1502.74
6.45	-29.03	1827.37	1502.94
6.45	-29.03	1826.56	1502.11
6.45	-29.03	1825.75	1498.8
6.45	-29.03	1824.93	1505.58
6.45	-29.03	1824.12	1507.44
6.45	-29.03	1823.3	1506.18
6.45	-29.03	1822.49	1509.26
6.45	-29.03	1821.68	1512.72
6.45	-29.03	1820.86	1514.27
6.45	-29.03	1820.05	1518.64
6.45	-29.03	1819.23	1519.88
6.45	-29.03	1818.42	1516.38
6.45	-29.03	1817.6	1516.53
6.45	-29.03	1816.79	1512.74
6.45	-29.03	1815.97	1512.73
6.45	-29.03	1815.16	1516.52
6.45	-29.03	1814.34	1518.34
6.45	-29.03	1813.53	1520.7
6.45	-29.03	1812.71	1517.94
6.45	-29.03	1811.89	1520.89
6.45	-29.03	1811.08	1516.47
6.45	-29.03	1810.26	1515.41
6.45	-29.03	1809.45	1524.32
6.45	-29.03	1808.63	1528.08
6.45	-29.03	1807.81	1533.43
6.45	-29.03	1807.0	1528.92
6.45	-29.03	1806.18	1530.2
6.45	-29.03	1805.36	1531.7
6.45	-29.03	1804.54	1530.03
6.45	-29.03	1803.73	1529.6
6.45	-29.03	1802.91	1530.57
6.45	-29.03	1802.09	1532.26
6.45	-29.03	1801.27	1532.17
6.45	-29.03	1800.46	1540.29
6.45	-29.03	1799.64	1538.21
6.45	-29.03	1798.82	1541.5
6.45	-29.03	1798.0	1552.02
6.45	-29.03	1797.18	1555.33
6.45	-29.03	1796.37	1553.81
6.45	-29.03	1795.55	1553.58
6.45	-29.03	1794.73	1559.21
6.45	-29.03	1793.91	1563.55
6.45	-29.03	1793.09	1562.93
6.45	-29.03	1792.27	1565.77
6.45	-29.03	1791.45	1573.94
6.45	-29.03	1790.63	1583.01
6.45	-29.03	1789.81	1585.27
6.45	-29.03	1788.99	1590.66
6.45	-29.03	1788.17	1591.74
6.45	-29.03	1787.35	1595.59
6.45	-29.03	1786.53	1597.54
6.45	-29.03	1785.71	1605.89
6.45	-29.03	1784.89	1613.01
6.45	-29.03	1784.07	1618.41
6.45	-29.03	1783.25	1622.53
6.45	-29.03	1782.43	1626.48
6.45	-29.03	1781.61	1635.15
6.45	-29.03	1780.79	1643.17
6.45	-29.03	1779.97	1647.51
6.45	-29.03	1779.14	1655.35
6.45	-29.03	1778.32	1657.98
6.45	-29.03	1777.5	1662.03
6.45	-29.03	1776.68	1669.01
6.45	-29.03	1775.86	1677.15
6.45	-29.03	1775.03	1678.41
6.45	-29.03	1774.21	1686.71
6.45	-29.03	1773.39	1696.27
6.45	-29.03	1772.57	1696.46
6.45	-29.03	1771.74	1702.58
6.45	-29.03	1770.92	1710.6
6.45	-29.03	1770.1	1714.17
6.45	-29.03	1769.28	1720.24
6.45	-29.03	1768.45	1721.82
6.45	-29.03	1767.63	1729.43
6.45	-29.03	1766.81	1734.82
6.45	-29.03	1765.98	1740.73
6.45	-29.03	1765.16	1740.27
6.45	-29.03	1764.33	1743.26
6.45	-29.03	1763.51	1745.89
6.45	-29.03	1762.69	1749.35
6.45	-29.03	1761.86	1753.6
6.45	-29.03	1761.04	1759.76
6.45	-29.03	1760.21	1764.19
6.45	-29.03	1759.39	1766.53
6.45	-29.03	1758.56	1768.42
6.45	-29.03	1757.74	1774.96
6.45	-29.03	1756.91	1777.66
6.45	-29.03	1756.09	1776.28
6.45	-29.03	1755.26	1777.09
6.45	-29.03	1754.44	1779.32
6.45	-29.03	1753.61	1777.13
6.45	-29.03	1752.78	1781.77
6.45	-29.03	1751.96	1789.1
6.45	-29.03	1751.13	1793.17
6.45	-29.03	1750.31	1794.08
6.45	-29.03	1749.48	1793.6
6.45	-29.03	1748.65	1795.2
6.45	-29.03	1747.83	1796.14
6.45	-29.03	1747.0	1799.26
6.45	-29.03	1746.17	1799.04
6.45	-29.03	1745.34	1799.96
6.45	-29.03	1744.52	1807.91
6.45	-29.03	1743.69	1810.26
6.45	-29.03	1742.86	1816.96
6.45	-29.03	1742.03	1817.69
6.45	-29.03	1741.21	1822.93
6.45	-29.03	1740.38	1824.73
6.45	-29.03	1739.55	1828.6
6.45	-29.03	1738.72	1834.42
6.45	-29.03	1737.89	1836.98
6.45	-29.03	1737.07	1837.51
6.45	-29.03	1736.24	1842.62
6.45	-29.03	1735.41	1845.06
6.45	-29.03	1734.58	1843.5
6.45	-29.03	1733.75	1845.32
6.45	-29.03	1732.92	1844.84
6.45	-29.03	1732.09	1843.54
6.45	-29.03	1731.26	1842.65
6.45	-29.03	1730.43	1842.86
6.45	-29.03	1729.6	1843.39
6.45	-29.03	1728.77	1846.36
6.45	-29.03	1727.94	1851.97
6.45	-29.03	1727.11	1856.51
6.45	-29.03	1726.28	1852.43
6.45	-29.03	1725.45	1852.64
6.45	-29.03	1724.62	1855.29
6.45	-29.03	1723.79	1862.05
6.45	-29.03	1722.96	1868.3
6.45	-29.03	1722.13	1871.89
6.45	-29.03	1721.3	1877.22
6.45	-29.03	1720.46	1876.74
6.45	-29.03	1719.63	1877.81
6.45	-29.03	1718.8	1879.73
6.45	-29.03	1717.97	1883.64
6.45	-29.03	1717.14	1880.72
6.45	-29.03	1716.3	1885.86
6.45	-29.03	1715.47	1887.85
6.45	-29.03	1714.64	1891.27
6.45	-29.03	1713.81	1896.07
6.45	-29.03	1712.97	1894.97
6.45	-29.03	1712.14	1897.37
6.45	-29.03	1711.31	1904.85
6.45	-29.03	1710.48	1907.08
6.45	-29.03	1709.64	1912.13
6.45	-29.03	1708.81	1917.93
6.45	-29.03	1707.98	1922.84
6.45	-29.03	1707.14	1931.02
6.45	-29.03	1706.31	1933.73
6.45	-29.03	1705.47	1935.53
6.45	-29.03	1704.64	1942.9
6.45	-29.03	1703.81	1951.66
6.45	-29.03	1702.97	1956.55
6.45	-29.03	1702.14	1957.07
6.45	-29.03	1701.3	1958.66
6.45	-29.03	1700.47	1963.41
6.45	-29.03	1699.63	1970.18
6.45	-29.03	1698.8	1968.46
6.45	-29.03	1697.96	1971.78
6.45	-29.03	1697.13	1967.09
6.45	-29.03	1696.29	1962.51
6.45	-29.03	1695.46	1961.11
6.45	-29.03	1694.62	1967.85
6.45	-29.03	1693.78	1973.42
6.45	-29.03	1692.95	1971.61
6.45	-29.03	1692.11	1970.91
6.45	-29.03	1691.28	1980.17
6.45	-29.03	1690.44	1986.89
6.45	-29.03	1689.6	1993.3
6.45	-29.03	1688.77	1999.38
6.45	-29.03	1687.93	2001.81
6.45	-29.03	1687.09	2014.26
6.45	-29.03	1686.25	2028.99
6.45	-29.03	1685.42	2043.07
6.45	-29.03	1684.58	2057.82
6.45	-29.03	1683.74	2069.63
6.45	-29.03	1682.9	2081.46
6.45	-29.03	1682.07	2093.16
6.45	-29.03	1681.23	2102.85
6.45	-29.03	1680.39	2115.3
6.45	-29.03	1679.55	2124.64
6.45	-29.03	1678.71	2136.11
6.45	-29.03	1677.87	2146.94
6.45	-29.03	1677.04	2155.72
6.45	-29.03	1676.2	2172.26
6.45	-29.03	1675.36	2178.84
6.45	-29.03	1674.52	2195.0
6.45	-29.03	1673.68	2195.93
6.45	-29.03	1672.84	2205.83
6.45	-29.03	1672.0	2214.96
6.45	-29.03	1671.16	2229.46
6.45	-29.03	1670.32	2246.33
6.45	-29.03	1669.48	2264.34
6.45	-29.03	1668.64	2271.18
6.45	-29.03	1667.8	2279.24
6.45	-29.03	1666.96	2299.84
6.45	-29.03	1666.12	2316.75
6.45	-29.03	1665.28	2325.32
6.45	-29.03	1664.44	2337.04
6.45	-29.03	1663.6	2354.16
6.45	-29.03	1662.75	2372.43
6.45	-29.03	1661.91	2387.81
6.45	-29.03	1661.07	2411.42
6.45	-29.03	1660.23	2425.49
6.45	-29.03	1659.39	2432.49
6.45	-29.03	1658.55	2441.66
6.45	-29.03	1657.7	2453.37
6.45	-29.03	1656.86	2467.53
6.45	-29.03	1656.02	2480.93
6.45	-29.03	1655.18	2493.97
6.45	-29.03	1654.33	2502.68
6.45	-29.03	1653.49	2521.77
6.45	-29.03	1652.65	2537.03
6.45	-29.03	1651.81	2551.59
6.45	-29.03	1650.96	2569.87
6.45	-29.03	1650.12	2578.37
6.45	-29.03	1649.28	2595.11
6.45	-29.03	1648.43	2604.71
6.45	-29.03	1647.59	2624.06
6.45	-29.03	1646.74	2646.03
6.45	-29.03	1645.9	2670.23
6.45	-29.03	1645.06	2694.1
6.45	-29.03	1644.21	2720.48
6.45	-29.03	1643.37	2745.36
6.45	-29.03	1642.52	2770.21
6.45	-29.03	1641.68	2780.21
6.45	-29.03	1640.83	2794.14
6.45	-29.03	1639.99	2809.64
6.45	-29.03	1639.14	2832.48
6.45	-29.03	1638.3	2859.23
6.45	-29.03	1637.45	2872.81
6.45	-29.03	1636.61	2885.46
6.45	-29.03	1635.76	2914.08
6.45	-29.03	1634.91	2926.09
6.45	-29.03	1634.07	2938.98
6.45	-29.03	1633.22	2957.89
6.45	-29.03	1632.38	2983.96
6.45	-29.03	1631.53	3013.09
6.45	-29.03	1630.68	3039.58
6.45	-29.03	1629.84	3070.98
6.45	-29.03	1628.99	3100.4
6.45	-29.03	1628.14	3131.38
6.45	-29.03	1627.29	3153.04
6.45	-29.03	1626.45	3179.1
6.45	-29.03	1625.6	3207.39
6.45	-29.03	1624.75	3238.4
6.45	-29.03	1623.9	3266.41
6.45	-29.03	1623.06	3297.53
6.45	-29.03	1622.21	3335.95
6.45	-29.03	1621.36	3380.39
6.45	-29.03	1620.51	3417.93
6.45	-29.03	1619.66	3447.23
6.45	-29.03	1618.81	3472.01
6.45	-29.03	1617.96	3499.86
6.45	-29.03	1617.12	3513.48
6.45	-29.03	1616.27	3536.68
6.45	-29.03	1615.42	3565.37
6.45	-29.03	1614.57	3579.06
6.45	-29.03	1613.72	3600.31
6.45	-29.03	1612.87	3614.53
6.45	-29.03	1612.02	3621.08
6.45	-29.03	1611.17	3629.83
6.45	-29.03	1610.32	3638.44
6.45	-29.03	1609.47	3639.39
6.45	-29.03	1608.62	3645.26
6.45	-29.03	1607.77	3647.56
6.45	-29.03	1606.92	3660.37
6.45	-29.03	1606.06	3666.89
6.45	-29.03	1605.21	3667.08
6.45	-29.03	1604.36	3675.12
6.45	-29.03	1603.51	3676.58
6.45	-29.03	1602.66	3675.15
6.45	-29.03	1601.81	3675.06
6.45	-29.03	1600.96	3680.83
6.45	-29.03	1600.1	3690.53
6.45	-29.03	1599.25	3699.53
6.45	-29.03	1598.4	3700.86
6.45	-29.03	1597.55	3712.84
6.45	-29.03	1596.69	3723.75
6.45	-29.03	1595.84	3729.68
6.45	-29.03	1594.99	3733.23
6.45	-29.03	1594.14	3739.23
6.45	-29.03	1593.28	3738.38
6.45	-29.03	1592.43	3756.46
6.45	-29.03	1591.58	3767.17
6.45	-29.03	1590.72	3772.78
6.45	-29.03	1589.87	3767.55
6.45	-29.03	1589.02	3771.89
6.45	-29.03	1588.16	3781.21
6.45	-29.03	1587.31	3784.67
6.45	-29.03	1586.45	3786.03
6.45	-29.03	1585.6	3788.07
6.45	-29.03	1584.74	3793.96
6.45	-29.03	1583.89	3800.7
6.45	-29.03	1583.03	3804.09
6.45	-29.03	1582.18	3805.95
6.45	-29.03	1581.32	3825.45
6.45	-29.03	1580.47	3838.35
6.45	-29.03	1579.61	3852.4
6.45	-29.03	1578.76	3872.85
6.45	-29.03	1577.9	3883.21
6.45	-29.03	1577.05	3898.64
6.45	-29.03	1576.19	3911.5
6.45	-29.03	1575.33	3925.95
6.45	-29.03	1574.48	3939.87
6.45	-29.03	1573.62	3951.2
6.45	-29.03	1572.76	3964.32
6.45	-29.03	1571.91	3979.67
6.45	-29.03	1571.05	3985.22
6.45	-29.03	1570.19	4000.28
6.45	-29.03	1569.34	4014.71
6.45	-29.03	1568.48	4034.64
6.45	-29.03	1567.62	4049.37
6.45	-29.03	1566.76	4067.55
6.45	-29.03	1565.91	4072.56
6.45	-29.03	1565.05	4074.69
6.45	-29.03	1564.19	4095.84
6.45	-29.03	1563.33	4112.23
6.45	-29.03	1562.47	4120.67
6.45	-29.03	1561.62	4135.06
6.45	-29.03	1560.76	4153.79
6.45	-29.03	1559.9	4170.01
6.45	-29.03	1559.04	4182.97
6.45	-29.03	1558.18	4198.81
6.45	-29.03	1557.32	4218.64
6.45	-29.03	1556.46	4244.4
6.45	-29.03	1555.6	4268.06
6.45	-29.03	1554.74	4283.33
6.45	-29.03	1553.88	4305.92
6.45	-29.03	1553.02	4330.08
6.45	-29.03	1552.16	4353.97
6.45	-29.03	1551.3	4381.26
6.45	-29.03	1550.44	4400.96
6.45	-29.03	1549.58	4415.75
6.45	-29.03	1548.72	4428.21
6.45	-29.03	1547.86	4441.73
6.45	-29.03	1547.0	4463.61
6.45	-29.03	1546.14	4473.01
6.45	-29.03	1545.28	4478.05
6.45	-29.03	1544.41	4490.78
6.45	-29.03	1543.55	4501.44
6.45	-29.03	1542.69	4510.78
6.45	-29.03	1541.83	4505.99
6.45	-29.03	1540.97	4502.47
6.45	-29.03	1540.1	4506.55
6.45	-29.03	1539.24	4507.03
6.45	-29.03	1538.38	4513.82
6.45	-29.03	1537.52	4509.49
6.45	-29.03	1536.65	4516.64
6.45	-29.03	1535.79	4524.48
6.45	-29.03	1534.93	4528.84
6.45	-29.03	1534.06	4523.07
6.45	-29.03	1533.2	4517.49
6.45	-29.03	1532.34	4522.17
6.45	-29.03	1531.47	4526.5
6.45	-29.03	1530.61	4532.41
6.45	-29.03	1529.75	4528.62
6.45	-29.03	1528.88	4530.79
6.45	-29.03	1528.02	4531.82
6.45	-29.03	1527.15	4533.25
6.45	-29.03	1526.29	4525.95
6.45	-29.03	1525.42	4513.31
6.45	-29.03	1524.56	4503.09
6.45	-29.03	1523.69	4488.66
6.45	-29.03	1522.83	4471.75
6.45	-29.03	1521.96	4455.69
6.45	-29.03	1521.1	4448.13
6.45	-29.03	1520.23	4431.39
6.45	-29.03	1519.37	4416.24
6.45	-29.03	1518.5	4403.0
6.45	-29.03	1517.63	4397.99
6.45	-29.03	1516.77	4383.71
6.45	-29.03	1515.9	4374.81
6.45	-29.03	1515.03	4365.84
6.45	-29.03	1514.17	4357.58
6.45	-29.03	1513.3	4354.34
6.45	-29.03	1512.43	4358.16
6.45	-29.03	1511.57	4360.11
6.45	-29.03	1510.7	4375.29
6.45	-29.03	1509.83	4379.06
6.45	-29.03	1508.96	4388.23
6.45	-29.03	1508.1	4400.75
6.45	-29.03	1507.23	4420.05
6.45	-29.03	1506.36	4441.35
6.45	-29.03	1505.49	4461.7
6.45	-29.03	1504.62	4479.59
6.45	-29.03	1503.76	4496.73
6.45	-29.03	1502.89	4524.82
6.45	-29.03	1502.02	4556.83
6.45	-29.03	1501.15	4588.36
6.45	-29.03	1500.28	4612.54
6.45	-29.03	1499.41	4642.67
6.45	-29.03	1498.54	4678.33
6.45	-29.03	1497.67	4706.98
6.45	-29.03	1496.8	4743.28
6.45	-29.03	1495.93	4781.51
6.45	-29.03	1495.06	4823.82
6.45	-29.03	1494.19	4849.42
6.45	-29.03	1493.32	4878.05
6.45	-29.03	1492.45	4902.48
6.45	-29.03	1491.58	4925.7
6.45	-29.03	1490.71	4938.7
6.45	-29.03	1489.84	4954.75
6.45	-29.03	1488.97	4963.05
6.45	-29.03	1488.1	4975.77
6.45	-29.03	1487.23	4984.42
6.45	-29.03	1486.35	4982.42
6.45	-29.03	1485.48	4987.19
6.45	-29.03	1484.61	4989.58
6.45	-29.03	1483.74	4984.56
6.45	-29.03	1482.87	4982.54
6.45	-29.03	1481.99	4975.77
6.45	-29.03	1481.12	4969.33
6.45	-29.03	1480.25	4956.22
6.45	-29.03	1479.38	4946.01
6.45	-29.03	1478.5	4925.24
6.45	-29.03	1477.63	4914.48
6.45	-29.03	1476.76	4898.48
6.45	-29.03	1475.88	4870.09
6.45	-29.03	1475.01	4837.33
6.45	-29.03	1474.14	4804.63
6.45	-29.03	1473.26	4776.34
6.45	-29.03	1472.39	4742.39
6.45	-29.03	1471.51	4704.71
6.45	-29.03	1470.64	4669.16
6.45	-29.03	1469.77	4618.24
6.45	-29.03	1468.89	4570.41
6.45	-29.03	1468.02	4519.19
6.45	-29.03	1467.14	4477.04
6.45	-29.03	1466.27	4419.57
6.45	-29.03	1465.39	4366.6
6.45	-29.03	1464.52	4317.08
6.45	-29.03	1463.64	4268.93
6.45	-29.03	1462.77	4217.08
6.45	-29.03	1461.89	4178.35
6.45	-29.03	1461.01	4136.26
6.45	-29.03	1460.14	4105.19
6.45	-29.03	1459.26	4082.16
6.45	-29.03	1458.39	4043.5
6.45	-29.03	1457.51	4018.41
6.45	-29.03	1456.63	3993.07
6.45	-29.03	1455.76	3969.84
6.45	-29.03	1454.88	3951.67
6.45	-29.03	1454.0	3935.28
6.45	-29.03	1453.12	3922.4
6.45	-29.03	1452.25	3897.7
6.45	-29.03	1451.37	3891.09
6.45	-29.03	1450.49	3880.54
6.45	-29.03	1449.61	3869.41
6.45	-29.03	1448.74	3859.41
6.45	-29.03	1447.86	3848.86
6.45	-29.03	1446.98	3833.73
6.45	-29.03	1446.1	3824.22
6.45	-29.03	1445.22	3815.01
6.45	-29.03	1444.34	3803.14
6.45	-29.03	1443.46	3787.54
6.45	-29.03	1442.58	3777.7
6.45	-29.03	1441.71	3773.66
6.45	-29.03	1440.83	3767.35
6.45	-29.03	1439.95	3755.61
6.45	-29.03	1439.07	3750.57
6.45	-29.03	1438.19	3743.7
6.45	-29.03	1437.31	3737.77
6.45	-29.03	1436.43	3736.28
6.45	-29.03	1435.55	3733.4
6.45	-29.03	1434.67	3726.82
6.45	-29.03	1433.79	3724.64
6.45	-29.03	1432.9	3705.55
6.45	-29.03	1432.02	3700.0
6.45	-29.03	1431.14	3697.84
6.45	-29.03	1430.26	3697.6
6.45	-29.03	1429.38	3690.84
6.45	-29.03	1428.5	3692.58
6.45	-29.03	1427.62	3699.42
6.45	-29.03	1426.74	3700.17
6.45	-29.03	1425.85	3698.38
6.45	-29.03	1424.97	3711.0
6.45	-29.03	1424.09	3714.64
6.45	-29.03	1423.21	3715.92
6.45	-29.03	1422.32	3718.07
6.45	-29.03	1421.44	3720.09
6.45	-29.03	1420.56	3725.67
6.45	-29.03	1419.67	3737.33
6.45	-29.03	1418.79	3740.22
6.45	-29.03	1417.91	3740.06
6.45	-29.03	1417.02	3743.77
6.45	-29.03	1416.14	3759.74
6.45	-29.03	1415.26	3774.6
6.45	-29.03	1414.37	3782.11
6.45	-29.03	1413.49	3780.9
6.45	-29.03	1412.6	3797.42
6.45	-29.03	1411.72	3795.75
6.45	-29.03	1410.84	3799.67
6.45	-29.03	1409.95	3801.37
6.45	-29.03	1409.07	3794.81
6.45	-29.03	1408.18	3792.71
6.45	-29.03	1407.3	3792.69
6.45	-29.03	1406.41	3792.55
6.45	-29.03	1405.52	3802.49
6.45	-29.03	1404.64	3796.82
6.45	-29.03	1403.75	3797.35
6.45	-29.03	1402.87	3793.45
6.45	-29.03	1401.98	3800.55
6.45	-29.03	1401.09	3802.47
6.45	-29.03	1400.21	3797.12
6.45	-29.03	1399.32	3790.55
6.45	-29.03	1398.43	3794.81
6.45	-29.03	1397.55	3790.15
6.45	-29.03	1396.66	3786.0
6.45	-29.03	1395.77	3784.81
6.45	-29.03	1394.89	3781.49
6.45	-29.03	1394.0	3784.63
6.45	-29.03	1393.11	3787.22
6.45	-29.03	1392.22	3782.39
6.45	-29.03	1391.34	3781.98
6.45	-29.03	1390.45	3795.91
6.45	-29.03	1389.56	3801.76
6.45	-29.03	1388.67	3799.91
6.45	-29.03	1387.78	3796.88
6.45	-29.03	1386.89	3797.87
6.45	-29.03	1386.0	3809.47
6.45	-29.03	1385.11	3799.72
6.45	-29.03	1384.23	3803.5
6.45	-29.03	1383.34	3804.57
6.45	-29.03	1382.45	3803.52
6.45	-29.03	1381.56	3803.43
6.45	-29.03	1380.67	3809.24
6.45	-29.03	1379.78	3818.74
6.45	-29.03	1378.89	3819.37
6.45	-29.03	1378.0	3821.2
6.45	-29.03	1377.11	3824.56
6.45	-29.03	1376.22	3827.88
6.45	-29.03	1375.32	3831.79
6.45	-29.03	1374.43	3832.19
6.45	-29.03	1373.54	3828.4
6.45	-29.03	1372.65	3830.07
6.45	-29.03	1371.76	3836.51
6.45	-29.03	1370.87	3832.84
6.45	-29.03	1369.98	3834.91
6.45	-29.03	1369.08	3833.85
6.45	-29.03	1368.19	3840.64
6.45	-29.03	1367.3	3843.21
6.45	-29.03	1366.41	3852.38
6.45	-29.03	1365.52	3848.47
6.45	-29.03	1364.62	3863.88
6.45	-29.03	1363.73	3875.29
6.45	-29.03	1362.84	3877.7
6.45	-29.03	1361.94	3876.17
6.45	-29.03	1361.05	3881.69
6.45	-29.03	1360.16	3896.36
6.45	-29.03	1359.26	3898.91
6.45	-29.03	1358.37	3907.93
6.45	-29.03	1357.48	3920.56
6.45	-29.03	1356.58	3930.2
6.45	-29.03	1355.69	3941.28
6.45	-29.03	1354.79	3959.54
6.45	-29.03	1353.9	3982.13
6.45	-29.03	1353.0	4008.08
6.45	-29.03	1352.11	4022.07
6.45	-29.03	1351.21	4036.2
6.45	-29.03	1350.32	4060.75
6.45	-29.03	1349.42	4083.3
6.45	-29.03	1348.53	4106.43
6.45	-29.03	1347.63	4135.97
6.45	-29.03	1346.74	4161.38
6.45	-29.03	1345.84	4182.67
6.45	-29.03	1344.94	4204.85
6.45	-29.03	1344.05	4228.8
6.45	-29.03	1343.15	4247.37
6.45	-29.03	1342.26	4269.92
6.45	-29.03	1341.36	4289.22
6.45	-29.03	1340.46	4294.45
6.45	-29.03	1339.56	4307.64
6.45	-29.03	1338.67	4311.32
6.45	-29.03	1337.77	4317.05
6.45	-29.03	1336.87	4315.24
6.45	-29.03	1335.97	4304.14
6.45	-29.03	1335.08	4297.72
6.45	-29.03	1334.18	4299.16
6.45	-29.03	1333.28	4285.05
6.45	-29.03	1332.38	4260.74
6.45	-29.03	1331.48	4258.02
6.45	-29.03	1330.59	4249.93
6.45	-29.03	1329.69	4235.65
6.45	-29.03	1328.79	4229.16
6.45	-29.03	1327.89	4227.88
6.45	-29.03	1326.99	4221.61
6.45	-29.03	1326.09	4213.61
6.45	-29.03	1325.19	4200.9
6.45	-29.03	1324.29	4202.38
6.45	-29.03	1323.39	4216.63
6.45	-29.03	1322.49	4219.16
6.45	-29.03	1321.59	4218.76
6.45	-29.03	1320.69	4219.18
6.45	-29.03	1319.79	4213.59
6.45	-29.03	1318.89	4207.2
6.45	-29.03	1317.99	4209.6
6.45	-29.03	1317.09	4203.72
6.45	-29.03	1316.19	4192.93
6.45	-29.03	1315.29	4195.26
6.45	-29.03	1314.38	4176.05
6.45	-29.03	1313.48	4167.28
6.45	-29.03	1312.58	4165.35
6.45	-29.03	1311.68	4157.46
6.45	-29.03	1310.78	4146.97
6.45	-29.03	1309.87	4143.22
6.45	-29.03	1308.97	4127.72
6.45	-29.03	1308.07	4125.66
6.45	-29.03	1307.17	4105.94
6.45	-29.03	1306.26	4088.21
6.45	-29.03	1305.36	4077.75
6.45	-29.03	1304.46	4078.01
6.45	-29.03	1303.55	4077.26
6.45	-29.03	1302.65	4065.82
6.45	-29.03	1301.75	4064.31
6.45	-29.03	1300.84	4069.57
6.45	-29.03	1299.94	4064.58
6.45	-29.03	1299.03	4061.48
6.45	-29.03	1298.13	4062.83
6.45	-29.03	1297.23	4077.2
6.45	-29.03	1296.32	4075.33
6.45	-29.03	1295.42	4065.86
6.45	-29.03	1294.51	4056.96
6.45	-29.03	1293.61	4061.92
6.45	-29.03	1292.7	4061.13
6.45	-29.03	1291.8	4057.14
6.45	-29.03	1290.89	4065.08
6.45	-29.03	1289.98	4062.24
6.45	-29.03	1289.08	4067.3
6.45	-29.03	1288.17	4069.79
6.45	-29.03	1287.27	4069.37
6.45	-29.03	1286.36	4078.68
6.45	-29.03	1285.45	4086.65
6.45	-29.03	1284.55	4082.92
6.45	-29.03	1283.64	4072.04
6.45	-29.03	1282.73	4066.03
6.45	-29.03	1281.83	4059.09
6.45	-29.03	1280.92	4058.29
6.45	-29.03	1280.01	4045.61
6.45	-29.03	1279.1	4028.59
6.45	-29.03	1278.2	4017.74
6.45	-29.03	1277.29	4002.91
6.45	-29.03	1276.38	3987.9
6.45	-29.03	1275.47	3965.51
6.45	-29.03	1274.56	3960.25
6.45	-29.03	1273.65	3951.81
6.45	-29.03	1272.75	3925.2
6.45	-29.03	1271.84	3910.23
6.45	-29.03	1270.93	3902.33
6.45	-29.03	1270.02	3887.24
6.45	-29.03	1269.11	3865.87
6.45	-29.03	1268.2	3850.54
6.45	-29.03	1267.29	3841.37
6.45	-29.03	1266.38	3835.98
6.45	-29.03	1265.47	3816.37
6.45	-29.03	1264.56	3805.57
6.45	-29.03	1263.65	3803.22
6.45	-29.03	1262.74	3796.18
6.45	-29.03	1261.83	3790.49
6.45	-29.03	1260.92	3787.81
6.45	-29.03	1260.01	3800.8
6.45	-29.03	1259.1	3801.6
6.45	-29.03	1258.18	3800.6
6.45	-29.03	1257.27	3794.23
6.45	-29.03	1256.36	3798.81
6.45	-29.03	1255.45	3807.49
6.45	-29.03	1254.54	3814.83
6.45	-29.03	1253.62	3824.47
6.45	-29.03	1252.71	3832.32
6.45	-29.03	1251.8	3838.42
6.45	-29.03	1250.89	3852.42
6.45	-29.03	1249.97	3860.23
6.45	-29.03	1249.06	3872.16
6.45	-29.03	1248.15	3888.96
6.45	-29.03	1247.24	3908.39
6.45	-29.03	1246.32	3915.59
6.45	-29.03	1245.41	3929.51
6.45	-29.03	1244.49	3953.94
6.45	-29.03	1243.58	3978.57
6.45	-29.03	1242.67	3990.9
6.45	-29.03	1241.75	4019.41
6.45	-29.03	1240.84	4040.42
6.45	-29.03	1239.92	4055.88
6.45	-29.03	1239.01	4075.1
6.45	-29.03	1238.09	4091.21
6.45	-29.03	1237.18	4115.7
6.45	-29.03	1236.26	4135.27
6.45	-29.03	1235.35	4160.34
6.45	-29.03	1234.43	4183.13
6.45	-29.03	1233.52	4214.24
6.45	-29.03	1232.6	4238.8
6.45	-29.03	1231.69	4264.95
6.45	-29.03	1230.77	4297.71
6.45	-29.03	1229.85	4334.33
6.45	-29.03	1228.94	4380.35
6.45	-29.03	1228.02	4420.77
6.45	-29.03	1227.1	4474.69
6.45	-29.03	1226.19	4528.4
6.45	-29.03	1225.27	4577.37
6.45	-29.03	1224.35	4617.07
6.45	-29.03	1223.43	4656.05
6.45	-29.03	1222.52	4696.42
6.45	-29.03	1221.6	4731.8
6.45	-29.03	1220.68	4752.03
6.45	-29.03	1219.76	4779.74
6.45	-29.03	1218.84	4799.74
6.45	-29.03	1217.93	4823.81
6.45	-29.03	1217.01	4843.31
6.45	-29.03	1216.09	4865.2
6.45	-29.03	1215.17	4886.37
6.45	-29.03	1214.25	4913.11
6.45	-29.03	1213.33	4927.76
6.45	-29.03	1212.41	4952.02
6.45	-29.03	1211.49	4992.74
6.45	-29.03	1210.57	5017.59
6.45	-29.03	1209.65	5041.55
6.45	-29.03	1208.73	5067.94
6.45	-29.03	1207.81	5102.26
6.45	-29.03	1206.89	5120.08
6.45	-29.03	1205.97	5134.4
6.45	-29.03	1205.05	5145.79
6.45	-29.03	1204.13	5150.95
6.45	-29.03	1203.21	5148.61
6.45	-29.03	1202.29	5142.67
6.45	-29.03	1201.37	5132.99
6.45	-29.03	1200.45	5108.83
6.45	-29.03	1199.52	5081.7
6.45	-29.03	1198.6	5037.05
6.45	-29.03	1197.68	4982.39
6.45	-29.03	1196.76	4921.09
6.45	-29.03	1195.84	4848.17
6.45	-29.03	1194.91	4767.53
6.45	-29.03	1193.99	4683.75
6.45	-29.03	1193.07	4587.27
6.45	-29.03	1192.14	4507.98
6.45	-29.03	1191.22	4418.92
6.45	-29.03	1190.3	4338.57
6.45	-29.03	1189.37	4269.42
6.45	-29.03	1188.45	4210.3
6.45	-29.03	1187.53	4157.28
6.45	-29.03	1186.6	4112.3
6.45	-29.03	1185.68	4085.42
6.45	-29.03	1184.76	4070.39
6.45	-29.03	1183.83	4054.59
6.45	-29.03	1182.91	4038.84
6.45	-29.03	1181.98	4044.25
6.45	-29.03	1181.06	4060.5
6.45	-29.03	1180.13	4068.21
6.45	-29.03	1179.21	4079.76
6.45	-29.03	1178.28	4099.47
6.45	-29.03	1177.36	4119.16
6.45	-29.03	1176.43	4144.25
6.45	-29.03	1175.5	4178.73
6.45	-29.03	1174.58	4217.07
6.45	-29.03	1173.65	4256.56
6.45	-29.03	1172.72	4281.25
6.45	-29.03	1171.8	4320.18
6.45	-29.03	1170.87	4350.05
6.45	-29.03	1169.94	4381.74
6.45	-29.03	1169.02	4408.54
6.45	-29.03	1168.09	4431.63
6.45	-29.03	1167.16	4464.67
6.45	-29.03	1166.24	4488.45
6.45	-29.03	1165.31	4485.9
6.45	-29.03	1164.38	4477.17
6.45	-29.03	1163.45	4466.43
6.45	-29.03	1162.52	4449.25
6.45	-29.03	1161.6	4424.06
6.45	-29.03	1160.67	4397.43
6.45	-29.03	1159.74	4357.65
6.45	-29.03	1158.81	4312.76
6.45	-29.03	1157.88	4262.1
6.45	-29.03	1156.95	4203.3
6.45	-29.03	1156.02	4144.65
6.45	-29.03	1155.09	4085.8
6.45	-29.03	1154.16	4028.66
6.45	-29.03	1153.23	3967.5
6.45	-29.03	1152.3	3900.54
6.45	-29.03	1151.37	3841.36
6.45	-29.03	1150.44	3781.04
6.45	-29.03	1149.51	3724.53
6.45	-29.03	1148.58	3675.81
6.45	-29.03	1147.65	3621.95
6.45	-29.03	1146.72	3572.67
6.45	-29.03	1145.79	3524.52
6.45	-29.03	1144.86	3479.96
6.45	-29.03	1143.92	3460.69
6.45	-29.03	1142.99	3432.29
6.45	-29.03	1142.06	3414.93
6.45	-29.03	1141.13	3403.82
6.45	-29.03	1140.2	3403.49
6.45	-29.03	1139.26	3402.21
6.45	-29.03	1138.33	3393.82
6.45	-29.03	1137.4	3384.28
6.45	-29.03	1136.47	3382.06
6.45	-29.03	1135.53	3385.61
6.45	-29.03	1134.6	3384.82
6.45	-29.03	1133.67	3383.47
6.45	-29.03	1132.73	3390.6
6.45	-29.03	1131.8	3386.32
6.45	-29.03	1130.87	3378.66
6.45	-29.03	1129.93	3374.08
6.45	-29.03	1129.0	3367.61
6.45	-29.03	1128.06	3360.68
6.45	-29.03	1127.13	3342.55
6.45	-29.03	1126.19	3333.44
6.45	-29.03	1125.26	3315.98
6.45	-29.03	1124.32	3294.25
6.45	-29.03	1123.39	3274.65
6.45	-29.03	1122.45	3249.84
6.45	-29.03	1121.52	3224.32
6.45	-29.03	1120.58	3197.32
6.45	-29.03	1119.65	3166.29
6.45	-29.03	1118.71	3140.73
6.45	-29.03	1117.78	3121.5
6.45	-29.03	1116.84	3101.17
6.45	-29.03	1115.9	3083.68
6.45	-29.03	1114.97	3064.52
6.45	-29.03	1114.03	3052.17
6.45	-29.03	1113.09	3040.68
6.45	-29.03	1112.15	3028.77
6.45	-29.03	1111.22	3025.98
6.45	-29.03	1110.28	3022.01
6.45	-29.03	1109.34	3014.28
6.45	-29.03	1108.4	3007.24
6.45	-29.03	1107.47	3000.39
6.45	-29.03	1106.53	2998.25
6.45	-29.03	1105.59	2996.17
6.45	-29.03	1104.65	2992.65
6.45	-29.03	1103.71	2987.18
6.45	-29.03	1102.77	2980.3
6.45	-29.03	1101.83	2969.59
6.45	-29.03	1100.9	2958.89
6.45	-29.03	1099.96	2954.58
6.45	-29.03	1099.02	2947.92
6.45	-29.03	1098.08	2949.53
6.45	-29.03	1097.14	2940.64
6.45	-29.03	1096.2	2941.31
6.45	-29.03	1095.26	2938.21
6.45	-29.03	1094.32	2930.26
6.45	-29.03	1093.38	2930.07
6.45	-29.03	1092.44	2935.13
6.45	-29.03	1091.49	2938.87
6.45	-29.03	1090.55	2942.02
6.45	-29.03	1089.61	2955.86
6.45	-29.03	1088.67	2961.33
6.45	-29.03	1087.73	2968.6
6.45	-29.03	1086.79	2980.32
6.45	-29.03	1085.85	2990.08
6.45	-29.03	1084.9	2999.61
6.45	-29.03	1083.96	3013.2
6.45	-29.03	1083.02	3030.42
6.45	-29.03	1082.08	3041.62
6.45	-29.03	1081.13	3057.98
6.45	-29.03	1080.19	3076.17
6.45	-29.03	1079.25	3082.71
6.45	-29.03	1078.31	3099.07
6.45	-29.03	1077.36	3112.06
6.45	-29.03	1076.42	3121.65
6.45	-29.03	1075.48	3128.65
6.45	-29.03	1074.53	3133.27
6.45	-29.03	1073.59	3127.45
6.45	-29.03	1072.64	3129.88
6.45	-29.03	1071.7	3132.82
6.45	-29.03	1070.75	3129.96
6.45	-29.03	1069.81	3120.37
6.45	-29.03	1068.86	3104.42
6.45	-29.03	1067.92	3092.51
6.45	-29.03	1066.97	3072.74
6.45	-29.03	1066.03	3056.53
6.45	-29.03	1065.08	3042.09
6.45	-29.03	1064.14	3026.67
6.45	-29.03	1063.19	3006.87
6.45	-29.03	1062.25	2984.16
6.45	-29.03	1061.3	2969.72
6.45	-29.03	1060.35	2946.79
6.45	-29.03	1059.41	2924.47
6.45	-29.03	1058.46	2909.17
6.45	-29.03	1057.51	2892.23
6.45	-29.03	1056.57	2880.04
6.45	-29.03	1055.62	2874.13
6.45	-29.03	1054.67	2865.82
6.45	-29.03	1053.72	2865.02
6.45	-29.03	1052.78	2875.02
6.45	-29.03	1051.83	2880.04
6.45	-29.03	1050.88	2877.94
6.45	-29.03	1049.93	2894.8
6.45	-29.03	1048.98	2910.79
6.45	-29.03	1048.03	2927.28
6.45	-29.03	1047.09	2944.77
6.45	-29.03	1046.14	2962.84
6.45	-29.03	1045.19	2977.79
6.45	-29.03	1044.24	3000.94
6.45	-29.03	1043.29	3018.21
6.45	-29.03	1042.34	3034.42
6.45	-29.03	1041.39	3045.84
6.45	-29.03	1040.44	3063.39
6.45	-29.03	1039.49	3080.36
6.45	-29.03	1038.54	3091.39
6.45	-29.03	1037.59	3105.11
6.45	-29.03	1036.64	3117.3
6.45	-29.03	1035.69	3116.91
6.45	-29.03	1034.74	3123.22
6.45	-29.03	1033.79	3122.63
6.45	-29.03	1032.83	3125.2
6.45	-29.03	1031.88	3124.63
6.45	-29.03	1030.93	3117.04
6.45	-29.03	1029.98	3111.48
6.45	-29.03	1029.03	3112.37
6.45	-29.03	1028.07	3105.48
6.45	-29.03	1027.12	3104.81
6.45	-29.03	1026.17	3109.18
6.45	-29.03	1025.22	3121.93
6.45	-29.03	1024.26	3125.77
6.45	-29.03	1023.31	3116.77
6.45	-29.03	1022.36	3115.23
6.45	-29.03	1021.4	3124.24
6.45	-29.03	1020.45	3123.5
6.45	-29.03	1019.5	3119.49
6.45	-29.03	1018.54	3112.07
6.45	-29.03	1017.59	3104.95
6.45	-29.03	1016.64	3100.44
6.45	-29.03	1015.68	3090.38
6.45	-29.03	1014.73	3085.86
6.45	-29.03	1013.77	3080.93
6.45	-29.03	1012.82	3069.02
6.45	-29.03	1011.86	3063.51
6.45	-29.03	1010.91	3053.08
6.45	-29.03	1009.95	3033.73
6.45	-29.03	1009.0	3020.04
6.45	-29.03	1008.04	2996.2
6.45	-29.03	1007.08	2973.3
6.45	-29.03	1006.13	2958.08
6.45	-29.03	1005.17	2936.55
6.45	-29.03	1004.22	2916.35
6.45	-29.03	1003.26	2896.33
6.45	-29.03	1002.3	2874.19
6.45	-29.03	1001.34	2854.45
6.45	-29.03	1000.39	2838.02
6.45	-29.03	999.431	2819.41
6.45	-29.03	998.4730000000001	2815.52
6.45	-29.03	997.515	2806.09
6.45	-29.03	996.558	2791.36
6.45	-29.03	995.6	2770.92
6.45	-29.03	994.6410000000001	2756.47
6.45	-29.03	993.683	2744.0
6.45	-29.03	992.725	2730.71
6.45	-29.03	991.7660000000001	2711.14
6.45	-29.03	990.807	2698.1
6.45	-29.03	989.8480000000001	2678.39
6.45	-29.03	988.8889999999999	2667.37
6.45	-29.03	987.93	2650.81
6.45	-29.03	986.97	2639.37
6.45	-29.03	986.01	2631.27
6.45	-29.03	985.05	2618.92
6.45	-29.03	984.09	2607.9
6.45	-29.03	983.13	2605.88
6.45	-29.03	982.17	2595.67
6.45	-29.03	981.209	2592.0
6.45	-29.03	980.248	2591.75
6.45	-29.03	979.288	2586.13
6.45	-29.03	978.326	2590.44
6.45	-29.03	977.365	2590.57
6.45	-29.03	976.404	2595.58
6.45	-29.03	975.442	2600.91
6.45	-29.03	974.48	2604.35
6.45	-29.03	973.518	2609.23
6.45	-29.03	972.556	2611.57
6.45	-29.03	971.5939999999999	2612.91
6.45	-29.03	970.632	2618.02
6.45	-29.03	969.669	2627.44
6.45	-29.03	968.706	2629.75
6.45	-29.03	967.743	2633.62
6.45	-29.03	966.78	2634.67
6.45	-29.03	965.817	2638.76
6.45	-29.03	964.8530000000001	2634.35
6.45	-29.03	963.8889999999999	2626.43
6.45	-29.03	962.926	2623.06
6.45	-29.03	961.961	2621.59
6.45	-29.03	960.997	2614.48
6.45	-29.03	960.033	2612.67
6.45	-29.03	959.068	2609.25
6.45	-29.03	958.1039999999999	2610.3
6.45	-29.03	957.1389999999999	2600.7
6.45	-29.03	956.174	2602.04
6.45	-29.03	955.2080000000001	2601.2
6.45	-29.03	954.243	2597.59
6.45	-29.03	953.2769999999999	2594.99
6.45	-29.03	952.312	2602.1
6.45	-29.03	951.346	2605.88
6.45	-29.03	950.38	2609.13
6.45	-29.03	949.413	2613.67
6.45	-29.03	948.447	2617.54
6.45	-29.03	947.48	2619.77
6.45	-29.03	946.513	2620.91
6.45	-29.03	945.546	2620.7
6.45	-29.03	944.579	2618.97
6.45	-29.03	943.612	2616.71
6.45	-29.03	942.6439999999999	2614.68
6.45	-29.03	941.677	2617.85
6.45	-29.03	940.709	2623.78
6.45	-29.03	939.7410000000001	2619.77
6.45	-29.03	938.773	2610.02
6.45	-29.03	937.804	2607.31
6.45	-29.03	936.836	2605.63
6.45	-29.03	935.867	2597.64
6.45	-29.03	934.898	2592.8
6.45	-29.03	933.929	2599.15
6.45	-29.03	932.96	2596.55
6.45	-29.03	931.99	2592.68
6.45	-29.03	931.0210000000001	2589.0
6.45	-29.03	930.051	2586.74
6.45	-29.03	929.081	2582.68
6.45	-29.03	928.1110000000001	2571.28
6.45	-29.03	927.1410000000001	2573.72
6.45	-29.03	926.17	2571.19
6.45	-29.03	925.199	2571.55
6.45	-29.03	924.2289999999999	2580.92
6.45	-29.03	923.258	2581.11
6.45	-29.03	922.2860000000001	2580.52
6.45	-29.03	921.315	2578.71
6.45	-29.03	920.3439999999999	2578.39
6.45	-29.03	919.372	2579.2
6.45	-29.03	918.4	2576.38
6.45	-29.03	917.428	2573.56
6.45	-29.03	916.456	2578.04
6.45	-29.03	915.4830000000001	2578.99
6.45	-29.03	914.5110000000001	2590.35
6.45	-29.03	913.538	2594.63
6.45	-29.03	912.565	2595.24
6.45	-29.03	911.592	2591.6
6.45	-29.03	910.6189999999999	2593.21
6.45	-29.03	909.645	2591.02
6.45	-29.03	908.671	2595.83
6.45	-29.03	907.698	2594.42
6.45	-29.03	906.7239999999999	2603.21
6.45	-29.03	905.75	2610.25
6.45	-29.03	904.775	2609.7
6.45	-29.03	903.801	2608.76
6.45	-29.03	902.826	2610.12
6.45	-29.03	901.8510000000001	2610.77
6.45	-29.03	900.8760000000001	2613.16
6.45	-29.03	899.9010000000001	2618.5
6.45	-29.03	898.925	2624.18
6.45	-29.03	897.95	2633.32
6.45	-29.03	896.9739999999999	2637.48
6.45	-29.03	895.998	2645.09
6.45	-29.03	895.0219999999999	2649.97
6.45	-29.03	894.046	2647.08
6.45	-29.03	893.069	2647.44
6.45	-29.03	892.0930000000001	2651.76
6.45	-29.03	891.1160000000001	2654.18
6.45	-29.03	890.1389999999999	2654.66
6.45	-29.03	889.1619999999999	2657.22
6.45	-29.03	888.184	2663.15
6.45	-29.03	887.207	2672.7
6.45	-29.03	886.2289999999999	2673.29
6.45	-29.03	885.2510000000001	2684.66
6.45	-29.03	884.273	2687.03
6.45	-29.03	883.295	2688.35
6.45	-29.03	882.317	2691.15
6.45	-29.03	881.3380000000001	2706.1
6.45	-29.03	880.3589999999999	2715.02
6.45	-29.03	879.38	2725.08
6.45	-29.03	878.4010000000001	2736.42
6.45	-29.03	877.422	2757.59
6.45	-29.03	876.442	2768.23
6.45	-29.03	875.4630000000001	2777.77
6.45	-29.03	874.4830000000001	2795.22
6.45	-29.03	873.503	2817.58
6.45	-29.03	872.523	2833.24
6.45	-29.03	871.5419999999999	2852.67
6.45	-29.03	870.562	2875.52
6.45	-29.03	869.581	2896.08
6.45	-29.03	868.6	2907.34
6.45	-29.03	867.6189999999999	2920.09
6.45	-29.03	866.638	2932.46
6.45	-29.03	865.6569999999999	2942.91
6.45	-29.03	864.675	2952.93
6.45	-29.03	863.693	2965.64
6.45	-29.03	862.711	2980.18
6.45	-29.03	861.7289999999999	2992.72
6.45	-29.03	860.747	3000.44
6.45	-29.03	859.7639999999999	3010.2
6.45	-29.03	858.7819999999999	3017.09
6.45	-29.03	857.799	3020.5
6.45	-29.03	856.816	3020.58
6.45	-29.03	855.8330000000001	3030.34
6.45	-29.03	854.8489999999999	3031.33
6.45	-29.03	853.8660000000001	3022.42
6.45	-29.03	852.882	3016.65
6.45	-29.03	851.898	3019.56
6.45	-29.03	850.914	3019.16
6.45	-29.03	849.93	3011.61
6.45	-29.03	848.945	3005.51
6.45	-29.03	847.961	3001.94
6.45	-29.03	846.9760000000001	2994.62
6.45	-29.03	845.9910000000001	2989.41
6.45	-29.03	845.0060000000001	2985.41
6.45	-29.03	844.02	2982.99
6.45	-29.03	843.035	2985.07
6.45	-29.03	842.049	2981.05
6.45	-29.03	841.063	2976.66
6.45	-29.03	840.077	2970.26
6.45	-29.03	839.091	2963.72
6.45	-29.03	838.1039999999999	2958.11
6.45	-29.03	837.118	2956.23
6.45	-29.03	836.1310000000001	2962.4
6.45	-29.03	835.1439999999999	2960.59
6.45	-29.03	834.1569999999999	2956.08
6.45	-29.03	833.17	2957.73
6.45	-29.03	832.182	2956.59
6.45	-29.03	831.195	2951.83
6.45	-29.03	830.207	2951.55
6.45	-29.03	829.2189999999999	2952.35
6.45	-29.03	828.23	2951.47
6.45	-29.03	827.242	2947.04
6.45	-29.03	826.253	2938.94
6.45	-29.03	825.265	2928.16
6.45	-29.03	824.2760000000001	2914.26
6.45	-29.03	823.2869999999999	2906.28
6.45	-29.03	822.297	2899.77
6.45	-29.03	821.308	2891.15
6.45	-29.03	820.318	2875.12
6.45	-29.03	819.328	2859.42
6.45	-29.03	818.3380000000001	2849.91
6.45	-29.03	817.3480000000001	2843.55
6.45	-29.03	816.3580000000001	2836.5
6.45	-29.03	815.367	2828.54
6.45	-29.03	814.377	2821.22
6.45	-29.03	813.3860000000001	2813.56
6.45	-29.03	812.395	2792.05
6.45	-29.03	811.403	2783.89
6.45	-29.03	810.4119999999999	2776.65
6.45	-29.03	809.42	2765.08
6.45	-29.03	808.428	2751.31
6.45	-29.03	807.436	2738.89
6.45	-29.03	806.444	2730.62
6.45	-29.03	805.452	2716.97
6.45	-29.03	804.459	2702.86
6.45	-29.03	803.467	2699.95
6.45	-29.03	802.4739999999999	2691.67
6.45	-29.03	801.4810000000001	2683.3
6.45	-29.03	800.487	2676.42
6.45	-29.03	799.4939999999999	2670.79
6.45	-29.03	798.5	2657.31
6.45	-29.03	797.507	2639.74
6.45	-29.03	796.513	2631.3
6.45	-29.03	795.518	2628.04
6.45	-29.03	794.5239999999999	2617.55
6.45	-29.03	793.529	2606.59
6.45	-29.03	792.535	2604.69
6.45	-29.03	791.54	2601.71
6.45	-29.03	790.545	2594.19
6.45	-29.03	789.55	2591.42
6.45	-29.03	788.554	2601.34
6.45	-29.03	787.559	2602.52
6.45	-29.03	786.563	2600.5
6.45	-29.03	785.567	2599.64
6.45	-29.03	784.571	2601.49
6.45	-29.03	783.574	2596.96
6.45	-29.03	782.578	2594.56
6.45	-29.03	781.581	2596.46
6.45	-29.03	780.584	2599.66
6.45	-29.03	779.587	2594.73
6.45	-29.03	778.59	2592.85
6.45	-29.03	777.592	2595.15
6.45	-29.03	776.595	2601.83
6.45	-29.03	775.597	2602.91
6.45	-29.03	774.5989999999999	2599.57
6.45	-29.03	773.6010000000001	2611.11
6.45	-29.03	772.602	2611.78
6.45	-29.03	771.6039999999999	2608.17
6.45	-29.03	770.605	2606.26
6.45	-29.03	769.6060000000001	2611.13
6.45	-29.03	768.607	2610.39
6.45	-29.03	767.6080000000001	2612.54
6.45	-29.03	766.6089999999999	2623.93
6.45	-29.03	765.6089999999999	2626.15
6.45	-29.03	764.6089999999999	2626.75
6.45	-29.03	763.6089999999999	2632.49
6.45	-29.03	762.6089999999999	2639.27
6.45	-29.03	761.6089999999999	2646.73
6.45	-29.03	760.6080000000001	2652.17
6.45	-29.03	759.607	2657.13
6.45	-29.03	758.607	2666.62
6.45	-29.03	757.605	2659.33
6.45	-29.03	756.6039999999999	2656.08
6.45	-29.03	755.6030000000001	2647.27
6.45	-29.03	754.6010000000001	2642.02
6.45	-29.03	753.5989999999999	2634.99
6.45	-29.03	752.597	2627.55
6.45	-29.03	751.595	2625.68
6.45	-29.03	750.5930000000001	2624.99
6.45	-29.03	749.59	2615.02
6.45	-29.03	748.587	2612.84
6.45	-29.03	747.585	2615.35
6.45	-29.03	746.581	2621.62
6.45	-29.03	745.578	2621.77
6.45	-29.03	744.575	2624.28
6.45	-29.03	743.571	2633.23
6.45	-29.03	742.567	2635.09
6.45	-29.03	741.563	2641.68
6.45	-29.03	740.559	2650.19
6.45	-29.03	739.555	2662.32
6.45	-29.03	738.55	2669.56
6.45	-29.03	737.545	2678.33
6.45	-29.03	736.54	2686.72
6.45	-29.03	735.535	2691.2
6.45	-29.03	734.53	2697.97
6.45	-29.03	733.525	2703.73
6.45	-29.03	732.5189999999999	2709.99
6.45	-29.03	731.513	2722.59
6.45	-29.03	730.507	2716.45
6.45	-29.03	729.5010000000001	2714.35
6.45	-29.03	728.4939999999999	2712.3
6.45	-29.03	727.488	2707.07
6.45	-29.03	726.4810000000001	2707.65
6.45	-29.03	725.4739999999999	2702.34
6.45	-29.03	724.467	2700.67
6.45	-29.03	723.46	2700.07
6.45	-29.03	722.452	2692.41
6.45	-29.03	721.444	2697.98
6.45	-29.03	720.436	2698.26
6.45	-29.03	719.428	2697.0
6.45	-29.03	718.42	2701.87
6.45	-29.03	717.4119999999999	2711.64
6.45	-29.03	716.403	2715.35
6.45	-29.03	715.3939999999999	2714.65
6.45	-29.03	714.385	2722.9
6.45	-29.03	713.3760000000001	2730.89
6.45	-29.03	712.367	2741.19
6.45	-29.03	711.357	2749.22
6.45	-29.03	710.347	2756.8
6.45	-29.03	709.3380000000001	2764.7
6.45	-29.03	708.327	2766.74
6.45	-29.03	707.317	2770.69
6.45	-29.03	706.307	2772.53
6.45	-29.03	705.296	2773.94
6.45	-29.03	704.285	2770.66
6.45	-29.03	703.2739999999999	2764.06
6.45	-29.03	702.263	2765.38
6.45	-29.03	701.252	2758.0
6.45	-29.03	700.24	2751.09
6.45	-29.03	699.2280000000001	2753.29
6.45	-29.03	698.216	2752.51
6.45	-29.03	697.204	2751.46
6.45	-29.03	696.192	2747.26
6.45	-29.03	695.179	2742.76
6.45	-29.03	694.1669999999999	2741.57
6.45	-29.03	693.154	2743.5
6.45	-29.03	692.1410000000001	2740.89
6.45	-29.03	691.127	2745.22
6.45	-29.03	690.1139999999999	2743.4
6.45	-29.03	689.1	2744.65
6.45	-29.03	688.086	2747.84
6.45	-29.03	687.072	2756.36
6.45	-29.03	686.058	2758.39
6.45	-29.03	685.044	2764.4
6.45	-29.03	684.029	2776.2
6.45	-29.03	683.015	2785.54
6.45	-29.03	682.0	2789.74
6.45	-29.03	680.985	2796.91
6.45	-29.03	679.9689999999999	2807.22
6.45	-29.03	678.954	2816.47
6.45	-29.03	677.938	2818.48
6.45	-29.03	676.922	2826.39
6.45	-29.03	675.9060000000001	2828.27
6.45	-29.03	674.89	2838.56
6.45	-29.03	673.8739999999999	2844.35
6.45	-29.03	672.857	2856.64
6.45	-29.03	671.84	2868.9
6.45	-29.03	670.823	2876.57
6.45	-29.03	669.806	2890.47
6.45	-29.03	668.789	2905.17
6.45	-29.03	667.7710000000001	2917.85
6.45	-29.03	666.753	2925.72
6.45	-29.03	665.735	2936.45
6.45	-29.03	664.717	2943.51
6.45	-29.03	663.699	2949.43
6.45	-29.03	662.68	2957.3
6.45	-29.03	661.6619999999999	2962.56
6.45	-29.03	660.643	2962.73
6.45	-29.03	659.6239999999999	2959.85
6.45	-29.03	658.605	2960.43
6.45	-29.03	657.585	2959.03
6.45	-29.03	656.566	2956.69
6.45	-29.03	655.546	2943.21
6.45	-29.03	654.526	2939.46
6.45	-29.03	653.506	2938.7
6.45	-29.03	652.485	2926.37
6.45	-29.03	651.465	2914.25
6.45	-29.03	650.444	2916.82
6.45	-29.03	649.423	2913.76
6.45	-29.03	648.4019999999999	2899.23
6.45	-29.03	647.381	2893.23
6.45	-29.03	646.359	2893.76
6.45	-29.03	645.3380000000001	2882.08
6.45	-29.03	644.316	2879.53
6.45	-29.03	643.294	2872.94
6.45	-29.03	642.271	2869.63
6.45	-29.03	641.249	2856.75
6.45	-29.03	640.226	2856.09
6.45	-29.03	639.2040000000001	2851.95
6.45	-29.03	638.181	2843.99
6.45	-29.03	637.1569999999999	2829.67
6.45	-29.03	636.134	2822.01
6.45	-29.03	635.11	2813.12
6.45	-29.03	634.087	2795.9
6.45	-29.03	633.063	2783.01
6.45	-29.03	632.039	2767.84
6.45	-29.03	631.014	2748.9
6.45	-29.03	629.99	2733.47
6.45	-29.03	628.965	2718.75
6.45	-29.03	627.94	2707.32
6.45	-29.03	626.915	2702.77
6.45	-29.03	625.89	2691.69
6.45	-29.03	624.864	2680.87
6.45	-29.03	623.839	2682.46
6.45	-29.03	622.813	2677.2
6.45	-29.03	621.7869999999999	2667.07
6.45	-29.03	620.761	2672.39
6.45	-29.03	619.734	2677.67
6.45	-29.03	618.7080000000001	2674.14
6.45	-29.03	617.681	2676.45
6.45	-29.03	616.654	2688.98
6.45	-29.03	615.627	2693.14
6.45	-29.03	614.599	2697.29
6.45	-29.03	613.572	2709.41
6.45	-29.03	612.544	2717.04
6.45	-29.03	611.516	2721.03
6.45	-29.03	610.488	2726.22
6.45	-29.03	609.46	2739.93
6.45	-29.03	608.431	2741.8
6.45	-29.03	607.403	2743.55
6.45	-29.03	606.374	2746.67
6.45	-29.03	605.345	2746.93
6.45	-29.03	604.316	2741.73
6.45	-29.03	603.286	2733.16
6.45	-29.03	602.257	2726.21
6.45	-29.03	601.227	2723.42
6.45	-29.03	600.197	2717.26
6.45	-29.03	599.1669999999999	2710.8
6.45	-29.03	598.136	2704.23
6.45	-29.03	597.106	2693.51
6.45	-29.03	596.075	2687.2
6.45	-29.03	595.044	2672.47
6.45	-29.03	594.013	2663.52
6.45	-29.03	592.981	2655.29
6.45	-29.03	591.95	2642.23
6.45	-29.03	590.918	2638.99
6.45	-29.03	589.886	2644.41
6.45	-29.03	588.854	2640.97
6.45	-29.03	587.822	2642.5
6.45	-29.03	586.789	2647.85
6.45	-29.03	585.757	2650.75
6.45	-29.03	584.724	2658.43
6.45	-29.03	583.691	2668.63
6.45	-29.03	582.6569999999999	2673.82
6.45	-29.03	581.624	2675.16
6.45	-29.03	580.59	2684.24
6.45	-29.03	579.557	2697.46
6.45	-29.03	578.523	2706.4
6.45	-29.03	577.488	2700.28
6.45	-29.03	576.4540000000001	2701.9
6.45	-29.03	575.419	2707.04
6.45	-29.03	574.385	2707.22
6.45	-29.03	573.35	2714.77
6.45	-29.03	572.314	2723.09
6.45	-29.03	571.279	2728.17
6.45	-29.03	570.244	2734.62
6.45	-29.03	569.2080000000001	2737.29
6.45	-29.03	568.172	2745.72
6.45	-29.03	567.136	2754.55
6.45	-29.03	566.099	2758.5
6.45	-29.03	565.063	2772.35
6.45	-29.03	564.026	2779.48
6.45	-29.03	562.989	2787.59
6.45	-29.03	561.952	2797.55
6.45	-29.03	560.915	2811.37
6.45	-29.03	559.877	2825.64
6.45	-29.03	558.84	2832.63
6.45	-29.03	557.802	2839.6
6.45	-29.03	556.764	2847.42
6.45	-29.03	555.726	2854.54
6.45	-29.03	554.687	2865.56
6.45	-29.03	553.649	2876.26
6.45	-29.03	552.61	2879.79
6.45	-29.03	551.571	2880.47
6.45	-29.03	550.5319999999999	2882.22
6.45	-29.03	549.492	2889.77
6.45	-29.03	548.453	2892.37
6.45	-29.03	547.413	2892.2
6.45	-29.03	546.373	2889.82
6.45	-29.03	545.3330000000001	2903.1
6.45	-29.03	544.2919999999999	2908.62
6.45	-29.03	543.252	2913.72
6.45	-29.03	542.211	2926.86
6.45	-29.03	541.17	2932.45
6.45	-29.03	540.129	2933.54
6.45	-29.03	539.0880000000001	2942.47
6.45	-29.03	538.0459999999999	2950.79
6.45	-29.03	537.004	2958.32
6.45	-29.03	535.962	2969.79
6.45	-29.03	534.92	2982.24
6.45	-29.03	533.878	2991.57
6.45	-29.03	532.836	2996.22
6.45	-29.03	531.793	3005.03
6.45	-29.03	530.75	3014.65
6.45	-29.03	529.707	3015.36
6.45	-29.03	528.664	3013.9
6.45	-29.03	527.62	3011.9
6.45	-29.03	526.577	3008.15
6.45	-29.03	525.533	3001.05
6.45	-29.03	524.489	2999.49
6.45	-29.03	523.445	2992.69
6.45	-29.03	522.4	2978.81
6.45	-29.03	521.355	2975.26
6.45	-29.03	520.311	2977.73
6.45	-29.03	519.266	2979.03
6.45	-29.03	518.22	2980.57
6.45	-29.03	517.175	2991.4
6.45	-29.03	516.129	3003.11
6.45	-29.03	515.0840000000001	3006.09
6.45	-29.03	514.038	3012.01
6.45	-29.03	512.992	3017.99
6.45	-29.03	511.945	3022.43
6.45	-29.03	510.899	3024.76
6.45	-29.03	509.852	3027.01
6.45	-29.03	508.805	3039.48
6.45	-29.03	507.75800000000004	3051.42
6.45	-29.03	506.71	3057.32
6.45	-29.03	505.663	3079.18
6.45	-29.03	504.615	3100.85
6.45	-29.03	503.56699999999995	3119.58
6.45	-29.03	502.519	3132.34
6.45	-29.03	501.471	3150.92
6.45	-29.03	500.42199999999997	3162.42
6.45	-29.03	499.374	3169.04
6.45	-29.03	498.325	3175.4
6.45	-29.03	497.276	3178.43
6.45	-29.03	496.226	3172.93
6.45	-29.03	495.17699999999996	3170.78
6.45	-29.03	494.12699999999995	3169.29
6.45	-29.03	493.077	3164.28
6.45	-29.03	492.027	3156.19
6.45	-29.03	490.977	3156.77
6.45	-29.03	489.926	3159.51
6.45	-29.03	488.876	3158.07
6.45	-29.03	487.825	3159.45
6.45	-29.03	486.774	3161.8
6.45	-29.03	485.723	3171.36
6.45	-29.03	484.671	3174.69
6.45	-29.03	483.619	3176.14
6.45	-29.03	482.56800000000004	3178.5
6.45	-29.03	481.51599999999996	3178.6
6.45	-29.03	480.463	3176.01
6.45	-29.03	479.411	3174.85
6.45	-29.03	478.358	3173.62
6.45	-29.03	477.305	3170.05
6.45	-29.03	476.25199999999995	3163.14
6.45	-29.03	475.199	3161.51
6.45	-29.03	474.14599999999996	3162.11
6.45	-29.03	473.092	3153.99
6.45	-29.03	472.038	3149.64
6.45	-29.03	470.98400000000004	3130.23
6.45	-29.03	469.93	3117.32
6.45	-29.03	468.876	3098.44
6.45	-29.03	467.82099999999997	3083.14
6.45	-29.03	466.76599999999996	3061.84
6.45	-29.03	465.711	3039.98
6.45	-29.03	464.656	3023.07
6.45	-29.03	463.601	3006.32
6.45	-29.03	462.545	2987.23
6.45	-29.03	461.49	2973.26
6.45	-29.03	460.434	2964.05
6.45	-29.03	459.37699999999995	2951.48
6.45	-29.03	458.32099999999997	2942.38
6.45	-29.03	457.264	2941.38
6.45	-29.03	456.208	2941.69
6.45	-29.03	455.151	2939.48
6.45	-29.03	454.094	2950.1
6.45	-29.03	453.036	2955.3
6.45	-29.03	451.97900000000004	2955.03
6.45	-29.03	450.921	2955.51
6.45	-29.03	449.86300000000006	2964.95
6.45	-29.03	448.805	2975.12
6.45	-29.03	447.74699999999996	2979.86
6.45	-29.03	446.68800000000005	2984.47
6.45	-29.03	445.629	2994.38
6.45	-29.03	444.57	3004.93
6.45	-29.03	443.51099999999997	3014.01
6.45	-29.03	442.452	3026.08
6.45	-29.03	441.392	3034.93
6.45	-29.03	440.333	3041.32
6.45	-29.03	439.273	3042.88
6.45	-29.03	438.213	3050.22
6.45	-29.03	437.152	3051.18
6.45	-29.03	436.092	3054.28
6.45	-29.03	435.031	3059.57
6.45	-29.03	433.97	3070.72
6.45	-29.03	432.909	3074.06
6.45	-29.03	431.848	3082.69
6.45	-29.03	430.786	3083.29
6.45	-29.03	429.724	3080.42
6.45	-29.03	428.663	3073.04
6.45	-29.03	427.6	3065.69
6.45	-29.03	426.538	3061.82
6.45	-29.03	425.476	3049.3
6.45	-29.03	424.413	3041.12
6.45	-29.03	423.35	3029.62
6.45	-29.03	422.287	3020.74
6.45	-29.03	421.224	3006.51
6.45	-29.03	420.16	3003.65
6.45	-29.03	419.096	3004.79
6.45	-29.03	418.033	3000.65
6.45	-29.03	416.968	2997.54
6.45	-29.03	415.904	3002.96
6.45	-29.03	414.84	3013.88
6.45	-29.03	413.775	3025.66
6.45	-29.03	412.71	3031.66
6.45	-29.03	411.645	3037.76
6.45	-29.03	410.58	3049.28
6.45	-29.03	409.514	3053.31
6.45	-29.03	408.44800000000004	3055.46
6.45	-29.03	407.38300000000004	3061.69
6.45	-29.03	406.316	3064.9
6.45	-29.03	405.25	3073.12
6.45	-29.03	404.184	3082.98
6.45	-29.03	403.11699999999996	3092.43
6.45	-29.03	402.05	3102.97
6.45	-29.03	400.983	3106.99
6.45	-29.03	399.916	3108.16
6.45	-29.03	398.848	3098.24
6.45	-29.03	397.781	3106.78
6.45	-29.03	396.713	3113.95
6.45	-29.03	395.645	3114.78
6.45	-29.03	394.57599999999996	3121.67
6.45	-29.03	393.50800000000004	3124.47
6.45	-29.03	392.439	3128.42
6.45	-29.03	391.37	3122.48
6.45	-29.03	390.301	3132.33
6.45	-29.03	389.23199999999997	3139.94
6.45	-29.03	388.162	3150.86
6.45	-29.03	387.093	3159.48
6.45	-29.03	386.023	3169.47
6.45	-29.03	384.95300000000003	3180.46
6.45	-29.03	383.88199999999995	3193.79
6.45	-29.03	382.81199999999995	3198.95
6.45	-29.03	381.741	3197.89
6.45	-29.03	380.67	3183.78
6.45	-29.03	379.599	3180.01
6.45	-29.03	378.528	3175.61
6.45	-29.03	377.45599999999996	3160.25
6.45	-29.03	376.384	3142.71
6.45	-29.03	375.31300000000005	3138.91
6.45	-29.03	374.24	3125.78
6.45	-29.03	373.168	3113.47
6.45	-29.03	372.096	3099.64
6.45	-29.03	371.023	3091.35
6.45	-29.03	369.95	3074.42
6.45	-29.03	368.87699999999995	3059.39
6.45	-29.03	367.80400000000003	3052.95
6.45	-29.03	366.73	3052.12
6.45	-29.03	365.656	3056.54
6.45	-29.03	364.582	3050.15
6.45	-29.03	363.50800000000004	3049.01
6.45	-29.03	362.434	3053.36
6.45	-29.03	361.35900000000004	3051.98
6.45	-29.03	360.285	3051.41
6.45	-29.03	359.21	3057.66
6.45	-29.03	358.135	3070.36
6.45	-29.03	357.059	3075.67
6.45	-29.03	355.98400000000004	3084.98
6.45	-29.03	354.908	3100.11
6.45	-29.03	353.832	3108.5
6.45	-29.03	352.756	3113.97
6.45	-29.03	351.67900000000003	3122.57
6.45	-29.03	350.603	3122.44
6.45	-29.03	349.526	3126.56
6.45	-29.03	348.449	3128.34
6.45	-29.03	347.37199999999996	3135.58
6.45	-29.03	346.295	3138.34
6.45	-29.03	345.217	3144.57
6.45	-29.03	344.139	3152.0
6.45	-29.03	343.061	3160.71
6.45	-29.03	341.983	3168.36
6.45	-29.03	340.905	3177.7
6.45	-29.03	339.82599999999996	3189.0
6.45	-29.03	338.74699999999996	3204.91
6.45	-29.03	337.668	3215.14
6.45	-29.03	336.589	3231.28
6.45	-29.03	335.51	3246.26
6.45	-29.03	334.43	3265.01
6.45	-29.03	333.35	3277.88
6.45	-29.03	332.27	3295.52
6.45	-29.03	331.19	3323.71
6.45	-29.03	330.11	3343.0
6.45	-29.03	329.029	3364.25
6.45	-29.03	327.94800000000004	3383.57
6.45	-29.03	326.867	3407.05
6.45	-29.03	325.786	3430.37
6.45	-29.03	324.705	3450.36
6.45	-29.03	323.623	3473.92
6.45	-29.03	322.541	3494.92
6.45	-29.03	321.459	3510.77
6.45	-29.03	320.377	3531.2
6.45	-29.03	319.29400000000004	3551.54
6.45	-29.03	318.212	3569.38
6.45	-29.03	317.129	3595.47
6.45	-29.03	316.046	3614.24
6.45	-29.03	314.962	3630.8
6.45	-29.03	313.879	3656.09
6.45	-29.03	312.795	3682.59
6.45	-29.03	311.711	3703.79
6.45	-29.03	310.627	3726.37
6.45	-29.03	309.543	3753.4
6.45	-29.03	308.45799999999997	3773.4
6.45	-29.03	307.374	3784.91
6.45	-29.03	306.289	3794.54
6.45	-29.03	305.204	3804.58
6.45	-29.03	304.118	3813.73
6.45	-29.03	303.033	3823.11
6.45	-29.03	301.947	3838.84
6.45	-29.03	300.861	3840.39
6.45	-29.03	299.775	3847.43
6.45	-29.03	298.689	3859.57
6.45	-29.03	297.60200000000003	3856.53
6.45	-29.03	296.515	3858.32
6.45	-29.03	295.428	3859.6
6.45	-29.03	294.341	3862.23
6.45	-29.03	293.254	3860.66
6.45	-29.03	292.166	3853.96
6.45	-29.03	291.079	3859.26
6.45	-29.03	289.991	3860.21
6.45	-29.03	288.902	3860.64
6.45	-29.03	287.814	3862.68
6.45	-29.03	286.725	3868.42
6.45	-29.03	285.637	3873.51
6.45	-29.03	284.547	3873.5
6.45	-29.03	283.45799999999997	3877.46
6.45	-29.03	282.369	3883.07
6.45	-29.03	281.279	3886.84
6.45	-29.03	280.189	3894.52
6.45	-29.03	279.099	3903.2
6.45	-29.03	278.009	3903.07
6.45	-29.03	276.91900000000004	3903.57
6.45	-29.03	275.828	3908.54
6.45	-29.03	274.737	3913.55
6.45	-29.03	273.64599999999996	3922.36
6.45	-29.03	272.555	3936.16
6.45	-29.03	271.46299999999997	3945.44
6.45	-29.03	270.371	3956.72
6.45	-29.03	269.28	3966.41
6.45	-29.03	268.187	3973.18
6.45	-29.03	267.095	3983.57
6.45	-29.03	266.003	3995.92
6.45	-29.03	264.91	4002.81
6.45	-29.03	263.817	4019.25
6.45	-29.03	262.724	4024.82
6.45	-29.03	261.63	4035.43
6.45	-29.03	260.53700000000003	4048.43
6.45	-29.03	259.443	4054.04
6.45	-29.03	258.349	4064.54
6.45	-29.03	257.255	4068.11
6.45	-29.03	256.16	4069.47
6.45	-29.03	255.06599999999997	4062.31
6.45	-29.03	253.97099999999998	4060.77
6.45	-29.03	252.87599999999998	4054.32
6.45	-29.03	251.78099999999998	4036.15
6.45	-29.03	250.685	4025.02
6.45	-29.03	249.59	4014.96
6.45	-29.03	248.49400000000003	3998.42
6.45	-29.03	247.398	3988.83
6.45	-29.03	246.30200000000002	3978.31
6.45	-29.03	245.205	3958.16
6.45	-29.03	244.108	3946.78
6.45	-29.03	243.012	3946.2
6.45	-29.03	241.91400000000002	3943.11
6.45	-29.03	240.817	3931.28
6.45	-29.03	239.72	3926.62
6.45	-29.03	238.622	3918.45
6.45	-29.03	237.524	3909.09
6.45	-29.03	236.426	3894.2
6.45	-29.03	235.328	3893.02
6.45	-29.03	234.229	3888.85
6.45	-29.03	233.13	3884.29
6.45	-29.03	232.03099999999998	3882.63
6.45	-29.03	230.93200000000002	3889.38
6.45	-29.03	229.833	3886.45
6.45	-29.03	228.733	3894.03
6.45	-29.03	227.63299999999998	3907.99
6.45	-29.03	226.533	3912.0
6.45	-29.03	225.433	3915.78
6.45	-29.03	224.333	3926.63
6.45	-29.03	223.232	3939.09
6.45	-29.03	222.13099999999997	3941.24
6.45	-29.03	221.03	3953.94
6.45	-29.03	219.929	3967.31
6.45	-29.03	218.827	3970.35
6.45	-29.03	217.726	3979.81
6.45	-29.03	216.62400000000002	3989.86
6.45	-29.03	215.52200000000002	3992.11
6.45	-29.03	214.419	3999.37
6.45	-29.03	213.317	4004.4
6.45	-29.03	212.21400000000003	4007.75
6.45	-29.03	211.111	4014.85
6.45	-29.03	210.00799999999998	4023.24
6.45	-29.03	208.905	4026.5
6.45	-29.03	207.801	4023.48
6.45	-29.03	206.697	4023.25
6.45	-29.03	205.593	4019.41
6.45	-29.03	204.489	4016.71
6.45	-29.03	203.385	4012.23
6.45	-29.03	202.28	4013.1
6.45	-29.03	201.175	4009.91
6.45	-29.03	200.07	4003.81
