27.6	-4.18	1999.92	1897.85
27.6	-4.18	1999.14	1901.86
27.6	-4.18	1998.35	1906.45
27.6	-4.18	1997.57	1912.08
27.6	-4.18	1996.78	1919.79
27.6	-4.18	1996.0	1920.87
27.6	-4.18	1995.21	1927.57
27.6	-4.18	1994.42	1931.39
27.6	-4.18	1993.64	1934.28
27.6	-4.18	1992.85	1938.33
27.6	-4.18	1992.07	1940.98
27.6	-4.18	1991.28	1938.12
27.6	-4.18	1990.5	1937.0
27.6	-4.18	1989.71	1935.89
27.6	-4.18	1988.92	1937.69
27.6	-4.18	1988.14	1939.33
27.6	-4.18	1987.35	1940.1
27.6	-4.18	1986.56	1946.02
27.6	-4.18	1985.78	1945.64
27.6	-4.18	1984.99	1948.89
27.6	-4.18	1984.2	1950.36
27.6	-4.18	1983.42	1949.99
27.6	-4.18	1982.63	1951.55
27.6	-4.18	1981.84	1955.8
27.6	-4.18	1981.05	1957.59
27.6	-4.18	1980.27	1958.69
27.6	-4.18	1979.48	1965.07
27.6	-4.18	1978.69	1967.59
27.6	-4.18	1977.9	1969.61
27.6	-4.18	1977.11	1973.0
27.6	-4.18	1976.33	1974.54
27.6	-4.18	1975.54	1982.88
27.6	-4.18	1974.75	1984.67
27.6	-4.18	1973.96	1988.63
27.6	-4.18	1973.17	1994.51
27.6	-4.18	1972.38	1994.19
27.6	-4.18	1971.59	2001.16
27.6	-4.18	1970.8	2006.02
27.6	-4.18	1970.01	2008.11
27.6	-4.18	1969.22	2011.16
27.6	-4.18	1968.43	2016.25
27.6	-4.18	1967.64	2016.66
27.6	-4.18	1966.85	2021.93
27.6	-4.18	1966.06	2023.4
27.6	-4.18	1965.27	2028.49
27.6	-4.18	1964.48	2029.24
27.6	-4.18	1963.69	2030.79
27.6	-4.18	1962.9	2035.54
27.6	-4.18	1962.11	2037.52
27.6	-4.18	1961.32	2038.69
27.6	-4.18	1960.53	2041.17
27.6	-4.18	1959.74	2042.87
27.6	-4.18	1958.95	2045.29
27.6	-4.18	1958.16	2045.18
27.6	-4.18	1957.37	2051.47
27.6	-4.18	1956.57	2056.89
27.6	-4.18	1955.78	2053.87
27.6	-4.18	1954.99	2052.45
27.6	-4.18	1954.2	2048.18
27.6	-4.18	1953.41	2051.07
27.6	-4.18	1952.61	2058.09
27.6	-4.18	1951.82	2061.31
27.6	-4.18	1951.03	2061.72
27.6	-4.18	1950.24	2067.72
27.6	-4.18	1949.44	2072.96
27.6	-4.18	1948.65	2070.51
27.6	-4.18	1947.86	2076.95
27.6	-4.18	1947.06	2080.27
27.6	-4.18	1946.27	2084.61
27.6	-4.18	1945.48	2092.38
27.6	-4.18	1944.68	2099.16
27.6	-4.18	1943.89	2097.2
27.6	-4.18	1943.1	2098.69
27.6	-4.18	1942.3	2096.07
27.6	-4.18	1941.51	2102.07
27.6	-4.18	1940.71	2098.89
27.6	-4.18	1939.92	2104.52
27.6	-4.18	1939.12	2103.04
27.6	-4.18	1938.33	2098.43
27.6	-4.18	1937.53	2095.25
27.6	-4.18	1936.74	2094.7
27.6	-4.18	1935.94	2095.54
27.6	-4.18	1935.15	2091.49
27.6	-4.18	1934.35	2090.26
27.6	-4.18	1933.56	2092.43
27.6	-4.18	1932.76	2089.76
27.6	-4.18	1931.97	2086.68
27.6	-4.18	1931.17	2089.58
27.6	-4.18	1930.37	2093.33
27.6	-4.18	1929.58	2098.38
27.6	-4.18	1928.78	2101.91
27.6	-4.18	1927.99	2102.88
27.6	-4.18	1927.19	2103.39
27.6	-4.18	1926.39	2105.91
27.6	-4.18	1925.6	2108.09
27.6	-4.18	1924.8	2107.85
27.6	-4.18	1924.0	2110.34
27.6	-4.18	1923.2	2114.41
27.6	-4.18	1922.41	2123.34
27.6	-4.18	1921.61	2128.47
27.6	-4.18	1920.81	2127.54
27.6	-4.18	1920.01	2131.0
27.6	-4.18	1919.22	2135.84
27.6	-4.18	1918.42	2140.51
27.6	-4.18	1917.62	2150.19
27.6	-4.18	1916.82	2148.42
27.6	-4.18	1916.02	2149.58
27.6	-4.18	1915.22	2148.63
27.6	-4.18	1914.43	2152.25
27.6	-4.18	1913.63	2150.34
27.6	-4.18	1912.83	2161.95
27.6	-4.18	1912.03	2163.47
27.6	-4.18	1911.23	2164.69
27.6	-4.18	1910.43	2167.48
27.6	-4.18	1909.63	2174.11
27.6	-4.18	1908.83	2180.32
27.6	-4.18	1908.03	2183.87
27.6	-4.18	1907.23	2188.2
27.6	-4.18	1906.43	2189.26
27.6	-4.18	1905.63	2187.98
27.6	-4.18	1904.83	2194.66
27.6	-4.18	1904.03	2193.3
27.6	-4.18	1903.23	2190.1
27.6	-4.18	1902.43	2192.85
27.6	-4.18	1901.63	2194.66
27.6	-4.18	1900.83	2193.14
27.6	-4.18	1900.03	2197.52
27.6	-4.18	1899.23	2206.52
27.6	-4.18	1898.42	2208.8
27.6	-4.18	1897.62	2212.09
27.6	-4.18	1896.82	2212.6
27.6	-4.18	1896.02	2220.65
27.6	-4.18	1895.22	2221.22
27.6	-4.18	1894.41	2226.72
27.6	-4.18	1893.61	2231.72
27.6	-4.18	1892.81	2232.76
27.6	-4.18	1892.01	2233.45
27.6	-4.18	1891.21	2243.37
27.6	-4.18	1890.4	2246.24
27.6	-4.18	1889.6	2248.62
27.6	-4.18	1888.8	2251.97
27.6	-4.18	1887.99	2244.35
27.6	-4.18	1887.19	2252.53
27.6	-4.18	1886.39	2254.46
27.6	-4.18	1885.58	2257.51
27.6	-4.18	1884.78	2255.42
27.6	-4.18	1883.98	2257.16
27.6	-4.18	1883.17	2259.29
27.6	-4.18	1882.37	2258.27
27.6	-4.18	1881.56	2261.31
27.6	-4.18	1880.76	2265.2
27.6	-4.18	1879.95	2265.49
27.6	-4.18	1879.15	2269.66
27.6	-4.18	1878.35	2278.64
27.6	-4.18	1877.54	2284.12
27.6	-4.18	1876.74	2293.08
27.6	-4.18	1875.93	2296.54
27.6	-4.18	1875.13	2296.69
27.6	-4.18	1874.32	2297.06
27.6	-4.18	1873.51	2296.09
27.6	-4.18	1872.71	2298.25
27.6	-4.18	1871.9	2304.08
27.6	-4.18	1871.1	2308.39
27.6	-4.18	1870.29	2318.27
27.6	-4.18	1869.48	2321.42
27.6	-4.18	1868.68	2322.59
27.6	-4.18	1867.87	2323.96
27.6	-4.18	1867.06	2327.93
27.6	-4.18	1866.26	2326.02
27.6	-4.18	1865.45	2324.16
27.6	-4.18	1864.64	2325.43
27.6	-4.18	1863.84	2325.21
27.6	-4.18	1863.03	2327.99
27.6	-4.18	1862.22	2330.31
27.6	-4.18	1861.41	2328.59
27.6	-4.18	1860.61	2332.3
27.6	-4.18	1859.8	2341.14
27.6	-4.18	1858.99	2346.87
27.6	-4.18	1858.18	2353.15
27.6	-4.18	1857.37	2360.53
27.6	-4.18	1856.57	2370.45
27.6	-4.18	1855.76	2372.49
27.6	-4.18	1854.95	2373.0
27.6	-4.18	1854.14	2377.27
27.6	-4.18	1853.33	2380.97
27.6	-4.18	1852.52	2387.32
27.6	-4.18	1851.71	2381.89
27.6	-4.18	1850.9	2385.4
27.6	-4.18	1850.09	2387.42
27.6	-4.18	1849.28	2392.69
27.6	-4.18	1848.47	2408.23
27.6	-4.18	1847.66	2415.56
27.6	-4.18	1846.85	2417.3
27.6	-4.18	1846.04	2420.79
27.6	-4.18	1845.23	2420.66
27.6	-4.18	1844.42	2426.91
27.6	-4.18	1843.61	2426.44
27.6	-4.18	1842.8	2427.12
27.6	-4.18	1841.99	2429.24
27.6	-4.18	1841.18	2433.63
27.6	-4.18	1840.37	2436.07
27.6	-4.18	1839.56	2436.13
27.6	-4.18	1838.75	2440.25
27.6	-4.18	1837.94	2451.78
27.6	-4.18	1837.12	2449.08
27.6	-4.18	1836.31	2454.55
27.6	-4.18	1835.5	2458.98
27.6	-4.18	1834.69	2456.54
27.6	-4.18	1833.88	2457.03
27.6	-4.18	1833.06	2457.52
27.6	-4.18	1832.25	2460.68
27.6	-4.18	1831.44	2455.98
27.6	-4.18	1830.63	2458.33
27.6	-4.18	1829.81	2462.17
27.6	-4.18	1829.0	2460.63
27.6	-4.18	1828.19	2466.76
27.6	-4.18	1827.37	2462.71
27.6	-4.18	1826.56	2470.61
27.6	-4.18	1825.75	2478.93
27.6	-4.18	1824.93	2490.66
27.6	-4.18	1824.12	2491.79
27.6	-4.18	1823.3	2487.51
27.6	-4.18	1822.49	2485.61
27.6	-4.18	1821.68	2489.87
27.6	-4.18	1820.86	2495.38
27.6	-4.18	1820.05	2493.81
27.6	-4.18	1819.23	2490.16
27.6	-4.18	1818.42	2499.81
27.6	-4.18	1817.6	2498.62
27.6	-4.18	1816.79	2497.06
27.6	-4.18	1815.97	2498.61
27.6	-4.18	1815.16	2503.17
27.6	-4.18	1814.34	2503.51
27.6	-4.18	1813.53	2504.58
27.6	-4.18	1812.71	2506.24
27.6	-4.18	1811.89	2514.63
27.6	-4.18	1811.08	2521.08
27.6	-4.18	1810.26	2533.27
27.6	-4.18	1809.45	2542.22
27.6	-4.18	1808.63	2548.31
27.6	-4.18	1807.81	2555.56
27.6	-4.18	1807.0	2559.82
27.6	-4.18	1806.18	2562.79
27.6	-4.18	1805.36	2567.48
27.6	-4.18	1804.54	2579.49
27.6	-4.18	1803.73	2593.96
27.6	-4.18	1802.91	2605.76
27.6	-4.18	1802.09	2617.84
27.6	-4.18	1801.27	2625.69
27.6	-4.18	1800.46	2628.47
27.6	-4.18	1799.64	2629.4
27.6	-4.18	1798.82	2638.46
27.6	-4.18	1798.0	2640.5
27.6	-4.18	1797.18	2647.4
27.6	-4.18	1796.37	2661.49
27.6	-4.18	1795.55	2663.21
27.6	-4.18	1794.73	2674.96
27.6	-4.18	1793.91	2685.03
27.6	-4.18	1793.09	2683.48
27.6	-4.18	1792.27	2692.96
27.6	-4.18	1791.45	2706.3
27.6	-4.18	1790.63	2708.11
27.6	-4.18	1789.81	2716.03
27.6	-4.18	1788.99	2723.0
27.6	-4.18	1788.17	2736.89
27.6	-4.18	1787.35	2742.69
27.6	-4.18	1786.53	2749.32
27.6	-4.18	1785.71	2760.4
27.6	-4.18	1784.89	2755.81
27.6	-4.18	1784.07	2760.3
27.6	-4.18	1783.25	2761.08
27.6	-4.18	1782.43	2764.19
27.6	-4.18	1781.61	2774.81
27.6	-4.18	1780.79	2784.31
27.6	-4.18	1779.97	2792.82
27.6	-4.18	1779.14	2794.3
27.6	-4.18	1778.32	2804.69
27.6	-4.18	1777.5	2807.5
27.6	-4.18	1776.68	2811.19
27.6	-4.18	1775.86	2816.32
27.6	-4.18	1775.03	2824.59
27.6	-4.18	1774.21	2830.69
27.6	-4.18	1773.39	2832.81
27.6	-4.18	1772.57	2843.4
27.6	-4.18	1771.74	2858.88
27.6	-4.18	1770.92	2861.68
27.6	-4.18	1770.1	2866.95
27.6	-4.18	1769.28	2870.06
27.6	-4.18	1768.45	2872.17
27.6	-4.18	1767.63	2887.27
27.6	-4.18	1766.81	2891.67
27.6	-4.18	1765.98	2892.31
27.6	-4.18	1765.16	2903.89
27.6	-4.18	1764.33	2905.06
27.6	-4.18	1763.51	2910.16
27.6	-4.18	1762.69	2916.66
27.6	-4.18	1761.86	2926.35
27.6	-4.18	1761.04	2933.9
27.6	-4.18	1760.21	2934.61
27.6	-4.18	1759.39	2944.77
27.6	-4.18	1758.56	2949.81
27.6	-4.18	1757.74	2963.18
27.6	-4.18	1756.91	2973.86
27.6	-4.18	1756.09	2970.75
27.6	-4.18	1755.26	2981.33
27.6	-4.18	1754.44	2987.77
27.6	-4.18	1753.61	2996.85
27.6	-4.18	1752.78	2994.74
27.6	-4.18	1751.96	2997.17
27.6	-4.18	1751.13	3006.53
27.6	-4.18	1750.31	3009.97
27.6	-4.18	1749.48	3016.35
27.6	-4.18	1748.65	3015.53
27.6	-4.18	1747.83	3017.49
27.6	-4.18	1747.0	3017.45
27.6	-4.18	1746.17	3014.14
27.6	-4.18	1745.34	3011.15
27.6	-4.18	1744.52	3013.93
27.6	-4.18	1743.69	3018.75
27.6	-4.18	1742.86	3023.7
27.6	-4.18	1742.03	3019.47
27.6	-4.18	1741.21	3025.4
27.6	-4.18	1740.38	3035.58
27.6	-4.18	1739.55	3044.54
27.6	-4.18	1738.72	3047.75
27.6	-4.18	1737.89	3062.75
27.6	-4.18	1737.07	3064.43
27.6	-4.18	1736.24	3065.1
27.6	-4.18	1735.41	3075.97
27.6	-4.18	1734.58	3085.48
27.6	-4.18	1733.75	3094.06
27.6	-4.18	1732.92	3104.51
27.6	-4.18	1732.09	3110.12
27.6	-4.18	1731.26	3118.24
27.6	-4.18	1730.43	3136.45
27.6	-4.18	1729.6	3141.76
27.6	-4.18	1728.77	3156.66
27.6	-4.18	1727.94	3166.29
27.6	-4.18	1727.11	3182.15
27.6	-4.18	1726.28	3193.58
27.6	-4.18	1725.45	3195.75
27.6	-4.18	1724.62	3202.31
27.6	-4.18	1723.79	3203.81
27.6	-4.18	1722.96	3203.03
27.6	-4.18	1722.13	3206.23
27.6	-4.18	1721.3	3209.49
27.6	-4.18	1720.46	3208.02
27.6	-4.18	1719.63	3212.54
27.6	-4.18	1718.8	3212.77
27.6	-4.18	1717.97	3215.35
27.6	-4.18	1717.14	3222.46
27.6	-4.18	1716.3	3233.4
27.6	-4.18	1715.47	3244.51
27.6	-4.18	1714.64	3249.09
27.6	-4.18	1713.81	3246.6
27.6	-4.18	1712.97	3252.41
27.6	-4.18	1712.14	3257.25
27.6	-4.18	1711.31	3277.7
27.6	-4.18	1710.48	3299.2
27.6	-4.18	1709.64	3307.55
27.6	-4.18	1708.81	3323.8
27.6	-4.18	1707.98	3344.57
27.6	-4.18	1707.14	3362.52
27.6	-4.18	1706.31	3384.66
27.6	-4.18	1705.47	3409.68
27.6	-4.18	1704.64	3425.41
27.6	-4.18	1703.81	3437.79
27.6	-4.18	1702.97	3459.88
27.6	-4.18	1702.14	3479.86
27.6	-4.18	1701.3	3498.25
27.6	-4.18	1700.47	3514.01
27.6	-4.18	1699.63	3536.57
27.6	-4.18	1698.8	3551.45
27.6	-4.18	1697.96	3559.81
27.6	-4.18	1697.13	3583.7
27.6	-4.18	1696.29	3590.02
27.6	-4.18	1695.46	3602.52
27.6	-4.18	1694.62	3616.91
27.6	-4.18	1693.78	3629.26
27.6	-4.18	1692.95	3638.85
27.6	-4.18	1692.11	3650.22
27.6	-4.18	1691.28	3667.69
27.6	-4.18	1690.44	3677.06
27.6	-4.18	1689.6	3681.0
27.6	-4.18	1688.77	3685.49
27.6	-4.18	1687.93	3702.53
27.6	-4.18	1687.09	3722.23
27.6	-4.18	1686.25	3737.86
27.6	-4.18	1685.42	3744.73
27.6	-4.18	1684.58	3753.01
27.6	-4.18	1683.74	3772.04
27.6	-4.18	1682.9	3789.66
27.6	-4.18	1682.07	3802.86
27.6	-4.18	1681.23	3815.93
27.6	-4.18	1680.39	3842.27
27.6	-4.18	1679.55	3855.65
27.6	-4.18	1678.71	3881.05
27.6	-4.18	1677.87	3919.45
27.6	-4.18	1677.04	3941.2
27.6	-4.18	1676.2	3983.81
27.6	-4.18	1675.36	4011.85
27.6	-4.18	1674.52	4047.68
27.6	-4.18	1673.68	4079.78
27.6	-4.18	1672.84	4120.64
27.6	-4.18	1672.0	4166.99
27.6	-4.18	1671.16	4192.52
27.6	-4.18	1670.32	4229.88
27.6	-4.18	1669.48	4268.08
27.6	-4.18	1668.64	4304.36
27.6	-4.18	1667.8	4335.75
27.6	-4.18	1666.96	4367.72
27.6	-4.18	1666.12	4404.27
27.6	-4.18	1665.28	4429.15
27.6	-4.18	1664.44	4454.04
27.6	-4.18	1663.6	4482.2
27.6	-4.18	1662.75	4513.5
27.6	-4.18	1661.91	4532.14
27.6	-4.18	1661.07	4549.1
27.6	-4.18	1660.23	4568.9
27.6	-4.18	1659.39	4591.71
27.6	-4.18	1658.55	4617.47
27.6	-4.18	1657.7	4631.97
27.6	-4.18	1656.86	4643.13
27.6	-4.18	1656.02	4658.77
27.6	-4.18	1655.18	4680.98
27.6	-4.18	1654.33	4695.94
27.6	-4.18	1653.49	4714.64
27.6	-4.18	1652.65	4730.23
27.6	-4.18	1651.81	4746.66
27.6	-4.18	1650.96	4772.59
27.6	-4.18	1650.12	4773.78
27.6	-4.18	1649.28	4792.79
27.6	-4.18	1648.43	4812.58
27.6	-4.18	1647.59	4837.0
27.6	-4.18	1646.74	4859.85
27.6	-4.18	1645.9	4874.62
27.6	-4.18	1645.06	4892.93
27.6	-4.18	1644.21	4930.78
27.6	-4.18	1643.37	4961.69
27.6	-4.18	1642.52	4989.9
27.6	-4.18	1641.68	5010.29
27.6	-4.18	1640.83	5049.78
27.6	-4.18	1639.99	5081.82
27.6	-4.18	1639.14	5106.68
27.6	-4.18	1638.3	5135.82
27.6	-4.18	1637.45	5165.9
27.6	-4.18	1636.61	5191.78
27.6	-4.18	1635.76	5225.32
27.6	-4.18	1634.91	5263.67
27.6	-4.18	1634.07	5293.25
27.6	-4.18	1633.22	5324.06
27.6	-4.18	1632.38	5349.45
27.6	-4.18	1631.53	5374.85
27.6	-4.18	1630.68	5400.68
27.6	-4.18	1629.84	5423.8
27.6	-4.18	1628.99	5451.81
27.6	-4.18	1628.14	5484.39
27.6	-4.18	1627.29	5513.41
27.6	-4.18	1626.45	5542.78
27.6	-4.18	1625.6	5579.76
27.6	-4.18	1624.75	5612.33
27.6	-4.18	1623.9	5653.82
27.6	-4.18	1623.06	5695.85
27.6	-4.18	1622.21	5738.93
27.6	-4.18	1621.36	5779.41
27.6	-4.18	1620.51	5817.48
27.6	-4.18	1619.66	5859.59
27.6	-4.18	1618.81	5912.14
27.6	-4.18	1617.96	5954.76
27.6	-4.18	1617.12	5986.59
27.6	-4.18	1616.27	6026.32
27.6	-4.18	1615.42	6077.59
27.6	-4.18	1614.57	6125.47
27.6	-4.18	1613.72	6173.81
27.6	-4.18	1612.87	6213.54
27.6	-4.18	1612.02	6268.96
27.6	-4.18	1611.17	6306.27
27.6	-4.18	1610.32	6355.38
27.6	-4.18	1609.47	6401.64
27.6	-4.18	1608.62	6443.31
27.6	-4.18	1607.77	6477.78
27.6	-4.18	1606.92	6526.59
27.6	-4.18	1606.06	6572.96
27.6	-4.18	1605.21	6614.57
27.6	-4.18	1604.36	6663.92
27.6	-4.18	1603.51	6710.23
27.6	-4.18	1602.66	6766.95
27.6	-4.18	1601.81	6799.96
27.6	-4.18	1600.96	6847.53
27.6	-4.18	1600.1	6902.58
27.6	-4.18	1599.25	6946.43
27.6	-4.18	1598.4	6997.4
27.6	-4.18	1597.55	7039.53
27.6	-4.18	1596.69	7076.82
27.6	-4.18	1595.84	7128.33
27.6	-4.18	1594.99	7178.21
27.6	-4.18	1594.14	7222.7
27.6	-4.18	1593.28	7267.06
27.6	-4.18	1592.43	7315.17
27.6	-4.18	1591.58	7356.98
27.6	-4.18	1590.72	7408.93
27.6	-4.18	1589.87	7452.93
27.6	-4.18	1589.02	7497.79
27.6	-4.18	1588.16	7541.38
27.6	-4.18	1587.31	7579.43
27.6	-4.18	1586.45	7630.66
27.6	-4.18	1585.6	7666.02
27.6	-4.18	1584.74	7709.73
27.6	-4.18	1583.89	7740.5
27.6	-4.18	1583.03	7781.83
27.6	-4.18	1582.18	7812.49
27.6	-4.18	1581.32	7852.64
27.6	-4.18	1580.47	7883.4
27.6	-4.18	1579.61	7910.2
27.6	-4.18	1578.76	7931.56
27.6	-4.18	1577.9	7953.13
27.6	-4.18	1577.05	7974.91
27.6	-4.18	1576.19	7997.76
27.6	-4.18	1575.33	8024.47
27.6	-4.18	1574.48	8051.96
27.6	-4.18	1573.62	8073.83
27.6	-4.18	1572.76	8099.03
27.6	-4.18	1571.91	8110.57
27.6	-4.18	1571.05	8128.46
27.6	-4.18	1570.19	8160.5
27.6	-4.18	1569.34	8183.71
27.6	-4.18	1568.48	8207.97
27.6	-4.18	1567.62	8223.76
27.6	-4.18	1566.76	8238.85
27.6	-4.18	1565.91	8259.76
27.6	-4.18	1565.05	8277.66
27.6	-4.18	1564.19	8295.82
27.6	-4.18	1563.33	8317.5
27.6	-4.18	1562.47	8340.45
27.6	-4.18	1561.62	8358.45
27.6	-4.18	1560.76	8359.23
27.6	-4.18	1559.9	8368.15
27.6	-4.18	1559.04	8371.49
27.6	-4.18	1558.18	8389.59
27.6	-4.18	1557.32	8406.96
27.6	-4.18	1556.46	8403.73
27.6	-4.18	1555.6	8412.04
27.6	-4.18	1554.74	8438.45
27.6	-4.18	1553.88	8443.84
27.6	-4.18	1553.02	8453.3
27.6	-4.18	1552.16	8459.81
27.6	-4.18	1551.3	8466.94
27.6	-4.18	1550.44	8487.09
27.6	-4.18	1549.58	8496.68
27.6	-4.18	1548.72	8501.49
27.6	-4.18	1547.86	8511.29
27.6	-4.18	1547.0	8526.69
27.6	-4.18	1546.14	8525.93
27.6	-4.18	1545.28	8534.23
27.6	-4.18	1544.41	8541.64
27.6	-4.18	1543.55	8562.46
27.6	-4.18	1542.69	8565.46
27.6	-4.18	1541.83	8559.39
27.6	-4.18	1540.97	8553.56
27.6	-4.18	1540.1	8557.62
27.6	-4.18	1539.24	8552.1
27.6	-4.18	1538.38	8543.31
27.6	-4.18	1537.52	8532.09
27.6	-4.18	1536.65	8524.03
27.6	-4.18	1535.79	8525.03
27.6	-4.18	1534.93	8513.04
27.6	-4.18	1534.06	8526.56
27.6	-4.18	1533.2	8536.97
27.6	-4.18	1532.34	8556.11
27.6	-4.18	1531.47	8563.62
27.6	-4.18	1530.61	8587.95
27.6	-4.18	1529.75	8624.23
27.6	-4.18	1528.88	8668.18
27.6	-4.18	1528.02	8702.39
27.6	-4.18	1527.15	8763.7
27.6	-4.18	1526.29	8809.34
27.6	-4.18	1525.42	8867.86
27.6	-4.18	1524.56	8926.89
27.6	-4.18	1523.69	8985.79
27.6	-4.18	1522.83	9027.58
27.6	-4.18	1521.96	9077.82
27.6	-4.18	1521.1	9117.11
27.6	-4.18	1520.23	9146.1
27.6	-4.18	1519.37	9177.18
27.6	-4.18	1518.5	9203.06
27.6	-4.18	1517.63	9235.62
27.6	-4.18	1516.77	9241.98
27.6	-4.18	1515.9	9250.37
27.6	-4.18	1515.03	9234.21
27.6	-4.18	1514.17	9219.45
27.6	-4.18	1513.3	9207.82
27.6	-4.18	1512.43	9192.81
27.6	-4.18	1511.57	9162.21
27.6	-4.18	1510.7	9136.04
27.6	-4.18	1509.83	9107.17
27.6	-4.18	1508.96	9068.32
27.6	-4.18	1508.1	9033.35
27.6	-4.18	1507.23	8993.99
27.6	-4.18	1506.36	8964.67
27.6	-4.18	1505.49	8926.95
27.6	-4.18	1504.62	8901.01
27.6	-4.18	1503.76	8867.6
27.6	-4.18	1502.89	8845.17
27.6	-4.18	1502.02	8824.92
27.6	-4.18	1501.15	8803.09
27.6	-4.18	1500.28	8774.07
27.6	-4.18	1499.41	8754.35
27.6	-4.18	1498.54	8741.87
27.6	-4.18	1497.67	8729.47
27.6	-4.18	1496.8	8709.67
27.6	-4.18	1495.93	8696.66
27.6	-4.18	1495.06	8700.38
27.6	-4.18	1494.19	8705.53
27.6	-4.18	1493.32	8714.75
27.6	-4.18	1492.45	8723.84
27.6	-4.18	1491.58	8736.43
27.6	-4.18	1490.71	8743.01
27.6	-4.18	1489.84	8746.62
27.6	-4.18	1488.97	8749.15
27.6	-4.18	1488.1	8769.09
27.6	-4.18	1487.23	8799.42
27.6	-4.18	1486.35	8831.45
27.6	-4.18	1485.48	8850.62
27.6	-4.18	1484.61	8881.89
27.6	-4.18	1483.74	8906.55
27.6	-4.18	1482.87	8928.84
27.6	-4.18	1481.99	8943.54
27.6	-4.18	1481.12	8960.22
27.6	-4.18	1480.25	8974.67
27.6	-4.18	1479.38	8976.51
27.6	-4.18	1478.5	8976.04
27.6	-4.18	1477.63	8979.64
27.6	-4.18	1476.76	8980.65
27.6	-4.18	1475.88	8971.51
27.6	-4.18	1475.01	8958.54
27.6	-4.18	1474.14	8950.47
27.6	-4.18	1473.26	8938.45
27.6	-4.18	1472.39	8941.7
27.6	-4.18	1471.51	8928.06
27.6	-4.18	1470.64	8914.83
27.6	-4.18	1469.77	8898.52
27.6	-4.18	1468.89	8896.22
27.6	-4.18	1468.02	8879.53
27.6	-4.18	1467.14	8859.51
27.6	-4.18	1466.27	8835.8
27.6	-4.18	1465.39	8819.8
27.6	-4.18	1464.52	8808.69
27.6	-4.18	1463.64	8788.99
27.6	-4.18	1462.77	8777.85
27.6	-4.18	1461.89	8760.31
27.6	-4.18	1461.01	8742.49
27.6	-4.18	1460.14	8727.79
27.6	-4.18	1459.26	8696.44
27.6	-4.18	1458.39	8665.06
27.6	-4.18	1457.51	8631.19
27.6	-4.18	1456.63	8589.42
27.6	-4.18	1455.76	8556.19
27.6	-4.18	1454.88	8515.69
27.6	-4.18	1454.0	8482.83
27.6	-4.18	1453.12	8440.91
27.6	-4.18	1452.25	8398.46
27.6	-4.18	1451.37	8370.21
27.6	-4.18	1450.49	8333.46
27.6	-4.18	1449.61	8311.24
27.6	-4.18	1448.74	8285.99
27.6	-4.18	1447.86	8265.01
27.6	-4.18	1446.98	8249.65
27.6	-4.18	1446.1	8241.22
27.6	-4.18	1445.22	8228.68
27.6	-4.18	1444.34	8225.21
27.6	-4.18	1443.46	8233.22
27.6	-4.18	1442.58	8251.94
27.6	-4.18	1441.71	8264.26
27.6	-4.18	1440.83	8283.95
27.6	-4.18	1439.95	8299.81
27.6	-4.18	1439.07	8326.95
27.6	-4.18	1438.19	8357.1
27.6	-4.18	1437.31	8377.08
27.6	-4.18	1436.43	8404.21
27.6	-4.18	1435.55	8428.14
27.6	-4.18	1434.67	8460.1
27.6	-4.18	1433.79	8488.3
27.6	-4.18	1432.9	8507.14
27.6	-4.18	1432.02	8523.86
27.6	-4.18	1431.14	8540.88
27.6	-4.18	1430.26	8555.15
27.6	-4.18	1429.38	8578.14
27.6	-4.18	1428.5	8593.79
27.6	-4.18	1427.62	8618.45
27.6	-4.18	1426.74	8637.79
27.6	-4.18	1425.85	8666.42
27.6	-4.18	1424.97	8694.04
27.6	-4.18	1424.09	8737.98
27.6	-4.18	1423.21	8759.93
27.6	-4.18	1422.32	8780.01
27.6	-4.18	1421.44	8816.64
27.6	-4.18	1420.56	8862.29
27.6	-4.18	1419.67	8899.46
27.6	-4.18	1418.79	8954.73
27.6	-4.18	1417.91	9019.08
27.6	-4.18	1417.02	9089.98
27.6	-4.18	1416.14	9158.69
27.6	-4.18	1415.26	9216.85
27.6	-4.18	1414.37	9294.22
27.6	-4.18	1413.49	9363.03
27.6	-4.18	1412.6	9442.35
27.6	-4.18	1411.72	9516.72
27.6	-4.18	1410.84	9590.49
27.6	-4.18	1409.95	9662.54
27.6	-4.18	1409.07	9727.1
27.6	-4.18	1408.18	9781.48
27.6	-4.18	1407.3	9815.21
27.6	-4.18	1406.41	9845.91
27.6	-4.18	1405.52	9877.02
27.6	-4.18	1404.64	9899.51
27.6	-4.18	1403.75	9910.03
27.6	-4.18	1402.87	9898.54
27.6	-4.18	1401.98	9900.26
27.6	-4.18	1401.09	9887.86
27.6	-4.18	1400.21	9856.78
27.6	-4.18	1399.32	9814.59
27.6	-4.18	1398.43	9773.4
27.6	-4.18	1397.55	9731.55
27.6	-4.18	1396.66	9660.0
27.6	-4.18	1395.77	9607.71
27.6	-4.18	1394.89	9548.23
27.6	-4.18	1394.0	9485.53
27.6	-4.18	1393.11	9414.61
27.6	-4.18	1392.22	9352.0
27.6	-4.18	1391.34	9295.26
27.6	-4.18	1390.45	9217.56
27.6	-4.18	1389.56	9154.53
27.6	-4.18	1388.67	9095.98
27.6	-4.18	1387.78	9051.29
27.6	-4.18	1386.89	8993.72
27.6	-4.18	1386.0	8947.85
27.6	-4.18	1385.11	8905.65
27.6	-4.18	1384.23	8863.36
27.6	-4.18	1383.34	8833.93
27.6	-4.18	1382.45	8796.51
27.6	-4.18	1381.56	8758.41
27.6	-4.18	1380.67	8740.81
27.6	-4.18	1379.78	8736.17
27.6	-4.18	1378.89	8725.42
27.6	-4.18	1378.0	8715.78
27.6	-4.18	1377.11	8701.34
27.6	-4.18	1376.22	8689.89
27.6	-4.18	1375.32	8702.6
27.6	-4.18	1374.43	8691.97
27.6	-4.18	1373.54	8683.01
27.6	-4.18	1372.65	8688.15
27.6	-4.18	1371.76	8714.49
27.6	-4.18	1370.87	8714.82
27.6	-4.18	1369.98	8722.97
27.6	-4.18	1369.08	8728.88
27.6	-4.18	1368.19	8729.04
27.6	-4.18	1367.3	8737.53
27.6	-4.18	1366.41	8735.6
27.6	-4.18	1365.52	8733.79
27.6	-4.18	1364.62	8733.64
27.6	-4.18	1363.73	8720.74
27.6	-4.18	1362.84	8722.57
27.6	-4.18	1361.94	8717.05
27.6	-4.18	1361.05	8703.15
27.6	-4.18	1360.16	8683.91
27.6	-4.18	1359.26	8674.62
27.6	-4.18	1358.37	8655.28
27.6	-4.18	1357.48	8641.22
27.6	-4.18	1356.58	8635.94
27.6	-4.18	1355.69	8610.79
27.6	-4.18	1354.79	8597.02
27.6	-4.18	1353.9	8605.63
27.6	-4.18	1353.0	8598.51
27.6	-4.18	1352.11	8578.62
27.6	-4.18	1351.21	8575.83
27.6	-4.18	1350.32	8578.73
27.6	-4.18	1349.42	8576.11
27.6	-4.18	1348.53	8578.73
27.6	-4.18	1347.63	8574.55
27.6	-4.18	1346.74	8593.91
27.6	-4.18	1345.84	8629.07
27.6	-4.18	1344.94	8666.49
27.6	-4.18	1344.05	8691.03
27.6	-4.18	1343.15	8730.85
27.6	-4.18	1342.26	8763.04
27.6	-4.18	1341.36	8804.34
27.6	-4.18	1340.46	8849.72
27.6	-4.18	1339.56	8887.11
27.6	-4.18	1338.67	8927.63
27.6	-4.18	1337.77	8956.74
27.6	-4.18	1336.87	8995.52
27.6	-4.18	1335.97	9026.89
27.6	-4.18	1335.08	9056.78
27.6	-4.18	1334.18	9086.41
27.6	-4.18	1333.28	9105.79
27.6	-4.18	1332.38	9130.96
27.6	-4.18	1331.48	9142.11
27.6	-4.18	1330.59	9162.4
27.6	-4.18	1329.69	9178.29
27.6	-4.18	1328.79	9176.24
27.6	-4.18	1327.89	9190.8
27.6	-4.18	1326.99	9203.24
27.6	-4.18	1326.09	9195.67
27.6	-4.18	1325.19	9194.24
27.6	-4.18	1324.29	9211.15
27.6	-4.18	1323.39	9209.72
27.6	-4.18	1322.49	9197.07
27.6	-4.18	1321.59	9200.45
27.6	-4.18	1320.69	9203.09
27.6	-4.18	1319.79	9236.92
27.6	-4.18	1318.89	9266.82
27.6	-4.18	1317.99	9288.69
27.6	-4.18	1317.09	9324.09
27.6	-4.18	1316.19	9355.43
27.6	-4.18	1315.29	9393.72
27.6	-4.18	1314.38	9437.28
27.6	-4.18	1313.48	9473.0
27.6	-4.18	1312.58	9504.65
27.6	-4.18	1311.68	9544.06
27.6	-4.18	1310.78	9558.25
27.6	-4.18	1309.87	9567.13
27.6	-4.18	1308.97	9570.55
27.6	-4.18	1308.07	9576.4
27.6	-4.18	1307.17	9565.83
27.6	-4.18	1306.26	9549.39
27.6	-4.18	1305.36	9523.83
27.6	-4.18	1304.46	9496.56
27.6	-4.18	1303.55	9456.34
27.6	-4.18	1302.65	9399.52
27.6	-4.18	1301.75	9328.33
27.6	-4.18	1300.84	9260.97
27.6	-4.18	1299.94	9174.72
27.6	-4.18	1299.03	9077.96
27.6	-4.18	1298.13	8994.12
27.6	-4.18	1297.23	8908.51
27.6	-4.18	1296.32	8798.96
27.6	-4.18	1295.42	8705.29
27.6	-4.18	1294.51	8617.61
27.6	-4.18	1293.61	8547.73
27.6	-4.18	1292.7	8479.07
27.6	-4.18	1291.8	8405.34
27.6	-4.18	1290.89	8339.55
27.6	-4.18	1289.98	8298.08
27.6	-4.18	1289.08	8247.64
27.6	-4.18	1288.17	8206.86
27.6	-4.18	1287.27	8167.38
27.6	-4.18	1286.36	8135.9
27.6	-4.18	1285.45	8109.94
27.6	-4.18	1284.55	8080.71
27.6	-4.18	1283.64	8037.47
27.6	-4.18	1282.73	8010.9
27.6	-4.18	1281.83	7995.35
27.6	-4.18	1280.92	7958.02
27.6	-4.18	1280.01	7936.12
27.6	-4.18	1279.1	7919.21
27.6	-4.18	1278.2	7893.91
27.6	-4.18	1277.29	7867.71
27.6	-4.18	1276.38	7824.15
27.6	-4.18	1275.47	7794.55
27.6	-4.18	1274.56	7756.94
27.6	-4.18	1273.65	7723.74
27.6	-4.18	1272.75	7684.78
27.6	-4.18	1271.84	7653.27
27.6	-4.18	1270.93	7628.67
27.6	-4.18	1270.02	7593.64
27.6	-4.18	1269.11	7559.64
27.6	-4.18	1268.2	7535.05
27.6	-4.18	1267.29	7506.23
27.6	-4.18	1266.38	7486.09
27.6	-4.18	1265.47	7452.25
27.6	-4.18	1264.56	7433.47
27.6	-4.18	1263.65	7421.2
27.6	-4.18	1262.74	7409.82
27.6	-4.18	1261.83	7395.75
27.6	-4.18	1260.92	7385.95
27.6	-4.18	1260.01	7379.14
27.6	-4.18	1259.1	7371.42
27.6	-4.18	1258.18	7363.04
27.6	-4.18	1257.27	7353.01
27.6	-4.18	1256.36	7353.27
27.6	-4.18	1255.45	7358.35
27.6	-4.18	1254.54	7349.53
27.6	-4.18	1253.62	7339.22
27.6	-4.18	1252.71	7360.02
27.6	-4.18	1251.8	7367.68
27.6	-4.18	1250.89	7360.87
27.6	-4.18	1249.97	7362.18
27.6	-4.18	1249.06	7365.43
27.6	-4.18	1248.15	7377.36
27.6	-4.18	1247.24	7377.33
27.6	-4.18	1246.32	7383.36
27.6	-4.18	1245.41	7394.55
27.6	-4.18	1244.49	7401.17
27.6	-4.18	1243.58	7410.15
27.6	-4.18	1242.67	7408.8
27.6	-4.18	1241.75	7416.72
27.6	-4.18	1240.84	7408.79
27.6	-4.18	1239.92	7389.35
27.6	-4.18	1239.01	7384.77
27.6	-4.18	1238.09	7380.31
27.6	-4.18	1237.18	7375.54
27.6	-4.18	1236.26	7357.25
27.6	-4.18	1235.35	7338.24
27.6	-4.18	1234.43	7323.96
27.6	-4.18	1233.52	7298.59
27.6	-4.18	1232.6	7271.38
27.6	-4.18	1231.69	7250.37
27.6	-4.18	1230.77	7235.9
27.6	-4.18	1229.85	7212.32
27.6	-4.18	1228.94	7195.19
27.6	-4.18	1228.02	7171.29
27.6	-4.18	1227.1	7142.43
27.6	-4.18	1226.19	7124.42
27.6	-4.18	1225.27	7101.6
27.6	-4.18	1224.35	7076.47
27.6	-4.18	1223.43	7055.97
27.6	-4.18	1222.52	7051.86
27.6	-4.18	1221.6	7040.83
27.6	-4.18	1220.68	7028.42
27.6	-4.18	1219.76	7033.44
27.6	-4.18	1218.84	7038.29
27.6	-4.18	1217.93	7033.75
27.6	-4.18	1217.01	7033.1
27.6	-4.18	1216.09	7040.82
27.6	-4.18	1215.17	7026.57
27.6	-4.18	1214.25	7013.42
27.6	-4.18	1213.33	7010.22
27.6	-4.18	1212.41	7011.37
27.6	-4.18	1211.49	7018.44
27.6	-4.18	1210.57	7022.72
27.6	-4.18	1209.65	7016.09
27.6	-4.18	1208.73	7009.39
27.6	-4.18	1207.81	7014.89
27.6	-4.18	1206.89	7006.59
27.6	-4.18	1205.97	6999.17
27.6	-4.18	1205.05	6998.18
27.6	-4.18	1204.13	6995.44
27.6	-4.18	1203.21	6981.71
27.6	-4.18	1202.29	6962.03
27.6	-4.18	1201.37	6950.03
27.6	-4.18	1200.45	6933.29
27.6	-4.18	1199.52	6923.19
27.6	-4.18	1198.6	6905.75
27.6	-4.18	1197.68	6884.17
27.6	-4.18	1196.76	6884.56
27.6	-4.18	1195.84	6881.55
27.6	-4.18	1194.91	6869.45
27.6	-4.18	1193.99	6863.46
27.6	-4.18	1193.07	6854.46
27.6	-4.18	1192.14	6854.27
27.6	-4.18	1191.22	6842.5
27.6	-4.18	1190.3	6836.34
27.6	-4.18	1189.37	6850.84
27.6	-4.18	1188.45	6851.66
27.6	-4.18	1187.53	6836.85
27.6	-4.18	1186.6	6834.95
27.6	-4.18	1185.68	6850.85
27.6	-4.18	1184.76	6852.62
27.6	-4.18	1183.83	6850.25
27.6	-4.18	1182.91	6858.81
27.6	-4.18	1181.98	6862.78
27.6	-4.18	1181.06	6868.06
27.6	-4.18	1180.13	6868.89
27.6	-4.18	1179.21	6865.56
27.6	-4.18	1178.28	6867.12
27.6	-4.18	1177.36	6856.56
27.6	-4.18	1176.43	6846.81
27.6	-4.18	1175.5	6833.26
27.6	-4.18	1174.58	6821.64
27.6	-4.18	1173.65	6807.45
27.6	-4.18	1172.72	6786.3
27.6	-4.18	1171.8	6773.71
27.6	-4.18	1170.87	6756.26
27.6	-4.18	1169.94	6732.05
27.6	-4.18	1169.02	6713.01
27.6	-4.18	1168.09	6684.35
27.6	-4.18	1167.16	6668.73
27.6	-4.18	1166.24	6652.85
27.6	-4.18	1165.31	6631.81
27.6	-4.18	1164.38	6617.54
27.6	-4.18	1163.45	6606.05
27.6	-4.18	1162.52	6592.32
27.6	-4.18	1161.6	6581.22
27.6	-4.18	1160.67	6557.6
27.6	-4.18	1159.74	6553.31
27.6	-4.18	1158.81	6560.66
27.6	-4.18	1157.88	6569.91
27.6	-4.18	1156.95	6577.1
27.6	-4.18	1156.02	6581.42
27.6	-4.18	1155.09	6602.68
27.6	-4.18	1154.16	6622.49
27.6	-4.18	1153.23	6653.19
27.6	-4.18	1152.3	6695.08
27.6	-4.18	1151.37	6750.5
27.6	-4.18	1150.44	6791.58
27.6	-4.18	1149.51	6832.03
27.6	-4.18	1148.58	6888.76
27.6	-4.18	1147.65	6939.28
27.6	-4.18	1146.72	6989.0
27.6	-4.18	1145.79	7033.74
27.6	-4.18	1144.86	7078.88
27.6	-4.18	1143.92	7126.96
27.6	-4.18	1142.99	7169.19
27.6	-4.18	1142.06	7197.42
27.6	-4.18	1141.13	7224.3
27.6	-4.18	1140.2	7248.15
27.6	-4.18	1139.26	7273.81
27.6	-4.18	1138.33	7283.37
27.6	-4.18	1137.4	7287.13
27.6	-4.18	1136.47	7287.01
27.6	-4.18	1135.53	7281.19
27.6	-4.18	1134.6	7272.58
27.6	-4.18	1133.67	7261.22
27.6	-4.18	1132.73	7235.41
27.6	-4.18	1131.8	7221.59
27.6	-4.18	1130.87	7187.27
27.6	-4.18	1129.93	7158.5
27.6	-4.18	1129.0	7117.07
27.6	-4.18	1128.06	7083.89
27.6	-4.18	1127.13	7070.07
27.6	-4.18	1126.19	7050.13
27.6	-4.18	1125.26	7033.35
27.6	-4.18	1124.32	7014.16
27.6	-4.18	1123.39	6990.13
27.6	-4.18	1122.45	6960.79
27.6	-4.18	1121.52	6932.04
27.6	-4.18	1120.58	6907.04
27.6	-4.18	1119.65	6883.2
27.6	-4.18	1118.71	6846.74
27.6	-4.18	1117.78	6808.48
27.6	-4.18	1116.84	6770.38
27.6	-4.18	1115.9	6721.76
27.6	-4.18	1114.97	6682.96
27.6	-4.18	1114.03	6639.65
27.6	-4.18	1113.09	6592.66
27.6	-4.18	1112.15	6557.06
27.6	-4.18	1111.22	6520.35
27.6	-4.18	1110.28	6468.59
27.6	-4.18	1109.34	6437.07
27.6	-4.18	1108.4	6398.77
27.6	-4.18	1107.47	6367.13
27.6	-4.18	1106.53	6327.36
27.6	-4.18	1105.59	6287.25
27.6	-4.18	1104.65	6252.88
27.6	-4.18	1103.71	6234.47
27.6	-4.18	1102.77	6210.85
27.6	-4.18	1101.83	6194.97
27.6	-4.18	1100.9	6166.01
27.6	-4.18	1099.96	6161.2
27.6	-4.18	1099.02	6156.29
27.6	-4.18	1098.08	6136.99
27.6	-4.18	1097.14	6134.38
27.6	-4.18	1096.2	6138.04
27.6	-4.18	1095.26	6139.32
27.6	-4.18	1094.32	6136.63
27.6	-4.18	1093.38	6125.68
27.6	-4.18	1092.44	6113.74
27.6	-4.18	1091.49	6103.51
27.6	-4.18	1090.55	6085.63
27.6	-4.18	1089.61	6078.72
27.6	-4.18	1088.67	6060.75
27.6	-4.18	1087.73	6036.63
27.6	-4.18	1086.79	6023.55
27.6	-4.18	1085.85	6011.1
27.6	-4.18	1084.9	5991.84
27.6	-4.18	1083.96	5972.82
27.6	-4.18	1083.02	5949.55
27.6	-4.18	1082.08	5920.38
27.6	-4.18	1081.13	5902.27
27.6	-4.18	1080.19	5875.21
27.6	-4.18	1079.25	5859.09
27.6	-4.18	1078.31	5840.09
27.6	-4.18	1077.36	5827.39
27.6	-4.18	1076.42	5812.76
27.6	-4.18	1075.48	5793.32
27.6	-4.18	1074.53	5782.54
27.6	-4.18	1073.59	5763.94
27.6	-4.18	1072.64	5743.64
27.6	-4.18	1071.7	5735.44
27.6	-4.18	1070.75	5719.68
27.6	-4.18	1069.81	5709.04
27.6	-4.18	1068.86	5711.55
27.6	-4.18	1067.92	5704.65
27.6	-4.18	1066.97	5691.99
27.6	-4.18	1066.03	5677.99
27.6	-4.18	1065.08	5662.69
27.6	-4.18	1064.14	5660.39
27.6	-4.18	1063.19	5658.54
27.6	-4.18	1062.25	5661.77
27.6	-4.18	1061.3	5658.35
27.6	-4.18	1060.35	5643.55
27.6	-4.18	1059.41	5643.24
27.6	-4.18	1058.46	5643.3
27.6	-4.18	1057.51	5639.65
27.6	-4.18	1056.57	5625.21
27.6	-4.18	1055.62	5613.44
27.6	-4.18	1054.67	5600.24
27.6	-4.18	1053.72	5588.41
27.6	-4.18	1052.78	5578.28
27.6	-4.18	1051.83	5567.57
27.6	-4.18	1050.88	5552.68
27.6	-4.18	1049.93	5534.58
27.6	-4.18	1048.98	5521.31
27.6	-4.18	1048.03	5507.37
27.6	-4.18	1047.09	5493.3
27.6	-4.18	1046.14	5481.85
27.6	-4.18	1045.19	5458.19
27.6	-4.18	1044.24	5447.92
27.6	-4.18	1043.29	5436.65
27.6	-4.18	1042.34	5421.61
27.6	-4.18	1041.39	5417.13
27.6	-4.18	1040.44	5410.12
27.6	-4.18	1039.49	5399.49
27.6	-4.18	1038.54	5388.79
27.6	-4.18	1037.59	5387.94
27.6	-4.18	1036.64	5384.48
27.6	-4.18	1035.69	5387.64
27.6	-4.18	1034.74	5373.94
27.6	-4.18	1033.79	5368.86
27.6	-4.18	1032.83	5355.9
27.6	-4.18	1031.88	5336.41
27.6	-4.18	1030.93	5321.97
27.6	-4.18	1029.98	5304.8
27.6	-4.18	1029.03	5282.59
27.6	-4.18	1028.07	5257.68
27.6	-4.18	1027.12	5231.72
27.6	-4.18	1026.17	5209.49
27.6	-4.18	1025.22	5189.64
27.6	-4.18	1024.26	5157.37
27.6	-4.18	1023.31	5125.76
27.6	-4.18	1022.36	5110.27
27.6	-4.18	1021.4	5095.84
27.6	-4.18	1020.45	5086.29
27.6	-4.18	1019.5	5064.95
27.6	-4.18	1018.54	5054.35
27.6	-4.18	1017.59	5053.72
27.6	-4.18	1016.64	5045.03
27.6	-4.18	1015.68	5042.21
27.6	-4.18	1014.73	5039.95
27.6	-4.18	1013.77	5038.13
27.6	-4.18	1012.82	5042.26
27.6	-4.18	1011.86	5040.34
27.6	-4.18	1010.91	5050.32
27.6	-4.18	1009.95	5063.81
27.6	-4.18	1009.0	5071.36
27.6	-4.18	1008.04	5079.47
27.6	-4.18	1007.08	5086.19
27.6	-4.18	1006.13	5087.87
27.6	-4.18	1005.17	5087.73
27.6	-4.18	1004.22	5083.38
27.6	-4.18	1003.26	5082.14
27.6	-4.18	1002.3	5083.01
27.6	-4.18	1001.34	5081.38
27.6	-4.18	1000.39	5071.08
27.6	-4.18	999.431	5066.72
27.6	-4.18	998.4730000000001	5067.28
27.6	-4.18	997.515	5070.61
27.6	-4.18	996.558	5062.82
27.6	-4.18	995.6	5050.45
27.6	-4.18	994.6410000000001	5042.49
27.6	-4.18	993.683	5033.71
27.6	-4.18	992.725	5020.24
27.6	-4.18	991.7660000000001	5007.59
27.6	-4.18	990.807	4985.29
27.6	-4.18	989.8480000000001	4975.47
27.6	-4.18	988.8889999999999	4959.81
27.6	-4.18	987.93	4934.29
27.6	-4.18	986.97	4914.48
27.6	-4.18	986.01	4892.56
27.6	-4.18	985.05	4871.07
27.6	-4.18	984.09	4858.89
27.6	-4.18	983.13	4839.82
27.6	-4.18	982.17	4829.4
27.6	-4.18	981.209	4807.69
27.6	-4.18	980.248	4796.87
27.6	-4.18	979.288	4791.75
27.6	-4.18	978.326	4775.4
27.6	-4.18	977.365	4756.46
27.6	-4.18	976.404	4751.76
27.6	-4.18	975.442	4749.29
27.6	-4.18	974.48	4751.94
27.6	-4.18	973.518	4753.62
27.6	-4.18	972.556	4757.68
27.6	-4.18	971.5939999999999	4764.69
27.6	-4.18	970.632	4780.33
27.6	-4.18	969.669	4790.62
27.6	-4.18	968.706	4796.65
27.6	-4.18	967.743	4796.71
27.6	-4.18	966.78	4805.25
27.6	-4.18	965.817	4814.12
27.6	-4.18	964.8530000000001	4819.01
27.6	-4.18	963.8889999999999	4825.05
27.6	-4.18	962.926	4833.53
27.6	-4.18	961.961	4828.98
27.6	-4.18	960.997	4824.36
27.6	-4.18	960.033	4820.36
27.6	-4.18	959.068	4809.29
27.6	-4.18	958.1039999999999	4802.17
27.6	-4.18	957.1389999999999	4798.96
27.6	-4.18	956.174	4797.97
27.6	-4.18	955.2080000000001	4795.93
27.6	-4.18	954.243	4790.52
27.6	-4.18	953.2769999999999	4789.47
27.6	-4.18	952.312	4786.08
27.6	-4.18	951.346	4800.45
27.6	-4.18	950.38	4804.77
27.6	-4.18	949.413	4803.16
27.6	-4.18	948.447	4810.82
27.6	-4.18	947.48	4820.16
27.6	-4.18	946.513	4823.42
27.6	-4.18	945.546	4832.55
27.6	-4.18	944.579	4832.42
27.6	-4.18	943.612	4840.42
27.6	-4.18	942.6439999999999	4851.43
27.6	-4.18	941.677	4856.78
27.6	-4.18	940.709	4856.88
27.6	-4.18	939.7410000000001	4867.37
27.6	-4.18	938.773	4870.05
27.6	-4.18	937.804	4875.94
27.6	-4.18	936.836	4879.41
27.6	-4.18	935.867	4879.16
27.6	-4.18	934.898	4881.49
27.6	-4.18	933.929	4882.66
27.6	-4.18	932.96	4874.14
27.6	-4.18	931.99	4862.86
27.6	-4.18	931.0210000000001	4856.08
27.6	-4.18	930.051	4851.0
27.6	-4.18	929.081	4845.74
27.6	-4.18	928.1110000000001	4838.83
27.6	-4.18	927.1410000000001	4830.48
27.6	-4.18	926.17	4820.57
27.6	-4.18	925.199	4811.94
27.6	-4.18	924.2289999999999	4797.95
27.6	-4.18	923.258	4787.34
27.6	-4.18	922.2860000000001	4784.98
27.6	-4.18	921.315	4760.9
27.6	-4.18	920.3439999999999	4736.26
27.6	-4.18	919.372	4718.67
27.6	-4.18	918.4	4695.41
27.6	-4.18	917.428	4676.65
27.6	-4.18	916.456	4659.92
27.6	-4.18	915.4830000000001	4639.24
27.6	-4.18	914.5110000000001	4632.33
27.6	-4.18	913.538	4614.27
27.6	-4.18	912.565	4599.98
27.6	-4.18	911.592	4590.83
27.6	-4.18	910.6189999999999	4590.58
27.6	-4.18	909.645	4571.21
27.6	-4.18	908.671	4567.33
27.6	-4.18	907.698	4571.64
27.6	-4.18	906.7239999999999	4571.51
27.6	-4.18	905.75	4569.87
27.6	-4.18	904.775	4568.24
27.6	-4.18	903.801	4566.61
27.6	-4.18	902.826	4569.46
27.6	-4.18	901.8510000000001	4567.44
27.6	-4.18	900.8760000000001	4570.7
27.6	-4.18	899.9010000000001	4571.79
27.6	-4.18	898.925	4577.41
27.6	-4.18	897.95	4571.34
27.6	-4.18	896.9739999999999	4568.86
27.6	-4.18	895.998	4568.07
27.6	-4.18	895.0219999999999	4566.66
27.6	-4.18	894.046	4567.04
27.6	-4.18	893.069	4568.62
27.6	-4.18	892.0930000000001	4570.27
27.6	-4.18	891.1160000000001	4569.6
27.6	-4.18	890.1389999999999	4573.35
27.6	-4.18	889.1619999999999	4577.33
27.6	-4.18	888.184	4578.74
27.6	-4.18	887.207	4589.31
27.6	-4.18	886.2289999999999	4589.41
27.6	-4.18	885.2510000000001	4600.02
27.6	-4.18	884.273	4605.45
27.6	-4.18	883.295	4617.62
27.6	-4.18	882.317	4625.61
27.6	-4.18	881.3380000000001	4632.84
27.6	-4.18	880.3589999999999	4637.35
27.6	-4.18	879.38	4650.8
27.6	-4.18	878.4010000000001	4663.03
27.6	-4.18	877.422	4679.68
27.6	-4.18	876.442	4691.28
27.6	-4.18	875.4630000000001	4700.31
27.6	-4.18	874.4830000000001	4719.23
27.6	-4.18	873.503	4737.56
27.6	-4.18	872.523	4747.38
27.6	-4.18	871.5419999999999	4770.0
27.6	-4.18	870.562	4788.55
27.6	-4.18	869.581	4793.98
27.6	-4.18	868.6	4805.14
27.6	-4.18	867.6189999999999	4823.09
27.6	-4.18	866.638	4842.58
27.6	-4.18	865.6569999999999	4863.72
27.6	-4.18	864.675	4878.98
27.6	-4.18	863.693	4894.82
27.6	-4.18	862.711	4905.35
27.6	-4.18	861.7289999999999	4900.72
27.6	-4.18	860.747	4907.36
27.6	-4.18	859.7639999999999	4906.59
27.6	-4.18	858.7819999999999	4908.35
27.6	-4.18	857.799	4908.6
27.6	-4.18	856.816	4898.55
27.6	-4.18	855.8330000000001	4899.84
27.6	-4.18	854.8489999999999	4891.98
27.6	-4.18	853.8660000000001	4882.75
27.6	-4.18	852.882	4867.56
27.6	-4.18	851.898	4852.21
27.6	-4.18	850.914	4840.18
27.6	-4.18	849.93	4833.78
27.6	-4.18	848.945	4826.72
27.6	-4.18	847.961	4825.04
27.6	-4.18	846.9760000000001	4813.07
27.6	-4.18	845.9910000000001	4806.81
27.6	-4.18	845.0060000000001	4813.86
27.6	-4.18	844.02	4821.79
27.6	-4.18	843.035	4827.96
27.6	-4.18	842.049	4833.04
27.6	-4.18	841.063	4829.62
27.6	-4.18	840.077	4841.01
27.6	-4.18	839.091	4854.31
27.6	-4.18	838.1039999999999	4861.53
27.6	-4.18	837.118	4874.36
27.6	-4.18	836.1310000000001	4885.55
27.6	-4.18	835.1439999999999	4887.23
27.6	-4.18	834.1569999999999	4887.06
27.6	-4.18	833.17	4885.7
27.6	-4.18	832.182	4877.53
27.6	-4.18	831.195	4881.66
27.6	-4.18	830.207	4886.77
27.6	-4.18	829.2189999999999	4890.12
27.6	-4.18	828.23	4889.88
27.6	-4.18	827.242	4894.31
27.6	-4.18	826.253	4898.4
27.6	-4.18	825.265	4898.18
27.6	-4.18	824.2760000000001	4895.79
27.6	-4.18	823.2869999999999	4884.0
27.6	-4.18	822.297	4882.43
27.6	-4.18	821.308	4885.26
27.6	-4.18	820.318	4877.03
27.6	-4.18	819.328	4873.1
27.6	-4.18	818.3380000000001	4872.12
27.6	-4.18	817.3480000000001	4871.2
27.6	-4.18	816.3580000000001	4873.24
27.6	-4.18	815.367	4866.86
27.6	-4.18	814.377	4863.78
27.6	-4.18	813.3860000000001	4853.67
27.6	-4.18	812.395	4839.82
27.6	-4.18	811.403	4833.54
27.6	-4.18	810.4119999999999	4830.79
27.6	-4.18	809.42	4815.9
27.6	-4.18	808.428	4813.92
27.6	-4.18	807.436	4812.61
27.6	-4.18	806.444	4814.23
27.6	-4.18	805.452	4803.03
27.6	-4.18	804.459	4792.51
27.6	-4.18	803.467	4790.72
27.6	-4.18	802.4739999999999	4789.45
27.6	-4.18	801.4810000000001	4797.76
27.6	-4.18	800.487	4796.79
27.6	-4.18	799.4939999999999	4794.14
27.6	-4.18	798.5	4791.98
27.6	-4.18	797.507	4793.83
27.6	-4.18	796.513	4794.15
27.6	-4.18	795.518	4804.66
27.6	-4.18	794.5239999999999	4808.21
27.6	-4.18	793.529	4804.29
27.6	-4.18	792.535	4812.41
27.6	-4.18	791.54	4811.61
27.6	-4.18	790.545	4806.11
27.6	-4.18	789.55	4808.25
27.6	-4.18	788.554	4804.18
27.6	-4.18	787.559	4801.57
27.6	-4.18	786.563	4786.81
27.6	-4.18	785.567	4768.71
27.6	-4.18	784.571	4764.94
27.6	-4.18	783.574	4748.08
27.6	-4.18	782.578	4735.69
27.6	-4.18	781.581	4736.51
27.6	-4.18	780.584	4729.7
27.6	-4.18	779.587	4728.14
27.6	-4.18	778.59	4726.92
27.6	-4.18	777.592	4729.53
27.6	-4.18	776.595	4736.11
27.6	-4.18	775.597	4732.45
27.6	-4.18	774.5989999999999	4730.95
27.6	-4.18	773.6010000000001	4744.71
27.6	-4.18	772.602	4746.14
27.6	-4.18	771.6039999999999	4746.84
27.6	-4.18	770.605	4750.54
27.6	-4.18	769.6060000000001	4754.43
27.6	-4.18	768.607	4755.57
27.6	-4.18	767.6080000000001	4761.72
27.6	-4.18	766.6089999999999	4774.67
27.6	-4.18	765.6089999999999	4790.01
27.6	-4.18	764.6089999999999	4786.82
27.6	-4.18	763.6089999999999	4784.12
27.6	-4.18	762.6089999999999	4792.54
27.6	-4.18	761.6089999999999	4802.39
27.6	-4.18	760.6080000000001	4802.41
27.6	-4.18	759.607	4807.57
27.6	-4.18	758.607	4815.21
27.6	-4.18	757.605	4824.76
27.6	-4.18	756.6039999999999	4829.21
27.6	-4.18	755.6030000000001	4834.25
27.6	-4.18	754.6010000000001	4845.65
27.6	-4.18	753.5989999999999	4847.89
27.6	-4.18	752.597	4862.06
27.6	-4.18	751.595	4874.81
27.6	-4.18	750.5930000000001	4880.83
27.6	-4.18	749.59	4894.06
27.6	-4.18	748.587	4897.68
27.6	-4.18	747.585	4911.75
27.6	-4.18	746.581	4921.49
27.6	-4.18	745.578	4921.99
27.6	-4.18	744.575	4925.9
27.6	-4.18	743.571	4935.65
27.6	-4.18	742.567	4923.91
27.6	-4.18	741.563	4918.37
27.6	-4.18	740.559	4916.48
27.6	-4.18	739.555	4911.04
27.6	-4.18	738.55	4899.05
27.6	-4.18	737.545	4895.24
27.6	-4.18	736.54	4902.69
27.6	-4.18	735.535	4904.19
27.6	-4.18	734.53	4898.99
27.6	-4.18	733.525	4911.33
27.6	-4.18	732.5189999999999	4930.93
27.6	-4.18	731.513	4941.64
27.6	-4.18	730.507	4943.61
27.6	-4.18	729.5010000000001	4966.21
27.6	-4.18	728.4939999999999	4983.14
27.6	-4.18	727.488	5006.11
27.6	-4.18	726.4810000000001	5002.66
27.6	-4.18	725.4739999999999	5015.9
27.6	-4.18	724.467	5022.33
27.6	-4.18	723.46	5028.49
27.6	-4.18	722.452	5033.19
27.6	-4.18	721.444	5039.79
27.6	-4.18	720.436	5044.98
27.6	-4.18	719.428	5041.91
27.6	-4.18	718.42	5033.88
27.6	-4.18	717.4119999999999	5036.36
27.6	-4.18	716.403	5030.87
27.6	-4.18	715.3939999999999	5024.6
27.6	-4.18	714.385	5029.12
27.6	-4.18	713.3760000000001	5024.86
27.6	-4.18	712.367	5016.31
27.6	-4.18	711.357	5007.84
27.6	-4.18	710.347	5001.63
27.6	-4.18	709.3380000000001	4987.91
27.6	-4.18	708.327	4975.64
27.6	-4.18	707.317	4978.83
27.6	-4.18	706.307	4982.67
27.6	-4.18	705.296	4978.2
27.6	-4.18	704.285	4965.06
27.6	-4.18	703.2739999999999	4969.04
27.6	-4.18	702.263	4970.64
27.6	-4.18	701.252	4961.06
27.6	-4.18	700.24	4955.66
27.6	-4.18	699.2280000000001	4962.12
27.6	-4.18	698.216	4959.91
27.6	-4.18	697.204	4947.69
27.6	-4.18	696.192	4932.59
27.6	-4.18	695.179	4934.32
27.6	-4.18	694.1669999999999	4924.38
27.6	-4.18	693.154	4922.09
27.6	-4.18	692.1410000000001	4921.66
27.6	-4.18	691.127	4923.24
27.6	-4.18	690.1139999999999	4916.97
27.6	-4.18	689.1	4913.31
27.6	-4.18	688.086	4927.54
27.6	-4.18	687.072	4942.51
27.6	-4.18	686.058	4952.45
27.6	-4.18	685.044	4961.8
27.6	-4.18	684.029	4985.24
27.6	-4.18	683.015	4991.13
27.6	-4.18	682.0	4997.68
27.6	-4.18	680.985	4999.28
27.6	-4.18	679.9689999999999	5008.97
27.6	-4.18	678.954	5009.69
27.6	-4.18	677.938	5009.48
27.6	-4.18	676.922	5005.2
27.6	-4.18	675.9060000000001	4998.3
27.6	-4.18	674.89	4986.85
27.6	-4.18	673.8739999999999	4980.19
27.6	-4.18	672.857	4986.06
27.6	-4.18	671.84	4977.48
27.6	-4.18	670.823	4971.88
27.6	-4.18	669.806	4981.01
27.6	-4.18	668.789	4988.34
27.6	-4.18	667.7710000000001	4986.84
27.6	-4.18	666.753	4993.12
27.6	-4.18	665.735	5009.01
27.6	-4.18	664.717	5025.48
27.6	-4.18	663.699	5050.98
27.6	-4.18	662.68	5074.18
27.6	-4.18	661.6619999999999	5097.17
27.6	-4.18	660.643	5117.35
27.6	-4.18	659.6239999999999	5141.24
27.6	-4.18	658.605	5181.94
27.6	-4.18	657.585	5225.62
27.6	-4.18	656.566	5252.22
27.6	-4.18	655.546	5270.9
27.6	-4.18	654.526	5296.33
27.6	-4.18	653.506	5331.26
27.6	-4.18	652.485	5347.43
27.6	-4.18	651.465	5368.12
27.6	-4.18	650.444	5382.85
27.6	-4.18	649.423	5389.27
27.6	-4.18	648.4019999999999	5380.91
27.6	-4.18	647.381	5375.45
27.6	-4.18	646.359	5368.76
27.6	-4.18	645.3380000000001	5362.56
27.6	-4.18	644.316	5363.84
27.6	-4.18	643.294	5360.26
27.6	-4.18	642.271	5353.18
27.6	-4.18	641.249	5338.85
27.6	-4.18	640.226	5347.93
27.6	-4.18	639.2040000000001	5347.82
27.6	-4.18	638.181	5335.55
27.6	-4.18	637.1569999999999	5322.94
27.6	-4.18	636.134	5327.76
27.6	-4.18	635.11	5324.64
27.6	-4.18	634.087	5315.61
27.6	-4.18	633.063	5308.74
27.6	-4.18	632.039	5297.07
27.6	-4.18	631.014	5282.16
27.6	-4.18	629.99	5268.37
27.6	-4.18	628.965	5256.76
27.6	-4.18	627.94	5250.49
27.6	-4.18	626.915	5233.2
27.6	-4.18	625.89	5205.26
27.6	-4.18	624.864	5183.17
27.6	-4.18	623.839	5163.69
27.6	-4.18	622.813	5136.81
27.6	-4.18	621.7869999999999	5113.13
27.6	-4.18	620.761	5088.84
27.6	-4.18	619.734	5057.64
27.6	-4.18	618.7080000000001	5019.74
27.6	-4.18	617.681	4986.32
27.6	-4.18	616.654	4958.52
27.6	-4.18	615.627	4929.01
27.6	-4.18	614.599	4911.77
27.6	-4.18	613.572	4902.47
27.6	-4.18	612.544	4887.01
27.6	-4.18	611.516	4863.37
27.6	-4.18	610.488	4848.79
27.6	-4.18	609.46	4842.33
27.6	-4.18	608.431	4816.22
27.6	-4.18	607.403	4797.4
27.6	-4.18	606.374	4793.31
27.6	-4.18	605.345	4793.75
27.6	-4.18	604.316	4781.76
27.6	-4.18	603.286	4776.96
27.6	-4.18	602.257	4775.38
27.6	-4.18	601.227	4768.56
27.6	-4.18	600.197	4766.18
27.6	-4.18	599.1669999999999	4766.01
27.6	-4.18	598.136	4771.69
27.6	-4.18	597.106	4775.36
27.6	-4.18	596.075	4768.77
27.6	-4.18	595.044	4766.19
27.6	-4.18	594.013	4762.46
27.6	-4.18	592.981	4752.9
27.6	-4.18	591.95	4753.41
27.6	-4.18	590.918	4759.17
27.6	-4.18	589.886	4755.57
27.6	-4.18	588.854	4753.02
27.6	-4.18	587.822	4756.01
27.6	-4.18	586.789	4763.08
27.6	-4.18	585.757	4764.65
27.6	-4.18	584.724	4771.46
27.6	-4.18	583.691	4782.61
27.6	-4.18	582.6569999999999	4784.47
27.6	-4.18	581.624	4776.87
27.6	-4.18	580.59	4769.52
27.6	-4.18	579.557	4775.6
27.6	-4.18	578.523	4766.05
27.6	-4.18	577.488	4755.48
27.6	-4.18	576.4540000000001	4755.48
27.6	-4.18	575.419	4751.7
27.6	-4.18	574.385	4742.9
27.6	-4.18	573.35	4739.37
27.6	-4.18	572.314	4744.56
27.6	-4.18	571.279	4732.88
27.6	-4.18	570.244	4725.28
27.6	-4.18	569.2080000000001	4719.76
27.6	-4.18	568.172	4717.79
27.6	-4.18	567.136	4710.69
27.6	-4.18	566.099	4705.41
27.6	-4.18	565.063	4705.19
27.6	-4.18	564.026	4711.09
27.6	-4.18	562.989	4710.05
27.6	-4.18	561.952	4730.2
27.6	-4.18	560.915	4759.35
27.6	-4.18	559.877	4779.95
27.6	-4.18	558.84	4814.41
27.6	-4.18	557.802	4850.42
27.6	-4.18	556.764	4893.19
27.6	-4.18	555.726	4920.05
27.6	-4.18	554.687	4962.56
27.6	-4.18	553.649	4998.38
27.6	-4.18	552.61	5028.5
27.6	-4.18	551.571	5055.37
27.6	-4.18	550.5319999999999	5087.27
27.6	-4.18	549.492	5122.69
27.6	-4.18	548.453	5138.85
27.6	-4.18	547.413	5150.96
27.6	-4.18	546.373	5175.74
27.6	-4.18	545.3330000000001	5194.12
27.6	-4.18	544.2919999999999	5206.65
27.6	-4.18	543.252	5236.42
27.6	-4.18	542.211	5263.2
27.6	-4.18	541.17	5273.22
27.6	-4.18	540.129	5283.84
27.6	-4.18	539.0880000000001	5291.62
27.6	-4.18	538.0459999999999	5296.99
27.6	-4.18	537.004	5298.52
27.6	-4.18	535.962	5289.13
27.6	-4.18	534.92	5288.75
27.6	-4.18	533.878	5274.97
27.6	-4.18	532.836	5257.9
27.6	-4.18	531.793	5243.25
27.6	-4.18	530.75	5227.98
27.6	-4.18	529.707	5200.73
27.6	-4.18	528.664	5174.86
27.6	-4.18	527.62	5155.33
27.6	-4.18	526.577	5112.24
27.6	-4.18	525.533	5077.27
27.6	-4.18	524.489	5043.3
27.6	-4.18	523.445	5012.59
27.6	-4.18	522.4	4963.55
27.6	-4.18	521.355	4924.13
27.6	-4.18	520.311	4891.07
27.6	-4.18	519.266	4853.57
27.6	-4.18	518.22	4821.45
27.6	-4.18	517.175	4792.36
27.6	-4.18	516.129	4784.42
27.6	-4.18	515.0840000000001	4778.63
27.6	-4.18	514.038	4772.47
27.6	-4.18	512.992	4782.06
27.6	-4.18	511.945	4795.72
27.6	-4.18	510.899	4798.84
27.6	-4.18	509.852	4804.99
27.6	-4.18	508.805	4821.32
27.6	-4.18	507.75800000000004	4823.05
27.6	-4.18	506.71	4827.43
27.6	-4.18	505.663	4840.02
27.6	-4.18	504.615	4854.42
27.6	-4.18	503.56699999999995	4861.6
27.6	-4.18	502.519	4868.62
27.6	-4.18	501.471	4893.78
27.6	-4.18	500.42199999999997	4905.64
27.6	-4.18	499.374	4914.05
27.6	-4.18	498.325	4938.97
27.6	-4.18	497.276	4963.42
27.6	-4.18	496.226	4981.23
27.6	-4.18	495.17699999999996	5000.4
27.6	-4.18	494.12699999999995	5041.5
27.6	-4.18	493.077	5069.69
27.6	-4.18	492.027	5087.5
27.6	-4.18	490.977	5115.09
27.6	-4.18	489.926	5146.32
27.6	-4.18	488.876	5168.65
27.6	-4.18	487.825	5189.26
27.6	-4.18	486.774	5216.42
27.6	-4.18	485.723	5233.6
27.6	-4.18	484.671	5244.13
27.6	-4.18	483.619	5259.66
27.6	-4.18	482.56800000000004	5266.7
27.6	-4.18	481.51599999999996	5276.7
27.6	-4.18	480.463	5274.44
27.6	-4.18	479.411	5280.83
27.6	-4.18	478.358	5285.21
27.6	-4.18	477.305	5274.66
27.6	-4.18	476.25199999999995	5265.26
27.6	-4.18	475.199	5250.92
27.6	-4.18	474.14599999999996	5241.32
27.6	-4.18	473.092	5220.52
27.6	-4.18	472.038	5205.98
27.6	-4.18	470.98400000000004	5185.88
27.6	-4.18	469.93	5174.03
27.6	-4.18	468.876	5145.53
27.6	-4.18	467.82099999999997	5142.74
27.6	-4.18	466.76599999999996	5138.97
27.6	-4.18	465.711	5141.41
27.6	-4.18	464.656	5158.55
27.6	-4.18	463.601	5179.61
27.6	-4.18	462.545	5188.77
27.6	-4.18	461.49	5205.57
27.6	-4.18	460.434	5222.7
27.6	-4.18	459.37699999999995	5242.41
27.6	-4.18	458.32099999999997	5258.26
27.6	-4.18	457.264	5271.82
27.6	-4.18	456.208	5292.39
27.6	-4.18	455.151	5305.19
27.6	-4.18	454.094	5320.78
27.6	-4.18	453.036	5338.82
27.6	-4.18	451.97900000000004	5353.62
27.6	-4.18	450.921	5358.89
27.6	-4.18	449.86300000000006	5386.09
27.6	-4.18	448.805	5398.4
27.6	-4.18	447.74699999999996	5404.91
27.6	-4.18	446.68800000000005	5394.46
27.6	-4.18	445.629	5385.35
27.6	-4.18	444.57	5375.34
27.6	-4.18	443.51099999999997	5357.53
27.6	-4.18	442.452	5345.26
27.6	-4.18	441.392	5319.94
27.6	-4.18	440.333	5294.34
27.6	-4.18	439.273	5271.18
27.6	-4.18	438.213	5265.84
27.6	-4.18	437.152	5243.26
27.6	-4.18	436.092	5250.37
27.6	-4.18	435.031	5259.29
27.6	-4.18	433.97	5273.91
27.6	-4.18	432.909	5290.03
27.6	-4.18	431.848	5300.82
27.6	-4.18	430.786	5306.89
27.6	-4.18	429.724	5316.69
27.6	-4.18	428.663	5320.28
27.6	-4.18	427.6	5334.34
27.6	-4.18	426.538	5345.07
27.6	-4.18	425.476	5351.26
27.6	-4.18	424.413	5362.92
27.6	-4.18	423.35	5367.71
27.6	-4.18	422.287	5360.63
27.6	-4.18	421.224	5367.64
27.6	-4.18	420.16	5374.93
27.6	-4.18	419.096	5386.96
27.6	-4.18	418.033	5398.57
27.6	-4.18	416.968	5399.81
27.6	-4.18	415.904	5403.39
27.6	-4.18	414.84	5403.5
27.6	-4.18	413.775	5423.57
27.6	-4.18	412.71	5442.85
27.6	-4.18	411.645	5460.09
27.6	-4.18	410.58	5482.05
27.6	-4.18	409.514	5508.21
27.6	-4.18	408.44800000000004	5542.1
27.6	-4.18	407.38300000000004	5574.24
27.6	-4.18	406.316	5619.81
27.6	-4.18	405.25	5667.0
27.6	-4.18	404.184	5727.99
27.6	-4.18	403.11699999999996	5773.03
27.6	-4.18	402.05	5812.48
27.6	-4.18	400.983	5856.97
27.6	-4.18	399.916	5891.41
27.6	-4.18	398.848	5914.04
27.6	-4.18	397.781	5940.14
27.6	-4.18	396.713	5969.63
27.6	-4.18	395.645	5984.15
27.6	-4.18	394.57599999999996	5994.59
27.6	-4.18	393.50800000000004	6001.4
27.6	-4.18	392.439	6006.58
27.6	-4.18	391.37	6002.98
27.6	-4.18	390.301	6004.19
27.6	-4.18	389.23199999999997	6010.94
27.6	-4.18	388.162	6010.11
27.6	-4.18	387.093	6003.58
27.6	-4.18	386.023	5996.29
27.6	-4.18	384.95300000000003	5994.68
27.6	-4.18	383.88199999999995	5985.66
27.6	-4.18	382.81199999999995	5985.07
27.6	-4.18	381.741	5989.48
27.6	-4.18	380.67	5981.16
27.6	-4.18	379.599	5984.13
27.6	-4.18	378.528	5983.02
27.6	-4.18	377.45599999999996	5978.48
27.6	-4.18	376.384	5963.26
27.6	-4.18	375.31300000000005	5954.08
27.6	-4.18	374.24	5962.16
27.6	-4.18	373.168	5955.42
27.6	-4.18	372.096	5943.28
27.6	-4.18	371.023	5927.06
27.6	-4.18	369.95	5915.83
27.6	-4.18	368.87699999999995	5905.56
27.6	-4.18	367.80400000000003	5898.18
27.6	-4.18	366.73	5884.38
27.6	-4.18	365.656	5879.9
27.6	-4.18	364.582	5873.27
27.6	-4.18	363.50800000000004	5864.46
27.6	-4.18	362.434	5861.09
27.6	-4.18	361.35900000000004	5868.2
27.6	-4.18	360.285	5871.61
27.6	-4.18	359.21	5879.86
27.6	-4.18	358.135	5886.52
27.6	-4.18	357.059	5899.23
27.6	-4.18	355.98400000000004	5914.07
27.6	-4.18	354.908	5930.88
27.6	-4.18	353.832	5948.17
27.6	-4.18	352.756	5970.15
27.6	-4.18	351.67900000000003	5982.71
27.6	-4.18	350.603	6008.7
27.6	-4.18	349.526	6027.6
27.6	-4.18	348.449	6044.79
27.6	-4.18	347.37199999999996	6070.36
27.6	-4.18	346.295	6082.59
27.6	-4.18	345.217	6091.73
27.6	-4.18	344.139	6109.39
27.6	-4.18	343.061	6139.39
27.6	-4.18	341.983	6174.7
27.6	-4.18	340.905	6194.39
27.6	-4.18	339.82599999999996	6216.13
27.6	-4.18	338.74699999999996	6242.26
27.6	-4.18	337.668	6278.72
27.6	-4.18	336.589	6308.57
27.6	-4.18	335.51	6345.63
27.6	-4.18	334.43	6377.36
27.6	-4.18	333.35	6410.68
27.6	-4.18	332.27	6441.97
27.6	-4.18	331.19	6475.76
27.6	-4.18	330.11	6509.0
27.6	-4.18	329.029	6540.85
27.6	-4.18	327.94800000000004	6562.11
27.6	-4.18	326.867	6599.49
27.6	-4.18	325.786	6623.05
27.6	-4.18	324.705	6654.43
27.6	-4.18	323.623	6683.55
27.6	-4.18	322.541	6710.67
27.6	-4.18	321.459	6736.5
27.6	-4.18	320.377	6759.74
27.6	-4.18	319.29400000000004	6787.52
27.6	-4.18	318.212	6819.91
27.6	-4.18	317.129	6841.44
27.6	-4.18	316.046	6875.68
27.6	-4.18	314.962	6897.76
27.6	-4.18	313.879	6928.9
27.6	-4.18	312.795	6967.65
27.6	-4.18	311.711	7010.34
27.6	-4.18	310.627	7057.5
27.6	-4.18	309.543	7095.87
27.6	-4.18	308.45799999999997	7126.48
27.6	-4.18	307.374	7169.93
27.6	-4.18	306.289	7211.82
27.6	-4.18	305.204	7256.44
27.6	-4.18	304.118	7285.59
27.6	-4.18	303.033	7320.84
27.6	-4.18	301.947	7357.88
27.6	-4.18	300.861	7392.96
27.6	-4.18	299.775	7414.4
27.6	-4.18	298.689	7443.54
27.6	-4.18	297.60200000000003	7468.03
27.6	-4.18	296.515	7478.64
27.6	-4.18	295.428	7492.12
27.6	-4.18	294.341	7515.44
27.6	-4.18	293.254	7510.67
27.6	-4.18	292.166	7519.17
27.6	-4.18	291.079	7533.45
27.6	-4.18	289.991	7547.04
27.6	-4.18	288.902	7550.85
27.6	-4.18	287.814	7558.08
27.6	-4.18	286.725	7577.98
27.6	-4.18	285.637	7580.33
27.6	-4.18	284.547	7589.57
27.6	-4.18	283.45799999999997	7603.01
27.6	-4.18	282.369	7603.87
27.6	-4.18	281.279	7628.63
27.6	-4.18	280.189	7649.8
27.6	-4.18	279.099	7671.62
27.6	-4.18	278.009	7684.35
27.6	-4.18	276.91900000000004	7697.64
27.6	-4.18	275.828	7713.9
27.6	-4.18	274.737	7731.72
27.6	-4.18	273.64599999999996	7739.24
27.6	-4.18	272.555	7758.82
27.6	-4.18	271.46299999999997	7765.7
27.6	-4.18	270.371	7768.41
27.6	-4.18	269.28	7782.94
27.6	-4.18	268.187	7785.33
27.6	-4.18	267.095	7773.05
27.6	-4.18	266.003	7775.06
27.6	-4.18	264.91	7774.72
27.6	-4.18	263.817	7760.07
27.6	-4.18	262.724	7754.6
27.6	-4.18	261.63	7759.01
27.6	-4.18	260.53700000000003	7749.79
27.6	-4.18	259.443	7746.43
27.6	-4.18	258.349	7737.1
27.6	-4.18	257.255	7739.2
27.6	-4.18	256.16	7725.3
27.6	-4.18	255.06599999999997	7721.76
27.6	-4.18	253.97099999999998	7725.51
27.6	-4.18	252.87599999999998	7708.82
27.6	-4.18	251.78099999999998	7697.51
27.6	-4.18	250.685	7701.91
27.6	-4.18	249.59	7713.09
27.6	-4.18	248.49400000000003	7719.53
27.6	-4.18	247.398	7716.93
27.6	-4.18	246.30200000000002	7725.5
27.6	-4.18	245.205	7720.93
27.6	-4.18	244.108	7723.34
27.6	-4.18	243.012	7721.31
27.6	-4.18	241.91400000000002	7721.92
27.6	-4.18	240.817	7709.87
27.6	-4.18	239.72	7706.17
27.6	-4.18	238.622	7698.27
27.6	-4.18	237.524	7689.46
27.6	-4.18	236.426	7686.06
27.6	-4.18	235.328	7683.09
27.6	-4.18	234.229	7680.17
27.6	-4.18	233.13	7675.97
27.6	-4.18	232.03099999999998	7675.59
27.6	-4.18	230.93200000000002	7670.59
27.6	-4.18	229.833	7659.73
27.6	-4.18	228.733	7658.69
27.6	-4.18	227.63299999999998	7650.99
27.6	-4.18	226.533	7644.47
27.6	-4.18	225.433	7642.39
27.6	-4.18	224.333	7654.2
27.6	-4.18	223.232	7655.01
27.6	-4.18	222.13099999999997	7650.08
27.6	-4.18	221.03	7652.22
27.6	-4.18	219.929	7652.3
27.6	-4.18	218.827	7668.23
27.6	-4.18	217.726	7686.05
27.6	-4.18	216.62400000000002	7698.83
27.6	-4.18	215.52200000000002	7706.48
27.6	-4.18	214.419	7718.43
27.6	-4.18	213.317	7739.12
27.6	-4.18	212.21400000000003	7752.28
27.6	-4.18	211.111	7761.0
27.6	-4.18	210.00799999999998	7775.41
27.6	-4.18	208.905	7789.4
27.6	-4.18	207.801	7796.31
27.6	-4.18	206.697	7810.7
27.6	-4.18	205.593	7831.31
27.6	-4.18	204.489	7842.78
27.6	-4.18	203.385	7852.56
27.6	-4.18	202.28	7869.63
27.6	-4.18	201.175	7878.54
27.6	-4.18	200.07	7880.23
