27.6	7.82	1999.92	1631.21
27.6	7.82	1999.14	1625.77
27.6	7.82	1998.35	1621.49
27.6	7.82	1997.57	1618.72
27.6	7.82	1996.78	1612.22
27.6	7.82	1996.0	1604.76
27.6	7.82	1995.21	1602.38
27.6	7.82	1994.42	1596.86
27.6	7.82	1993.64	1592.96
27.6	7.82	1992.85	1588.18
27.6	7.82	1992.07	1584.61
27.6	7.82	1991.28	1578.03
27.6	7.82	1990.5	1579.52
27.6	7.82	1989.71	1581.13
27.6	7.82	1988.92	1577.51
27.6	7.82	1988.14	1579.1
27.6	7.82	1987.35	1581.09
27.6	7.82	1986.56	1585.12
27.6	7.82	1985.78	1585.87
27.6	7.82	1984.99	1587.22
27.6	7.82	1984.2	1589.82
27.6	7.82	1983.42	1593.91
27.6	7.82	1982.63	1593.71
27.6	7.82	1981.84	1592.13
27.6	7.82	1981.05	1593.32
27.6	7.82	1980.27	1599.49
27.6	7.82	1979.48	1600.8
27.6	7.82	1978.69	1611.52
27.6	7.82	1977.9	1620.65
27.6	7.82	1977.11	1624.06
27.6	7.82	1976.33	1620.19
27.6	7.82	1975.54	1622.44
27.6	7.82	1974.75	1625.75
27.6	7.82	1973.96	1627.48
27.6	7.82	1973.17	1623.1
27.6	7.82	1972.38	1631.87
27.6	7.82	1971.59	1633.65
27.6	7.82	1970.8	1636.1
27.6	7.82	1970.01	1640.51
27.6	7.82	1969.22	1637.03
27.6	7.82	1968.43	1637.36
27.6	7.82	1967.64	1635.56
27.6	7.82	1966.85	1643.11
27.6	7.82	1966.06	1640.4
27.6	7.82	1965.27	1638.28
27.6	7.82	1964.48	1639.52
27.6	7.82	1963.69	1636.93
27.6	7.82	1962.9	1641.0
27.6	7.82	1962.11	1639.03
27.6	7.82	1961.32	1641.02
27.6	7.82	1960.53	1640.2
27.6	7.82	1959.74	1636.43
27.6	7.82	1958.95	1636.37
27.6	7.82	1958.16	1639.33
27.6	7.82	1957.37	1645.32
27.6	7.82	1956.57	1647.16
27.6	7.82	1955.78	1648.05
27.6	7.82	1954.99	1653.16
27.6	7.82	1954.2	1651.24
27.6	7.82	1953.41	1649.28
27.6	7.82	1952.61	1645.62
27.6	7.82	1951.82	1649.97
27.6	7.82	1951.03	1657.93
27.6	7.82	1950.24	1659.73
27.6	7.82	1949.44	1664.95
27.6	7.82	1948.65	1671.76
27.6	7.82	1947.86	1668.93
27.6	7.82	1947.06	1676.8
27.6	7.82	1946.27	1676.01
27.6	7.82	1945.48	1673.38
27.6	7.82	1944.68	1675.34
27.6	7.82	1943.89	1672.79
27.6	7.82	1943.1	1674.84
27.6	7.82	1942.3	1669.09
27.6	7.82	1941.51	1670.72
27.6	7.82	1940.71	1666.01
27.6	7.82	1939.92	1664.34
27.6	7.82	1939.12	1668.03
27.6	7.82	1938.33	1673.45
27.6	7.82	1937.53	1675.19
27.6	7.82	1936.74	1682.35
27.6	7.82	1935.94	1683.79
27.6	7.82	1935.15	1690.13
27.6	7.82	1934.35	1693.85
27.6	7.82	1933.56	1698.23
27.6	7.82	1932.76	1699.47
27.6	7.82	1931.97	1702.87
27.6	7.82	1931.17	1705.17
27.6	7.82	1930.37	1704.4
27.6	7.82	1929.58	1707.26
27.6	7.82	1928.78	1708.48
27.6	7.82	1927.99	1714.93
27.6	7.82	1927.19	1725.59
27.6	7.82	1926.39	1728.76
27.6	7.82	1925.6	1731.71
27.6	7.82	1924.8	1732.02
27.6	7.82	1924.0	1735.52
27.6	7.82	1923.2	1737.04
27.6	7.82	1922.41	1738.45
27.6	7.82	1921.61	1740.42
27.6	7.82	1920.81	1737.1
27.6	7.82	1920.01	1740.58
27.6	7.82	1919.22	1740.56
27.6	7.82	1918.42	1742.52
27.6	7.82	1917.62	1743.13
27.6	7.82	1916.82	1739.15
27.6	7.82	1916.02	1741.64
27.6	7.82	1915.22	1747.13
27.6	7.82	1914.43	1753.35
27.6	7.82	1913.63	1751.82
27.6	7.82	1912.83	1757.69
27.6	7.82	1912.03	1752.49
27.6	7.82	1911.23	1759.7
27.6	7.82	1910.43	1757.11
27.6	7.82	1909.63	1751.25
27.6	7.82	1908.83	1749.13
27.6	7.82	1908.03	1752.24
27.6	7.82	1907.23	1750.42
27.6	7.82	1906.43	1749.14
27.6	7.82	1905.63	1751.06
27.6	7.82	1904.83	1753.03
27.6	7.82	1904.03	1762.51
27.6	7.82	1903.23	1762.81
27.6	7.82	1902.43	1763.41
27.6	7.82	1901.63	1763.4
27.6	7.82	1900.83	1767.77
27.6	7.82	1900.03	1771.42
27.6	7.82	1899.23	1775.97
27.6	7.82	1898.42	1780.33
27.6	7.82	1897.62	1782.66
27.6	7.82	1896.82	1787.87
27.6	7.82	1896.02	1792.42
27.6	7.82	1895.22	1787.69
27.6	7.82	1894.41	1791.36
27.6	7.82	1893.61	1792.62
27.6	7.82	1892.81	1797.99
27.6	7.82	1892.01	1804.24
27.6	7.82	1891.21	1804.44
27.6	7.82	1890.4	1806.18
27.6	7.82	1889.6	1805.88
27.6	7.82	1888.8	1805.91
27.6	7.82	1887.99	1799.16
27.6	7.82	1887.19	1805.1
27.6	7.82	1886.39	1795.66
27.6	7.82	1885.58	1797.65
27.6	7.82	1884.78	1804.52
27.6	7.82	1883.98	1802.44
27.6	7.82	1883.17	1798.85
27.6	7.82	1882.37	1796.5
27.6	7.82	1881.56	1798.69
27.6	7.82	1880.76	1800.09
27.6	7.82	1879.95	1797.78
27.6	7.82	1879.15	1789.12
27.6	7.82	1878.35	1797.23
27.6	7.82	1877.54	1799.47
27.6	7.82	1876.74	1804.75
27.6	7.82	1875.93	1801.94
27.6	7.82	1875.13	1799.08
27.6	7.82	1874.32	1803.84
27.6	7.82	1873.51	1807.92
27.6	7.82	1872.71	1809.14
27.6	7.82	1871.9	1803.08
27.6	7.82	1871.1	1805.74
27.6	7.82	1870.29	1812.96
27.6	7.82	1869.48	1821.76
27.6	7.82	1868.68	1827.04
27.6	7.82	1867.87	1829.4
27.6	7.82	1867.06	1832.01
27.6	7.82	1866.26	1838.77
27.6	7.82	1865.45	1841.4
27.6	7.82	1864.64	1842.39
27.6	7.82	1863.84	1850.34
27.6	7.82	1863.03	1855.73
27.6	7.82	1862.22	1858.57
27.6	7.82	1861.41	1860.41
27.6	7.82	1860.61	1864.72
27.6	7.82	1859.8	1864.84
27.6	7.82	1858.99	1872.05
27.6	7.82	1858.18	1870.91
27.6	7.82	1857.37	1872.83
27.6	7.82	1856.57	1874.8
27.6	7.82	1855.76	1870.54
27.6	7.82	1854.95	1865.49
27.6	7.82	1854.14	1867.61
27.6	7.82	1853.33	1865.77
27.6	7.82	1852.52	1865.32
27.6	7.82	1851.71	1863.82
27.6	7.82	1850.9	1862.93
27.6	7.82	1850.09	1865.68
27.6	7.82	1849.28	1865.39
27.6	7.82	1848.47	1866.34
27.6	7.82	1847.66	1869.59
27.6	7.82	1846.85	1873.11
27.6	7.82	1846.04	1876.32
27.6	7.82	1845.23	1878.86
27.6	7.82	1844.42	1881.09
27.6	7.82	1843.61	1879.23
27.6	7.82	1842.8	1882.2
27.6	7.82	1841.99	1882.74
27.6	7.82	1841.18	1886.79
27.6	7.82	1840.37	1892.41
27.6	7.82	1839.56	1894.9
27.6	7.82	1838.75	1895.17
27.6	7.82	1837.94	1897.88
27.6	7.82	1837.12	1902.61
27.6	7.82	1836.31	1909.04
27.6	7.82	1835.5	1910.44
27.6	7.82	1834.69	1912.25
27.6	7.82	1833.88	1906.18
27.6	7.82	1833.06	1907.12
27.6	7.82	1832.25	1908.97
27.6	7.82	1831.44	1907.44
27.6	7.82	1830.63	1905.0
27.6	7.82	1829.81	1905.93
27.6	7.82	1829.0	1910.65
27.6	7.82	1828.19	1916.74
27.6	7.82	1827.37	1923.03
27.6	7.82	1826.56	1922.04
27.6	7.82	1825.75	1926.2
27.6	7.82	1824.93	1931.27
27.6	7.82	1824.12	1927.02
27.6	7.82	1823.3	1925.65
27.6	7.82	1822.49	1924.63
27.6	7.82	1821.68	1928.42
27.6	7.82	1820.86	1927.21
27.6	7.82	1820.05	1930.33
27.6	7.82	1819.23	1928.98
27.6	7.82	1818.42	1934.37
27.6	7.82	1817.6	1935.96
27.6	7.82	1816.79	1942.39
27.6	7.82	1815.97	1942.67
27.6	7.82	1815.16	1942.48
27.6	7.82	1814.34	1947.0
27.6	7.82	1813.53	1948.73
27.6	7.82	1812.71	1953.42
27.6	7.82	1811.89	1950.85
27.6	7.82	1811.08	1956.31
27.6	7.82	1810.26	1958.35
27.6	7.82	1809.45	1961.76
27.6	7.82	1808.63	1969.64
27.6	7.82	1807.81	1975.39
27.6	7.82	1807.0	1982.07
27.6	7.82	1806.18	1981.95
27.6	7.82	1805.36	1981.21
27.6	7.82	1804.54	1988.46
27.6	7.82	1803.73	1994.22
27.6	7.82	1802.91	2001.32
27.6	7.82	1802.09	2001.1
27.6	7.82	1801.27	2003.61
27.6	7.82	1800.46	2006.66
27.6	7.82	1799.64	2007.22
27.6	7.82	1798.82	2012.07
27.6	7.82	1798.0	2014.54
27.6	7.82	1797.18	2020.17
27.6	7.82	1796.37	2025.17
27.6	7.82	1795.55	2030.32
27.6	7.82	1794.73	2030.52
27.6	7.82	1793.91	2030.2
27.6	7.82	1793.09	2031.56
27.6	7.82	1792.27	2040.01
27.6	7.82	1791.45	2038.59
27.6	7.82	1790.63	2050.39
27.6	7.82	1789.81	2051.21
27.6	7.82	1788.99	2059.35
27.6	7.82	1788.17	2066.25
27.6	7.82	1787.35	2073.54
27.6	7.82	1786.53	2081.36
27.6	7.82	1785.71	2083.63
27.6	7.82	1784.89	2088.48
27.6	7.82	1784.07	2092.28
27.6	7.82	1783.25	2094.35
27.6	7.82	1782.43	2096.3
27.6	7.82	1781.61	2098.61
27.6	7.82	1780.79	2097.69
27.6	7.82	1779.97	2102.17
27.6	7.82	1779.14	2111.64
27.6	7.82	1778.32	2122.06
27.6	7.82	1777.5	2119.1
27.6	7.82	1776.68	2127.35
27.6	7.82	1775.86	2128.47
27.6	7.82	1775.03	2132.06
27.6	7.82	1774.21	2131.24
27.6	7.82	1773.39	2136.1
27.6	7.82	1772.57	2140.59
27.6	7.82	1771.74	2142.79
27.6	7.82	1770.92	2145.84
27.6	7.82	1770.1	2152.73
27.6	7.82	1769.28	2160.14
27.6	7.82	1768.45	2174.49
27.6	7.82	1767.63	2186.48
27.6	7.82	1766.81	2193.63
27.6	7.82	1765.98	2209.85
27.6	7.82	1765.16	2214.32
27.6	7.82	1764.33	2227.2
27.6	7.82	1763.51	2233.36
27.6	7.82	1762.69	2244.81
27.6	7.82	1761.86	2255.39
27.6	7.82	1761.04	2262.51
27.6	7.82	1760.21	2268.47
27.6	7.82	1759.39	2275.12
27.6	7.82	1758.56	2275.52
27.6	7.82	1757.74	2283.22
27.6	7.82	1756.91	2284.39
27.6	7.82	1756.09	2281.11
27.6	7.82	1755.26	2282.89
27.6	7.82	1754.44	2289.2
27.6	7.82	1753.61	2280.45
27.6	7.82	1752.78	2273.63
27.6	7.82	1751.96	2271.56
27.6	7.82	1751.13	2264.91
27.6	7.82	1750.31	2259.91
27.6	7.82	1749.48	2250.46
27.6	7.82	1748.65	2250.06
27.6	7.82	1747.83	2245.21
27.6	7.82	1747.0	2246.51
27.6	7.82	1746.17	2246.47
27.6	7.82	1745.34	2248.74
27.6	7.82	1744.52	2246.69
27.6	7.82	1743.69	2249.42
27.6	7.82	1742.86	2252.43
27.6	7.82	1742.03	2252.21
27.6	7.82	1741.21	2255.92
27.6	7.82	1740.38	2268.55
27.6	7.82	1739.55	2279.51
27.6	7.82	1738.72	2284.89
27.6	7.82	1737.89	2293.77
27.6	7.82	1737.07	2301.79
27.6	7.82	1736.24	2311.54
27.6	7.82	1735.41	2319.64
27.6	7.82	1734.58	2326.41
27.6	7.82	1733.75	2330.66
27.6	7.82	1732.92	2341.19
27.6	7.82	1732.09	2344.88
27.6	7.82	1731.26	2351.87
27.6	7.82	1730.43	2358.17
27.6	7.82	1729.6	2366.68
27.6	7.82	1728.77	2369.07
27.6	7.82	1727.94	2375.37
27.6	7.82	1727.11	2376.84
27.6	7.82	1726.28	2382.72
27.6	7.82	1725.45	2385.33
27.6	7.82	1724.62	2389.2
27.6	7.82	1723.79	2391.9
27.6	7.82	1722.96	2394.71
27.6	7.82	1722.13	2394.82
27.6	7.82	1721.3	2396.99
27.6	7.82	1720.46	2399.29
27.6	7.82	1719.63	2397.03
27.6	7.82	1718.8	2403.34
27.6	7.82	1717.97	2408.53
27.6	7.82	1717.14	2411.85
27.6	7.82	1716.3	2416.73
27.6	7.82	1715.47	2426.36
27.6	7.82	1714.64	2425.92
27.6	7.82	1713.81	2425.07
27.6	7.82	1712.97	2427.5
27.6	7.82	1712.14	2436.09
27.6	7.82	1711.31	2444.53
27.6	7.82	1710.48	2441.9
27.6	7.82	1709.64	2439.44
27.6	7.82	1708.81	2448.31
27.6	7.82	1707.98	2452.64
27.6	7.82	1707.14	2462.72
27.6	7.82	1706.31	2470.35
27.6	7.82	1705.47	2476.0
27.6	7.82	1704.64	2482.11
27.6	7.82	1703.81	2485.13
27.6	7.82	1702.97	2492.68
27.6	7.82	1702.14	2495.34
27.6	7.82	1701.3	2499.38
27.6	7.82	1700.47	2500.5
27.6	7.82	1699.63	2503.63
27.6	7.82	1698.8	2503.87
27.6	7.82	1697.96	2506.44
27.6	7.82	1697.13	2505.65
27.6	7.82	1696.29	2509.51
27.6	7.82	1695.46	2513.29
27.6	7.82	1694.62	2513.71
27.6	7.82	1693.78	2519.74
27.6	7.82	1692.95	2529.18
27.6	7.82	1692.11	2532.6
27.6	7.82	1691.28	2534.33
27.6	7.82	1690.44	2544.67
27.6	7.82	1689.6	2544.64
27.6	7.82	1688.77	2551.69
27.6	7.82	1687.93	2553.98
27.6	7.82	1687.09	2562.13
27.6	7.82	1686.25	2567.62
27.6	7.82	1685.42	2568.13
27.6	7.82	1684.58	2576.86
27.6	7.82	1683.74	2587.04
27.6	7.82	1682.9	2600.33
27.6	7.82	1682.07	2616.23
27.6	7.82	1681.23	2622.52
27.6	7.82	1680.39	2634.19
27.6	7.82	1679.55	2650.89
27.6	7.82	1678.71	2664.92
27.6	7.82	1677.87	2678.52
27.6	7.82	1677.04	2685.17
27.6	7.82	1676.2	2700.4
27.6	7.82	1675.36	2713.56
27.6	7.82	1674.52	2727.94
27.6	7.82	1673.68	2740.55
27.6	7.82	1672.84	2753.17
27.6	7.82	1672.0	2764.66
27.6	7.82	1671.16	2771.67
27.6	7.82	1670.32	2781.39
27.6	7.82	1669.48	2789.18
27.6	7.82	1668.64	2804.67
27.6	7.82	1667.8	2819.56
27.6	7.82	1666.96	2822.4
27.6	7.82	1666.12	2836.65
27.6	7.82	1665.28	2847.38
27.6	7.82	1664.44	2862.08
27.6	7.82	1663.6	2873.65
27.6	7.82	1662.75	2881.15
27.6	7.82	1661.91	2901.04
27.6	7.82	1661.07	2915.98
27.6	7.82	1660.23	2928.49
27.6	7.82	1659.39	2952.73
27.6	7.82	1658.55	2966.35
27.6	7.82	1657.7	2987.75
27.6	7.82	1656.86	3002.33
27.6	7.82	1656.02	3022.59
27.6	7.82	1655.18	3037.74
27.6	7.82	1654.33	3057.1
27.6	7.82	1653.49	3072.9
27.6	7.82	1652.65	3096.48
27.6	7.82	1651.81	3114.83
27.6	7.82	1650.96	3138.61
27.6	7.82	1650.12	3163.57
27.6	7.82	1649.28	3188.13
27.6	7.82	1648.43	3207.71
27.6	7.82	1647.59	3227.98
27.6	7.82	1646.74	3244.91
27.6	7.82	1645.9	3260.71
27.6	7.82	1645.06	3288.42
27.6	7.82	1644.21	3309.03
27.6	7.82	1643.37	3336.31
27.6	7.82	1642.52	3365.39
27.6	7.82	1641.68	3387.14
27.6	7.82	1640.83	3414.12
27.6	7.82	1639.99	3432.74
27.6	7.82	1639.14	3459.28
27.6	7.82	1638.3	3473.45
27.6	7.82	1637.45	3493.81
27.6	7.82	1636.61	3524.72
27.6	7.82	1635.76	3543.87
27.6	7.82	1634.91	3557.85
27.6	7.82	1634.07	3579.52
27.6	7.82	1633.22	3594.92
27.6	7.82	1632.38	3619.1
27.6	7.82	1631.53	3646.46
27.6	7.82	1630.68	3675.4
27.6	7.82	1629.84	3698.59
27.6	7.82	1628.99	3735.92
27.6	7.82	1628.14	3768.25
27.6	7.82	1627.29	3807.63
27.6	7.82	1626.45	3836.41
27.6	7.82	1625.6	3874.19
27.6	7.82	1624.75	3911.03
27.6	7.82	1623.9	3939.45
27.6	7.82	1623.06	3976.94
27.6	7.82	1622.21	4014.95
27.6	7.82	1621.36	4057.87
27.6	7.82	1620.51	4102.27
27.6	7.82	1619.66	4136.46
27.6	7.82	1618.81	4175.8
27.6	7.82	1617.96	4216.54
27.6	7.82	1617.12	4249.84
27.6	7.82	1616.27	4269.05
27.6	7.82	1615.42	4302.62
27.6	7.82	1614.57	4328.09
27.6	7.82	1613.72	4353.69
27.6	7.82	1612.87	4375.07
27.6	7.82	1612.02	4391.08
27.6	7.82	1611.17	4414.57
27.6	7.82	1610.32	4441.92
27.6	7.82	1609.47	4463.53
27.6	7.82	1608.62	4489.55
27.6	7.82	1607.77	4512.07
27.6	7.82	1606.92	4536.12
27.6	7.82	1606.06	4564.9
27.6	7.82	1605.21	4585.12
27.6	7.82	1604.36	4598.53
27.6	7.82	1603.51	4619.83
27.6	7.82	1602.66	4641.96
27.6	7.82	1601.81	4665.42
27.6	7.82	1600.96	4679.74
27.6	7.82	1600.1	4704.56
27.6	7.82	1599.25	4726.79
27.6	7.82	1598.4	4759.83
27.6	7.82	1597.55	4792.31
27.6	7.82	1596.69	4812.6
27.6	7.82	1595.84	4841.52
27.6	7.82	1594.99	4867.51
27.6	7.82	1594.14	4886.06
27.6	7.82	1593.28	4920.39
27.6	7.82	1592.43	4943.03
27.6	7.82	1591.58	4968.81
27.6	7.82	1590.72	4991.8
27.6	7.82	1589.87	5014.58
27.6	7.82	1589.02	5037.46
27.6	7.82	1588.16	5069.22
27.6	7.82	1587.31	5087.29
27.6	7.82	1586.45	5103.51
27.6	7.82	1585.6	5131.26
27.6	7.82	1584.74	5164.01
27.6	7.82	1583.89	5184.6
27.6	7.82	1583.03	5196.3
27.6	7.82	1582.18	5215.92
27.6	7.82	1581.32	5231.87
27.6	7.82	1580.47	5249.46
27.6	7.82	1579.61	5256.2
27.6	7.82	1578.76	5268.64
27.6	7.82	1577.9	5286.66
27.6	7.82	1577.05	5303.96
27.6	7.82	1576.19	5324.83
27.6	7.82	1575.33	5331.85
27.6	7.82	1574.48	5341.49
27.6	7.82	1573.62	5356.83
27.6	7.82	1572.76	5367.0
27.6	7.82	1571.91	5362.66
27.6	7.82	1571.05	5360.87
27.6	7.82	1570.19	5378.69
27.6	7.82	1569.34	5387.45
27.6	7.82	1568.48	5390.68
27.6	7.82	1567.62	5387.25
27.6	7.82	1566.76	5382.55
27.6	7.82	1565.91	5375.61
27.6	7.82	1565.05	5371.52
27.6	7.82	1564.19	5370.61
27.6	7.82	1563.33	5374.79
27.6	7.82	1562.47	5368.92
27.6	7.82	1561.62	5363.35
27.6	7.82	1560.76	5366.3
27.6	7.82	1559.9	5368.77
27.6	7.82	1559.04	5366.53
27.6	7.82	1558.18	5370.83
27.6	7.82	1557.32	5369.69
27.6	7.82	1556.46	5372.48
27.6	7.82	1555.6	5371.7
27.6	7.82	1554.74	5383.74
27.6	7.82	1553.88	5390.0
27.6	7.82	1553.02	5397.42
27.6	7.82	1552.16	5394.93
27.6	7.82	1551.3	5398.86
27.6	7.82	1550.44	5405.49
27.6	7.82	1549.58	5404.14
27.6	7.82	1548.72	5410.99
27.6	7.82	1547.86	5413.19
27.6	7.82	1547.0	5414.47
27.6	7.82	1546.14	5426.19
27.6	7.82	1545.28	5436.03
27.6	7.82	1544.41	5452.95
27.6	7.82	1543.55	5458.27
27.6	7.82	1542.69	5464.22
27.6	7.82	1541.83	5466.76
27.6	7.82	1540.97	5465.63
27.6	7.82	1540.1	5465.36
27.6	7.82	1539.24	5481.55
27.6	7.82	1538.38	5485.37
27.6	7.82	1537.52	5486.17
27.6	7.82	1536.65	5493.31
27.6	7.82	1535.79	5507.16
27.6	7.82	1534.93	5510.01
27.6	7.82	1534.06	5515.63
27.6	7.82	1533.2	5513.76
27.6	7.82	1532.34	5537.5
27.6	7.82	1531.47	5543.95
27.6	7.82	1530.61	5550.23
27.6	7.82	1529.75	5556.78
27.6	7.82	1528.88	5564.27
27.6	7.82	1528.02	5564.12
27.6	7.82	1527.15	5560.53
27.6	7.82	1526.29	5551.89
27.6	7.82	1525.42	5566.67
27.6	7.82	1524.56	5577.89
27.6	7.82	1523.69	5581.09
27.6	7.82	1522.83	5587.06
27.6	7.82	1521.96	5589.15
27.6	7.82	1521.1	5607.72
27.6	7.82	1520.23	5613.27
27.6	7.82	1519.37	5610.92
27.6	7.82	1518.5	5615.68
27.6	7.82	1517.63	5620.77
27.6	7.82	1516.77	5618.92
27.6	7.82	1515.9	5615.53
27.6	7.82	1515.03	5596.61
27.6	7.82	1514.17	5589.67
27.6	7.82	1513.3	5587.89
27.6	7.82	1512.43	5575.57
27.6	7.82	1511.57	5565.93
27.6	7.82	1510.7	5552.62
27.6	7.82	1509.83	5541.07
27.6	7.82	1508.96	5523.63
27.6	7.82	1508.1	5510.98
27.6	7.82	1507.23	5485.87
27.6	7.82	1506.36	5481.74
27.6	7.82	1505.49	5460.51
27.6	7.82	1504.62	5438.58
27.6	7.82	1503.76	5422.34
27.6	7.82	1502.89	5409.41
27.6	7.82	1502.02	5394.22
27.6	7.82	1501.15	5385.45
27.6	7.82	1500.28	5374.01
27.6	7.82	1499.41	5370.11
27.6	7.82	1498.54	5360.57
27.6	7.82	1497.67	5351.63
27.6	7.82	1496.8	5349.61
27.6	7.82	1495.93	5343.59
27.6	7.82	1495.06	5338.3
27.6	7.82	1494.19	5339.55
27.6	7.82	1493.32	5334.64
27.6	7.82	1492.45	5332.5
27.6	7.82	1491.58	5340.58
27.6	7.82	1490.71	5335.26
27.6	7.82	1489.84	5325.7
27.6	7.82	1488.97	5304.62
27.6	7.82	1488.1	5298.49
27.6	7.82	1487.23	5290.73
27.6	7.82	1486.35	5279.17
27.6	7.82	1485.48	5252.61
27.6	7.82	1484.61	5233.34
27.6	7.82	1483.74	5214.64
27.6	7.82	1482.87	5195.33
27.6	7.82	1481.99	5176.76
27.6	7.82	1481.12	5151.58
27.6	7.82	1480.25	5146.38
27.6	7.82	1479.38	5125.53
27.6	7.82	1478.5	5116.92
27.6	7.82	1477.63	5108.41
27.6	7.82	1476.76	5100.89
27.6	7.82	1475.88	5098.95
27.6	7.82	1475.01	5097.18
27.6	7.82	1474.14	5084.57
27.6	7.82	1473.26	5084.3
27.6	7.82	1472.39	5088.35
27.6	7.82	1471.51	5095.3
27.6	7.82	1470.64	5102.11
27.6	7.82	1469.77	5112.73
27.6	7.82	1468.89	5123.82
27.6	7.82	1468.02	5143.37
27.6	7.82	1467.14	5147.19
27.6	7.82	1466.27	5155.91
27.6	7.82	1465.39	5175.05
27.6	7.82	1464.52	5181.56
27.6	7.82	1463.64	5176.19
27.6	7.82	1462.77	5176.46
27.6	7.82	1461.89	5174.77
27.6	7.82	1461.01	5173.39
27.6	7.82	1460.14	5165.48
27.6	7.82	1459.26	5142.12
27.6	7.82	1458.39	5131.0
27.6	7.82	1457.51	5112.76
27.6	7.82	1456.63	5097.26
27.6	7.82	1455.76	5082.48
27.6	7.82	1454.88	5070.23
27.6	7.82	1454.0	5065.59
27.6	7.82	1453.12	5055.08
27.6	7.82	1452.25	5049.78
27.6	7.82	1451.37	5025.88
27.6	7.82	1450.49	5015.88
27.6	7.82	1449.61	4999.61
27.6	7.82	1448.74	4970.63
27.6	7.82	1447.86	4955.43
27.6	7.82	1446.98	4950.29
27.6	7.82	1446.1	4943.91
27.6	7.82	1445.22	4939.07
27.6	7.82	1444.34	4925.47
27.6	7.82	1443.46	4918.96
27.6	7.82	1442.58	4919.08
27.6	7.82	1441.71	4916.78
27.6	7.82	1440.83	4912.05
27.6	7.82	1439.95	4911.96
27.6	7.82	1439.07	4926.61
27.6	7.82	1438.19	4931.91
27.6	7.82	1437.31	4927.03
27.6	7.82	1436.43	4933.85
27.6	7.82	1435.55	4934.76
27.6	7.82	1434.67	4939.02
27.6	7.82	1433.79	4940.81
27.6	7.82	1432.9	4949.38
27.6	7.82	1432.02	4964.02
27.6	7.82	1431.14	4991.83
27.6	7.82	1430.26	5017.82
27.6	7.82	1429.38	5042.9
27.6	7.82	1428.5	5063.25
27.6	7.82	1427.62	5082.25
27.6	7.82	1426.74	5105.09
27.6	7.82	1425.85	5120.06
27.6	7.82	1424.97	5130.22
27.6	7.82	1424.09	5153.47
27.6	7.82	1423.21	5173.29
27.6	7.82	1422.32	5182.49
27.6	7.82	1421.44	5205.64
27.6	7.82	1420.56	5220.85
27.6	7.82	1419.67	5232.38
27.6	7.82	1418.79	5234.47
27.6	7.82	1417.91	5243.66
27.6	7.82	1417.02	5252.83
27.6	7.82	1416.14	5265.97
27.6	7.82	1415.26	5272.04
27.6	7.82	1414.37	5272.89
27.6	7.82	1413.49	5277.52
27.6	7.82	1412.6	5291.53
27.6	7.82	1411.72	5288.84
27.6	7.82	1410.84	5285.77
27.6	7.82	1409.95	5290.48
27.6	7.82	1409.07	5303.63
27.6	7.82	1408.18	5308.13
27.6	7.82	1407.3	5322.8
27.6	7.82	1406.41	5342.35
27.6	7.82	1405.52	5358.25
27.6	7.82	1404.64	5374.32
27.6	7.82	1403.75	5378.72
27.6	7.82	1402.87	5375.9
27.6	7.82	1401.98	5384.69
27.6	7.82	1401.09	5390.8
27.6	7.82	1400.21	5394.35
27.6	7.82	1399.32	5386.68
27.6	7.82	1398.43	5382.89
27.6	7.82	1397.55	5383.47
27.6	7.82	1396.66	5375.36
27.6	7.82	1395.77	5359.33
27.6	7.82	1394.89	5345.72
27.6	7.82	1394.0	5336.09
27.6	7.82	1393.11	5324.6
27.6	7.82	1392.22	5304.43
27.6	7.82	1391.34	5292.34
27.6	7.82	1390.45	5272.83
27.6	7.82	1389.56	5243.68
27.6	7.82	1388.67	5220.34
27.6	7.82	1387.78	5191.1
27.6	7.82	1386.89	5171.25
27.6	7.82	1386.0	5157.69
27.6	7.82	1385.11	5134.48
27.6	7.82	1384.23	5124.33
27.6	7.82	1383.34	5123.96
27.6	7.82	1382.45	5126.32
27.6	7.82	1381.56	5111.26
27.6	7.82	1380.67	5104.9
27.6	7.82	1379.78	5113.87
27.6	7.82	1378.89	5114.16
27.6	7.82	1378.0	5103.34
27.6	7.82	1377.11	5108.15
27.6	7.82	1376.22	5101.43
27.6	7.82	1375.32	5111.2
27.6	7.82	1374.43	5104.82
27.6	7.82	1373.54	5106.42
27.6	7.82	1372.65	5114.16
27.6	7.82	1371.76	5128.08
27.6	7.82	1370.87	5131.6
27.6	7.82	1369.98	5134.74
27.6	7.82	1369.08	5137.28
27.6	7.82	1368.19	5147.76
27.6	7.82	1367.3	5162.4
27.6	7.82	1366.41	5171.26
27.6	7.82	1365.52	5184.68
27.6	7.82	1364.62	5207.64
27.6	7.82	1363.73	5217.69
27.6	7.82	1362.84	5234.04
27.6	7.82	1361.94	5271.65
27.6	7.82	1361.05	5297.64
27.6	7.82	1360.16	5333.06
27.6	7.82	1359.26	5367.69
27.6	7.82	1358.37	5401.29
27.6	7.82	1357.48	5447.24
27.6	7.82	1356.58	5497.54
27.6	7.82	1355.69	5552.97
27.6	7.82	1354.79	5600.15
27.6	7.82	1353.9	5658.07
27.6	7.82	1353.0	5716.41
27.6	7.82	1352.11	5761.44
27.6	7.82	1351.21	5804.24
27.6	7.82	1350.32	5857.14
27.6	7.82	1349.42	5895.87
27.6	7.82	1348.53	5941.28
27.6	7.82	1347.63	5969.0
27.6	7.82	1346.74	6005.04
27.6	7.82	1345.84	6032.76
27.6	7.82	1344.94	6055.28
27.6	7.82	1344.05	6064.42
27.6	7.82	1343.15	6078.05
27.6	7.82	1342.26	6089.95
27.6	7.82	1341.36	6097.83
27.6	7.82	1340.46	6104.65
27.6	7.82	1339.56	6106.21
27.6	7.82	1338.67	6113.19
27.6	7.82	1337.77	6114.11
27.6	7.82	1336.87	6104.35
27.6	7.82	1335.97	6103.09
27.6	7.82	1335.08	6089.56
27.6	7.82	1334.18	6073.23
27.6	7.82	1333.28	6061.16
27.6	7.82	1332.38	6040.08
27.6	7.82	1331.48	6028.25
27.6	7.82	1330.59	6025.86
27.6	7.82	1329.69	6016.02
27.6	7.82	1328.79	5999.27
27.6	7.82	1327.89	5977.98
27.6	7.82	1326.99	5967.92
27.6	7.82	1326.09	5950.3
27.6	7.82	1325.19	5929.1
27.6	7.82	1324.29	5917.06
27.6	7.82	1323.39	5905.71
27.6	7.82	1322.49	5888.48
27.6	7.82	1321.59	5872.27
27.6	7.82	1320.69	5853.54
27.6	7.82	1319.79	5847.62
27.6	7.82	1318.89	5837.65
27.6	7.82	1317.99	5817.61
27.6	7.82	1317.09	5796.97
27.6	7.82	1316.19	5791.27
27.6	7.82	1315.29	5775.93
27.6	7.82	1314.38	5768.93
27.6	7.82	1313.48	5764.48
27.6	7.82	1312.58	5753.03
27.6	7.82	1311.68	5741.61
27.6	7.82	1310.78	5731.92
27.6	7.82	1309.87	5713.15
27.6	7.82	1308.97	5711.08
27.6	7.82	1308.07	5692.96
27.6	7.82	1307.17	5684.07
27.6	7.82	1306.26	5671.74
27.6	7.82	1305.36	5660.79
27.6	7.82	1304.46	5644.17
27.6	7.82	1303.55	5635.07
27.6	7.82	1302.65	5616.75
27.6	7.82	1301.75	5609.45
27.6	7.82	1300.84	5609.57
27.6	7.82	1299.94	5606.63
27.6	7.82	1299.03	5593.71
27.6	7.82	1298.13	5587.44
27.6	7.82	1297.23	5593.18
27.6	7.82	1296.32	5592.26
27.6	7.82	1295.42	5594.14
27.6	7.82	1294.51	5588.77
27.6	7.82	1293.61	5597.17
27.6	7.82	1292.7	5606.65
27.6	7.82	1291.8	5606.66
27.6	7.82	1290.89	5609.95
27.6	7.82	1289.98	5628.8
27.6	7.82	1289.08	5638.97
27.6	7.82	1288.17	5630.6
27.6	7.82	1287.27	5630.81
27.6	7.82	1286.36	5637.45
27.6	7.82	1285.45	5640.24
27.6	7.82	1284.55	5634.37
27.6	7.82	1283.64	5637.24
27.6	7.82	1282.73	5638.09
27.6	7.82	1281.83	5642.42
27.6	7.82	1280.92	5623.16
27.6	7.82	1280.01	5607.36
27.6	7.82	1279.1	5596.97
27.6	7.82	1278.2	5579.71
27.6	7.82	1277.29	5560.25
27.6	7.82	1276.38	5547.22
27.6	7.82	1275.47	5529.74
27.6	7.82	1274.56	5514.76
27.6	7.82	1273.65	5480.35
27.6	7.82	1272.75	5450.12
27.6	7.82	1271.84	5418.08
27.6	7.82	1270.93	5393.55
27.6	7.82	1270.02	5369.94
27.6	7.82	1269.11	5339.73
27.6	7.82	1268.2	5310.42
27.6	7.82	1267.29	5278.92
27.6	7.82	1266.38	5256.96
27.6	7.82	1265.47	5221.86
27.6	7.82	1264.56	5190.61
27.6	7.82	1263.65	5164.47
27.6	7.82	1262.74	5127.93
27.6	7.82	1261.83	5090.98
27.6	7.82	1260.92	5059.61
27.6	7.82	1260.01	5050.06
27.6	7.82	1259.1	5035.97
27.6	7.82	1258.18	5014.48
27.6	7.82	1257.27	4998.9
27.6	7.82	1256.36	4998.2
27.6	7.82	1255.45	4996.31
27.6	7.82	1254.54	4993.33
27.6	7.82	1253.62	4985.35
27.6	7.82	1252.71	4995.62
27.6	7.82	1251.8	5018.21
27.6	7.82	1250.89	5039.53
27.6	7.82	1249.97	5061.51
27.6	7.82	1249.06	5088.24
27.6	7.82	1248.15	5118.36
27.6	7.82	1247.24	5132.77
27.6	7.82	1246.32	5155.55
27.6	7.82	1245.41	5184.9
27.6	7.82	1244.49	5203.38
27.6	7.82	1243.58	5232.32
27.6	7.82	1242.67	5256.74
27.6	7.82	1241.75	5272.03
27.6	7.82	1240.84	5282.59
27.6	7.82	1239.92	5292.98
27.6	7.82	1239.01	5291.74
27.6	7.82	1238.09	5286.19
27.6	7.82	1237.18	5279.16
27.6	7.82	1236.26	5257.65
27.6	7.82	1235.35	5246.19
27.6	7.82	1234.43	5237.54
27.6	7.82	1233.52	5222.53
27.6	7.82	1232.6	5200.76
27.6	7.82	1231.69	5174.67
27.6	7.82	1230.77	5155.49
27.6	7.82	1229.85	5134.56
27.6	7.82	1228.94	5112.17
27.6	7.82	1228.02	5086.0
27.6	7.82	1227.1	5061.25
27.6	7.82	1226.19	5038.54
27.6	7.82	1225.27	5020.67
27.6	7.82	1224.35	4988.3
27.6	7.82	1223.43	4960.52
27.6	7.82	1222.52	4936.15
27.6	7.82	1221.6	4920.95
27.6	7.82	1220.68	4901.39
27.6	7.82	1219.76	4882.8
27.6	7.82	1218.84	4884.71
27.6	7.82	1217.93	4875.04
27.6	7.82	1217.01	4871.91
27.6	7.82	1216.09	4876.41
27.6	7.82	1215.17	4880.17
27.6	7.82	1214.25	4874.5
27.6	7.82	1213.33	4870.54
27.6	7.82	1212.41	4879.2
27.6	7.82	1211.49	4880.34
27.6	7.82	1210.57	4884.6
27.6	7.82	1209.65	4892.74
27.6	7.82	1208.73	4899.2
27.6	7.82	1207.81	4918.59
27.6	7.82	1206.89	4925.73
27.6	7.82	1205.97	4935.66
27.6	7.82	1205.05	4944.95
27.6	7.82	1204.13	4959.41
27.6	7.82	1203.21	4957.76
27.6	7.82	1202.29	4945.99
27.6	7.82	1201.37	4942.91
27.6	7.82	1200.45	4933.26
27.6	7.82	1199.52	4915.3
27.6	7.82	1198.6	4897.32
27.6	7.82	1197.68	4871.76
27.6	7.82	1196.76	4852.8
27.6	7.82	1195.84	4830.75
27.6	7.82	1194.91	4806.7
27.6	7.82	1193.99	4787.68
27.6	7.82	1193.07	4769.63
27.6	7.82	1192.14	4750.28
27.6	7.82	1191.22	4735.14
27.6	7.82	1190.3	4713.54
27.6	7.82	1189.37	4700.87
27.6	7.82	1188.45	4684.75
27.6	7.82	1187.53	4658.83
27.6	7.82	1186.6	4635.23
27.6	7.82	1185.68	4627.09
27.6	7.82	1184.76	4617.12
27.6	7.82	1183.83	4601.65
27.6	7.82	1182.91	4585.41
27.6	7.82	1181.98	4576.22
27.6	7.82	1181.06	4563.52
27.6	7.82	1180.13	4555.24
27.6	7.82	1179.21	4548.08
27.6	7.82	1178.28	4550.64
27.6	7.82	1177.36	4541.93
27.6	7.82	1176.43	4531.16
27.6	7.82	1175.5	4516.22
27.6	7.82	1174.58	4513.03
27.6	7.82	1173.65	4523.83
27.6	7.82	1172.72	4521.09
27.6	7.82	1171.8	4526.05
27.6	7.82	1170.87	4536.04
27.6	7.82	1169.94	4541.06
27.6	7.82	1169.02	4552.26
27.6	7.82	1168.09	4558.94
27.6	7.82	1167.16	4588.13
27.6	7.82	1166.24	4613.81
27.6	7.82	1165.31	4633.69
27.6	7.82	1164.38	4650.9
27.6	7.82	1163.45	4677.48
27.6	7.82	1162.52	4695.93
27.6	7.82	1161.6	4720.17
27.6	7.82	1160.67	4743.48
27.6	7.82	1159.74	4764.24
27.6	7.82	1158.81	4790.06
27.6	7.82	1157.88	4808.01
27.6	7.82	1156.95	4828.34
27.6	7.82	1156.02	4846.44
27.6	7.82	1155.09	4858.93
27.6	7.82	1154.16	4870.88
27.6	7.82	1153.23	4878.89
27.6	7.82	1152.3	4899.52
27.6	7.82	1151.37	4907.8
27.6	7.82	1150.44	4913.86
27.6	7.82	1149.51	4914.61
27.6	7.82	1148.58	4918.59
27.6	7.82	1147.65	4914.61
27.6	7.82	1146.72	4913.55
27.6	7.82	1145.79	4903.8
27.6	7.82	1144.86	4890.54
27.6	7.82	1143.92	4884.2
27.6	7.82	1142.99	4863.45
27.6	7.82	1142.06	4845.42
27.6	7.82	1141.13	4843.58
27.6	7.82	1140.2	4827.33
27.6	7.82	1139.26	4818.31
27.6	7.82	1138.33	4786.88
27.6	7.82	1137.4	4770.36
27.6	7.82	1136.47	4752.39
27.6	7.82	1135.53	4729.9
27.6	7.82	1134.6	4711.93
27.6	7.82	1133.67	4700.68
27.6	7.82	1132.73	4681.99
27.6	7.82	1131.8	4653.8
27.6	7.82	1130.87	4630.35
27.6	7.82	1129.93	4610.61
27.6	7.82	1129.0	4592.82
27.6	7.82	1128.06	4564.18
27.6	7.82	1127.13	4540.94
27.6	7.82	1126.19	4517.64
27.6	7.82	1125.26	4500.22
27.6	7.82	1124.32	4481.25
27.6	7.82	1123.39	4448.31
27.6	7.82	1122.45	4424.53
27.6	7.82	1121.52	4396.62
27.6	7.82	1120.58	4360.05
27.6	7.82	1119.65	4332.57
27.6	7.82	1118.71	4316.77
27.6	7.82	1117.78	4290.31
27.6	7.82	1116.84	4263.62
27.6	7.82	1115.9	4238.54
27.6	7.82	1114.97	4212.3
27.6	7.82	1114.03	4201.11
27.6	7.82	1113.09	4190.6
27.6	7.82	1112.15	4159.62
27.6	7.82	1111.22	4152.34
27.6	7.82	1110.28	4131.99
27.6	7.82	1109.34	4126.61
27.6	7.82	1108.4	4108.78
27.6	7.82	1107.47	4096.41
27.6	7.82	1106.53	4090.14
27.6	7.82	1105.59	4069.36
27.6	7.82	1104.65	4054.88
27.6	7.82	1103.71	4058.76
27.6	7.82	1102.77	4057.87
27.6	7.82	1101.83	4050.67
27.6	7.82	1100.9	4050.72
27.6	7.82	1099.96	4051.27
27.6	7.82	1099.02	4059.6
27.6	7.82	1098.08	4063.91
27.6	7.82	1097.14	4064.01
27.6	7.82	1096.2	4063.38
27.6	7.82	1095.26	4059.49
27.6	7.82	1094.32	4051.85
27.6	7.82	1093.38	4048.05
27.6	7.82	1092.44	4045.64
27.6	7.82	1091.49	4039.92
27.6	7.82	1090.55	4037.77
27.6	7.82	1089.61	4020.57
27.6	7.82	1088.67	4014.26
27.6	7.82	1087.73	4009.65
27.6	7.82	1086.79	4002.9
27.6	7.82	1085.85	3999.24
27.6	7.82	1084.9	3993.57
27.6	7.82	1083.96	3986.38
27.6	7.82	1083.02	3991.05
27.6	7.82	1082.08	3984.53
27.6	7.82	1081.13	3984.2
27.6	7.82	1080.19	3982.17
27.6	7.82	1079.25	3978.51
27.6	7.82	1078.31	3976.62
27.6	7.82	1077.36	3973.74
27.6	7.82	1076.42	3974.07
27.6	7.82	1075.48	3971.09
27.6	7.82	1074.53	3959.2
27.6	7.82	1073.59	3953.22
27.6	7.82	1072.64	3948.01
27.6	7.82	1071.7	3931.39
27.6	7.82	1070.75	3920.51
27.6	7.82	1069.81	3909.13
27.6	7.82	1068.86	3887.17
27.6	7.82	1067.92	3868.73
27.6	7.82	1066.97	3844.27
27.6	7.82	1066.03	3827.7
27.6	7.82	1065.08	3803.66
27.6	7.82	1064.14	3779.02
27.6	7.82	1063.19	3766.54
27.6	7.82	1062.25	3751.81
27.6	7.82	1061.3	3733.14
27.6	7.82	1060.35	3716.34
27.6	7.82	1059.41	3700.83
27.6	7.82	1058.46	3693.94
27.6	7.82	1057.51	3683.14
27.6	7.82	1056.57	3673.73
27.6	7.82	1055.62	3669.71
27.6	7.82	1054.67	3662.55
27.6	7.82	1053.72	3649.95
27.6	7.82	1052.78	3642.78
27.6	7.82	1051.83	3641.92
27.6	7.82	1050.88	3626.46
27.6	7.82	1049.93	3619.14
27.6	7.82	1048.98	3600.8
27.6	7.82	1048.03	3588.96
27.6	7.82	1047.09	3578.48
27.6	7.82	1046.14	3570.63
27.6	7.82	1045.19	3565.45
27.6	7.82	1044.24	3558.78
27.6	7.82	1043.29	3556.59
27.6	7.82	1042.34	3554.49
27.6	7.82	1041.39	3555.55
27.6	7.82	1040.44	3557.9
27.6	7.82	1039.49	3559.17
27.6	7.82	1038.54	3564.29
27.6	7.82	1037.59	3575.21
27.6	7.82	1036.64	3585.85
27.6	7.82	1035.69	3611.69
27.6	7.82	1034.74	3639.72
27.6	7.82	1033.79	3656.73
27.6	7.82	1032.83	3686.71
27.6	7.82	1031.88	3714.62
27.6	7.82	1030.93	3757.56
27.6	7.82	1029.98	3801.21
27.6	7.82	1029.03	3840.63
27.6	7.82	1028.07	3878.35
27.6	7.82	1027.12	3915.42
27.6	7.82	1026.17	3950.31
27.6	7.82	1025.22	3984.22
27.6	7.82	1024.26	4018.39
27.6	7.82	1023.31	4051.65
27.6	7.82	1022.36	4066.9
27.6	7.82	1021.4	4091.74
27.6	7.82	1020.45	4109.92
27.6	7.82	1019.5	4124.58
27.6	7.82	1018.54	4134.77
27.6	7.82	1017.59	4143.14
27.6	7.82	1016.64	4137.29
27.6	7.82	1015.68	4121.89
27.6	7.82	1014.73	4101.64
27.6	7.82	1013.77	4073.76
27.6	7.82	1012.82	4043.79
27.6	7.82	1011.86	4010.67
27.6	7.82	1010.91	3968.78
27.6	7.82	1009.95	3927.06
27.6	7.82	1009.0	3883.05
27.6	7.82	1008.04	3846.3
27.6	7.82	1007.08	3806.48
27.6	7.82	1006.13	3768.86
27.6	7.82	1005.17	3724.03
27.6	7.82	1004.22	3683.6
27.6	7.82	1003.26	3642.25
27.6	7.82	1002.3	3606.47
27.6	7.82	1001.34	3570.67
27.6	7.82	1000.39	3531.4
27.6	7.82	999.431	3490.5
27.6	7.82	998.4730000000001	3463.23
27.6	7.82	997.515	3438.15
27.6	7.82	996.558	3414.71
27.6	7.82	995.6	3394.01
27.6	7.82	994.6410000000001	3374.51
27.6	7.82	993.683	3358.1
27.6	7.82	992.725	3350.92
27.6	7.82	991.7660000000001	3337.48
27.6	7.82	990.807	3331.45
27.6	7.82	989.8480000000001	3323.3
27.6	7.82	988.8889999999999	3311.97
27.6	7.82	987.93	3301.67
27.6	7.82	986.97	3300.23
27.6	7.82	986.01	3289.41
27.6	7.82	985.05	3290.46
27.6	7.82	984.09	3290.79
27.6	7.82	983.13	3295.29
27.6	7.82	982.17	3294.49
27.6	7.82	981.209	3292.06
27.6	7.82	980.248	3300.14
27.6	7.82	979.288	3303.86
27.6	7.82	978.326	3305.2
27.6	7.82	977.365	3308.33
27.6	7.82	976.404	3309.78
27.6	7.82	975.442	3310.08
27.6	7.82	974.48	3311.44
27.6	7.82	973.518	3315.92
27.6	7.82	972.556	3326.57
27.6	7.82	971.5939999999999	3333.42
27.6	7.82	970.632	3344.94
27.6	7.82	969.669	3357.02
27.6	7.82	968.706	3361.62
27.6	7.82	967.743	3376.77
27.6	7.82	966.78	3382.62
27.6	7.82	965.817	3387.68
27.6	7.82	964.8530000000001	3395.12
27.6	7.82	963.8889999999999	3396.97
27.6	7.82	962.926	3400.7
27.6	7.82	961.961	3410.54
27.6	7.82	960.997	3416.22
27.6	7.82	960.033	3426.28
27.6	7.82	959.068	3444.32
27.6	7.82	958.1039999999999	3466.07
27.6	7.82	957.1389999999999	3485.02
27.6	7.82	956.174	3519.19
27.6	7.82	955.2080000000001	3552.68
27.6	7.82	954.243	3583.17
27.6	7.82	953.2769999999999	3602.69
27.6	7.82	952.312	3632.24
27.6	7.82	951.346	3663.51
27.6	7.82	950.38	3686.6
27.6	7.82	949.413	3719.08
27.6	7.82	948.447	3740.49
27.6	7.82	947.48	3756.38
27.6	7.82	946.513	3758.33
27.6	7.82	945.546	3765.66
27.6	7.82	944.579	3764.63
27.6	7.82	943.612	3764.51
27.6	7.82	942.6439999999999	3754.55
27.6	7.82	941.677	3743.79
27.6	7.82	940.709	3731.89
27.6	7.82	939.7410000000001	3716.62
27.6	7.82	938.773	3698.17
27.6	7.82	937.804	3672.55
27.6	7.82	936.836	3646.26
27.6	7.82	935.867	3620.65
27.6	7.82	934.898	3596.9
27.6	7.82	933.929	3572.28
27.6	7.82	932.96	3555.63
27.6	7.82	931.99	3539.98
27.6	7.82	931.0210000000001	3524.41
27.6	7.82	930.051	3520.03
27.6	7.82	929.081	3519.33
27.6	7.82	928.1110000000001	3514.47
27.6	7.82	927.1410000000001	3519.72
27.6	7.82	926.17	3526.74
27.6	7.82	925.199	3533.68
27.6	7.82	924.2289999999999	3538.26
27.6	7.82	923.258	3549.37
27.6	7.82	922.2860000000001	3567.29
27.6	7.82	921.315	3579.58
27.6	7.82	920.3439999999999	3593.26
27.6	7.82	919.372	3589.22
27.6	7.82	918.4	3603.06
27.6	7.82	917.428	3610.76
27.6	7.82	916.456	3625.13
27.6	7.82	915.4830000000001	3645.05
27.6	7.82	914.5110000000001	3664.56
27.6	7.82	913.538	3690.33
27.6	7.82	912.565	3711.5
27.6	7.82	911.592	3736.67
27.6	7.82	910.6189999999999	3751.57
27.6	7.82	909.645	3763.51
27.6	7.82	908.671	3774.52
27.6	7.82	907.698	3777.21
27.6	7.82	906.7239999999999	3773.98
27.6	7.82	905.75	3770.3
27.6	7.82	904.775	3753.32
27.6	7.82	903.801	3745.66
27.6	7.82	902.826	3729.7
27.6	7.82	901.8510000000001	3707.1
27.6	7.82	900.8760000000001	3680.44
27.6	7.82	899.9010000000001	3656.0
27.6	7.82	898.925	3625.49
27.6	7.82	897.95	3592.17
27.6	7.82	896.9739999999999	3559.38
27.6	7.82	895.998	3530.6
27.6	7.82	895.0219999999999	3500.21
27.6	7.82	894.046	3471.99
27.6	7.82	893.069	3450.52
27.6	7.82	892.0930000000001	3435.34
27.6	7.82	891.1160000000001	3429.74
27.6	7.82	890.1389999999999	3425.57
27.6	7.82	889.1619999999999	3448.89
27.6	7.82	888.184	3463.3
27.6	7.82	887.207	3492.54
27.6	7.82	886.2289999999999	3521.73
27.6	7.82	885.2510000000001	3554.93
27.6	7.82	884.273	3599.29
27.6	7.82	883.295	3631.29
27.6	7.82	882.317	3670.44
27.6	7.82	881.3380000000001	3716.61
27.6	7.82	880.3589999999999	3751.38
27.6	7.82	879.38	3787.78
27.6	7.82	878.4010000000001	3819.04
27.6	7.82	877.422	3848.7
27.6	7.82	876.442	3876.22
27.6	7.82	875.4630000000001	3890.87
27.6	7.82	874.4830000000001	3901.57
27.6	7.82	873.503	3911.42
27.6	7.82	872.523	3904.13
27.6	7.82	871.5419999999999	3889.66
27.6	7.82	870.562	3875.58
27.6	7.82	869.581	3854.31
27.6	7.82	868.6	3823.92
27.6	7.82	867.6189999999999	3800.94
27.6	7.82	866.638	3774.98
27.6	7.82	865.6569999999999	3747.26
27.6	7.82	864.675	3719.2
27.6	7.82	863.693	3700.23
27.6	7.82	862.711	3695.88
27.6	7.82	861.7289999999999	3686.78
27.6	7.82	860.747	3679.7
27.6	7.82	859.7639999999999	3684.96
27.6	7.82	858.7819999999999	3684.11
27.6	7.82	857.799	3692.61
27.6	7.82	856.816	3695.49
27.6	7.82	855.8330000000001	3706.76
27.6	7.82	854.8489999999999	3721.05
27.6	7.82	853.8660000000001	3727.65
27.6	7.82	852.882	3738.36
27.6	7.82	851.898	3754.74
27.6	7.82	850.914	3758.87
27.6	7.82	849.93	3764.41
27.6	7.82	848.945	3764.9
27.6	7.82	847.961	3776.9
27.6	7.82	846.9760000000001	3773.2
27.6	7.82	845.9910000000001	3771.92
27.6	7.82	845.0060000000001	3760.7
27.6	7.82	844.02	3765.76
27.6	7.82	843.035	3752.51
27.6	7.82	842.049	3743.54
27.6	7.82	841.063	3731.09
27.6	7.82	840.077	3720.75
27.6	7.82	839.091	3709.32
27.6	7.82	838.1039999999999	3698.07
27.6	7.82	837.118	3690.81
27.6	7.82	836.1310000000001	3686.58
27.6	7.82	835.1439999999999	3680.68
27.6	7.82	834.1569999999999	3677.34
27.6	7.82	833.17	3676.21
27.6	7.82	832.182	3666.78
27.6	7.82	831.195	3661.68
27.6	7.82	830.207	3658.58
27.6	7.82	829.2189999999999	3648.5
27.6	7.82	828.23	3638.97
27.6	7.82	827.242	3622.42
27.6	7.82	826.253	3606.06
27.6	7.82	825.265	3600.79
27.6	7.82	824.2760000000001	3583.57
27.6	7.82	823.2869999999999	3557.76
27.6	7.82	822.297	3538.99
27.6	7.82	821.308	3524.58
27.6	7.82	820.318	3503.5
27.6	7.82	819.328	3492.21
27.6	7.82	818.3380000000001	3486.49
27.6	7.82	817.3480000000001	3473.53
27.6	7.82	816.3580000000001	3465.23
27.6	7.82	815.367	3458.94
27.6	7.82	814.377	3462.09
27.6	7.82	813.3860000000001	3457.52
27.6	7.82	812.395	3449.2
27.6	7.82	811.403	3441.95
27.6	7.82	810.4119999999999	3441.43
27.6	7.82	809.42	3437.86
27.6	7.82	808.428	3428.26
27.6	7.82	807.436	3431.67
27.6	7.82	806.444	3422.22
27.6	7.82	805.452	3408.36
27.6	7.82	804.459	3395.27
27.6	7.82	803.467	3380.65
27.6	7.82	802.4739999999999	3365.49
27.6	7.82	801.4810000000001	3355.37
27.6	7.82	800.487	3342.28
27.6	7.82	799.4939999999999	3326.42
27.6	7.82	798.5	3312.79
27.6	7.82	797.507	3305.1
27.6	7.82	796.513	3292.14
27.6	7.82	795.518	3284.85
27.6	7.82	794.5239999999999	3268.77
27.6	7.82	793.529	3247.72
27.6	7.82	792.535	3242.48
27.6	7.82	791.54	3242.11
27.6	7.82	790.545	3233.58
27.6	7.82	789.55	3231.35
27.6	7.82	788.554	3240.81
27.6	7.82	787.559	3246.78
27.6	7.82	786.563	3248.52
27.6	7.82	785.567	3253.8
27.6	7.82	784.571	3259.26
27.6	7.82	783.574	3265.87
27.6	7.82	782.578	3268.66
27.6	7.82	781.581	3276.23
27.6	7.82	780.584	3283.3
27.6	7.82	779.587	3286.56
27.6	7.82	778.59	3287.52
27.6	7.82	777.592	3298.16
27.6	7.82	776.595	3297.47
27.6	7.82	775.597	3296.51
27.6	7.82	774.5989999999999	3298.22
27.6	7.82	773.6010000000001	3299.11
27.6	7.82	772.602	3297.8
27.6	7.82	771.6039999999999	3293.73
27.6	7.82	770.605	3291.56
27.6	7.82	769.6060000000001	3294.78
27.6	7.82	768.607	3297.67
27.6	7.82	767.6080000000001	3297.4
27.6	7.82	766.6089999999999	3292.87
27.6	7.82	765.6089999999999	3297.42
27.6	7.82	764.6089999999999	3294.14
27.6	7.82	763.6089999999999	3286.77
27.6	7.82	762.6089999999999	3287.37
27.6	7.82	761.6089999999999	3293.67
27.6	7.82	760.6080000000001	3293.26
27.6	7.82	759.607	3302.93
27.6	7.82	758.607	3321.19
27.6	7.82	757.605	3326.06
27.6	7.82	756.6039999999999	3323.28
27.6	7.82	755.6030000000001	3330.42
27.6	7.82	754.6010000000001	3345.02
27.6	7.82	753.5989999999999	3353.08
27.6	7.82	752.597	3360.62
27.6	7.82	751.595	3365.92
27.6	7.82	750.5930000000001	3379.62
27.6	7.82	749.59	3382.1
27.6	7.82	748.587	3399.48
27.6	7.82	747.585	3415.82
27.6	7.82	746.581	3434.29
27.6	7.82	745.578	3450.51
27.6	7.82	744.575	3461.53
27.6	7.82	743.571	3478.14
27.6	7.82	742.567	3494.75
27.6	7.82	741.563	3503.46
27.6	7.82	740.559	3515.68
27.6	7.82	739.555	3532.81
27.6	7.82	738.55	3544.25
27.6	7.82	737.545	3552.3
27.6	7.82	736.54	3557.43
27.6	7.82	735.535	3559.69
27.6	7.82	734.53	3550.66
27.6	7.82	733.525	3543.97
27.6	7.82	732.5189999999999	3542.48
27.6	7.82	731.513	3537.73
27.6	7.82	730.507	3522.45
27.6	7.82	729.5010000000001	3513.53
27.6	7.82	728.4939999999999	3498.25
27.6	7.82	727.488	3471.27
27.6	7.82	726.4810000000001	3443.57
27.6	7.82	725.4739999999999	3425.8
27.6	7.82	724.467	3409.1
27.6	7.82	723.46	3384.67
27.6	7.82	722.452	3366.75
27.6	7.82	721.444	3346.06
27.6	7.82	720.436	3332.73
27.6	7.82	719.428	3320.04
27.6	7.82	718.42	3324.74
27.6	7.82	717.4119999999999	3325.13
27.6	7.82	716.403	3327.85
27.6	7.82	715.3939999999999	3322.15
27.6	7.82	714.385	3327.64
27.6	7.82	713.3760000000001	3339.37
27.6	7.82	712.367	3339.76
27.6	7.82	711.357	3338.64
27.6	7.82	710.347	3353.6
27.6	7.82	709.3380000000001	3375.63
27.6	7.82	708.327	3388.36
27.6	7.82	707.317	3404.21
27.6	7.82	706.307	3413.13
27.6	7.82	705.296	3426.06
27.6	7.82	704.285	3434.48
27.6	7.82	703.2739999999999	3450.84
27.6	7.82	702.263	3468.05
27.6	7.82	701.252	3478.61
27.6	7.82	700.24	3492.26
27.6	7.82	699.2280000000001	3511.77
27.6	7.82	698.216	3524.94
27.6	7.82	697.204	3537.49
27.6	7.82	696.192	3543.55
27.6	7.82	695.179	3553.32
27.6	7.82	694.1669999999999	3564.88
27.6	7.82	693.154	3566.68
27.6	7.82	692.1410000000001	3577.63
27.6	7.82	691.127	3580.16
27.6	7.82	690.1139999999999	3584.61
27.6	7.82	689.1	3582.14
27.6	7.82	688.086	3580.37
27.6	7.82	687.072	3585.52
27.6	7.82	686.058	3577.34
27.6	7.82	685.044	3575.77
27.6	7.82	684.029	3571.74
27.6	7.82	683.015	3557.82
27.6	7.82	682.0	3538.88
27.6	7.82	680.985	3529.78
27.6	7.82	679.9689999999999	3524.85
27.6	7.82	678.954	3516.04
27.6	7.82	677.938	3513.0
27.6	7.82	676.922	3509.1
27.6	7.82	675.9060000000001	3511.37
27.6	7.82	674.89	3512.18
27.6	7.82	673.8739999999999	3516.85
27.6	7.82	672.857	3531.94
27.6	7.82	671.84	3542.2
27.6	7.82	670.823	3556.72
27.6	7.82	669.806	3573.44
27.6	7.82	668.789	3590.01
27.6	7.82	667.7710000000001	3602.56
27.6	7.82	666.753	3617.3
27.6	7.82	665.735	3629.99
27.6	7.82	664.717	3645.96
27.6	7.82	663.699	3661.29
27.6	7.82	662.68	3673.39
27.6	7.82	661.6619999999999	3685.68
27.6	7.82	660.643	3681.95
27.6	7.82	659.6239999999999	3679.23
27.6	7.82	658.605	3681.52
27.6	7.82	657.585	3691.87
27.6	7.82	656.566	3690.75
27.6	7.82	655.546	3680.25
27.6	7.82	654.526	3675.62
27.6	7.82	653.506	3662.42
27.6	7.82	652.485	3641.21
27.6	7.82	651.465	3627.93
27.6	7.82	650.444	3622.32
27.6	7.82	649.423	3610.86
27.6	7.82	648.4019999999999	3596.11
27.6	7.82	647.381	3597.04
27.6	7.82	646.359	3594.92
27.6	7.82	645.3380000000001	3595.24
27.6	7.82	644.316	3586.62
27.6	7.82	643.294	3592.29
27.6	7.82	642.271	3593.13
27.6	7.82	641.249	3590.29
27.6	7.82	640.226	3594.56
27.6	7.82	639.2040000000001	3602.21
27.6	7.82	638.181	3605.86
27.6	7.82	637.1569999999999	3601.72
27.6	7.82	636.134	3610.68
27.6	7.82	635.11	3609.4
27.6	7.82	634.087	3596.53
27.6	7.82	633.063	3592.28
27.6	7.82	632.039	3583.52
27.6	7.82	631.014	3567.19
27.6	7.82	629.99	3557.24
27.6	7.82	628.965	3552.14
27.6	7.82	627.94	3554.26
27.6	7.82	626.915	3547.26
27.6	7.82	625.89	3533.09
27.6	7.82	624.864	3526.08
27.6	7.82	623.839	3520.51
27.6	7.82	622.813	3504.87
27.6	7.82	621.7869999999999	3494.06
27.6	7.82	620.761	3500.45
27.6	7.82	619.734	3496.32
27.6	7.82	618.7080000000001	3486.01
27.6	7.82	617.681	3484.63
27.6	7.82	616.654	3497.77
27.6	7.82	615.627	3499.18
27.6	7.82	614.599	3493.95
27.6	7.82	613.572	3497.57
27.6	7.82	612.544	3507.2
27.6	7.82	611.516	3506.8
27.6	7.82	610.488	3517.19
27.6	7.82	609.46	3530.06
27.6	7.82	608.431	3537.11
27.6	7.82	607.403	3538.47
27.6	7.82	606.374	3546.78
27.6	7.82	605.345	3558.39
27.6	7.82	604.316	3556.05
27.6	7.82	603.286	3548.73
27.6	7.82	602.257	3553.22
27.6	7.82	601.227	3548.74
27.6	7.82	600.197	3542.41
27.6	7.82	599.1669999999999	3548.0
27.6	7.82	598.136	3549.2
27.6	7.82	597.106	3546.07
27.6	7.82	596.075	3531.81
27.6	7.82	595.044	3526.94
27.6	7.82	594.013	3519.02
27.6	7.82	592.981	3512.78
27.6	7.82	591.95	3504.73
27.6	7.82	590.918	3505.17
27.6	7.82	589.886	3497.28
27.6	7.82	588.854	3479.5
27.6	7.82	587.822	3466.04
27.6	7.82	586.789	3460.02
27.6	7.82	585.757	3448.02
27.6	7.82	584.724	3434.83
27.6	7.82	583.691	3428.46
27.6	7.82	582.6569999999999	3430.21
27.6	7.82	581.624	3424.59
27.6	7.82	580.59	3414.73
27.6	7.82	579.557	3419.89
27.6	7.82	578.523	3420.66
27.6	7.82	577.488	3422.74
27.6	7.82	576.4540000000001	3425.77
27.6	7.82	575.419	3429.78
27.6	7.82	574.385	3431.27
27.6	7.82	573.35	3435.24
27.6	7.82	572.314	3436.75
27.6	7.82	571.279	3437.6
27.6	7.82	570.244	3442.25
27.6	7.82	569.2080000000001	3449.15
27.6	7.82	568.172	3467.44
27.6	7.82	567.136	3472.54
27.6	7.82	566.099	3483.12
27.6	7.82	565.063	3495.75
27.6	7.82	564.026	3509.14
27.6	7.82	562.989	3506.98
27.6	7.82	561.952	3519.7
27.6	7.82	560.915	3526.88
27.6	7.82	559.877	3527.19
27.6	7.82	558.84	3523.44
27.6	7.82	557.802	3523.28
27.6	7.82	556.764	3530.91
27.6	7.82	555.726	3520.23
27.6	7.82	554.687	3519.38
27.6	7.82	553.649	3529.3
27.6	7.82	552.61	3524.03
27.6	7.82	551.571	3512.76
27.6	7.82	550.5319999999999	3503.2
27.6	7.82	549.492	3499.19
27.6	7.82	548.453	3495.69
27.6	7.82	547.413	3480.99
27.6	7.82	546.373	3477.66
27.6	7.82	545.3330000000001	3468.76
27.6	7.82	544.2919999999999	3457.0
27.6	7.82	543.252	3448.53
27.6	7.82	542.211	3438.77
27.6	7.82	541.17	3429.44
27.6	7.82	540.129	3424.48
27.6	7.82	539.0880000000001	3426.81
27.6	7.82	538.0459999999999	3432.46
27.6	7.82	537.004	3444.78
27.6	7.82	535.962	3446.23
27.6	7.82	534.92	3460.25
27.6	7.82	533.878	3468.67
27.6	7.82	532.836	3472.88
27.6	7.82	531.793	3489.57
27.6	7.82	530.75	3511.26
27.6	7.82	529.707	3522.1
27.6	7.82	528.664	3532.29
27.6	7.82	527.62	3547.78
27.6	7.82	526.577	3566.21
27.6	7.82	525.533	3578.04
27.6	7.82	524.489	3579.81
27.6	7.82	523.445	3599.32
27.6	7.82	522.4	3602.11
27.6	7.82	521.355	3596.68
27.6	7.82	520.311	3608.31
27.6	7.82	519.266	3620.01
27.6	7.82	518.22	3621.9
27.6	7.82	517.175	3630.13
27.6	7.82	516.129	3640.03
27.6	7.82	515.0840000000001	3647.64
27.6	7.82	514.038	3646.96
27.6	7.82	512.992	3658.17
27.6	7.82	511.945	3664.33
27.6	7.82	510.899	3677.39
27.6	7.82	509.852	3700.71
27.6	7.82	508.805	3726.41
27.6	7.82	507.75800000000004	3749.79
27.6	7.82	506.71	3783.92
27.6	7.82	505.663	3822.28
27.6	7.82	504.615	3853.34
27.6	7.82	503.56699999999995	3889.92
27.6	7.82	502.519	3927.95
27.6	7.82	501.471	3961.59
27.6	7.82	500.42199999999997	3995.13
27.6	7.82	499.374	4010.35
27.6	7.82	498.325	4030.98
27.6	7.82	497.276	4045.24
27.6	7.82	496.226	4047.46
27.6	7.82	495.17699999999996	4054.15
27.6	7.82	494.12699999999995	4052.02
27.6	7.82	493.077	4035.75
27.6	7.82	492.027	4021.67
27.6	7.82	490.977	4005.31
27.6	7.82	489.926	3989.44
27.6	7.82	488.876	3962.86
27.6	7.82	487.825	3940.47
27.6	7.82	486.774	3907.14
27.6	7.82	485.723	3881.98
27.6	7.82	484.671	3843.39
27.6	7.82	483.619	3807.96
27.6	7.82	482.56800000000004	3778.04
27.6	7.82	481.51599999999996	3751.64
27.6	7.82	480.463	3714.99
27.6	7.82	479.411	3700.14
27.6	7.82	478.358	3680.11
27.6	7.82	477.305	3654.98
27.6	7.82	476.25199999999995	3637.82
27.6	7.82	475.199	3618.11
27.6	7.82	474.14599999999996	3607.38
27.6	7.82	473.092	3591.46
27.6	7.82	472.038	3582.21
27.6	7.82	470.98400000000004	3571.78
27.6	7.82	469.93	3562.58
27.6	7.82	468.876	3557.94
27.6	7.82	467.82099999999997	3551.18
27.6	7.82	466.76599999999996	3547.93
27.6	7.82	465.711	3544.25
27.6	7.82	464.656	3543.96
27.6	7.82	463.601	3547.15
27.6	7.82	462.545	3545.21
27.6	7.82	461.49	3544.91
27.6	7.82	460.434	3559.02
27.6	7.82	459.37699999999995	3563.99
27.6	7.82	458.32099999999997	3565.51
27.6	7.82	457.264	3573.45
27.6	7.82	456.208	3586.31
27.6	7.82	455.151	3579.65
27.6	7.82	454.094	3586.52
27.6	7.82	453.036	3594.6
27.6	7.82	451.97900000000004	3601.06
27.6	7.82	450.921	3609.4
27.6	7.82	449.86300000000006	3612.75
27.6	7.82	448.805	3620.93
27.6	7.82	447.74699999999996	3621.07
27.6	7.82	446.68800000000005	3617.74
27.6	7.82	445.629	3619.33
27.6	7.82	444.57	3618.26
27.6	7.82	443.51099999999997	3622.12
27.6	7.82	442.452	3642.46
27.6	7.82	441.392	3658.91
27.6	7.82	440.333	3676.25
27.6	7.82	439.273	3701.05
27.6	7.82	438.213	3733.99
27.6	7.82	437.152	3752.04
27.6	7.82	436.092	3774.04
27.6	7.82	435.031	3798.66
27.6	7.82	433.97	3823.98
27.6	7.82	432.909	3844.03
27.6	7.82	431.848	3859.33
27.6	7.82	430.786	3881.06
27.6	7.82	429.724	3909.2
27.6	7.82	428.663	3925.86
27.6	7.82	427.6	3945.29
27.6	7.82	426.538	3971.0
27.6	7.82	425.476	3991.48
27.6	7.82	424.413	4002.27
27.6	7.82	423.35	4020.5
27.6	7.82	422.287	4038.31
27.6	7.82	421.224	4055.29
27.6	7.82	420.16	4060.53
27.6	7.82	419.096	4069.91
27.6	7.82	418.033	4064.75
27.6	7.82	416.968	4069.63
27.6	7.82	415.904	4063.93
27.6	7.82	414.84	4064.01
27.6	7.82	413.775	4063.16
27.6	7.82	412.71	4060.04
27.6	7.82	411.645	4073.42
27.6	7.82	410.58	4082.76
27.6	7.82	409.514	4087.42
27.6	7.82	408.44800000000004	4088.76
27.6	7.82	407.38300000000004	4090.98
27.6	7.82	406.316	4089.09
27.6	7.82	405.25	4075.99
27.6	7.82	404.184	4071.96
27.6	7.82	403.11699999999996	4060.36
27.6	7.82	402.05	4050.7
27.6	7.82	400.983	4031.36
27.6	7.82	399.916	4015.06
27.6	7.82	398.848	4003.3
27.6	7.82	397.781	3991.36
27.6	7.82	396.713	3974.38
27.6	7.82	395.645	3963.22
27.6	7.82	394.57599999999996	3957.22
27.6	7.82	393.50800000000004	3946.17
27.6	7.82	392.439	3934.45
27.6	7.82	391.37	3921.48
27.6	7.82	390.301	3906.65
27.6	7.82	389.23199999999997	3889.06
27.6	7.82	388.162	3864.16
27.6	7.82	387.093	3846.93
27.6	7.82	386.023	3835.49
27.6	7.82	384.95300000000003	3827.27
27.6	7.82	383.88199999999995	3814.93
27.6	7.82	382.81199999999995	3810.95
27.6	7.82	381.741	3809.96
27.6	7.82	380.67	3809.9
27.6	7.82	379.599	3820.55
27.6	7.82	378.528	3824.53
27.6	7.82	377.45599999999996	3830.01
27.6	7.82	376.384	3833.43
27.6	7.82	375.31300000000005	3842.41
27.6	7.82	374.24	3849.19
27.6	7.82	373.168	3854.21
27.6	7.82	372.096	3858.99
27.6	7.82	371.023	3862.93
27.6	7.82	369.95	3863.13
27.6	7.82	368.87699999999995	3857.18
27.6	7.82	367.80400000000003	3861.65
27.6	7.82	366.73	3859.71
27.6	7.82	365.656	3852.77
27.6	7.82	364.582	3851.57
27.6	7.82	363.50800000000004	3859.81
27.6	7.82	362.434	3865.96
27.6	7.82	361.35900000000004	3864.18
27.6	7.82	360.285	3870.82
27.6	7.82	359.21	3867.55
27.6	7.82	358.135	3875.74
27.6	7.82	357.059	3879.24
27.6	7.82	355.98400000000004	3889.7
27.6	7.82	354.908	3905.54
27.6	7.82	353.832	3923.97
27.6	7.82	352.756	3944.62
27.6	7.82	351.67900000000003	3970.15
27.6	7.82	350.603	3996.93
27.6	7.82	349.526	4023.32
27.6	7.82	348.449	4055.15
27.6	7.82	347.37199999999996	4082.26
27.6	7.82	346.295	4109.95
27.6	7.82	345.217	4142.19
27.6	7.82	344.139	4167.75
27.6	7.82	343.061	4195.5
27.6	7.82	341.983	4209.99
27.6	7.82	340.905	4228.47
27.6	7.82	339.82599999999996	4242.17
27.6	7.82	338.74699999999996	4257.35
27.6	7.82	337.668	4266.4
27.6	7.82	336.589	4273.07
27.6	7.82	335.51	4281.64
27.6	7.82	334.43	4283.35
27.6	7.82	333.35	4288.13
27.6	7.82	332.27	4300.6
27.6	7.82	331.19	4310.27
27.6	7.82	330.11	4314.04
27.6	7.82	329.029	4319.11
27.6	7.82	327.94800000000004	4336.78
27.6	7.82	326.867	4345.54
27.6	7.82	325.786	4359.7
27.6	7.82	324.705	4371.18
27.6	7.82	323.623	4389.03
27.6	7.82	322.541	4410.02
27.6	7.82	321.459	4436.21
27.6	7.82	320.377	4469.19
27.6	7.82	319.29400000000004	4504.5
27.6	7.82	318.212	4532.24
27.6	7.82	317.129	4571.07
27.6	7.82	316.046	4608.91
27.6	7.82	314.962	4644.54
27.6	7.82	313.879	4682.22
27.6	7.82	312.795	4720.87
27.6	7.82	311.711	4753.09
27.6	7.82	310.627	4785.84
27.6	7.82	309.543	4820.29
27.6	7.82	308.45799999999997	4857.04
27.6	7.82	307.374	4878.91
27.6	7.82	306.289	4905.49
27.6	7.82	305.204	4930.49
27.6	7.82	304.118	4956.9
27.6	7.82	303.033	4973.99
27.6	7.82	301.947	4986.06
27.6	7.82	300.861	5003.28
27.6	7.82	299.775	5006.36
27.6	7.82	298.689	5009.35
27.6	7.82	297.60200000000003	5018.69
27.6	7.82	296.515	5013.68
27.6	7.82	295.428	5021.24
27.6	7.82	294.341	5013.88
27.6	7.82	293.254	5007.1
27.6	7.82	292.166	5002.44
27.6	7.82	291.079	4999.79
27.6	7.82	289.991	5001.85
27.6	7.82	288.902	4995.15
27.6	7.82	287.814	4997.03
27.6	7.82	286.725	4999.83
27.6	7.82	285.637	4993.98
27.6	7.82	284.547	4990.32
27.6	7.82	283.45799999999997	4985.13
27.6	7.82	282.369	4982.13
27.6	7.82	281.279	4983.6
27.6	7.82	280.189	4991.38
27.6	7.82	279.099	5001.39
27.6	7.82	278.009	5004.96
27.6	7.82	276.91900000000004	5012.63
27.6	7.82	275.828	5014.08
27.6	7.82	274.737	5017.86
27.6	7.82	273.64599999999996	5032.71
27.6	7.82	272.555	5049.47
27.6	7.82	271.46299999999997	5060.94
27.6	7.82	270.371	5061.11
27.6	7.82	269.28	5071.44
27.6	7.82	268.187	5082.19
27.6	7.82	267.095	5084.27
27.6	7.82	266.003	5094.27
27.6	7.82	264.91	5103.48
27.6	7.82	263.817	5104.66
27.6	7.82	262.724	5112.54
27.6	7.82	261.63	5113.77
27.6	7.82	260.53700000000003	5128.12
27.6	7.82	259.443	5129.28
27.6	7.82	258.349	5134.83
27.6	7.82	257.255	5143.34
27.6	7.82	256.16	5144.83
27.6	7.82	255.06599999999997	5154.45
27.6	7.82	253.97099999999998	5156.42
27.6	7.82	252.87599999999998	5155.92
27.6	7.82	251.78099999999998	5151.78
27.6	7.82	250.685	5156.31
27.6	7.82	249.59	5163.72
27.6	7.82	248.49400000000003	5170.64
27.6	7.82	247.398	5167.89
27.6	7.82	246.30200000000002	5167.32
27.6	7.82	245.205	5164.73
27.6	7.82	244.108	5166.17
27.6	7.82	243.012	5164.2
27.6	7.82	241.91400000000002	5167.06
27.6	7.82	240.817	5168.52
27.6	7.82	239.72	5163.46
27.6	7.82	238.622	5157.26
27.6	7.82	237.524	5145.27
27.6	7.82	236.426	5144.37
27.6	7.82	235.328	5149.64
27.6	7.82	234.229	5149.48
27.6	7.82	233.13	5143.72
27.6	7.82	232.03099999999998	5140.2
27.6	7.82	230.93200000000002	5144.22
27.6	7.82	229.833	5150.61
27.6	7.82	228.733	5153.96
27.6	7.82	227.63299999999998	5171.42
27.6	7.82	226.533	5165.3
27.6	7.82	225.433	5168.54
27.6	7.82	224.333	5169.42
27.6	7.82	223.232	5178.3
27.6	7.82	222.13099999999997	5177.97
27.6	7.82	221.03	5172.18
27.6	7.82	219.929	5173.58
27.6	7.82	218.827	5172.2
27.6	7.82	217.726	5160.08
27.6	7.82	216.62400000000002	5155.12
27.6	7.82	215.52200000000002	5146.21
27.6	7.82	214.419	5135.34
27.6	7.82	213.317	5131.57
27.6	7.82	212.21400000000003	5126.58
27.6	7.82	211.111	5115.48
27.6	7.82	210.00799999999998	5105.78
27.6	7.82	208.905	5099.23
27.6	7.82	207.801	5090.1
27.6	7.82	206.697	5077.77
27.6	7.82	205.593	5077.0
27.6	7.82	204.489	5074.08
27.6	7.82	203.385	5076.71
27.6	7.82	202.28	5078.87
27.6	7.82	201.175	5076.09
27.6	7.82	200.07	5074.19
