12.45	-29.03	1999.92	1783.21
12.45	-29.03	1999.14	1774.66
12.45	-29.03	1998.35	1774.6
12.45	-29.03	1997.57	1778.67
12.45	-29.03	1996.78	1781.95
12.45	-29.03	1996.0	1784.23
12.45	-29.03	1995.21	1786.42
12.45	-29.03	1994.42	1788.04
12.45	-29.03	1993.64	1788.0
12.45	-29.03	1992.85	1790.99
12.45	-29.03	1992.07	1794.76
12.45	-29.03	1991.28	1798.0
12.45	-29.03	1990.5	1801.35
12.45	-29.03	1989.71	1805.39
12.45	-29.03	1988.92	1807.74
12.45	-29.03	1988.14	1811.72
12.45	-29.03	1987.35	1812.84
12.45	-29.03	1986.56	1810.84
12.45	-29.03	1985.78	1814.34
12.45	-29.03	1984.99	1810.24
12.45	-29.03	1984.2	1809.72
12.45	-29.03	1983.42	1811.27
12.45	-29.03	1982.63	1816.44
12.45	-29.03	1981.84	1819.87
12.45	-29.03	1981.05	1819.58
12.45	-29.03	1980.27	1823.45
12.45	-29.03	1979.48	1824.76
12.45	-29.03	1978.69	1828.83
12.45	-29.03	1977.9	1827.2
12.45	-29.03	1977.11	1823.15
12.45	-29.03	1976.33	1823.62
12.45	-29.03	1975.54	1822.5
12.45	-29.03	1974.75	1831.69
12.45	-29.03	1973.96	1841.12
12.45	-29.03	1973.17	1840.84
12.45	-29.03	1972.38	1841.73
12.45	-29.03	1971.59	1840.94
12.45	-29.03	1970.8	1841.3
12.45	-29.03	1970.01	1842.39
12.45	-29.03	1969.22	1846.81
12.45	-29.03	1968.43	1850.43
12.45	-29.03	1967.64	1853.48
12.45	-29.03	1966.85	1858.22
12.45	-29.03	1966.06	1860.3
12.45	-29.03	1965.27	1857.83
12.45	-29.03	1964.48	1858.59
12.45	-29.03	1963.69	1857.84
12.45	-29.03	1962.9	1859.71
12.45	-29.03	1962.11	1861.75
12.45	-29.03	1961.32	1857.22
12.45	-29.03	1960.53	1866.99
12.45	-29.03	1959.74	1870.21
12.45	-29.03	1958.95	1874.34
12.45	-29.03	1958.16	1875.05
12.45	-29.03	1957.37	1874.88
12.45	-29.03	1956.57	1876.75
12.45	-29.03	1955.78	1881.39
12.45	-29.03	1954.99	1888.19
12.45	-29.03	1954.2	1886.24
12.45	-29.03	1953.41	1889.71
12.45	-29.03	1952.61	1892.98
12.45	-29.03	1951.82	1896.81
12.45	-29.03	1951.03	1901.09
12.45	-29.03	1950.24	1906.17
12.45	-29.03	1949.44	1903.58
12.45	-29.03	1948.65	1909.73
12.45	-29.03	1947.86	1914.64
12.45	-29.03	1947.06	1917.7
12.45	-29.03	1946.27	1919.44
12.45	-29.03	1945.48	1924.23
12.45	-29.03	1944.68	1927.36
12.45	-29.03	1943.89	1929.19
12.45	-29.03	1943.1	1925.29
12.45	-29.03	1942.3	1921.43
12.45	-29.03	1941.51	1917.96
12.45	-29.03	1940.71	1921.89
12.45	-29.03	1939.92	1920.82
12.45	-29.03	1939.12	1915.07
12.45	-29.03	1938.33	1906.33
12.45	-29.03	1937.53	1907.15
12.45	-29.03	1936.74	1907.93
12.45	-29.03	1935.94	1907.03
12.45	-29.03	1935.15	1908.4
12.45	-29.03	1934.35	1910.32
12.45	-29.03	1933.56	1911.1
12.45	-29.03	1932.76	1907.59
12.45	-29.03	1931.97	1912.36
12.45	-29.03	1931.17	1909.67
12.45	-29.03	1930.37	1908.25
12.45	-29.03	1929.58	1909.12
12.45	-29.03	1928.78	1914.31
12.45	-29.03	1927.99	1914.53
12.45	-29.03	1927.19	1914.01
12.45	-29.03	1926.39	1916.65
12.45	-29.03	1925.6	1919.59
12.45	-29.03	1924.8	1927.74
12.45	-29.03	1924.0	1935.51
12.45	-29.03	1923.2	1934.07
12.45	-29.03	1922.41	1932.97
12.45	-29.03	1921.61	1929.55
12.45	-29.03	1920.81	1931.46
12.45	-29.03	1920.01	1934.06
12.45	-29.03	1919.22	1936.87
12.45	-29.03	1918.42	1947.17
12.45	-29.03	1917.62	1951.53
12.45	-29.03	1916.82	1958.25
12.45	-29.03	1916.02	1957.83
12.45	-29.03	1915.22	1958.32
12.45	-29.03	1914.43	1964.91
12.45	-29.03	1913.63	1973.78
12.45	-29.03	1912.83	1975.46
12.45	-29.03	1912.03	1978.36
12.45	-29.03	1911.23	1982.15
12.45	-29.03	1910.43	1981.33
12.45	-29.03	1909.63	1974.87
12.45	-29.03	1908.83	1967.55
12.45	-29.03	1908.03	1967.2
12.45	-29.03	1907.23	1966.12
12.45	-29.03	1906.43	1964.47
12.45	-29.03	1905.63	1967.47
12.45	-29.03	1904.83	1967.12
12.45	-29.03	1904.03	1962.92
12.45	-29.03	1903.23	1963.17
12.45	-29.03	1902.43	1959.47
12.45	-29.03	1901.63	1961.41
12.45	-29.03	1900.83	1960.12
12.45	-29.03	1900.03	1961.63
12.45	-29.03	1899.23	1954.12
12.45	-29.03	1898.42	1950.5
12.45	-29.03	1897.62	1957.89
12.45	-29.03	1896.82	1967.84
12.45	-29.03	1896.02	1969.73
12.45	-29.03	1895.22	1972.87
12.45	-29.03	1894.41	1981.02
12.45	-29.03	1893.61	1985.54
12.45	-29.03	1892.81	1988.46
12.45	-29.03	1892.01	1991.0
12.45	-29.03	1891.21	1991.48
12.45	-29.03	1890.4	1995.56
12.45	-29.03	1889.6	1994.66
12.45	-29.03	1888.8	1991.77
12.45	-29.03	1887.99	1990.37
12.45	-29.03	1887.19	1991.67
12.45	-29.03	1886.39	1988.92
12.45	-29.03	1885.58	1989.49
12.45	-29.03	1884.78	1989.63
12.45	-29.03	1883.98	1993.76
12.45	-29.03	1883.17	1997.06
12.45	-29.03	1882.37	1992.85
12.45	-29.03	1881.56	1997.13
12.45	-29.03	1880.76	1993.01
12.45	-29.03	1879.95	1993.26
12.45	-29.03	1879.15	1990.65
12.45	-29.03	1878.35	1988.54
12.45	-29.03	1877.54	1993.37
12.45	-29.03	1876.74	1992.48
12.45	-29.03	1875.93	2001.32
12.45	-29.03	1875.13	1999.72
12.45	-29.03	1874.32	2004.7
12.45	-29.03	1873.51	2011.87
12.45	-29.03	1872.71	2012.04
12.45	-29.03	1871.9	2010.65
12.45	-29.03	1871.1	2020.75
12.45	-29.03	1870.29	2028.6
12.45	-29.03	1869.48	2029.66
12.45	-29.03	1868.68	2026.39
12.45	-29.03	1867.87	2029.5
12.45	-29.03	1867.06	2035.28
12.45	-29.03	1866.26	2038.0
12.45	-29.03	1865.45	2031.93
12.45	-29.03	1864.64	2032.29
12.45	-29.03	1863.84	2028.81
12.45	-29.03	1863.03	2032.76
12.45	-29.03	1862.22	2030.62
12.45	-29.03	1861.41	2034.48
12.45	-29.03	1860.61	2035.58
12.45	-29.03	1859.8	2042.18
12.45	-29.03	1858.99	2039.19
12.45	-29.03	1858.18	2039.15
12.45	-29.03	1857.37	2042.73
12.45	-29.03	1856.57	2049.48
12.45	-29.03	1855.76	2055.68
12.45	-29.03	1854.95	2056.95
12.45	-29.03	1854.14	2061.4
12.45	-29.03	1853.33	2068.28
12.45	-29.03	1852.52	2075.1
12.45	-29.03	1851.71	2082.21
12.45	-29.03	1850.9	2087.67
12.45	-29.03	1850.09	2093.73
12.45	-29.03	1849.28	2100.61
12.45	-29.03	1848.47	2105.8
12.45	-29.03	1847.66	2109.94
12.45	-29.03	1846.85	2121.36
12.45	-29.03	1846.04	2121.59
12.45	-29.03	1845.23	2122.0
12.45	-29.03	1844.42	2119.91
12.45	-29.03	1843.61	2125.78
12.45	-29.03	1842.8	2124.59
12.45	-29.03	1841.99	2117.06
12.45	-29.03	1841.18	2114.79
12.45	-29.03	1840.37	2121.05
12.45	-29.03	1839.56	2117.44
12.45	-29.03	1838.75	2118.87
12.45	-29.03	1837.94	2122.27
12.45	-29.03	1837.12	2131.25
12.45	-29.03	1836.31	2138.16
12.45	-29.03	1835.5	2143.41
12.45	-29.03	1834.69	2144.41
12.45	-29.03	1833.88	2150.34
12.45	-29.03	1833.06	2153.32
12.45	-29.03	1832.25	2159.66
12.45	-29.03	1831.44	2158.02
12.45	-29.03	1830.63	2158.44
12.45	-29.03	1829.81	2164.21
12.45	-29.03	1829.0	2170.6
12.45	-29.03	1828.19	2175.99
12.45	-29.03	1827.37	2179.41
12.45	-29.03	1826.56	2177.23
12.45	-29.03	1825.75	2173.28
12.45	-29.03	1824.93	2177.27
12.45	-29.03	1824.12	2174.3
12.45	-29.03	1823.3	2177.61
12.45	-29.03	1822.49	2180.6
12.45	-29.03	1821.68	2175.15
12.45	-29.03	1820.86	2176.05
12.45	-29.03	1820.05	2178.38
12.45	-29.03	1819.23	2180.14
12.45	-29.03	1818.42	2174.26
12.45	-29.03	1817.6	2173.07
12.45	-29.03	1816.79	2173.58
12.45	-29.03	1815.97	2176.22
12.45	-29.03	1815.16	2173.65
12.45	-29.03	1814.34	2179.35
12.45	-29.03	1813.53	2187.89
12.45	-29.03	1812.71	2194.15
12.45	-29.03	1811.89	2198.07
12.45	-29.03	1811.08	2197.63
12.45	-29.03	1810.26	2203.21
12.45	-29.03	1809.45	2207.86
12.45	-29.03	1808.63	2214.72
12.45	-29.03	1807.81	2223.91
12.45	-29.03	1807.0	2231.16
12.45	-29.03	1806.18	2242.98
12.45	-29.03	1805.36	2249.34
12.45	-29.03	1804.54	2258.05
12.45	-29.03	1803.73	2265.37
12.45	-29.03	1802.91	2266.56
12.45	-29.03	1802.09	2274.03
12.45	-29.03	1801.27	2282.66
12.45	-29.03	1800.46	2293.32
12.45	-29.03	1799.64	2306.66
12.45	-29.03	1798.82	2322.83
12.45	-29.03	1798.0	2337.61
12.45	-29.03	1797.18	2351.04
12.45	-29.03	1796.37	2363.79
12.45	-29.03	1795.55	2378.66
12.45	-29.03	1794.73	2384.47
12.45	-29.03	1793.91	2398.8
12.45	-29.03	1793.09	2414.33
12.45	-29.03	1792.27	2435.2
12.45	-29.03	1791.45	2461.25
12.45	-29.03	1790.63	2471.09
12.45	-29.03	1789.81	2487.56
12.45	-29.03	1788.99	2506.25
12.45	-29.03	1788.17	2518.82
12.45	-29.03	1787.35	2532.3
12.45	-29.03	1786.53	2548.83
12.45	-29.03	1785.71	2567.03
12.45	-29.03	1784.89	2586.0
12.45	-29.03	1784.07	2596.98
12.45	-29.03	1783.25	2604.02
12.45	-29.03	1782.43	2602.63
12.45	-29.03	1781.61	2607.92
12.45	-29.03	1780.79	2610.06
12.45	-29.03	1779.97	2613.95
12.45	-29.03	1779.14	2607.93
12.45	-29.03	1778.32	2606.62
12.45	-29.03	1777.5	2607.52
12.45	-29.03	1776.68	2601.49
12.45	-29.03	1775.86	2597.8
12.45	-29.03	1775.03	2595.4
12.45	-29.03	1774.21	2587.38
12.45	-29.03	1773.39	2586.04
12.45	-29.03	1772.57	2576.54
12.45	-29.03	1771.74	2566.99
12.45	-29.03	1770.92	2561.95
12.45	-29.03	1770.1	2558.94
12.45	-29.03	1769.28	2561.24
12.45	-29.03	1768.45	2556.79
12.45	-29.03	1767.63	2554.4
12.45	-29.03	1766.81	2553.36
12.45	-29.03	1765.98	2540.32
12.45	-29.03	1765.16	2543.36
12.45	-29.03	1764.33	2542.31
12.45	-29.03	1763.51	2537.67
12.45	-29.03	1762.69	2542.83
12.45	-29.03	1761.86	2547.22
12.45	-29.03	1761.04	2543.64
12.45	-29.03	1760.21	2545.64
12.45	-29.03	1759.39	2545.29
12.45	-29.03	1758.56	2547.56
12.45	-29.03	1757.74	2551.42
12.45	-29.03	1756.91	2556.34
12.45	-29.03	1756.09	2556.27
12.45	-29.03	1755.26	2558.15
12.45	-29.03	1754.44	2562.33
12.45	-29.03	1753.61	2567.87
12.45	-29.03	1752.78	2574.77
12.45	-29.03	1751.96	2579.52
12.45	-29.03	1751.13	2586.53
12.45	-29.03	1750.31	2590.88
12.45	-29.03	1749.48	2594.1
12.45	-29.03	1748.65	2604.76
12.45	-29.03	1747.83	2602.0
12.45	-29.03	1747.0	2611.51
12.45	-29.03	1746.17	2615.01
12.45	-29.03	1745.34	2622.74
12.45	-29.03	1744.52	2630.37
12.45	-29.03	1743.69	2634.07
12.45	-29.03	1742.86	2637.57
12.45	-29.03	1742.03	2645.85
12.45	-29.03	1741.21	2650.93
12.45	-29.03	1740.38	2661.75
12.45	-29.03	1739.55	2671.61
12.45	-29.03	1738.72	2675.2
12.45	-29.03	1737.89	2680.85
12.45	-29.03	1737.07	2686.83
12.45	-29.03	1736.24	2686.84
12.45	-29.03	1735.41	2694.16
12.45	-29.03	1734.58	2694.96
12.45	-29.03	1733.75	2700.74
12.45	-29.03	1732.92	2701.97
12.45	-29.03	1732.09	2699.21
12.45	-29.03	1731.26	2706.06
12.45	-29.03	1730.43	2714.2
12.45	-29.03	1729.6	2714.92
12.45	-29.03	1728.77	2715.65
12.45	-29.03	1727.94	2724.06
12.45	-29.03	1727.11	2727.29
12.45	-29.03	1726.28	2731.15
12.45	-29.03	1725.45	2731.37
12.45	-29.03	1724.62	2736.78
12.45	-29.03	1723.79	2742.05
12.45	-29.03	1722.96	2741.8
12.45	-29.03	1722.13	2751.11
12.45	-29.03	1721.3	2753.07
12.45	-29.03	1720.46	2760.07
12.45	-29.03	1719.63	2768.86
12.45	-29.03	1718.8	2768.96
12.45	-29.03	1717.97	2773.71
12.45	-29.03	1717.14	2780.39
12.45	-29.03	1716.3	2786.3
12.45	-29.03	1715.47	2789.8
12.45	-29.03	1714.64	2794.59
12.45	-29.03	1713.81	2793.37
12.45	-29.03	1712.97	2799.41
12.45	-29.03	1712.14	2807.03
12.45	-29.03	1711.31	2807.61
12.45	-29.03	1710.48	2809.05
12.45	-29.03	1709.64	2813.98
12.45	-29.03	1708.81	2823.14
12.45	-29.03	1707.98	2827.76
12.45	-29.03	1707.14	2832.17
12.45	-29.03	1706.31	2836.48
12.45	-29.03	1705.47	2844.6
12.45	-29.03	1704.64	2845.26
12.45	-29.03	1703.81	2858.18
12.45	-29.03	1702.97	2865.16
12.45	-29.03	1702.14	2877.09
12.45	-29.03	1701.3	2890.36
12.45	-29.03	1700.47	2898.81
12.45	-29.03	1699.63	2912.55
12.45	-29.03	1698.8	2926.26
12.45	-29.03	1697.96	2942.45
12.45	-29.03	1697.13	2957.54
12.45	-29.03	1696.29	2965.03
12.45	-29.03	1695.46	2978.54
12.45	-29.03	1694.62	2987.36
12.45	-29.03	1693.78	2998.25
12.45	-29.03	1692.95	3004.32
12.45	-29.03	1692.11	3014.51
12.45	-29.03	1691.28	3027.45
12.45	-29.03	1690.44	3041.24
12.45	-29.03	1689.6	3054.88
12.45	-29.03	1688.77	3066.53
12.45	-29.03	1687.93	3076.37
12.45	-29.03	1687.09	3083.08
12.45	-29.03	1686.25	3089.13
12.45	-29.03	1685.42	3094.02
12.45	-29.03	1684.58	3111.8
12.45	-29.03	1683.74	3127.34
12.45	-29.03	1682.9	3144.08
12.45	-29.03	1682.07	3160.71
12.45	-29.03	1681.23	3177.36
12.45	-29.03	1680.39	3200.02
12.45	-29.03	1679.55	3224.8
12.45	-29.03	1678.71	3257.93
12.45	-29.03	1677.87	3285.11
12.45	-29.03	1677.04	3317.68
12.45	-29.03	1676.2	3347.69
12.45	-29.03	1675.36	3370.74
12.45	-29.03	1674.52	3413.76
12.45	-29.03	1673.68	3443.49
12.45	-29.03	1672.84	3474.53
12.45	-29.03	1672.0	3501.08
12.45	-29.03	1671.16	3520.18
12.45	-29.03	1670.32	3546.82
12.45	-29.03	1669.48	3567.91
12.45	-29.03	1668.64	3591.6
12.45	-29.03	1667.8	3612.65
12.45	-29.03	1666.96	3631.71
12.45	-29.03	1666.12	3645.37
12.45	-29.03	1665.28	3663.61
12.45	-29.03	1664.44	3681.87
12.45	-29.03	1663.6	3691.46
12.45	-29.03	1662.75	3704.73
12.45	-29.03	1661.91	3715.41
12.45	-29.03	1661.07	3729.02
12.45	-29.03	1660.23	3743.39
12.45	-29.03	1659.39	3763.52
12.45	-29.03	1658.55	3772.48
12.45	-29.03	1657.7	3786.51
12.45	-29.03	1656.86	3800.29
12.45	-29.03	1656.02	3814.33
12.45	-29.03	1655.18	3831.83
12.45	-29.03	1654.33	3856.45
12.45	-29.03	1653.49	3871.37
12.45	-29.03	1652.65	3886.14
12.45	-29.03	1651.81	3900.98
12.45	-29.03	1650.96	3919.15
12.45	-29.03	1650.12	3935.74
12.45	-29.03	1649.28	3959.5
12.45	-29.03	1648.43	3973.02
12.45	-29.03	1647.59	3989.54
12.45	-29.03	1646.74	4006.62
12.45	-29.03	1645.9	4020.75
12.45	-29.03	1645.06	4036.53
12.45	-29.03	1644.21	4051.75
12.45	-29.03	1643.37	4075.06
12.45	-29.03	1642.52	4092.79
12.45	-29.03	1641.68	4110.73
12.45	-29.03	1640.83	4132.35
12.45	-29.03	1639.99	4162.26
12.45	-29.03	1639.14	4196.61
12.45	-29.03	1638.3	4221.97
12.45	-29.03	1637.45	4249.73
12.45	-29.03	1636.61	4282.12
12.45	-29.03	1635.76	4310.9
12.45	-29.03	1634.91	4344.37
12.45	-29.03	1634.07	4371.82
12.45	-29.03	1633.22	4405.03
12.45	-29.03	1632.38	4443.2
12.45	-29.03	1631.53	4479.09
12.45	-29.03	1630.68	4515.97
12.45	-29.03	1629.84	4558.12
12.45	-29.03	1628.99	4610.0
12.45	-29.03	1628.14	4656.18
12.45	-29.03	1627.29	4702.79
12.45	-29.03	1626.45	4748.22
12.45	-29.03	1625.6	4797.9
12.45	-29.03	1624.75	4844.62
12.45	-29.03	1623.9	4884.25
12.45	-29.03	1623.06	4927.41
12.45	-29.03	1622.21	4968.42
12.45	-29.03	1621.36	5016.92
12.45	-29.03	1620.51	5059.05
12.45	-29.03	1619.66	5101.76
12.45	-29.03	1618.81	5148.27
12.45	-29.03	1617.96	5193.34
12.45	-29.03	1617.12	5221.21
12.45	-29.03	1616.27	5259.49
12.45	-29.03	1615.42	5288.98
12.45	-29.03	1614.57	5326.38
12.45	-29.03	1613.72	5357.46
12.45	-29.03	1612.87	5376.97
12.45	-29.03	1612.02	5393.85
12.45	-29.03	1611.17	5412.0
12.45	-29.03	1610.32	5425.74
12.45	-29.03	1609.47	5438.25
12.45	-29.03	1608.62	5447.54
12.45	-29.03	1607.77	5456.28
12.45	-29.03	1606.92	5469.43
12.45	-29.03	1606.06	5485.81
12.45	-29.03	1605.21	5495.73
12.45	-29.03	1604.36	5506.95
12.45	-29.03	1603.51	5523.87
12.45	-29.03	1602.66	5532.73
12.45	-29.03	1601.81	5538.4
12.45	-29.03	1600.96	5542.68
12.45	-29.03	1600.1	5545.75
12.45	-29.03	1599.25	5547.71
12.45	-29.03	1598.4	5551.34
12.45	-29.03	1597.55	5561.3
12.45	-29.03	1596.69	5571.05
12.45	-29.03	1595.84	5581.7
12.45	-29.03	1594.99	5594.64
12.45	-29.03	1594.14	5604.04
12.45	-29.03	1593.28	5617.88
12.45	-29.03	1592.43	5632.11
12.45	-29.03	1591.58	5643.28
12.45	-29.03	1590.72	5665.28
12.45	-29.03	1589.87	5693.71
12.45	-29.03	1589.02	5716.13
12.45	-29.03	1588.16	5740.05
12.45	-29.03	1587.31	5768.02
12.45	-29.03	1586.45	5782.9
12.45	-29.03	1585.6	5805.6
12.45	-29.03	1584.74	5832.44
12.45	-29.03	1583.89	5850.81
12.45	-29.03	1583.03	5870.75
12.45	-29.03	1582.18	5884.99
12.45	-29.03	1581.32	5902.76
12.45	-29.03	1580.47	5912.47
12.45	-29.03	1579.61	5918.76
12.45	-29.03	1578.76	5921.38
12.45	-29.03	1577.9	5921.53
12.45	-29.03	1577.05	5908.88
12.45	-29.03	1576.19	5898.76
12.45	-29.03	1575.33	5886.83
12.45	-29.03	1574.48	5876.16
12.45	-29.03	1573.62	5857.0
12.45	-29.03	1572.76	5842.09
12.45	-29.03	1571.91	5813.87
12.45	-29.03	1571.05	5790.14
12.45	-29.03	1570.19	5763.33
12.45	-29.03	1569.34	5734.18
12.45	-29.03	1568.48	5703.36
12.45	-29.03	1567.62	5683.19
12.45	-29.03	1566.76	5661.26
12.45	-29.03	1565.91	5636.33
12.45	-29.03	1565.05	5624.04
12.45	-29.03	1564.19	5615.72
12.45	-29.03	1563.33	5591.74
12.45	-29.03	1562.47	5584.14
12.45	-29.03	1561.62	5573.31
12.45	-29.03	1560.76	5556.86
12.45	-29.03	1559.9	5552.24
12.45	-29.03	1559.04	5545.03
12.45	-29.03	1558.18	5548.15
12.45	-29.03	1557.32	5546.37
12.45	-29.03	1556.46	5557.34
12.45	-29.03	1555.6	5562.36
12.45	-29.03	1554.74	5578.21
12.45	-29.03	1553.88	5598.67
12.45	-29.03	1553.02	5611.06
12.45	-29.03	1552.16	5623.46
12.45	-29.03	1551.3	5646.41
12.45	-29.03	1550.44	5673.64
12.45	-29.03	1549.58	5701.42
12.45	-29.03	1548.72	5720.47
12.45	-29.03	1547.86	5728.74
12.45	-29.03	1547.0	5755.8
12.45	-29.03	1546.14	5768.36
12.45	-29.03	1545.28	5783.91
12.45	-29.03	1544.41	5800.34
12.45	-29.03	1543.55	5817.56
12.45	-29.03	1542.69	5832.67
12.45	-29.03	1541.83	5851.17
12.45	-29.03	1540.97	5868.29
12.45	-29.03	1540.1	5880.48
12.45	-29.03	1539.24	5900.57
12.45	-29.03	1538.38	5910.68
12.45	-29.03	1537.52	5918.69
12.45	-29.03	1536.65	5936.52
12.45	-29.03	1535.79	5949.27
12.45	-29.03	1534.93	5959.88
12.45	-29.03	1534.06	5970.13
12.45	-29.03	1533.2	5976.97
12.45	-29.03	1532.34	5992.27
12.45	-29.03	1531.47	6003.0
12.45	-29.03	1530.61	6016.64
12.45	-29.03	1529.75	6016.86
12.45	-29.03	1528.88	6024.99
12.45	-29.03	1528.02	6034.3
12.45	-29.03	1527.15	6032.47
12.45	-29.03	1526.29	6018.3
12.45	-29.03	1525.42	6022.35
12.45	-29.03	1524.56	6009.71
12.45	-29.03	1523.69	6003.59
12.45	-29.03	1522.83	5988.1
12.45	-29.03	1521.96	5978.24
12.45	-29.03	1521.1	5969.99
12.45	-29.03	1520.23	5956.65
12.45	-29.03	1519.37	5950.8
12.45	-29.03	1518.5	5945.86
12.45	-29.03	1517.63	5934.06
12.45	-29.03	1516.77	5922.22
12.45	-29.03	1515.9	5920.61
12.45	-29.03	1515.03	5920.21
12.45	-29.03	1514.17	5918.71
12.45	-29.03	1513.3	5929.18
12.45	-29.03	1512.43	5934.43
12.45	-29.03	1511.57	5933.43
12.45	-29.03	1510.7	5940.28
12.45	-29.03	1509.83	5945.8
12.45	-29.03	1508.96	5939.76
12.45	-29.03	1508.1	5935.12
12.45	-29.03	1507.23	5928.25
12.45	-29.03	1506.36	5936.29
12.45	-29.03	1505.49	5938.03
12.45	-29.03	1504.62	5943.24
12.45	-29.03	1503.76	5938.87
12.45	-29.03	1502.89	5927.23
12.45	-29.03	1502.02	5920.72
12.45	-29.03	1501.15	5907.15
12.45	-29.03	1500.28	5883.3
12.45	-29.03	1499.41	5885.37
12.45	-29.03	1498.54	5872.76
12.45	-29.03	1497.67	5868.47
12.45	-29.03	1496.8	5855.54
12.45	-29.03	1495.93	5850.89
12.45	-29.03	1495.06	5845.56
12.45	-29.03	1494.19	5848.11
12.45	-29.03	1493.32	5847.01
12.45	-29.03	1492.45	5845.13
12.45	-29.03	1491.58	5854.13
12.45	-29.03	1490.71	5869.92
12.45	-29.03	1489.84	5889.95
12.45	-29.03	1488.97	5923.03
12.45	-29.03	1488.1	5954.51
12.45	-29.03	1487.23	6002.63
12.45	-29.03	1486.35	6049.12
12.45	-29.03	1485.48	6099.13
12.45	-29.03	1484.61	6154.74
12.45	-29.03	1483.74	6220.31
12.45	-29.03	1482.87	6274.01
12.45	-29.03	1481.99	6335.58
12.45	-29.03	1481.12	6392.09
12.45	-29.03	1480.25	6448.94
12.45	-29.03	1479.38	6495.33
12.45	-29.03	1478.5	6535.91
12.45	-29.03	1477.63	6550.02
12.45	-29.03	1476.76	6565.4
12.45	-29.03	1475.88	6585.54
12.45	-29.03	1475.01	6593.74
12.45	-29.03	1474.14	6575.79
12.45	-29.03	1473.26	6563.84
12.45	-29.03	1472.39	6541.1
12.45	-29.03	1471.51	6501.83
12.45	-29.03	1470.64	6450.16
12.45	-29.03	1469.77	6398.1
12.45	-29.03	1468.89	6338.65
12.45	-29.03	1468.02	6270.54
12.45	-29.03	1467.14	6200.54
12.45	-29.03	1466.27	6125.52
12.45	-29.03	1465.39	6059.56
12.45	-29.03	1464.52	5992.66
12.45	-29.03	1463.64	5931.94
12.45	-29.03	1462.77	5880.98
12.45	-29.03	1461.89	5834.32
12.45	-29.03	1461.01	5804.19
12.45	-29.03	1460.14	5768.66
12.45	-29.03	1459.26	5741.26
12.45	-29.03	1458.39	5712.4
12.45	-29.03	1457.51	5698.57
12.45	-29.03	1456.63	5677.82
12.45	-29.03	1455.76	5662.16
12.45	-29.03	1454.88	5653.1
12.45	-29.03	1454.0	5650.71
12.45	-29.03	1453.12	5647.22
12.45	-29.03	1452.25	5646.23
12.45	-29.03	1451.37	5638.59
12.45	-29.03	1450.49	5650.61
12.45	-29.03	1449.61	5655.47
12.45	-29.03	1448.74	5646.11
12.45	-29.03	1447.86	5642.99
12.45	-29.03	1446.98	5654.08
12.45	-29.03	1446.1	5670.14
12.45	-29.03	1445.22	5663.06
12.45	-29.03	1444.34	5666.08
12.45	-29.03	1443.46	5674.18
12.45	-29.03	1442.58	5684.37
12.45	-29.03	1441.71	5685.11
12.45	-29.03	1440.83	5685.74
12.45	-29.03	1439.95	5672.23
12.45	-29.03	1439.07	5674.94
12.45	-29.03	1438.19	5673.99
12.45	-29.03	1437.31	5667.24
12.45	-29.03	1436.43	5664.33
12.45	-29.03	1435.55	5661.51
12.45	-29.03	1434.67	5648.17
12.45	-29.03	1433.79	5631.09
12.45	-29.03	1432.9	5617.91
12.45	-29.03	1432.02	5593.62
12.45	-29.03	1431.14	5577.51
12.45	-29.03	1430.26	5558.15
12.45	-29.03	1429.38	5526.99
12.45	-29.03	1428.5	5513.47
12.45	-29.03	1427.62	5491.01
12.45	-29.03	1426.74	5469.87
12.45	-29.03	1425.85	5448.72
12.45	-29.03	1424.97	5426.73
12.45	-29.03	1424.09	5413.47
12.45	-29.03	1423.21	5388.7
12.45	-29.03	1422.32	5377.1
12.45	-29.03	1421.44	5364.95
12.45	-29.03	1420.56	5361.07
12.45	-29.03	1419.67	5365.6
12.45	-29.03	1418.79	5366.59
12.45	-29.03	1417.91	5371.03
12.45	-29.03	1417.02	5381.54
12.45	-29.03	1416.14	5395.87
12.45	-29.03	1415.26	5398.63
12.45	-29.03	1414.37	5400.79
12.45	-29.03	1413.49	5411.86
12.45	-29.03	1412.6	5442.05
12.45	-29.03	1411.72	5463.22
12.45	-29.03	1410.84	5471.29
12.45	-29.03	1409.95	5485.13
12.45	-29.03	1409.07	5502.61
12.45	-29.03	1408.18	5508.18
12.45	-29.03	1407.3	5516.57
12.45	-29.03	1406.41	5525.8
12.45	-29.03	1405.52	5537.29
12.45	-29.03	1404.64	5553.68
12.45	-29.03	1403.75	5557.19
12.45	-29.03	1402.87	5562.47
12.45	-29.03	1401.98	5576.1
12.45	-29.03	1401.09	5581.73
12.45	-29.03	1400.21	5586.85
12.45	-29.03	1399.32	5585.96
12.45	-29.03	1398.43	5585.13
12.45	-29.03	1397.55	5587.15
12.45	-29.03	1396.66	5589.83
12.45	-29.03	1395.77	5589.85
12.45	-29.03	1394.89	5589.46
12.45	-29.03	1394.0	5604.1
12.45	-29.03	1393.11	5618.64
12.45	-29.03	1392.22	5627.2
12.45	-29.03	1391.34	5634.29
12.45	-29.03	1390.45	5653.64
12.45	-29.03	1389.56	5665.46
12.45	-29.03	1388.67	5674.01
12.45	-29.03	1387.78	5696.49
12.45	-29.03	1386.89	5728.56
12.45	-29.03	1386.0	5746.7
12.45	-29.03	1385.11	5755.24
12.45	-29.03	1384.23	5762.76
12.45	-29.03	1383.34	5786.0
12.45	-29.03	1382.45	5813.05
12.45	-29.03	1381.56	5828.96
12.45	-29.03	1380.67	5849.12
12.45	-29.03	1379.78	5864.66
12.45	-29.03	1378.89	5882.8
12.45	-29.03	1378.0	5895.54
12.45	-29.03	1377.11	5900.0
12.45	-29.03	1376.22	5898.55
12.45	-29.03	1375.32	5903.86
12.45	-29.03	1374.43	5902.11
12.45	-29.03	1373.54	5890.23
12.45	-29.03	1372.65	5885.24
12.45	-29.03	1371.76	5878.39
12.45	-29.03	1370.87	5874.98
12.45	-29.03	1369.98	5873.76
12.45	-29.03	1369.08	5870.43
12.45	-29.03	1368.19	5887.33
12.45	-29.03	1367.3	5896.73
12.45	-29.03	1366.41	5909.06
12.45	-29.03	1365.52	5930.62
12.45	-29.03	1364.62	5958.94
12.45	-29.03	1363.73	5982.22
12.45	-29.03	1362.84	6021.02
12.45	-29.03	1361.94	6065.56
12.45	-29.03	1361.05	6112.25
12.45	-29.03	1360.16	6163.24
12.45	-29.03	1359.26	6210.37
12.45	-29.03	1358.37	6260.06
12.45	-29.03	1357.48	6320.7
12.45	-29.03	1356.58	6382.1
12.45	-29.03	1355.69	6437.41
12.45	-29.03	1354.79	6483.88
12.45	-29.03	1353.9	6524.39
12.45	-29.03	1353.0	6548.98
12.45	-29.03	1352.11	6578.15
12.45	-29.03	1351.21	6596.96
12.45	-29.03	1350.32	6612.01
12.45	-29.03	1349.42	6610.78
12.45	-29.03	1348.53	6612.49
12.45	-29.03	1347.63	6582.77
12.45	-29.03	1346.74	6565.87
12.45	-29.03	1345.84	6555.04
12.45	-29.03	1344.94	6534.08
12.45	-29.03	1344.05	6514.47
12.45	-29.03	1343.15	6491.21
12.45	-29.03	1342.26	6467.24
12.45	-29.03	1341.36	6449.13
12.45	-29.03	1340.46	6413.41
12.45	-29.03	1339.56	6389.73
12.45	-29.03	1338.67	6372.54
12.45	-29.03	1337.77	6351.88
12.45	-29.03	1336.87	6330.54
12.45	-29.03	1335.97	6325.32
12.45	-29.03	1335.08	6319.79
12.45	-29.03	1334.18	6320.56
12.45	-29.03	1333.28	6325.84
12.45	-29.03	1332.38	6321.67
12.45	-29.03	1331.48	6325.62
12.45	-29.03	1330.59	6330.15
12.45	-29.03	1329.69	6335.79
12.45	-29.03	1328.79	6339.29
12.45	-29.03	1327.89	6326.97
12.45	-29.03	1326.99	6332.92
12.45	-29.03	1326.09	6319.8
12.45	-29.03	1325.19	6325.94
12.45	-29.03	1324.29	6320.64
12.45	-29.03	1323.39	6321.3
12.45	-29.03	1322.49	6301.69
12.45	-29.03	1321.59	6294.08
12.45	-29.03	1320.69	6276.13
12.45	-29.03	1319.79	6279.04
12.45	-29.03	1318.89	6278.63
12.45	-29.03	1317.99	6270.08
12.45	-29.03	1317.09	6263.2
12.45	-29.03	1316.19	6251.41
12.45	-29.03	1315.29	6254.54
12.45	-29.03	1314.38	6249.77
12.45	-29.03	1313.48	6250.3
12.45	-29.03	1312.58	6256.6
12.45	-29.03	1311.68	6257.42
12.45	-29.03	1310.78	6251.39
12.45	-29.03	1309.87	6253.36
12.45	-29.03	1308.97	6269.7
12.45	-29.03	1308.07	6280.38
12.45	-29.03	1307.17	6286.85
12.45	-29.03	1306.26	6284.82
12.45	-29.03	1305.36	6290.71
12.45	-29.03	1304.46	6301.11
12.45	-29.03	1303.55	6313.3
12.45	-29.03	1302.65	6327.59
12.45	-29.03	1301.75	6330.41
12.45	-29.03	1300.84	6330.33
12.45	-29.03	1299.94	6343.5
12.45	-29.03	1299.03	6324.16
12.45	-29.03	1298.13	6323.36
12.45	-29.03	1297.23	6306.74
12.45	-29.03	1296.32	6296.78
12.45	-29.03	1295.42	6268.55
12.45	-29.03	1294.51	6243.05
12.45	-29.03	1293.61	6212.37
12.45	-29.03	1292.7	6186.69
12.45	-29.03	1291.8	6156.33
12.45	-29.03	1290.89	6127.08
12.45	-29.03	1289.98	6087.0
12.45	-29.03	1289.08	6059.39
12.45	-29.03	1288.17	6021.62
12.45	-29.03	1287.27	5979.54
12.45	-29.03	1286.36	5946.98
12.45	-29.03	1285.45	5897.56
12.45	-29.03	1284.55	5840.2
12.45	-29.03	1283.64	5792.69
12.45	-29.03	1282.73	5759.67
12.45	-29.03	1281.83	5728.25
12.45	-29.03	1280.92	5679.79
12.45	-29.03	1280.01	5641.32
12.45	-29.03	1279.1	5595.73
12.45	-29.03	1278.2	5567.44
12.45	-29.03	1277.29	5528.8
12.45	-29.03	1276.38	5501.28
12.45	-29.03	1275.47	5462.1
12.45	-29.03	1274.56	5418.99
12.45	-29.03	1273.65	5384.08
12.45	-29.03	1272.75	5349.09
12.45	-29.03	1271.84	5311.75
12.45	-29.03	1270.93	5284.73
12.45	-29.03	1270.02	5245.27
12.45	-29.03	1269.11	5219.74
12.45	-29.03	1268.2	5191.6
12.45	-29.03	1267.29	5177.28
12.45	-29.03	1266.38	5166.1
12.45	-29.03	1265.47	5151.26
12.45	-29.03	1264.56	5140.06
12.45	-29.03	1263.65	5132.68
12.45	-29.03	1262.74	5117.53
12.45	-29.03	1261.83	5112.14
12.45	-29.03	1260.92	5094.29
12.45	-29.03	1260.01	5086.58
12.45	-29.03	1259.1	5083.96
12.45	-29.03	1258.18	5070.89
12.45	-29.03	1257.27	5069.18
12.45	-29.03	1256.36	5073.35
12.45	-29.03	1255.45	5066.71
12.45	-29.03	1254.54	5057.94
12.45	-29.03	1253.62	5045.74
12.45	-29.03	1252.71	5050.64
12.45	-29.03	1251.8	5038.67
12.45	-29.03	1250.89	5040.09
12.45	-29.03	1249.97	5035.95
12.45	-29.03	1249.06	5038.64
12.45	-29.03	1248.15	5025.9
12.45	-29.03	1247.24	5017.93
12.45	-29.03	1246.32	5013.07
12.45	-29.03	1245.41	5008.36
12.45	-29.03	1244.49	5005.16
12.45	-29.03	1243.58	4999.27
12.45	-29.03	1242.67	4985.94
12.45	-29.03	1241.75	4986.16
12.45	-29.03	1240.84	4981.98
12.45	-29.03	1239.92	4975.22
12.45	-29.03	1239.01	4968.23
12.45	-29.03	1238.09	4961.49
12.45	-29.03	1237.18	4956.24
12.45	-29.03	1236.26	4949.51
12.45	-29.03	1235.35	4944.95
12.45	-29.03	1234.43	4945.83
12.45	-29.03	1233.52	4942.61
12.45	-29.03	1232.6	4934.13
12.45	-29.03	1231.69	4934.55
12.45	-29.03	1230.77	4926.74
12.45	-29.03	1229.85	4919.13
12.45	-29.03	1228.94	4902.99
12.45	-29.03	1228.02	4893.43
12.45	-29.03	1227.1	4883.16
12.45	-29.03	1226.19	4886.36
12.45	-29.03	1225.27	4879.25
12.45	-29.03	1224.35	4864.44
12.45	-29.03	1223.43	4865.52
12.45	-29.03	1222.52	4855.97
12.45	-29.03	1221.6	4839.83
12.45	-29.03	1220.68	4824.44
12.45	-29.03	1219.76	4813.6
12.45	-29.03	1218.84	4802.15
12.45	-29.03	1217.93	4789.66
12.45	-29.03	1217.01	4774.53
12.45	-29.03	1216.09	4763.31
12.45	-29.03	1215.17	4748.4
12.45	-29.03	1214.25	4736.62
12.45	-29.03	1213.33	4726.39
12.45	-29.03	1212.41	4713.01
12.45	-29.03	1211.49	4711.74
12.45	-29.03	1210.57	4708.02
12.45	-29.03	1209.65	4708.69
12.45	-29.03	1208.73	4718.04
12.45	-29.03	1207.81	4725.12
12.45	-29.03	1206.89	4728.45
12.45	-29.03	1205.97	4720.92
12.45	-29.03	1205.05	4721.48
12.45	-29.03	1204.13	4726.95
12.45	-29.03	1203.21	4731.35
12.45	-29.03	1202.29	4725.63
12.45	-29.03	1201.37	4729.54
12.45	-29.03	1200.45	4734.26
12.45	-29.03	1199.52	4737.98
12.45	-29.03	1198.6	4738.2
12.45	-29.03	1197.68	4727.96
12.45	-29.03	1196.76	4738.53
12.45	-29.03	1195.84	4742.0
12.45	-29.03	1194.91	4729.41
12.45	-29.03	1193.99	4720.34
12.45	-29.03	1193.07	4717.44
12.45	-29.03	1192.14	4715.49
12.45	-29.03	1191.22	4708.93
12.45	-29.03	1190.3	4701.32
12.45	-29.03	1189.37	4699.35
12.45	-29.03	1188.45	4691.84
12.45	-29.03	1187.53	4677.41
12.45	-29.03	1186.6	4661.92
12.45	-29.03	1185.68	4649.27
12.45	-29.03	1184.76	4635.67
12.45	-29.03	1183.83	4626.83
12.45	-29.03	1182.91	4608.35
12.45	-29.03	1181.98	4602.27
12.45	-29.03	1181.06	4584.2
12.45	-29.03	1180.13	4559.27
12.45	-29.03	1179.21	4537.8
12.45	-29.03	1178.28	4514.46
12.45	-29.03	1177.36	4500.23
12.45	-29.03	1176.43	4486.35
12.45	-29.03	1175.5	4467.4
12.45	-29.03	1174.58	4452.86
12.45	-29.03	1173.65	4446.61
12.45	-29.03	1172.72	4434.81
12.45	-29.03	1171.8	4426.05
12.45	-29.03	1170.87	4409.04
12.45	-29.03	1169.94	4406.18
12.45	-29.03	1169.02	4398.41
12.45	-29.03	1168.09	4382.52
12.45	-29.03	1167.16	4371.84
12.45	-29.03	1166.24	4360.39
12.45	-29.03	1165.31	4358.02
12.45	-29.03	1164.38	4348.77
12.45	-29.03	1163.45	4337.76
12.45	-29.03	1162.52	4333.09
12.45	-29.03	1161.6	4320.57
12.45	-29.03	1160.67	4308.02
12.45	-29.03	1159.74	4302.83
12.45	-29.03	1158.81	4295.08
12.45	-29.03	1157.88	4281.44
12.45	-29.03	1156.95	4277.06
12.45	-29.03	1156.02	4271.06
12.45	-29.03	1155.09	4261.87
12.45	-29.03	1154.16	4263.42
12.45	-29.03	1153.23	4248.09
12.45	-29.03	1152.3	4249.12
12.45	-29.03	1151.37	4248.67
12.45	-29.03	1150.44	4245.98
12.45	-29.03	1149.51	4251.87
12.45	-29.03	1148.58	4263.86
12.45	-29.03	1147.65	4270.27
12.45	-29.03	1146.72	4278.65
12.45	-29.03	1145.79	4289.16
12.45	-29.03	1144.86	4292.69
12.45	-29.03	1143.92	4304.02
12.45	-29.03	1142.99	4316.89
12.45	-29.03	1142.06	4332.83
12.45	-29.03	1141.13	4340.33
12.45	-29.03	1140.2	4352.43
12.45	-29.03	1139.26	4372.7
12.45	-29.03	1138.33	4384.09
12.45	-29.03	1137.4	4408.05
12.45	-29.03	1136.47	4425.29
12.45	-29.03	1135.53	4441.89
12.45	-29.03	1134.6	4461.99
12.45	-29.03	1133.67	4476.01
12.45	-29.03	1132.73	4492.93
12.45	-29.03	1131.8	4498.44
12.45	-29.03	1130.87	4495.96
12.45	-29.03	1129.93	4502.26
12.45	-29.03	1129.0	4509.83
12.45	-29.03	1128.06	4502.78
12.45	-29.03	1127.13	4489.6
12.45	-29.03	1126.19	4476.74
12.45	-29.03	1125.26	4459.18
12.45	-29.03	1124.32	4439.71
12.45	-29.03	1123.39	4412.36
12.45	-29.03	1122.45	4384.62
12.45	-29.03	1121.52	4357.31
12.45	-29.03	1120.58	4328.57
12.45	-29.03	1119.65	4294.63
12.45	-29.03	1118.71	4262.49
12.45	-29.03	1117.78	4230.82
12.45	-29.03	1116.84	4199.87
12.45	-29.03	1115.9	4173.62
12.45	-29.03	1114.97	4155.82
12.45	-29.03	1114.03	4136.32
12.45	-29.03	1113.09	4119.66
12.45	-29.03	1112.15	4112.13
12.45	-29.03	1111.22	4110.1
12.45	-29.03	1110.28	4100.27
12.45	-29.03	1109.34	4097.27
12.45	-29.03	1108.4	4085.97
12.45	-29.03	1107.47	4079.45
12.45	-29.03	1106.53	4080.51
12.45	-29.03	1105.59	4067.13
12.45	-29.03	1104.65	4060.87
12.45	-29.03	1103.71	4047.1
12.45	-29.03	1102.77	4038.74
12.45	-29.03	1101.83	4031.83
12.45	-29.03	1100.9	4015.17
12.45	-29.03	1099.96	4001.41
12.45	-29.03	1099.02	3988.75
12.45	-29.03	1098.08	3974.6
12.45	-29.03	1097.14	3959.77
12.45	-29.03	1096.2	3946.61
12.45	-29.03	1095.26	3939.23
12.45	-29.03	1094.32	3927.72
12.45	-29.03	1093.38	3913.18
12.45	-29.03	1092.44	3911.25
12.45	-29.03	1091.49	3907.94
12.45	-29.03	1090.55	3899.6
12.45	-29.03	1089.61	3889.69
12.45	-29.03	1088.67	3890.99
12.45	-29.03	1087.73	3892.24
12.45	-29.03	1086.79	3898.67
12.45	-29.03	1085.85	3905.63
12.45	-29.03	1084.9	3910.12
12.45	-29.03	1083.96	3908.17
12.45	-29.03	1083.02	3906.8
12.45	-29.03	1082.08	3904.21
12.45	-29.03	1081.13	3906.94
12.45	-29.03	1080.19	3908.54
12.45	-29.03	1079.25	3905.29
12.45	-29.03	1078.31	3904.18
12.45	-29.03	1077.36	3903.54
12.45	-29.03	1076.42	3900.28
12.45	-29.03	1075.48	3895.99
12.45	-29.03	1074.53	3893.84
12.45	-29.03	1073.59	3890.83
12.45	-29.03	1072.64	3888.12
12.45	-29.03	1071.7	3883.41
12.45	-29.03	1070.75	3878.16
12.45	-29.03	1069.81	3870.63
12.45	-29.03	1068.86	3863.98
12.45	-29.03	1067.92	3856.07
12.45	-29.03	1066.97	3854.84
12.45	-29.03	1066.03	3848.41
12.45	-29.03	1065.08	3847.98
12.45	-29.03	1064.14	3853.83
12.45	-29.03	1063.19	3852.53
12.45	-29.03	1062.25	3850.53
12.45	-29.03	1061.3	3849.68
12.45	-29.03	1060.35	3849.84
12.45	-29.03	1059.41	3857.33
12.45	-29.03	1058.46	3861.07
12.45	-29.03	1057.51	3867.77
12.45	-29.03	1056.57	3871.37
12.45	-29.03	1055.62	3880.22
12.45	-29.03	1054.67	3887.48
12.45	-29.03	1053.72	3890.7
12.45	-29.03	1052.78	3899.76
12.45	-29.03	1051.83	3906.94
12.45	-29.03	1050.88	3912.03
12.45	-29.03	1049.93	3928.1
12.45	-29.03	1048.98	3939.32
12.45	-29.03	1048.03	3946.02
12.45	-29.03	1047.09	3957.96
12.45	-29.03	1046.14	3959.72
12.45	-29.03	1045.19	3961.42
12.45	-29.03	1044.24	3959.82
12.45	-29.03	1043.29	3961.11
12.45	-29.03	1042.34	3959.63
12.45	-29.03	1041.39	3959.44
12.45	-29.03	1040.44	3961.64
12.45	-29.03	1039.49	3958.92
12.45	-29.03	1038.54	3962.67
12.45	-29.03	1037.59	3956.38
12.45	-29.03	1036.64	3950.05
12.45	-29.03	1035.69	3944.12
12.45	-29.03	1034.74	3928.64
12.45	-29.03	1033.79	3917.79
12.45	-29.03	1032.83	3911.71
12.45	-29.03	1031.88	3899.97
12.45	-29.03	1030.93	3896.22
12.45	-29.03	1029.98	3883.32
12.45	-29.03	1029.03	3880.21
12.45	-29.03	1028.07	3874.79
12.45	-29.03	1027.12	3865.53
12.45	-29.03	1026.17	3863.11
12.45	-29.03	1025.22	3866.29
12.45	-29.03	1024.26	3865.92
12.45	-29.03	1023.31	3866.13
12.45	-29.03	1022.36	3864.9
12.45	-29.03	1021.4	3867.49
12.45	-29.03	1020.45	3869.06
12.45	-29.03	1019.5	3864.8
12.45	-29.03	1018.54	3866.62
12.45	-29.03	1017.59	3867.0
12.45	-29.03	1016.64	3871.82
12.45	-29.03	1015.68	3872.58
12.45	-29.03	1014.73	3876.95
12.45	-29.03	1013.77	3876.1
12.45	-29.03	1012.82	3881.84
12.45	-29.03	1011.86	3877.76
12.45	-29.03	1010.91	3869.33
12.45	-29.03	1009.95	3860.39
12.45	-29.03	1009.0	3846.03
12.45	-29.03	1008.04	3832.95
12.45	-29.03	1007.08	3822.39
12.45	-29.03	1006.13	3810.28
12.45	-29.03	1005.17	3795.83
12.45	-29.03	1004.22	3784.76
12.45	-29.03	1003.26	3770.76
12.45	-29.03	1002.3	3759.49
12.45	-29.03	1001.34	3744.49
12.45	-29.03	1000.39	3738.54
12.45	-29.03	999.431	3725.18
12.45	-29.03	998.4730000000001	3714.22
12.45	-29.03	997.515	3707.69
12.45	-29.03	996.558	3696.63
12.45	-29.03	995.6	3682.86
12.45	-29.03	994.6410000000001	3678.26
12.45	-29.03	993.683	3675.29
12.45	-29.03	992.725	3676.23
12.45	-29.03	991.7660000000001	3678.18
12.45	-29.03	990.807	3679.32
12.45	-29.03	989.8480000000001	3685.45
12.45	-29.03	988.8889999999999	3687.63
12.45	-29.03	987.93	3698.35
12.45	-29.03	986.97	3703.6
12.45	-29.03	986.01	3712.98
12.45	-29.03	985.05	3721.77
12.45	-29.03	984.09	3727.63
12.45	-29.03	983.13	3729.89
12.45	-29.03	982.17	3736.81
12.45	-29.03	981.209	3738.83
12.45	-29.03	980.248	3737.31
12.45	-29.03	979.288	3738.2
12.45	-29.03	978.326	3734.43
12.45	-29.03	977.365	3725.84
12.45	-29.03	976.404	3712.29
12.45	-29.03	975.442	3710.84
12.45	-29.03	974.48	3705.03
12.45	-29.03	973.518	3690.08
12.45	-29.03	972.556	3677.31
12.45	-29.03	971.5939999999999	3664.06
12.45	-29.03	970.632	3649.4
12.45	-29.03	969.669	3636.51
12.45	-29.03	968.706	3630.85
12.45	-29.03	967.743	3622.6
12.45	-29.03	966.78	3618.32
12.45	-29.03	965.817	3626.78
12.45	-29.03	964.8530000000001	3636.63
12.45	-29.03	963.8889999999999	3648.7
12.45	-29.03	962.926	3673.82
12.45	-29.03	961.961	3699.37
12.45	-29.03	960.997	3725.18
12.45	-29.03	960.033	3760.94
12.45	-29.03	959.068	3797.5
12.45	-29.03	958.1039999999999	3824.54
12.45	-29.03	957.1389999999999	3861.23
12.45	-29.03	956.174	3889.65
12.45	-29.03	955.2080000000001	3914.25
12.45	-29.03	954.243	3942.58
12.45	-29.03	953.2769999999999	3968.54
12.45	-29.03	952.312	3982.43
12.45	-29.03	951.346	3989.63
12.45	-29.03	950.38	3999.39
12.45	-29.03	949.413	4003.25
12.45	-29.03	948.447	4004.42
12.45	-29.03	947.48	4005.33
12.45	-29.03	946.513	3999.14
12.45	-29.03	945.546	3983.31
12.45	-29.03	944.579	3963.73
12.45	-29.03	943.612	3944.28
12.45	-29.03	942.6439999999999	3922.0
12.45	-29.03	941.677	3894.1
12.45	-29.03	940.709	3868.59
12.45	-29.03	939.7410000000001	3836.74
12.45	-29.03	938.773	3799.54
12.45	-29.03	937.804	3770.46
12.45	-29.03	936.836	3751.96
12.45	-29.03	935.867	3729.7
12.45	-29.03	934.898	3705.89
12.45	-29.03	933.929	3684.98
12.45	-29.03	932.96	3660.76
12.45	-29.03	931.99	3637.2
12.45	-29.03	931.0210000000001	3620.14
12.45	-29.03	930.051	3599.36
12.45	-29.03	929.081	3586.73
12.45	-29.03	928.1110000000001	3572.13
12.45	-29.03	927.1410000000001	3559.84
12.45	-29.03	926.17	3556.14
12.45	-29.03	925.199	3554.83
12.45	-29.03	924.2289999999999	3548.86
12.45	-29.03	923.258	3544.53
12.45	-29.03	922.2860000000001	3546.61
12.45	-29.03	921.315	3553.19
12.45	-29.03	920.3439999999999	3559.88
12.45	-29.03	919.372	3569.32
12.45	-29.03	918.4	3582.17
12.45	-29.03	917.428	3589.02
12.45	-29.03	916.456	3602.36
12.45	-29.03	915.4830000000001	3622.66
12.45	-29.03	914.5110000000001	3646.47
12.45	-29.03	913.538	3665.4
12.45	-29.03	912.565	3680.19
12.45	-29.03	911.592	3688.51
12.45	-29.03	910.6189999999999	3699.72
12.45	-29.03	909.645	3707.15
12.45	-29.03	908.671	3716.36
12.45	-29.03	907.698	3734.07
12.45	-29.03	906.7239999999999	3733.83
12.45	-29.03	905.75	3725.32
12.45	-29.03	904.775	3723.49
12.45	-29.03	903.801	3724.93
12.45	-29.03	902.826	3723.96
12.45	-29.03	901.8510000000001	3717.82
12.45	-29.03	900.8760000000001	3707.95
12.45	-29.03	899.9010000000001	3701.83
12.45	-29.03	898.925	3690.2
12.45	-29.03	897.95	3683.25
12.45	-29.03	896.9739999999999	3670.27
12.45	-29.03	895.998	3650.89
12.45	-29.03	895.0219999999999	3631.42
12.45	-29.03	894.046	3613.84
12.45	-29.03	893.069	3594.81
12.45	-29.03	892.0930000000001	3579.36
12.45	-29.03	891.1160000000001	3562.81
12.45	-29.03	890.1389999999999	3548.07
12.45	-29.03	889.1619999999999	3535.46
12.45	-29.03	888.184	3531.53
12.45	-29.03	887.207	3523.35
12.45	-29.03	886.2289999999999	3515.51
12.45	-29.03	885.2510000000001	3507.29
12.45	-29.03	884.273	3501.07
12.45	-29.03	883.295	3488.49
12.45	-29.03	882.317	3479.16
12.45	-29.03	881.3380000000001	3484.62
12.45	-29.03	880.3589999999999	3479.86
12.45	-29.03	879.38	3474.61
12.45	-29.03	878.4010000000001	3473.76
12.45	-29.03	877.422	3469.98
12.45	-29.03	876.442	3472.42
12.45	-29.03	875.4630000000001	3479.08
12.45	-29.03	874.4830000000001	3489.78
12.45	-29.03	873.503	3491.34
12.45	-29.03	872.523	3494.4
12.45	-29.03	871.5419999999999	3500.43
12.45	-29.03	870.562	3509.72
12.45	-29.03	869.581	3517.32
12.45	-29.03	868.6	3525.82
12.45	-29.03	867.6189999999999	3525.94
12.45	-29.03	866.638	3529.35
12.45	-29.03	865.6569999999999	3531.53
12.45	-29.03	864.675	3527.97
12.45	-29.03	863.693	3526.38
12.45	-29.03	862.711	3532.28
12.45	-29.03	861.7289999999999	3533.56
12.45	-29.03	860.747	3530.14
12.45	-29.03	859.7639999999999	3534.75
12.45	-29.03	858.7819999999999	3542.24
12.45	-29.03	857.799	3538.53
12.45	-29.03	856.816	3536.15
12.45	-29.03	855.8330000000001	3531.12
12.45	-29.03	854.8489999999999	3536.21
12.45	-29.03	853.8660000000001	3535.17
12.45	-29.03	852.882	3540.78
12.45	-29.03	851.898	3542.51
12.45	-29.03	850.914	3542.91
12.45	-29.03	849.93	3541.28
12.45	-29.03	848.945	3549.03
12.45	-29.03	847.961	3562.17
12.45	-29.03	846.9760000000001	3571.23
12.45	-29.03	845.9910000000001	3580.76
12.45	-29.03	845.0060000000001	3585.98
12.45	-29.03	844.02	3586.86
12.45	-29.03	843.035	3603.12
12.45	-29.03	842.049	3606.45
12.45	-29.03	841.063	3618.28
12.45	-29.03	840.077	3626.59
12.45	-29.03	839.091	3637.48
12.45	-29.03	838.1039999999999	3638.47
12.45	-29.03	837.118	3645.03
12.45	-29.03	836.1310000000001	3651.78
12.45	-29.03	835.1439999999999	3654.81
12.45	-29.03	834.1569999999999	3656.35
12.45	-29.03	833.17	3666.3
12.45	-29.03	832.182	3666.3
12.45	-29.03	831.195	3668.53
12.45	-29.03	830.207	3674.57
12.45	-29.03	829.2189999999999	3673.7
12.45	-29.03	828.23	3666.47
12.45	-29.03	827.242	3652.01
12.45	-29.03	826.253	3642.93
12.45	-29.03	825.265	3640.45
12.45	-29.03	824.2760000000001	3632.6
12.45	-29.03	823.2869999999999	3623.48
12.45	-29.03	822.297	3606.84
12.45	-29.03	821.308	3595.67
12.45	-29.03	820.318	3576.27
12.45	-29.03	819.328	3565.17
12.45	-29.03	818.3380000000001	3552.67
12.45	-29.03	817.3480000000001	3535.29
12.45	-29.03	816.3580000000001	3518.72
12.45	-29.03	815.367	3503.16
12.45	-29.03	814.377	3494.96
12.45	-29.03	813.3860000000001	3493.39
12.45	-29.03	812.395	3482.02
12.45	-29.03	811.403	3476.4
12.45	-29.03	810.4119999999999	3476.28
12.45	-29.03	809.42	3472.63
12.45	-29.03	808.428	3467.06
12.45	-29.03	807.436	3472.19
12.45	-29.03	806.444	3480.91
12.45	-29.03	805.452	3475.82
12.45	-29.03	804.459	3474.87
12.45	-29.03	803.467	3483.05
12.45	-29.03	802.4739999999999	3487.97
12.45	-29.03	801.4810000000001	3492.66
12.45	-29.03	800.487	3488.67
12.45	-29.03	799.4939999999999	3488.88
12.45	-29.03	798.5	3490.38
12.45	-29.03	797.507	3493.97
12.45	-29.03	796.513	3494.99
12.45	-29.03	795.518	3501.46
12.45	-29.03	794.5239999999999	3497.82
12.45	-29.03	793.529	3493.38
12.45	-29.03	792.535	3486.87
12.45	-29.03	791.54	3488.1
12.45	-29.03	790.545	3483.61
12.45	-29.03	789.55	3485.29
12.45	-29.03	788.554	3490.97
12.45	-29.03	787.559	3487.21
12.45	-29.03	786.563	3480.47
12.45	-29.03	785.567	3479.78
12.45	-29.03	784.571	3480.74
12.45	-29.03	783.574	3483.83
12.45	-29.03	782.578	3482.33
12.45	-29.03	781.581	3478.95
12.45	-29.03	780.584	3487.14
12.45	-29.03	779.587	3483.56
12.45	-29.03	778.59	3488.95
12.45	-29.03	777.592	3499.06
12.45	-29.03	776.595	3499.97
12.45	-29.03	775.597	3491.29
12.45	-29.03	774.5989999999999	3487.27
12.45	-29.03	773.6010000000001	3491.73
12.45	-29.03	772.602	3492.82
12.45	-29.03	771.6039999999999	3484.41
12.45	-29.03	770.605	3474.31
12.45	-29.03	769.6060000000001	3479.68
12.45	-29.03	768.607	3481.26
12.45	-29.03	767.6080000000001	3477.1
12.45	-29.03	766.6089999999999	3472.99
12.45	-29.03	765.6089999999999	3475.87
12.45	-29.03	764.6089999999999	3470.46
12.45	-29.03	763.6089999999999	3469.71
12.45	-29.03	762.6089999999999	3471.06
12.45	-29.03	761.6089999999999	3474.04
12.45	-29.03	760.6080000000001	3469.52
12.45	-29.03	759.607	3469.03
12.45	-29.03	758.607	3462.35
12.45	-29.03	757.605	3458.51
12.45	-29.03	756.6039999999999	3461.05
12.45	-29.03	755.6030000000001	3470.51
12.45	-29.03	754.6010000000001	3482.87
12.45	-29.03	753.5989999999999	3491.87
12.45	-29.03	752.597	3495.85
12.45	-29.03	751.595	3506.28
12.45	-29.03	750.5930000000001	3518.71
12.45	-29.03	749.59	3527.77
12.45	-29.03	748.587	3538.53
12.45	-29.03	747.585	3550.96
12.45	-29.03	746.581	3559.15
12.45	-29.03	745.578	3559.45
12.45	-29.03	744.575	3563.38
12.45	-29.03	743.571	3567.75
12.45	-29.03	742.567	3573.01
12.45	-29.03	741.563	3573.79
12.45	-29.03	740.559	3579.84
12.45	-29.03	739.555	3593.25
12.45	-29.03	738.55	3596.58
12.45	-29.03	737.545	3596.82
12.45	-29.03	736.54	3604.78
12.45	-29.03	735.535	3609.1
12.45	-29.03	734.53	3610.78
12.45	-29.03	733.525	3613.22
12.45	-29.03	732.5189999999999	3611.43
12.45	-29.03	731.513	3607.31
12.45	-29.03	730.507	3597.45
12.45	-29.03	729.5010000000001	3595.88
12.45	-29.03	728.4939999999999	3594.14
12.45	-29.03	727.488	3597.77
12.45	-29.03	726.4810000000001	3592.39
12.45	-29.03	725.4739999999999	3592.23
12.45	-29.03	724.467	3601.29
12.45	-29.03	723.46	3601.28
12.45	-29.03	722.452	3594.98
12.45	-29.03	721.444	3598.71
12.45	-29.03	720.436	3597.23
12.45	-29.03	719.428	3594.42
12.45	-29.03	718.42	3592.89
12.45	-29.03	717.4119999999999	3594.81
12.45	-29.03	716.403	3587.01
12.45	-29.03	715.3939999999999	3572.72
12.45	-29.03	714.385	3567.63
12.45	-29.03	713.3760000000001	3568.19
12.45	-29.03	712.367	3571.55
12.45	-29.03	711.357	3570.76
12.45	-29.03	710.347	3568.23
12.45	-29.03	709.3380000000001	3565.07
12.45	-29.03	708.327	3559.59
12.45	-29.03	707.317	3552.88
12.45	-29.03	706.307	3552.76
12.45	-29.03	705.296	3552.03
12.45	-29.03	704.285	3547.84
12.45	-29.03	703.2739999999999	3534.79
12.45	-29.03	702.263	3527.68
12.45	-29.03	701.252	3521.03
12.45	-29.03	700.24	3510.89
12.45	-29.03	699.2280000000001	3511.93
12.45	-29.03	698.216	3510.39
12.45	-29.03	697.204	3506.23
12.45	-29.03	696.192	3508.19
12.45	-29.03	695.179	3515.47
12.45	-29.03	694.1669999999999	3517.52
12.45	-29.03	693.154	3511.16
12.45	-29.03	692.1410000000001	3510.88
12.45	-29.03	691.127	3517.7
12.45	-29.03	690.1139999999999	3520.68
12.45	-29.03	689.1	3522.87
12.45	-29.03	688.086	3532.06
12.45	-29.03	687.072	3537.63
12.45	-29.03	686.058	3538.78
12.45	-29.03	685.044	3541.45
12.45	-29.03	684.029	3549.35
12.45	-29.03	683.015	3554.38
12.45	-29.03	682.0	3555.82
12.45	-29.03	680.985	3562.31
12.45	-29.03	679.9689999999999	3565.64
12.45	-29.03	678.954	3565.27
12.45	-29.03	677.938	3564.82
12.45	-29.03	676.922	3571.81
12.45	-29.03	675.9060000000001	3572.43
12.45	-29.03	674.89	3572.66
12.45	-29.03	673.8739999999999	3567.9
12.45	-29.03	672.857	3572.59
12.45	-29.03	671.84	3580.74
12.45	-29.03	670.823	3581.12
12.45	-29.03	669.806	3589.23
12.45	-29.03	668.789	3602.83
12.45	-29.03	667.7710000000001	3610.97
12.45	-29.03	666.753	3608.95
12.45	-29.03	665.735	3617.99
12.45	-29.03	664.717	3626.1
12.45	-29.03	663.699	3628.65
12.45	-29.03	662.68	3638.19
12.45	-29.03	661.6619999999999	3654.8
12.45	-29.03	660.643	3669.12
12.45	-29.03	659.6239999999999	3683.28
12.45	-29.03	658.605	3694.79
12.45	-29.03	657.585	3713.67
12.45	-29.03	656.566	3725.51
12.45	-29.03	655.546	3735.31
12.45	-29.03	654.526	3744.92
12.45	-29.03	653.506	3754.3
12.45	-29.03	652.485	3757.74
12.45	-29.03	651.465	3767.07
12.45	-29.03	650.444	3765.2
12.45	-29.03	649.423	3758.89
12.45	-29.03	648.4019999999999	3745.59
12.45	-29.03	647.381	3737.57
12.45	-29.03	646.359	3729.63
12.45	-29.03	645.3380000000001	3707.72
12.45	-29.03	644.316	3697.01
12.45	-29.03	643.294	3685.73
12.45	-29.03	642.271	3672.55
12.45	-29.03	641.249	3647.96
12.45	-29.03	640.226	3635.67
12.45	-29.03	639.2040000000001	3623.21
12.45	-29.03	638.181	3599.54
12.45	-29.03	637.1569999999999	3572.5
12.45	-29.03	636.134	3549.31
12.45	-29.03	635.11	3544.17
12.45	-29.03	634.087	3526.25
12.45	-29.03	633.063	3508.37
12.45	-29.03	632.039	3506.4
12.45	-29.03	631.014	3497.82
12.45	-29.03	629.99	3488.92
12.45	-29.03	628.965	3483.11
12.45	-29.03	627.94	3476.8
12.45	-29.03	626.915	3477.32
12.45	-29.03	625.89	3473.25
12.45	-29.03	624.864	3468.45
12.45	-29.03	623.839	3470.47
12.45	-29.03	622.813	3469.68
12.45	-29.03	621.7869999999999	3470.82
12.45	-29.03	620.761	3475.75
12.45	-29.03	619.734	3465.57
12.45	-29.03	618.7080000000001	3462.69
12.45	-29.03	617.681	3462.2
12.45	-29.03	616.654	3465.18
12.45	-29.03	615.627	3461.46
12.45	-29.03	614.599	3456.15
12.45	-29.03	613.572	3459.34
12.45	-29.03	612.544	3458.66
12.45	-29.03	611.516	3446.39
12.45	-29.03	610.488	3440.38
12.45	-29.03	609.46	3440.99
12.45	-29.03	608.431	3430.71
12.45	-29.03	607.403	3418.53
12.45	-29.03	606.374	3421.35
12.45	-29.03	605.345	3421.99
12.45	-29.03	604.316	3415.21
12.45	-29.03	603.286	3408.49
12.45	-29.03	602.257	3408.2
12.45	-29.03	601.227	3410.97
12.45	-29.03	600.197	3404.82
12.45	-29.03	599.1669999999999	3405.49
12.45	-29.03	598.136	3408.43
12.45	-29.03	597.106	3407.29
12.45	-29.03	596.075	3408.51
12.45	-29.03	595.044	3410.43
12.45	-29.03	594.013	3413.66
12.45	-29.03	592.981	3419.68
12.45	-29.03	591.95	3426.37
12.45	-29.03	590.918	3435.52
12.45	-29.03	589.886	3436.46
12.45	-29.03	588.854	3432.06
12.45	-29.03	587.822	3428.59
12.45	-29.03	586.789	3427.38
12.45	-29.03	585.757	3423.07
12.45	-29.03	584.724	3418.53
12.45	-29.03	583.691	3416.28
12.45	-29.03	582.6569999999999	3414.32
12.45	-29.03	581.624	3408.13
12.45	-29.03	580.59	3402.75
12.45	-29.03	579.557	3405.44
12.45	-29.03	578.523	3403.69
12.45	-29.03	577.488	3390.31
12.45	-29.03	576.4540000000001	3391.5
12.45	-29.03	575.419	3394.66
12.45	-29.03	574.385	3388.08
12.45	-29.03	573.35	3383.35
12.45	-29.03	572.314	3387.67
12.45	-29.03	571.279	3382.79
12.45	-29.03	570.244	3377.91
12.45	-29.03	569.2080000000001	3381.23
12.45	-29.03	568.172	3385.99
12.45	-29.03	567.136	3391.01
12.45	-29.03	566.099	3392.74
12.45	-29.03	565.063	3407.82
12.45	-29.03	564.026	3420.93
12.45	-29.03	562.989	3434.16
12.45	-29.03	561.952	3453.5
12.45	-29.03	560.915	3471.35
12.45	-29.03	559.877	3485.65
12.45	-29.03	558.84	3494.11
12.45	-29.03	557.802	3502.82
12.45	-29.03	556.764	3503.02
12.45	-29.03	555.726	3503.23
12.45	-29.03	554.687	3513.97
12.45	-29.03	553.649	3521.5
12.45	-29.03	552.61	3524.05
12.45	-29.03	551.571	3523.9
12.45	-29.03	550.5319999999999	3528.79
12.45	-29.03	549.492	3530.2
12.45	-29.03	548.453	3518.33
12.45	-29.03	547.413	3507.29
12.45	-29.03	546.373	3493.58
12.45	-29.03	545.3330000000001	3486.94
12.45	-29.03	544.2919999999999	3470.25
12.45	-29.03	543.252	3451.59
12.45	-29.03	542.211	3429.94
12.45	-29.03	541.17	3414.45
12.45	-29.03	540.129	3400.38
12.45	-29.03	539.0880000000001	3396.03
12.45	-29.03	538.0459999999999	3398.06
12.45	-29.03	537.004	3392.67
12.45	-29.03	535.962	3390.3
12.45	-29.03	534.92	3398.27
12.45	-29.03	533.878	3406.57
12.45	-29.03	532.836	3414.79
12.45	-29.03	531.793	3421.94
12.45	-29.03	530.75	3434.49
12.45	-29.03	529.707	3437.29
12.45	-29.03	528.664	3452.71
12.45	-29.03	527.62	3458.42
12.45	-29.03	526.577	3463.5
12.45	-29.03	525.533	3467.56
12.45	-29.03	524.489	3478.91
12.45	-29.03	523.445	3500.7
12.45	-29.03	522.4	3508.64
12.45	-29.03	521.355	3525.19
12.45	-29.03	520.311	3541.22
12.45	-29.03	519.266	3556.16
12.45	-29.03	518.22	3561.27
12.45	-29.03	517.175	3562.11
12.45	-29.03	516.129	3578.13
12.45	-29.03	515.0840000000001	3580.35
12.45	-29.03	514.038	3574.06
12.45	-29.03	512.992	3576.72
12.45	-29.03	511.945	3570.93
12.45	-29.03	510.899	3573.43
12.45	-29.03	509.852	3580.92
12.45	-29.03	508.805	3583.25
12.45	-29.03	507.75800000000004	3579.84
12.45	-29.03	506.71	3575.65
12.45	-29.03	505.663	3581.34
12.45	-29.03	504.615	3580.51
12.45	-29.03	503.56699999999995	3589.55
12.45	-29.03	502.519	3592.6
12.45	-29.03	501.471	3611.29
12.45	-29.03	500.42199999999997	3614.5
12.45	-29.03	499.374	3622.81
12.45	-29.03	498.325	3640.91
12.45	-29.03	497.276	3647.98
12.45	-29.03	496.226	3652.23
12.45	-29.03	495.17699999999996	3669.06
12.45	-29.03	494.12699999999995	3687.08
12.45	-29.03	493.077	3705.17
12.45	-29.03	492.027	3715.28
12.45	-29.03	490.977	3732.9
12.45	-29.03	489.926	3751.03
12.45	-29.03	488.876	3755.93
12.45	-29.03	487.825	3765.67
12.45	-29.03	486.774	3777.24
12.45	-29.03	485.723	3786.13
12.45	-29.03	484.671	3792.44
12.45	-29.03	483.619	3789.21
12.45	-29.03	482.56800000000004	3786.42
12.45	-29.03	481.51599999999996	3787.71
12.45	-29.03	480.463	3781.07
12.45	-29.03	479.411	3781.23
12.45	-29.03	478.358	3773.92
12.45	-29.03	477.305	3765.57
12.45	-29.03	476.25199999999995	3758.94
12.45	-29.03	475.199	3750.4
12.45	-29.03	474.14599999999996	3745.72
12.45	-29.03	473.092	3733.02
12.45	-29.03	472.038	3739.84
12.45	-29.03	470.98400000000004	3739.33
12.45	-29.03	469.93	3737.75
12.45	-29.03	468.876	3729.12
12.45	-29.03	467.82099999999997	3727.22
12.45	-29.03	466.76599999999996	3722.33
12.45	-29.03	465.711	3711.82
12.45	-29.03	464.656	3717.44
12.45	-29.03	463.601	3717.84
12.45	-29.03	462.545	3712.25
12.45	-29.03	461.49	3711.26
12.45	-29.03	460.434	3713.33
12.45	-29.03	459.37699999999995	3718.39
12.45	-29.03	458.32099999999997	3719.6
12.45	-29.03	457.264	3725.57
12.45	-29.03	456.208	3739.37
12.45	-29.03	455.151	3744.85
12.45	-29.03	454.094	3749.67
12.45	-29.03	453.036	3749.61
12.45	-29.03	451.97900000000004	3757.02
12.45	-29.03	450.921	3758.84
12.45	-29.03	449.86300000000006	3763.71
12.45	-29.03	448.805	3768.39
12.45	-29.03	447.74699999999996	3766.86
12.45	-29.03	446.68800000000005	3768.81
12.45	-29.03	445.629	3768.79
12.45	-29.03	444.57	3770.36
12.45	-29.03	443.51099999999997	3768.22
12.45	-29.03	442.452	3778.63
12.45	-29.03	441.392	3784.46
12.45	-29.03	440.333	3789.1
12.45	-29.03	439.273	3797.16
12.45	-29.03	438.213	3799.31
12.45	-29.03	437.152	3799.87
12.45	-29.03	436.092	3798.73
12.45	-29.03	435.031	3801.77
12.45	-29.03	433.97	3807.31
12.45	-29.03	432.909	3804.29
12.45	-29.03	431.848	3806.23
12.45	-29.03	430.786	3810.89
12.45	-29.03	429.724	3813.45
12.45	-29.03	428.663	3814.25
12.45	-29.03	427.6	3816.79
12.45	-29.03	426.538	3818.93
12.45	-29.03	425.476	3813.43
12.45	-29.03	424.413	3812.11
12.45	-29.03	423.35	3807.75
12.45	-29.03	422.287	3800.27
12.45	-29.03	421.224	3790.18
12.45	-29.03	420.16	3798.95
12.45	-29.03	419.096	3794.3
12.45	-29.03	418.033	3794.08
12.45	-29.03	416.968	3804.61
12.45	-29.03	415.904	3807.47
12.45	-29.03	414.84	3825.39
12.45	-29.03	413.775	3841.98
12.45	-29.03	412.71	3869.5
12.45	-29.03	411.645	3881.43
12.45	-29.03	410.58	3907.11
12.45	-29.03	409.514	3924.8
12.45	-29.03	408.44800000000004	3948.99
12.45	-29.03	407.38300000000004	3973.29
12.45	-29.03	406.316	3986.94
12.45	-29.03	405.25	4004.08
12.45	-29.03	404.184	4025.68
12.45	-29.03	403.11699999999996	4038.65
12.45	-29.03	402.05	4051.85
12.45	-29.03	400.983	4062.65
12.45	-29.03	399.916	4071.0
12.45	-29.03	398.848	4071.54
12.45	-29.03	397.781	4070.34
12.45	-29.03	396.713	4074.59
12.45	-29.03	395.645	4074.78
12.45	-29.03	394.57599999999996	4068.63
12.45	-29.03	393.50800000000004	4058.82
12.45	-29.03	392.439	4054.5
12.45	-29.03	391.37	4038.35
12.45	-29.03	390.301	4033.36
12.45	-29.03	389.23199999999997	4027.53
12.45	-29.03	388.162	4021.92
12.45	-29.03	387.093	4012.1
12.45	-29.03	386.023	4013.53
12.45	-29.03	384.95300000000003	4013.21
12.45	-29.03	383.88199999999995	4005.68
12.45	-29.03	382.81199999999995	4011.75
12.45	-29.03	381.741	4007.14
12.45	-29.03	380.67	4004.63
12.45	-29.03	379.599	4001.78
12.45	-29.03	378.528	4008.69
12.45	-29.03	377.45599999999996	4006.46
12.45	-29.03	376.384	4004.29
12.45	-29.03	375.31300000000005	4003.24
12.45	-29.03	374.24	3998.08
12.45	-29.03	373.168	3997.44
12.45	-29.03	372.096	4002.56
12.45	-29.03	371.023	4000.95
12.45	-29.03	369.95	4006.89
12.45	-29.03	368.87699999999995	4007.36
12.45	-29.03	367.80400000000003	4008.3
12.45	-29.03	366.73	4006.89
12.45	-29.03	365.656	4013.22
12.45	-29.03	364.582	4012.28
12.45	-29.03	363.50800000000004	4015.79
12.45	-29.03	362.434	4013.69
12.45	-29.03	361.35900000000004	4006.17
12.45	-29.03	360.285	4010.25
12.45	-29.03	359.21	4004.37
12.45	-29.03	358.135	4014.87
12.45	-29.03	357.059	4014.2
12.45	-29.03	355.98400000000004	4024.23
12.45	-29.03	354.908	4030.92
12.45	-29.03	353.832	4036.28
12.45	-29.03	352.756	4049.66
12.45	-29.03	351.67900000000003	4052.23
12.45	-29.03	350.603	4064.38
12.45	-29.03	349.526	4072.81
12.45	-29.03	348.449	4085.35
12.45	-29.03	347.37199999999996	4096.84
12.45	-29.03	346.295	4109.6
12.45	-29.03	345.217	4121.83
12.45	-29.03	344.139	4135.26
12.45	-29.03	343.061	4154.32
12.45	-29.03	341.983	4167.98
12.45	-29.03	340.905	4189.76
12.45	-29.03	339.82599999999996	4210.48
12.45	-29.03	338.74699999999996	4224.66
12.45	-29.03	337.668	4242.17
12.45	-29.03	336.589	4245.68
12.45	-29.03	335.51	4256.45
12.45	-29.03	334.43	4269.49
12.45	-29.03	333.35	4274.25
12.45	-29.03	332.27	4275.64
12.45	-29.03	331.19	4289.16
12.45	-29.03	330.11	4291.07
12.45	-29.03	329.029	4306.84
12.45	-29.03	327.94800000000004	4328.63
12.45	-29.03	326.867	4334.49
12.45	-29.03	325.786	4357.18
12.45	-29.03	324.705	4376.41
12.45	-29.03	323.623	4402.16
12.45	-29.03	322.541	4421.39
12.45	-29.03	321.459	4445.3
12.45	-29.03	320.377	4474.15
12.45	-29.03	319.29400000000004	4492.35
12.45	-29.03	318.212	4520.28
12.45	-29.03	317.129	4545.83
12.45	-29.03	316.046	4577.64
12.45	-29.03	314.962	4602.74
12.45	-29.03	313.879	4628.53
12.45	-29.03	312.795	4656.12
12.45	-29.03	311.711	4679.85
12.45	-29.03	310.627	4699.02
12.45	-29.03	309.543	4727.23
12.45	-29.03	308.45799999999997	4750.72
12.45	-29.03	307.374	4776.23
12.45	-29.03	306.289	4797.12
12.45	-29.03	305.204	4824.41
12.45	-29.03	304.118	4835.0
12.45	-29.03	303.033	4857.92
12.45	-29.03	301.947	4883.15
12.45	-29.03	300.861	4900.15
12.45	-29.03	299.775	4927.04
12.45	-29.03	298.689	4954.76
12.45	-29.03	297.60200000000003	4976.64
12.45	-29.03	296.515	5004.07
12.45	-29.03	295.428	5012.55
12.45	-29.03	294.341	5034.38
12.45	-29.03	293.254	5061.03
12.45	-29.03	292.166	5083.71
12.45	-29.03	291.079	5105.58
12.45	-29.03	289.991	5128.12
12.45	-29.03	288.902	5143.99
12.45	-29.03	287.814	5169.62
12.45	-29.03	286.725	5189.83
12.45	-29.03	285.637	5211.98
12.45	-29.03	284.547	5233.42
12.45	-29.03	283.45799999999997	5263.63
12.45	-29.03	282.369	5278.62
12.45	-29.03	281.279	5297.37
12.45	-29.03	280.189	5318.31
12.45	-29.03	279.099	5336.82
12.45	-29.03	278.009	5354.1
12.45	-29.03	276.91900000000004	5373.49
12.45	-29.03	275.828	5381.61
12.45	-29.03	274.737	5399.28
12.45	-29.03	273.64599999999996	5411.62
12.45	-29.03	272.555	5428.46
12.45	-29.03	271.46299999999997	5431.18
12.45	-29.03	270.371	5444.11
12.45	-29.03	269.28	5460.75
12.45	-29.03	268.187	5469.91
12.45	-29.03	267.095	5468.46
12.45	-29.03	266.003	5466.38
12.45	-29.03	264.91	5461.66
12.45	-29.03	263.817	5456.11
12.45	-29.03	262.724	5446.42
12.45	-29.03	261.63	5448.64
12.45	-29.03	260.53700000000003	5433.67
12.45	-29.03	259.443	5417.14
12.45	-29.03	258.349	5402.0
12.45	-29.03	257.255	5392.07
12.45	-29.03	256.16	5378.86
12.45	-29.03	255.06599999999997	5369.4
12.45	-29.03	253.97099999999998	5359.34
12.45	-29.03	252.87599999999998	5352.59
12.45	-29.03	251.78099999999998	5334.83
12.45	-29.03	250.685	5330.81
12.45	-29.03	249.59	5316.69
12.45	-29.03	248.49400000000003	5304.09
12.45	-29.03	247.398	5296.28
12.45	-29.03	246.30200000000002	5289.34
12.45	-29.03	245.205	5277.59
12.45	-29.03	244.108	5263.86
12.45	-29.03	243.012	5262.31
12.45	-29.03	241.91400000000002	5273.58
12.45	-29.03	240.817	5270.59
12.45	-29.03	239.72	5270.14
12.45	-29.03	238.622	5270.05
12.45	-29.03	237.524	5272.17
12.45	-29.03	236.426	5271.38
12.45	-29.03	235.328	5278.03
12.45	-29.03	234.229	5280.22
12.45	-29.03	233.13	5282.61
12.45	-29.03	232.03099999999998	5283.33
12.45	-29.03	230.93200000000002	5294.06
12.45	-29.03	229.833	5292.4
12.45	-29.03	228.733	5292.23
12.45	-29.03	227.63299999999998	5298.85
12.45	-29.03	226.533	5302.8
12.45	-29.03	225.433	5310.17
12.45	-29.03	224.333	5318.82
12.45	-29.03	223.232	5334.26
12.45	-29.03	222.13099999999997	5334.46
12.45	-29.03	221.03	5343.51
12.45	-29.03	219.929	5356.33
12.45	-29.03	218.827	5364.41
12.45	-29.03	217.726	5373.77
12.45	-29.03	216.62400000000002	5389.27
12.45	-29.03	215.52200000000002	5402.02
12.45	-29.03	214.419	5415.13
12.45	-29.03	213.317	5424.2
12.45	-29.03	212.21400000000003	5433.39
12.45	-29.03	211.111	5438.36
12.45	-29.03	210.00799999999998	5449.59
12.45	-29.03	208.905	5457.15
12.45	-29.03	207.801	5450.84
12.45	-29.03	206.697	5451.74
12.45	-29.03	205.593	5451.27
12.45	-29.03	204.489	5448.29
12.45	-29.03	203.385	5443.89
12.45	-29.03	202.28	5444.06
12.45	-29.03	201.175	5435.32
12.45	-29.03	200.07	5424.35
