27.6	-16.18	1999.92	1749.39
27.6	-16.18	1999.14	1753.76
27.6	-16.18	1998.35	1758.93
27.6	-16.18	1997.57	1767.2
27.6	-16.18	1996.78	1771.78
27.6	-16.18	1996.0	1779.71
27.6	-16.18	1995.21	1786.18
27.6	-16.18	1994.42	1789.58
27.6	-16.18	1993.64	1792.57
27.6	-16.18	1992.85	1798.67
27.6	-16.18	1992.07	1808.21
27.6	-16.18	1991.28	1810.65
27.6	-16.18	1990.5	1813.61
27.6	-16.18	1989.71	1817.17
27.6	-16.18	1988.92	1820.31
27.6	-16.18	1988.14	1816.86
27.6	-16.18	1987.35	1815.09
27.6	-16.18	1986.56	1818.47
27.6	-16.18	1985.78	1815.1
27.6	-16.18	1984.99	1809.5
27.6	-16.18	1984.2	1806.65
27.6	-16.18	1983.42	1809.14
27.6	-16.18	1982.63	1809.96
27.6	-16.18	1981.84	1816.88
27.6	-16.18	1981.05	1818.32
27.6	-16.18	1980.27	1821.2
27.6	-16.18	1979.48	1817.04
27.6	-16.18	1978.69	1823.48
27.6	-16.18	1977.9	1826.68
27.6	-16.18	1977.11	1825.48
27.6	-16.18	1976.33	1828.41
27.6	-16.18	1975.54	1828.98
27.6	-16.18	1974.75	1830.95
27.6	-16.18	1973.96	1836.15
27.6	-16.18	1973.17	1837.84
27.6	-16.18	1972.38	1843.02
27.6	-16.18	1971.59	1849.13
27.6	-16.18	1970.8	1849.26
27.6	-16.18	1970.01	1859.04
27.6	-16.18	1969.22	1868.3
27.6	-16.18	1968.43	1871.06
27.6	-16.18	1967.64	1871.03
27.6	-16.18	1966.85	1872.88
27.6	-16.18	1966.06	1876.57
27.6	-16.18	1965.27	1875.39
27.6	-16.18	1964.48	1877.08
27.6	-16.18	1963.69	1883.53
27.6	-16.18	1962.9	1885.16
27.6	-16.18	1962.11	1876.93
27.6	-16.18	1961.32	1883.19
27.6	-16.18	1960.53	1879.41
27.6	-16.18	1959.74	1878.39
27.6	-16.18	1958.95	1876.03
27.6	-16.18	1958.16	1875.42
27.6	-16.18	1957.37	1872.56
27.6	-16.18	1956.57	1877.83
27.6	-16.18	1955.78	1879.98
27.6	-16.18	1954.99	1888.18
27.6	-16.18	1954.2	1885.1
27.6	-16.18	1953.41	1881.03
27.6	-16.18	1952.61	1876.98
27.6	-16.18	1951.82	1873.89
27.6	-16.18	1951.03	1874.8
27.6	-16.18	1950.24	1871.45
27.6	-16.18	1949.44	1870.06
27.6	-16.18	1948.65	1878.23
27.6	-16.18	1947.86	1882.12
27.6	-16.18	1947.06	1879.71
27.6	-16.18	1946.27	1890.67
27.6	-16.18	1945.48	1887.88
27.6	-16.18	1944.68	1889.2
27.6	-16.18	1943.89	1892.09
27.6	-16.18	1943.1	1894.76
27.6	-16.18	1942.3	1901.48
27.6	-16.18	1941.51	1901.9
27.6	-16.18	1940.71	1910.62
27.6	-16.18	1939.92	1908.46
27.6	-16.18	1939.12	1907.56
27.6	-16.18	1938.33	1906.81
27.6	-16.18	1937.53	1910.25
27.6	-16.18	1936.74	1912.68
27.6	-16.18	1935.94	1920.11
27.6	-16.18	1935.15	1925.44
27.6	-16.18	1934.35	1931.01
27.6	-16.18	1933.56	1941.78
27.6	-16.18	1932.76	1951.83
27.6	-16.18	1931.97	1954.6
27.6	-16.18	1931.17	1953.06
27.6	-16.18	1930.37	1947.62
27.6	-16.18	1929.58	1947.19
27.6	-16.18	1928.78	1945.48
27.6	-16.18	1927.99	1945.77
27.6	-16.18	1927.19	1944.83
27.6	-16.18	1926.39	1949.24
27.6	-16.18	1925.6	1954.36
27.6	-16.18	1924.8	1957.73
27.6	-16.18	1924.0	1954.73
27.6	-16.18	1923.2	1956.0
27.6	-16.18	1922.41	1957.08
27.6	-16.18	1921.61	1947.66
27.6	-16.18	1920.81	1949.39
27.6	-16.18	1920.01	1948.75
27.6	-16.18	1919.22	1949.94
27.6	-16.18	1918.42	1947.13
27.6	-16.18	1917.62	1943.25
27.6	-16.18	1916.82	1947.6
27.6	-16.18	1916.02	1938.68
27.6	-16.18	1915.22	1941.62
27.6	-16.18	1914.43	1942.48
27.6	-16.18	1913.63	1947.01
27.6	-16.18	1912.83	1952.28
27.6	-16.18	1912.03	1953.78
27.6	-16.18	1911.23	1956.83
27.6	-16.18	1910.43	1957.7
27.6	-16.18	1909.63	1959.56
27.6	-16.18	1908.83	1961.14
27.6	-16.18	1908.03	1961.34
27.6	-16.18	1907.23	1955.02
27.6	-16.18	1906.43	1955.74
27.6	-16.18	1905.63	1960.35
27.6	-16.18	1904.83	1964.61
27.6	-16.18	1904.03	1962.01
27.6	-16.18	1903.23	1966.7
27.6	-16.18	1902.43	1972.6
27.6	-16.18	1901.63	1974.52
27.6	-16.18	1900.83	1975.73
27.6	-16.18	1900.03	1979.37
27.6	-16.18	1899.23	1978.92
27.6	-16.18	1898.42	1973.48
27.6	-16.18	1897.62	1973.01
27.6	-16.18	1896.82	1975.91
27.6	-16.18	1896.02	1976.59
27.6	-16.18	1895.22	1975.71
27.6	-16.18	1894.41	1971.7
27.6	-16.18	1893.61	1974.02
27.6	-16.18	1892.81	1973.22
27.6	-16.18	1892.01	1968.35
27.6	-16.18	1891.21	1974.81
27.6	-16.18	1890.4	1979.46
27.6	-16.18	1889.6	1982.94
27.6	-16.18	1888.8	1982.98
27.6	-16.18	1887.99	1986.53
27.6	-16.18	1887.19	1992.77
27.6	-16.18	1886.39	1995.65
27.6	-16.18	1885.58	1998.19
27.6	-16.18	1884.78	2004.48
27.6	-16.18	1883.98	2005.08
27.6	-16.18	1883.17	2006.62
27.6	-16.18	1882.37	2013.07
27.6	-16.18	1881.56	2020.97
27.6	-16.18	1880.76	2022.5
27.6	-16.18	1879.95	2022.16
27.6	-16.18	1879.15	2031.07
27.6	-16.18	1878.35	2035.64
27.6	-16.18	1877.54	2039.07
27.6	-16.18	1876.74	2037.78
27.6	-16.18	1875.93	2038.73
27.6	-16.18	1875.13	2036.03
27.6	-16.18	1874.32	2036.23
27.6	-16.18	1873.51	2041.68
27.6	-16.18	1872.71	2045.6
27.6	-16.18	1871.9	2051.25
27.6	-16.18	1871.1	2054.77
27.6	-16.18	1870.29	2052.56
27.6	-16.18	1869.48	2060.04
27.6	-16.18	1868.68	2059.6
27.6	-16.18	1867.87	2064.67
27.6	-16.18	1867.06	2067.71
27.6	-16.18	1866.26	2071.55
27.6	-16.18	1865.45	2071.52
27.6	-16.18	1864.64	2077.11
27.6	-16.18	1863.84	2084.6
27.6	-16.18	1863.03	2086.19
27.6	-16.18	1862.22	2092.53
27.6	-16.18	1861.41	2093.02
27.6	-16.18	1860.61	2097.57
27.6	-16.18	1859.8	2097.59
27.6	-16.18	1858.99	2097.76
27.6	-16.18	1858.18	2098.83
27.6	-16.18	1857.37	2103.02
27.6	-16.18	1856.57	2106.32
27.6	-16.18	1855.76	2109.84
27.6	-16.18	1854.95	2109.86
27.6	-16.18	1854.14	2108.58
27.6	-16.18	1853.33	2113.64
27.6	-16.18	1852.52	2119.4
27.6	-16.18	1851.71	2118.15
27.6	-16.18	1850.9	2120.49
27.6	-16.18	1850.09	2129.23
27.6	-16.18	1849.28	2133.91
27.6	-16.18	1848.47	2134.08
27.6	-16.18	1847.66	2138.86
27.6	-16.18	1846.85	2141.26
27.6	-16.18	1846.04	2140.06
27.6	-16.18	1845.23	2150.45
27.6	-16.18	1844.42	2151.59
27.6	-16.18	1843.61	2155.48
27.6	-16.18	1842.8	2155.26
27.6	-16.18	1841.99	2154.15
27.6	-16.18	1841.18	2151.25
27.6	-16.18	1840.37	2155.62
27.6	-16.18	1839.56	2153.38
27.6	-16.18	1838.75	2149.45
27.6	-16.18	1837.94	2152.68
27.6	-16.18	1837.12	2149.09
27.6	-16.18	1836.31	2156.43
27.6	-16.18	1835.5	2158.06
27.6	-16.18	1834.69	2162.2
27.6	-16.18	1833.88	2166.71
27.6	-16.18	1833.06	2172.04
27.6	-16.18	1832.25	2175.9
27.6	-16.18	1831.44	2174.81
27.6	-16.18	1830.63	2182.73
27.6	-16.18	1829.81	2186.83
27.6	-16.18	1829.0	2196.64
27.6	-16.18	1828.19	2198.82
27.6	-16.18	1827.37	2202.06
27.6	-16.18	1826.56	2202.35
27.6	-16.18	1825.75	2207.44
27.6	-16.18	1824.93	2211.62
27.6	-16.18	1824.12	2215.44
27.6	-16.18	1823.3	2222.45
27.6	-16.18	1822.49	2225.23
27.6	-16.18	1821.68	2225.39
27.6	-16.18	1820.86	2228.97
27.6	-16.18	1820.05	2222.06
27.6	-16.18	1819.23	2218.85
27.6	-16.18	1818.42	2219.95
27.6	-16.18	1817.6	2216.43
27.6	-16.18	1816.79	2214.85
27.6	-16.18	1815.97	2219.23
27.6	-16.18	1815.16	2216.32
27.6	-16.18	1814.34	2215.79
27.6	-16.18	1813.53	2220.9
27.6	-16.18	1812.71	2225.49
27.6	-16.18	1811.89	2227.54
27.6	-16.18	1811.08	2230.76
27.6	-16.18	1810.26	2234.37
27.6	-16.18	1809.45	2240.19
27.6	-16.18	1808.63	2243.04
27.6	-16.18	1807.81	2254.68
27.6	-16.18	1807.0	2260.04
27.6	-16.18	1806.18	2265.97
27.6	-16.18	1805.36	2265.16
27.6	-16.18	1804.54	2272.04
27.6	-16.18	1803.73	2274.89
27.6	-16.18	1802.91	2279.13
27.6	-16.18	1802.09	2274.25
27.6	-16.18	1801.27	2281.59
27.6	-16.18	1800.46	2291.3
27.6	-16.18	1799.64	2291.57
27.6	-16.18	1798.82	2290.79
27.6	-16.18	1798.0	2292.18
27.6	-16.18	1797.18	2294.11
27.6	-16.18	1796.37	2297.13
27.6	-16.18	1795.55	2298.21
27.6	-16.18	1794.73	2303.99
27.6	-16.18	1793.91	2305.65
27.6	-16.18	1793.09	2305.72
27.6	-16.18	1792.27	2313.27
27.6	-16.18	1791.45	2315.76
27.6	-16.18	1790.63	2314.04
27.6	-16.18	1789.81	2318.52
27.6	-16.18	1788.99	2328.76
27.6	-16.18	1788.17	2332.62
27.6	-16.18	1787.35	2334.67
27.6	-16.18	1786.53	2343.79
27.6	-16.18	1785.71	2346.65
27.6	-16.18	1784.89	2351.77
27.6	-16.18	1784.07	2354.01
27.6	-16.18	1783.25	2358.92
27.6	-16.18	1782.43	2361.39
27.6	-16.18	1781.61	2370.16
27.6	-16.18	1780.79	2374.42
27.6	-16.18	1779.97	2381.03
27.6	-16.18	1779.14	2389.91
27.6	-16.18	1778.32	2397.26
27.6	-16.18	1777.5	2401.57
27.6	-16.18	1776.68	2415.24
27.6	-16.18	1775.86	2425.04
27.6	-16.18	1775.03	2427.25
27.6	-16.18	1774.21	2432.35
27.6	-16.18	1773.39	2440.64
27.6	-16.18	1772.57	2448.27
27.6	-16.18	1771.74	2452.72
27.6	-16.18	1770.92	2454.0
27.6	-16.18	1770.1	2464.48
27.6	-16.18	1769.28	2465.18
27.6	-16.18	1768.45	2479.35
27.6	-16.18	1767.63	2482.73
27.6	-16.18	1766.81	2484.15
27.6	-16.18	1765.98	2491.39
27.6	-16.18	1765.16	2494.42
27.6	-16.18	1764.33	2495.29
27.6	-16.18	1763.51	2495.98
27.6	-16.18	1762.69	2496.78
27.6	-16.18	1761.86	2500.52
27.6	-16.18	1761.04	2502.02
27.6	-16.18	1760.21	2508.55
27.6	-16.18	1759.39	2510.45
27.6	-16.18	1758.56	2519.48
27.6	-16.18	1757.74	2537.26
27.6	-16.18	1756.91	2542.62
27.6	-16.18	1756.09	2547.41
27.6	-16.18	1755.26	2555.02
27.6	-16.18	1754.44	2561.71
27.6	-16.18	1753.61	2566.23
27.6	-16.18	1752.78	2571.55
27.6	-16.18	1751.96	2580.98
27.6	-16.18	1751.13	2584.9
27.6	-16.18	1750.31	2587.14
27.6	-16.18	1749.48	2586.07
27.6	-16.18	1748.65	2590.75
27.6	-16.18	1747.83	2591.76
27.6	-16.18	1747.0	2594.07
27.6	-16.18	1746.17	2594.48
27.6	-16.18	1745.34	2604.33
27.6	-16.18	1744.52	2603.5
27.6	-16.18	1743.69	2610.79
27.6	-16.18	1742.86	2610.96
27.6	-16.18	1742.03	2613.74
27.6	-16.18	1741.21	2622.25
27.6	-16.18	1740.38	2623.63
27.6	-16.18	1739.55	2632.09
27.6	-16.18	1738.72	2642.24
27.6	-16.18	1737.89	2656.7
27.6	-16.18	1737.07	2666.42
27.6	-16.18	1736.24	2678.78
27.6	-16.18	1735.41	2692.0
27.6	-16.18	1734.58	2702.38
27.6	-16.18	1733.75	2727.95
27.6	-16.18	1732.92	2748.97
27.6	-16.18	1732.09	2761.88
27.6	-16.18	1731.26	2776.79
27.6	-16.18	1730.43	2789.61
27.6	-16.18	1729.6	2805.56
27.6	-16.18	1728.77	2819.77
27.6	-16.18	1727.94	2829.34
27.6	-16.18	1727.11	2840.89
27.6	-16.18	1726.28	2847.65
27.6	-16.18	1725.45	2849.27
27.6	-16.18	1724.62	2851.03
27.6	-16.18	1723.79	2855.15
27.6	-16.18	1722.96	2857.79
27.6	-16.18	1722.13	2862.52
27.6	-16.18	1721.3	2863.46
27.6	-16.18	1720.46	2869.01
27.6	-16.18	1719.63	2860.37
27.6	-16.18	1718.8	2856.64
27.6	-16.18	1717.97	2853.82
27.6	-16.18	1717.14	2852.66
27.6	-16.18	1716.3	2852.93
27.6	-16.18	1715.47	2846.21
27.6	-16.18	1714.64	2842.42
27.6	-16.18	1713.81	2840.55
27.6	-16.18	1712.97	2844.58
27.6	-16.18	1712.14	2837.53
27.6	-16.18	1711.31	2841.87
27.6	-16.18	1710.48	2839.78
27.6	-16.18	1709.64	2838.67
27.6	-16.18	1708.81	2844.38
27.6	-16.18	1707.98	2844.23
27.6	-16.18	1707.14	2846.23
27.6	-16.18	1706.31	2844.94
27.6	-16.18	1705.47	2843.12
27.6	-16.18	1704.64	2842.72
27.6	-16.18	1703.81	2844.34
27.6	-16.18	1702.97	2841.86
27.6	-16.18	1702.14	2845.93
27.6	-16.18	1701.3	2846.34
27.6	-16.18	1700.47	2842.57
27.6	-16.18	1699.63	2847.46
27.6	-16.18	1698.8	2846.39
27.6	-16.18	1697.96	2847.02
27.6	-16.18	1697.13	2851.89
27.6	-16.18	1696.29	2857.36
27.6	-16.18	1695.46	2862.26
27.6	-16.18	1694.62	2866.54
27.6	-16.18	1693.78	2878.9
27.6	-16.18	1692.95	2888.31
27.6	-16.18	1692.11	2894.76
27.6	-16.18	1691.28	2901.17
27.6	-16.18	1690.44	2912.34
27.6	-16.18	1689.6	2920.62
27.6	-16.18	1688.77	2934.11
27.6	-16.18	1687.93	2951.19
27.6	-16.18	1687.09	2958.71
27.6	-16.18	1686.25	2972.1
27.6	-16.18	1685.42	2980.7
27.6	-16.18	1684.58	2990.64
27.6	-16.18	1683.74	3006.53
27.6	-16.18	1682.9	3010.76
27.6	-16.18	1682.07	3024.39
27.6	-16.18	1681.23	3038.27
27.6	-16.18	1680.39	3048.56
27.6	-16.18	1679.55	3063.7
27.6	-16.18	1678.71	3082.56
27.6	-16.18	1677.87	3095.12
27.6	-16.18	1677.04	3106.9
27.6	-16.18	1676.2	3122.35
27.6	-16.18	1675.36	3130.44
27.6	-16.18	1674.52	3138.94
27.6	-16.18	1673.68	3140.87
27.6	-16.18	1672.84	3161.46
27.6	-16.18	1672.0	3183.12
27.6	-16.18	1671.16	3200.61
27.6	-16.18	1670.32	3218.0
27.6	-16.18	1669.48	3234.66
27.6	-16.18	1668.64	3247.6
27.6	-16.18	1667.8	3259.38
27.6	-16.18	1666.96	3270.75
27.6	-16.18	1666.12	3291.48
27.6	-16.18	1665.28	3306.65
27.6	-16.18	1664.44	3319.4
27.6	-16.18	1663.6	3329.32
27.6	-16.18	1662.75	3342.57
27.6	-16.18	1661.91	3354.35
27.6	-16.18	1661.07	3372.29
27.6	-16.18	1660.23	3385.9
27.6	-16.18	1659.39	3398.97
27.6	-16.18	1658.55	3408.38
27.6	-16.18	1657.7	3421.12
27.6	-16.18	1656.86	3439.3
27.6	-16.18	1656.02	3462.96
27.6	-16.18	1655.18	3480.8
27.6	-16.18	1654.33	3498.78
27.6	-16.18	1653.49	3519.61
27.6	-16.18	1652.65	3531.91
27.6	-16.18	1651.81	3553.74
27.6	-16.18	1650.96	3579.0
27.6	-16.18	1650.12	3596.38
27.6	-16.18	1649.28	3623.15
27.6	-16.18	1648.43	3658.07
27.6	-16.18	1647.59	3702.26
27.6	-16.18	1646.74	3730.88
27.6	-16.18	1645.9	3762.81
27.6	-16.18	1645.06	3788.26
27.6	-16.18	1644.21	3813.12
27.6	-16.18	1643.37	3845.52
27.6	-16.18	1642.52	3876.92
27.6	-16.18	1641.68	3908.8
27.6	-16.18	1640.83	3940.76
27.6	-16.18	1639.99	3959.17
27.6	-16.18	1639.14	3989.34
27.6	-16.18	1638.3	4013.05
27.6	-16.18	1637.45	4049.24
27.6	-16.18	1636.61	4082.1
27.6	-16.18	1635.76	4109.59
27.6	-16.18	1634.91	4129.47
27.6	-16.18	1634.07	4157.66
27.6	-16.18	1633.22	4184.84
27.6	-16.18	1632.38	4218.7
27.6	-16.18	1631.53	4246.81
27.6	-16.18	1630.68	4279.41
27.6	-16.18	1629.84	4307.92
27.6	-16.18	1628.99	4339.55
27.6	-16.18	1628.14	4382.46
27.6	-16.18	1627.29	4413.53
27.6	-16.18	1626.45	4450.83
27.6	-16.18	1625.6	4490.23
27.6	-16.18	1624.75	4530.31
27.6	-16.18	1623.9	4574.08
27.6	-16.18	1623.06	4618.06
27.6	-16.18	1622.21	4652.12
27.6	-16.18	1621.36	4684.13
27.6	-16.18	1620.51	4710.84
27.6	-16.18	1619.66	4745.14
27.6	-16.18	1618.81	4782.75
27.6	-16.18	1617.96	4819.6
27.6	-16.18	1617.12	4860.12
27.6	-16.18	1616.27	4893.02
27.6	-16.18	1615.42	4924.43
27.6	-16.18	1614.57	4961.8
27.6	-16.18	1613.72	5010.32
27.6	-16.18	1612.87	5049.79
27.6	-16.18	1612.02	5090.93
27.6	-16.18	1611.17	5131.26
27.6	-16.18	1610.32	5178.59
27.6	-16.18	1609.47	5221.74
27.6	-16.18	1608.62	5269.44
27.6	-16.18	1607.77	5312.36
27.6	-16.18	1606.92	5351.64
27.6	-16.18	1606.06	5393.31
27.6	-16.18	1605.21	5436.48
27.6	-16.18	1604.36	5485.5
27.6	-16.18	1603.51	5529.04
27.6	-16.18	1602.66	5575.26
27.6	-16.18	1601.81	5606.36
27.6	-16.18	1600.96	5643.51
27.6	-16.18	1600.1	5681.94
27.6	-16.18	1599.25	5718.57
27.6	-16.18	1598.4	5740.36
27.6	-16.18	1597.55	5762.84
27.6	-16.18	1596.69	5781.82
27.6	-16.18	1595.84	5809.56
27.6	-16.18	1594.99	5822.46
27.6	-16.18	1594.14	5834.15
27.6	-16.18	1593.28	5835.23
27.6	-16.18	1592.43	5846.33
27.6	-16.18	1591.58	5856.68
27.6	-16.18	1590.72	5850.2
27.6	-16.18	1589.87	5854.94
27.6	-16.18	1589.02	5865.95
27.6	-16.18	1588.16	5870.47
27.6	-16.18	1587.31	5872.1
27.6	-16.18	1586.45	5867.99
27.6	-16.18	1585.6	5864.34
27.6	-16.18	1584.74	5867.5
27.6	-16.18	1583.89	5855.69
27.6	-16.18	1583.03	5846.4
27.6	-16.18	1582.18	5843.85
27.6	-16.18	1581.32	5851.48
27.6	-16.18	1580.47	5853.95
27.6	-16.18	1579.61	5860.59
27.6	-16.18	1578.76	5870.87
27.6	-16.18	1577.9	5875.7
27.6	-16.18	1577.05	5890.62
27.6	-16.18	1576.19	5895.89
27.6	-16.18	1575.33	5914.82
27.6	-16.18	1574.48	5928.8
27.6	-16.18	1573.62	5954.72
27.6	-16.18	1572.76	5974.9
27.6	-16.18	1571.91	6008.36
27.6	-16.18	1571.05	6039.14
27.6	-16.18	1570.19	6061.27
27.6	-16.18	1569.34	6085.42
27.6	-16.18	1568.48	6107.68
27.6	-16.18	1567.62	6144.07
27.6	-16.18	1566.76	6182.77
27.6	-16.18	1565.91	6216.59
27.6	-16.18	1565.05	6246.33
27.6	-16.18	1564.19	6276.78
27.6	-16.18	1563.33	6308.84
27.6	-16.18	1562.47	6335.67
27.6	-16.18	1561.62	6360.61
27.6	-16.18	1560.76	6386.95
27.6	-16.18	1559.9	6420.31
27.6	-16.18	1559.04	6443.81
27.6	-16.18	1558.18	6469.75
27.6	-16.18	1557.32	6504.54
27.6	-16.18	1556.46	6531.71
27.6	-16.18	1555.6	6565.04
27.6	-16.18	1554.74	6580.13
27.6	-16.18	1553.88	6605.19
27.6	-16.18	1553.02	6620.89
27.6	-16.18	1552.16	6626.13
27.6	-16.18	1551.3	6637.44
27.6	-16.18	1550.44	6656.75
27.6	-16.18	1549.58	6671.68
27.6	-16.18	1548.72	6669.35
27.6	-16.18	1547.86	6678.58
27.6	-16.18	1547.0	6675.51
27.6	-16.18	1546.14	6670.31
27.6	-16.18	1545.28	6660.21
27.6	-16.18	1544.41	6643.99
27.6	-16.18	1543.55	6635.04
27.6	-16.18	1542.69	6624.1
27.6	-16.18	1541.83	6617.87
27.6	-16.18	1540.97	6612.2
27.6	-16.18	1540.1	6607.11
27.6	-16.18	1539.24	6601.3
27.6	-16.18	1538.38	6590.27
27.6	-16.18	1537.52	6585.08
27.6	-16.18	1536.65	6585.41
27.6	-16.18	1535.79	6572.2
27.6	-16.18	1534.93	6569.14
27.6	-16.18	1534.06	6569.59
27.6	-16.18	1533.2	6556.32
27.6	-16.18	1532.34	6566.11
27.6	-16.18	1531.47	6575.51
27.6	-16.18	1530.61	6572.13
27.6	-16.18	1529.75	6572.03
27.6	-16.18	1528.88	6572.79
27.6	-16.18	1528.02	6580.53
27.6	-16.18	1527.15	6584.65
27.6	-16.18	1526.29	6587.9
27.6	-16.18	1525.42	6607.59
27.6	-16.18	1524.56	6625.22
27.6	-16.18	1523.69	6628.99
27.6	-16.18	1522.83	6635.85
27.6	-16.18	1521.96	6642.82
27.6	-16.18	1521.1	6657.07
27.6	-16.18	1520.23	6672.38
27.6	-16.18	1519.37	6689.53
27.6	-16.18	1518.5	6698.91
27.6	-16.18	1517.63	6718.75
27.6	-16.18	1516.77	6754.15
27.6	-16.18	1515.9	6788.89
27.6	-16.18	1515.03	6821.4
27.6	-16.18	1514.17	6849.98
27.6	-16.18	1513.3	6877.84
27.6	-16.18	1512.43	6887.46
27.6	-16.18	1511.57	6905.19
27.6	-16.18	1510.7	6925.35
27.6	-16.18	1509.83	6918.24
27.6	-16.18	1508.96	6936.36
27.6	-16.18	1508.1	6944.76
27.6	-16.18	1507.23	6937.77
27.6	-16.18	1506.36	6940.01
27.6	-16.18	1505.49	6931.79
27.6	-16.18	1504.62	6911.72
27.6	-16.18	1503.76	6898.13
27.6	-16.18	1502.89	6878.31
27.6	-16.18	1502.02	6855.64
27.6	-16.18	1501.15	6824.9
27.6	-16.18	1500.28	6796.92
27.6	-16.18	1499.41	6771.29
27.6	-16.18	1498.54	6744.41
27.6	-16.18	1497.67	6707.35
27.6	-16.18	1496.8	6665.21
27.6	-16.18	1495.93	6620.89
27.6	-16.18	1495.06	6590.76
27.6	-16.18	1494.19	6551.45
27.6	-16.18	1493.32	6519.34
27.6	-16.18	1492.45	6485.05
27.6	-16.18	1491.58	6468.72
27.6	-16.18	1490.71	6460.66
27.6	-16.18	1489.84	6452.07
27.6	-16.18	1488.97	6425.14
27.6	-16.18	1488.1	6410.88
27.6	-16.18	1487.23	6399.19
27.6	-16.18	1486.35	6390.44
27.6	-16.18	1485.48	6396.04
27.6	-16.18	1484.61	6391.24
27.6	-16.18	1483.74	6389.21
27.6	-16.18	1482.87	6401.4
27.6	-16.18	1481.99	6406.39
27.6	-16.18	1481.12	6410.43
27.6	-16.18	1480.25	6426.27
27.6	-16.18	1479.38	6441.09
27.6	-16.18	1478.5	6459.81
27.6	-16.18	1477.63	6480.48
27.6	-16.18	1476.76	6491.13
27.6	-16.18	1475.88	6525.71
27.6	-16.18	1475.01	6538.57
27.6	-16.18	1474.14	6565.42
27.6	-16.18	1473.26	6583.49
27.6	-16.18	1472.39	6608.08
27.6	-16.18	1471.51	6621.97
27.6	-16.18	1470.64	6629.87
27.6	-16.18	1469.77	6644.04
27.6	-16.18	1468.89	6665.63
27.6	-16.18	1468.02	6686.94
27.6	-16.18	1467.14	6693.83
27.6	-16.18	1466.27	6699.57
27.6	-16.18	1465.39	6711.44
27.6	-16.18	1464.52	6715.51
27.6	-16.18	1463.64	6714.95
27.6	-16.18	1462.77	6690.73
27.6	-16.18	1461.89	6685.98
27.6	-16.18	1461.01	6670.05
27.6	-16.18	1460.14	6648.09
27.6	-16.18	1459.26	6613.82
27.6	-16.18	1458.39	6577.1
27.6	-16.18	1457.51	6544.52
27.6	-16.18	1456.63	6499.88
27.6	-16.18	1455.76	6456.03
27.6	-16.18	1454.88	6414.64
27.6	-16.18	1454.0	6380.26
27.6	-16.18	1453.12	6341.86
27.6	-16.18	1452.25	6300.93
27.6	-16.18	1451.37	6272.22
27.6	-16.18	1450.49	6238.12
27.6	-16.18	1449.61	6224.05
27.6	-16.18	1448.74	6196.59
27.6	-16.18	1447.86	6197.47
27.6	-16.18	1446.98	6195.39
27.6	-16.18	1446.1	6203.31
27.6	-16.18	1445.22	6203.79
27.6	-16.18	1444.34	6209.35
27.6	-16.18	1443.46	6230.66
27.6	-16.18	1442.58	6253.2
27.6	-16.18	1441.71	6276.97
27.6	-16.18	1440.83	6289.81
27.6	-16.18	1439.95	6320.88
27.6	-16.18	1439.07	6353.3
27.6	-16.18	1438.19	6376.9
27.6	-16.18	1437.31	6402.73
27.6	-16.18	1436.43	6421.42
27.6	-16.18	1435.55	6436.69
27.6	-16.18	1434.67	6451.29
27.6	-16.18	1433.79	6464.64
27.6	-16.18	1432.9	6480.33
27.6	-16.18	1432.02	6498.4
27.6	-16.18	1431.14	6516.14
27.6	-16.18	1430.26	6538.07
27.6	-16.18	1429.38	6562.9
27.6	-16.18	1428.5	6585.81
27.6	-16.18	1427.62	6599.15
27.6	-16.18	1426.74	6613.05
27.6	-16.18	1425.85	6622.91
27.6	-16.18	1424.97	6641.09
27.6	-16.18	1424.09	6648.44
27.6	-16.18	1423.21	6667.93
27.6	-16.18	1422.32	6673.02
27.6	-16.18	1421.44	6671.36
27.6	-16.18	1420.56	6666.45
27.6	-16.18	1419.67	6656.04
27.6	-16.18	1418.79	6643.82
27.6	-16.18	1417.91	6627.78
27.6	-16.18	1417.02	6600.91
27.6	-16.18	1416.14	6573.99
27.6	-16.18	1415.26	6543.28
27.6	-16.18	1414.37	6505.65
27.6	-16.18	1413.49	6473.15
27.6	-16.18	1412.6	6441.04
27.6	-16.18	1411.72	6406.77
27.6	-16.18	1410.84	6361.76
27.6	-16.18	1409.95	6322.5
27.6	-16.18	1409.07	6284.83
27.6	-16.18	1408.18	6255.71
27.6	-16.18	1407.3	6222.21
27.6	-16.18	1406.41	6198.45
27.6	-16.18	1405.52	6180.71
27.6	-16.18	1404.64	6166.99
27.6	-16.18	1403.75	6144.07
27.6	-16.18	1402.87	6119.13
27.6	-16.18	1401.98	6090.63
27.6	-16.18	1401.09	6076.88
27.6	-16.18	1400.21	6056.18
27.6	-16.18	1399.32	6038.61
27.6	-16.18	1398.43	6028.98
27.6	-16.18	1397.55	6021.72
27.6	-16.18	1396.66	6010.2
27.6	-16.18	1395.77	5994.65
27.6	-16.18	1394.89	5988.5
27.6	-16.18	1394.0	6005.09
27.6	-16.18	1393.11	5999.28
27.6	-16.18	1392.22	6003.18
27.6	-16.18	1391.34	6004.4
27.6	-16.18	1390.45	6021.66
27.6	-16.18	1389.56	6033.38
27.6	-16.18	1388.67	6046.68
27.6	-16.18	1387.78	6066.2
27.6	-16.18	1386.89	6090.96
27.6	-16.18	1386.0	6115.15
27.6	-16.18	1385.11	6132.67
27.6	-16.18	1384.23	6148.55
27.6	-16.18	1383.34	6177.25
27.6	-16.18	1382.45	6201.19
27.6	-16.18	1381.56	6215.26
27.6	-16.18	1380.67	6241.87
27.6	-16.18	1379.78	6266.71
27.6	-16.18	1378.89	6290.1
27.6	-16.18	1378.0	6310.76
27.6	-16.18	1377.11	6321.6
27.6	-16.18	1376.22	6341.78
27.6	-16.18	1375.32	6353.1
27.6	-16.18	1374.43	6373.64
27.6	-16.18	1373.54	6382.27
27.6	-16.18	1372.65	6406.99
27.6	-16.18	1371.76	6426.25
27.6	-16.18	1370.87	6444.4
27.6	-16.18	1369.98	6452.02
27.6	-16.18	1369.08	6470.76
27.6	-16.18	1368.19	6495.52
27.6	-16.18	1367.3	6515.84
27.6	-16.18	1366.41	6519.38
27.6	-16.18	1365.52	6529.81
27.6	-16.18	1364.62	6538.41
27.6	-16.18	1363.73	6551.77
27.6	-16.18	1362.84	6550.19
27.6	-16.18	1361.94	6555.11
27.6	-16.18	1361.05	6561.32
27.6	-16.18	1360.16	6566.18
27.6	-16.18	1359.26	6563.68
27.6	-16.18	1358.37	6552.4
27.6	-16.18	1357.48	6547.91
27.6	-16.18	1356.58	6543.48
27.6	-16.18	1355.69	6530.9
27.6	-16.18	1354.79	6514.38
27.6	-16.18	1353.9	6508.0
27.6	-16.18	1353.0	6503.47
27.6	-16.18	1352.11	6497.48
27.6	-16.18	1351.21	6488.17
27.6	-16.18	1350.32	6466.27
27.6	-16.18	1349.42	6460.63
27.6	-16.18	1348.53	6449.88
27.6	-16.18	1347.63	6444.49
27.6	-16.18	1346.74	6433.7
27.6	-16.18	1345.84	6430.03
27.6	-16.18	1344.94	6426.93
27.6	-16.18	1344.05	6428.51
27.6	-16.18	1343.15	6435.53
27.6	-16.18	1342.26	6440.88
27.6	-16.18	1341.36	6440.73
27.6	-16.18	1340.46	6442.79
27.6	-16.18	1339.56	6444.5
27.6	-16.18	1338.67	6438.81
27.6	-16.18	1337.77	6444.24
27.6	-16.18	1336.87	6450.38
27.6	-16.18	1335.97	6451.2
27.6	-16.18	1335.08	6452.52
27.6	-16.18	1334.18	6455.61
27.6	-16.18	1333.28	6449.91
27.6	-16.18	1332.38	6439.38
27.6	-16.18	1331.48	6435.19
27.6	-16.18	1330.59	6430.91
27.6	-16.18	1329.69	6424.15
27.6	-16.18	1328.79	6412.93
27.6	-16.18	1327.89	6414.05
27.6	-16.18	1326.99	6416.05
27.6	-16.18	1326.09	6419.98
27.6	-16.18	1325.19	6410.72
27.6	-16.18	1324.29	6407.18
27.6	-16.18	1323.39	6405.98
27.6	-16.18	1322.49	6411.01
27.6	-16.18	1321.59	6404.37
27.6	-16.18	1320.69	6403.43
27.6	-16.18	1319.79	6403.94
27.6	-16.18	1318.89	6421.25
27.6	-16.18	1317.99	6422.71
27.6	-16.18	1317.09	6435.79
27.6	-16.18	1316.19	6443.35
27.6	-16.18	1315.29	6435.25
27.6	-16.18	1314.38	6436.76
27.6	-16.18	1313.48	6438.34
27.6	-16.18	1312.58	6442.8
27.6	-16.18	1311.68	6432.37
27.6	-16.18	1310.78	6430.73
27.6	-16.18	1309.87	6432.98
27.6	-16.18	1308.97	6430.74
27.6	-16.18	1308.07	6417.12
27.6	-16.18	1307.17	6402.92
27.6	-16.18	1306.26	6387.58
27.6	-16.18	1305.36	6379.7
27.6	-16.18	1304.46	6375.47
27.6	-16.18	1303.55	6362.82
27.6	-16.18	1302.65	6355.13
27.6	-16.18	1301.75	6349.29
27.6	-16.18	1300.84	6337.84
27.6	-16.18	1299.94	6326.95
27.6	-16.18	1299.03	6315.08
27.6	-16.18	1298.13	6295.66
27.6	-16.18	1297.23	6287.78
27.6	-16.18	1296.32	6275.79
27.6	-16.18	1295.42	6263.01
27.6	-16.18	1294.51	6242.17
27.6	-16.18	1293.61	6234.96
27.6	-16.18	1292.7	6219.68
27.6	-16.18	1291.8	6210.35
27.6	-16.18	1290.89	6190.23
27.6	-16.18	1289.98	6189.45
27.6	-16.18	1289.08	6172.54
27.6	-16.18	1288.17	6161.68
27.6	-16.18	1287.27	6149.51
27.6	-16.18	1286.36	6143.42
27.6	-16.18	1285.45	6143.44
27.6	-16.18	1284.55	6130.38
27.6	-16.18	1283.64	6128.16
27.6	-16.18	1282.73	6127.1
27.6	-16.18	1281.83	6127.82
27.6	-16.18	1280.92	6121.65
27.6	-16.18	1280.01	6123.97
27.6	-16.18	1279.1	6132.5
27.6	-16.18	1278.2	6145.77
27.6	-16.18	1277.29	6150.91
27.6	-16.18	1276.38	6151.23
27.6	-16.18	1275.47	6157.28
27.6	-16.18	1274.56	6171.2
27.6	-16.18	1273.65	6169.64
27.6	-16.18	1272.75	6175.83
27.6	-16.18	1271.84	6193.47
27.6	-16.18	1270.93	6211.74
27.6	-16.18	1270.02	6238.67
27.6	-16.18	1269.11	6258.45
27.6	-16.18	1268.2	6282.24
27.6	-16.18	1267.29	6298.04
27.6	-16.18	1266.38	6330.61
27.6	-16.18	1265.47	6341.17
27.6	-16.18	1264.56	6364.03
27.6	-16.18	1263.65	6385.25
27.6	-16.18	1262.74	6408.11
27.6	-16.18	1261.83	6418.01
27.6	-16.18	1260.92	6431.9
27.6	-16.18	1260.01	6441.82
27.6	-16.18	1259.1	6464.75
27.6	-16.18	1258.18	6473.42
27.6	-16.18	1257.27	6482.54
27.6	-16.18	1256.36	6496.49
27.6	-16.18	1255.45	6509.39
27.6	-16.18	1254.54	6521.97
27.6	-16.18	1253.62	6521.0
27.6	-16.18	1252.71	6529.99
27.6	-16.18	1251.8	6528.87
27.6	-16.18	1250.89	6533.05
27.6	-16.18	1249.97	6520.85
27.6	-16.18	1249.06	6515.57
27.6	-16.18	1248.15	6518.65
27.6	-16.18	1247.24	6514.05
27.6	-16.18	1246.32	6499.97
27.6	-16.18	1245.41	6498.16
27.6	-16.18	1244.49	6504.47
27.6	-16.18	1243.58	6499.34
27.6	-16.18	1242.67	6490.75
27.6	-16.18	1241.75	6484.55
27.6	-16.18	1240.84	6479.57
27.6	-16.18	1239.92	6458.2
27.6	-16.18	1239.01	6434.13
27.6	-16.18	1238.09	6397.74
27.6	-16.18	1237.18	6366.33
27.6	-16.18	1236.26	6332.15
27.6	-16.18	1235.35	6296.1
27.6	-16.18	1234.43	6248.02
27.6	-16.18	1233.52	6207.7
27.6	-16.18	1232.6	6163.52
27.6	-16.18	1231.69	6117.98
27.6	-16.18	1230.77	6072.53
27.6	-16.18	1229.85	6040.94
27.6	-16.18	1228.94	6002.77
27.6	-16.18	1228.02	5959.18
27.6	-16.18	1227.1	5927.05
27.6	-16.18	1226.19	5889.08
27.6	-16.18	1225.27	5864.83
27.6	-16.18	1224.35	5830.74
27.6	-16.18	1223.43	5806.08
27.6	-16.18	1222.52	5775.21
27.6	-16.18	1221.6	5750.95
27.6	-16.18	1220.68	5734.61
27.6	-16.18	1219.76	5716.46
27.6	-16.18	1218.84	5703.96
27.6	-16.18	1217.93	5697.57
27.6	-16.18	1217.01	5689.15
27.6	-16.18	1216.09	5686.21
27.6	-16.18	1215.17	5683.45
27.6	-16.18	1214.25	5674.66
27.6	-16.18	1213.33	5660.73
27.6	-16.18	1212.41	5641.42
27.6	-16.18	1211.49	5638.32
27.6	-16.18	1210.57	5623.68
27.6	-16.18	1209.65	5611.31
27.6	-16.18	1208.73	5603.53
27.6	-16.18	1207.81	5585.09
27.6	-16.18	1206.89	5565.02
27.6	-16.18	1205.97	5545.56
27.6	-16.18	1205.05	5528.67
27.6	-16.18	1204.13	5528.24
27.6	-16.18	1203.21	5521.59
27.6	-16.18	1202.29	5515.23
27.6	-16.18	1201.37	5513.76
27.6	-16.18	1200.45	5519.3
27.6	-16.18	1199.52	5532.19
27.6	-16.18	1198.6	5534.29
27.6	-16.18	1197.68	5547.3
27.6	-16.18	1196.76	5554.52
27.6	-16.18	1195.84	5568.87
27.6	-16.18	1194.91	5589.07
27.6	-16.18	1193.99	5610.02
27.6	-16.18	1193.07	5651.51
27.6	-16.18	1192.14	5679.68
27.6	-16.18	1191.22	5702.61
27.6	-16.18	1190.3	5736.97
27.6	-16.18	1189.37	5758.63
27.6	-16.18	1188.45	5784.87
27.6	-16.18	1187.53	5797.08
27.6	-16.18	1186.6	5810.18
27.6	-16.18	1185.68	5837.15
27.6	-16.18	1184.76	5855.15
27.6	-16.18	1183.83	5863.53
27.6	-16.18	1182.91	5857.9
27.6	-16.18	1181.98	5869.83
27.6	-16.18	1181.06	5863.5
27.6	-16.18	1180.13	5852.18
27.6	-16.18	1179.21	5840.22
27.6	-16.18	1178.28	5826.43
27.6	-16.18	1177.36	5826.05
27.6	-16.18	1176.43	5823.06
27.6	-16.18	1175.5	5803.69
27.6	-16.18	1174.58	5799.59
27.6	-16.18	1173.65	5794.02
27.6	-16.18	1172.72	5783.02
27.6	-16.18	1171.8	5778.38
27.6	-16.18	1170.87	5771.07
27.6	-16.18	1169.94	5763.45
27.6	-16.18	1169.02	5765.01
27.6	-16.18	1168.09	5770.25
27.6	-16.18	1167.16	5771.17
27.6	-16.18	1166.24	5771.68
27.6	-16.18	1165.31	5775.2
27.6	-16.18	1164.38	5762.07
27.6	-16.18	1163.45	5758.41
27.6	-16.18	1162.52	5755.67
27.6	-16.18	1161.6	5743.07
27.6	-16.18	1160.67	5736.66
27.6	-16.18	1159.74	5727.38
27.6	-16.18	1158.81	5714.69
27.6	-16.18	1157.88	5696.53
27.6	-16.18	1156.95	5686.04
27.6	-16.18	1156.02	5665.8
27.6	-16.18	1155.09	5649.21
27.6	-16.18	1154.16	5633.31
27.6	-16.18	1153.23	5606.22
27.6	-16.18	1152.3	5581.74
27.6	-16.18	1151.37	5553.79
27.6	-16.18	1150.44	5530.57
27.6	-16.18	1149.51	5510.0
27.6	-16.18	1148.58	5488.29
27.6	-16.18	1147.65	5463.01
27.6	-16.18	1146.72	5444.73
27.6	-16.18	1145.79	5415.61
27.6	-16.18	1144.86	5405.97
27.6	-16.18	1143.92	5393.56
27.6	-16.18	1142.99	5373.5
27.6	-16.18	1142.06	5364.67
27.6	-16.18	1141.13	5359.18
27.6	-16.18	1140.2	5346.26
27.6	-16.18	1139.26	5335.67
27.6	-16.18	1138.33	5325.77
27.6	-16.18	1137.4	5318.7
27.6	-16.18	1136.47	5306.3
27.6	-16.18	1135.53	5300.95
27.6	-16.18	1134.6	5284.18
27.6	-16.18	1133.67	5276.34
27.6	-16.18	1132.73	5260.87
27.6	-16.18	1131.8	5239.97
27.6	-16.18	1130.87	5214.33
27.6	-16.18	1129.93	5197.59
27.6	-16.18	1129.0	5178.83
27.6	-16.18	1128.06	5142.45
27.6	-16.18	1127.13	5114.71
27.6	-16.18	1126.19	5089.26
27.6	-16.18	1125.26	5050.57
27.6	-16.18	1124.32	5008.89
27.6	-16.18	1123.39	4968.86
27.6	-16.18	1122.45	4937.01
27.6	-16.18	1121.52	4907.67
27.6	-16.18	1120.58	4873.02
27.6	-16.18	1119.65	4839.8
27.6	-16.18	1118.71	4803.58
27.6	-16.18	1117.78	4774.8
27.6	-16.18	1116.84	4755.58
27.6	-16.18	1115.9	4732.27
27.6	-16.18	1114.97	4713.71
27.6	-16.18	1114.03	4699.61
27.6	-16.18	1113.09	4682.81
27.6	-16.18	1112.15	4676.82
27.6	-16.18	1111.22	4669.58
27.6	-16.18	1110.28	4651.7
27.6	-16.18	1109.34	4635.62
27.6	-16.18	1108.4	4620.18
27.6	-16.18	1107.47	4610.57
27.6	-16.18	1106.53	4591.85
27.6	-16.18	1105.59	4579.88
27.6	-16.18	1104.65	4565.52
27.6	-16.18	1103.71	4549.82
27.6	-16.18	1102.77	4532.66
27.6	-16.18	1101.83	4515.33
27.6	-16.18	1100.9	4501.73
27.6	-16.18	1099.96	4498.18
27.6	-16.18	1099.02	4490.15
27.6	-16.18	1098.08	4479.75
27.6	-16.18	1097.14	4468.17
27.6	-16.18	1096.2	4464.29
27.6	-16.18	1095.26	4455.94
27.6	-16.18	1094.32	4446.76
27.6	-16.18	1093.38	4438.6
27.6	-16.18	1092.44	4439.34
27.6	-16.18	1091.49	4434.34
27.6	-16.18	1090.55	4425.78
27.6	-16.18	1089.61	4434.75
27.6	-16.18	1088.67	4440.09
27.6	-16.18	1087.73	4446.89
27.6	-16.18	1086.79	4453.79
27.6	-16.18	1085.85	4466.32
27.6	-16.18	1084.9	4475.24
27.6	-16.18	1083.96	4486.21
27.6	-16.18	1083.02	4490.11
27.6	-16.18	1082.08	4499.8
27.6	-16.18	1081.13	4510.2
27.6	-16.18	1080.19	4522.82
27.6	-16.18	1079.25	4531.55
27.6	-16.18	1078.31	4539.67
27.6	-16.18	1077.36	4548.25
27.6	-16.18	1076.42	4553.82
27.6	-16.18	1075.48	4562.6
27.6	-16.18	1074.53	4570.82
27.6	-16.18	1073.59	4586.44
27.6	-16.18	1072.64	4593.69
27.6	-16.18	1071.7	4603.17
27.6	-16.18	1070.75	4603.04
27.6	-16.18	1069.81	4612.51
27.6	-16.18	1068.86	4608.29
27.6	-16.18	1067.92	4611.35
27.6	-16.18	1066.97	4610.43
27.6	-16.18	1066.03	4610.23
27.6	-16.18	1065.08	4611.07
27.6	-16.18	1064.14	4610.3
27.6	-16.18	1063.19	4601.04
27.6	-16.18	1062.25	4595.53
27.6	-16.18	1061.3	4591.85
27.6	-16.18	1060.35	4590.35
27.6	-16.18	1059.41	4584.95
27.6	-16.18	1058.46	4584.86
27.6	-16.18	1057.51	4592.39
27.6	-16.18	1056.57	4596.61
27.6	-16.18	1055.62	4604.0
27.6	-16.18	1054.67	4612.0
27.6	-16.18	1053.72	4627.09
27.6	-16.18	1052.78	4634.03
27.6	-16.18	1051.83	4641.22
27.6	-16.18	1050.88	4643.67
27.6	-16.18	1049.93	4654.39
27.6	-16.18	1048.98	4653.19
27.6	-16.18	1048.03	4658.45
27.6	-16.18	1047.09	4674.88
27.6	-16.18	1046.14	4676.65
27.6	-16.18	1045.19	4677.28
27.6	-16.18	1044.24	4675.67
27.6	-16.18	1043.29	4675.85
27.6	-16.18	1042.34	4668.95
27.6	-16.18	1041.39	4670.86
27.6	-16.18	1040.44	4661.14
27.6	-16.18	1039.49	4657.78
27.6	-16.18	1038.54	4648.78
27.6	-16.18	1037.59	4633.91
27.6	-16.18	1036.64	4622.7
27.6	-16.18	1035.69	4607.81
27.6	-16.18	1034.74	4588.0
27.6	-16.18	1033.79	4572.28
27.6	-16.18	1032.83	4564.09
27.6	-16.18	1031.88	4560.1
27.6	-16.18	1030.93	4548.35
27.6	-16.18	1029.98	4540.14
27.6	-16.18	1029.03	4532.48
27.6	-16.18	1028.07	4516.73
27.6	-16.18	1027.12	4506.51
27.6	-16.18	1026.17	4502.89
27.6	-16.18	1025.22	4505.34
27.6	-16.18	1024.26	4493.29
27.6	-16.18	1023.31	4490.72
27.6	-16.18	1022.36	4489.43
27.6	-16.18	1021.4	4484.83
27.6	-16.18	1020.45	4474.24
27.6	-16.18	1019.5	4476.17
27.6	-16.18	1018.54	4478.72
27.6	-16.18	1017.59	4467.18
27.6	-16.18	1016.64	4460.26
27.6	-16.18	1015.68	4455.49
27.6	-16.18	1014.73	4444.84
27.6	-16.18	1013.77	4438.27
27.6	-16.18	1012.82	4438.59
27.6	-16.18	1011.86	4424.34
27.6	-16.18	1010.91	4407.26
27.6	-16.18	1009.95	4406.82
27.6	-16.18	1009.0	4395.39
27.6	-16.18	1008.04	4387.01
27.6	-16.18	1007.08	4379.35
27.6	-16.18	1006.13	4364.59
27.6	-16.18	1005.17	4357.46
27.6	-16.18	1004.22	4347.09
27.6	-16.18	1003.26	4330.14
27.6	-16.18	1002.3	4310.38
27.6	-16.18	1001.34	4296.87
27.6	-16.18	1000.39	4283.53
27.6	-16.18	999.431	4279.19
27.6	-16.18	998.4730000000001	4276.01
27.6	-16.18	997.515	4274.99
27.6	-16.18	996.558	4273.71
27.6	-16.18	995.6	4271.06
27.6	-16.18	994.6410000000001	4270.26
27.6	-16.18	993.683	4262.58
27.6	-16.18	992.725	4268.34
27.6	-16.18	991.7660000000001	4279.39
27.6	-16.18	990.807	4283.21
27.6	-16.18	989.8480000000001	4279.88
27.6	-16.18	988.8889999999999	4275.41
27.6	-16.18	987.93	4273.7
27.6	-16.18	986.97	4264.16
27.6	-16.18	986.01	4261.34
27.6	-16.18	985.05	4257.23
27.6	-16.18	984.09	4250.45
27.6	-16.18	983.13	4237.07
27.6	-16.18	982.17	4228.08
27.6	-16.18	981.209	4230.88
27.6	-16.18	980.248	4213.68
27.6	-16.18	979.288	4195.35
27.6	-16.18	978.326	4187.87
27.6	-16.18	977.365	4173.88
27.6	-16.18	976.404	4163.66
27.6	-16.18	975.442	4152.83
27.6	-16.18	974.48	4132.7
27.6	-16.18	973.518	4115.99
27.6	-16.18	972.556	4108.35
27.6	-16.18	971.5939999999999	4099.46
27.6	-16.18	970.632	4094.56
27.6	-16.18	969.669	4083.57
27.6	-16.18	968.706	4068.61
27.6	-16.18	967.743	4057.55
27.6	-16.18	966.78	4053.6
27.6	-16.18	965.817	4049.2
27.6	-16.18	964.8530000000001	4046.45
27.6	-16.18	963.8889999999999	4051.75
27.6	-16.18	962.926	4040.04
27.6	-16.18	961.961	4026.83
27.6	-16.18	960.997	4023.21
27.6	-16.18	960.033	4021.55
27.6	-16.18	959.068	4016.5
27.6	-16.18	958.1039999999999	4010.94
27.6	-16.18	957.1389999999999	4015.97
27.6	-16.18	956.174	4020.57
27.6	-16.18	955.2080000000001	4028.47
27.6	-16.18	954.243	4030.05
27.6	-16.18	953.2769999999999	4028.45
27.6	-16.18	952.312	4036.91
27.6	-16.18	951.346	4034.25
27.6	-16.18	950.38	4039.56
27.6	-16.18	949.413	4050.75
27.6	-16.18	948.447	4052.75
27.6	-16.18	947.48	4063.3
27.6	-16.18	946.513	4070.3
27.6	-16.18	945.546	4071.37
27.6	-16.18	944.579	4083.24
27.6	-16.18	943.612	4097.24
27.6	-16.18	942.6439999999999	4101.96
27.6	-16.18	941.677	4107.78
27.6	-16.18	940.709	4113.79
27.6	-16.18	939.7410000000001	4111.95
27.6	-16.18	938.773	4118.12
27.6	-16.18	937.804	4114.38
27.6	-16.18	936.836	4114.94
27.6	-16.18	935.867	4104.47
27.6	-16.18	934.898	4101.59
27.6	-16.18	933.929	4092.86
27.6	-16.18	932.96	4086.76
27.6	-16.18	931.99	4084.13
27.6	-16.18	931.0210000000001	4073.47
27.6	-16.18	930.051	4074.28
27.6	-16.18	929.081	4073.33
27.6	-16.18	928.1110000000001	4069.56
27.6	-16.18	927.1410000000001	4063.17
27.6	-16.18	926.17	4053.76
27.6	-16.18	925.199	4040.09
27.6	-16.18	924.2289999999999	4029.53
27.6	-16.18	923.258	4016.95
27.6	-16.18	922.2860000000001	4004.07
27.6	-16.18	921.315	3998.46
27.6	-16.18	920.3439999999999	3993.92
27.6	-16.18	919.372	3987.16
27.6	-16.18	918.4	3995.91
27.6	-16.18	917.428	3985.62
27.6	-16.18	916.456	3978.32
27.6	-16.18	915.4830000000001	3982.67
27.6	-16.18	914.5110000000001	3980.14
27.6	-16.18	913.538	3979.96
27.6	-16.18	912.565	3982.81
27.6	-16.18	911.592	3981.59
27.6	-16.18	910.6189999999999	3980.64
27.6	-16.18	909.645	3980.56
27.6	-16.18	908.671	3983.01
27.6	-16.18	907.698	3986.3
27.6	-16.18	906.7239999999999	3984.75
27.6	-16.18	905.75	3991.41
27.6	-16.18	904.775	3989.0
27.6	-16.18	903.801	3996.04
27.6	-16.18	902.826	4011.98
27.6	-16.18	901.8510000000001	4019.2
27.6	-16.18	900.8760000000001	4031.13
27.6	-16.18	899.9010000000001	4036.27
27.6	-16.18	898.925	4040.06
27.6	-16.18	897.95	4041.07
27.6	-16.18	896.9739999999999	4048.84
27.6	-16.18	895.998	4056.12
27.6	-16.18	895.0219999999999	4056.55
27.6	-16.18	894.046	4053.87
27.6	-16.18	893.069	4058.18
27.6	-16.18	892.0930000000001	4059.38
27.6	-16.18	891.1160000000001	4059.46
27.6	-16.18	890.1389999999999	4061.98
27.6	-16.18	889.1619999999999	4066.74
27.6	-16.18	888.184	4060.48
27.6	-16.18	887.207	4053.9
27.6	-16.18	886.2289999999999	4062.02
27.6	-16.18	885.2510000000001	4066.48
27.6	-16.18	884.273	4067.42
27.6	-16.18	883.295	4061.71
27.6	-16.18	882.317	4062.3
27.6	-16.18	881.3380000000001	4067.13
27.6	-16.18	880.3589999999999	4065.69
27.6	-16.18	879.38	4068.18
27.6	-16.18	878.4010000000001	4070.28
27.6	-16.18	877.422	4082.51
27.6	-16.18	876.442	4090.7
27.6	-16.18	875.4630000000001	4097.14
27.6	-16.18	874.4830000000001	4112.3
27.6	-16.18	873.503	4130.99
27.6	-16.18	872.523	4135.18
27.6	-16.18	871.5419999999999	4143.25
27.6	-16.18	870.562	4147.23
27.6	-16.18	869.581	4157.32
27.6	-16.18	868.6	4170.32
27.6	-16.18	867.6189999999999	4174.98
27.6	-16.18	866.638	4181.9
27.6	-16.18	865.6569999999999	4191.23
27.6	-16.18	864.675	4185.13
27.6	-16.18	863.693	4187.3
27.6	-16.18	862.711	4186.71
27.6	-16.18	861.7289999999999	4194.32
27.6	-16.18	860.747	4197.42
27.6	-16.18	859.7639999999999	4199.61
27.6	-16.18	858.7819999999999	4199.74
27.6	-16.18	857.799	4194.99
27.6	-16.18	856.816	4195.83
27.6	-16.18	855.8330000000001	4191.84
27.6	-16.18	854.8489999999999	4185.8
27.6	-16.18	853.8660000000001	4178.35
27.6	-16.18	852.882	4167.17
27.6	-16.18	851.898	4168.34
27.6	-16.18	850.914	4164.29
27.6	-16.18	849.93	4156.87
27.6	-16.18	848.945	4154.6
27.6	-16.18	847.961	4143.91
27.6	-16.18	846.9760000000001	4139.63
27.6	-16.18	845.9910000000001	4132.16
27.6	-16.18	845.0060000000001	4120.54
27.6	-16.18	844.02	4118.12
27.6	-16.18	843.035	4107.99
27.6	-16.18	842.049	4093.31
27.6	-16.18	841.063	4081.85
27.6	-16.18	840.077	4083.06
27.6	-16.18	839.091	4080.12
27.6	-16.18	838.1039999999999	4068.06
27.6	-16.18	837.118	4063.98
27.6	-16.18	836.1310000000001	4063.96
27.6	-16.18	835.1439999999999	4050.11
27.6	-16.18	834.1569999999999	4055.22
27.6	-16.18	833.17	4059.07
27.6	-16.18	832.182	4071.2
27.6	-16.18	831.195	4074.66
27.6	-16.18	830.207	4078.02
27.6	-16.18	829.2189999999999	4076.79
27.6	-16.18	828.23	4073.63
27.6	-16.18	827.242	4068.52
27.6	-16.18	826.253	4069.92
27.6	-16.18	825.265	4069.16
27.6	-16.18	824.2760000000001	4056.76
27.6	-16.18	823.2869999999999	4046.91
27.6	-16.18	822.297	4048.62
27.6	-16.18	821.308	4033.25
27.6	-16.18	820.318	4018.68
27.6	-16.18	819.328	4009.96
27.6	-16.18	818.3380000000001	3995.38
27.6	-16.18	817.3480000000001	3995.36
27.6	-16.18	816.3580000000001	3977.33
27.6	-16.18	815.367	3965.22
27.6	-16.18	814.377	3962.06
27.6	-16.18	813.3860000000001	3954.81
27.6	-16.18	812.395	3949.16
27.6	-16.18	811.403	3952.53
27.6	-16.18	810.4119999999999	3949.8
27.6	-16.18	809.42	3955.15
27.6	-16.18	808.428	3954.62
27.6	-16.18	807.436	3958.89
27.6	-16.18	806.444	3971.29
27.6	-16.18	805.452	3972.79
27.6	-16.18	804.459	3973.51
27.6	-16.18	803.467	3981.6
27.6	-16.18	802.4739999999999	3986.49
27.6	-16.18	801.4810000000001	3983.69
27.6	-16.18	800.487	3973.44
27.6	-16.18	799.4939999999999	3973.57
27.6	-16.18	798.5	3969.46
27.6	-16.18	797.507	3960.16
27.6	-16.18	796.513	3950.99
27.6	-16.18	795.518	3942.94
27.6	-16.18	794.5239999999999	3932.64
27.6	-16.18	793.529	3921.51
27.6	-16.18	792.535	3916.72
27.6	-16.18	791.54	3912.15
27.6	-16.18	790.545	3904.53
27.6	-16.18	789.55	3904.13
27.6	-16.18	788.554	3900.59
27.6	-16.18	787.559	3897.49
27.6	-16.18	786.563	3885.1
27.6	-16.18	785.567	3886.63
27.6	-16.18	784.571	3887.67
27.6	-16.18	783.574	3889.26
27.6	-16.18	782.578	3891.97
27.6	-16.18	781.581	3894.9
27.6	-16.18	780.584	3900.09
27.6	-16.18	779.587	3915.98
27.6	-16.18	778.59	3923.97
27.6	-16.18	777.592	3937.83
27.6	-16.18	776.595	3958.22
27.6	-16.18	775.597	3969.58
27.6	-16.18	774.5989999999999	3980.56
27.6	-16.18	773.6010000000001	3999.65
27.6	-16.18	772.602	4009.3
27.6	-16.18	771.6039999999999	4012.1
27.6	-16.18	770.605	4012.76
27.6	-16.18	769.6060000000001	4035.34
27.6	-16.18	768.607	4042.14
27.6	-16.18	767.6080000000001	4046.82
27.6	-16.18	766.6089999999999	4054.35
27.6	-16.18	765.6089999999999	4066.69
27.6	-16.18	764.6089999999999	4075.83
27.6	-16.18	763.6089999999999	4087.08
27.6	-16.18	762.6089999999999	4097.12
27.6	-16.18	761.6089999999999	4104.79
27.6	-16.18	760.6080000000001	4101.83
27.6	-16.18	759.607	4101.79
27.6	-16.18	758.607	4095.89
27.6	-16.18	757.605	4098.88
27.6	-16.18	756.6039999999999	4100.66
27.6	-16.18	755.6030000000001	4107.52
27.6	-16.18	754.6010000000001	4108.96
27.6	-16.18	753.5989999999999	4115.77
27.6	-16.18	752.597	4120.81
27.6	-16.18	751.595	4132.13
27.6	-16.18	750.5930000000001	4140.44
27.6	-16.18	749.59	4149.31
27.6	-16.18	748.587	4155.77
27.6	-16.18	747.585	4171.96
27.6	-16.18	746.581	4186.26
27.6	-16.18	745.578	4187.05
27.6	-16.18	744.575	4194.45
27.6	-16.18	743.571	4205.92
27.6	-16.18	742.567	4211.02
27.6	-16.18	741.563	4208.12
27.6	-16.18	740.559	4216.6
27.6	-16.18	739.555	4229.26
27.6	-16.18	738.55	4237.78
27.6	-16.18	737.545	4241.44
27.6	-16.18	736.54	4250.95
27.6	-16.18	735.535	4264.08
27.6	-16.18	734.53	4265.66
27.6	-16.18	733.525	4267.98
27.6	-16.18	732.5189999999999	4269.52
27.6	-16.18	731.513	4280.83
27.6	-16.18	730.507	4277.45
27.6	-16.18	729.5010000000001	4282.48
27.6	-16.18	728.4939999999999	4294.73
27.6	-16.18	727.488	4303.59
27.6	-16.18	726.4810000000001	4307.43
27.6	-16.18	725.4739999999999	4306.64
27.6	-16.18	724.467	4309.73
27.6	-16.18	723.46	4313.27
27.6	-16.18	722.452	4310.12
27.6	-16.18	721.444	4311.43
27.6	-16.18	720.436	4307.34
27.6	-16.18	719.428	4303.21
27.6	-16.18	718.42	4295.42
27.6	-16.18	717.4119999999999	4293.68
27.6	-16.18	716.403	4278.44
27.6	-16.18	715.3939999999999	4260.69
27.6	-16.18	714.385	4251.45
27.6	-16.18	713.3760000000001	4242.51
27.6	-16.18	712.367	4220.71
27.6	-16.18	711.357	4204.49
27.6	-16.18	710.347	4205.41
27.6	-16.18	709.3380000000001	4197.11
27.6	-16.18	708.327	4193.78
27.6	-16.18	707.317	4181.37
27.6	-16.18	706.307	4186.62
27.6	-16.18	705.296	4183.0
27.6	-16.18	704.285	4173.99
27.6	-16.18	703.2739999999999	4179.74
27.6	-16.18	702.263	4190.39
27.6	-16.18	701.252	4195.22
27.6	-16.18	700.24	4191.41
27.6	-16.18	699.2280000000001	4207.73
27.6	-16.18	698.216	4216.75
27.6	-16.18	697.204	4218.23
27.6	-16.18	696.192	4220.36
27.6	-16.18	695.179	4222.26
27.6	-16.18	694.1669999999999	4225.19
27.6	-16.18	693.154	4225.35
27.6	-16.18	692.1410000000001	4223.09
27.6	-16.18	691.127	4225.94
27.6	-16.18	690.1139999999999	4217.31
27.6	-16.18	689.1	4206.56
27.6	-16.18	688.086	4203.55
27.6	-16.18	687.072	4192.96
27.6	-16.18	686.058	4176.28
27.6	-16.18	685.044	4165.03
27.6	-16.18	684.029	4166.6
27.6	-16.18	683.015	4155.4
27.6	-16.18	682.0	4145.89
27.6	-16.18	680.985	4153.79
27.6	-16.18	679.9689999999999	4167.1
27.6	-16.18	678.954	4161.77
27.6	-16.18	677.938	4164.85
27.6	-16.18	676.922	4171.81
27.6	-16.18	675.9060000000001	4184.92
27.6	-16.18	674.89	4191.49
27.6	-16.18	673.8739999999999	4203.31
27.6	-16.18	672.857	4223.98
27.6	-16.18	671.84	4239.87
27.6	-16.18	670.823	4255.35
27.6	-16.18	669.806	4272.66
27.6	-16.18	668.789	4295.47
27.6	-16.18	667.7710000000001	4303.97
27.6	-16.18	666.753	4306.6
27.6	-16.18	665.735	4319.05
27.6	-16.18	664.717	4332.47
27.6	-16.18	663.699	4334.36
27.6	-16.18	662.68	4343.37
27.6	-16.18	661.6619999999999	4350.13
27.6	-16.18	660.643	4360.48
27.6	-16.18	659.6239999999999	4359.73
27.6	-16.18	658.605	4364.03
27.6	-16.18	657.585	4365.35
27.6	-16.18	656.566	4365.87
27.6	-16.18	655.546	4360.58
27.6	-16.18	654.526	4362.1
27.6	-16.18	653.506	4364.39
27.6	-16.18	652.485	4354.97
27.6	-16.18	651.465	4360.59
27.6	-16.18	650.444	4369.56
27.6	-16.18	649.423	4367.5
27.6	-16.18	648.4019999999999	4355.41
27.6	-16.18	647.381	4357.25
27.6	-16.18	646.359	4358.71
27.6	-16.18	645.3380000000001	4361.9
27.6	-16.18	644.316	4355.33
27.6	-16.18	643.294	4355.62
27.6	-16.18	642.271	4357.28
27.6	-16.18	641.249	4346.48
27.6	-16.18	640.226	4348.08
27.6	-16.18	639.2040000000001	4351.85
27.6	-16.18	638.181	4344.19
27.6	-16.18	637.1569999999999	4338.96
27.6	-16.18	636.134	4333.8
27.6	-16.18	635.11	4327.28
27.6	-16.18	634.087	4318.24
27.6	-16.18	633.063	4303.69
27.6	-16.18	632.039	4300.25
27.6	-16.18	631.014	4296.86
27.6	-16.18	629.99	4282.45
27.6	-16.18	628.965	4272.1
27.6	-16.18	627.94	4266.47
27.6	-16.18	626.915	4260.47
27.6	-16.18	625.89	4254.47
27.6	-16.18	624.864	4236.77
27.6	-16.18	623.839	4233.22
27.6	-16.18	622.813	4224.58
27.6	-16.18	621.7869999999999	4220.8
27.6	-16.18	620.761	4231.38
27.6	-16.18	619.734	4228.47
27.6	-16.18	618.7080000000001	4220.75
27.6	-16.18	617.681	4219.14
27.6	-16.18	616.654	4222.14
27.6	-16.18	615.627	4219.8
27.6	-16.18	614.599	4222.74
27.6	-16.18	613.572	4213.17
27.6	-16.18	612.544	4209.38
27.6	-16.18	611.516	4207.04
27.6	-16.18	610.488	4202.81
27.6	-16.18	609.46	4201.15
27.6	-16.18	608.431	4196.15
27.6	-16.18	607.403	4181.71
27.6	-16.18	606.374	4176.75
27.6	-16.18	605.345	4165.96
27.6	-16.18	604.316	4148.52
27.6	-16.18	603.286	4141.25
27.6	-16.18	602.257	4130.52
27.6	-16.18	601.227	4116.95
27.6	-16.18	600.197	4100.92
27.6	-16.18	599.1669999999999	4092.68
27.6	-16.18	598.136	4099.79
27.6	-16.18	597.106	4096.81
27.6	-16.18	596.075	4094.38
27.6	-16.18	595.044	4087.36
27.6	-16.18	594.013	4089.92
27.6	-16.18	592.981	4092.28
27.6	-16.18	591.95	4100.75
27.6	-16.18	590.918	4111.93
27.6	-16.18	589.886	4123.14
27.6	-16.18	588.854	4123.26
27.6	-16.18	587.822	4137.96
27.6	-16.18	586.789	4159.79
27.6	-16.18	585.757	4167.37
27.6	-16.18	584.724	4178.13
27.6	-16.18	583.691	4199.14
27.6	-16.18	582.6569999999999	4205.5
27.6	-16.18	581.624	4214.02
27.6	-16.18	580.59	4225.58
27.6	-16.18	579.557	4233.69
27.6	-16.18	578.523	4238.16
27.6	-16.18	577.488	4242.89
27.6	-16.18	576.4540000000001	4242.39
27.6	-16.18	575.419	4241.94
27.6	-16.18	574.385	4237.55
27.6	-16.18	573.35	4232.51
27.6	-16.18	572.314	4239.14
27.6	-16.18	571.279	4232.19
27.6	-16.18	570.244	4226.17
27.6	-16.18	569.2080000000001	4227.76
27.6	-16.18	568.172	4236.36
27.6	-16.18	567.136	4240.76
27.6	-16.18	566.099	4230.5
27.6	-16.18	565.063	4233.2
27.6	-16.18	564.026	4223.35
27.6	-16.18	562.989	4216.01
27.6	-16.18	561.952	4211.76
27.6	-16.18	560.915	4213.13
27.6	-16.18	559.877	4212.18
27.6	-16.18	558.84	4208.88
27.6	-16.18	557.802	4208.58
27.6	-16.18	556.764	4204.15
27.6	-16.18	555.726	4198.03
27.6	-16.18	554.687	4188.53
27.6	-16.18	553.649	4192.77
27.6	-16.18	552.61	4196.97
27.6	-16.18	551.571	4185.65
27.6	-16.18	550.5319999999999	4181.33
27.6	-16.18	549.492	4181.61
27.6	-16.18	548.453	4171.04
27.6	-16.18	547.413	4161.28
27.6	-16.18	546.373	4154.17
27.6	-16.18	545.3330000000001	4152.19
27.6	-16.18	544.2919999999999	4149.67
27.6	-16.18	543.252	4159.91
27.6	-16.18	542.211	4170.26
27.6	-16.18	541.17	4174.34
27.6	-16.18	540.129	4177.22
27.6	-16.18	539.0880000000001	4190.43
27.6	-16.18	538.0459999999999	4205.23
27.6	-16.18	537.004	4218.36
27.6	-16.18	535.962	4236.23
27.6	-16.18	534.92	4242.22
27.6	-16.18	533.878	4257.52
27.6	-16.18	532.836	4260.29
27.6	-16.18	531.793	4282.86
27.6	-16.18	530.75	4305.07
27.6	-16.18	529.707	4325.85
27.6	-16.18	528.664	4351.96
27.6	-16.18	527.62	4369.88
27.6	-16.18	526.577	4389.49
27.6	-16.18	525.533	4406.2
27.6	-16.18	524.489	4427.12
27.6	-16.18	523.445	4448.09
27.6	-16.18	522.4	4463.0
27.6	-16.18	521.355	4474.58
27.6	-16.18	520.311	4478.89
27.6	-16.18	519.266	4488.96
27.6	-16.18	518.22	4491.19
27.6	-16.18	517.175	4497.92
27.6	-16.18	516.129	4508.02
27.6	-16.18	515.0840000000001	4508.02
27.6	-16.18	514.038	4513.52
27.6	-16.18	512.992	4520.54
27.6	-16.18	511.945	4531.76
27.6	-16.18	510.899	4526.6
27.6	-16.18	509.852	4523.02
27.6	-16.18	508.805	4525.35
27.6	-16.18	507.75800000000004	4518.65
27.6	-16.18	506.71	4512.84
27.6	-16.18	505.663	4508.2
27.6	-16.18	504.615	4502.61
27.6	-16.18	503.56699999999995	4489.64
27.6	-16.18	502.519	4497.11
27.6	-16.18	501.471	4498.81
27.6	-16.18	500.42199999999997	4495.59
27.6	-16.18	499.374	4492.68
27.6	-16.18	498.325	4498.75
27.6	-16.18	497.276	4499.47
27.6	-16.18	496.226	4493.26
27.6	-16.18	495.17699999999996	4487.21
27.6	-16.18	494.12699999999995	4488.01
27.6	-16.18	493.077	4488.46
27.6	-16.18	492.027	4481.97
27.6	-16.18	490.977	4481.16
27.6	-16.18	489.926	4475.18
27.6	-16.18	488.876	4469.23
27.6	-16.18	487.825	4467.19
27.6	-16.18	486.774	4468.44
27.6	-16.18	485.723	4474.88
27.6	-16.18	484.671	4474.96
27.6	-16.18	483.619	4477.41
27.6	-16.18	482.56800000000004	4484.86
27.6	-16.18	481.51599999999996	4491.81
27.6	-16.18	480.463	4496.89
27.6	-16.18	479.411	4496.95
27.6	-16.18	478.358	4501.51
27.6	-16.18	477.305	4505.85
27.6	-16.18	476.25199999999995	4514.25
27.6	-16.18	475.199	4528.66
27.6	-16.18	474.14599999999996	4543.71
27.6	-16.18	473.092	4556.95
27.6	-16.18	472.038	4579.1
27.6	-16.18	470.98400000000004	4599.31
27.6	-16.18	469.93	4599.51
27.6	-16.18	468.876	4609.88
27.6	-16.18	467.82099999999997	4629.79
27.6	-16.18	466.76599999999996	4631.66
27.6	-16.18	465.711	4635.14
27.6	-16.18	464.656	4644.19
27.6	-16.18	463.601	4644.05
27.6	-16.18	462.545	4641.7
27.6	-16.18	461.49	4638.42
27.6	-16.18	460.434	4626.78
27.6	-16.18	459.37699999999995	4621.76
27.6	-16.18	458.32099999999997	4609.53
27.6	-16.18	457.264	4603.06
27.6	-16.18	456.208	4593.56
27.6	-16.18	455.151	4588.06
27.6	-16.18	454.094	4580.46
27.6	-16.18	453.036	4580.07
27.6	-16.18	451.97900000000004	4575.57
27.6	-16.18	450.921	4576.97
27.6	-16.18	449.86300000000006	4589.02
27.6	-16.18	448.805	4595.73
27.6	-16.18	447.74699999999996	4610.3
27.6	-16.18	446.68800000000005	4633.63
27.6	-16.18	445.629	4659.06
27.6	-16.18	444.57	4675.32
27.6	-16.18	443.51099999999997	4702.37
27.6	-16.18	442.452	4731.68
27.6	-16.18	441.392	4749.61
27.6	-16.18	440.333	4768.18
27.6	-16.18	439.273	4788.25
27.6	-16.18	438.213	4815.46
27.6	-16.18	437.152	4836.99
27.6	-16.18	436.092	4858.16
27.6	-16.18	435.031	4871.83
27.6	-16.18	433.97	4899.59
27.6	-16.18	432.909	4914.22
27.6	-16.18	431.848	4921.58
27.6	-16.18	430.786	4927.39
27.6	-16.18	429.724	4930.61
27.6	-16.18	428.663	4933.38
27.6	-16.18	427.6	4938.68
27.6	-16.18	426.538	4939.37
27.6	-16.18	425.476	4937.68
27.6	-16.18	424.413	4941.58
27.6	-16.18	423.35	4952.88
27.6	-16.18	422.287	4960.64
27.6	-16.18	421.224	4974.95
27.6	-16.18	420.16	4988.97
27.6	-16.18	419.096	4999.04
27.6	-16.18	418.033	5005.73
27.6	-16.18	416.968	5019.7
27.6	-16.18	415.904	5035.99
27.6	-16.18	414.84	5049.3
27.6	-16.18	413.775	5043.94
27.6	-16.18	412.71	5042.76
27.6	-16.18	411.645	5057.12
27.6	-16.18	410.58	5060.11
27.6	-16.18	409.514	5058.03
27.6	-16.18	408.44800000000004	5067.39
27.6	-16.18	407.38300000000004	5065.99
27.6	-16.18	406.316	5056.06
27.6	-16.18	405.25	5045.53
27.6	-16.18	404.184	5036.74
27.6	-16.18	403.11699999999996	5014.48
27.6	-16.18	402.05	5002.29
27.6	-16.18	400.983	4984.54
27.6	-16.18	399.916	4963.14
27.6	-16.18	398.848	4938.51
27.6	-16.18	397.781	4920.9
27.6	-16.18	396.713	4901.27
27.6	-16.18	395.645	4877.22
27.6	-16.18	394.57599999999996	4861.93
27.6	-16.18	393.50800000000004	4847.66
27.6	-16.18	392.439	4839.96
27.6	-16.18	391.37	4830.22
27.6	-16.18	390.301	4830.24
27.6	-16.18	389.23199999999997	4830.29
27.6	-16.18	388.162	4830.05
27.6	-16.18	387.093	4838.43
27.6	-16.18	386.023	4850.36
27.6	-16.18	384.95300000000003	4866.28
27.6	-16.18	383.88199999999995	4874.6
27.6	-16.18	382.81199999999995	4883.21
27.6	-16.18	381.741	4888.47
27.6	-16.18	380.67	4910.26
27.6	-16.18	379.599	4936.65
27.6	-16.18	378.528	4949.32
27.6	-16.18	377.45599999999996	4959.28
27.6	-16.18	376.384	4956.54
27.6	-16.18	375.31300000000005	4943.8
27.6	-16.18	374.24	4942.62
27.6	-16.18	373.168	4933.11
27.6	-16.18	372.096	4931.82
27.6	-16.18	371.023	4932.48
27.6	-16.18	369.95	4926.15
27.6	-16.18	368.87699999999995	4920.32
27.6	-16.18	367.80400000000003	4905.43
27.6	-16.18	366.73	4896.41
27.6	-16.18	365.656	4887.91
27.6	-16.18	364.582	4875.04
27.6	-16.18	363.50800000000004	4857.36
27.6	-16.18	362.434	4851.04
27.6	-16.18	361.35900000000004	4839.08
27.6	-16.18	360.285	4838.72
27.6	-16.18	359.21	4836.06
27.6	-16.18	358.135	4838.38
27.6	-16.18	357.059	4836.44
27.6	-16.18	355.98400000000004	4836.87
27.6	-16.18	354.908	4839.15
27.6	-16.18	353.832	4845.09
27.6	-16.18	352.756	4845.11
27.6	-16.18	351.67900000000003	4848.06
27.6	-16.18	350.603	4854.28
27.6	-16.18	349.526	4868.73
27.6	-16.18	348.449	4880.37
27.6	-16.18	347.37199999999996	4896.58
27.6	-16.18	346.295	4908.85
27.6	-16.18	345.217	4925.76
27.6	-16.18	344.139	4942.11
27.6	-16.18	343.061	4975.79
27.6	-16.18	341.983	5003.22
27.6	-16.18	340.905	5030.68
27.6	-16.18	339.82599999999996	5079.14
27.6	-16.18	338.74699999999996	5116.01
27.6	-16.18	337.668	5150.54
27.6	-16.18	336.589	5189.72
27.6	-16.18	335.51	5229.07
27.6	-16.18	334.43	5275.76
27.6	-16.18	333.35	5317.44
27.6	-16.18	332.27	5359.17
27.6	-16.18	331.19	5397.14
27.6	-16.18	330.11	5444.24
27.6	-16.18	329.029	5480.63
27.6	-16.18	327.94800000000004	5512.62
27.6	-16.18	326.867	5544.72
27.6	-16.18	325.786	5572.76
27.6	-16.18	324.705	5602.35
27.6	-16.18	323.623	5631.06
27.6	-16.18	322.541	5653.85
27.6	-16.18	321.459	5682.43
27.6	-16.18	320.377	5710.88
27.6	-16.18	319.29400000000004	5736.11
27.6	-16.18	318.212	5755.45
27.6	-16.18	317.129	5782.93
27.6	-16.18	316.046	5803.73
27.6	-16.18	314.962	5835.81
27.6	-16.18	313.879	5864.65
27.6	-16.18	312.795	5897.18
27.6	-16.18	311.711	5929.93
27.6	-16.18	310.627	5961.11
27.6	-16.18	309.543	5986.87
27.6	-16.18	308.45799999999997	6033.68
27.6	-16.18	307.374	6067.74
27.6	-16.18	306.289	6089.7
27.6	-16.18	305.204	6120.51
27.6	-16.18	304.118	6144.38
27.6	-16.18	303.033	6169.71
27.6	-16.18	301.947	6198.92
27.6	-16.18	300.861	6216.64
27.6	-16.18	299.775	6236.65
27.6	-16.18	298.689	6251.63
27.6	-16.18	297.60200000000003	6263.71
27.6	-16.18	296.515	6273.34
27.6	-16.18	295.428	6285.58
27.6	-16.18	294.341	6296.78
27.6	-16.18	293.254	6303.9
27.6	-16.18	292.166	6312.22
27.6	-16.18	291.079	6320.16
27.6	-16.18	289.991	6319.25
27.6	-16.18	288.902	6327.9
27.6	-16.18	287.814	6325.69
27.6	-16.18	286.725	6322.01
27.6	-16.18	285.637	6329.8
27.6	-16.18	284.547	6341.74
27.6	-16.18	283.45799999999997	6344.49
27.6	-16.18	282.369	6353.98
27.6	-16.18	281.279	6363.58
27.6	-16.18	280.189	6380.63
27.6	-16.18	279.099	6394.73
27.6	-16.18	278.009	6406.81
27.6	-16.18	276.91900000000004	6424.49
27.6	-16.18	275.828	6442.4
27.6	-16.18	274.737	6442.46
27.6	-16.18	273.64599999999996	6442.43
27.6	-16.18	272.555	6452.11
27.6	-16.18	271.46299999999997	6466.23
27.6	-16.18	270.371	6466.61
27.6	-16.18	269.28	6477.23
27.6	-16.18	268.187	6477.76
27.6	-16.18	267.095	6478.63
27.6	-16.18	266.003	6475.46
27.6	-16.18	264.91	6484.88
27.6	-16.18	263.817	6492.0
27.6	-16.18	262.724	6488.66
27.6	-16.18	261.63	6492.9
27.6	-16.18	260.53700000000003	6496.31
27.6	-16.18	259.443	6493.31
27.6	-16.18	258.349	6486.96
27.6	-16.18	257.255	6479.77
27.6	-16.18	256.16	6475.85
27.6	-16.18	255.06599999999997	6466.94
27.6	-16.18	253.97099999999998	6479.49
27.6	-16.18	252.87599999999998	6478.83
27.6	-16.18	251.78099999999998	6464.95
27.6	-16.18	250.685	6460.28
27.6	-16.18	249.59	6461.42
27.6	-16.18	248.49400000000003	6455.45
27.6	-16.18	247.398	6445.21
27.6	-16.18	246.30200000000002	6454.32
27.6	-16.18	245.205	6455.12
27.6	-16.18	244.108	6451.86
27.6	-16.18	243.012	6449.78
27.6	-16.18	241.91400000000002	6452.28
27.6	-16.18	240.817	6434.02
27.6	-16.18	239.72	6440.33
27.6	-16.18	238.622	6451.48
27.6	-16.18	237.524	6429.25
27.6	-16.18	236.426	6423.43
27.6	-16.18	235.328	6413.88
27.6	-16.18	234.229	6405.73
27.6	-16.18	233.13	6393.32
27.6	-16.18	232.03099999999998	6400.58
27.6	-16.18	230.93200000000002	6399.68
27.6	-16.18	229.833	6391.59
27.6	-16.18	228.733	6392.89
27.6	-16.18	227.63299999999998	6384.53
27.6	-16.18	226.533	6375.74
27.6	-16.18	225.433	6361.92
27.6	-16.18	224.333	6362.76
27.6	-16.18	223.232	6368.22
27.6	-16.18	222.13099999999997	6358.02
27.6	-16.18	221.03	6354.89
27.6	-16.18	219.929	6350.3
27.6	-16.18	218.827	6346.72
27.6	-16.18	217.726	6349.22
27.6	-16.18	216.62400000000002	6359.2
27.6	-16.18	215.52200000000002	6365.77
27.6	-16.18	214.419	6378.44
27.6	-16.18	213.317	6401.98
27.6	-16.18	212.21400000000003	6405.65
27.6	-16.18	211.111	6410.09
27.6	-16.18	210.00799999999998	6418.79
27.6	-16.18	208.905	6426.41
27.6	-16.18	207.801	6419.02
27.6	-16.18	206.697	6430.5
27.6	-16.18	205.593	6427.71
27.6	-16.18	204.489	6417.36
27.6	-16.18	203.385	6418.22
27.6	-16.18	202.28	6414.41
27.6	-16.18	201.175	6409.18
27.6	-16.18	200.07	6400.27
