27.6	-6.18	1999.92	2064.96
27.6	-6.18	1999.14	2065.14
27.6	-6.18	1998.35	2059.38
27.6	-6.18	1997.57	2059.97
27.6	-6.18	1996.78	2058.46
27.6	-6.18	1996.0	2051.36
27.6	-6.18	1995.21	2051.24
27.6	-6.18	1994.42	2053.47
27.6	-6.18	1993.64	2058.77
27.6	-6.18	1992.85	2066.87
27.6	-6.18	1992.07	2065.58
27.6	-6.18	1991.28	2068.22
27.6	-6.18	1990.5	2067.99
27.6	-6.18	1989.71	2068.01
27.6	-6.18	1988.92	2068.43
27.6	-6.18	1988.14	2065.21
27.6	-6.18	1987.35	2065.66
27.6	-6.18	1986.56	2064.72
27.6	-6.18	1985.78	2065.6
27.6	-6.18	1984.99	2067.93
27.6	-6.18	1984.2	2066.95
27.6	-6.18	1983.42	2065.91
27.6	-6.18	1982.63	2074.96
27.6	-6.18	1981.84	2076.08
27.6	-6.18	1981.05	2083.55
27.6	-6.18	1980.27	2083.42
27.6	-6.18	1979.48	2078.91
27.6	-6.18	1978.69	2079.06
27.6	-6.18	1977.9	2083.28
27.6	-6.18	1977.11	2088.53
27.6	-6.18	1976.33	2093.52
27.6	-6.18	1975.54	2100.63
27.6	-6.18	1974.75	2099.68
27.6	-6.18	1973.96	2109.43
27.6	-6.18	1973.17	2108.44
27.6	-6.18	1972.38	2109.3
27.6	-6.18	1971.59	2121.88
27.6	-6.18	1970.8	2128.38
27.6	-6.18	1970.01	2132.99
27.6	-6.18	1969.22	2134.17
27.6	-6.18	1968.43	2127.89
27.6	-6.18	1967.64	2130.54
27.6	-6.18	1966.85	2130.06
27.6	-6.18	1966.06	2126.3
27.6	-6.18	1965.27	2124.86
27.6	-6.18	1964.48	2125.48
27.6	-6.18	1963.69	2130.31
27.6	-6.18	1962.9	2131.45
27.6	-6.18	1962.11	2127.47
27.6	-6.18	1961.32	2127.27
27.6	-6.18	1960.53	2128.91
27.6	-6.18	1959.74	2125.54
27.6	-6.18	1958.95	2131.7
27.6	-6.18	1958.16	2129.56
27.6	-6.18	1957.37	2126.5
27.6	-6.18	1956.57	2119.98
27.6	-6.18	1955.78	2126.47
27.6	-6.18	1954.99	2133.48
27.6	-6.18	1954.2	2133.26
27.6	-6.18	1953.41	2138.12
27.6	-6.18	1952.61	2138.44
27.6	-6.18	1951.82	2141.87
27.6	-6.18	1951.03	2137.03
27.6	-6.18	1950.24	2134.95
27.6	-6.18	1949.44	2137.19
27.6	-6.18	1948.65	2141.11
27.6	-6.18	1947.86	2147.09
27.6	-6.18	1947.06	2142.85
27.6	-6.18	1946.27	2145.65
27.6	-6.18	1945.48	2153.27
27.6	-6.18	1944.68	2156.59
27.6	-6.18	1943.89	2155.48
27.6	-6.18	1943.1	2157.96
27.6	-6.18	1942.3	2162.5
27.6	-6.18	1941.51	2171.28
27.6	-6.18	1940.71	2178.53
27.6	-6.18	1939.92	2180.2
27.6	-6.18	1939.12	2182.69
27.6	-6.18	1938.33	2180.96
27.6	-6.18	1937.53	2185.63
27.6	-6.18	1936.74	2188.58
27.6	-6.18	1935.94	2183.41
27.6	-6.18	1935.15	2185.9
27.6	-6.18	1934.35	2185.14
27.6	-6.18	1933.56	2184.98
27.6	-6.18	1932.76	2181.42
27.6	-6.18	1931.97	2180.07
27.6	-6.18	1931.17	2179.44
27.6	-6.18	1930.37	2173.72
27.6	-6.18	1929.58	2180.75
27.6	-6.18	1928.78	2180.58
27.6	-6.18	1927.99	2180.86
27.6	-6.18	1927.19	2176.08
27.6	-6.18	1926.39	2178.65
27.6	-6.18	1925.6	2186.18
27.6	-6.18	1924.8	2190.08
27.6	-6.18	1924.0	2189.87
27.6	-6.18	1923.2	2194.45
27.6	-6.18	1922.41	2201.84
27.6	-6.18	1921.61	2206.16
27.6	-6.18	1920.81	2204.27
27.6	-6.18	1920.01	2204.52
27.6	-6.18	1919.22	2217.63
27.6	-6.18	1918.42	2223.29
27.6	-6.18	1917.62	2227.88
27.6	-6.18	1916.82	2228.91
27.6	-6.18	1916.02	2225.0
27.6	-6.18	1915.22	2226.36
27.6	-6.18	1914.43	2224.14
27.6	-6.18	1913.63	2226.17
27.6	-6.18	1912.83	2220.29
27.6	-6.18	1912.03	2223.91
27.6	-6.18	1911.23	2226.7
27.6	-6.18	1910.43	2229.06
27.6	-6.18	1909.63	2225.03
27.6	-6.18	1908.83	2226.32
27.6	-6.18	1908.03	2230.27
27.6	-6.18	1907.23	2226.52
27.6	-6.18	1906.43	2224.74
27.6	-6.18	1905.63	2230.71
27.6	-6.18	1904.83	2233.9
27.6	-6.18	1904.03	2230.59
27.6	-6.18	1903.23	2236.06
27.6	-6.18	1902.43	2243.63
27.6	-6.18	1901.63	2249.02
27.6	-6.18	1900.83	2253.14
27.6	-6.18	1900.03	2249.85
27.6	-6.18	1899.23	2256.65
27.6	-6.18	1898.42	2253.9
27.6	-6.18	1897.62	2263.23
27.6	-6.18	1896.82	2268.25
27.6	-6.18	1896.02	2272.37
27.6	-6.18	1895.22	2276.31
27.6	-6.18	1894.41	2275.27
27.6	-6.18	1893.61	2276.3
27.6	-6.18	1892.81	2273.65
27.6	-6.18	1892.01	2274.96
27.6	-6.18	1891.21	2277.85
27.6	-6.18	1890.4	2283.07
27.6	-6.18	1889.6	2276.96
27.6	-6.18	1888.8	2274.42
27.6	-6.18	1887.99	2281.01
27.6	-6.18	1887.19	2276.79
27.6	-6.18	1886.39	2275.37
27.6	-6.18	1885.58	2273.11
27.6	-6.18	1884.78	2276.91
27.6	-6.18	1883.98	2273.22
27.6	-6.18	1883.17	2271.3
27.6	-6.18	1882.37	2278.99
27.6	-6.18	1881.56	2281.68
27.6	-6.18	1880.76	2285.88
27.6	-6.18	1879.95	2282.44
27.6	-6.18	1879.15	2284.84
27.6	-6.18	1878.35	2283.65
27.6	-6.18	1877.54	2284.92
27.6	-6.18	1876.74	2285.2
27.6	-6.18	1875.93	2289.39
27.6	-6.18	1875.13	2298.02
27.6	-6.18	1874.32	2304.8
27.6	-6.18	1873.51	2313.18
27.6	-6.18	1872.71	2313.7
27.6	-6.18	1871.9	2314.57
27.6	-6.18	1871.1	2320.2
27.6	-6.18	1870.29	2319.23
27.6	-6.18	1869.48	2320.37
27.6	-6.18	1868.68	2323.52
27.6	-6.18	1867.87	2327.76
27.6	-6.18	1867.06	2331.53
27.6	-6.18	1866.26	2330.51
27.6	-6.18	1865.45	2324.7
27.6	-6.18	1864.64	2325.03
27.6	-6.18	1863.84	2326.65
27.6	-6.18	1863.03	2322.99
27.6	-6.18	1862.22	2323.92
27.6	-6.18	1861.41	2327.21
27.6	-6.18	1860.61	2328.87
27.6	-6.18	1859.8	2328.34
27.6	-6.18	1858.99	2324.9
27.6	-6.18	1858.18	2323.49
27.6	-6.18	1857.37	2317.05
27.6	-6.18	1856.57	2319.39
27.6	-6.18	1855.76	2317.31
27.6	-6.18	1854.95	2318.28
27.6	-6.18	1854.14	2324.29
27.6	-6.18	1853.33	2330.04
27.6	-6.18	1852.52	2339.02
27.6	-6.18	1851.71	2346.5
27.6	-6.18	1850.9	2351.69
27.6	-6.18	1850.09	2357.92
27.6	-6.18	1849.28	2357.37
27.6	-6.18	1848.47	2362.82
27.6	-6.18	1847.66	2370.68
27.6	-6.18	1846.85	2373.41
27.6	-6.18	1846.04	2373.27
27.6	-6.18	1845.23	2386.14
27.6	-6.18	1844.42	2390.13
27.6	-6.18	1843.61	2390.48
27.6	-6.18	1842.8	2391.57
27.6	-6.18	1841.99	2389.61
27.6	-6.18	1841.18	2394.18
27.6	-6.18	1840.37	2397.0
27.6	-6.18	1839.56	2406.01
27.6	-6.18	1838.75	2410.37
27.6	-6.18	1837.94	2413.46
27.6	-6.18	1837.12	2415.6
27.6	-6.18	1836.31	2414.63
27.6	-6.18	1835.5	2414.23
27.6	-6.18	1834.69	2411.27
27.6	-6.18	1833.88	2421.26
27.6	-6.18	1833.06	2421.37
27.6	-6.18	1832.25	2427.75
27.6	-6.18	1831.44	2426.37
27.6	-6.18	1830.63	2429.41
27.6	-6.18	1829.81	2438.39
27.6	-6.18	1829.0	2443.74
27.6	-6.18	1828.19	2455.88
27.6	-6.18	1827.37	2454.76
27.6	-6.18	1826.56	2454.11
27.6	-6.18	1825.75	2457.38
27.6	-6.18	1824.93	2462.3
27.6	-6.18	1824.12	2470.87
27.6	-6.18	1823.3	2476.94
27.6	-6.18	1822.49	2473.37
27.6	-6.18	1821.68	2476.67
27.6	-6.18	1820.86	2481.15
27.6	-6.18	1820.05	2479.03
27.6	-6.18	1819.23	2479.67
27.6	-6.18	1818.42	2483.91
27.6	-6.18	1817.6	2486.69
27.6	-6.18	1816.79	2489.62
27.6	-6.18	1815.97	2491.43
27.6	-6.18	1815.16	2489.59
27.6	-6.18	1814.34	2489.65
27.6	-6.18	1813.53	2486.4
27.6	-6.18	1812.71	2483.0
27.6	-6.18	1811.89	2481.62
27.6	-6.18	1811.08	2486.82
27.6	-6.18	1810.26	2487.27
27.6	-6.18	1809.45	2495.3
27.6	-6.18	1808.63	2492.56
27.6	-6.18	1807.81	2495.89
27.6	-6.18	1807.0	2500.65
27.6	-6.18	1806.18	2509.93
27.6	-6.18	1805.36	2517.38
27.6	-6.18	1804.54	2519.74
27.6	-6.18	1803.73	2525.12
27.6	-6.18	1802.91	2527.27
27.6	-6.18	1802.09	2529.82
27.6	-6.18	1801.27	2535.48
27.6	-6.18	1800.46	2541.71
27.6	-6.18	1799.64	2546.92
27.6	-6.18	1798.82	2549.95
27.6	-6.18	1798.0	2553.13
27.6	-6.18	1797.18	2564.87
27.6	-6.18	1796.37	2574.62
27.6	-6.18	1795.55	2580.36
27.6	-6.18	1794.73	2585.15
27.6	-6.18	1793.91	2582.27
27.6	-6.18	1793.09	2583.9
27.6	-6.18	1792.27	2589.48
27.6	-6.18	1791.45	2591.89
27.6	-6.18	1790.63	2591.37
27.6	-6.18	1789.81	2597.81
27.6	-6.18	1788.99	2604.87
27.6	-6.18	1788.17	2613.55
27.6	-6.18	1787.35	2625.32
27.6	-6.18	1786.53	2629.56
27.6	-6.18	1785.71	2631.5
27.6	-6.18	1784.89	2641.87
27.6	-6.18	1784.07	2642.69
27.6	-6.18	1783.25	2644.61
27.6	-6.18	1782.43	2650.1
27.6	-6.18	1781.61	2648.51
27.6	-6.18	1780.79	2653.58
27.6	-6.18	1779.97	2651.82
27.6	-6.18	1779.14	2652.19
27.6	-6.18	1778.32	2653.57
27.6	-6.18	1777.5	2652.61
27.6	-6.18	1776.68	2659.58
27.6	-6.18	1775.86	2664.46
27.6	-6.18	1775.03	2671.2
27.6	-6.18	1774.21	2674.79
27.6	-6.18	1773.39	2682.1
27.6	-6.18	1772.57	2680.65
27.6	-6.18	1771.74	2681.73
27.6	-6.18	1770.92	2688.63
27.6	-6.18	1770.1	2689.9
27.6	-6.18	1769.28	2691.76
27.6	-6.18	1768.45	2693.73
27.6	-6.18	1767.63	2703.46
27.6	-6.18	1766.81	2708.66
27.6	-6.18	1765.98	2716.49
27.6	-6.18	1765.16	2722.22
27.6	-6.18	1764.33	2728.38
27.6	-6.18	1763.51	2736.71
27.6	-6.18	1762.69	2740.53
27.6	-6.18	1761.86	2738.52
27.6	-6.18	1761.04	2739.62
27.6	-6.18	1760.21	2741.24
27.6	-6.18	1759.39	2740.79
27.6	-6.18	1758.56	2741.09
27.6	-6.18	1757.74	2746.61
27.6	-6.18	1756.91	2742.09
27.6	-6.18	1756.09	2740.23
27.6	-6.18	1755.26	2736.5
27.6	-6.18	1754.44	2739.16
27.6	-6.18	1753.61	2732.92
27.6	-6.18	1752.78	2734.38
27.6	-6.18	1751.96	2731.62
27.6	-6.18	1751.13	2727.99
27.6	-6.18	1750.31	2727.28
27.6	-6.18	1749.48	2726.52
27.6	-6.18	1748.65	2729.75
27.6	-6.18	1747.83	2735.2
27.6	-6.18	1747.0	2745.16
27.6	-6.18	1746.17	2760.49
27.6	-6.18	1745.34	2765.73
27.6	-6.18	1744.52	2779.03
27.6	-6.18	1743.69	2785.37
27.6	-6.18	1742.86	2801.15
27.6	-6.18	1742.03	2804.12
27.6	-6.18	1741.21	2812.31
27.6	-6.18	1740.38	2823.98
27.6	-6.18	1739.55	2839.86
27.6	-6.18	1738.72	2855.43
27.6	-6.18	1737.89	2858.97
27.6	-6.18	1737.07	2864.11
27.6	-6.18	1736.24	2877.82
27.6	-6.18	1735.41	2892.29
27.6	-6.18	1734.58	2904.21
27.6	-6.18	1733.75	2911.15
27.6	-6.18	1732.92	2919.51
27.6	-6.18	1732.09	2922.76
27.6	-6.18	1731.26	2922.94
27.6	-6.18	1730.43	2925.73
27.6	-6.18	1729.6	2934.31
27.6	-6.18	1728.77	2933.77
27.6	-6.18	1727.94	2948.13
27.6	-6.18	1727.11	2946.64
27.6	-6.18	1726.28	2953.55
27.6	-6.18	1725.45	2962.82
27.6	-6.18	1724.62	2971.39
27.6	-6.18	1723.79	2982.44
27.6	-6.18	1722.96	2990.69
27.6	-6.18	1722.13	2996.54
27.6	-6.18	1721.3	3005.3
27.6	-6.18	1720.46	3001.05
27.6	-6.18	1719.63	2999.31
27.6	-6.18	1718.8	2994.49
27.6	-6.18	1717.97	3000.82
27.6	-6.18	1717.14	2997.84
27.6	-6.18	1716.3	3009.08
27.6	-6.18	1715.47	3011.47
27.6	-6.18	1714.64	3011.69
27.6	-6.18	1713.81	3015.36
27.6	-6.18	1712.97	3015.02
27.6	-6.18	1712.14	3012.93
27.6	-6.18	1711.31	3023.15
27.6	-6.18	1710.48	3024.76
27.6	-6.18	1709.64	3029.04
27.6	-6.18	1708.81	3029.51
27.6	-6.18	1707.98	3030.97
27.6	-6.18	1707.14	3032.22
27.6	-6.18	1706.31	3036.08
27.6	-6.18	1705.47	3039.25
27.6	-6.18	1704.64	3046.13
27.6	-6.18	1703.81	3052.15
27.6	-6.18	1702.97	3063.5
27.6	-6.18	1702.14	3068.15
27.6	-6.18	1701.3	3082.27
27.6	-6.18	1700.47	3095.54
27.6	-6.18	1699.63	3109.31
27.6	-6.18	1698.8	3121.82
27.6	-6.18	1697.96	3129.91
27.6	-6.18	1697.13	3137.83
27.6	-6.18	1696.29	3148.3
27.6	-6.18	1695.46	3159.01
27.6	-6.18	1694.62	3171.65
27.6	-6.18	1693.78	3188.7
27.6	-6.18	1692.95	3207.61
27.6	-6.18	1692.11	3220.53
27.6	-6.18	1691.28	3239.03
27.6	-6.18	1690.44	3256.48
27.6	-6.18	1689.6	3267.24
27.6	-6.18	1688.77	3274.43
27.6	-6.18	1687.93	3281.74
27.6	-6.18	1687.09	3288.96
27.6	-6.18	1686.25	3312.22
27.6	-6.18	1685.42	3322.78
27.6	-6.18	1684.58	3334.2
27.6	-6.18	1683.74	3337.05
27.6	-6.18	1682.9	3344.67
27.6	-6.18	1682.07	3353.95
27.6	-6.18	1681.23	3359.8
27.6	-6.18	1680.39	3363.84
27.6	-6.18	1679.55	3377.35
27.6	-6.18	1678.71	3386.7
27.6	-6.18	1677.87	3392.39
27.6	-6.18	1677.04	3402.53
27.6	-6.18	1676.2	3409.42
27.6	-6.18	1675.36	3418.29
27.6	-6.18	1674.52	3432.07
27.6	-6.18	1673.68	3441.09
27.6	-6.18	1672.84	3449.72
27.6	-6.18	1672.0	3463.14
27.6	-6.18	1671.16	3467.46
27.6	-6.18	1670.32	3475.93
27.6	-6.18	1669.48	3490.2
27.6	-6.18	1668.64	3506.82
27.6	-6.18	1667.8	3516.63
27.6	-6.18	1666.96	3531.42
27.6	-6.18	1666.12	3547.4
27.6	-6.18	1665.28	3567.35
27.6	-6.18	1664.44	3573.62
27.6	-6.18	1663.6	3592.38
27.6	-6.18	1662.75	3616.79
27.6	-6.18	1661.91	3633.28
27.6	-6.18	1661.07	3662.21
27.6	-6.18	1660.23	3678.2
27.6	-6.18	1659.39	3700.41
27.6	-6.18	1658.55	3722.15
27.6	-6.18	1657.7	3754.04
27.6	-6.18	1656.86	3777.3
27.6	-6.18	1656.02	3802.93
27.6	-6.18	1655.18	3825.0
27.6	-6.18	1654.33	3850.42
27.6	-6.18	1653.49	3880.58
27.6	-6.18	1652.65	3911.7
27.6	-6.18	1651.81	3941.49
27.6	-6.18	1650.96	3971.56
27.6	-6.18	1650.12	4009.15
27.6	-6.18	1649.28	4040.52
27.6	-6.18	1648.43	4071.41
27.6	-6.18	1647.59	4105.3
27.6	-6.18	1646.74	4138.83
27.6	-6.18	1645.9	4162.99
27.6	-6.18	1645.06	4204.23
27.6	-6.18	1644.21	4235.33
27.6	-6.18	1643.37	4269.22
27.6	-6.18	1642.52	4299.16
27.6	-6.18	1641.68	4333.42
27.6	-6.18	1640.83	4374.38
27.6	-6.18	1639.99	4403.58
27.6	-6.18	1639.14	4440.94
27.6	-6.18	1638.3	4480.44
27.6	-6.18	1637.45	4517.28
27.6	-6.18	1636.61	4554.08
27.6	-6.18	1635.76	4604.76
27.6	-6.18	1634.91	4642.49
27.6	-6.18	1634.07	4702.71
27.6	-6.18	1633.22	4758.69
27.6	-6.18	1632.38	4808.01
27.6	-6.18	1631.53	4860.99
27.6	-6.18	1630.68	4911.78
27.6	-6.18	1629.84	4956.43
27.6	-6.18	1628.99	5017.12
27.6	-6.18	1628.14	5070.36
27.6	-6.18	1627.29	5116.1
27.6	-6.18	1626.45	5165.34
27.6	-6.18	1625.6	5215.31
27.6	-6.18	1624.75	5267.63
27.6	-6.18	1623.9	5305.19
27.6	-6.18	1623.06	5340.46
27.6	-6.18	1622.21	5384.11
27.6	-6.18	1621.36	5417.78
27.6	-6.18	1620.51	5445.19
27.6	-6.18	1619.66	5481.08
27.6	-6.18	1618.81	5509.29
27.6	-6.18	1617.96	5553.26
27.6	-6.18	1617.12	5579.45
27.6	-6.18	1616.27	5606.13
27.6	-6.18	1615.42	5631.42
27.6	-6.18	1614.57	5657.24
27.6	-6.18	1613.72	5690.83
27.6	-6.18	1612.87	5717.49
27.6	-6.18	1612.02	5746.38
27.6	-6.18	1611.17	5781.19
27.6	-6.18	1610.32	5814.8
27.6	-6.18	1609.47	5857.29
27.6	-6.18	1608.62	5899.07
27.6	-6.18	1607.77	5924.15
27.6	-6.18	1606.92	5957.25
27.6	-6.18	1606.06	5989.01
27.6	-6.18	1605.21	6009.99
27.6	-6.18	1604.36	6036.29
27.6	-6.18	1603.51	6065.0
27.6	-6.18	1602.66	6079.96
27.6	-6.18	1601.81	6103.43
27.6	-6.18	1600.96	6123.5
27.6	-6.18	1600.1	6150.33
27.6	-6.18	1599.25	6175.9
27.6	-6.18	1598.4	6192.71
27.6	-6.18	1597.55	6210.34
27.6	-6.18	1596.69	6239.56
27.6	-6.18	1595.84	6263.99
27.6	-6.18	1594.99	6292.21
27.6	-6.18	1594.14	6319.54
27.6	-6.18	1593.28	6342.99
27.6	-6.18	1592.43	6378.46
27.6	-6.18	1591.58	6398.66
27.6	-6.18	1590.72	6427.65
27.6	-6.18	1589.87	6456.59
27.6	-6.18	1589.02	6491.03
27.6	-6.18	1588.16	6522.27
27.6	-6.18	1587.31	6564.21
27.6	-6.18	1586.45	6591.32
27.6	-6.18	1585.6	6628.78
27.6	-6.18	1584.74	6666.97
27.6	-6.18	1583.89	6715.4
27.6	-6.18	1583.03	6747.94
27.6	-6.18	1582.18	6786.61
27.6	-6.18	1581.32	6829.77
27.6	-6.18	1580.47	6866.9
27.6	-6.18	1579.61	6911.01
27.6	-6.18	1578.76	6949.34
27.6	-6.18	1577.9	6998.93
27.6	-6.18	1577.05	7043.05
27.6	-6.18	1576.19	7103.72
27.6	-6.18	1575.33	7166.92
27.6	-6.18	1574.48	7225.0
27.6	-6.18	1573.62	7276.92
27.6	-6.18	1572.76	7340.15
27.6	-6.18	1571.91	7407.04
27.6	-6.18	1571.05	7462.32
27.6	-6.18	1570.19	7533.73
27.6	-6.18	1569.34	7603.07
27.6	-6.18	1568.48	7667.22
27.6	-6.18	1567.62	7733.51
27.6	-6.18	1566.76	7798.46
27.6	-6.18	1565.91	7863.09
27.6	-6.18	1565.05	7921.29
27.6	-6.18	1564.19	7968.24
27.6	-6.18	1563.33	8007.74
27.6	-6.18	1562.47	8036.86
27.6	-6.18	1561.62	8064.91
27.6	-6.18	1560.76	8068.2
27.6	-6.18	1559.9	8074.57
27.6	-6.18	1559.04	8070.38
27.6	-6.18	1558.18	8070.37
27.6	-6.18	1557.32	8055.58
27.6	-6.18	1556.46	8031.04
27.6	-6.18	1555.6	8003.94
27.6	-6.18	1554.74	7975.51
27.6	-6.18	1553.88	7937.8
27.6	-6.18	1553.02	7898.1
27.6	-6.18	1552.16	7862.01
27.6	-6.18	1551.3	7829.94
27.6	-6.18	1550.44	7814.91
27.6	-6.18	1549.58	7791.88
27.6	-6.18	1548.72	7758.43
27.6	-6.18	1547.86	7744.26
27.6	-6.18	1547.0	7744.73
27.6	-6.18	1546.14	7749.13
27.6	-6.18	1545.28	7735.14
27.6	-6.18	1544.41	7742.28
27.6	-6.18	1543.55	7756.36
27.6	-6.18	1542.69	7773.22
27.6	-6.18	1541.83	7780.32
27.6	-6.18	1540.97	7804.25
27.6	-6.18	1540.1	7828.46
27.6	-6.18	1539.24	7826.59
27.6	-6.18	1538.38	7828.36
27.6	-6.18	1537.52	7821.47
27.6	-6.18	1536.65	7813.68
27.6	-6.18	1535.79	7805.48
27.6	-6.18	1534.93	7795.0
27.6	-6.18	1534.06	7771.59
27.6	-6.18	1533.2	7758.66
27.6	-6.18	1532.34	7738.25
27.6	-6.18	1531.47	7707.3
27.6	-6.18	1530.61	7667.8
27.6	-6.18	1529.75	7632.83
27.6	-6.18	1528.88	7602.33
27.6	-6.18	1528.02	7571.11
27.6	-6.18	1527.15	7538.64
27.6	-6.18	1526.29	7504.78
27.6	-6.18	1525.42	7486.59
27.6	-6.18	1524.56	7455.45
27.6	-6.18	1523.69	7427.22
27.6	-6.18	1522.83	7403.59
27.6	-6.18	1521.96	7390.66
27.6	-6.18	1521.1	7375.58
27.6	-6.18	1520.23	7358.65
27.6	-6.18	1519.37	7331.95
27.6	-6.18	1518.5	7318.25
27.6	-6.18	1517.63	7319.1
27.6	-6.18	1516.77	7313.35
27.6	-6.18	1515.9	7305.28
27.6	-6.18	1515.03	7294.61
27.6	-6.18	1514.17	7280.61
27.6	-6.18	1513.3	7254.48
27.6	-6.18	1512.43	7237.24
27.6	-6.18	1511.57	7200.83
27.6	-6.18	1510.7	7167.89
27.6	-6.18	1509.83	7136.14
27.6	-6.18	1508.96	7101.37
27.6	-6.18	1508.1	7057.95
27.6	-6.18	1507.23	7026.77
27.6	-6.18	1506.36	6979.38
27.6	-6.18	1505.49	6939.54
27.6	-6.18	1504.62	6894.36
27.6	-6.18	1503.76	6854.66
27.6	-6.18	1502.89	6826.69
27.6	-6.18	1502.02	6791.79
27.6	-6.18	1501.15	6757.53
27.6	-6.18	1500.28	6717.63
27.6	-6.18	1499.41	6694.15
27.6	-6.18	1498.54	6661.75
27.6	-6.18	1497.67	6644.91
27.6	-6.18	1496.8	6621.43
27.6	-6.18	1495.93	6598.13
27.6	-6.18	1495.06	6583.56
27.6	-6.18	1494.19	6575.31
27.6	-6.18	1493.32	6561.15
27.6	-6.18	1492.45	6563.0
27.6	-6.18	1491.58	6560.66
27.6	-6.18	1490.71	6565.35
27.6	-6.18	1489.84	6567.69
27.6	-6.18	1488.97	6566.81
27.6	-6.18	1488.1	6572.75
27.6	-6.18	1487.23	6565.31
27.6	-6.18	1486.35	6557.68
27.6	-6.18	1485.48	6542.97
27.6	-6.18	1484.61	6548.03
27.6	-6.18	1483.74	6553.19
27.6	-6.18	1482.87	6545.96
27.6	-6.18	1481.99	6545.53
27.6	-6.18	1481.12	6535.32
27.6	-6.18	1480.25	6532.55
27.6	-6.18	1479.38	6536.08
27.6	-6.18	1478.5	6529.34
27.6	-6.18	1477.63	6521.63
27.6	-6.18	1476.76	6520.98
27.6	-6.18	1475.88	6512.67
27.6	-6.18	1475.01	6505.96
27.6	-6.18	1474.14	6488.15
27.6	-6.18	1473.26	6478.28
27.6	-6.18	1472.39	6463.28
27.6	-6.18	1471.51	6453.05
27.6	-6.18	1470.64	6438.01
27.6	-6.18	1469.77	6425.1
27.6	-6.18	1468.89	6420.7
27.6	-6.18	1468.02	6405.13
27.6	-6.18	1467.14	6392.16
27.6	-6.18	1466.27	6381.49
27.6	-6.18	1465.39	6373.16
27.6	-6.18	1464.52	6382.77
27.6	-6.18	1463.64	6382.42
27.6	-6.18	1462.77	6375.21
27.6	-6.18	1461.89	6371.59
27.6	-6.18	1461.01	6369.92
27.6	-6.18	1460.14	6367.46
27.6	-6.18	1459.26	6367.95
27.6	-6.18	1458.39	6384.48
27.6	-6.18	1457.51	6394.94
27.6	-6.18	1456.63	6411.73
27.6	-6.18	1455.76	6421.9
27.6	-6.18	1454.88	6436.72
27.6	-6.18	1454.0	6466.33
27.6	-6.18	1453.12	6487.61
27.6	-6.18	1452.25	6506.78
27.6	-6.18	1451.37	6533.82
27.6	-6.18	1450.49	6567.94
27.6	-6.18	1449.61	6605.04
27.6	-6.18	1448.74	6617.88
27.6	-6.18	1447.86	6629.8
27.6	-6.18	1446.98	6654.05
27.6	-6.18	1446.1	6686.9
27.6	-6.18	1445.22	6708.22
27.6	-6.18	1444.34	6725.0
27.6	-6.18	1443.46	6738.12
27.6	-6.18	1442.58	6755.87
27.6	-6.18	1441.71	6768.83
27.6	-6.18	1440.83	6779.07
27.6	-6.18	1439.95	6783.1
27.6	-6.18	1439.07	6799.29
27.6	-6.18	1438.19	6796.22
27.6	-6.18	1437.31	6777.29
27.6	-6.18	1436.43	6758.63
27.6	-6.18	1435.55	6748.03
27.6	-6.18	1434.67	6732.8
27.6	-6.18	1433.79	6720.89
27.6	-6.18	1432.9	6701.96
27.6	-6.18	1432.02	6683.77
27.6	-6.18	1431.14	6674.77
27.6	-6.18	1430.26	6663.58
27.6	-6.18	1429.38	6631.87
27.6	-6.18	1428.5	6632.11
27.6	-6.18	1427.62	6635.48
27.6	-6.18	1426.74	6626.07
27.6	-6.18	1425.85	6619.26
27.6	-6.18	1424.97	6618.43
27.6	-6.18	1424.09	6624.77
27.6	-6.18	1423.21	6627.05
27.6	-6.18	1422.32	6610.38
27.6	-6.18	1421.44	6613.78
27.6	-6.18	1420.56	6625.22
27.6	-6.18	1419.67	6636.96
27.6	-6.18	1418.79	6630.79
27.6	-6.18	1417.91	6633.38
27.6	-6.18	1417.02	6633.94
27.6	-6.18	1416.14	6638.74
27.6	-6.18	1415.26	6636.62
27.6	-6.18	1414.37	6620.98
27.6	-6.18	1413.49	6618.19
27.6	-6.18	1412.6	6610.03
27.6	-6.18	1411.72	6588.11
27.6	-6.18	1410.84	6573.61
27.6	-6.18	1409.95	6568.92
27.6	-6.18	1409.07	6560.78
27.6	-6.18	1408.18	6550.95
27.6	-6.18	1407.3	6534.07
27.6	-6.18	1406.41	6524.88
27.6	-6.18	1405.52	6522.55
27.6	-6.18	1404.64	6532.01
27.6	-6.18	1403.75	6521.37
27.6	-6.18	1402.87	6521.3
27.6	-6.18	1401.98	6546.09
27.6	-6.18	1401.09	6557.16
27.6	-6.18	1400.21	6563.37
27.6	-6.18	1399.32	6577.6
27.6	-6.18	1398.43	6600.58
27.6	-6.18	1397.55	6619.27
27.6	-6.18	1396.66	6631.15
27.6	-6.18	1395.77	6643.21
27.6	-6.18	1394.89	6663.59
27.6	-6.18	1394.0	6693.96
27.6	-6.18	1393.11	6709.54
27.6	-6.18	1392.22	6722.35
27.6	-6.18	1391.34	6743.07
27.6	-6.18	1390.45	6756.36
27.6	-6.18	1389.56	6772.61
27.6	-6.18	1388.67	6777.58
27.6	-6.18	1387.78	6773.01
27.6	-6.18	1386.89	6775.62
27.6	-6.18	1386.0	6775.27
27.6	-6.18	1385.11	6770.59
27.6	-6.18	1384.23	6768.42
27.6	-6.18	1383.34	6765.37
27.6	-6.18	1382.45	6757.53
27.6	-6.18	1381.56	6752.74
27.6	-6.18	1380.67	6742.04
27.6	-6.18	1379.78	6745.93
27.6	-6.18	1378.89	6743.18
27.6	-6.18	1378.0	6743.03
27.6	-6.18	1377.11	6738.9
27.6	-6.18	1376.22	6750.54
27.6	-6.18	1375.32	6762.24
27.6	-6.18	1374.43	6764.34
27.6	-6.18	1373.54	6764.83
27.6	-6.18	1372.65	6769.76
27.6	-6.18	1371.76	6777.01
27.6	-6.18	1370.87	6789.5
27.6	-6.18	1369.98	6811.17
27.6	-6.18	1369.08	6831.89
27.6	-6.18	1368.19	6853.52
27.6	-6.18	1367.3	6880.89
27.6	-6.18	1366.41	6885.74
27.6	-6.18	1365.52	6910.86
27.6	-6.18	1364.62	6942.42
27.6	-6.18	1363.73	6963.09
27.6	-6.18	1362.84	6984.03
27.6	-6.18	1361.94	7004.23
27.6	-6.18	1361.05	7035.96
27.6	-6.18	1360.16	7066.02
27.6	-6.18	1359.26	7092.89
27.6	-6.18	1358.37	7119.83
27.6	-6.18	1357.48	7165.36
27.6	-6.18	1356.58	7208.39
27.6	-6.18	1355.69	7247.0
27.6	-6.18	1354.79	7297.92
27.6	-6.18	1353.9	7342.47
27.6	-6.18	1353.0	7403.2
27.6	-6.18	1352.11	7448.8
27.6	-6.18	1351.21	7503.3
27.6	-6.18	1350.32	7549.4
27.6	-6.18	1349.42	7605.67
27.6	-6.18	1348.53	7653.73
27.6	-6.18	1347.63	7692.07
27.6	-6.18	1346.74	7740.67
27.6	-6.18	1345.84	7786.1
27.6	-6.18	1344.94	7821.64
27.6	-6.18	1344.05	7849.45
27.6	-6.18	1343.15	7869.47
27.6	-6.18	1342.26	7887.49
27.6	-6.18	1341.36	7892.86
27.6	-6.18	1340.46	7887.89
27.6	-6.18	1339.56	7873.98
27.6	-6.18	1338.67	7867.19
27.6	-6.18	1337.77	7854.12
27.6	-6.18	1336.87	7816.38
27.6	-6.18	1335.97	7800.82
27.6	-6.18	1335.08	7781.63
27.6	-6.18	1334.18	7773.14
27.6	-6.18	1333.28	7738.95
27.6	-6.18	1332.38	7708.92
27.6	-6.18	1331.48	7693.51
27.6	-6.18	1330.59	7675.95
27.6	-6.18	1329.69	7647.4
27.6	-6.18	1328.79	7623.11
27.6	-6.18	1327.89	7606.6
27.6	-6.18	1326.99	7584.43
27.6	-6.18	1326.09	7570.09
27.6	-6.18	1325.19	7551.02
27.6	-6.18	1324.29	7542.57
27.6	-6.18	1323.39	7528.16
27.6	-6.18	1322.49	7520.13
27.6	-6.18	1321.59	7499.02
27.6	-6.18	1320.69	7497.91
27.6	-6.18	1319.79	7496.32
27.6	-6.18	1318.89	7482.46
27.6	-6.18	1317.99	7459.53
27.6	-6.18	1317.09	7437.06
27.6	-6.18	1316.19	7420.95
27.6	-6.18	1315.29	7391.92
27.6	-6.18	1314.38	7354.92
27.6	-6.18	1313.48	7316.68
27.6	-6.18	1312.58	7280.6
27.6	-6.18	1311.68	7236.7
27.6	-6.18	1310.78	7199.32
27.6	-6.18	1309.87	7157.53
27.6	-6.18	1308.97	7143.55
27.6	-6.18	1308.07	7109.78
27.6	-6.18	1307.17	7075.13
27.6	-6.18	1306.26	7016.28
27.6	-6.18	1305.36	6977.88
27.6	-6.18	1304.46	6942.22
27.6	-6.18	1303.55	6904.79
27.6	-6.18	1302.65	6861.46
27.6	-6.18	1301.75	6823.63
27.6	-6.18	1300.84	6800.53
27.6	-6.18	1299.94	6773.07
27.6	-6.18	1299.03	6735.7
27.6	-6.18	1298.13	6723.72
27.6	-6.18	1297.23	6707.45
27.6	-6.18	1296.32	6693.23
27.6	-6.18	1295.42	6680.17
27.6	-6.18	1294.51	6675.68
27.6	-6.18	1293.61	6690.28
27.6	-6.18	1292.7	6686.73
27.6	-6.18	1291.8	6681.3
27.6	-6.18	1290.89	6674.38
27.6	-6.18	1289.98	6676.22
27.6	-6.18	1289.08	6666.5
27.6	-6.18	1288.17	6650.0
27.6	-6.18	1287.27	6646.91
27.6	-6.18	1286.36	6634.68
27.6	-6.18	1285.45	6628.56
27.6	-6.18	1284.55	6604.21
27.6	-6.18	1283.64	6585.8
27.6	-6.18	1282.73	6568.86
27.6	-6.18	1281.83	6561.7
27.6	-6.18	1280.92	6534.26
27.6	-6.18	1280.01	6517.88
27.6	-6.18	1279.1	6498.19
27.6	-6.18	1278.2	6489.36
27.6	-6.18	1277.29	6470.47
27.6	-6.18	1276.38	6457.26
27.6	-6.18	1275.47	6437.32
27.6	-6.18	1274.56	6431.94
27.6	-6.18	1273.65	6426.89
27.6	-6.18	1272.75	6412.65
27.6	-6.18	1271.84	6411.77
27.6	-6.18	1270.93	6433.65
27.6	-6.18	1270.02	6427.38
27.6	-6.18	1269.11	6431.12
27.6	-6.18	1268.2	6444.44
27.6	-6.18	1267.29	6456.7
27.6	-6.18	1266.38	6458.92
27.6	-6.18	1265.47	6446.68
27.6	-6.18	1264.56	6449.04
27.6	-6.18	1263.65	6453.76
27.6	-6.18	1262.74	6451.71
27.6	-6.18	1261.83	6435.95
27.6	-6.18	1260.92	6438.73
27.6	-6.18	1260.01	6432.04
27.6	-6.18	1259.1	6410.53
27.6	-6.18	1258.18	6392.65
27.6	-6.18	1257.27	6371.07
27.6	-6.18	1256.36	6366.72
27.6	-6.18	1255.45	6353.6
27.6	-6.18	1254.54	6346.76
27.6	-6.18	1253.62	6339.37
27.6	-6.18	1252.71	6332.65
27.6	-6.18	1251.8	6309.32
27.6	-6.18	1250.89	6294.27
27.6	-6.18	1249.97	6276.88
27.6	-6.18	1249.06	6272.16
27.6	-6.18	1248.15	6262.13
27.6	-6.18	1247.24	6252.29
27.6	-6.18	1246.32	6249.63
27.6	-6.18	1245.41	6249.21
27.6	-6.18	1244.49	6240.19
27.6	-6.18	1243.58	6237.9
27.6	-6.18	1242.67	6229.04
27.6	-6.18	1241.75	6236.55
27.6	-6.18	1240.84	6239.46
27.6	-6.18	1239.92	6233.72
27.6	-6.18	1239.01	6227.77
27.6	-6.18	1238.09	6225.66
27.6	-6.18	1237.18	6232.92
27.6	-6.18	1236.26	6231.44
27.6	-6.18	1235.35	6229.56
27.6	-6.18	1234.43	6244.73
27.6	-6.18	1233.52	6259.69
27.6	-6.18	1232.6	6258.37
27.6	-6.18	1231.69	6270.38
27.6	-6.18	1230.77	6283.42
27.6	-6.18	1229.85	6301.55
27.6	-6.18	1228.94	6313.15
27.6	-6.18	1228.02	6317.33
27.6	-6.18	1227.1	6348.4
27.6	-6.18	1226.19	6356.05
27.6	-6.18	1225.27	6360.4
27.6	-6.18	1224.35	6371.96
27.6	-6.18	1223.43	6391.19
27.6	-6.18	1222.52	6425.49
27.6	-6.18	1221.6	6455.88
27.6	-6.18	1220.68	6479.08
27.6	-6.18	1219.76	6509.66
27.6	-6.18	1218.84	6532.2
27.6	-6.18	1217.93	6556.0
27.6	-6.18	1217.01	6572.34
27.6	-6.18	1216.09	6601.26
27.6	-6.18	1215.17	6620.38
27.6	-6.18	1214.25	6630.97
27.6	-6.18	1213.33	6632.65
27.6	-6.18	1212.41	6626.76
27.6	-6.18	1211.49	6622.19
27.6	-6.18	1210.57	6610.13
27.6	-6.18	1209.65	6604.53
27.6	-6.18	1208.73	6604.68
27.6	-6.18	1207.81	6606.84
27.6	-6.18	1206.89	6606.58
27.6	-6.18	1205.97	6585.09
27.6	-6.18	1205.05	6588.25
27.6	-6.18	1204.13	6581.24
27.6	-6.18	1203.21	6567.64
27.6	-6.18	1202.29	6555.54
27.6	-6.18	1201.37	6556.74
27.6	-6.18	1200.45	6560.0
27.6	-6.18	1199.52	6560.05
27.6	-6.18	1198.6	6560.47
27.6	-6.18	1197.68	6578.98
27.6	-6.18	1196.76	6599.24
27.6	-6.18	1195.84	6602.67
27.6	-6.18	1194.91	6620.46
27.6	-6.18	1193.99	6623.65
27.6	-6.18	1193.07	6631.29
27.6	-6.18	1192.14	6636.89
27.6	-6.18	1191.22	6630.63
27.6	-6.18	1190.3	6635.19
27.6	-6.18	1189.37	6625.51
27.6	-6.18	1188.45	6602.4
27.6	-6.18	1187.53	6572.25
27.6	-6.18	1186.6	6541.71
27.6	-6.18	1185.68	6516.17
27.6	-6.18	1184.76	6482.05
27.6	-6.18	1183.83	6451.6
27.6	-6.18	1182.91	6427.91
27.6	-6.18	1181.98	6399.19
27.6	-6.18	1181.06	6372.51
27.6	-6.18	1180.13	6342.31
27.6	-6.18	1179.21	6318.54
27.6	-6.18	1178.28	6289.97
27.6	-6.18	1177.36	6272.6
27.6	-6.18	1176.43	6236.31
27.6	-6.18	1175.5	6217.44
27.6	-6.18	1174.58	6203.33
27.6	-6.18	1173.65	6202.16
27.6	-6.18	1172.72	6179.33
27.6	-6.18	1171.8	6158.36
27.6	-6.18	1170.87	6164.33
27.6	-6.18	1169.94	6144.61
27.6	-6.18	1169.02	6119.71
27.6	-6.18	1168.09	6100.22
27.6	-6.18	1167.16	6088.78
27.6	-6.18	1166.24	6070.96
27.6	-6.18	1165.31	6054.34
27.6	-6.18	1164.38	6046.09
27.6	-6.18	1163.45	6042.51
27.6	-6.18	1162.52	6037.01
27.6	-6.18	1161.6	6022.92
27.6	-6.18	1160.67	6019.64
27.6	-6.18	1159.74	6027.51
27.6	-6.18	1158.81	6034.13
27.6	-6.18	1157.88	6034.88
27.6	-6.18	1156.95	6046.14
27.6	-6.18	1156.02	6073.46
27.6	-6.18	1155.09	6106.26
27.6	-6.18	1154.16	6131.63
27.6	-6.18	1153.23	6168.47
27.6	-6.18	1152.3	6206.01
27.6	-6.18	1151.37	6246.34
27.6	-6.18	1150.44	6277.56
27.6	-6.18	1149.51	6322.3
27.6	-6.18	1148.58	6372.53
27.6	-6.18	1147.65	6417.22
27.6	-6.18	1146.72	6448.61
27.6	-6.18	1145.79	6491.4
27.6	-6.18	1144.86	6516.21
27.6	-6.18	1143.92	6537.6
27.6	-6.18	1142.99	6563.08
27.6	-6.18	1142.06	6572.63
27.6	-6.18	1141.13	6587.95
27.6	-6.18	1140.2	6593.29
27.6	-6.18	1139.26	6584.27
27.6	-6.18	1138.33	6586.5
27.6	-6.18	1137.4	6586.41
27.6	-6.18	1136.47	6593.3
27.6	-6.18	1135.53	6594.13
27.6	-6.18	1134.6	6593.38
27.6	-6.18	1133.67	6597.09
27.6	-6.18	1132.73	6614.31
27.6	-6.18	1131.8	6619.64
27.6	-6.18	1130.87	6634.97
27.6	-6.18	1129.93	6662.78
27.6	-6.18	1129.0	6700.34
27.6	-6.18	1128.06	6730.44
27.6	-6.18	1127.13	6748.83
27.6	-6.18	1126.19	6782.2
27.6	-6.18	1125.26	6803.09
27.6	-6.18	1124.32	6826.43
27.6	-6.18	1123.39	6840.79
27.6	-6.18	1122.45	6858.54
27.6	-6.18	1121.52	6880.51
27.6	-6.18	1120.58	6884.15
27.6	-6.18	1119.65	6883.53
27.6	-6.18	1118.71	6890.85
27.6	-6.18	1117.78	6893.96
27.6	-6.18	1116.84	6876.63
27.6	-6.18	1115.9	6858.9
27.6	-6.18	1114.97	6856.73
27.6	-6.18	1114.03	6837.43
27.6	-6.18	1113.09	6814.84
27.6	-6.18	1112.15	6785.85
27.6	-6.18	1111.22	6757.53
27.6	-6.18	1110.28	6728.74
27.6	-6.18	1109.34	6682.33
27.6	-6.18	1108.4	6645.55
27.6	-6.18	1107.47	6600.59
27.6	-6.18	1106.53	6546.11
27.6	-6.18	1105.59	6498.83
27.6	-6.18	1104.65	6446.92
27.6	-6.18	1103.71	6390.37
27.6	-6.18	1102.77	6327.06
27.6	-6.18	1101.83	6254.85
27.6	-6.18	1100.9	6179.84
27.6	-6.18	1099.96	6104.94
27.6	-6.18	1099.02	6012.63
27.6	-6.18	1098.08	5933.71
27.6	-6.18	1097.14	5851.31
27.6	-6.18	1096.2	5778.45
27.6	-6.18	1095.26	5702.24
27.6	-6.18	1094.32	5638.59
27.6	-6.18	1093.38	5587.48
27.6	-6.18	1092.44	5544.5
27.6	-6.18	1091.49	5505.56
27.6	-6.18	1090.55	5467.37
27.6	-6.18	1089.61	5431.05
27.6	-6.18	1088.67	5411.68
27.6	-6.18	1087.73	5386.69
27.6	-6.18	1086.79	5372.4
27.6	-6.18	1085.85	5349.79
27.6	-6.18	1084.9	5336.87
27.6	-6.18	1083.96	5315.72
27.6	-6.18	1083.02	5294.23
27.6	-6.18	1082.08	5275.73
27.6	-6.18	1081.13	5256.15
27.6	-6.18	1080.19	5236.82
27.6	-6.18	1079.25	5218.53
27.6	-6.18	1078.31	5192.78
27.6	-6.18	1077.36	5178.91
27.6	-6.18	1076.42	5146.66
27.6	-6.18	1075.48	5126.3
27.6	-6.18	1074.53	5105.3
27.6	-6.18	1073.59	5096.0
27.6	-6.18	1072.64	5086.17
27.6	-6.18	1071.7	5071.94
27.6	-6.18	1070.75	5061.73
27.6	-6.18	1069.81	5064.45
27.6	-6.18	1068.86	5071.2
27.6	-6.18	1067.92	5068.42
27.6	-6.18	1066.97	5074.73
27.6	-6.18	1066.03	5078.4
27.6	-6.18	1065.08	5087.35
27.6	-6.18	1064.14	5093.78
27.6	-6.18	1063.19	5092.02
27.6	-6.18	1062.25	5089.84
27.6	-6.18	1061.3	5082.3
27.6	-6.18	1060.35	5070.82
27.6	-6.18	1059.41	5053.43
27.6	-6.18	1058.46	5042.56
27.6	-6.18	1057.51	5021.98
27.6	-6.18	1056.57	5003.92
27.6	-6.18	1055.62	4987.82
27.6	-6.18	1054.67	4968.03
27.6	-6.18	1053.72	4950.92
27.6	-6.18	1052.78	4931.52
27.6	-6.18	1051.83	4918.1
27.6	-6.18	1050.88	4907.44
27.6	-6.18	1049.93	4887.61
27.6	-6.18	1048.98	4883.19
27.6	-6.18	1048.03	4875.06
27.6	-6.18	1047.09	4892.55
27.6	-6.18	1046.14	4897.4
27.6	-6.18	1045.19	4903.49
27.6	-6.18	1044.24	4915.96
27.6	-6.18	1043.29	4920.26
27.6	-6.18	1042.34	4921.25
27.6	-6.18	1041.39	4916.84
27.6	-6.18	1040.44	4918.17
27.6	-6.18	1039.49	4913.92
27.6	-6.18	1038.54	4919.77
27.6	-6.18	1037.59	4912.57
27.6	-6.18	1036.64	4901.36
27.6	-6.18	1035.69	4895.29
27.6	-6.18	1034.74	4889.67
27.6	-6.18	1033.79	4871.13
27.6	-6.18	1032.83	4854.18
27.6	-6.18	1031.88	4839.3
27.6	-6.18	1030.93	4822.5
27.6	-6.18	1029.98	4797.91
27.6	-6.18	1029.03	4783.83
27.6	-6.18	1028.07	4769.86
27.6	-6.18	1027.12	4751.1
27.6	-6.18	1026.17	4730.12
27.6	-6.18	1025.22	4719.38
27.6	-6.18	1024.26	4710.18
27.6	-6.18	1023.31	4707.64
27.6	-6.18	1022.36	4702.97
27.6	-6.18	1021.4	4699.81
27.6	-6.18	1020.45	4698.18
27.6	-6.18	1019.5	4698.29
27.6	-6.18	1018.54	4708.36
27.6	-6.18	1017.59	4706.46
27.6	-6.18	1016.64	4704.8
27.6	-6.18	1015.68	4709.78
27.6	-6.18	1014.73	4708.53
27.6	-6.18	1013.77	4707.7
27.6	-6.18	1012.82	4715.09
27.6	-6.18	1011.86	4711.74
27.6	-6.18	1010.91	4715.52
27.6	-6.18	1009.95	4718.5
27.6	-6.18	1009.0	4711.76
27.6	-6.18	1008.04	4698.28
27.6	-6.18	1007.08	4704.42
27.6	-6.18	1006.13	4706.72
27.6	-6.18	1005.17	4703.01
27.6	-6.18	1004.22	4692.69
27.6	-6.18	1003.26	4684.07
27.6	-6.18	1002.3	4679.59
27.6	-6.18	1001.34	4672.25
27.6	-6.18	1000.39	4672.24
27.6	-6.18	999.431	4667.16
27.6	-6.18	998.4730000000001	4651.4
27.6	-6.18	997.515	4640.26
27.6	-6.18	996.558	4632.98
27.6	-6.18	995.6	4625.98
27.6	-6.18	994.6410000000001	4618.81
27.6	-6.18	993.683	4607.6
27.6	-6.18	992.725	4592.66
27.6	-6.18	991.7660000000001	4585.34
27.6	-6.18	990.807	4585.28
27.6	-6.18	989.8480000000001	4576.52
27.6	-6.18	988.8889999999999	4566.85
27.6	-6.18	987.93	4558.66
27.6	-6.18	986.97	4558.9
27.6	-6.18	986.01	4554.93
27.6	-6.18	985.05	4540.67
27.6	-6.18	984.09	4531.01
27.6	-6.18	983.13	4521.86
27.6	-6.18	982.17	4522.61
27.6	-6.18	981.209	4517.24
27.6	-6.18	980.248	4505.81
27.6	-6.18	979.288	4499.65
27.6	-6.18	978.326	4511.91
27.6	-6.18	977.365	4508.68
27.6	-6.18	976.404	4510.37
27.6	-6.18	975.442	4510.12
27.6	-6.18	974.48	4525.9
27.6	-6.18	973.518	4544.43
27.6	-6.18	972.556	4557.52
27.6	-6.18	971.5939999999999	4574.1
27.6	-6.18	970.632	4593.35
27.6	-6.18	969.669	4612.29
27.6	-6.18	968.706	4633.64
27.6	-6.18	967.743	4652.69
27.6	-6.18	966.78	4673.54
27.6	-6.18	965.817	4693.03
27.6	-6.18	964.8530000000001	4710.04
27.6	-6.18	963.8889999999999	4728.03
27.6	-6.18	962.926	4749.65
27.6	-6.18	961.961	4764.65
27.6	-6.18	960.997	4782.11
27.6	-6.18	960.033	4799.88
27.6	-6.18	959.068	4811.68
27.6	-6.18	958.1039999999999	4814.97
27.6	-6.18	957.1389999999999	4824.33
27.6	-6.18	956.174	4812.45
27.6	-6.18	955.2080000000001	4809.31
27.6	-6.18	954.243	4809.46
27.6	-6.18	953.2769999999999	4802.52
27.6	-6.18	952.312	4789.96
27.6	-6.18	951.346	4773.01
27.6	-6.18	950.38	4763.27
27.6	-6.18	949.413	4750.53
27.6	-6.18	948.447	4729.74
27.6	-6.18	947.48	4715.13
27.6	-6.18	946.513	4696.84
27.6	-6.18	945.546	4687.49
27.6	-6.18	944.579	4674.96
27.6	-6.18	943.612	4657.38
27.6	-6.18	942.6439999999999	4654.15
27.6	-6.18	941.677	4654.87
27.6	-6.18	940.709	4661.82
27.6	-6.18	939.7410000000001	4648.74
27.6	-6.18	938.773	4655.62
27.6	-6.18	937.804	4669.62
27.6	-6.18	936.836	4676.66
27.6	-6.18	935.867	4687.82
27.6	-6.18	934.898	4699.17
27.6	-6.18	933.929	4710.8
27.6	-6.18	932.96	4718.51
27.6	-6.18	931.99	4727.3
27.6	-6.18	931.0210000000001	4726.23
27.6	-6.18	930.051	4720.42
27.6	-6.18	929.081	4722.54
27.6	-6.18	928.1110000000001	4720.74
27.6	-6.18	927.1410000000001	4708.96
27.6	-6.18	926.17	4716.68
27.6	-6.18	925.199	4713.12
27.6	-6.18	924.2289999999999	4694.1
27.6	-6.18	923.258	4683.11
27.6	-6.18	922.2860000000001	4672.86
27.6	-6.18	921.315	4649.37
27.6	-6.18	920.3439999999999	4628.34
27.6	-6.18	919.372	4598.63
27.6	-6.18	918.4	4568.17
27.6	-6.18	917.428	4539.1
27.6	-6.18	916.456	4514.93
27.6	-6.18	915.4830000000001	4489.08
27.6	-6.18	914.5110000000001	4469.18
27.6	-6.18	913.538	4463.57
27.6	-6.18	912.565	4455.12
27.6	-6.18	911.592	4454.23
27.6	-6.18	910.6189999999999	4451.08
27.6	-6.18	909.645	4463.37
27.6	-6.18	908.671	4464.47
27.6	-6.18	907.698	4468.08
27.6	-6.18	906.7239999999999	4471.55
27.6	-6.18	905.75	4474.2
27.6	-6.18	904.775	4466.54
27.6	-6.18	903.801	4473.62
27.6	-6.18	902.826	4473.43
27.6	-6.18	901.8510000000001	4475.49
27.6	-6.18	900.8760000000001	4484.08
27.6	-6.18	899.9010000000001	4501.09
27.6	-6.18	898.925	4502.61
27.6	-6.18	897.95	4512.62
27.6	-6.18	896.9739999999999	4520.85
27.6	-6.18	895.998	4521.36
27.6	-6.18	895.0219999999999	4524.24
27.6	-6.18	894.046	4535.97
27.6	-6.18	893.069	4537.53
27.6	-6.18	892.0930000000001	4540.1
27.6	-6.18	891.1160000000001	4545.63
27.6	-6.18	890.1389999999999	4540.06
27.6	-6.18	889.1619999999999	4551.2
27.6	-6.18	888.184	4547.84
27.6	-6.18	887.207	4543.33
27.6	-6.18	886.2289999999999	4541.45
27.6	-6.18	885.2510000000001	4541.22
27.6	-6.18	884.273	4544.88
27.6	-6.18	883.295	4540.35
27.6	-6.18	882.317	4541.65
27.6	-6.18	881.3380000000001	4552.2
27.6	-6.18	880.3589999999999	4555.19
27.6	-6.18	879.38	4559.7
27.6	-6.18	878.4010000000001	4576.14
27.6	-6.18	877.422	4587.18
27.6	-6.18	876.442	4598.5
27.6	-6.18	875.4630000000001	4602.08
27.6	-6.18	874.4830000000001	4621.76
27.6	-6.18	873.503	4636.98
27.6	-6.18	872.523	4653.1
27.6	-6.18	871.5419999999999	4671.68
27.6	-6.18	870.562	4685.24
27.6	-6.18	869.581	4699.79
27.6	-6.18	868.6	4717.39
27.6	-6.18	867.6189999999999	4728.11
27.6	-6.18	866.638	4743.77
27.6	-6.18	865.6569999999999	4759.77
27.6	-6.18	864.675	4762.58
27.6	-6.18	863.693	4767.02
27.6	-6.18	862.711	4777.1
27.6	-6.18	861.7289999999999	4779.56
27.6	-6.18	860.747	4770.72
27.6	-6.18	859.7639999999999	4771.99
27.6	-6.18	858.7819999999999	4758.37
27.6	-6.18	857.799	4749.56
27.6	-6.18	856.816	4741.19
27.6	-6.18	855.8330000000001	4729.71
27.6	-6.18	854.8489999999999	4728.52
27.6	-6.18	853.8660000000001	4722.57
27.6	-6.18	852.882	4716.28
27.6	-6.18	851.898	4718.28
27.6	-6.18	850.914	4704.58
27.6	-6.18	849.93	4697.44
27.6	-6.18	848.945	4696.03
27.6	-6.18	847.961	4689.33
27.6	-6.18	846.9760000000001	4684.11
27.6	-6.18	845.9910000000001	4674.9
27.6	-6.18	845.0060000000001	4672.96
27.6	-6.18	844.02	4677.24
27.6	-6.18	843.035	4665.2
27.6	-6.18	842.049	4654.22
27.6	-6.18	841.063	4645.51
27.6	-6.18	840.077	4642.91
27.6	-6.18	839.091	4637.83
27.6	-6.18	838.1039999999999	4629.88
27.6	-6.18	837.118	4627.62
27.6	-6.18	836.1310000000001	4625.56
27.6	-6.18	835.1439999999999	4618.88
27.6	-6.18	834.1569999999999	4625.88
27.6	-6.18	833.17	4636.55
27.6	-6.18	832.182	4646.73
27.6	-6.18	831.195	4647.27
27.6	-6.18	830.207	4665.91
27.6	-6.18	829.2189999999999	4682.3
27.6	-6.18	828.23	4700.07
27.6	-6.18	827.242	4715.69
27.6	-6.18	826.253	4729.44
27.6	-6.18	825.265	4746.06
27.6	-6.18	824.2760000000001	4746.04
27.6	-6.18	823.2869999999999	4744.32
27.6	-6.18	822.297	4747.26
27.6	-6.18	821.308	4739.59
27.6	-6.18	820.318	4733.26
27.6	-6.18	819.328	4728.54
27.6	-6.18	818.3380000000001	4725.45
27.6	-6.18	817.3480000000001	4719.08
27.6	-6.18	816.3580000000001	4701.91
27.6	-6.18	815.367	4688.83
27.6	-6.18	814.377	4679.27
27.6	-6.18	813.3860000000001	4658.88
27.6	-6.18	812.395	4643.35
27.6	-6.18	811.403	4637.94
27.6	-6.18	810.4119999999999	4628.59
27.6	-6.18	809.42	4615.92
27.6	-6.18	808.428	4600.2
27.6	-6.18	807.436	4583.98
27.6	-6.18	806.444	4579.26
27.6	-6.18	805.452	4563.55
27.6	-6.18	804.459	4550.8
27.6	-6.18	803.467	4535.02
27.6	-6.18	802.4739999999999	4519.64
27.6	-6.18	801.4810000000001	4502.62
27.6	-6.18	800.487	4495.06
27.6	-6.18	799.4939999999999	4490.55
27.6	-6.18	798.5	4476.86
27.6	-6.18	797.507	4458.92
27.6	-6.18	796.513	4449.48
27.6	-6.18	795.518	4433.41
27.6	-6.18	794.5239999999999	4421.74
27.6	-6.18	793.529	4411.92
27.6	-6.18	792.535	4405.24
27.6	-6.18	791.54	4398.67
27.6	-6.18	790.545	4386.01
27.6	-6.18	789.55	4381.73
27.6	-6.18	788.554	4387.8
27.6	-6.18	787.559	4383.52
27.6	-6.18	786.563	4381.02
27.6	-6.18	785.567	4387.33
27.6	-6.18	784.571	4394.85
27.6	-6.18	783.574	4398.75
27.6	-6.18	782.578	4409.11
27.6	-6.18	781.581	4414.63
27.6	-6.18	780.584	4417.62
27.6	-6.18	779.587	4420.58
27.6	-6.18	778.59	4419.37
27.6	-6.18	777.592	4417.65
27.6	-6.18	776.595	4427.45
27.6	-6.18	775.597	4421.44
27.6	-6.18	774.5989999999999	4414.62
27.6	-6.18	773.6010000000001	4421.87
27.6	-6.18	772.602	4425.98
27.6	-6.18	771.6039999999999	4421.25
27.6	-6.18	770.605	4427.42
27.6	-6.18	769.6060000000001	4422.87
27.6	-6.18	768.607	4416.75
27.6	-6.18	767.6080000000001	4411.45
27.6	-6.18	766.6089999999999	4418.53
27.6	-6.18	765.6089999999999	4419.83
27.6	-6.18	764.6089999999999	4430.1
27.6	-6.18	763.6089999999999	4431.44
27.6	-6.18	762.6089999999999	4441.2
27.6	-6.18	761.6089999999999	4451.44
27.6	-6.18	760.6080000000001	4456.17
27.6	-6.18	759.607	4468.17
27.6	-6.18	758.607	4484.76
27.6	-6.18	757.605	4492.6
27.6	-6.18	756.6039999999999	4502.15
27.6	-6.18	755.6030000000001	4512.56
27.6	-6.18	754.6010000000001	4516.42
27.6	-6.18	753.5989999999999	4524.89
27.6	-6.18	752.597	4519.49
27.6	-6.18	751.595	4517.16
27.6	-6.18	750.5930000000001	4514.6
27.6	-6.18	749.59	4507.53
27.6	-6.18	748.587	4493.73
27.6	-6.18	747.585	4490.53
27.6	-6.18	746.581	4481.94
27.6	-6.18	745.578	4472.75
27.6	-6.18	744.575	4468.13
27.6	-6.18	743.571	4468.84
27.6	-6.18	742.567	4448.95
27.6	-6.18	741.563	4427.33
27.6	-6.18	740.559	4425.19
27.6	-6.18	739.555	4407.43
27.6	-6.18	738.55	4400.57
27.6	-6.18	737.545	4390.84
27.6	-6.18	736.54	4398.59
27.6	-6.18	735.535	4398.65
27.6	-6.18	734.53	4403.86
27.6	-6.18	733.525	4417.99
27.6	-6.18	732.5189999999999	4430.46
27.6	-6.18	731.513	4438.45
27.6	-6.18	730.507	4441.44
27.6	-6.18	729.5010000000001	4454.41
27.6	-6.18	728.4939999999999	4474.1
27.6	-6.18	727.488	4476.63
27.6	-6.18	726.4810000000001	4480.61
27.6	-6.18	725.4739999999999	4487.42
27.6	-6.18	724.467	4490.97
27.6	-6.18	723.46	4487.93
27.6	-6.18	722.452	4484.49
27.6	-6.18	721.444	4492.42
27.6	-6.18	720.436	4496.2
27.6	-6.18	719.428	4495.12
27.6	-6.18	718.42	4494.57
27.6	-6.18	717.4119999999999	4501.84
27.6	-6.18	716.403	4497.94
27.6	-6.18	715.3939999999999	4501.02
27.6	-6.18	714.385	4508.05
27.6	-6.18	713.3760000000001	4519.36
27.6	-6.18	712.367	4525.08
27.6	-6.18	711.357	4541.52
27.6	-6.18	710.347	4583.21
27.6	-6.18	709.3380000000001	4619.51
27.6	-6.18	708.327	4657.6
27.6	-6.18	707.317	4711.17
27.6	-6.18	706.307	4769.53
27.6	-6.18	705.296	4815.21
27.6	-6.18	704.285	4858.93
27.6	-6.18	703.2739999999999	4900.15
27.6	-6.18	702.263	4931.39
27.6	-6.18	701.252	4955.55
27.6	-6.18	700.24	4980.29
27.6	-6.18	699.2280000000001	5000.07
27.6	-6.18	698.216	5010.9
27.6	-6.18	697.204	5007.41
27.6	-6.18	696.192	5008.94
27.6	-6.18	695.179	5003.05
27.6	-6.18	694.1669999999999	4978.65
27.6	-6.18	693.154	4949.2
27.6	-6.18	692.1410000000001	4933.36
27.6	-6.18	691.127	4907.31
27.6	-6.18	690.1139999999999	4879.99
27.6	-6.18	689.1	4856.85
27.6	-6.18	688.086	4837.82
27.6	-6.18	687.072	4829.0
27.6	-6.18	686.058	4817.18
27.6	-6.18	685.044	4820.07
27.6	-6.18	684.029	4835.45
27.6	-6.18	683.015	4844.51
27.6	-6.18	682.0	4856.77
27.6	-6.18	680.985	4887.92
27.6	-6.18	679.9689999999999	4929.36
27.6	-6.18	678.954	4956.58
27.6	-6.18	677.938	4980.38
27.6	-6.18	676.922	5018.16
27.6	-6.18	675.9060000000001	5034.16
27.6	-6.18	674.89	5039.95
27.6	-6.18	673.8739999999999	5051.13
27.6	-6.18	672.857	5058.33
27.6	-6.18	671.84	5047.75
27.6	-6.18	670.823	5029.43
27.6	-6.18	669.806	5009.08
27.6	-6.18	668.789	4981.88
27.6	-6.18	667.7710000000001	4956.28
27.6	-6.18	666.753	4924.32
27.6	-6.18	665.735	4894.66
27.6	-6.18	664.717	4865.2
27.6	-6.18	663.699	4838.43
27.6	-6.18	662.68	4831.5
27.6	-6.18	661.6619999999999	4839.84
27.6	-6.18	660.643	4835.64
27.6	-6.18	659.6239999999999	4844.52
27.6	-6.18	658.605	4862.04
27.6	-6.18	657.585	4875.36
27.6	-6.18	656.566	4885.2
27.6	-6.18	655.546	4894.61
27.6	-6.18	654.526	4910.81
27.6	-6.18	653.506	4918.01
27.6	-6.18	652.485	4914.94
27.6	-6.18	651.465	4921.15
27.6	-6.18	650.444	4926.49
27.6	-6.18	649.423	4922.22
27.6	-6.18	648.4019999999999	4917.06
27.6	-6.18	647.381	4918.36
27.6	-6.18	646.359	4916.97
27.6	-6.18	645.3380000000001	4896.22
27.6	-6.18	644.316	4883.47
27.6	-6.18	643.294	4865.83
27.6	-6.18	642.271	4828.97
27.6	-6.18	641.249	4789.42
27.6	-6.18	640.226	4756.48
27.6	-6.18	639.2040000000001	4720.47
27.6	-6.18	638.181	4682.57
27.6	-6.18	637.1569999999999	4645.29
27.6	-6.18	636.134	4613.2
27.6	-6.18	635.11	4598.7
27.6	-6.18	634.087	4584.77
27.6	-6.18	633.063	4586.49
27.6	-6.18	632.039	4598.63
27.6	-6.18	631.014	4607.43
27.6	-6.18	629.99	4609.17
27.6	-6.18	628.965	4625.3
27.6	-6.18	627.94	4646.0
27.6	-6.18	626.915	4650.86
27.6	-6.18	625.89	4654.25
27.6	-6.18	624.864	4669.96
27.6	-6.18	623.839	4674.79
27.6	-6.18	622.813	4666.69
27.6	-6.18	621.7869999999999	4655.77
27.6	-6.18	620.761	4650.03
27.6	-6.18	619.734	4640.25
27.6	-6.18	618.7080000000001	4620.34
27.6	-6.18	617.681	4606.95
27.6	-6.18	616.654	4588.71
27.6	-6.18	615.627	4549.57
27.6	-6.18	614.599	4514.42
27.6	-6.18	613.572	4481.56
27.6	-6.18	612.544	4436.0
27.6	-6.18	611.516	4390.09
27.6	-6.18	610.488	4343.8
27.6	-6.18	609.46	4303.76
27.6	-6.18	608.431	4254.68
27.6	-6.18	607.403	4203.92
27.6	-6.18	606.374	4172.37
27.6	-6.18	605.345	4144.64
27.6	-6.18	604.316	4118.38
27.6	-6.18	603.286	4098.78
27.6	-6.18	602.257	4095.47
27.6	-6.18	601.227	4083.43
27.6	-6.18	600.197	4070.7
27.6	-6.18	599.1669999999999	4072.33
27.6	-6.18	598.136	4072.07
27.6	-6.18	597.106	4077.86
27.6	-6.18	596.075	4071.89
27.6	-6.18	595.044	4087.48
27.6	-6.18	594.013	4097.7
27.6	-6.18	592.981	4102.52
27.6	-6.18	591.95	4102.96
27.6	-6.18	590.918	4106.11
27.6	-6.18	589.886	4108.14
27.6	-6.18	588.854	4111.14
27.6	-6.18	587.822	4115.18
27.6	-6.18	586.789	4122.73
27.6	-6.18	585.757	4121.31
27.6	-6.18	584.724	4119.93
27.6	-6.18	583.691	4133.99
27.6	-6.18	582.6569999999999	4140.74
27.6	-6.18	581.624	4148.07
27.6	-6.18	580.59	4155.68
27.6	-6.18	579.557	4160.97
27.6	-6.18	578.523	4164.88
27.6	-6.18	577.488	4158.98
27.6	-6.18	576.4540000000001	4166.85
27.6	-6.18	575.419	4173.62
27.6	-6.18	574.385	4168.96
27.6	-6.18	573.35	4167.66
27.6	-6.18	572.314	4173.26
27.6	-6.18	571.279	4174.54
27.6	-6.18	570.244	4168.47
27.6	-6.18	569.2080000000001	4168.89
27.6	-6.18	568.172	4171.55
27.6	-6.18	567.136	4169.02
27.6	-6.18	566.099	4174.87
27.6	-6.18	565.063	4178.12
27.6	-6.18	564.026	4180.91
27.6	-6.18	562.989	4179.89
27.6	-6.18	561.952	4187.38
27.6	-6.18	560.915	4191.34
27.6	-6.18	559.877	4196.93
27.6	-6.18	558.84	4208.38
27.6	-6.18	557.802	4226.32
27.6	-6.18	556.764	4239.39
27.6	-6.18	555.726	4244.35
27.6	-6.18	554.687	4256.35
27.6	-6.18	553.649	4275.1
27.6	-6.18	552.61	4286.8
27.6	-6.18	551.571	4299.06
27.6	-6.18	550.5319999999999	4318.23
27.6	-6.18	549.492	4330.82
27.6	-6.18	548.453	4335.5
27.6	-6.18	547.413	4343.04
27.6	-6.18	546.373	4348.59
27.6	-6.18	545.3330000000001	4357.15
27.6	-6.18	544.2919999999999	4360.47
27.6	-6.18	543.252	4367.37
27.6	-6.18	542.211	4364.8
27.6	-6.18	541.17	4360.15
27.6	-6.18	540.129	4352.99
27.6	-6.18	539.0880000000001	4341.77
27.6	-6.18	538.0459999999999	4333.99
27.6	-6.18	537.004	4324.91
27.6	-6.18	535.962	4322.64
27.6	-6.18	534.92	4315.71
27.6	-6.18	533.878	4306.85
27.6	-6.18	532.836	4300.36
27.6	-6.18	531.793	4296.62
27.6	-6.18	530.75	4298.69
27.6	-6.18	529.707	4288.91
27.6	-6.18	528.664	4294.93
27.6	-6.18	527.62	4300.6
27.6	-6.18	526.577	4295.72
27.6	-6.18	525.533	4293.98
27.6	-6.18	524.489	4302.93
27.6	-6.18	523.445	4318.76
27.6	-6.18	522.4	4319.83
27.6	-6.18	521.355	4331.3
27.6	-6.18	520.311	4344.8
27.6	-6.18	519.266	4352.3
27.6	-6.18	518.22	4355.22
27.6	-6.18	517.175	4364.77
27.6	-6.18	516.129	4380.96
27.6	-6.18	515.0840000000001	4387.98
27.6	-6.18	514.038	4408.95
27.6	-6.18	512.992	4433.56
27.6	-6.18	511.945	4461.92
27.6	-6.18	510.899	4484.1
27.6	-6.18	509.852	4527.07
27.6	-6.18	508.805	4563.11
27.6	-6.18	507.75800000000004	4607.22
27.6	-6.18	506.71	4652.94
27.6	-6.18	505.663	4695.74
27.6	-6.18	504.615	4727.53
27.6	-6.18	503.56699999999995	4749.09
27.6	-6.18	502.519	4773.51
27.6	-6.18	501.471	4786.03
27.6	-6.18	500.42199999999997	4791.22
27.6	-6.18	499.374	4798.22
27.6	-6.18	498.325	4797.53
27.6	-6.18	497.276	4791.96
27.6	-6.18	496.226	4772.2
27.6	-6.18	495.17699999999996	4748.69
27.6	-6.18	494.12699999999995	4732.27
27.6	-6.18	493.077	4701.98
27.6	-6.18	492.027	4661.84
27.6	-6.18	490.977	4619.55
27.6	-6.18	489.926	4584.87
27.6	-6.18	488.876	4539.7
27.6	-6.18	487.825	4511.11
27.6	-6.18	486.774	4494.87
27.6	-6.18	485.723	4481.9
27.6	-6.18	484.671	4486.64
27.6	-6.18	483.619	4498.78
27.6	-6.18	482.56800000000004	4528.51
27.6	-6.18	481.51599999999996	4556.49
27.6	-6.18	480.463	4594.9
27.6	-6.18	479.411	4638.47
27.6	-6.18	478.358	4689.04
27.6	-6.18	477.305	4721.28
27.6	-6.18	476.25199999999995	4766.13
27.6	-6.18	475.199	4797.29
27.6	-6.18	474.14599999999996	4814.17
27.6	-6.18	473.092	4820.36
27.6	-6.18	472.038	4836.49
27.6	-6.18	470.98400000000004	4843.64
27.6	-6.18	469.93	4837.41
27.6	-6.18	468.876	4832.96
27.6	-6.18	467.82099999999997	4828.12
27.6	-6.18	466.76599999999996	4814.56
27.6	-6.18	465.711	4804.24
27.6	-6.18	464.656	4786.75
27.6	-6.18	463.601	4755.21
27.6	-6.18	462.545	4725.99
27.6	-6.18	461.49	4685.3
27.6	-6.18	460.434	4655.46
27.6	-6.18	459.37699999999995	4625.03
27.6	-6.18	458.32099999999997	4598.58
27.6	-6.18	457.264	4576.18
27.6	-6.18	456.208	4564.88
27.6	-6.18	455.151	4552.73
27.6	-6.18	454.094	4547.97
27.6	-6.18	453.036	4557.79
27.6	-6.18	451.97900000000004	4548.07
27.6	-6.18	450.921	4546.12
27.6	-6.18	449.86300000000006	4542.02
27.6	-6.18	448.805	4543.77
27.6	-6.18	447.74699999999996	4540.78
27.6	-6.18	446.68800000000005	4539.38
27.6	-6.18	445.629	4520.3
27.6	-6.18	444.57	4508.22
27.6	-6.18	443.51099999999997	4496.79
27.6	-6.18	442.452	4479.98
27.6	-6.18	441.392	4471.7
27.6	-6.18	440.333	4467.69
27.6	-6.18	439.273	4463.89
27.6	-6.18	438.213	4455.37
27.6	-6.18	437.152	4453.01
27.6	-6.18	436.092	4461.96
27.6	-6.18	435.031	4468.26
27.6	-6.18	433.97	4475.62
27.6	-6.18	432.909	4461.12
27.6	-6.18	431.848	4468.35
27.6	-6.18	430.786	4480.65
27.6	-6.18	429.724	4488.03
27.6	-6.18	428.663	4507.04
27.6	-6.18	427.6	4513.88
27.6	-6.18	426.538	4517.95
27.6	-6.18	425.476	4524.1
27.6	-6.18	424.413	4541.58
27.6	-6.18	423.35	4554.41
27.6	-6.18	422.287	4557.03
27.6	-6.18	421.224	4569.83
27.6	-6.18	420.16	4575.47
27.6	-6.18	419.096	4590.76
27.6	-6.18	418.033	4597.34
27.6	-6.18	416.968	4605.03
27.6	-6.18	415.904	4602.56
27.6	-6.18	414.84	4604.97
27.6	-6.18	413.775	4600.92
27.6	-6.18	412.71	4612.58
27.6	-6.18	411.645	4624.75
27.6	-6.18	410.58	4638.21
27.6	-6.18	409.514	4667.25
27.6	-6.18	408.44800000000004	4700.59
27.6	-6.18	407.38300000000004	4740.96
27.6	-6.18	406.316	4789.25
27.6	-6.18	405.25	4844.62
27.6	-6.18	404.184	4906.97
27.6	-6.18	403.11699999999996	4961.62
27.6	-6.18	402.05	5024.56
27.6	-6.18	400.983	5074.18
27.6	-6.18	399.916	5135.93
27.6	-6.18	398.848	5182.93
27.6	-6.18	397.781	5224.57
27.6	-6.18	396.713	5252.17
27.6	-6.18	395.645	5255.13
27.6	-6.18	394.57599999999996	5267.17
27.6	-6.18	393.50800000000004	5268.74
27.6	-6.18	392.439	5254.36
27.6	-6.18	391.37	5228.99
27.6	-6.18	390.301	5197.44
27.6	-6.18	389.23199999999997	5161.17
27.6	-6.18	388.162	5104.19
27.6	-6.18	387.093	5052.44
27.6	-6.18	386.023	4992.13
27.6	-6.18	384.95300000000003	4917.63
27.6	-6.18	383.88199999999995	4849.68
27.6	-6.18	382.81199999999995	4794.88
27.6	-6.18	381.741	4731.58
27.6	-6.18	380.67	4681.79
27.6	-6.18	379.599	4648.41
27.6	-6.18	378.528	4621.0
27.6	-6.18	377.45599999999996	4606.02
27.6	-6.18	376.384	4605.18
27.6	-6.18	375.31300000000005	4617.65
27.6	-6.18	374.24	4635.71
27.6	-6.18	373.168	4650.74
27.6	-6.18	372.096	4677.38
27.6	-6.18	371.023	4701.99
27.6	-6.18	369.95	4733.5
27.6	-6.18	368.87699999999995	4750.89
27.6	-6.18	367.80400000000003	4775.39
27.6	-6.18	366.73	4792.02
27.6	-6.18	365.656	4808.43
27.6	-6.18	364.582	4817.04
27.6	-6.18	363.50800000000004	4814.5
27.6	-6.18	362.434	4827.17
27.6	-6.18	361.35900000000004	4819.33
27.6	-6.18	360.285	4805.33
27.6	-6.18	359.21	4800.52
27.6	-6.18	358.135	4786.06
27.6	-6.18	357.059	4772.76
27.6	-6.18	355.98400000000004	4755.91
27.6	-6.18	354.908	4755.18
27.6	-6.18	353.832	4752.32
27.6	-6.18	352.756	4748.1
27.6	-6.18	351.67900000000003	4766.33
27.6	-6.18	350.603	4781.42
27.6	-6.18	349.526	4802.7
27.6	-6.18	348.449	4844.98
27.6	-6.18	347.37199999999996	4887.65
27.6	-6.18	346.295	4940.17
27.6	-6.18	345.217	4998.36
27.6	-6.18	344.139	5059.26
27.6	-6.18	343.061	5120.66
27.6	-6.18	341.983	5173.43
27.6	-6.18	340.905	5224.73
27.6	-6.18	339.82599999999996	5268.67
27.6	-6.18	338.74699999999996	5309.86
27.6	-6.18	337.668	5342.67
27.6	-6.18	336.589	5372.14
27.6	-6.18	335.51	5400.32
27.6	-6.18	334.43	5421.14
27.6	-6.18	333.35	5439.73
27.6	-6.18	332.27	5441.58
27.6	-6.18	331.19	5431.21
27.6	-6.18	330.11	5421.23
27.6	-6.18	329.029	5399.76
27.6	-6.18	327.94800000000004	5373.92
27.6	-6.18	326.867	5359.01
27.6	-6.18	325.786	5338.35
27.6	-6.18	324.705	5315.78
27.6	-6.18	323.623	5301.28
27.6	-6.18	322.541	5295.91
27.6	-6.18	321.459	5282.09
27.6	-6.18	320.377	5276.36
27.6	-6.18	319.29400000000004	5276.69
27.6	-6.18	318.212	5280.27
27.6	-6.18	317.129	5291.02
27.6	-6.18	316.046	5307.72
27.6	-6.18	314.962	5314.95
27.6	-6.18	313.879	5342.15
27.6	-6.18	312.795	5352.33
27.6	-6.18	311.711	5356.67
27.6	-6.18	310.627	5364.93
27.6	-6.18	309.543	5375.5
27.6	-6.18	308.45799999999997	5382.78
27.6	-6.18	307.374	5391.69
27.6	-6.18	306.289	5408.37
27.6	-6.18	305.204	5424.69
27.6	-6.18	304.118	5447.06
27.6	-6.18	303.033	5462.36
27.6	-6.18	301.947	5475.15
27.6	-6.18	300.861	5488.8
27.6	-6.18	299.775	5497.3
27.6	-6.18	298.689	5502.32
27.6	-6.18	297.60200000000003	5524.26
27.6	-6.18	296.515	5548.13
27.6	-6.18	295.428	5556.47
27.6	-6.18	294.341	5576.31
27.6	-6.18	293.254	5591.52
27.6	-6.18	292.166	5605.74
27.6	-6.18	291.079	5629.08
27.6	-6.18	289.991	5638.87
27.6	-6.18	288.902	5654.36
27.6	-6.18	287.814	5670.79
27.6	-6.18	286.725	5691.49
27.6	-6.18	285.637	5699.92
27.6	-6.18	284.547	5728.0
27.6	-6.18	283.45799999999997	5756.92
27.6	-6.18	282.369	5775.48
27.6	-6.18	281.279	5801.17
27.6	-6.18	280.189	5811.29
27.6	-6.18	279.099	5824.39
27.6	-6.18	278.009	5844.96
27.6	-6.18	276.91900000000004	5864.24
27.6	-6.18	275.828	5888.66
27.6	-6.18	274.737	5911.2
27.6	-6.18	273.64599999999996	5918.72
27.6	-6.18	272.555	5930.35
27.6	-6.18	271.46299999999997	5944.82
27.6	-6.18	270.371	5958.47
27.6	-6.18	269.28	5967.54
27.6	-6.18	268.187	5979.17
27.6	-6.18	267.095	5984.91
27.6	-6.18	266.003	5988.63
27.6	-6.18	264.91	6002.04
27.6	-6.18	263.817	5995.64
27.6	-6.18	262.724	5981.11
27.6	-6.18	261.63	5984.92
27.6	-6.18	260.53700000000003	5974.8
27.6	-6.18	259.443	5962.04
27.6	-6.18	258.349	5952.64
27.6	-6.18	257.255	5942.93
27.6	-6.18	256.16	5932.82
27.6	-6.18	255.06599999999997	5911.86
27.6	-6.18	253.97099999999998	5912.38
27.6	-6.18	252.87599999999998	5898.29
27.6	-6.18	251.78099999999998	5897.68
27.6	-6.18	250.685	5892.07
27.6	-6.18	249.59	5885.99
27.6	-6.18	248.49400000000003	5877.77
27.6	-6.18	247.398	5874.25
27.6	-6.18	246.30200000000002	5880.2
27.6	-6.18	245.205	5883.02
27.6	-6.18	244.108	5889.2
27.6	-6.18	243.012	5900.2
27.6	-6.18	241.91400000000002	5896.61
27.6	-6.18	240.817	5886.35
27.6	-6.18	239.72	5898.09
27.6	-6.18	238.622	5905.42
27.6	-6.18	237.524	5897.97
27.6	-6.18	236.426	5890.67
27.6	-6.18	235.328	5894.24
27.6	-6.18	234.229	5893.61
27.6	-6.18	233.13	5885.1
27.6	-6.18	232.03099999999998	5883.91
27.6	-6.18	230.93200000000002	5870.94
27.6	-6.18	229.833	5855.61
27.6	-6.18	228.733	5838.36
27.6	-6.18	227.63299999999998	5825.1
27.6	-6.18	226.533	5807.52
27.6	-6.18	225.433	5791.95
27.6	-6.18	224.333	5790.91
27.6	-6.18	223.232	5780.26
27.6	-6.18	222.13099999999997	5764.72
27.6	-6.18	221.03	5760.31
27.6	-6.18	219.929	5757.64
27.6	-6.18	218.827	5745.93
27.6	-6.18	217.726	5748.63
27.6	-6.18	216.62400000000002	5748.87
27.6	-6.18	215.52200000000002	5746.8
27.6	-6.18	214.419	5752.02
27.6	-6.18	213.317	5762.56
27.6	-6.18	212.21400000000003	5765.84
27.6	-6.18	211.111	5770.27
27.6	-6.18	210.00799999999998	5776.29
27.6	-6.18	208.905	5782.37
27.6	-6.18	207.801	5786.76
27.6	-6.18	206.697	5796.69
27.6	-6.18	205.593	5800.32
27.6	-6.18	204.489	5803.33
27.6	-6.18	203.385	5814.4
27.6	-6.18	202.28	5825.07
27.6	-6.18	201.175	5831.18
27.6	-6.18	200.07	5829.14
