27.6	-14.18	1999.92	1839.02
27.6	-14.18	1999.14	1832.24
27.6	-14.18	1998.35	1829.25
27.6	-14.18	1997.57	1824.8
27.6	-14.18	1996.78	1821.25
27.6	-14.18	1996.0	1817.82
27.6	-14.18	1995.21	1819.38
27.6	-14.18	1994.42	1817.53
27.6	-14.18	1993.64	1820.95
27.6	-14.18	1992.85	1818.65
27.6	-14.18	1992.07	1821.12
27.6	-14.18	1991.28	1823.96
27.6	-14.18	1990.5	1829.11
27.6	-14.18	1989.71	1835.61
27.6	-14.18	1988.92	1837.13
27.6	-14.18	1988.14	1841.56
27.6	-14.18	1987.35	1847.0
27.6	-14.18	1986.56	1848.34
27.6	-14.18	1985.78	1855.73
27.6	-14.18	1984.99	1853.15
27.6	-14.18	1984.2	1851.94
27.6	-14.18	1983.42	1845.36
27.6	-14.18	1982.63	1838.0
27.6	-14.18	1981.84	1836.79
27.6	-14.18	1981.05	1829.25
27.6	-14.18	1980.27	1822.43
27.6	-14.18	1979.48	1819.91
27.6	-14.18	1978.69	1820.46
27.6	-14.18	1977.9	1822.24
27.6	-14.18	1977.11	1826.59
27.6	-14.18	1976.33	1829.26
27.6	-14.18	1975.54	1830.64
27.6	-14.18	1974.75	1833.61
27.6	-14.18	1973.96	1831.26
27.6	-14.18	1973.17	1830.72
27.6	-14.18	1972.38	1831.96
27.6	-14.18	1971.59	1835.3
27.6	-14.18	1970.8	1833.34
27.6	-14.18	1970.01	1842.33
27.6	-14.18	1969.22	1839.18
27.6	-14.18	1968.43	1846.97
27.6	-14.18	1967.64	1853.47
27.6	-14.18	1966.85	1862.57
27.6	-14.18	1966.06	1871.23
27.6	-14.18	1965.27	1875.35
27.6	-14.18	1964.48	1881.14
27.6	-14.18	1963.69	1888.46
27.6	-14.18	1962.9	1893.64
27.6	-14.18	1962.11	1892.82
27.6	-14.18	1961.32	1894.66
27.6	-14.18	1960.53	1890.52
27.6	-14.18	1959.74	1890.19
27.6	-14.18	1958.95	1887.31
27.6	-14.18	1958.16	1890.49
27.6	-14.18	1957.37	1892.08
27.6	-14.18	1956.57	1897.97
27.6	-14.18	1955.78	1906.9
27.6	-14.18	1954.99	1916.69
27.6	-14.18	1954.2	1919.81
27.6	-14.18	1953.41	1926.4
27.6	-14.18	1952.61	1925.7
27.6	-14.18	1951.82	1923.67
27.6	-14.18	1951.03	1921.2
27.6	-14.18	1950.24	1921.59
27.6	-14.18	1949.44	1921.8
27.6	-14.18	1948.65	1924.55
27.6	-14.18	1947.86	1925.22
27.6	-14.18	1947.06	1927.29
27.6	-14.18	1946.27	1928.95
27.6	-14.18	1945.48	1933.04
27.6	-14.18	1944.68	1941.57
27.6	-14.18	1943.89	1947.47
27.6	-14.18	1943.1	1951.34
27.6	-14.18	1942.3	1954.79
27.6	-14.18	1941.51	1952.75
27.6	-14.18	1940.71	1952.97
27.6	-14.18	1939.92	1952.42
27.6	-14.18	1939.12	1948.17
27.6	-14.18	1938.33	1942.64
27.6	-14.18	1937.53	1940.47
27.6	-14.18	1936.74	1935.59
27.6	-14.18	1935.94	1936.19
27.6	-14.18	1935.15	1935.24
27.6	-14.18	1934.35	1936.28
27.6	-14.18	1933.56	1937.95
27.6	-14.18	1932.76	1935.36
27.6	-14.18	1931.97	1938.13
27.6	-14.18	1931.17	1940.13
27.6	-14.18	1930.37	1937.14
27.6	-14.18	1929.58	1941.13
27.6	-14.18	1928.78	1940.6
27.6	-14.18	1927.99	1943.99
27.6	-14.18	1927.19	1945.75
27.6	-14.18	1926.39	1950.57
27.6	-14.18	1925.6	1953.4
27.6	-14.18	1924.8	1954.77
27.6	-14.18	1924.0	1958.41
27.6	-14.18	1923.2	1966.1
27.6	-14.18	1922.41	1968.2
27.6	-14.18	1921.61	1977.76
27.6	-14.18	1920.81	1977.35
27.6	-14.18	1920.01	1982.18
27.6	-14.18	1919.22	1978.16
27.6	-14.18	1918.42	1984.66
27.6	-14.18	1917.62	1980.97
27.6	-14.18	1916.82	1980.95
27.6	-14.18	1916.02	1979.81
27.6	-14.18	1915.22	1979.0
27.6	-14.18	1914.43	1977.27
27.6	-14.18	1913.63	1976.55
27.6	-14.18	1912.83	1979.58
27.6	-14.18	1912.03	1976.87
27.6	-14.18	1911.23	1975.5
27.6	-14.18	1910.43	1967.53
27.6	-14.18	1909.63	1968.97
27.6	-14.18	1908.83	1965.63
27.6	-14.18	1908.03	1962.65
27.6	-14.18	1907.23	1965.5
27.6	-14.18	1906.43	1963.06
27.6	-14.18	1905.63	1964.19
27.6	-14.18	1904.83	1960.21
27.6	-14.18	1904.03	1964.5
27.6	-14.18	1903.23	1964.62
27.6	-14.18	1902.43	1968.93
27.6	-14.18	1901.63	1970.2
27.6	-14.18	1900.83	1975.8
27.6	-14.18	1900.03	1981.57
27.6	-14.18	1899.23	1985.77
27.6	-14.18	1898.42	1985.35
27.6	-14.18	1897.62	1989.12
27.6	-14.18	1896.82	1992.51
27.6	-14.18	1896.02	1996.3
27.6	-14.18	1895.22	1993.43
27.6	-14.18	1894.41	2005.99
27.6	-14.18	1893.61	2006.58
27.6	-14.18	1892.81	2011.93
27.6	-14.18	1892.01	2014.31
27.6	-14.18	1891.21	2015.51
27.6	-14.18	1890.4	2017.75
27.6	-14.18	1889.6	2018.65
27.6	-14.18	1888.8	2021.87
27.6	-14.18	1887.99	2016.41
27.6	-14.18	1887.19	2018.95
27.6	-14.18	1886.39	2023.05
27.6	-14.18	1885.58	2034.37
27.6	-14.18	1884.78	2033.97
27.6	-14.18	1883.98	2031.09
27.6	-14.18	1883.17	2034.39
27.6	-14.18	1882.37	2033.12
27.6	-14.18	1881.56	2038.26
27.6	-14.18	1880.76	2041.74
27.6	-14.18	1879.95	2045.99
27.6	-14.18	1879.15	2048.03
27.6	-14.18	1878.35	2053.47
27.6	-14.18	1877.54	2052.6
27.6	-14.18	1876.74	2058.36
27.6	-14.18	1875.93	2057.61
27.6	-14.18	1875.13	2063.69
27.6	-14.18	1874.32	2069.68
27.6	-14.18	1873.51	2076.51
27.6	-14.18	1872.71	2081.37
27.6	-14.18	1871.9	2087.76
27.6	-14.18	1871.1	2094.29
27.6	-14.18	1870.29	2104.42
27.6	-14.18	1869.48	2104.83
27.6	-14.18	1868.68	2103.47
27.6	-14.18	1867.87	2102.06
27.6	-14.18	1867.06	2106.77
27.6	-14.18	1866.26	2106.98
27.6	-14.18	1865.45	2111.49
27.6	-14.18	1864.64	2110.04
27.6	-14.18	1863.84	2115.4
27.6	-14.18	1863.03	2120.9
27.6	-14.18	1862.22	2125.29
27.6	-14.18	1861.41	2124.62
27.6	-14.18	1860.61	2121.03
27.6	-14.18	1859.8	2115.3
27.6	-14.18	1858.99	2121.3
27.6	-14.18	1858.18	2118.82
27.6	-14.18	1857.37	2118.18
27.6	-14.18	1856.57	2116.63
27.6	-14.18	1855.76	2113.49
27.6	-14.18	1854.95	2115.0
27.6	-14.18	1854.14	2112.64
27.6	-14.18	1853.33	2116.71
27.6	-14.18	1852.52	2123.45
27.6	-14.18	1851.71	2127.83
27.6	-14.18	1850.9	2132.72
27.6	-14.18	1850.09	2133.77
27.6	-14.18	1849.28	2137.69
27.6	-14.18	1848.47	2142.62
27.6	-14.18	1847.66	2149.3
27.6	-14.18	1846.85	2148.77
27.6	-14.18	1846.04	2150.32
27.6	-14.18	1845.23	2152.96
27.6	-14.18	1844.42	2155.53
27.6	-14.18	1843.61	2157.04
27.6	-14.18	1842.8	2160.21
27.6	-14.18	1841.99	2167.36
27.6	-14.18	1841.18	2173.24
27.6	-14.18	1840.37	2176.57
27.6	-14.18	1839.56	2183.47
27.6	-14.18	1838.75	2180.85
27.6	-14.18	1837.94	2183.71
27.6	-14.18	1837.12	2187.46
27.6	-14.18	1836.31	2188.32
27.6	-14.18	1835.5	2187.38
27.6	-14.18	1834.69	2190.01
27.6	-14.18	1833.88	2191.7
27.6	-14.18	1833.06	2201.64
27.6	-14.18	1832.25	2197.54
27.6	-14.18	1831.44	2199.95
27.6	-14.18	1830.63	2201.78
27.6	-14.18	1829.81	2208.91
27.6	-14.18	1829.0	2217.32
27.6	-14.18	1828.19	2222.04
27.6	-14.18	1827.37	2227.39
27.6	-14.18	1826.56	2228.19
27.6	-14.18	1825.75	2237.09
27.6	-14.18	1824.93	2244.9
27.6	-14.18	1824.12	2245.33
27.6	-14.18	1823.3	2241.26
27.6	-14.18	1822.49	2245.03
27.6	-14.18	1821.68	2253.9
27.6	-14.18	1820.86	2257.6
27.6	-14.18	1820.05	2260.55
27.6	-14.18	1819.23	2268.16
27.6	-14.18	1818.42	2273.47
27.6	-14.18	1817.6	2273.11
27.6	-14.18	1816.79	2265.04
27.6	-14.18	1815.97	2264.2
27.6	-14.18	1815.16	2258.31
27.6	-14.18	1814.34	2254.43
27.6	-14.18	1813.53	2252.1
27.6	-14.18	1812.71	2249.28
27.6	-14.18	1811.89	2242.15
27.6	-14.18	1811.08	2241.57
27.6	-14.18	1810.26	2237.48
27.6	-14.18	1809.45	2239.43
27.6	-14.18	1808.63	2237.17
27.6	-14.18	1807.81	2232.62
27.6	-14.18	1807.0	2240.2
27.6	-14.18	1806.18	2236.56
27.6	-14.18	1805.36	2236.31
27.6	-14.18	1804.54	2243.29
27.6	-14.18	1803.73	2249.76
27.6	-14.18	1802.91	2250.58
27.6	-14.18	1802.09	2253.23
27.6	-14.18	1801.27	2260.44
27.6	-14.18	1800.46	2259.75
27.6	-14.18	1799.64	2270.47
27.6	-14.18	1798.82	2277.43
27.6	-14.18	1798.0	2289.4
27.6	-14.18	1797.18	2296.37
27.6	-14.18	1796.37	2304.25
27.6	-14.18	1795.55	2313.14
27.6	-14.18	1794.73	2321.47
27.6	-14.18	1793.91	2318.26
27.6	-14.18	1793.09	2319.81
27.6	-14.18	1792.27	2327.04
27.6	-14.18	1791.45	2336.93
27.6	-14.18	1790.63	2341.4
27.6	-14.18	1789.81	2344.19
27.6	-14.18	1788.99	2348.39
27.6	-14.18	1788.17	2350.67
27.6	-14.18	1787.35	2352.88
27.6	-14.18	1786.53	2356.1
27.6	-14.18	1785.71	2365.89
27.6	-14.18	1784.89	2373.06
27.6	-14.18	1784.07	2376.06
27.6	-14.18	1783.25	2374.7
27.6	-14.18	1782.43	2375.13
27.6	-14.18	1781.61	2376.13
27.6	-14.18	1780.79	2381.28
27.6	-14.18	1779.97	2390.0
27.6	-14.18	1779.14	2393.64
27.6	-14.18	1778.32	2398.51
27.6	-14.18	1777.5	2408.46
27.6	-14.18	1776.68	2411.39
27.6	-14.18	1775.86	2422.18
27.6	-14.18	1775.03	2432.48
27.6	-14.18	1774.21	2433.82
27.6	-14.18	1773.39	2442.23
27.6	-14.18	1772.57	2450.83
27.6	-14.18	1771.74	2460.17
27.6	-14.18	1770.92	2462.35
27.6	-14.18	1770.1	2471.87
27.6	-14.18	1769.28	2474.62
27.6	-14.18	1768.45	2485.15
27.6	-14.18	1767.63	2488.46
27.6	-14.18	1766.81	2492.18
27.6	-14.18	1765.98	2497.16
27.6	-14.18	1765.16	2502.81
27.6	-14.18	1764.33	2505.67
27.6	-14.18	1763.51	2506.65
27.6	-14.18	1762.69	2509.26
27.6	-14.18	1761.86	2511.6
27.6	-14.18	1761.04	2519.8
27.6	-14.18	1760.21	2516.49
27.6	-14.18	1759.39	2513.73
27.6	-14.18	1758.56	2517.17
27.6	-14.18	1757.74	2526.17
27.6	-14.18	1756.91	2527.52
27.6	-14.18	1756.09	2526.19
27.6	-14.18	1755.26	2531.28
27.6	-14.18	1754.44	2536.14
27.6	-14.18	1753.61	2535.82
27.6	-14.18	1752.78	2537.26
27.6	-14.18	1751.96	2535.01
27.6	-14.18	1751.13	2544.34
27.6	-14.18	1750.31	2546.01
27.6	-14.18	1749.48	2548.83
27.6	-14.18	1748.65	2545.74
27.6	-14.18	1747.83	2549.05
27.6	-14.18	1747.0	2550.86
27.6	-14.18	1746.17	2548.6
27.6	-14.18	1745.34	2548.79
27.6	-14.18	1744.52	2552.85
27.6	-14.18	1743.69	2555.97
27.6	-14.18	1742.86	2555.79
27.6	-14.18	1742.03	2557.33
27.6	-14.18	1741.21	2561.54
27.6	-14.18	1740.38	2565.62
27.6	-14.18	1739.55	2564.82
27.6	-14.18	1738.72	2565.25
27.6	-14.18	1737.89	2569.95
27.6	-14.18	1737.07	2569.85
27.6	-14.18	1736.24	2575.27
27.6	-14.18	1735.41	2581.69
27.6	-14.18	1734.58	2589.26
27.6	-14.18	1733.75	2599.01
27.6	-14.18	1732.92	2602.58
27.6	-14.18	1732.09	2604.36
27.6	-14.18	1731.26	2611.91
27.6	-14.18	1730.43	2618.24
27.6	-14.18	1729.6	2618.37
27.6	-14.18	1728.77	2623.89
27.6	-14.18	1727.94	2635.6
27.6	-14.18	1727.11	2640.73
27.6	-14.18	1726.28	2651.21
27.6	-14.18	1725.45	2650.55
27.6	-14.18	1724.62	2650.95
27.6	-14.18	1723.79	2651.66
27.6	-14.18	1722.96	2657.38
27.6	-14.18	1722.13	2660.71
27.6	-14.18	1721.3	2660.89
27.6	-14.18	1720.46	2659.99
27.6	-14.18	1719.63	2668.2
27.6	-14.18	1718.8	2666.97
27.6	-14.18	1717.97	2668.07
27.6	-14.18	1717.14	2665.7
27.6	-14.18	1716.3	2663.44
27.6	-14.18	1715.47	2665.12
27.6	-14.18	1714.64	2663.98
27.6	-14.18	1713.81	2671.65
27.6	-14.18	1712.97	2683.92
27.6	-14.18	1712.14	2686.11
27.6	-14.18	1711.31	2689.11
27.6	-14.18	1710.48	2698.13
27.6	-14.18	1709.64	2703.11
27.6	-14.18	1708.81	2707.33
27.6	-14.18	1707.98	2709.1
27.6	-14.18	1707.14	2718.68
27.6	-14.18	1706.31	2727.64
27.6	-14.18	1705.47	2729.34
27.6	-14.18	1704.64	2740.05
27.6	-14.18	1703.81	2750.4
27.6	-14.18	1702.97	2759.37
27.6	-14.18	1702.14	2759.38
27.6	-14.18	1701.3	2767.58
27.6	-14.18	1700.47	2776.22
27.6	-14.18	1699.63	2784.5
27.6	-14.18	1698.8	2796.5
27.6	-14.18	1697.96	2806.55
27.6	-14.18	1697.13	2816.19
27.6	-14.18	1696.29	2825.62
27.6	-14.18	1695.46	2837.83
27.6	-14.18	1694.62	2848.87
27.6	-14.18	1693.78	2856.65
27.6	-14.18	1692.95	2858.57
27.6	-14.18	1692.11	2864.46
27.6	-14.18	1691.28	2870.97
27.6	-14.18	1690.44	2877.83
27.6	-14.18	1689.6	2885.68
27.6	-14.18	1688.77	2903.68
27.6	-14.18	1687.93	2907.14
27.6	-14.18	1687.09	2906.12
27.6	-14.18	1686.25	2911.81
27.6	-14.18	1685.42	2922.46
27.6	-14.18	1684.58	2932.08
27.6	-14.18	1683.74	2938.61
27.6	-14.18	1682.9	2946.71
27.6	-14.18	1682.07	2954.12
27.6	-14.18	1681.23	2961.84
27.6	-14.18	1680.39	2969.69
27.6	-14.18	1679.55	2984.74
27.6	-14.18	1678.71	2996.98
27.6	-14.18	1677.87	3007.67
27.6	-14.18	1677.04	3020.81
27.6	-14.18	1676.2	3040.76
27.6	-14.18	1675.36	3054.5
27.6	-14.18	1674.52	3070.56
27.6	-14.18	1673.68	3087.61
27.6	-14.18	1672.84	3099.11
27.6	-14.18	1672.0	3115.71
27.6	-14.18	1671.16	3134.99
27.6	-14.18	1670.32	3145.97
27.6	-14.18	1669.48	3158.45
27.6	-14.18	1668.64	3174.43
27.6	-14.18	1667.8	3179.1
27.6	-14.18	1666.96	3190.12
27.6	-14.18	1666.12	3202.27
27.6	-14.18	1665.28	3211.25
27.6	-14.18	1664.44	3223.52
27.6	-14.18	1663.6	3245.34
27.6	-14.18	1662.75	3245.78
27.6	-14.18	1661.91	3255.56
27.6	-14.18	1661.07	3277.31
27.6	-14.18	1660.23	3285.61
27.6	-14.18	1659.39	3297.18
27.6	-14.18	1658.55	3309.37
27.6	-14.18	1657.7	3326.05
27.6	-14.18	1656.86	3337.86
27.6	-14.18	1656.02	3353.58
27.6	-14.18	1655.18	3374.11
27.6	-14.18	1654.33	3396.36
27.6	-14.18	1653.49	3409.9
27.6	-14.18	1652.65	3426.28
27.6	-14.18	1651.81	3445.04
27.6	-14.18	1650.96	3467.67
27.6	-14.18	1650.12	3493.12
27.6	-14.18	1649.28	3519.68
27.6	-14.18	1648.43	3540.54
27.6	-14.18	1647.59	3572.55
27.6	-14.18	1646.74	3605.21
27.6	-14.18	1645.9	3635.02
27.6	-14.18	1645.06	3664.62
27.6	-14.18	1644.21	3696.94
27.6	-14.18	1643.37	3726.81
27.6	-14.18	1642.52	3757.1
27.6	-14.18	1641.68	3790.5
27.6	-14.18	1640.83	3827.68
27.6	-14.18	1639.99	3858.31
27.6	-14.18	1639.14	3902.32
27.6	-14.18	1638.3	3946.91
27.6	-14.18	1637.45	3982.97
27.6	-14.18	1636.61	4034.6
27.6	-14.18	1635.76	4088.01
27.6	-14.18	1634.91	4122.18
27.6	-14.18	1634.07	4174.01
27.6	-14.18	1633.22	4231.35
27.6	-14.18	1632.38	4285.21
27.6	-14.18	1631.53	4338.07
27.6	-14.18	1630.68	4385.35
27.6	-14.18	1629.84	4437.13
27.6	-14.18	1628.99	4489.54
27.6	-14.18	1628.14	4534.99
27.6	-14.18	1627.29	4587.74
27.6	-14.18	1626.45	4644.63
27.6	-14.18	1625.6	4703.09
27.6	-14.18	1624.75	4754.24
27.6	-14.18	1623.9	4797.17
27.6	-14.18	1623.06	4840.71
27.6	-14.18	1622.21	4887.21
27.6	-14.18	1621.36	4928.36
27.6	-14.18	1620.51	4964.18
27.6	-14.18	1619.66	5002.86
27.6	-14.18	1618.81	5035.92
27.6	-14.18	1617.96	5066.27
27.6	-14.18	1617.12	5095.0
27.6	-14.18	1616.27	5118.93
27.6	-14.18	1615.42	5151.09
27.6	-14.18	1614.57	5175.03
27.6	-14.18	1613.72	5211.22
27.6	-14.18	1612.87	5226.81
27.6	-14.18	1612.02	5245.34
27.6	-14.18	1611.17	5267.16
27.6	-14.18	1610.32	5280.79
27.6	-14.18	1609.47	5292.61
27.6	-14.18	1608.62	5317.92
27.6	-14.18	1607.77	5334.8
27.6	-14.18	1606.92	5347.74
27.6	-14.18	1606.06	5356.22
27.6	-14.18	1605.21	5357.35
27.6	-14.18	1604.36	5363.35
27.6	-14.18	1603.51	5365.61
27.6	-14.18	1602.66	5361.68
27.6	-14.18	1601.81	5366.65
27.6	-14.18	1600.96	5373.46
27.6	-14.18	1600.1	5368.93
27.6	-14.18	1599.25	5361.75
27.6	-14.18	1598.4	5357.85
27.6	-14.18	1597.55	5363.27
27.6	-14.18	1596.69	5364.43
27.6	-14.18	1595.84	5373.8
27.6	-14.18	1594.99	5376.08
27.6	-14.18	1594.14	5391.39
27.6	-14.18	1593.28	5378.32
27.6	-14.18	1592.43	5384.37
27.6	-14.18	1591.58	5394.95
27.6	-14.18	1590.72	5399.64
27.6	-14.18	1589.87	5406.48
27.6	-14.18	1589.02	5407.54
27.6	-14.18	1588.16	5406.69
27.6	-14.18	1587.31	5401.2
27.6	-14.18	1586.45	5401.21
27.6	-14.18	1585.6	5410.48
27.6	-14.18	1584.74	5416.31
27.6	-14.18	1583.89	5423.56
27.6	-14.18	1583.03	5431.82
27.6	-14.18	1582.18	5442.86
27.6	-14.18	1581.32	5453.35
27.6	-14.18	1580.47	5450.07
27.6	-14.18	1579.61	5454.62
27.6	-14.18	1578.76	5451.61
27.6	-14.18	1577.9	5449.57
27.6	-14.18	1577.05	5463.52
27.6	-14.18	1576.19	5488.71
27.6	-14.18	1575.33	5497.65
27.6	-14.18	1574.48	5509.03
27.6	-14.18	1573.62	5517.73
27.6	-14.18	1572.76	5540.64
27.6	-14.18	1571.91	5559.3
27.6	-14.18	1571.05	5563.73
27.6	-14.18	1570.19	5583.17
27.6	-14.18	1569.34	5594.73
27.6	-14.18	1568.48	5607.73
27.6	-14.18	1567.62	5602.96
27.6	-14.18	1566.76	5623.87
27.6	-14.18	1565.91	5626.23
27.6	-14.18	1565.05	5628.61
27.6	-14.18	1564.19	5637.3
27.6	-14.18	1563.33	5634.39
27.6	-14.18	1562.47	5635.66
27.6	-14.18	1561.62	5641.93
27.6	-14.18	1560.76	5643.91
27.6	-14.18	1559.9	5661.99
27.6	-14.18	1559.04	5662.21
27.6	-14.18	1558.18	5669.66
27.6	-14.18	1557.32	5688.34
27.6	-14.18	1556.46	5694.5
27.6	-14.18	1555.6	5690.05
27.6	-14.18	1554.74	5682.67
27.6	-14.18	1553.88	5691.87
27.6	-14.18	1553.02	5689.98
27.6	-14.18	1552.16	5692.11
27.6	-14.18	1551.3	5707.59
27.6	-14.18	1550.44	5713.05
27.6	-14.18	1549.58	5707.2
27.6	-14.18	1548.72	5697.2
27.6	-14.18	1547.86	5695.18
27.6	-14.18	1547.0	5692.36
27.6	-14.18	1546.14	5679.48
27.6	-14.18	1545.28	5679.02
27.6	-14.18	1544.41	5682.91
27.6	-14.18	1543.55	5685.7
27.6	-14.18	1542.69	5678.99
27.6	-14.18	1541.83	5675.98
27.6	-14.18	1540.97	5677.85
27.6	-14.18	1540.1	5679.31
27.6	-14.18	1539.24	5689.48
27.6	-14.18	1538.38	5689.59
27.6	-14.18	1537.52	5685.19
27.6	-14.18	1536.65	5705.5
27.6	-14.18	1535.79	5711.44
27.6	-14.18	1534.93	5726.38
27.6	-14.18	1534.06	5739.66
27.6	-14.18	1533.2	5742.42
27.6	-14.18	1532.34	5762.34
27.6	-14.18	1531.47	5779.75
27.6	-14.18	1530.61	5783.67
27.6	-14.18	1529.75	5795.32
27.6	-14.18	1528.88	5811.88
27.6	-14.18	1528.02	5839.51
27.6	-14.18	1527.15	5848.97
27.6	-14.18	1526.29	5853.53
27.6	-14.18	1525.42	5866.77
27.6	-14.18	1524.56	5869.55
27.6	-14.18	1523.69	5864.77
27.6	-14.18	1522.83	5856.71
27.6	-14.18	1521.96	5863.17
27.6	-14.18	1521.1	5865.57
27.6	-14.18	1520.23	5873.21
27.6	-14.18	1519.37	5880.59
27.6	-14.18	1518.5	5879.41
27.6	-14.18	1517.63	5882.77
27.6	-14.18	1516.77	5878.76
27.6	-14.18	1515.9	5879.82
27.6	-14.18	1515.03	5884.85
27.6	-14.18	1514.17	5882.45
27.6	-14.18	1513.3	5885.49
27.6	-14.18	1512.43	5888.0
27.6	-14.18	1511.57	5894.79
27.6	-14.18	1510.7	5912.62
27.6	-14.18	1509.83	5919.16
27.6	-14.18	1508.96	5936.16
27.6	-14.18	1508.1	5941.29
27.6	-14.18	1507.23	5956.01
27.6	-14.18	1506.36	5979.87
27.6	-14.18	1505.49	6004.47
27.6	-14.18	1504.62	6011.98
27.6	-14.18	1503.76	6026.33
27.6	-14.18	1502.89	6033.91
27.6	-14.18	1502.02	6039.87
27.6	-14.18	1501.15	6032.11
27.6	-14.18	1500.28	6028.37
27.6	-14.18	1499.41	6029.71
27.6	-14.18	1498.54	6026.82
27.6	-14.18	1497.67	6020.34
27.6	-14.18	1496.8	6008.84
27.6	-14.18	1495.93	6002.07
27.6	-14.18	1495.06	5991.97
27.6	-14.18	1494.19	5979.07
27.6	-14.18	1493.32	5961.73
27.6	-14.18	1492.45	5948.43
27.6	-14.18	1491.58	5934.92
27.6	-14.18	1490.71	5924.79
27.6	-14.18	1489.84	5912.89
27.6	-14.18	1488.97	5907.26
27.6	-14.18	1488.1	5891.04
27.6	-14.18	1487.23	5886.55
27.6	-14.18	1486.35	5882.86
27.6	-14.18	1485.48	5875.99
27.6	-14.18	1484.61	5871.71
27.6	-14.18	1483.74	5864.96
27.6	-14.18	1482.87	5850.56
27.6	-14.18	1481.99	5835.61
27.6	-14.18	1481.12	5826.61
27.6	-14.18	1480.25	5821.15
27.6	-14.18	1479.38	5811.99
27.6	-14.18	1478.5	5788.75
27.6	-14.18	1477.63	5774.65
27.6	-14.18	1476.76	5754.65
27.6	-14.18	1475.88	5742.03
27.6	-14.18	1475.01	5722.56
27.6	-14.18	1474.14	5703.98
27.6	-14.18	1473.26	5694.44
27.6	-14.18	1472.39	5676.18
27.6	-14.18	1471.51	5652.59
27.6	-14.18	1470.64	5623.48
27.6	-14.18	1469.77	5598.07
27.6	-14.18	1468.89	5576.94
27.6	-14.18	1468.02	5558.87
27.6	-14.18	1467.14	5540.2
27.6	-14.18	1466.27	5527.23
27.6	-14.18	1465.39	5517.47
27.6	-14.18	1464.52	5506.17
27.6	-14.18	1463.64	5495.82
27.6	-14.18	1462.77	5490.81
27.6	-14.18	1461.89	5480.09
27.6	-14.18	1461.01	5475.85
27.6	-14.18	1460.14	5467.04
27.6	-14.18	1459.26	5456.59
27.6	-14.18	1458.39	5437.89
27.6	-14.18	1457.51	5431.43
27.6	-14.18	1456.63	5426.35
27.6	-14.18	1455.76	5426.86
27.6	-14.18	1454.88	5426.01
27.6	-14.18	1454.0	5433.35
27.6	-14.18	1453.12	5438.5
27.6	-14.18	1452.25	5438.72
27.6	-14.18	1451.37	5443.29
27.6	-14.18	1450.49	5443.96
27.6	-14.18	1449.61	5444.94
27.6	-14.18	1448.74	5448.83
27.6	-14.18	1447.86	5450.39
27.6	-14.18	1446.98	5460.77
27.6	-14.18	1446.1	5457.06
27.6	-14.18	1445.22	5458.33
27.6	-14.18	1444.34	5454.61
27.6	-14.18	1443.46	5462.25
27.6	-14.18	1442.58	5476.64
27.6	-14.18	1441.71	5481.83
27.6	-14.18	1440.83	5489.48
27.6	-14.18	1439.95	5500.85
27.6	-14.18	1439.07	5505.99
27.6	-14.18	1438.19	5526.8
27.6	-14.18	1437.31	5547.91
27.6	-14.18	1436.43	5559.71
27.6	-14.18	1435.55	5573.49
27.6	-14.18	1434.67	5583.47
27.6	-14.18	1433.79	5597.62
27.6	-14.18	1432.9	5610.37
27.6	-14.18	1432.02	5625.77
27.6	-14.18	1431.14	5652.48
27.6	-14.18	1430.26	5675.77
27.6	-14.18	1429.38	5687.26
27.6	-14.18	1428.5	5698.7
27.6	-14.18	1427.62	5720.17
27.6	-14.18	1426.74	5729.15
27.6	-14.18	1425.85	5735.59
27.6	-14.18	1424.97	5737.81
27.6	-14.18	1424.09	5735.6
27.6	-14.18	1423.21	5731.57
27.6	-14.18	1422.32	5729.53
27.6	-14.18	1421.44	5725.68
27.6	-14.18	1420.56	5724.88
27.6	-14.18	1419.67	5713.86
27.6	-14.18	1418.79	5706.12
27.6	-14.18	1417.91	5689.01
27.6	-14.18	1417.02	5680.93
27.6	-14.18	1416.14	5658.66
27.6	-14.18	1415.26	5639.34
27.6	-14.18	1414.37	5617.81
27.6	-14.18	1413.49	5602.45
27.6	-14.18	1412.6	5587.73
27.6	-14.18	1411.72	5586.77
27.6	-14.18	1410.84	5571.29
27.6	-14.18	1409.95	5562.18
27.6	-14.18	1409.07	5551.19
27.6	-14.18	1408.18	5539.39
27.6	-14.18	1407.3	5536.59
27.6	-14.18	1406.41	5525.92
27.6	-14.18	1405.52	5519.27
27.6	-14.18	1404.64	5512.52
27.6	-14.18	1403.75	5503.45
27.6	-14.18	1402.87	5488.26
27.6	-14.18	1401.98	5491.71
27.6	-14.18	1401.09	5501.7
27.6	-14.18	1400.21	5493.97
27.6	-14.18	1399.32	5490.77
27.6	-14.18	1398.43	5485.74
27.6	-14.18	1397.55	5490.15
27.6	-14.18	1396.66	5490.18
27.6	-14.18	1395.77	5499.25
27.6	-14.18	1394.89	5509.04
27.6	-14.18	1394.0	5526.61
27.6	-14.18	1393.11	5529.72
27.6	-14.18	1392.22	5534.72
27.6	-14.18	1391.34	5536.87
27.6	-14.18	1390.45	5551.96
27.6	-14.18	1389.56	5563.13
27.6	-14.18	1388.67	5581.1
27.6	-14.18	1387.78	5590.23
27.6	-14.18	1386.89	5617.23
27.6	-14.18	1386.0	5640.89
27.6	-14.18	1385.11	5662.08
27.6	-14.18	1384.23	5676.12
27.6	-14.18	1383.34	5694.45
27.6	-14.18	1382.45	5702.01
27.6	-14.18	1381.56	5716.2
27.6	-14.18	1380.67	5724.06
27.6	-14.18	1379.78	5740.52
27.6	-14.18	1378.89	5759.57
27.6	-14.18	1378.0	5774.45
27.6	-14.18	1377.11	5795.17
27.6	-14.18	1376.22	5816.6
27.6	-14.18	1375.32	5841.43
27.6	-14.18	1374.43	5859.06
27.6	-14.18	1373.54	5868.57
27.6	-14.18	1372.65	5891.16
27.6	-14.18	1371.76	5922.62
27.6	-14.18	1370.87	5947.99
27.6	-14.18	1369.98	5966.13
27.6	-14.18	1369.08	5991.43
27.6	-14.18	1368.19	6019.56
27.6	-14.18	1367.3	6052.78
27.6	-14.18	1366.41	6063.66
27.6	-14.18	1365.52	6084.15
27.6	-14.18	1364.62	6114.2
27.6	-14.18	1363.73	6156.24
27.6	-14.18	1362.84	6174.91
27.6	-14.18	1361.94	6195.52
27.6	-14.18	1361.05	6211.44
27.6	-14.18	1360.16	6231.09
27.6	-14.18	1359.26	6225.22
27.6	-14.18	1358.37	6228.8
27.6	-14.18	1357.48	6216.07
27.6	-14.18	1356.58	6207.48
27.6	-14.18	1355.69	6192.34
27.6	-14.18	1354.79	6180.06
27.6	-14.18	1353.9	6171.87
27.6	-14.18	1353.0	6170.99
27.6	-14.18	1352.11	6157.34
27.6	-14.18	1351.21	6142.98
27.6	-14.18	1350.32	6136.32
27.6	-14.18	1349.42	6129.24
27.6	-14.18	1348.53	6122.38
27.6	-14.18	1347.63	6114.82
27.6	-14.18	1346.74	6103.09
27.6	-14.18	1345.84	6106.36
27.6	-14.18	1344.94	6112.28
27.6	-14.18	1344.05	6108.18
27.6	-14.18	1343.15	6105.47
27.6	-14.18	1342.26	6119.94
27.6	-14.18	1341.36	6133.71
27.6	-14.18	1340.46	6150.25
27.6	-14.18	1339.56	6151.12
27.6	-14.18	1338.67	6176.62
27.6	-14.18	1337.77	6201.21
27.6	-14.18	1336.87	6218.09
27.6	-14.18	1335.97	6229.73
27.6	-14.18	1335.08	6244.54
27.6	-14.18	1334.18	6250.31
27.6	-14.18	1333.28	6263.07
27.6	-14.18	1332.38	6262.74
27.6	-14.18	1331.48	6273.54
27.6	-14.18	1330.59	6279.56
27.6	-14.18	1329.69	6285.88
27.6	-14.18	1328.79	6290.32
27.6	-14.18	1327.89	6307.37
27.6	-14.18	1326.99	6316.87
27.6	-14.18	1326.09	6330.78
27.6	-14.18	1325.19	6337.43
27.6	-14.18	1324.29	6339.16
27.6	-14.18	1323.39	6341.45
27.6	-14.18	1322.49	6354.76
27.6	-14.18	1321.59	6342.39
27.6	-14.18	1320.69	6342.77
27.6	-14.18	1319.79	6343.28
27.6	-14.18	1318.89	6356.86
27.6	-14.18	1317.99	6356.29
27.6	-14.18	1317.09	6350.07
27.6	-14.18	1316.19	6342.75
27.6	-14.18	1315.29	6347.03
27.6	-14.18	1314.38	6327.36
27.6	-14.18	1313.48	6312.33
27.6	-14.18	1312.58	6294.59
27.6	-14.18	1311.68	6288.01
27.6	-14.18	1310.78	6262.38
27.6	-14.18	1309.87	6238.46
27.6	-14.18	1308.97	6216.6
27.6	-14.18	1308.07	6187.15
27.6	-14.18	1307.17	6156.58
27.6	-14.18	1306.26	6129.93
27.6	-14.18	1305.36	6100.46
27.6	-14.18	1304.46	6084.5
27.6	-14.18	1303.55	6069.16
27.6	-14.18	1302.65	6045.7
27.6	-14.18	1301.75	6033.14
27.6	-14.18	1300.84	6034.02
27.6	-14.18	1299.94	6011.13
27.6	-14.18	1299.03	5997.01
27.6	-14.18	1298.13	5975.64
27.6	-14.18	1297.23	5968.35
27.6	-14.18	1296.32	5961.57
27.6	-14.18	1295.42	5955.06
27.6	-14.18	1294.51	5936.49
27.6	-14.18	1293.61	5938.89
27.6	-14.18	1292.7	5933.1
27.6	-14.18	1291.8	5918.31
27.6	-14.18	1290.89	5903.19
27.6	-14.18	1289.98	5895.58
27.6	-14.18	1289.08	5882.34
27.6	-14.18	1288.17	5861.84
27.6	-14.18	1287.27	5836.8
27.6	-14.18	1286.36	5832.21
27.6	-14.18	1285.45	5816.96
27.6	-14.18	1284.55	5783.19
27.6	-14.18	1283.64	5761.39
27.6	-14.18	1282.73	5745.08
27.6	-14.18	1281.83	5729.14
27.6	-14.18	1280.92	5708.8
27.6	-14.18	1280.01	5686.49
27.6	-14.18	1279.1	5676.07
27.6	-14.18	1278.2	5673.31
27.6	-14.18	1277.29	5673.11
27.6	-14.18	1276.38	5669.46
27.6	-14.18	1275.47	5673.12
27.6	-14.18	1274.56	5673.76
27.6	-14.18	1273.65	5676.14
27.6	-14.18	1272.75	5667.54
27.6	-14.18	1271.84	5674.72
27.6	-14.18	1270.93	5684.84
27.6	-14.18	1270.02	5692.66
27.6	-14.18	1269.11	5690.25
27.6	-14.18	1268.2	5694.14
27.6	-14.18	1267.29	5694.77
27.6	-14.18	1266.38	5686.92
27.6	-14.18	1265.47	5680.74
27.6	-14.18	1264.56	5671.88
27.6	-14.18	1263.65	5667.64
27.6	-14.18	1262.74	5659.13
27.6	-14.18	1261.83	5647.58
27.6	-14.18	1260.92	5626.28
27.6	-14.18	1260.01	5622.22
27.6	-14.18	1259.1	5607.38
27.6	-14.18	1258.18	5580.81
27.6	-14.18	1257.27	5562.53
27.6	-14.18	1256.36	5551.57
27.6	-14.18	1255.45	5540.05
27.6	-14.18	1254.54	5519.38
27.6	-14.18	1253.62	5499.95
27.6	-14.18	1252.71	5488.32
27.6	-14.18	1251.8	5472.53
27.6	-14.18	1250.89	5459.87
27.6	-14.18	1249.97	5453.84
27.6	-14.18	1249.06	5446.5
27.6	-14.18	1248.15	5438.72
27.6	-14.18	1247.24	5424.45
27.6	-14.18	1246.32	5417.62
27.6	-14.18	1245.41	5414.11
27.6	-14.18	1244.49	5409.13
27.6	-14.18	1243.58	5396.81
27.6	-14.18	1242.67	5395.98
27.6	-14.18	1241.75	5400.07
27.6	-14.18	1240.84	5393.16
27.6	-14.18	1239.92	5388.92
27.6	-14.18	1239.01	5388.29
27.6	-14.18	1238.09	5392.19
27.6	-14.18	1237.18	5395.22
27.6	-14.18	1236.26	5402.55
27.6	-14.18	1235.35	5411.29
27.6	-14.18	1234.43	5419.86
27.6	-14.18	1233.52	5428.38
27.6	-14.18	1232.6	5443.93
27.6	-14.18	1231.69	5446.14
27.6	-14.18	1230.77	5464.21
27.6	-14.18	1229.85	5480.14
27.6	-14.18	1228.94	5480.39
27.6	-14.18	1228.02	5497.25
27.6	-14.18	1227.1	5509.06
27.6	-14.18	1226.19	5524.23
27.6	-14.18	1225.27	5531.46
27.6	-14.18	1224.35	5541.61
27.6	-14.18	1223.43	5558.96
27.6	-14.18	1222.52	5572.49
27.6	-14.18	1221.6	5578.28
27.6	-14.18	1220.68	5582.23
27.6	-14.18	1219.76	5597.68
27.6	-14.18	1218.84	5616.9
27.6	-14.18	1217.93	5636.35
27.6	-14.18	1217.01	5644.13
27.6	-14.18	1216.09	5674.11
27.6	-14.18	1215.17	5699.31
27.6	-14.18	1214.25	5713.36
27.6	-14.18	1213.33	5724.84
27.6	-14.18	1212.41	5744.93
27.6	-14.18	1211.49	5765.64
27.6	-14.18	1210.57	5779.39
27.6	-14.18	1209.65	5789.44
27.6	-14.18	1208.73	5807.74
27.6	-14.18	1207.81	5816.36
27.6	-14.18	1206.89	5813.58
27.6	-14.18	1205.97	5813.38
27.6	-14.18	1205.05	5809.15
27.6	-14.18	1204.13	5812.36
27.6	-14.18	1203.21	5814.75
27.6	-14.18	1202.29	5801.16
27.6	-14.18	1201.37	5790.59
27.6	-14.18	1200.45	5782.22
27.6	-14.18	1199.52	5769.89
27.6	-14.18	1198.6	5752.78
27.6	-14.18	1197.68	5734.94
27.6	-14.18	1196.76	5726.99
27.6	-14.18	1195.84	5712.42
27.6	-14.18	1194.91	5689.34
27.6	-14.18	1193.99	5679.7
27.6	-14.18	1193.07	5672.69
27.6	-14.18	1192.14	5665.2
27.6	-14.18	1191.22	5654.95
27.6	-14.18	1190.3	5648.76
27.6	-14.18	1189.37	5635.01
27.6	-14.18	1188.45	5634.53
27.6	-14.18	1187.53	5607.37
27.6	-14.18	1186.6	5589.27
27.6	-14.18	1185.68	5571.13
27.6	-14.18	1184.76	5551.79
27.6	-14.18	1183.83	5530.39
27.6	-14.18	1182.91	5512.36
27.6	-14.18	1181.98	5486.7
27.6	-14.18	1181.06	5459.54
27.6	-14.18	1180.13	5429.35
27.6	-14.18	1179.21	5403.06
27.6	-14.18	1178.28	5382.34
27.6	-14.18	1177.36	5353.13
27.6	-14.18	1176.43	5332.52
27.6	-14.18	1175.5	5298.96
27.6	-14.18	1174.58	5265.4
27.6	-14.18	1173.65	5238.74
27.6	-14.18	1172.72	5198.36
27.6	-14.18	1171.8	5165.73
27.6	-14.18	1170.87	5139.91
27.6	-14.18	1169.94	5123.06
27.6	-14.18	1169.02	5102.07
27.6	-14.18	1168.09	5085.82
27.6	-14.18	1167.16	5073.82
27.6	-14.18	1166.24	5064.64
27.6	-14.18	1165.31	5043.08
27.6	-14.18	1164.38	5036.91
27.6	-14.18	1163.45	5050.4
27.6	-14.18	1162.52	5049.82
27.6	-14.18	1161.6	5045.42
27.6	-14.18	1160.67	5042.96
27.6	-14.18	1159.74	5038.97
27.6	-14.18	1158.81	5045.84
27.6	-14.18	1157.88	5042.17
27.6	-14.18	1156.95	5048.28
27.6	-14.18	1156.02	5070.8
27.6	-14.18	1155.09	5086.74
27.6	-14.18	1154.16	5090.16
27.6	-14.18	1153.23	5099.47
27.6	-14.18	1152.3	5116.12
27.6	-14.18	1151.37	5137.37
27.6	-14.18	1150.44	5133.74
27.6	-14.18	1149.51	5134.7
27.6	-14.18	1148.58	5140.3
27.6	-14.18	1147.65	5135.08
27.6	-14.18	1146.72	5136.68
27.6	-14.18	1145.79	5126.05
27.6	-14.18	1144.86	5121.4
27.6	-14.18	1143.92	5122.1
27.6	-14.18	1142.99	5118.22
27.6	-14.18	1142.06	5116.58
27.6	-14.18	1141.13	5112.68
27.6	-14.18	1140.2	5107.17
27.6	-14.18	1139.26	5095.69
27.6	-14.18	1138.33	5077.91
27.6	-14.18	1137.4	5069.88
27.6	-14.18	1136.47	5071.49
27.6	-14.18	1135.53	5060.64
27.6	-14.18	1134.6	5033.05
27.6	-14.18	1133.67	5009.74
27.6	-14.18	1132.73	4982.84
27.6	-14.18	1131.8	4964.55
27.6	-14.18	1130.87	4945.22
27.6	-14.18	1129.93	4916.85
27.6	-14.18	1129.0	4899.7
27.6	-14.18	1128.06	4882.07
27.6	-14.18	1127.13	4854.23
27.6	-14.18	1126.19	4824.19
27.6	-14.18	1125.26	4806.6
27.6	-14.18	1124.32	4773.28
27.6	-14.18	1123.39	4748.27
27.6	-14.18	1122.45	4714.85
27.6	-14.18	1121.52	4695.25
27.6	-14.18	1120.58	4669.38
27.6	-14.18	1119.65	4648.29
27.6	-14.18	1118.71	4639.05
27.6	-14.18	1117.78	4618.48
27.6	-14.18	1116.84	4604.65
27.6	-14.18	1115.9	4590.4
27.6	-14.18	1114.97	4577.42
27.6	-14.18	1114.03	4579.8
27.6	-14.18	1113.09	4571.09
27.6	-14.18	1112.15	4565.45
27.6	-14.18	1111.22	4560.58
27.6	-14.18	1110.28	4554.61
27.6	-14.18	1109.34	4551.9
27.6	-14.18	1108.4	4538.85
27.6	-14.18	1107.47	4525.71
27.6	-14.18	1106.53	4511.92
27.6	-14.18	1105.59	4497.81
27.6	-14.18	1104.65	4483.36
27.6	-14.18	1103.71	4476.47
27.6	-14.18	1102.77	4463.86
27.6	-14.18	1101.83	4452.41
27.6	-14.18	1100.9	4444.44
27.6	-14.18	1099.96	4441.38
27.6	-14.18	1099.02	4430.36
27.6	-14.18	1098.08	4417.24
27.6	-14.18	1097.14	4408.74
27.6	-14.18	1096.2	4395.01
27.6	-14.18	1095.26	4391.35
27.6	-14.18	1094.32	4376.28
27.6	-14.18	1093.38	4359.32
27.6	-14.18	1092.44	4346.34
27.6	-14.18	1091.49	4338.31
27.6	-14.18	1090.55	4325.57
27.6	-14.18	1089.61	4312.63
27.6	-14.18	1088.67	4297.19
27.6	-14.18	1087.73	4293.01
27.6	-14.18	1086.79	4281.62
27.6	-14.18	1085.85	4275.79
27.6	-14.18	1084.9	4259.96
27.6	-14.18	1083.96	4248.45
27.6	-14.18	1083.02	4226.89
27.6	-14.18	1082.08	4211.71
27.6	-14.18	1081.13	4196.2
27.6	-14.18	1080.19	4186.2
27.6	-14.18	1079.25	4173.88
27.6	-14.18	1078.31	4163.57
27.6	-14.18	1077.36	4156.68
27.6	-14.18	1076.42	4153.18
27.6	-14.18	1075.48	4154.33
27.6	-14.18	1074.53	4160.12
27.6	-14.18	1073.59	4164.43
27.6	-14.18	1072.64	4162.49
27.6	-14.18	1071.7	4159.82
27.6	-14.18	1070.75	4157.98
27.6	-14.18	1069.81	4170.15
27.6	-14.18	1068.86	4171.84
27.6	-14.18	1067.92	4179.9
27.6	-14.18	1066.97	4190.04
27.6	-14.18	1066.03	4205.31
27.6	-14.18	1065.08	4219.0
27.6	-14.18	1064.14	4236.38
27.6	-14.18	1063.19	4249.08
27.6	-14.18	1062.25	4263.0
27.6	-14.18	1061.3	4273.25
27.6	-14.18	1060.35	4280.79
27.6	-14.18	1059.41	4291.01
27.6	-14.18	1058.46	4288.46
27.6	-14.18	1057.51	4282.95
27.6	-14.18	1056.57	4280.52
27.6	-14.18	1055.62	4280.14
27.6	-14.18	1054.67	4274.33
27.6	-14.18	1053.72	4264.1
27.6	-14.18	1052.78	4251.57
27.6	-14.18	1051.83	4237.94
27.6	-14.18	1050.88	4224.04
27.6	-14.18	1049.93	4207.74
27.6	-14.18	1048.98	4192.09
27.6	-14.18	1048.03	4178.29
27.6	-14.18	1047.09	4168.93
27.6	-14.18	1046.14	4155.99
27.6	-14.18	1045.19	4139.71
27.6	-14.18	1044.24	4131.65
27.6	-14.18	1043.29	4128.22
27.6	-14.18	1042.34	4123.59
27.6	-14.18	1041.39	4129.66
27.6	-14.18	1040.44	4130.46
27.6	-14.18	1039.49	4137.11
27.6	-14.18	1038.54	4150.71
27.6	-14.18	1037.59	4167.27
27.6	-14.18	1036.64	4174.94
27.6	-14.18	1035.69	4193.42
27.6	-14.18	1034.74	4205.85
27.6	-14.18	1033.79	4222.86
27.6	-14.18	1032.83	4229.53
27.6	-14.18	1031.88	4234.62
27.6	-14.18	1030.93	4235.22
27.6	-14.18	1029.98	4236.43
27.6	-14.18	1029.03	4233.68
27.6	-14.18	1028.07	4234.44
27.6	-14.18	1027.12	4226.65
27.6	-14.18	1026.17	4213.24
27.6	-14.18	1025.22	4202.6
27.6	-14.18	1024.26	4190.06
27.6	-14.18	1023.31	4179.78
27.6	-14.18	1022.36	4164.11
27.6	-14.18	1021.4	4138.56
27.6	-14.18	1020.45	4119.43
27.6	-14.18	1019.5	4100.22
27.6	-14.18	1018.54	4086.01
27.6	-14.18	1017.59	4069.16
27.6	-14.18	1016.64	4059.77
27.6	-14.18	1015.68	4050.56
27.6	-14.18	1014.73	4038.67
27.6	-14.18	1013.77	4021.25
27.6	-14.18	1012.82	4017.57
27.6	-14.18	1011.86	4007.82
27.6	-14.18	1010.91	4003.51
27.6	-14.18	1009.95	4005.46
27.6	-14.18	1009.0	4005.66
27.6	-14.18	1008.04	4003.16
27.6	-14.18	1007.08	4006.08
27.6	-14.18	1006.13	4003.41
27.6	-14.18	1005.17	4001.01
27.6	-14.18	1004.22	4001.86
27.6	-14.18	1003.26	3999.47
27.6	-14.18	1002.3	3999.81
27.6	-14.18	1001.34	3997.52
27.6	-14.18	1000.39	3996.85
27.6	-14.18	999.431	3997.42
27.6	-14.18	998.4730000000001	4002.61
27.6	-14.18	997.515	4005.33
27.6	-14.18	996.558	4009.36
27.6	-14.18	995.6	4004.43
27.6	-14.18	994.6410000000001	4004.35
27.6	-14.18	993.683	3993.22
27.6	-14.18	992.725	3994.98
27.6	-14.18	991.7660000000001	3998.31
27.6	-14.18	990.807	4001.73
27.6	-14.18	989.8480000000001	4009.95
27.6	-14.18	988.8889999999999	4020.26
27.6	-14.18	987.93	4026.94
27.6	-14.18	986.97	4023.8
27.6	-14.18	986.01	4029.08
27.6	-14.18	985.05	4028.42
27.6	-14.18	984.09	4040.14
27.6	-14.18	983.13	4039.25
27.6	-14.18	982.17	4041.04
27.6	-14.18	981.209	4040.02
27.6	-14.18	980.248	4032.62
27.6	-14.18	979.288	4036.78
27.6	-14.18	978.326	4037.27
27.6	-14.18	977.365	4037.56
27.6	-14.18	976.404	4032.1
27.6	-14.18	975.442	4029.06
27.6	-14.18	974.48	4026.79
27.6	-14.18	973.518	4029.13
27.6	-14.18	972.556	4028.43
27.6	-14.18	971.5939999999999	4034.95
27.6	-14.18	970.632	4038.45
27.6	-14.18	969.669	4043.23
27.6	-14.18	968.706	4046.23
27.6	-14.18	967.743	4053.12
27.6	-14.18	966.78	4047.84
27.6	-14.18	965.817	4044.65
27.6	-14.18	964.8530000000001	4042.52
27.6	-14.18	963.8889999999999	4044.56
27.6	-14.18	962.926	4043.61
27.6	-14.18	961.961	4038.34
27.6	-14.18	960.997	4039.45
27.6	-14.18	960.033	4035.68
27.6	-14.18	959.068	4027.05
27.6	-14.18	958.1039999999999	4019.2
27.6	-14.18	957.1389999999999	4012.42
27.6	-14.18	956.174	4004.35
27.6	-14.18	955.2080000000001	3997.23
27.6	-14.18	954.243	3984.11
27.6	-14.18	953.2769999999999	3970.79
27.6	-14.18	952.312	3959.97
27.6	-14.18	951.346	3951.04
27.6	-14.18	950.38	3944.19
27.6	-14.18	949.413	3933.49
27.6	-14.18	948.447	3934.33
27.6	-14.18	947.48	3925.03
27.6	-14.18	946.513	3921.85
27.6	-14.18	945.546	3925.6
27.6	-14.18	944.579	3929.16
27.6	-14.18	943.612	3927.95
27.6	-14.18	942.6439999999999	3936.14
27.6	-14.18	941.677	3936.01
27.6	-14.18	940.709	3940.09
27.6	-14.18	939.7410000000001	3941.81
27.6	-14.18	938.773	3948.03
27.6	-14.18	937.804	3955.14
27.6	-14.18	936.836	3960.09
27.6	-14.18	935.867	3968.7
27.6	-14.18	934.898	3977.09
27.6	-14.18	933.929	3988.27
27.6	-14.18	932.96	3998.46
27.6	-14.18	931.99	4003.94
27.6	-14.18	931.0210000000001	4002.97
27.6	-14.18	930.051	4005.4
27.6	-14.18	929.081	4013.19
27.6	-14.18	928.1110000000001	4014.08
27.6	-14.18	927.1410000000001	4023.94
27.6	-14.18	926.17	4027.05
27.6	-14.18	925.199	4030.08
27.6	-14.18	924.2289999999999	4022.7
27.6	-14.18	923.258	4023.38
27.6	-14.18	922.2860000000001	4021.97
27.6	-14.18	921.315	4026.05
27.6	-14.18	920.3439999999999	4027.38
27.6	-14.18	919.372	4024.78
27.6	-14.18	918.4	4013.87
27.6	-14.18	917.428	4010.09
27.6	-14.18	916.456	4012.34
27.6	-14.18	915.4830000000001	4007.83
27.6	-14.18	914.5110000000001	3997.83
27.6	-14.18	913.538	3991.56
27.6	-14.18	912.565	3989.16
27.6	-14.18	911.592	3988.89
27.6	-14.18	910.6189999999999	3977.44
27.6	-14.18	909.645	3971.31
27.6	-14.18	908.671	3964.66
27.6	-14.18	907.698	3949.45
27.6	-14.18	906.7239999999999	3943.5
27.6	-14.18	905.75	3934.13
27.6	-14.18	904.775	3920.13
27.6	-14.18	903.801	3914.4
27.6	-14.18	902.826	3903.22
27.6	-14.18	901.8510000000001	3894.01
27.6	-14.18	900.8760000000001	3889.97
27.6	-14.18	899.9010000000001	3884.87
27.6	-14.18	898.925	3882.95
27.6	-14.18	897.95	3876.95
27.6	-14.18	896.9739999999999	3873.21
27.6	-14.18	895.998	3870.92
27.6	-14.18	895.0219999999999	3863.57
27.6	-14.18	894.046	3863.94
27.6	-14.18	893.069	3865.5
27.6	-14.18	892.0930000000001	3874.26
27.6	-14.18	891.1160000000001	3870.48
27.6	-14.18	890.1389999999999	3870.57
27.6	-14.18	889.1619999999999	3878.44
27.6	-14.18	888.184	3889.82
27.6	-14.18	887.207	3898.7
27.6	-14.18	886.2289999999999	3896.84
27.6	-14.18	885.2510000000001	3905.78
27.6	-14.18	884.273	3916.88
27.6	-14.18	883.295	3915.19
27.6	-14.18	882.317	3915.03
27.6	-14.18	881.3380000000001	3921.29
27.6	-14.18	880.3589999999999	3922.66
27.6	-14.18	879.38	3925.81
27.6	-14.18	878.4010000000001	3925.87
27.6	-14.18	877.422	3932.51
27.6	-14.18	876.442	3932.25
27.6	-14.18	875.4630000000001	3934.69
27.6	-14.18	874.4830000000001	3942.55
27.6	-14.18	873.503	3939.17
27.6	-14.18	872.523	3939.08
27.6	-14.18	871.5419999999999	3944.26
27.6	-14.18	870.562	3945.36
27.6	-14.18	869.581	3951.89
27.6	-14.18	868.6	3946.17
27.6	-14.18	867.6189999999999	3952.94
27.6	-14.18	866.638	3964.01
27.6	-14.18	865.6569999999999	3963.5
27.6	-14.18	864.675	3958.57
27.6	-14.18	863.693	3959.12
27.6	-14.18	862.711	3957.72
27.6	-14.18	861.7289999999999	3949.45
27.6	-14.18	860.747	3944.33
27.6	-14.18	859.7639999999999	3942.35
27.6	-14.18	858.7819999999999	3951.66
27.6	-14.18	857.799	3950.35
27.6	-14.18	856.816	3948.42
27.6	-14.18	855.8330000000001	3951.99
27.6	-14.18	854.8489999999999	3953.01
27.6	-14.18	853.8660000000001	3953.17
27.6	-14.18	852.882	3961.98
27.6	-14.18	851.898	3963.0
27.6	-14.18	850.914	3960.21
27.6	-14.18	849.93	3961.81
27.6	-14.18	848.945	3971.65
27.6	-14.18	847.961	3976.77
27.6	-14.18	846.9760000000001	3983.11
27.6	-14.18	845.9910000000001	3987.45
27.6	-14.18	845.0060000000001	3991.49
27.6	-14.18	844.02	3998.07
27.6	-14.18	843.035	4007.33
27.6	-14.18	842.049	4008.14
27.6	-14.18	841.063	4010.05
27.6	-14.18	840.077	4021.29
27.6	-14.18	839.091	4028.54
27.6	-14.18	838.1039999999999	4037.03
27.6	-14.18	837.118	4043.71
27.6	-14.18	836.1310000000001	4036.29
27.6	-14.18	835.1439999999999	4032.36
27.6	-14.18	834.1569999999999	4035.13
27.6	-14.18	833.17	4040.23
27.6	-14.18	832.182	4045.4
27.6	-14.18	831.195	4057.16
27.6	-14.18	830.207	4067.52
27.6	-14.18	829.2189999999999	4085.42
27.6	-14.18	828.23	4095.97
27.6	-14.18	827.242	4109.01
27.6	-14.18	826.253	4120.88
27.6	-14.18	825.265	4132.26
27.6	-14.18	824.2760000000001	4144.44
27.6	-14.18	823.2869999999999	4152.86
27.6	-14.18	822.297	4162.05
27.6	-14.18	821.308	4177.09
27.6	-14.18	820.318	4182.48
27.6	-14.18	819.328	4188.97
27.6	-14.18	818.3380000000001	4191.64
27.6	-14.18	817.3480000000001	4196.24
27.6	-14.18	816.3580000000001	4188.51
27.6	-14.18	815.367	4181.04
27.6	-14.18	814.377	4169.03
27.6	-14.18	813.3860000000001	4151.0
27.6	-14.18	812.395	4126.76
27.6	-14.18	811.403	4108.6
27.6	-14.18	810.4119999999999	4095.27
27.6	-14.18	809.42	4075.32
27.6	-14.18	808.428	4056.14
27.6	-14.18	807.436	4029.64
27.6	-14.18	806.444	4005.39
27.6	-14.18	805.452	3980.47
27.6	-14.18	804.459	3962.2
27.6	-14.18	803.467	3953.86
27.6	-14.18	802.4739999999999	3946.08
27.6	-14.18	801.4810000000001	3944.19
27.6	-14.18	800.487	3938.41
27.6	-14.18	799.4939999999999	3944.34
27.6	-14.18	798.5	3948.6
27.6	-14.18	797.507	3953.59
27.6	-14.18	796.513	3958.94
27.6	-14.18	795.518	3969.03
27.6	-14.18	794.5239999999999	3982.35
27.6	-14.18	793.529	3993.91
27.6	-14.18	792.535	4007.11
27.6	-14.18	791.54	4017.62
27.6	-14.18	790.545	4021.07
27.6	-14.18	789.55	4028.07
27.6	-14.18	788.554	4041.13
27.6	-14.18	787.559	4043.71
27.6	-14.18	786.563	4041.5
27.6	-14.18	785.567	4036.77
27.6	-14.18	784.571	4032.95
27.6	-14.18	783.574	4024.48
27.6	-14.18	782.578	4019.69
27.6	-14.18	781.581	4013.95
27.6	-14.18	780.584	4012.34
27.6	-14.18	779.587	4003.32
27.6	-14.18	778.59	3987.74
27.6	-14.18	777.592	3972.04
27.6	-14.18	776.595	3966.07
27.6	-14.18	775.597	3946.0
27.6	-14.18	774.5989999999999	3942.56
27.6	-14.18	773.6010000000001	3940.1
27.6	-14.18	772.602	3945.09
27.6	-14.18	771.6039999999999	3943.37
27.6	-14.18	770.605	3950.61
27.6	-14.18	769.6060000000001	3957.2
27.6	-14.18	768.607	3968.96
27.6	-14.18	767.6080000000001	3975.5
27.6	-14.18	766.6089999999999	3986.34
27.6	-14.18	765.6089999999999	3999.76
27.6	-14.18	764.6089999999999	4007.01
27.6	-14.18	763.6089999999999	4014.19
27.6	-14.18	762.6089999999999	4016.29
27.6	-14.18	761.6089999999999	4017.61
27.6	-14.18	760.6080000000001	4011.29
27.6	-14.18	759.607	4009.3
27.6	-14.18	758.607	4011.62
27.6	-14.18	757.605	4001.07
27.6	-14.18	756.6039999999999	3986.68
27.6	-14.18	755.6030000000001	3980.65
27.6	-14.18	754.6010000000001	3976.71
27.6	-14.18	753.5989999999999	3963.08
27.6	-14.18	752.597	3946.27
27.6	-14.18	751.595	3928.12
27.6	-14.18	750.5930000000001	3918.31
27.6	-14.18	749.59	3909.67
27.6	-14.18	748.587	3889.95
27.6	-14.18	747.585	3881.55
27.6	-14.18	746.581	3866.85
27.6	-14.18	745.578	3851.74
27.6	-14.18	744.575	3850.69
27.6	-14.18	743.571	3853.46
27.6	-14.18	742.567	3859.65
27.6	-14.18	741.563	3863.01
27.6	-14.18	740.559	3877.94
27.6	-14.18	739.555	3884.71
27.6	-14.18	738.55	3904.9
27.6	-14.18	737.545	3911.88
27.6	-14.18	736.54	3921.8
27.6	-14.18	735.535	3930.02
27.6	-14.18	734.53	3935.32
27.6	-14.18	733.525	3940.32
27.6	-14.18	732.5189999999999	3944.65
27.6	-14.18	731.513	3945.27
27.6	-14.18	730.507	3937.36
27.6	-14.18	729.5010000000001	3939.46
27.6	-14.18	728.4939999999999	3946.52
27.6	-14.18	727.488	3940.17
27.6	-14.18	726.4810000000001	3933.68
27.6	-14.18	725.4739999999999	3935.75
27.6	-14.18	724.467	3936.81
27.6	-14.18	723.46	3932.2
27.6	-14.18	722.452	3927.05
27.6	-14.18	721.444	3929.63
27.6	-14.18	720.436	3937.87
27.6	-14.18	719.428	3937.28
27.6	-14.18	718.42	3930.54
27.6	-14.18	717.4119999999999	3936.93
27.6	-14.18	716.403	3930.08
27.6	-14.18	715.3939999999999	3923.36
27.6	-14.18	714.385	3923.66
27.6	-14.18	713.3760000000001	3928.88
27.6	-14.18	712.367	3923.74
27.6	-14.18	711.357	3923.04
27.6	-14.18	710.347	3927.33
27.6	-14.18	709.3380000000001	3921.43
27.6	-14.18	708.327	3920.82
27.6	-14.18	707.317	3908.68
27.6	-14.18	706.307	3906.16
27.6	-14.18	705.296	3905.54
27.6	-14.18	704.285	3893.3
27.6	-14.18	703.2739999999999	3886.89
27.6	-14.18	702.263	3882.86
27.6	-14.18	701.252	3875.3
27.6	-14.18	700.24	3875.43
27.6	-14.18	699.2280000000001	3886.33
27.6	-14.18	698.216	3896.56
27.6	-14.18	697.204	3900.27
27.6	-14.18	696.192	3908.95
27.6	-14.18	695.179	3924.08
27.6	-14.18	694.1669999999999	3939.5
27.6	-14.18	693.154	3947.79
27.6	-14.18	692.1410000000001	3963.71
27.6	-14.18	691.127	3980.9
27.6	-14.18	690.1139999999999	3994.62
27.6	-14.18	689.1	4002.0
27.6	-14.18	688.086	4017.58
27.6	-14.18	687.072	4032.86
27.6	-14.18	686.058	4035.57
27.6	-14.18	685.044	4042.73
27.6	-14.18	684.029	4057.72
27.6	-14.18	683.015	4062.96
27.6	-14.18	682.0	4060.83
27.6	-14.18	680.985	4065.2
27.6	-14.18	679.9689999999999	4065.12
27.6	-14.18	678.954	4056.08
27.6	-14.18	677.938	4059.87
27.6	-14.18	676.922	4053.92
27.6	-14.18	675.9060000000001	4057.87
27.6	-14.18	674.89	4048.68
27.6	-14.18	673.8739999999999	4043.69
27.6	-14.18	672.857	4052.57
27.6	-14.18	671.84	4063.0
27.6	-14.18	670.823	4067.75
27.6	-14.18	669.806	4076.42
27.6	-14.18	668.789	4092.27
27.6	-14.18	667.7710000000001	4092.23
27.6	-14.18	666.753	4102.31
27.6	-14.18	665.735	4108.07
27.6	-14.18	664.717	4117.22
27.6	-14.18	663.699	4126.69
27.6	-14.18	662.68	4136.86
27.6	-14.18	661.6619999999999	4157.83
27.6	-14.18	660.643	4163.63
27.6	-14.18	659.6239999999999	4177.17
27.6	-14.18	658.605	4198.2
27.6	-14.18	657.585	4214.63
27.6	-14.18	656.566	4219.77
27.6	-14.18	655.546	4219.92
27.6	-14.18	654.526	4230.03
27.6	-14.18	653.506	4238.11
27.6	-14.18	652.485	4233.77
27.6	-14.18	651.465	4232.93
27.6	-14.18	650.444	4232.3
27.6	-14.18	649.423	4225.55
27.6	-14.18	648.4019999999999	4222.73
27.6	-14.18	647.381	4229.78
27.6	-14.18	646.359	4225.35
27.6	-14.18	645.3380000000001	4220.05
27.6	-14.18	644.316	4207.44
27.6	-14.18	643.294	4210.92
27.6	-14.18	642.271	4215.75
27.6	-14.18	641.249	4209.9
27.6	-14.18	640.226	4199.77
27.6	-14.18	639.2040000000001	4203.14
27.6	-14.18	638.181	4201.23
27.6	-14.18	637.1569999999999	4194.65
27.6	-14.18	636.134	4198.93
27.6	-14.18	635.11	4187.16
27.6	-14.18	634.087	4186.73
27.6	-14.18	633.063	4180.83
27.6	-14.18	632.039	4177.08
27.6	-14.18	631.014	4174.54
27.6	-14.18	629.99	4162.03
27.6	-14.18	628.965	4158.65
27.6	-14.18	627.94	4149.0
27.6	-14.18	626.915	4126.87
27.6	-14.18	625.89	4113.4
27.6	-14.18	624.864	4098.01
27.6	-14.18	623.839	4089.9
27.6	-14.18	622.813	4076.38
27.6	-14.18	621.7869999999999	4062.72
27.6	-14.18	620.761	4056.73
27.6	-14.18	619.734	4047.63
27.6	-14.18	618.7080000000001	4031.08
27.6	-14.18	617.681	4024.26
27.6	-14.18	616.654	4018.82
27.6	-14.18	615.627	4005.69
27.6	-14.18	614.599	3997.88
27.6	-14.18	613.572	3999.54
27.6	-14.18	612.544	4010.13
27.6	-14.18	611.516	4014.78
27.6	-14.18	610.488	4020.03
27.6	-14.18	609.46	4031.94
27.6	-14.18	608.431	4037.23
27.6	-14.18	607.403	4044.42
27.6	-14.18	606.374	4060.4
27.6	-14.18	605.345	4070.44
27.6	-14.18	604.316	4077.25
27.6	-14.18	603.286	4091.8
27.6	-14.18	602.257	4097.81
27.6	-14.18	601.227	4102.7
27.6	-14.18	600.197	4105.19
27.6	-14.18	599.1669999999999	4109.59
27.6	-14.18	598.136	4116.36
27.6	-14.18	597.106	4119.24
27.6	-14.18	596.075	4114.22
27.6	-14.18	595.044	4116.56
27.6	-14.18	594.013	4111.15
27.6	-14.18	592.981	4105.67
27.6	-14.18	591.95	4103.39
27.6	-14.18	590.918	4096.54
27.6	-14.18	589.886	4086.27
27.6	-14.18	588.854	4066.01
27.6	-14.18	587.822	4050.93
27.6	-14.18	586.789	4042.2
27.6	-14.18	585.757	4025.85
27.6	-14.18	584.724	4011.89
27.6	-14.18	583.691	4011.12
27.6	-14.18	582.6569999999999	4010.79
27.6	-14.18	581.624	4007.75
27.6	-14.18	580.59	4010.57
27.6	-14.18	579.557	4013.34
27.6	-14.18	578.523	4005.65
27.6	-14.18	577.488	4001.72
27.6	-14.18	576.4540000000001	4015.08
27.6	-14.18	575.419	4028.89
27.6	-14.18	574.385	4031.11
27.6	-14.18	573.35	4031.62
27.6	-14.18	572.314	4029.18
27.6	-14.18	571.279	4031.82
27.6	-14.18	570.244	4025.59
27.6	-14.18	569.2080000000001	4029.59
27.6	-14.18	568.172	4033.16
27.6	-14.18	567.136	4035.46
27.6	-14.18	566.099	4028.18
27.6	-14.18	565.063	4024.79
27.6	-14.18	564.026	4025.51
27.6	-14.18	562.989	4024.78
27.6	-14.18	561.952	4027.19
27.6	-14.18	560.915	4029.2
27.6	-14.18	559.877	4022.69
27.6	-14.18	558.84	4016.19
27.6	-14.18	557.802	4016.4
27.6	-14.18	556.764	4023.38
27.6	-14.18	555.726	4023.02
27.6	-14.18	554.687	4021.17
27.6	-14.18	553.649	4028.64
27.6	-14.18	552.61	4036.39
27.6	-14.18	551.571	4035.71
27.6	-14.18	550.5319999999999	4037.5
27.6	-14.18	549.492	4043.93
27.6	-14.18	548.453	4035.98
27.6	-14.18	547.413	4034.87
27.6	-14.18	546.373	4041.54
27.6	-14.18	545.3330000000001	4043.87
27.6	-14.18	544.2919999999999	4041.01
27.6	-14.18	543.252	4045.59
27.6	-14.18	542.211	4046.16
27.6	-14.18	541.17	4039.17
27.6	-14.18	540.129	4044.81
27.6	-14.18	539.0880000000001	4043.25
27.6	-14.18	538.0459999999999	4048.89
27.6	-14.18	537.004	4043.3
27.6	-14.18	535.962	4045.83
27.6	-14.18	534.92	4048.77
27.6	-14.18	533.878	4056.5
27.6	-14.18	532.836	4056.04
27.6	-14.18	531.793	4062.9
27.6	-14.18	530.75	4068.25
27.6	-14.18	529.707	4064.15
27.6	-14.18	528.664	4067.91
27.6	-14.18	527.62	4077.32
27.6	-14.18	526.577	4083.59
27.6	-14.18	525.533	4082.84
27.6	-14.18	524.489	4090.42
27.6	-14.18	523.445	4091.5
27.6	-14.18	522.4	4090.67
27.6	-14.18	521.355	4083.51
27.6	-14.18	520.311	4084.6
27.6	-14.18	519.266	4087.51
27.6	-14.18	518.22	4085.36
27.6	-14.18	517.175	4086.31
27.6	-14.18	516.129	4096.13
27.6	-14.18	515.0840000000001	4095.72
27.6	-14.18	514.038	4103.08
27.6	-14.18	512.992	4122.03
27.6	-14.18	511.945	4134.6
27.6	-14.18	510.899	4135.07
27.6	-14.18	509.852	4139.09
27.6	-14.18	508.805	4153.05
27.6	-14.18	507.75800000000004	4158.46
27.6	-14.18	506.71	4164.87
27.6	-14.18	505.663	4178.67
27.6	-14.18	504.615	4190.96
27.6	-14.18	503.56699999999995	4196.86
27.6	-14.18	502.519	4207.02
27.6	-14.18	501.471	4215.76
27.6	-14.18	500.42199999999997	4222.54
27.6	-14.18	499.374	4221.99
27.6	-14.18	498.325	4221.16
27.6	-14.18	497.276	4224.53
27.6	-14.18	496.226	4221.75
27.6	-14.18	495.17699999999996	4218.35
27.6	-14.18	494.12699999999995	4222.8
27.6	-14.18	493.077	4224.46
27.6	-14.18	492.027	4217.69
27.6	-14.18	490.977	4216.94
27.6	-14.18	489.926	4216.33
27.6	-14.18	488.876	4216.08
27.6	-14.18	487.825	4214.31
27.6	-14.18	486.774	4215.42
27.6	-14.18	485.723	4213.47
27.6	-14.18	484.671	4208.69
27.6	-14.18	483.619	4211.37
27.6	-14.18	482.56800000000004	4217.27
27.6	-14.18	481.51599999999996	4214.76
27.6	-14.18	480.463	4207.02
27.6	-14.18	479.411	4208.1
27.6	-14.18	478.358	4207.01
27.6	-14.18	477.305	4203.15
27.6	-14.18	476.25199999999995	4208.21
27.6	-14.18	475.199	4210.49
27.6	-14.18	474.14599999999996	4213.28
27.6	-14.18	473.092	4207.27
27.6	-14.18	472.038	4204.58
27.6	-14.18	470.98400000000004	4209.58
27.6	-14.18	469.93	4206.42
27.6	-14.18	468.876	4198.64
27.6	-14.18	467.82099999999997	4197.76
27.6	-14.18	466.76599999999996	4193.31
27.6	-14.18	465.711	4197.83
27.6	-14.18	464.656	4199.52
27.6	-14.18	463.601	4194.22
27.6	-14.18	462.545	4191.05
27.6	-14.18	461.49	4190.86
27.6	-14.18	460.434	4201.7
27.6	-14.18	459.37699999999995	4199.87
27.6	-14.18	458.32099999999997	4193.0
27.6	-14.18	457.264	4192.55
27.6	-14.18	456.208	4190.42
27.6	-14.18	455.151	4182.54
27.6	-14.18	454.094	4175.09
27.6	-14.18	453.036	4172.95
27.6	-14.18	451.97900000000004	4168.63
27.6	-14.18	450.921	4157.09
27.6	-14.18	449.86300000000006	4152.7
27.6	-14.18	448.805	4148.08
27.6	-14.18	447.74699999999996	4139.42
27.6	-14.18	446.68800000000005	4137.07
27.6	-14.18	445.629	4134.66
27.6	-14.18	444.57	4131.67
27.6	-14.18	443.51099999999997	4128.32
27.6	-14.18	442.452	4132.75
27.6	-14.18	441.392	4134.26
27.6	-14.18	440.333	4131.64
27.6	-14.18	439.273	4146.1
27.6	-14.18	438.213	4153.3
27.6	-14.18	437.152	4156.52
27.6	-14.18	436.092	4162.11
27.6	-14.18	435.031	4176.1
27.6	-14.18	433.97	4189.54
27.6	-14.18	432.909	4197.14
27.6	-14.18	431.848	4199.86
27.6	-14.18	430.786	4223.09
27.6	-14.18	429.724	4255.27
27.6	-14.18	428.663	4279.82
27.6	-14.18	427.6	4297.7
27.6	-14.18	426.538	4315.42
27.6	-14.18	425.476	4328.89
27.6	-14.18	424.413	4349.75
27.6	-14.18	423.35	4365.59
27.6	-14.18	422.287	4380.51
27.6	-14.18	421.224	4387.62
27.6	-14.18	420.16	4401.9
27.6	-14.18	419.096	4413.03
27.6	-14.18	418.033	4415.52
27.6	-14.18	416.968	4422.55
27.6	-14.18	415.904	4420.22
27.6	-14.18	414.84	4416.33
27.6	-14.18	413.775	4403.54
27.6	-14.18	412.71	4395.39
27.6	-14.18	411.645	4392.72
27.6	-14.18	410.58	4381.14
27.6	-14.18	409.514	4375.15
27.6	-14.18	408.44800000000004	4360.98
27.6	-14.18	407.38300000000004	4346.44
27.6	-14.18	406.316	4330.11
27.6	-14.18	405.25	4317.66
27.6	-14.18	404.184	4307.69
27.6	-14.18	403.11699999999996	4302.72
27.6	-14.18	402.05	4293.43
27.6	-14.18	400.983	4290.08
27.6	-14.18	399.916	4286.26
27.6	-14.18	398.848	4301.31
27.6	-14.18	397.781	4310.17
27.6	-14.18	396.713	4312.19
27.6	-14.18	395.645	4318.95
27.6	-14.18	394.57599999999996	4331.13
27.6	-14.18	393.50800000000004	4340.37
27.6	-14.18	392.439	4354.97
27.6	-14.18	391.37	4359.26
27.6	-14.18	390.301	4371.53
27.6	-14.18	389.23199999999997	4379.4
27.6	-14.18	388.162	4388.97
27.6	-14.18	387.093	4385.92
27.6	-14.18	386.023	4378.74
27.6	-14.18	384.95300000000003	4381.1
27.6	-14.18	383.88199999999995	4364.17
27.6	-14.18	382.81199999999995	4353.83
27.6	-14.18	381.741	4344.48
27.6	-14.18	380.67	4345.24
27.6	-14.18	379.599	4342.71
27.6	-14.18	378.528	4333.26
27.6	-14.18	377.45599999999996	4322.55
27.6	-14.18	376.384	4304.69
27.6	-14.18	375.31300000000005	4293.63
27.6	-14.18	374.24	4290.08
27.6	-14.18	373.168	4283.64
27.6	-14.18	372.096	4277.43
27.6	-14.18	371.023	4271.64
27.6	-14.18	369.95	4266.79
27.6	-14.18	368.87699999999995	4272.84
27.6	-14.18	367.80400000000003	4281.18
27.6	-14.18	366.73	4292.82
27.6	-14.18	365.656	4292.78
27.6	-14.18	364.582	4313.93
27.6	-14.18	363.50800000000004	4331.85
27.6	-14.18	362.434	4344.32
27.6	-14.18	361.35900000000004	4349.9
27.6	-14.18	360.285	4369.74
27.6	-14.18	359.21	4393.46
27.6	-14.18	358.135	4404.31
27.6	-14.18	357.059	4419.74
27.6	-14.18	355.98400000000004	4430.89
27.6	-14.18	354.908	4439.43
27.6	-14.18	353.832	4456.47
27.6	-14.18	352.756	4471.49
27.6	-14.18	351.67900000000003	4485.07
27.6	-14.18	350.603	4499.62
27.6	-14.18	349.526	4520.53
27.6	-14.18	348.449	4542.61
27.6	-14.18	347.37199999999996	4549.58
27.6	-14.18	346.295	4556.71
27.6	-14.18	345.217	4569.39
27.6	-14.18	344.139	4578.69
27.6	-14.18	343.061	4590.31
27.6	-14.18	341.983	4603.6
27.6	-14.18	340.905	4613.03
27.6	-14.18	339.82599999999996	4622.16
27.6	-14.18	338.74699999999996	4624.89
27.6	-14.18	337.668	4637.87
27.6	-14.18	336.589	4651.61
27.6	-14.18	335.51	4662.5
27.6	-14.18	334.43	4675.97
27.6	-14.18	333.35	4688.55
27.6	-14.18	332.27	4711.27
27.6	-14.18	331.19	4727.35
27.6	-14.18	330.11	4744.09
27.6	-14.18	329.029	4765.1
27.6	-14.18	327.94800000000004	4791.37
27.6	-14.18	326.867	4812.41
27.6	-14.18	325.786	4828.04
27.6	-14.18	324.705	4853.27
27.6	-14.18	323.623	4876.36
27.6	-14.18	322.541	4900.8
27.6	-14.18	321.459	4924.45
27.6	-14.18	320.377	4951.74
27.6	-14.18	319.29400000000004	4988.19
27.6	-14.18	318.212	5006.49
27.6	-14.18	317.129	5038.69
27.6	-14.18	316.046	5069.13
27.6	-14.18	314.962	5094.34
27.6	-14.18	313.879	5127.85
27.6	-14.18	312.795	5165.96
27.6	-14.18	311.711	5193.88
27.6	-14.18	310.627	5229.47
27.6	-14.18	309.543	5262.7
27.6	-14.18	308.45799999999997	5302.09
27.6	-14.18	307.374	5327.4
27.6	-14.18	306.289	5351.01
27.6	-14.18	305.204	5386.93
27.6	-14.18	304.118	5408.27
27.6	-14.18	303.033	5426.37
27.6	-14.18	301.947	5453.59
27.6	-14.18	300.861	5478.13
27.6	-14.18	299.775	5496.12
27.6	-14.18	298.689	5514.39
27.6	-14.18	297.60200000000003	5533.72
27.6	-14.18	296.515	5544.89
27.6	-14.18	295.428	5549.28
27.6	-14.18	294.341	5562.82
27.6	-14.18	293.254	5572.36
27.6	-14.18	292.166	5571.47
27.6	-14.18	291.079	5588.81
27.6	-14.18	289.991	5599.05
27.6	-14.18	288.902	5610.05
27.6	-14.18	287.814	5629.17
27.6	-14.18	286.725	5644.43
27.6	-14.18	285.637	5645.77
27.6	-14.18	284.547	5662.43
27.6	-14.18	283.45799999999997	5672.5
27.6	-14.18	282.369	5676.9
27.6	-14.18	281.279	5691.63
27.6	-14.18	280.189	5710.32
27.6	-14.18	279.099	5725.86
27.6	-14.18	278.009	5742.07
27.6	-14.18	276.91900000000004	5752.02
27.6	-14.18	275.828	5764.33
27.6	-14.18	274.737	5760.6
27.6	-14.18	273.64599999999996	5760.23
27.6	-14.18	272.555	5765.73
27.6	-14.18	271.46299999999997	5766.11
27.6	-14.18	270.371	5755.54
27.6	-14.18	269.28	5758.28
27.6	-14.18	268.187	5756.0
27.6	-14.18	267.095	5745.85
27.6	-14.18	266.003	5740.96
27.6	-14.18	264.91	5742.78
27.6	-14.18	263.817	5729.8
27.6	-14.18	262.724	5716.13
27.6	-14.18	261.63	5712.94
27.6	-14.18	260.53700000000003	5702.27
27.6	-14.18	259.443	5687.18
27.6	-14.18	258.349	5686.55
27.6	-14.18	257.255	5679.99
27.6	-14.18	256.16	5666.8
27.6	-14.18	255.06599999999997	5653.63
27.6	-14.18	253.97099999999998	5645.24
27.6	-14.18	252.87599999999998	5633.14
27.6	-14.18	251.78099999999998	5622.44
27.6	-14.18	250.685	5605.75
27.6	-14.18	249.59	5603.85
27.6	-14.18	248.49400000000003	5598.63
27.6	-14.18	247.398	5594.2
27.6	-14.18	246.30200000000002	5600.29
27.6	-14.18	245.205	5588.81
27.6	-14.18	244.108	5574.41
27.6	-14.18	243.012	5578.97
27.6	-14.18	241.91400000000002	5577.06
27.6	-14.18	240.817	5565.36
27.6	-14.18	239.72	5569.13
27.6	-14.18	238.622	5573.42
27.6	-14.18	237.524	5568.74
27.6	-14.18	236.426	5566.52
27.6	-14.18	235.328	5575.98
27.6	-14.18	234.229	5573.73
27.6	-14.18	233.13	5572.72
27.6	-14.18	232.03099999999998	5568.07
27.6	-14.18	230.93200000000002	5567.94
27.6	-14.18	229.833	5558.15
27.6	-14.18	228.733	5556.84
27.6	-14.18	227.63299999999998	5568.72
27.6	-14.18	226.533	5570.46
27.6	-14.18	225.433	5567.1
27.6	-14.18	224.333	5570.52
27.6	-14.18	223.232	5580.99
27.6	-14.18	222.13099999999997	5582.33
27.6	-14.18	221.03	5596.5
27.6	-14.18	219.929	5613.64
27.6	-14.18	218.827	5621.48
27.6	-14.18	217.726	5621.21
27.6	-14.18	216.62400000000002	5639.57
27.6	-14.18	215.52200000000002	5646.31
27.6	-14.18	214.419	5660.74
27.6	-14.18	213.317	5675.75
27.6	-14.18	212.21400000000003	5678.23
27.6	-14.18	211.111	5687.45
27.6	-14.18	210.00799999999998	5702.72
27.6	-14.18	208.905	5708.24
27.6	-14.18	207.801	5713.04
27.6	-14.18	206.697	5725.56
27.6	-14.18	205.593	5734.14
27.6	-14.18	204.489	5734.54
27.6	-14.18	203.385	5730.0
27.6	-14.18	202.28	5737.21
27.6	-14.18	201.175	5732.53
27.6	-14.18	200.07	5728.81
