27.6	-2.18	1999.92	1776.13
27.6	-2.18	1999.14	1784.28
27.6	-2.18	1998.35	1796.05
27.6	-2.18	1997.57	1808.68
27.6	-2.18	1996.78	1817.14
27.6	-2.18	1996.0	1820.62
27.6	-2.18	1995.21	1825.85
27.6	-2.18	1994.42	1833.14
27.6	-2.18	1993.64	1836.24
27.6	-2.18	1992.85	1841.16
27.6	-2.18	1992.07	1845.94
27.6	-2.18	1991.28	1850.51
27.6	-2.18	1990.5	1852.49
27.6	-2.18	1989.71	1851.42
27.6	-2.18	1988.92	1854.37
27.6	-2.18	1988.14	1853.12
27.6	-2.18	1987.35	1848.92
27.6	-2.18	1986.56	1848.45
27.6	-2.18	1985.78	1846.88
27.6	-2.18	1984.99	1850.04
27.6	-2.18	1984.2	1852.0
27.6	-2.18	1983.42	1849.36
27.6	-2.18	1982.63	1847.59
27.6	-2.18	1981.84	1849.2
27.6	-2.18	1981.05	1853.79
27.6	-2.18	1980.27	1853.67
27.6	-2.18	1979.48	1853.58
27.6	-2.18	1978.69	1852.81
27.6	-2.18	1977.9	1855.35
27.6	-2.18	1977.11	1859.25
27.6	-2.18	1976.33	1860.27
27.6	-2.18	1975.54	1863.91
27.6	-2.18	1974.75	1866.73
27.6	-2.18	1973.96	1870.15
27.6	-2.18	1973.17	1867.23
27.6	-2.18	1972.38	1864.77
27.6	-2.18	1971.59	1867.98
27.6	-2.18	1970.8	1867.91
27.6	-2.18	1970.01	1869.73
27.6	-2.18	1969.22	1871.41
27.6	-2.18	1968.43	1873.32
27.6	-2.18	1967.64	1878.01
27.6	-2.18	1966.85	1882.74
27.6	-2.18	1966.06	1881.41
27.6	-2.18	1965.27	1886.29
27.6	-2.18	1964.48	1887.53
27.6	-2.18	1963.69	1892.8
27.6	-2.18	1962.9	1895.37
27.6	-2.18	1962.11	1901.65
27.6	-2.18	1961.32	1907.7
27.6	-2.18	1960.53	1915.9
27.6	-2.18	1959.74	1910.28
27.6	-2.18	1958.95	1908.98
27.6	-2.18	1958.16	1913.91
27.6	-2.18	1957.37	1915.56
27.6	-2.18	1956.57	1913.65
27.6	-2.18	1955.78	1918.66
27.6	-2.18	1954.99	1916.4
27.6	-2.18	1954.2	1914.15
27.6	-2.18	1953.41	1913.62
27.6	-2.18	1952.61	1914.3
27.6	-2.18	1951.82	1921.51
27.6	-2.18	1951.03	1924.74
27.6	-2.18	1950.24	1923.49
27.6	-2.18	1949.44	1922.31
27.6	-2.18	1948.65	1925.27
27.6	-2.18	1947.86	1924.24
27.6	-2.18	1947.06	1924.64
27.6	-2.18	1946.27	1931.83
27.6	-2.18	1945.48	1930.81
27.6	-2.18	1944.68	1940.44
27.6	-2.18	1943.89	1944.54
27.6	-2.18	1943.1	1948.91
27.6	-2.18	1942.3	1948.93
27.6	-2.18	1941.51	1955.62
27.6	-2.18	1940.71	1956.68
27.6	-2.18	1939.92	1958.62
27.6	-2.18	1939.12	1958.27
27.6	-2.18	1938.33	1965.04
27.6	-2.18	1937.53	1959.12
27.6	-2.18	1936.74	1958.7
27.6	-2.18	1935.94	1949.52
27.6	-2.18	1935.15	1947.24
27.6	-2.18	1934.35	1950.61
27.6	-2.18	1933.56	1949.67
27.6	-2.18	1932.76	1947.9
27.6	-2.18	1931.97	1952.87
27.6	-2.18	1931.17	1947.31
27.6	-2.18	1930.37	1948.3
27.6	-2.18	1929.58	1950.94
27.6	-2.18	1928.78	1958.15
27.6	-2.18	1927.99	1963.32
27.6	-2.18	1927.19	1961.56
27.6	-2.18	1926.39	1961.94
27.6	-2.18	1925.6	1968.3
27.6	-2.18	1924.8	1968.95
27.6	-2.18	1924.0	1964.16
27.6	-2.18	1923.2	1968.02
27.6	-2.18	1922.41	1968.13
27.6	-2.18	1921.61	1966.48
27.6	-2.18	1920.81	1970.41
27.6	-2.18	1920.01	1966.59
27.6	-2.18	1919.22	1970.93
27.6	-2.18	1918.42	1971.0
27.6	-2.18	1917.62	1967.86
27.6	-2.18	1916.82	1968.35
27.6	-2.18	1916.02	1966.78
27.6	-2.18	1915.22	1966.17
27.6	-2.18	1914.43	1963.31
27.6	-2.18	1913.63	1956.87
27.6	-2.18	1912.83	1952.86
27.6	-2.18	1912.03	1956.52
27.6	-2.18	1911.23	1959.05
27.6	-2.18	1910.43	1964.82
27.6	-2.18	1909.63	1965.94
27.6	-2.18	1908.83	1970.17
27.6	-2.18	1908.03	1977.32
27.6	-2.18	1907.23	1975.45
27.6	-2.18	1906.43	1973.42
27.6	-2.18	1905.63	1978.85
27.6	-2.18	1904.83	1980.28
27.6	-2.18	1904.03	1982.41
27.6	-2.18	1903.23	1981.04
27.6	-2.18	1902.43	1981.66
27.6	-2.18	1901.63	1982.09
27.6	-2.18	1900.83	1980.97
27.6	-2.18	1900.03	1978.29
27.6	-2.18	1899.23	1985.15
27.6	-2.18	1898.42	1982.0
27.6	-2.18	1897.62	1981.34
27.6	-2.18	1896.82	1976.71
27.6	-2.18	1896.02	1976.15
27.6	-2.18	1895.22	1977.81
27.6	-2.18	1894.41	1981.99
27.6	-2.18	1893.61	1981.16
27.6	-2.18	1892.81	1978.66
27.6	-2.18	1892.01	1974.46
27.6	-2.18	1891.21	1974.65
27.6	-2.18	1890.4	1976.46
27.6	-2.18	1889.6	1985.08
27.6	-2.18	1888.8	1987.64
27.6	-2.18	1887.99	1995.19
27.6	-2.18	1887.19	1992.08
27.6	-2.18	1886.39	1997.09
27.6	-2.18	1885.58	1999.45
27.6	-2.18	1884.78	1999.19
27.6	-2.18	1883.98	1998.83
27.6	-2.18	1883.17	1994.23
27.6	-2.18	1882.37	1997.9
27.6	-2.18	1881.56	2007.94
27.6	-2.18	1880.76	2005.25
27.6	-2.18	1879.95	2011.2
27.6	-2.18	1879.15	2014.59
27.6	-2.18	1878.35	2018.09
27.6	-2.18	1877.54	2027.57
27.6	-2.18	1876.74	2026.91
27.6	-2.18	1875.93	2025.08
27.6	-2.18	1875.13	2029.25
27.6	-2.18	1874.32	2028.53
27.6	-2.18	1873.51	2030.59
27.6	-2.18	1872.71	2033.77
27.6	-2.18	1871.9	2040.11
27.6	-2.18	1871.1	2048.71
27.6	-2.18	1870.29	2051.63
27.6	-2.18	1869.48	2050.27
27.6	-2.18	1868.68	2054.0
27.6	-2.18	1867.87	2062.99
27.6	-2.18	1867.06	2069.75
27.6	-2.18	1866.26	2074.42
27.6	-2.18	1865.45	2077.03
27.6	-2.18	1864.64	2076.48
27.6	-2.18	1863.84	2077.26
27.6	-2.18	1863.03	2079.3
27.6	-2.18	1862.22	2085.16
27.6	-2.18	1861.41	2082.25
27.6	-2.18	1860.61	2082.33
27.6	-2.18	1859.8	2086.64
27.6	-2.18	1858.99	2089.11
27.6	-2.18	1858.18	2094.5
27.6	-2.18	1857.37	2087.71
27.6	-2.18	1856.57	2083.8
27.6	-2.18	1855.76	2092.22
27.6	-2.18	1854.95	2094.05
27.6	-2.18	1854.14	2094.32
27.6	-2.18	1853.33	2099.33
27.6	-2.18	1852.52	2100.58
27.6	-2.18	1851.71	2104.76
27.6	-2.18	1850.9	2111.11
27.6	-2.18	1850.09	2115.98
27.6	-2.18	1849.28	2116.77
27.6	-2.18	1848.47	2119.61
27.6	-2.18	1847.66	2123.11
27.6	-2.18	1846.85	2125.97
27.6	-2.18	1846.04	2121.76
27.6	-2.18	1845.23	2127.77
27.6	-2.18	1844.42	2131.69
27.6	-2.18	1843.61	2131.88
27.6	-2.18	1842.8	2127.18
27.6	-2.18	1841.99	2127.85
27.6	-2.18	1841.18	2128.72
27.6	-2.18	1840.37	2131.76
27.6	-2.18	1839.56	2132.26
27.6	-2.18	1838.75	2132.35
27.6	-2.18	1837.94	2135.19
27.6	-2.18	1837.12	2134.52
27.6	-2.18	1836.31	2138.43
27.6	-2.18	1835.5	2138.25
27.6	-2.18	1834.69	2142.7
27.6	-2.18	1833.88	2143.27
27.6	-2.18	1833.06	2147.13
27.6	-2.18	1832.25	2158.85
27.6	-2.18	1831.44	2169.49
27.6	-2.18	1830.63	2169.83
27.6	-2.18	1829.81	2174.51
27.6	-2.18	1829.0	2183.13
27.6	-2.18	1828.19	2189.89
27.6	-2.18	1827.37	2189.18
27.6	-2.18	1826.56	2194.08
27.6	-2.18	1825.75	2192.07
27.6	-2.18	1824.93	2194.07
27.6	-2.18	1824.12	2193.76
27.6	-2.18	1823.3	2195.26
27.6	-2.18	1822.49	2188.28
27.6	-2.18	1821.68	2185.5
27.6	-2.18	1820.86	2183.44
27.6	-2.18	1820.05	2179.21
27.6	-2.18	1819.23	2175.55
27.6	-2.18	1818.42	2175.38
27.6	-2.18	1817.6	2177.75
27.6	-2.18	1816.79	2175.81
27.6	-2.18	1815.97	2171.95
27.6	-2.18	1815.16	2172.47
27.6	-2.18	1814.34	2165.96
27.6	-2.18	1813.53	2165.78
27.6	-2.18	1812.71	2165.79
27.6	-2.18	1811.89	2174.55
27.6	-2.18	1811.08	2177.36
27.6	-2.18	1810.26	2184.31
27.6	-2.18	1809.45	2188.02
27.6	-2.18	1808.63	2194.65
27.6	-2.18	1807.81	2196.24
27.6	-2.18	1807.0	2198.68
27.6	-2.18	1806.18	2202.8
27.6	-2.18	1805.36	2209.95
27.6	-2.18	1804.54	2214.04
27.6	-2.18	1803.73	2215.68
27.6	-2.18	1802.91	2216.52
27.6	-2.18	1802.09	2221.18
27.6	-2.18	1801.27	2222.91
27.6	-2.18	1800.46	2232.47
27.6	-2.18	1799.64	2237.59
27.6	-2.18	1798.82	2241.5
27.6	-2.18	1798.0	2237.99
27.6	-2.18	1797.18	2242.0
27.6	-2.18	1796.37	2245.68
27.6	-2.18	1795.55	2251.67
27.6	-2.18	1794.73	2257.32
27.6	-2.18	1793.91	2258.69
27.6	-2.18	1793.09	2258.77
27.6	-2.18	1792.27	2259.27
27.6	-2.18	1791.45	2260.49
27.6	-2.18	1790.63	2266.38
27.6	-2.18	1789.81	2263.77
27.6	-2.18	1788.99	2266.9
27.6	-2.18	1788.17	2271.43
27.6	-2.18	1787.35	2272.3
27.6	-2.18	1786.53	2271.18
27.6	-2.18	1785.71	2277.84
27.6	-2.18	1784.89	2281.61
27.6	-2.18	1784.07	2283.73
27.6	-2.18	1783.25	2288.08
27.6	-2.18	1782.43	2292.52
27.6	-2.18	1781.61	2300.46
27.6	-2.18	1780.79	2309.03
27.6	-2.18	1779.97	2307.94
27.6	-2.18	1779.14	2310.61
27.6	-2.18	1778.32	2319.64
27.6	-2.18	1777.5	2324.51
27.6	-2.18	1776.68	2333.66
27.6	-2.18	1775.86	2333.0
27.6	-2.18	1775.03	2335.79
27.6	-2.18	1774.21	2336.99
27.6	-2.18	1773.39	2336.63
27.6	-2.18	1772.57	2343.74
27.6	-2.18	1771.74	2350.89
27.6	-2.18	1770.92	2358.03
27.6	-2.18	1770.1	2363.64
27.6	-2.18	1769.28	2367.83
27.6	-2.18	1768.45	2376.03
27.6	-2.18	1767.63	2385.58
27.6	-2.18	1766.81	2399.48
27.6	-2.18	1765.98	2409.86
27.6	-2.18	1765.16	2410.08
27.6	-2.18	1764.33	2418.7
27.6	-2.18	1763.51	2433.88
27.6	-2.18	1762.69	2448.09
27.6	-2.18	1761.86	2460.45
27.6	-2.18	1761.04	2466.33
27.6	-2.18	1760.21	2473.15
27.6	-2.18	1759.39	2482.83
27.6	-2.18	1758.56	2488.5
27.6	-2.18	1757.74	2495.28
27.6	-2.18	1756.91	2505.69
27.6	-2.18	1756.09	2511.27
27.6	-2.18	1755.26	2508.82
27.6	-2.18	1754.44	2514.13
27.6	-2.18	1753.61	2516.42
27.6	-2.18	1752.78	2519.68
27.6	-2.18	1751.96	2518.78
27.6	-2.18	1751.13	2514.55
27.6	-2.18	1750.31	2516.68
27.6	-2.18	1749.48	2514.0
27.6	-2.18	1748.65	2504.63
27.6	-2.18	1747.83	2507.96
27.6	-2.18	1747.0	2506.13
27.6	-2.18	1746.17	2505.44
27.6	-2.18	1745.34	2502.46
27.6	-2.18	1744.52	2502.9
27.6	-2.18	1743.69	2504.44
27.6	-2.18	1742.86	2503.74
27.6	-2.18	1742.03	2502.78
27.6	-2.18	1741.21	2503.68
27.6	-2.18	1740.38	2500.84
27.6	-2.18	1739.55	2504.93
27.6	-2.18	1738.72	2509.93
27.6	-2.18	1737.89	2511.84
27.6	-2.18	1737.07	2506.5
27.6	-2.18	1736.24	2514.59
27.6	-2.18	1735.41	2522.32
27.6	-2.18	1734.58	2527.32
27.6	-2.18	1733.75	2531.21
27.6	-2.18	1732.92	2539.42
27.6	-2.18	1732.09	2546.77
27.6	-2.18	1731.26	2551.22
27.6	-2.18	1730.43	2551.89
27.6	-2.18	1729.6	2558.24
27.6	-2.18	1728.77	2561.05
27.6	-2.18	1727.94	2569.13
27.6	-2.18	1727.11	2569.99
27.6	-2.18	1726.28	2573.7
27.6	-2.18	1725.45	2575.58
27.6	-2.18	1724.62	2574.51
27.6	-2.18	1723.79	2578.07
27.6	-2.18	1722.96	2586.8
27.6	-2.18	1722.13	2587.16
27.6	-2.18	1721.3	2589.88
27.6	-2.18	1720.46	2589.04
27.6	-2.18	1719.63	2588.24
27.6	-2.18	1718.8	2588.73
27.6	-2.18	1717.97	2586.04
27.6	-2.18	1717.14	2590.01
27.6	-2.18	1716.3	2595.24
27.6	-2.18	1715.47	2598.77
27.6	-2.18	1714.64	2602.56
27.6	-2.18	1713.81	2613.92
27.6	-2.18	1712.97	2617.73
27.6	-2.18	1712.14	2623.44
27.6	-2.18	1711.31	2636.21
27.6	-2.18	1710.48	2639.52
27.6	-2.18	1709.64	2647.02
27.6	-2.18	1708.81	2651.78
27.6	-2.18	1707.98	2656.19
27.6	-2.18	1707.14	2663.72
27.6	-2.18	1706.31	2668.67
27.6	-2.18	1705.47	2677.88
27.6	-2.18	1704.64	2689.37
27.6	-2.18	1703.81	2701.86
27.6	-2.18	1702.97	2718.06
27.6	-2.18	1702.14	2725.89
27.6	-2.18	1701.3	2738.0
27.6	-2.18	1700.47	2752.72
27.6	-2.18	1699.63	2768.86
27.6	-2.18	1698.8	2787.47
27.6	-2.18	1697.96	2792.59
27.6	-2.18	1697.13	2800.99
27.6	-2.18	1696.29	2809.11
27.6	-2.18	1695.46	2815.16
27.6	-2.18	1694.62	2831.07
27.6	-2.18	1693.78	2842.69
27.6	-2.18	1692.95	2851.95
27.6	-2.18	1692.11	2864.37
27.6	-2.18	1691.28	2877.39
27.6	-2.18	1690.44	2885.92
27.6	-2.18	1689.6	2891.15
27.6	-2.18	1688.77	2900.19
27.6	-2.18	1687.93	2910.31
27.6	-2.18	1687.09	2923.16
27.6	-2.18	1686.25	2924.38
27.6	-2.18	1685.42	2934.33
27.6	-2.18	1684.58	2946.2
27.6	-2.18	1683.74	2954.36
27.6	-2.18	1682.9	2958.55
27.6	-2.18	1682.07	2972.13
27.6	-2.18	1681.23	2980.41
27.6	-2.18	1680.39	2990.62
27.6	-2.18	1679.55	3004.34
27.6	-2.18	1678.71	3014.61
27.6	-2.18	1677.87	3023.88
27.6	-2.18	1677.04	3033.0
27.6	-2.18	1676.2	3046.42
27.6	-2.18	1675.36	3057.13
27.6	-2.18	1674.52	3064.09
27.6	-2.18	1673.68	3067.23
27.6	-2.18	1672.84	3065.23
27.6	-2.18	1672.0	3075.22
27.6	-2.18	1671.16	3076.8
27.6	-2.18	1670.32	3081.16
27.6	-2.18	1669.48	3095.35
27.6	-2.18	1668.64	3100.4
27.6	-2.18	1667.8	3103.26
27.6	-2.18	1666.96	3108.25
27.6	-2.18	1666.12	3116.68
27.6	-2.18	1665.28	3119.2
27.6	-2.18	1664.44	3127.58
27.6	-2.18	1663.6	3140.09
27.6	-2.18	1662.75	3148.06
27.6	-2.18	1661.91	3160.4
27.6	-2.18	1661.07	3173.08
27.6	-2.18	1660.23	3186.95
27.6	-2.18	1659.39	3198.87
27.6	-2.18	1658.55	3209.37
27.6	-2.18	1657.7	3213.23
27.6	-2.18	1656.86	3231.25
27.6	-2.18	1656.02	3238.48
27.6	-2.18	1655.18	3244.45
27.6	-2.18	1654.33	3260.07
27.6	-2.18	1653.49	3264.53
27.6	-2.18	1652.65	3279.22
27.6	-2.18	1651.81	3299.43
27.6	-2.18	1650.96	3314.25
27.6	-2.18	1650.12	3333.04
27.6	-2.18	1649.28	3344.29
27.6	-2.18	1648.43	3360.9
27.6	-2.18	1647.59	3383.91
27.6	-2.18	1646.74	3402.17
27.6	-2.18	1645.9	3418.69
27.6	-2.18	1645.06	3441.08
27.6	-2.18	1644.21	3464.46
27.6	-2.18	1643.37	3481.24
27.6	-2.18	1642.52	3501.15
27.6	-2.18	1641.68	3527.88
27.6	-2.18	1640.83	3559.35
27.6	-2.18	1639.99	3590.31
27.6	-2.18	1639.14	3628.01
27.6	-2.18	1638.3	3659.63
27.6	-2.18	1637.45	3689.77
27.6	-2.18	1636.61	3726.28
27.6	-2.18	1635.76	3758.37
27.6	-2.18	1634.91	3782.68
27.6	-2.18	1634.07	3818.77
27.6	-2.18	1633.22	3851.73
27.6	-2.18	1632.38	3884.25
27.6	-2.18	1631.53	3917.75
27.6	-2.18	1630.68	3949.14
27.6	-2.18	1629.84	3975.81
27.6	-2.18	1628.99	4021.72
27.6	-2.18	1628.14	4059.94
27.6	-2.18	1627.29	4102.3
27.6	-2.18	1626.45	4141.23
27.6	-2.18	1625.6	4182.21
27.6	-2.18	1624.75	4217.45
27.6	-2.18	1623.9	4252.15
27.6	-2.18	1623.06	4295.93
27.6	-2.18	1622.21	4340.47
27.6	-2.18	1621.36	4371.95
27.6	-2.18	1620.51	4406.85
27.6	-2.18	1619.66	4433.46
27.6	-2.18	1618.81	4467.16
27.6	-2.18	1617.96	4497.99
27.6	-2.18	1617.12	4539.19
27.6	-2.18	1616.27	4574.87
27.6	-2.18	1615.42	4617.93
27.6	-2.18	1614.57	4656.18
27.6	-2.18	1613.72	4698.37
27.6	-2.18	1612.87	4731.87
27.6	-2.18	1612.02	4763.37
27.6	-2.18	1611.17	4802.43
27.6	-2.18	1610.32	4848.7
27.6	-2.18	1609.47	4887.52
27.6	-2.18	1608.62	4920.24
27.6	-2.18	1607.77	4951.86
27.6	-2.18	1606.92	4984.34
27.6	-2.18	1606.06	5015.64
27.6	-2.18	1605.21	5047.65
27.6	-2.18	1604.36	5070.65
27.6	-2.18	1603.51	5103.5
27.6	-2.18	1602.66	5127.22
27.6	-2.18	1601.81	5145.1
27.6	-2.18	1600.96	5169.6
27.6	-2.18	1600.1	5194.39
27.6	-2.18	1599.25	5213.69
27.6	-2.18	1598.4	5231.98
27.6	-2.18	1597.55	5242.22
27.6	-2.18	1596.69	5243.92
27.6	-2.18	1595.84	5239.9
27.6	-2.18	1594.99	5252.85
27.6	-2.18	1594.14	5266.14
27.6	-2.18	1593.28	5282.7
27.6	-2.18	1592.43	5285.89
27.6	-2.18	1591.58	5300.74
27.6	-2.18	1590.72	5311.27
27.6	-2.18	1589.87	5327.99
27.6	-2.18	1589.02	5340.6
27.6	-2.18	1588.16	5359.8
27.6	-2.18	1587.31	5356.03
27.6	-2.18	1586.45	5359.83
27.6	-2.18	1585.6	5377.54
27.6	-2.18	1584.74	5389.87
27.6	-2.18	1583.89	5392.77
27.6	-2.18	1583.03	5401.5
27.6	-2.18	1582.18	5411.51
27.6	-2.18	1581.32	5430.68
27.6	-2.18	1580.47	5443.7
27.6	-2.18	1579.61	5450.17
27.6	-2.18	1578.76	5457.14
27.6	-2.18	1577.9	5459.93
27.6	-2.18	1577.05	5475.68
27.6	-2.18	1576.19	5482.71
27.6	-2.18	1575.33	5486.95
27.6	-2.18	1574.48	5487.13
27.6	-2.18	1573.62	5495.75
27.6	-2.18	1572.76	5494.13
27.6	-2.18	1571.91	5496.69
27.6	-2.18	1571.05	5504.04
27.6	-2.18	1570.19	5526.05
27.6	-2.18	1569.34	5548.89
27.6	-2.18	1568.48	5554.44
27.6	-2.18	1567.62	5556.56
27.6	-2.18	1566.76	5564.04
27.6	-2.18	1565.91	5579.12
27.6	-2.18	1565.05	5599.72
27.6	-2.18	1564.19	5617.57
27.6	-2.18	1563.33	5618.49
27.6	-2.18	1562.47	5623.86
27.6	-2.18	1561.62	5630.03
27.6	-2.18	1560.76	5647.84
27.6	-2.18	1559.9	5665.21
27.6	-2.18	1559.04	5676.59
27.6	-2.18	1558.18	5685.79
27.6	-2.18	1557.32	5697.19
27.6	-2.18	1556.46	5700.08
27.6	-2.18	1555.6	5709.68
27.6	-2.18	1554.74	5709.81
27.6	-2.18	1553.88	5713.64
27.6	-2.18	1553.02	5719.83
27.6	-2.18	1552.16	5721.56
27.6	-2.18	1551.3	5736.56
27.6	-2.18	1550.44	5733.51
27.6	-2.18	1549.58	5729.54
27.6	-2.18	1548.72	5724.33
27.6	-2.18	1547.86	5720.89
27.6	-2.18	1547.0	5717.79
27.6	-2.18	1546.14	5722.89
27.6	-2.18	1545.28	5726.25
27.6	-2.18	1544.41	5725.99
27.6	-2.18	1543.55	5722.81
27.6	-2.18	1542.69	5722.87
27.6	-2.18	1541.83	5722.11
27.6	-2.18	1540.97	5723.87
27.6	-2.18	1540.1	5728.27
27.6	-2.18	1539.24	5738.8
27.6	-2.18	1538.38	5739.32
27.6	-2.18	1537.52	5728.04
27.6	-2.18	1536.65	5732.68
27.6	-2.18	1535.79	5747.62
27.6	-2.18	1534.93	5744.09
27.6	-2.18	1534.06	5741.33
27.6	-2.18	1533.2	5734.81
27.6	-2.18	1532.34	5729.94
27.6	-2.18	1531.47	5734.55
27.6	-2.18	1530.61	5728.91
27.6	-2.18	1529.75	5725.66
27.6	-2.18	1528.88	5716.32
27.6	-2.18	1528.02	5709.0
27.6	-2.18	1527.15	5699.23
27.6	-2.18	1526.29	5681.3
27.6	-2.18	1525.42	5662.24
27.6	-2.18	1524.56	5644.81
27.6	-2.18	1523.69	5627.14
27.6	-2.18	1522.83	5601.84
27.6	-2.18	1521.96	5591.09
27.6	-2.18	1521.1	5587.12
27.6	-2.18	1520.23	5580.44
27.6	-2.18	1519.37	5565.19
27.6	-2.18	1518.5	5560.83
27.6	-2.18	1517.63	5561.05
27.6	-2.18	1516.77	5555.5
27.6	-2.18	1515.9	5550.83
27.6	-2.18	1515.03	5554.18
27.6	-2.18	1514.17	5569.07
27.6	-2.18	1513.3	5573.29
27.6	-2.18	1512.43	5572.01
27.6	-2.18	1511.57	5576.94
27.6	-2.18	1510.7	5587.12
27.6	-2.18	1509.83	5606.51
27.6	-2.18	1508.96	5613.4
27.6	-2.18	1508.1	5619.22
27.6	-2.18	1507.23	5628.26
27.6	-2.18	1506.36	5636.42
27.6	-2.18	1505.49	5643.37
27.6	-2.18	1504.62	5639.98
27.6	-2.18	1503.76	5635.88
27.6	-2.18	1502.89	5625.63
27.6	-2.18	1502.02	5624.21
27.6	-2.18	1501.15	5609.1
27.6	-2.18	1500.28	5593.38
27.6	-2.18	1499.41	5577.98
27.6	-2.18	1498.54	5571.42
27.6	-2.18	1497.67	5551.29
27.6	-2.18	1496.8	5521.97
27.6	-2.18	1495.93	5499.35
27.6	-2.18	1495.06	5484.66
27.6	-2.18	1494.19	5471.26
27.6	-2.18	1493.32	5460.92
27.6	-2.18	1492.45	5455.73
27.6	-2.18	1491.58	5439.16
27.6	-2.18	1490.71	5422.2
27.6	-2.18	1489.84	5405.9
27.6	-2.18	1488.97	5397.83
27.6	-2.18	1488.1	5383.21
27.6	-2.18	1487.23	5372.8
27.6	-2.18	1486.35	5364.61
27.6	-2.18	1485.48	5365.99
27.6	-2.18	1484.61	5363.05
27.6	-2.18	1483.74	5364.11
27.6	-2.18	1482.87	5370.97
27.6	-2.18	1481.99	5361.03
27.6	-2.18	1481.12	5363.26
27.6	-2.18	1480.25	5364.51
27.6	-2.18	1479.38	5367.82
27.6	-2.18	1478.5	5371.91
27.6	-2.18	1477.63	5360.61
27.6	-2.18	1476.76	5356.42
27.6	-2.18	1475.88	5349.55
27.6	-2.18	1475.01	5347.15
27.6	-2.18	1474.14	5340.71
27.6	-2.18	1473.26	5326.19
27.6	-2.18	1472.39	5322.68
27.6	-2.18	1471.51	5314.44
27.6	-2.18	1470.64	5302.57
27.6	-2.18	1469.77	5297.18
27.6	-2.18	1468.89	5292.54
27.6	-2.18	1468.02	5280.32
27.6	-2.18	1467.14	5266.93
27.6	-2.18	1466.27	5245.99
27.6	-2.18	1465.39	5229.43
27.6	-2.18	1464.52	5216.3
27.6	-2.18	1463.64	5199.08
27.6	-2.18	1462.77	5188.19
27.6	-2.18	1461.89	5172.67
27.6	-2.18	1461.01	5167.58
27.6	-2.18	1460.14	5155.37
27.6	-2.18	1459.26	5146.89
27.6	-2.18	1458.39	5140.59
27.6	-2.18	1457.51	5144.1
27.6	-2.18	1456.63	5156.09
27.6	-2.18	1455.76	5146.1
27.6	-2.18	1454.88	5154.34
27.6	-2.18	1454.0	5157.95
27.6	-2.18	1453.12	5165.74
27.6	-2.18	1452.25	5168.57
27.6	-2.18	1451.37	5163.67
27.6	-2.18	1450.49	5171.86
27.6	-2.18	1449.61	5175.95
27.6	-2.18	1448.74	5188.33
27.6	-2.18	1447.86	5190.02
27.6	-2.18	1446.98	5198.84
27.6	-2.18	1446.1	5214.47
27.6	-2.18	1445.22	5225.25
27.6	-2.18	1444.34	5219.99
27.6	-2.18	1443.46	5221.49
27.6	-2.18	1442.58	5228.99
27.6	-2.18	1441.71	5229.4
27.6	-2.18	1440.83	5229.09
27.6	-2.18	1439.95	5221.84
27.6	-2.18	1439.07	5228.4
27.6	-2.18	1438.19	5230.06
27.6	-2.18	1437.31	5226.3
27.6	-2.18	1436.43	5229.26
27.6	-2.18	1435.55	5229.28
27.6	-2.18	1434.67	5238.47
27.6	-2.18	1433.79	5242.57
27.6	-2.18	1432.9	5243.45
27.6	-2.18	1432.02	5252.5
27.6	-2.18	1431.14	5263.07
27.6	-2.18	1430.26	5267.04
27.6	-2.18	1429.38	5260.15
27.6	-2.18	1428.5	5266.26
27.6	-2.18	1427.62	5264.53
27.6	-2.18	1426.74	5267.3
27.6	-2.18	1425.85	5264.48
27.6	-2.18	1424.97	5268.16
27.6	-2.18	1424.09	5271.29
27.6	-2.18	1423.21	5275.28
27.6	-2.18	1422.32	5278.7
27.6	-2.18	1421.44	5291.54
27.6	-2.18	1420.56	5300.82
27.6	-2.18	1419.67	5315.61
27.6	-2.18	1418.79	5331.91
27.6	-2.18	1417.91	5350.58
27.6	-2.18	1417.02	5370.59
27.6	-2.18	1416.14	5395.94
27.6	-2.18	1415.26	5407.28
27.6	-2.18	1414.37	5423.9
27.6	-2.18	1413.49	5450.33
27.6	-2.18	1412.6	5484.88
27.6	-2.18	1411.72	5512.1
27.6	-2.18	1410.84	5534.44
27.6	-2.18	1409.95	5558.54
27.6	-2.18	1409.07	5587.59
27.6	-2.18	1408.18	5614.22
27.6	-2.18	1407.3	5633.86
27.6	-2.18	1406.41	5646.68
27.6	-2.18	1405.52	5666.51
27.6	-2.18	1404.64	5689.43
27.6	-2.18	1403.75	5699.8
27.6	-2.18	1402.87	5702.77
27.6	-2.18	1401.98	5716.89
27.6	-2.18	1401.09	5729.33
27.6	-2.18	1400.21	5729.2
27.6	-2.18	1399.32	5726.25
27.6	-2.18	1398.43	5725.16
27.6	-2.18	1397.55	5718.5
27.6	-2.18	1396.66	5714.45
27.6	-2.18	1395.77	5698.67
27.6	-2.18	1394.89	5691.84
27.6	-2.18	1394.0	5679.4
27.6	-2.18	1393.11	5669.28
27.6	-2.18	1392.22	5654.94
27.6	-2.18	1391.34	5639.0
27.6	-2.18	1390.45	5625.91
27.6	-2.18	1389.56	5618.37
27.6	-2.18	1388.67	5609.09
27.6	-2.18	1387.78	5605.55
27.6	-2.18	1386.89	5598.8
27.6	-2.18	1386.0	5579.37
27.6	-2.18	1385.11	5565.72
27.6	-2.18	1384.23	5543.27
27.6	-2.18	1383.34	5536.67
27.6	-2.18	1382.45	5526.43
27.6	-2.18	1381.56	5508.94
27.6	-2.18	1380.67	5498.34
27.6	-2.18	1379.78	5478.73
27.6	-2.18	1378.89	5468.69
27.6	-2.18	1378.0	5459.62
27.6	-2.18	1377.11	5434.25
27.6	-2.18	1376.22	5415.13
27.6	-2.18	1375.32	5406.95
27.6	-2.18	1374.43	5391.91
27.6	-2.18	1373.54	5371.2
27.6	-2.18	1372.65	5357.02
27.6	-2.18	1371.76	5343.92
27.6	-2.18	1370.87	5332.97
27.6	-2.18	1369.98	5317.21
27.6	-2.18	1369.08	5295.03
27.6	-2.18	1368.19	5297.15
27.6	-2.18	1367.3	5296.98
27.6	-2.18	1366.41	5297.58
27.6	-2.18	1365.52	5297.68
27.6	-2.18	1364.62	5301.48
27.6	-2.18	1363.73	5318.21
27.6	-2.18	1362.84	5329.57
27.6	-2.18	1361.94	5344.17
27.6	-2.18	1361.05	5359.47
27.6	-2.18	1360.16	5362.44
27.6	-2.18	1359.26	5371.16
27.6	-2.18	1358.37	5380.39
27.6	-2.18	1357.48	5387.66
27.6	-2.18	1356.58	5411.38
27.6	-2.18	1355.69	5412.79
27.6	-2.18	1354.79	5425.1
27.6	-2.18	1353.9	5443.86
27.6	-2.18	1353.0	5454.14
27.6	-2.18	1352.11	5461.25
27.6	-2.18	1351.21	5473.74
27.6	-2.18	1350.32	5472.75
27.6	-2.18	1349.42	5490.42
27.6	-2.18	1348.53	5500.6
27.6	-2.18	1347.63	5506.01
27.6	-2.18	1346.74	5507.62
27.6	-2.18	1345.84	5504.47
27.6	-2.18	1344.94	5504.49
27.6	-2.18	1344.05	5505.42
27.6	-2.18	1343.15	5504.07
27.6	-2.18	1342.26	5510.95
27.6	-2.18	1341.36	5514.43
27.6	-2.18	1340.46	5509.13
27.6	-2.18	1339.56	5501.59
27.6	-2.18	1338.67	5507.51
27.6	-2.18	1337.77	5512.87
27.6	-2.18	1336.87	5515.98
27.6	-2.18	1335.97	5512.89
27.6	-2.18	1335.08	5520.94
27.6	-2.18	1334.18	5526.68
27.6	-2.18	1333.28	5522.49
27.6	-2.18	1332.38	5525.17
27.6	-2.18	1331.48	5533.59
27.6	-2.18	1330.59	5550.26
27.6	-2.18	1329.69	5562.33
27.6	-2.18	1328.79	5566.85
27.6	-2.18	1327.89	5583.9
27.6	-2.18	1326.99	5603.05
27.6	-2.18	1326.09	5617.14
27.6	-2.18	1325.19	5625.23
27.6	-2.18	1324.29	5635.37
27.6	-2.18	1323.39	5636.69
27.6	-2.18	1322.49	5647.0
27.6	-2.18	1321.59	5649.14
27.6	-2.18	1320.69	5650.63
27.6	-2.18	1319.79	5656.18
27.6	-2.18	1318.89	5664.99
27.6	-2.18	1317.99	5663.3
27.6	-2.18	1317.09	5662.08
27.6	-2.18	1316.19	5656.12
27.6	-2.18	1315.29	5654.98
27.6	-2.18	1314.38	5646.83
27.6	-2.18	1313.48	5636.62
27.6	-2.18	1312.58	5632.87
27.6	-2.18	1311.68	5638.33
27.6	-2.18	1310.78	5631.6
27.6	-2.18	1309.87	5620.48
27.6	-2.18	1308.97	5621.36
27.6	-2.18	1308.07	5621.81
27.6	-2.18	1307.17	5613.39
27.6	-2.18	1306.26	5597.23
27.6	-2.18	1305.36	5595.15
27.6	-2.18	1304.46	5585.47
27.6	-2.18	1303.55	5580.69
27.6	-2.18	1302.65	5566.76
27.6	-2.18	1301.75	5554.05
27.6	-2.18	1300.84	5546.5
27.6	-2.18	1299.94	5536.27
27.6	-2.18	1299.03	5514.55
27.6	-2.18	1298.13	5486.37
27.6	-2.18	1297.23	5470.73
27.6	-2.18	1296.32	5451.79
27.6	-2.18	1295.42	5431.15
27.6	-2.18	1294.51	5420.32
27.6	-2.18	1293.61	5404.98
27.6	-2.18	1292.7	5391.5
27.6	-2.18	1291.8	5366.93
27.6	-2.18	1290.89	5341.13
27.6	-2.18	1289.98	5326.17
27.6	-2.18	1289.08	5308.59
27.6	-2.18	1288.17	5294.63
27.6	-2.18	1287.27	5282.5
27.6	-2.18	1286.36	5261.93
27.6	-2.18	1285.45	5261.01
27.6	-2.18	1284.55	5249.31
27.6	-2.18	1283.64	5237.85
27.6	-2.18	1282.73	5224.74
27.6	-2.18	1281.83	5226.49
27.6	-2.18	1280.92	5211.75
27.6	-2.18	1280.01	5203.96
27.6	-2.18	1279.1	5193.65
27.6	-2.18	1278.2	5193.2
27.6	-2.18	1277.29	5187.16
27.6	-2.18	1276.38	5180.49
27.6	-2.18	1275.47	5165.57
27.6	-2.18	1274.56	5148.93
27.6	-2.18	1273.65	5128.22
27.6	-2.18	1272.75	5109.69
27.6	-2.18	1271.84	5090.85
27.6	-2.18	1270.93	5079.78
27.6	-2.18	1270.02	5067.67
27.6	-2.18	1269.11	5041.94
27.6	-2.18	1268.2	5026.94
27.6	-2.18	1267.29	5030.06
27.6	-2.18	1266.38	5026.9
27.6	-2.18	1265.47	5011.4
27.6	-2.18	1264.56	5005.12
27.6	-2.18	1263.65	5016.55
27.6	-2.18	1262.74	5009.01
27.6	-2.18	1261.83	5005.36
27.6	-2.18	1260.92	5006.58
27.6	-2.18	1260.01	5012.3
27.6	-2.18	1259.1	5006.62
27.6	-2.18	1258.18	5007.13
27.6	-2.18	1257.27	5014.92
27.6	-2.18	1256.36	5024.94
27.6	-2.18	1255.45	5037.02
27.6	-2.18	1254.54	5045.2
27.6	-2.18	1253.62	5041.12
27.6	-2.18	1252.71	5043.23
27.6	-2.18	1251.8	5037.48
27.6	-2.18	1250.89	5029.13
27.6	-2.18	1249.97	5019.37
27.6	-2.18	1249.06	5002.47
27.6	-2.18	1248.15	4987.59
27.6	-2.18	1247.24	4973.88
27.6	-2.18	1246.32	4956.72
27.6	-2.18	1245.41	4950.54
27.6	-2.18	1244.49	4931.32
27.6	-2.18	1243.58	4907.11
27.6	-2.18	1242.67	4890.02
27.6	-2.18	1241.75	4880.84
27.6	-2.18	1240.84	4878.6
27.6	-2.18	1239.92	4870.62
27.6	-2.18	1239.01	4863.17
27.6	-2.18	1238.09	4849.95
27.6	-2.18	1237.18	4851.82
27.6	-2.18	1236.26	4844.01
27.6	-2.18	1235.35	4827.24
27.6	-2.18	1234.43	4831.68
27.6	-2.18	1233.52	4825.99
27.6	-2.18	1232.6	4820.47
27.6	-2.18	1231.69	4810.18
27.6	-2.18	1230.77	4808.83
27.6	-2.18	1229.85	4818.23
27.6	-2.18	1228.94	4816.64
27.6	-2.18	1228.02	4810.31
27.6	-2.18	1227.1	4806.2
27.6	-2.18	1226.19	4799.44
27.6	-2.18	1225.27	4789.09
27.6	-2.18	1224.35	4786.45
27.6	-2.18	1223.43	4794.45
27.6	-2.18	1222.52	4796.92
27.6	-2.18	1221.6	4797.21
27.6	-2.18	1220.68	4795.86
27.6	-2.18	1219.76	4798.9
27.6	-2.18	1218.84	4798.28
27.6	-2.18	1217.93	4799.64
27.6	-2.18	1217.01	4784.18
27.6	-2.18	1216.09	4789.01
27.6	-2.18	1215.17	4801.86
27.6	-2.18	1214.25	4807.33
27.6	-2.18	1213.33	4804.64
27.6	-2.18	1212.41	4803.05
27.6	-2.18	1211.49	4808.89
27.6	-2.18	1210.57	4808.59
27.6	-2.18	1209.65	4809.72
27.6	-2.18	1208.73	4809.03
27.6	-2.18	1207.81	4814.36
27.6	-2.18	1206.89	4814.7
27.6	-2.18	1205.97	4804.03
27.6	-2.18	1205.05	4797.4
27.6	-2.18	1204.13	4798.01
27.6	-2.18	1203.21	4799.38
27.6	-2.18	1202.29	4797.57
27.6	-2.18	1201.37	4799.45
27.6	-2.18	1200.45	4793.23
27.6	-2.18	1199.52	4790.46
27.6	-2.18	1198.6	4780.28
27.6	-2.18	1197.68	4779.86
27.6	-2.18	1196.76	4789.1
27.6	-2.18	1195.84	4788.55
27.6	-2.18	1194.91	4772.13
27.6	-2.18	1193.99	4759.79
27.6	-2.18	1193.07	4754.26
27.6	-2.18	1192.14	4744.22
27.6	-2.18	1191.22	4736.38
27.6	-2.18	1190.3	4716.25
27.6	-2.18	1189.37	4705.4
27.6	-2.18	1188.45	4706.99
27.6	-2.18	1187.53	4692.07
27.6	-2.18	1186.6	4684.04
27.6	-2.18	1185.68	4677.07
27.6	-2.18	1184.76	4671.91
27.6	-2.18	1183.83	4669.35
27.6	-2.18	1182.91	4667.92
27.6	-2.18	1181.98	4666.27
27.6	-2.18	1181.06	4663.0
27.6	-2.18	1180.13	4650.11
27.6	-2.18	1179.21	4652.8
27.6	-2.18	1178.28	4648.58
27.6	-2.18	1177.36	4648.04
27.6	-2.18	1176.43	4651.1
27.6	-2.18	1175.5	4646.58
27.6	-2.18	1174.58	4651.87
27.6	-2.18	1173.65	4652.15
27.6	-2.18	1172.72	4643.62
27.6	-2.18	1171.8	4641.65
27.6	-2.18	1170.87	4645.1
27.6	-2.18	1169.94	4643.64
27.6	-2.18	1169.02	4632.43
27.6	-2.18	1168.09	4620.18
27.6	-2.18	1167.16	4608.23
27.6	-2.18	1166.24	4599.07
27.6	-2.18	1165.31	4590.18
27.6	-2.18	1164.38	4571.74
27.6	-2.18	1163.45	4555.39
27.6	-2.18	1162.52	4535.92
27.6	-2.18	1161.6	4519.7
27.6	-2.18	1160.67	4502.26
27.6	-2.18	1159.74	4487.22
27.6	-2.18	1158.81	4482.12
27.6	-2.18	1157.88	4467.31
27.6	-2.18	1156.95	4456.71
27.6	-2.18	1156.02	4452.29
27.6	-2.18	1155.09	4440.9
27.6	-2.18	1154.16	4440.79
27.6	-2.18	1153.23	4434.21
27.6	-2.18	1152.3	4429.81
27.6	-2.18	1151.37	4435.55
27.6	-2.18	1150.44	4421.91
27.6	-2.18	1149.51	4412.62
27.6	-2.18	1148.58	4413.48
27.6	-2.18	1147.65	4406.75
27.6	-2.18	1146.72	4403.07
27.6	-2.18	1145.79	4398.7
27.6	-2.18	1144.86	4398.01
27.6	-2.18	1143.92	4398.57
27.6	-2.18	1142.99	4395.17
27.6	-2.18	1142.06	4387.58
27.6	-2.18	1141.13	4379.78
27.6	-2.18	1140.2	4380.45
27.6	-2.18	1139.26	4370.19
27.6	-2.18	1138.33	4358.18
27.6	-2.18	1137.4	4349.66
27.6	-2.18	1136.47	4340.82
27.6	-2.18	1135.53	4332.85
27.6	-2.18	1134.6	4319.65
27.6	-2.18	1133.67	4301.84
27.6	-2.18	1132.73	4294.06
27.6	-2.18	1131.8	4280.49
27.6	-2.18	1130.87	4268.68
27.6	-2.18	1129.93	4255.66
27.6	-2.18	1129.0	4256.19
27.6	-2.18	1128.06	4251.79
27.6	-2.18	1127.13	4246.43
27.6	-2.18	1126.19	4256.21
27.6	-2.18	1125.26	4253.26
27.6	-2.18	1124.32	4246.43
27.6	-2.18	1123.39	4246.65
27.6	-2.18	1122.45	4239.2
27.6	-2.18	1121.52	4240.68
27.6	-2.18	1120.58	4247.19
27.6	-2.18	1119.65	4239.55
27.6	-2.18	1118.71	4246.08
27.6	-2.18	1117.78	4246.49
27.6	-2.18	1116.84	4234.69
27.6	-2.18	1115.9	4234.63
27.6	-2.18	1114.97	4230.6
27.6	-2.18	1114.03	4232.58
27.6	-2.18	1113.09	4221.82
27.6	-2.18	1112.15	4213.51
27.6	-2.18	1111.22	4203.06
27.6	-2.18	1110.28	4197.47
27.6	-2.18	1109.34	4187.78
27.6	-2.18	1108.4	4171.81
27.6	-2.18	1107.47	4150.13
27.6	-2.18	1106.53	4112.23
27.6	-2.18	1105.59	4085.24
27.6	-2.18	1104.65	4061.86
27.6	-2.18	1103.71	4032.43
27.6	-2.18	1102.77	4006.08
27.6	-2.18	1101.83	3982.77
27.6	-2.18	1100.9	3963.03
27.6	-2.18	1099.96	3943.98
27.6	-2.18	1099.02	3922.07
27.6	-2.18	1098.08	3902.07
27.6	-2.18	1097.14	3879.54
27.6	-2.18	1096.2	3861.14
27.6	-2.18	1095.26	3850.04
27.6	-2.18	1094.32	3831.66
27.6	-2.18	1093.38	3822.68
27.6	-2.18	1092.44	3802.86
27.6	-2.18	1091.49	3784.1
27.6	-2.18	1090.55	3767.19
27.6	-2.18	1089.61	3743.66
27.6	-2.18	1088.67	3726.89
27.6	-2.18	1087.73	3717.51
27.6	-2.18	1086.79	3711.5
27.6	-2.18	1085.85	3705.85
27.6	-2.18	1084.9	3688.73
27.6	-2.18	1083.96	3683.45
27.6	-2.18	1083.02	3682.46
27.6	-2.18	1082.08	3681.74
27.6	-2.18	1081.13	3673.47
27.6	-2.18	1080.19	3671.94
27.6	-2.18	1079.25	3671.4
27.6	-2.18	1078.31	3669.89
27.6	-2.18	1077.36	3679.85
27.6	-2.18	1076.42	3683.65
27.6	-2.18	1075.48	3679.39
27.6	-2.18	1074.53	3682.49
27.6	-2.18	1073.59	3694.52
27.6	-2.18	1072.64	3707.72
27.6	-2.18	1071.7	3721.71
27.6	-2.18	1070.75	3724.93
27.6	-2.18	1069.81	3737.06
27.6	-2.18	1068.86	3750.41
27.6	-2.18	1067.92	3760.4
27.6	-2.18	1066.97	3775.34
27.6	-2.18	1066.03	3783.91
27.6	-2.18	1065.08	3791.9
27.6	-2.18	1064.14	3779.85
27.6	-2.18	1063.19	3783.12
27.6	-2.18	1062.25	3781.2
27.6	-2.18	1061.3	3774.66
27.6	-2.18	1060.35	3777.0
27.6	-2.18	1059.41	3772.87
27.6	-2.18	1058.46	3780.76
27.6	-2.18	1057.51	3775.17
27.6	-2.18	1056.57	3772.89
27.6	-2.18	1055.62	3778.66
27.6	-2.18	1054.67	3783.48
27.6	-2.18	1053.72	3784.49
27.6	-2.18	1052.78	3786.03
27.6	-2.18	1051.83	3797.2
27.6	-2.18	1050.88	3795.72
27.6	-2.18	1049.93	3792.96
27.6	-2.18	1048.98	3792.12
27.6	-2.18	1048.03	3792.7
27.6	-2.18	1047.09	3785.82
27.6	-2.18	1046.14	3789.83
27.6	-2.18	1045.19	3791.41
27.6	-2.18	1044.24	3794.44
27.6	-2.18	1043.29	3789.06
27.6	-2.18	1042.34	3781.77
27.6	-2.18	1041.39	3776.82
27.6	-2.18	1040.44	3768.89
27.6	-2.18	1039.49	3761.08
27.6	-2.18	1038.54	3754.07
27.6	-2.18	1037.59	3739.81
27.6	-2.18	1036.64	3726.38
27.6	-2.18	1035.69	3699.7
27.6	-2.18	1034.74	3694.35
27.6	-2.18	1033.79	3682.59
27.6	-2.18	1032.83	3671.03
27.6	-2.18	1031.88	3661.75
27.6	-2.18	1030.93	3653.27
27.6	-2.18	1029.98	3647.4
27.6	-2.18	1029.03	3636.31
27.6	-2.18	1028.07	3633.48
27.6	-2.18	1027.12	3621.71
27.6	-2.18	1026.17	3617.34
27.6	-2.18	1025.22	3613.86
27.6	-2.18	1024.26	3612.34
27.6	-2.18	1023.31	3604.08
27.6	-2.18	1022.36	3594.5
27.6	-2.18	1021.4	3593.85
27.6	-2.18	1020.45	3594.57
27.6	-2.18	1019.5	3594.85
27.6	-2.18	1018.54	3588.8
27.6	-2.18	1017.59	3589.16
27.6	-2.18	1016.64	3583.98
27.6	-2.18	1015.68	3585.16
27.6	-2.18	1014.73	3578.68
27.6	-2.18	1013.77	3584.57
27.6	-2.18	1012.82	3593.78
27.6	-2.18	1011.86	3592.3
27.6	-2.18	1010.91	3602.13
27.6	-2.18	1009.95	3606.22
27.6	-2.18	1009.0	3608.11
27.6	-2.18	1008.04	3612.2
27.6	-2.18	1007.08	3616.33
27.6	-2.18	1006.13	3626.2
27.6	-2.18	1005.17	3627.58
27.6	-2.18	1004.22	3631.01
27.6	-2.18	1003.26	3630.15
27.6	-2.18	1002.3	3634.31
27.6	-2.18	1001.34	3628.81
27.6	-2.18	1000.39	3624.39
27.6	-2.18	999.431	3621.89
27.6	-2.18	998.4730000000001	3609.37
27.6	-2.18	997.515	3604.25
27.6	-2.18	996.558	3589.3
27.6	-2.18	995.6	3582.21
27.6	-2.18	994.6410000000001	3564.93
27.6	-2.18	993.683	3556.36
27.6	-2.18	992.725	3544.68
27.6	-2.18	991.7660000000001	3536.29
27.6	-2.18	990.807	3525.37
27.6	-2.18	989.8480000000001	3506.31
27.6	-2.18	988.8889999999999	3489.46
27.6	-2.18	987.93	3470.33
27.6	-2.18	986.97	3458.18
27.6	-2.18	986.01	3454.36
27.6	-2.18	985.05	3455.86
27.6	-2.18	984.09	3447.63
27.6	-2.18	983.13	3432.92
27.6	-2.18	982.17	3426.85
27.6	-2.18	981.209	3413.36
27.6	-2.18	980.248	3404.66
27.6	-2.18	979.288	3402.2
27.6	-2.18	978.326	3395.35
27.6	-2.18	977.365	3391.57
27.6	-2.18	976.404	3390.18
27.6	-2.18	975.442	3388.32
27.6	-2.18	974.48	3386.22
27.6	-2.18	973.518	3384.58
27.6	-2.18	972.556	3384.7
27.6	-2.18	971.5939999999999	3386.72
27.6	-2.18	970.632	3393.64
27.6	-2.18	969.669	3397.33
27.6	-2.18	968.706	3404.81
27.6	-2.18	967.743	3413.11
27.6	-2.18	966.78	3417.44
27.6	-2.18	965.817	3420.1
27.6	-2.18	964.8530000000001	3429.77
27.6	-2.18	963.8889999999999	3436.12
27.6	-2.18	962.926	3450.07
27.6	-2.18	961.961	3451.76
27.6	-2.18	960.997	3454.03
27.6	-2.18	960.033	3455.91
27.6	-2.18	959.068	3458.21
27.6	-2.18	958.1039999999999	3466.17
27.6	-2.18	957.1389999999999	3476.05
27.6	-2.18	956.174	3483.1
27.6	-2.18	955.2080000000001	3479.05
27.6	-2.18	954.243	3477.99
27.6	-2.18	953.2769999999999	3477.6
27.6	-2.18	952.312	3475.7
27.6	-2.18	951.346	3473.95
27.6	-2.18	950.38	3467.17
27.6	-2.18	949.413	3465.35
27.6	-2.18	948.447	3468.69
27.6	-2.18	947.48	3465.0
27.6	-2.18	946.513	3459.13
27.6	-2.18	945.546	3457.01
27.6	-2.18	944.579	3454.08
27.6	-2.18	943.612	3453.73
27.6	-2.18	942.6439999999999	3452.59
27.6	-2.18	941.677	3451.93
27.6	-2.18	940.709	3451.5
27.6	-2.18	939.7410000000001	3451.62
27.6	-2.18	938.773	3445.74
27.6	-2.18	937.804	3440.76
27.6	-2.18	936.836	3444.48
27.6	-2.18	935.867	3441.85
27.6	-2.18	934.898	3443.34
27.6	-2.18	933.929	3445.08
27.6	-2.18	932.96	3446.64
27.6	-2.18	931.99	3449.76
27.6	-2.18	931.0210000000001	3451.73
27.6	-2.18	930.051	3456.87
27.6	-2.18	929.081	3463.31
27.6	-2.18	928.1110000000001	3471.89
27.6	-2.18	927.1410000000001	3473.85
27.6	-2.18	926.17	3474.01
27.6	-2.18	925.199	3480.13
27.6	-2.18	924.2289999999999	3482.25
27.6	-2.18	923.258	3479.77
27.6	-2.18	922.2860000000001	3483.97
27.6	-2.18	921.315	3483.83
27.6	-2.18	920.3439999999999	3489.26
27.6	-2.18	919.372	3490.45
27.6	-2.18	918.4	3496.19
27.6	-2.18	917.428	3493.02
27.6	-2.18	916.456	3491.79
27.6	-2.18	915.4830000000001	3492.96
27.6	-2.18	914.5110000000001	3496.71
27.6	-2.18	913.538	3495.55
27.6	-2.18	912.565	3494.49
27.6	-2.18	911.592	3492.2
27.6	-2.18	910.6189999999999	3491.26
27.6	-2.18	909.645	3476.54
27.6	-2.18	908.671	3467.26
27.6	-2.18	907.698	3465.26
27.6	-2.18	906.7239999999999	3461.5
27.6	-2.18	905.75	3460.13
27.6	-2.18	904.775	3455.64
27.6	-2.18	903.801	3455.93
27.6	-2.18	902.826	3455.99
27.6	-2.18	901.8510000000001	3463.15
27.6	-2.18	900.8760000000001	3466.01
27.6	-2.18	899.9010000000001	3470.88
27.6	-2.18	898.925	3477.61
27.6	-2.18	897.95	3478.25
27.6	-2.18	896.9739999999999	3480.09
27.6	-2.18	895.998	3489.71
27.6	-2.18	895.0219999999999	3489.78
27.6	-2.18	894.046	3488.92
27.6	-2.18	893.069	3488.82
27.6	-2.18	892.0930000000001	3491.75
27.6	-2.18	891.1160000000001	3489.8
27.6	-2.18	890.1389999999999	3488.37
27.6	-2.18	889.1619999999999	3485.18
27.6	-2.18	888.184	3479.0
27.6	-2.18	887.207	3480.33
27.6	-2.18	886.2289999999999	3473.97
27.6	-2.18	885.2510000000001	3466.03
27.6	-2.18	884.273	3454.55
27.6	-2.18	883.295	3438.73
27.6	-2.18	882.317	3422.78
27.6	-2.18	881.3380000000001	3412.0
27.6	-2.18	880.3589999999999	3391.47
27.6	-2.18	879.38	3381.93
27.6	-2.18	878.4010000000001	3375.16
27.6	-2.18	877.422	3364.96
27.6	-2.18	876.442	3359.52
27.6	-2.18	875.4630000000001	3351.19
27.6	-2.18	874.4830000000001	3348.85
27.6	-2.18	873.503	3351.16
27.6	-2.18	872.523	3359.92
27.6	-2.18	871.5419999999999	3363.88
27.6	-2.18	870.562	3372.95
27.6	-2.18	869.581	3387.08
27.6	-2.18	868.6	3394.32
27.6	-2.18	867.6189999999999	3397.28
27.6	-2.18	866.638	3410.95
27.6	-2.18	865.6569999999999	3418.94
27.6	-2.18	864.675	3425.64
27.6	-2.18	863.693	3433.09
27.6	-2.18	862.711	3447.84
27.6	-2.18	861.7289999999999	3451.09
27.6	-2.18	860.747	3452.97
27.6	-2.18	859.7639999999999	3458.27
27.6	-2.18	858.7819999999999	3472.72
27.6	-2.18	857.799	3479.13
27.6	-2.18	856.816	3479.14
27.6	-2.18	855.8330000000001	3478.94
27.6	-2.18	854.8489999999999	3480.03
27.6	-2.18	853.8660000000001	3477.75
27.6	-2.18	852.882	3482.03
27.6	-2.18	851.898	3485.26
27.6	-2.18	850.914	3481.1
27.6	-2.18	849.93	3477.59
27.6	-2.18	848.945	3472.81
27.6	-2.18	847.961	3481.21
27.6	-2.18	846.9760000000001	3482.56
27.6	-2.18	845.9910000000001	3487.48
27.6	-2.18	845.0060000000001	3493.58
27.6	-2.18	844.02	3508.36
27.6	-2.18	843.035	3520.38
27.6	-2.18	842.049	3534.58
27.6	-2.18	841.063	3550.42
27.6	-2.18	840.077	3566.24
27.6	-2.18	839.091	3570.35
27.6	-2.18	838.1039999999999	3573.03
27.6	-2.18	837.118	3586.77
27.6	-2.18	836.1310000000001	3598.65
27.6	-2.18	835.1439999999999	3600.51
27.6	-2.18	834.1569999999999	3599.76
27.6	-2.18	833.17	3612.17
27.6	-2.18	832.182	3614.64
27.6	-2.18	831.195	3621.26
27.6	-2.18	830.207	3632.45
27.6	-2.18	829.2189999999999	3632.92
27.6	-2.18	828.23	3629.25
27.6	-2.18	827.242	3626.97
27.6	-2.18	826.253	3622.62
27.6	-2.18	825.265	3624.56
27.6	-2.18	824.2760000000001	3626.7
27.6	-2.18	823.2869999999999	3626.07
27.6	-2.18	822.297	3621.13
27.6	-2.18	821.308	3616.23
27.6	-2.18	820.318	3611.62
27.6	-2.18	819.328	3612.17
27.6	-2.18	818.3380000000001	3619.83
27.6	-2.18	817.3480000000001	3612.82
27.6	-2.18	816.3580000000001	3610.37
27.6	-2.18	815.367	3601.33
27.6	-2.18	814.377	3594.37
27.6	-2.18	813.3860000000001	3582.35
27.6	-2.18	812.395	3575.97
27.6	-2.18	811.403	3564.86
27.6	-2.18	810.4119999999999	3553.5
27.6	-2.18	809.42	3537.17
27.6	-2.18	808.428	3519.65
27.6	-2.18	807.436	3506.94
27.6	-2.18	806.444	3493.12
27.6	-2.18	805.452	3483.66
27.6	-2.18	804.459	3470.44
27.6	-2.18	803.467	3478.91
27.6	-2.18	802.4739999999999	3468.96
27.6	-2.18	801.4810000000001	3461.76
27.6	-2.18	800.487	3445.82
27.6	-2.18	799.4939999999999	3438.74
27.6	-2.18	798.5	3446.34
27.6	-2.18	797.507	3449.66
27.6	-2.18	796.513	3457.19
27.6	-2.18	795.518	3470.17
27.6	-2.18	794.5239999999999	3482.47
27.6	-2.18	793.529	3485.29
27.6	-2.18	792.535	3495.47
27.6	-2.18	791.54	3504.48
27.6	-2.18	790.545	3511.78
27.6	-2.18	789.55	3513.33
27.6	-2.18	788.554	3521.44
27.6	-2.18	787.559	3523.24
27.6	-2.18	786.563	3525.84
27.6	-2.18	785.567	3529.11
27.6	-2.18	784.571	3528.73
27.6	-2.18	783.574	3525.9
27.6	-2.18	782.578	3519.55
27.6	-2.18	781.581	3520.58
27.6	-2.18	780.584	3516.66
27.6	-2.18	779.587	3509.52
27.6	-2.18	778.59	3498.02
27.6	-2.18	777.592	3500.04
27.6	-2.18	776.595	3501.69
27.6	-2.18	775.597	3497.05
27.6	-2.18	774.5989999999999	3488.14
27.6	-2.18	773.6010000000001	3485.82
27.6	-2.18	772.602	3477.27
27.6	-2.18	771.6039999999999	3473.15
27.6	-2.18	770.605	3462.78
27.6	-2.18	769.6060000000001	3473.97
27.6	-2.18	768.607	3478.42
27.6	-2.18	767.6080000000001	3474.74
27.6	-2.18	766.6089999999999	3483.63
27.6	-2.18	765.6089999999999	3483.75
27.6	-2.18	764.6089999999999	3482.85
27.6	-2.18	763.6089999999999	3476.1
27.6	-2.18	762.6089999999999	3483.71
27.6	-2.18	761.6089999999999	3492.83
27.6	-2.18	760.6080000000001	3493.71
27.6	-2.18	759.607	3496.21
27.6	-2.18	758.607	3507.67
27.6	-2.18	757.605	3508.49
27.6	-2.18	756.6039999999999	3503.77
27.6	-2.18	755.6030000000001	3503.53
27.6	-2.18	754.6010000000001	3504.61
27.6	-2.18	753.5989999999999	3500.39
27.6	-2.18	752.597	3498.09
27.6	-2.18	751.595	3504.34
27.6	-2.18	750.5930000000001	3507.21
27.6	-2.18	749.59	3510.9
27.6	-2.18	748.587	3510.47
27.6	-2.18	747.585	3517.85
27.6	-2.18	746.581	3518.35
27.6	-2.18	745.578	3514.08
27.6	-2.18	744.575	3513.3
27.6	-2.18	743.571	3517.88
27.6	-2.18	742.567	3523.47
27.6	-2.18	741.563	3520.99
27.6	-2.18	740.559	3524.07
27.6	-2.18	739.555	3539.1
27.6	-2.18	738.55	3540.15
27.6	-2.18	737.545	3541.7
27.6	-2.18	736.54	3546.62
27.6	-2.18	735.535	3547.14
27.6	-2.18	734.53	3549.0
27.6	-2.18	733.525	3550.48
27.6	-2.18	732.5189999999999	3562.11
27.6	-2.18	731.513	3563.08
27.6	-2.18	730.507	3554.64
27.6	-2.18	729.5010000000001	3548.25
27.6	-2.18	728.4939999999999	3542.95
27.6	-2.18	727.488	3531.47
27.6	-2.18	726.4810000000001	3521.62
27.6	-2.18	725.4739999999999	3518.56
27.6	-2.18	724.467	3514.07
27.6	-2.18	723.46	3501.94
27.6	-2.18	722.452	3496.95
27.6	-2.18	721.444	3494.16
27.6	-2.18	720.436	3495.82
27.6	-2.18	719.428	3479.47
27.6	-2.18	718.42	3451.59
27.6	-2.18	717.4119999999999	3468.97
27.6	-2.18	716.403	3476.41
27.6	-2.18	715.3939999999999	3477.93
27.6	-2.18	714.385	3479.86
27.6	-2.18	713.3760000000001	3489.68
27.6	-2.18	712.367	3488.35
27.6	-2.18	711.357	3492.53
27.6	-2.18	710.347	3505.57
27.6	-2.18	709.3380000000001	3505.83
27.6	-2.18	708.327	3503.92
27.6	-2.18	707.317	3506.77
27.6	-2.18	706.307	3511.09
27.6	-2.18	705.296	3515.04
27.6	-2.18	704.285	3511.69
27.6	-2.18	703.2739999999999	3513.27
27.6	-2.18	702.263	3518.08
27.6	-2.18	701.252	3509.38
27.6	-2.18	700.24	3503.37
27.6	-2.18	699.2280000000001	3499.26
27.6	-2.18	698.216	3501.19
27.6	-2.18	697.204	3492.94
27.6	-2.18	696.192	3487.11
27.6	-2.18	695.179	3479.38
27.6	-2.18	694.1669999999999	3472.82
27.6	-2.18	693.154	3465.48
27.6	-2.18	692.1410000000001	3461.39
27.6	-2.18	691.127	3457.72
27.6	-2.18	690.1139999999999	3458.47
27.6	-2.18	689.1	3446.34
27.6	-2.18	688.086	3452.82
27.6	-2.18	687.072	3489.18
27.6	-2.18	686.058	3487.0
27.6	-2.18	685.044	3487.66
27.6	-2.18	684.029	3489.77
27.6	-2.18	683.015	3499.39
27.6	-2.18	682.0	3501.02
27.6	-2.18	680.985	3505.16
27.6	-2.18	679.9689999999999	3514.66
27.6	-2.18	678.954	3514.45
27.6	-2.18	677.938	3521.58
27.6	-2.18	676.922	3532.38
27.6	-2.18	675.9060000000001	3532.49
27.6	-2.18	674.89	3539.56
27.6	-2.18	673.8739999999999	3541.69
27.6	-2.18	672.857	3553.79
27.6	-2.18	671.84	3562.72
27.6	-2.18	670.823	3562.32
27.6	-2.18	669.806	3565.19
27.6	-2.18	668.789	3574.45
27.6	-2.18	667.7710000000001	3577.17
27.6	-2.18	666.753	3574.61
27.6	-2.18	665.735	3583.92
27.6	-2.18	664.717	3588.13
27.6	-2.18	663.699	3591.99
27.6	-2.18	662.68	3601.37
27.6	-2.18	661.6619999999999	3613.81
27.6	-2.18	660.643	3621.45
27.6	-2.18	659.6239999999999	3635.37
27.6	-2.18	658.605	3640.02
27.6	-2.18	657.585	3653.53
27.6	-2.18	656.566	3659.72
27.6	-2.18	655.546	3663.47
27.6	-2.18	654.526	3675.23
27.6	-2.18	653.506	3693.66
27.6	-2.18	652.485	3704.41
27.6	-2.18	651.465	3709.13
27.6	-2.18	650.444	3717.38
27.6	-2.18	649.423	3731.19
27.6	-2.18	648.4019999999999	3728.11
27.6	-2.18	647.381	3727.54
27.6	-2.18	646.359	3727.33
27.6	-2.18	645.3380000000001	3715.03
27.6	-2.18	644.316	3712.64
27.6	-2.18	643.294	3699.91
27.6	-2.18	642.271	3692.33
27.6	-2.18	641.249	3679.22
27.6	-2.18	640.226	3659.36
27.6	-2.18	639.2040000000001	3642.82
27.6	-2.18	638.181	3624.89
27.6	-2.18	637.1569999999999	3607.21
27.6	-2.18	636.134	3593.1
27.6	-2.18	635.11	3577.21
27.6	-2.18	634.087	3550.65
27.6	-2.18	633.063	3531.4
27.6	-2.18	632.039	3519.54
27.6	-2.18	631.014	3497.78
27.6	-2.18	629.99	3476.98
27.6	-2.18	628.965	3470.02
27.6	-2.18	627.94	3455.23
27.6	-2.18	626.915	3445.78
27.6	-2.18	625.89	3436.96
27.6	-2.18	624.864	3437.73
27.6	-2.18	623.839	3439.38
27.6	-2.18	622.813	3440.42
27.6	-2.18	621.7869999999999	3432.89
27.6	-2.18	620.761	3427.29
27.6	-2.18	619.734	3430.29
27.6	-2.18	618.7080000000001	3429.44
27.6	-2.18	617.681	3420.81
27.6	-2.18	616.654	3427.46
27.6	-2.18	615.627	3428.3
27.6	-2.18	614.599	3426.72
27.6	-2.18	613.572	3437.0
27.6	-2.18	612.544	3443.94
27.6	-2.18	611.516	3450.46
27.6	-2.18	610.488	3452.1
27.6	-2.18	609.46	3455.17
27.6	-2.18	608.431	3464.44
27.6	-2.18	607.403	3464.65
27.6	-2.18	606.374	3478.35
27.6	-2.18	605.345	3484.53
27.6	-2.18	604.316	3483.15
27.6	-2.18	603.286	3487.62
27.6	-2.18	602.257	3500.02
27.6	-2.18	601.227	3500.1
27.6	-2.18	600.197	3502.31
27.6	-2.18	599.1669999999999	3505.25
27.6	-2.18	598.136	3504.92
27.6	-2.18	597.106	3499.77
27.6	-2.18	596.075	3496.23
27.6	-2.18	595.044	3494.52
27.6	-2.18	594.013	3489.2
27.6	-2.18	592.981	3482.27
27.6	-2.18	591.95	3474.46
27.6	-2.18	590.918	3465.82
27.6	-2.18	589.886	3454.53
27.6	-2.18	588.854	3445.68
27.6	-2.18	587.822	3438.35
27.6	-2.18	586.789	3433.17
27.6	-2.18	585.757	3428.9
27.6	-2.18	584.724	3425.06
27.6	-2.18	583.691	3421.87
27.6	-2.18	582.6569999999999	3425.17
27.6	-2.18	581.624	3414.89
27.6	-2.18	580.59	3413.79
27.6	-2.18	579.557	3412.68
27.6	-2.18	578.523	3414.4
27.6	-2.18	577.488	3414.82
27.6	-2.18	576.4540000000001	3411.8
27.6	-2.18	575.419	3420.99
27.6	-2.18	574.385	3416.68
27.6	-2.18	573.35	3415.1
27.6	-2.18	572.314	3421.37
27.6	-2.18	571.279	3423.07
27.6	-2.18	570.244	3416.64
27.6	-2.18	569.2080000000001	3417.34
27.6	-2.18	568.172	3412.78
27.6	-2.18	567.136	3408.47
27.6	-2.18	566.099	3407.31
27.6	-2.18	565.063	3417.31
27.6	-2.18	564.026	3412.73
27.6	-2.18	562.989	3409.07
27.6	-2.18	561.952	3407.73
27.6	-2.18	560.915	3408.53
27.6	-2.18	559.877	3408.56
27.6	-2.18	558.84	3406.21
27.6	-2.18	557.802	3410.35
27.6	-2.18	556.764	3416.06
27.6	-2.18	555.726	3418.86
27.6	-2.18	554.687	3421.34
27.6	-2.18	553.649	3429.11
27.6	-2.18	552.61	3429.71
27.6	-2.18	551.571	3435.34
27.6	-2.18	550.5319999999999	3436.44
27.6	-2.18	549.492	3444.69
27.6	-2.18	548.453	3445.12
27.6	-2.18	547.413	3442.12
27.6	-2.18	546.373	3447.96
27.6	-2.18	545.3330000000001	3447.76
27.6	-2.18	544.2919999999999	3449.23
27.6	-2.18	543.252	3449.35
27.6	-2.18	542.211	3457.37
27.6	-2.18	541.17	3459.04
27.6	-2.18	540.129	3466.4
27.6	-2.18	539.0880000000001	3471.64
27.6	-2.18	538.0459999999999	3472.55
27.6	-2.18	537.004	3474.65
27.6	-2.18	535.962	3483.29
27.6	-2.18	534.92	3493.91
27.6	-2.18	533.878	3507.04
27.6	-2.18	532.836	3498.04
27.6	-2.18	531.793	3507.58
27.6	-2.18	530.75	3510.27
27.6	-2.18	529.707	3509.56
27.6	-2.18	528.664	3508.63
27.6	-2.18	527.62	3509.67
27.6	-2.18	526.577	3512.01
27.6	-2.18	525.533	3506.77
27.6	-2.18	524.489	3517.4
27.6	-2.18	523.445	3525.54
27.6	-2.18	522.4	3519.79
27.6	-2.18	521.355	3518.07
27.6	-2.18	520.311	3518.41
27.6	-2.18	519.266	3521.58
27.6	-2.18	518.22	3517.41
27.6	-2.18	517.175	3517.67
27.6	-2.18	516.129	3514.76
27.6	-2.18	515.0840000000001	3514.74
27.6	-2.18	514.038	3509.8
27.6	-2.18	512.992	3514.81
27.6	-2.18	511.945	3518.82
27.6	-2.18	510.899	3522.79
27.6	-2.18	509.852	3527.12
27.6	-2.18	508.805	3540.46
27.6	-2.18	507.75800000000004	3541.57
27.6	-2.18	506.71	3550.63
27.6	-2.18	505.663	3566.04
27.6	-2.18	504.615	3580.94
27.6	-2.18	503.56699999999995	3584.54
27.6	-2.18	502.519	3593.7
27.6	-2.18	501.471	3605.1
27.6	-2.18	500.42199999999997	3611.08
27.6	-2.18	499.374	3612.7
27.6	-2.18	498.325	3623.78
27.6	-2.18	497.276	3634.05
27.6	-2.18	496.226	3635.84
27.6	-2.18	495.17699999999996	3645.58
27.6	-2.18	494.12699999999995	3649.48
27.6	-2.18	493.077	3657.06
27.6	-2.18	492.027	3655.94
27.6	-2.18	490.977	3650.01
27.6	-2.18	489.926	3655.93
27.6	-2.18	488.876	3657.66
27.6	-2.18	487.825	3657.96
27.6	-2.18	486.774	3656.86
27.6	-2.18	485.723	3662.0
27.6	-2.18	484.671	3657.09
27.6	-2.18	483.619	3658.58
27.6	-2.18	482.56800000000004	3660.38
27.6	-2.18	481.51599999999996	3661.27
27.6	-2.18	480.463	3665.45
27.6	-2.18	479.411	3670.75
27.6	-2.18	478.358	3672.27
27.6	-2.18	477.305	3670.77
27.6	-2.18	476.25199999999995	3673.6
27.6	-2.18	475.199	3683.98
27.6	-2.18	474.14599999999996	3686.61
27.6	-2.18	473.092	3687.07
27.6	-2.18	472.038	3691.24
27.6	-2.18	470.98400000000004	3699.87
27.6	-2.18	469.93	3700.14
27.6	-2.18	468.876	3698.16
27.6	-2.18	467.82099999999997	3702.28
27.6	-2.18	466.76599999999996	3703.58
27.6	-2.18	465.711	3708.47
27.6	-2.18	464.656	3706.02
27.6	-2.18	463.601	3707.33
27.6	-2.18	462.545	3699.95
27.6	-2.18	461.49	3698.06
27.6	-2.18	460.434	3695.16
27.6	-2.18	459.37699999999995	3687.61
27.6	-2.18	458.32099999999997	3688.57
27.6	-2.18	457.264	3684.11
27.6	-2.18	456.208	3681.35
27.6	-2.18	455.151	3684.43
27.6	-2.18	454.094	3679.18
27.6	-2.18	453.036	3679.57
27.6	-2.18	451.97900000000004	3673.69
27.6	-2.18	450.921	3671.21
27.6	-2.18	449.86300000000006	3673.45
27.6	-2.18	448.805	3673.31
27.6	-2.18	447.74699999999996	3665.9
27.6	-2.18	446.68800000000005	3659.53
27.6	-2.18	445.629	3661.36
27.6	-2.18	444.57	3662.71
27.6	-2.18	443.51099999999997	3664.22
27.6	-2.18	442.452	3661.62
27.6	-2.18	441.392	3661.1
27.6	-2.18	440.333	3660.84
27.6	-2.18	439.273	3657.96
27.6	-2.18	438.213	3660.95
27.6	-2.18	437.152	3669.86
27.6	-2.18	436.092	3676.58
27.6	-2.18	435.031	3687.95
27.6	-2.18	433.97	3700.06
27.6	-2.18	432.909	3699.62
27.6	-2.18	431.848	3703.79
27.6	-2.18	430.786	3715.32
27.6	-2.18	429.724	3715.67
27.6	-2.18	428.663	3720.56
27.6	-2.18	427.6	3730.86
27.6	-2.18	426.538	3734.31
27.6	-2.18	425.476	3733.14
27.6	-2.18	424.413	3738.22
27.6	-2.18	423.35	3751.33
27.6	-2.18	422.287	3753.28
27.6	-2.18	421.224	3759.72
27.6	-2.18	420.16	3763.84
27.6	-2.18	419.096	3768.45
27.6	-2.18	418.033	3773.1
27.6	-2.18	416.968	3773.66
27.6	-2.18	415.904	3774.22
27.6	-2.18	414.84	3772.52
27.6	-2.18	413.775	3774.82
27.6	-2.18	412.71	3774.46
27.6	-2.18	411.645	3767.92
27.6	-2.18	410.58	3758.99
27.6	-2.18	409.514	3748.95
27.6	-2.18	408.44800000000004	3741.31
27.6	-2.18	407.38300000000004	3736.72
27.6	-2.18	406.316	3740.07
27.6	-2.18	405.25	3745.49
27.6	-2.18	404.184	3745.56
27.6	-2.18	403.11699999999996	3745.13
27.6	-2.18	402.05	3744.28
27.6	-2.18	400.983	3747.26
27.6	-2.18	399.916	3748.69
27.6	-2.18	398.848	3748.96
27.6	-2.18	397.781	3739.17
27.6	-2.18	396.713	3737.19
27.6	-2.18	395.645	3731.21
27.6	-2.18	394.57599999999996	3733.62
27.6	-2.18	393.50800000000004	3745.6
27.6	-2.18	392.439	3757.87
27.6	-2.18	391.37	3771.49
27.6	-2.18	390.301	3781.79
27.6	-2.18	389.23199999999997	3791.11
27.6	-2.18	388.162	3806.26
27.6	-2.18	387.093	3810.02
27.6	-2.18	386.023	3823.45
27.6	-2.18	384.95300000000003	3833.96
27.6	-2.18	383.88199999999995	3833.75
27.6	-2.18	382.81199999999995	3837.18
27.6	-2.18	381.741	3839.83
27.6	-2.18	380.67	3835.41
27.6	-2.18	379.599	3834.12
27.6	-2.18	378.528	3832.12
27.6	-2.18	377.45599999999996	3829.31
27.6	-2.18	376.384	3836.27
27.6	-2.18	375.31300000000005	3838.62
27.6	-2.18	374.24	3832.21
27.6	-2.18	373.168	3833.31
27.6	-2.18	372.096	3828.57
27.6	-2.18	371.023	3825.14
27.6	-2.18	369.95	3818.91
27.6	-2.18	368.87699999999995	3814.75
27.6	-2.18	367.80400000000003	3802.69
27.6	-2.18	366.73	3794.07
27.6	-2.18	365.656	3789.37
27.6	-2.18	364.582	3794.71
27.6	-2.18	363.50800000000004	3799.43
27.6	-2.18	362.434	3816.01
27.6	-2.18	361.35900000000004	3819.54
27.6	-2.18	360.285	3825.46
27.6	-2.18	359.21	3829.12
27.6	-2.18	358.135	3834.55
27.6	-2.18	357.059	3846.95
27.6	-2.18	355.98400000000004	3856.58
27.6	-2.18	354.908	3861.75
27.6	-2.18	353.832	3877.01
27.6	-2.18	352.756	3890.31
27.6	-2.18	351.67900000000003	3894.24
27.6	-2.18	350.603	3908.16
27.6	-2.18	349.526	3922.93
27.6	-2.18	348.449	3935.07
27.6	-2.18	347.37199999999996	3956.16
27.6	-2.18	346.295	3960.29
27.6	-2.18	345.217	3975.1
27.6	-2.18	344.139	3984.1
27.6	-2.18	343.061	3984.66
27.6	-2.18	341.983	3992.2
27.6	-2.18	340.905	4006.91
27.6	-2.18	339.82599999999996	4019.35
27.6	-2.18	338.74699999999996	4026.58
27.6	-2.18	337.668	4040.94
27.6	-2.18	336.589	4054.96
27.6	-2.18	335.51	4069.28
27.6	-2.18	334.43	4087.65
27.6	-2.18	333.35	4107.78
27.6	-2.18	332.27	4126.82
27.6	-2.18	331.19	4142.36
27.6	-2.18	330.11	4162.97
27.6	-2.18	329.029	4169.59
27.6	-2.18	327.94800000000004	4188.55
27.6	-2.18	326.867	4208.69
27.6	-2.18	325.786	4234.58
27.6	-2.18	324.705	4263.72
27.6	-2.18	323.623	4292.26
27.6	-2.18	322.541	4318.63
27.6	-2.18	321.459	4344.95
27.6	-2.18	320.377	4377.37
27.6	-2.18	319.29400000000004	4403.19
27.6	-2.18	318.212	4433.04
27.6	-2.18	317.129	4456.8
27.6	-2.18	316.046	4488.04
27.6	-2.18	314.962	4517.64
27.6	-2.18	313.879	4537.62
27.6	-2.18	312.795	4568.8
27.6	-2.18	311.711	4594.45
27.6	-2.18	310.627	4617.83
27.6	-2.18	309.543	4648.95
27.6	-2.18	308.45799999999997	4677.22
27.6	-2.18	307.374	4708.04
27.6	-2.18	306.289	4737.5
27.6	-2.18	305.204	4770.46
27.6	-2.18	304.118	4793.16
27.6	-2.18	303.033	4807.19
27.6	-2.18	301.947	4823.1
27.6	-2.18	300.861	4841.69
27.6	-2.18	299.775	4849.12
27.6	-2.18	298.689	4854.35
27.6	-2.18	297.60200000000003	4854.1
27.6	-2.18	296.515	4842.59
27.6	-2.18	295.428	4844.97
27.6	-2.18	294.341	4852.6
27.6	-2.18	293.254	4859.26
27.6	-2.18	292.166	4856.31
27.6	-2.18	291.079	4865.14
27.6	-2.18	289.991	4855.66
27.6	-2.18	288.902	4854.67
27.6	-2.18	287.814	4859.7
27.6	-2.18	286.725	4870.55
27.6	-2.18	285.637	4880.14
27.6	-2.18	284.547	4885.7
27.6	-2.18	283.45799999999997	4909.51
27.6	-2.18	282.369	4920.93
27.6	-2.18	281.279	4935.1
27.6	-2.18	280.189	4957.63
27.6	-2.18	279.099	4982.55
27.6	-2.18	278.009	4997.94
27.6	-2.18	276.91900000000004	5022.98
27.6	-2.18	275.828	5040.23
27.6	-2.18	274.737	5061.11
27.6	-2.18	273.64599999999996	5077.27
27.6	-2.18	272.555	5086.69
27.6	-2.18	271.46299999999997	5097.75
27.6	-2.18	270.371	5103.14
27.6	-2.18	269.28	5115.04
27.6	-2.18	268.187	5117.97
27.6	-2.18	267.095	5112.13
27.6	-2.18	266.003	5105.27
27.6	-2.18	264.91	5099.18
27.6	-2.18	263.817	5093.66
27.6	-2.18	262.724	5094.53
27.6	-2.18	261.63	5096.59
27.6	-2.18	260.53700000000003	5088.74
27.6	-2.18	259.443	5072.93
27.6	-2.18	258.349	5061.79
27.6	-2.18	257.255	5048.68
27.6	-2.18	256.16	5041.62
27.6	-2.18	255.06599999999997	5034.6
27.6	-2.18	253.97099999999998	5038.16
27.6	-2.18	252.87599999999998	5028.46
27.6	-2.18	251.78099999999998	5020.56
27.6	-2.18	250.685	5020.69
27.6	-2.18	249.59	5014.03
27.6	-2.18	248.49400000000003	5005.31
27.6	-2.18	247.398	5004.79
27.6	-2.18	246.30200000000002	5000.73
27.6	-2.18	245.205	4987.2
27.6	-2.18	244.108	4965.82
27.6	-2.18	243.012	4960.63
27.6	-2.18	241.91400000000002	4957.9
27.6	-2.18	240.817	4945.81
27.6	-2.18	239.72	4940.48
27.6	-2.18	238.622	4936.07
27.6	-2.18	237.524	4929.64
27.6	-2.18	236.426	4914.06
27.6	-2.18	235.328	4912.55
27.6	-2.18	234.229	4906.44
27.6	-2.18	233.13	4897.53
27.6	-2.18	232.03099999999998	4900.25
27.6	-2.18	230.93200000000002	4898.5
27.6	-2.18	229.833	4894.21
27.6	-2.18	228.733	4893.86
27.6	-2.18	227.63299999999998	4898.37
27.6	-2.18	226.533	4892.84
27.6	-2.18	225.433	4896.47
27.6	-2.18	224.333	4910.16
27.6	-2.18	223.232	4917.93
27.6	-2.18	222.13099999999997	4924.34
27.6	-2.18	221.03	4939.21
27.6	-2.18	219.929	4950.98
27.6	-2.18	218.827	4955.32
27.6	-2.18	217.726	4959.4
27.6	-2.18	216.62400000000002	4968.2
27.6	-2.18	215.52200000000002	4975.37
27.6	-2.18	214.419	4986.75
27.6	-2.18	213.317	4994.05
27.6	-2.18	212.21400000000003	5001.42
27.6	-2.18	211.111	5006.19
27.6	-2.18	210.00799999999998	5027.59
27.6	-2.18	208.905	5034.41
27.6	-2.18	207.801	5040.81
27.6	-2.18	206.697	5049.96
27.6	-2.18	205.593	5056.84
27.6	-2.18	204.489	5065.91
27.6	-2.18	203.385	5068.7
27.6	-2.18	202.28	5082.69
27.6	-2.18	201.175	5084.4
27.6	-2.18	200.07	5090.17
