-24.9761	1.93157	1799.31	2875.75
-24.9761	1.93157	1798.5	3021.93
-24.9761	1.93157	1797.68	3097.8
-24.9761	1.93157	1796.86	3088.11
-24.9761	1.93157	1796.04	2992.92
-24.9761	1.93157	1795.22	2952.72
-24.9761	1.93157	1794.4	2927.8
-24.9761	1.93157	1793.58	3012.77
-24.9761	1.93157	1792.76	2847.46
-24.9761	1.93157	1791.94	2914.11
-24.9761	1.93157	1791.13	3066.16
-24.9761	1.93157	1790.31	3050.39
-24.9761	1.93157	1789.49	2937.03
-24.9761	1.93157	1788.67	3110.35
-24.9761	1.93157	1787.85	2929.94
-24.9761	1.93157	1787.03	2889.82
-24.9761	1.93157	1786.21	2996.0
-24.9761	1.93157	1785.39	3004.64
-24.9761	1.93157	1784.56	3001.08
-24.9761	1.93157	1783.74	3043.22
-24.9761	1.93157	1782.92	2933.06
-24.9761	1.93157	1782.1	3048.28
-24.9761	1.93157	1781.28	2883.35
-24.9761	1.93157	1780.46	2962.02
-24.9761	1.93157	1779.64	3019.35
-24.9761	1.93157	1778.82	2991.45
-24.9761	1.93157	1778.0	2972.68
-24.9761	1.93157	1777.17	2908.3
-24.9761	1.93157	1776.35	2907.81
-24.9761	1.93157	1775.53	2952.93
-24.9761	1.93157	1774.71	3058.85
-24.9761	1.93157	1773.89	3000.57
-24.9761	1.93157	1773.06	2987.91
-24.9761	1.93157	1772.24	2972.21
-24.9761	1.93157	1771.42	2980.82
-24.9761	1.93157	1770.59	2925.63
-24.9761	1.93157	1769.77	3046.64
-24.9761	1.93157	1768.95	2894.27
-24.9761	1.93157	1768.12	2912.0
-24.9761	1.93157	1767.3	3114.92
-24.9761	1.93157	1766.48	3096.18
-24.9761	1.93157	1765.65	2953.01
-24.9761	1.93157	1764.83	3079.96
-24.9761	1.93157	1764.01	3052.13
-24.9761	1.93157	1763.18	3024.31
-24.9761	1.93157	1762.36	2860.03
-24.9761	1.93157	1761.53	3014.19
-24.9761	1.93157	1760.71	3074.32
-24.9761	1.93157	1759.88	2952.55
-24.9761	1.93157	1759.06	2952.05
-24.9761	1.93157	1758.23	3030.33
-24.9761	1.93157	1757.41	2948.02
-24.9761	1.93157	1756.58	3050.51
-24.9761	1.93157	1755.76	3083.31
-24.9761	1.93157	1754.93	3022.23
-24.9761	1.93157	1754.11	2955.1
-24.9761	1.93157	1753.28	3042.39
-24.9761	1.93157	1752.46	3075.17
-24.9761	1.93157	1751.63	3086.75
-24.9761	1.93157	1750.8	3071.1
-24.9761	1.93157	1749.98	3103.86
-24.9761	1.93157	1749.15	3148.7
-24.9761	1.93157	1748.32	3127.0
-24.9761	1.93157	1747.5	3078.09
-24.9761	1.93157	1746.67	3135.01
-24.9761	1.93157	1745.84	3143.55
-24.9761	1.93157	1745.02	3121.86
-24.9761	1.93157	1744.19	3133.42
-24.9761	1.93157	1743.36	3006.0
-24.9761	1.93157	1742.53	3047.78
-24.9761	1.93157	1741.71	3267.73
-24.9761	1.93157	1740.88	3206.78
-24.9761	1.93157	1740.05	3197.18
-24.9761	1.93157	1739.22	3266.07
-24.9761	1.93157	1738.39	3220.24
-24.9761	1.93157	1737.56	3298.15
-24.9761	1.93157	1736.74	3050.2
-24.9761	1.93157	1735.91	3236.7
-24.9761	1.93157	1735.08	3130.59
-24.9761	1.93157	1734.25	3386.38
-24.9761	1.93157	1733.42	3280.28
-24.9761	1.93157	1732.59	3231.49
-24.9761	1.93157	1731.76	3233.96
-24.9761	1.93157	1730.93	3206.29
-24.9761	1.93157	1730.1	3278.05
-24.9761	1.93157	1729.27	3334.73
-24.9761	1.93157	1728.44	3316.1
-24.9761	1.93157	1727.61	3177.01
-24.9761	1.93157	1726.78	3324.0
-24.9761	1.93157	1725.95	3218.08
-24.9761	1.93157	1725.12	3352.97
-24.9761	1.93157	1724.29	3298.24
-24.9761	1.93157	1723.46	3333.78
-24.9761	1.93157	1722.63	3345.25
-24.9761	1.93157	1721.8	3401.83
-24.9761	1.93157	1720.96	3356.14
-24.9761	1.93157	1720.13	3319.49
-24.9761	1.93157	1719.3	3466.23
-24.9761	1.93157	1718.47	3438.59
-24.9761	1.93157	1717.64	3416.97
-24.9761	1.93157	1716.81	3380.33
-24.9761	1.93157	1715.97	3454.87
-24.9761	1.93157	1715.14	3481.31
-24.9761	1.93157	1714.31	3411.65
-24.9761	1.93157	1713.48	3567.21
-24.9761	1.93157	1712.64	3494.55
-24.9761	1.93157	1711.81	3578.0
-24.9761	1.93157	1710.98	3637.42
-24.9761	1.93157	1710.14	3642.8
-24.9761	1.93157	1709.31	3585.18
-24.9761	1.93157	1708.48	3464.58
-24.9761	1.93157	1707.64	3625.95
-24.9761	1.93157	1706.81	3667.31
-24.9761	1.93157	1705.98	3525.78
-24.9761	1.93157	1705.14	3636.09
-24.9761	1.93157	1704.31	3536.57
-24.9761	1.93157	1703.47	3655.83
-24.9761	1.93157	1702.64	3547.35
-24.9761	1.93157	1701.81	3708.51
-24.9761	1.93157	1700.97	3653.96
-24.9761	1.93157	1700.14	3704.25
-24.9761	1.93157	1699.3	3610.8
-24.9761	1.93157	1698.47	3601.21
-24.9761	1.93157	1697.63	3648.49
-24.9761	1.93157	1696.79	3713.7
-24.9761	1.93157	1695.96	3722.04
-24.9761	1.93157	1695.12	3724.4
-24.9761	1.93157	1694.29	3753.68
-24.9761	1.93157	1693.45	3699.21
-24.9761	1.93157	1692.62	3877.98
-24.9761	1.93157	1691.78	3793.61
-24.9761	1.93157	1690.94	3813.89
-24.9761	1.93157	1690.11	3819.22
-24.9761	1.93157	1689.27	3845.46
-24.9761	1.93157	1688.43	3880.65
-24.9761	1.93157	1687.6	3874.02
-24.9761	1.93157	1686.76	3804.67
-24.9761	1.93157	1685.92	3896.59
-24.9761	1.93157	1685.08	3943.69
-24.9761	1.93157	1684.25	3934.06
-24.9761	1.93157	1683.41	3787.16
-24.9761	1.93157	1682.57	3962.56
-24.9761	1.93157	1681.73	3899.24
-24.9761	1.93157	1680.89	3841.9
-24.9761	1.93157	1680.06	3880.01
-24.9761	1.93157	1679.22	3938.99
-24.9761	1.93157	1678.38	3974.09
-24.9761	1.93157	1677.54	4071.78
-24.9761	1.93157	1676.7	4041.29
-24.9761	1.93157	1675.86	3960.14
-24.9761	1.93157	1675.02	4096.52
-24.9761	1.93157	1674.18	4116.67
-24.9761	1.93157	1673.35	4184.47
-24.9761	1.93157	1672.51	4019.98
-24.9761	1.93157	1671.67	4040.13
-24.9761	1.93157	1670.83	4206.14
-24.9761	1.93157	1669.99	4145.9
-24.9761	1.93157	1669.15	4171.98
-24.9761	1.93157	1668.31	4242.67
-24.9761	1.93157	1667.47	4307.39
-24.9761	1.93157	1666.62	4267.99
-24.9761	1.93157	1665.78	4314.84
-24.9761	1.93157	1664.94	4251.67
-24.9761	1.93157	1664.1	4378.77
-24.9761	1.93157	1663.26	4372.08
-24.9761	1.93157	1662.42	4386.19
-24.9761	1.93157	1661.58	4305.22
-24.9761	1.93157	1660.74	4325.28
-24.9761	1.93157	1659.9	4470.08
-24.9761	1.93157	1659.05	4594.04
-24.9761	1.93157	1658.21	4346.82
-24.9761	1.93157	1657.37	4366.86
-24.9761	1.93157	1656.53	4639.18
-24.9761	1.93157	1655.68	4668.07
-24.9761	1.93157	1654.84	4652.43
-24.9761	1.93157	1654.0	4642.74
-24.9761	1.93157	1653.16	4627.12
-24.9761	1.93157	1652.31	4807.23
-24.9761	1.93157	1651.47	4723.38
-24.9761	1.93157	1650.63	4669.21
-24.9761	1.93157	1649.78	4724.73
-24.9761	1.93157	1648.94	4753.56
-24.9761	1.93157	1648.1	5078.69
-24.9761	1.93157	1647.25	4873.41
-24.9761	1.93157	1646.41	4896.27
-24.9761	1.93157	1645.56	4883.59
-24.9761	1.93157	1644.72	5036.73
-24.9761	1.93157	1643.88	5172.05
-24.9761	1.93157	1643.03	4984.69
-24.9761	1.93157	1642.19	5075.58
-24.9761	1.93157	1641.34	5039.2
-24.9761	1.93157	1640.5	5079.76
-24.9761	1.93157	1639.65	5040.44
-24.9761	1.93157	1638.81	5264.35
-24.9761	1.93157	1637.96	5216.14
-24.9761	1.93157	1637.11	5298.03
-24.9761	1.93157	1636.27	5323.72
-24.9761	1.93157	1635.42	5479.45
-24.9761	1.93157	1634.58	5502.16
-24.9761	1.93157	1633.73	5678.48
-24.9761	1.93157	1632.88	5574.13
-24.9761	1.93157	1632.04	5599.75
-24.9761	1.93157	1631.19	5637.18
-24.9761	1.93157	1630.34	5866.51
-24.9761	1.93157	1629.5	6072.14
-24.9761	1.93157	1628.65	6023.88
-24.9761	1.93157	1627.8	5839.89
-24.9761	1.93157	1626.96	6175.24
-24.9761	1.93157	1626.11	6144.69
-24.9761	1.93157	1625.26	6391.39
-24.9761	1.93157	1624.41	6234.0
-24.9761	1.93157	1623.57	6283.06
-24.9761	1.93157	1622.72	6423.48
-24.9761	1.93157	1621.87	6655.23
-24.9761	1.93157	1621.02	6704.19
-24.9761	1.93157	1620.17	6496.79
-24.9761	1.93157	1619.32	6719.57
-24.9761	1.93157	1618.47	6786.16
-24.9761	1.93157	1617.63	6896.9
-24.9761	1.93157	1616.78	6869.22
-24.9761	1.93157	1615.93	6770.9
-24.9761	1.93157	1615.08	7002.27
-24.9761	1.93157	1614.23	7027.55
-24.9761	1.93157	1613.38	7076.37
-24.9761	1.93157	1612.53	7025.15
-24.9761	1.93157	1611.68	7273.96
-24.9761	1.93157	1610.83	7105.08
-24.9761	1.93157	1609.98	7203.84
-24.9761	1.93157	1609.13	7132.05
-24.9761	1.93157	1608.28	7183.73
-24.9761	1.93157	1607.43	7423.49
-24.9761	1.93157	1606.58	7457.48
-24.9761	1.93157	1605.73	7268.18
-24.9761	1.93157	1604.87	7372.68
-24.9761	1.93157	1604.02	7362.6
-24.9761	1.93157	1603.17	7572.75
-24.9761	1.93157	1602.32	7274.94
-24.9761	1.93157	1601.47	7499.71
-24.9761	1.93157	1600.62	7422.12
-24.9761	1.93157	1599.76	7649.72
-24.9761	1.93157	1598.91	7736.43
-24.9761	1.93157	1598.06	7562.04
-24.9761	1.93157	1597.21	7733.77
-24.9761	1.93157	1596.36	7618.09
-24.9761	1.93157	1595.5	7619.71
-24.9761	1.93157	1594.65	7723.93
-24.9761	1.93157	1593.8	7479.35
-24.9761	1.93157	1592.94	7794.54
-24.9761	1.93157	1592.09	7892.82
-24.9761	1.93157	1591.24	7642.48
-24.9761	1.93157	1590.38	7500.58
-24.9761	1.93157	1589.53	7715.99
-24.9761	1.93157	1588.68	7878.62
-24.9761	1.93157	1587.82	7722.12
-24.9761	1.93157	1586.97	7325.69
-24.9761	1.93157	1586.11	7696.06
-24.9761	1.93157	1585.26	7609.9
-24.9761	1.93157	1584.4	7623.22
-24.9761	1.93157	1583.55	7270.94
-24.9761	1.93157	1582.69	7357.42
-24.9761	1.93157	1581.84	7438.02
-24.9761	1.93157	1580.98	7413.36
-24.9761	1.93157	1580.13	7341.94
-24.9761	1.93157	1579.27	7276.39
-24.9761	1.93157	1578.42	7292.67
-24.9761	1.93157	1577.56	7417.03
-24.9761	1.93157	1576.71	7079.87
-24.9761	1.93157	1575.85	6999.81
-24.9761	1.93157	1574.99	7121.24
-24.9761	1.93157	1574.14	7009.08
-24.9761	1.93157	1573.28	7115.87
-24.9761	1.93157	1572.42	7032.94
-24.9761	1.93157	1571.57	6839.16
-24.9761	1.93157	1570.71	6893.41
-24.9761	1.93157	1569.85	6935.98
-24.9761	1.93157	1569.0	6812.3
-24.9761	1.93157	1568.14	6720.75
-24.9761	1.93157	1567.28	6591.32
-24.9761	1.93157	1566.42	6718.44
-24.9761	1.93157	1565.56	6790.14
-24.9761	1.93157	1564.71	6657.85
-24.9761	1.93157	1563.85	6499.39
-24.9761	1.93157	1562.99	6474.98
-24.9761	1.93157	1562.13	6689.37
-24.9761	1.93157	1561.27	6702.78
-24.9761	1.93157	1560.41	6631.75
-24.9761	1.93157	1559.56	6691.74
-24.9761	1.93157	1558.7	6731.33
-24.9761	1.93157	1557.84	6671.98
-24.9761	1.93157	1556.98	6539.92
-24.9761	1.93157	1556.12	6489.34
-24.9761	1.93157	1555.26	6758.69
-24.9761	1.93157	1554.4	6638.31
-24.9761	1.93157	1553.54	6686.59
-24.9761	1.93157	1552.68	6403.49
-24.9761	1.93157	1551.82	6693.01
-24.9761	1.93157	1550.96	6808.09
-24.9761	1.93157	1550.1	6504.77
-24.9761	1.93157	1549.24	6605.32
-24.9761	1.93157	1548.38	6368.94
-24.9761	1.93157	1547.52	6797.6
-24.9761	1.93157	1546.65	6601.91
-24.9761	1.93157	1545.79	6510.79
-24.9761	1.93157	1544.93	6651.88
-24.9761	1.93157	1544.07	6578.19
-24.9761	1.93157	1543.21	6519.03
-24.9761	1.93157	1542.35	6381.58
-24.9761	1.93157	1541.48	6595.09
-24.9761	1.93157	1540.62	6454.77
-24.9761	1.93157	1539.76	6656.6
-24.9761	1.93157	1538.9	6394.57
-24.9761	1.93157	1538.04	6370.29
-24.9761	1.93157	1537.17	6372.09
-24.9761	1.93157	1536.31	6469.49
-24.9761	1.93157	1535.45	6511.83
-24.9761	1.93157	1534.58	6345.62
-24.9761	1.93157	1533.72	6425.61
-24.9761	1.93157	1532.86	6737.19
-24.9761	1.93157	1531.99	6611.55
-24.9761	1.93157	1531.13	6375.98
-24.9761	1.93157	1530.27	6600.59
-24.9761	1.93157	1529.4	6530.02
-24.9761	1.93157	1528.54	6453.68
-24.9761	1.93157	1527.67	6446.79
-24.9761	1.93157	1526.81	6280.85
-24.9761	1.93157	1525.94	6337.59
-24.9761	1.93157	1525.08	6475.25
-24.9761	1.93157	1524.21	6425.0
-24.9761	1.93157	1523.35	6360.32
-24.9761	1.93157	1522.48	6451.68
-24.9761	1.93157	1521.62	6288.79
-24.9761	1.93157	1520.75	6397.46
-24.9761	1.93157	1519.89	6041.17
-24.9761	1.93157	1519.02	6259.56
-24.9761	1.93157	1518.15	6085.27
-24.9761	1.93157	1517.29	6225.65
-24.9761	1.93157	1516.42	6060.09
-24.9761	1.93157	1515.56	6079.24
-24.9761	1.93157	1514.69	6014.72
-24.9761	1.93157	1513.82	6302.11
-24.9761	1.93157	1512.96	6024.18
-24.9761	1.93157	1512.09	6011.61
-24.9761	1.93157	1511.22	6148.95
-24.9761	1.93157	1510.35	6093.12
-24.9761	1.93157	1509.49	5945.1
-24.9761	1.93157	1508.62	5972.89
-24.9761	1.93157	1507.75	5986.26
-24.9761	1.93157	1506.88	5933.38
-24.9761	1.93157	1506.01	5848.84
-24.9761	1.93157	1505.15	5859.35
-24.9761	1.93157	1504.28	5924.55
-24.9761	1.93157	1503.41	5981.09
-24.9761	1.93157	1502.54	5844.8
-24.9761	1.93157	1501.67	5714.31
-24.9761	1.93157	1500.8	5629.9
-24.9761	1.93157	1499.93	5680.7
-24.9761	1.93157	1499.06	5849.39
-24.9761	1.93157	1498.19	5753.5
-24.9761	1.93157	1497.32	5732.38
-24.9761	1.93157	1496.46	5668.15
-24.9761	1.93157	1495.59	5810.86
-24.9761	1.93157	1494.72	5827.1
-24.9761	1.93157	1493.84	5622.12
-24.9761	1.93157	1492.97	5715.94
-24.9761	1.93157	1492.1	5778.13
-24.9761	1.93157	1491.23	5800.1
-24.9761	1.93157	1490.36	5635.46
-24.9761	1.93157	1489.49	5559.86
-24.9761	1.93157	1488.62	5665.08
-24.9761	1.93157	1487.75	5701.4
-24.9761	1.93157	1486.88	5803.7
-24.9761	1.93157	1486.01	5642.07
-24.9761	1.93157	1485.13	5750.07
-24.9761	1.93157	1484.26	5938.32
-24.9761	1.93157	1483.39	5779.62
-24.9761	1.93157	1482.52	5735.62
-24.9761	1.93157	1481.65	5814.87
-24.9761	1.93157	1480.77	5853.98
-24.9761	1.93157	1479.9	5933.19
-24.9761	1.93157	1479.03	5748.84
-24.9761	1.93157	1478.16	5891.04
-24.9761	1.93157	1477.28	5878.57
-24.9761	1.93157	1476.41	5937.67
-24.9761	1.93157	1475.54	5747.72
-24.9761	1.93157	1474.66	5792.52
-24.9761	1.93157	1473.79	5914.56
-24.9761	1.93157	1472.91	6062.3
-24.9761	1.93157	1472.04	5998.32
-24.9761	1.93157	1471.17	6088.8
-24.9761	1.93157	1470.29	6147.8
-24.9761	1.93157	1469.42	6080.98
-24.9761	1.93157	1468.54	6099.93
-24.9761	1.93157	1467.67	6190.33
-24.9761	1.93157	1466.79	6049.24
-24.9761	1.93157	1465.92	6308.18
-24.9761	1.93157	1465.04	6238.53
-24.9761	1.93157	1464.17	6091.8
-24.9761	1.93157	1463.29	6119.29
-24.9761	1.93157	1462.42	6292.39
-24.9761	1.93157	1461.54	6465.42
-24.9761	1.93157	1460.66	6130.38
-24.9761	1.93157	1459.79	6035.16
-24.9761	1.93157	1458.91	6196.73
-24.9761	1.93157	1458.04	6187.1
-24.9761	1.93157	1457.16	6089.06
-24.9761	1.93157	1456.28	6019.57
-24.9761	1.93157	1455.41	6058.44
-24.9761	1.93157	1454.53	6185.66
-24.9761	1.93157	1453.65	5987.94
-24.9761	1.93157	1452.77	6078.09
-24.9761	1.93157	1451.9	5994.41
-24.9761	1.93157	1451.02	6007.61
-24.9761	1.93157	1450.14	6052.14
-24.9761	1.93157	1449.26	5914.41
-24.9761	1.93157	1448.39	6027.26
-24.9761	1.93157	1447.51	5957.9
-24.9761	1.93157	1446.63	5880.02
-24.9761	1.93157	1445.75	5833.47
-24.9761	1.93157	1444.87	5784.1
-24.9761	1.93157	1443.99	5967.99
-24.9761	1.93157	1443.11	6060.81
-24.9761	1.93157	1442.23	5863.55
-24.9761	1.93157	1441.35	5700.47
-24.9761	1.93157	1440.48	5938.27
-24.9761	1.93157	1439.6	6028.18
-24.9761	1.93157	1438.72	5890.74
-24.9761	1.93157	1437.84	5784.59
-24.9761	1.93157	1436.96	5806.32
-24.9761	1.93157	1436.08	6077.96
-24.9761	1.93157	1435.2	5988.88
-24.9761	1.93157	1434.31	5800.45
-24.9761	1.93157	1433.43	5668.87
-24.9761	1.93157	1432.55	6028.33
-24.9761	1.93157	1431.67	5769.05
-24.9761	1.93157	1430.79	5875.87
-24.9761	1.93157	1429.91	5710.32
-24.9761	1.93157	1429.03	5961.75
-24.9761	1.93157	1428.15	5909.67
-24.9761	1.93157	1427.27	5954.01
-24.9761	1.93157	1426.38	5811.24
-24.9761	1.93157	1425.5	5759.21
-24.9761	1.93157	1424.62	5908.4
-24.9761	1.93157	1423.74	5915.87
-24.9761	1.93157	1422.85	5951.67
-24.9761	1.93157	1421.97	5862.83
-24.9761	1.93157	1421.09	6017.56
-24.9761	1.93157	1420.21	5857.97
-24.9761	1.93157	1419.32	5941.87
-24.9761	1.93157	1418.44	5966.31
-24.9761	1.93157	1417.56	6126.58
-24.9761	1.93157	1416.67	5998.19
-24.9761	1.93157	1415.79	5923.6
-24.9761	1.93157	1414.9	5905.6
-24.9761	1.93157	1414.02	5944.16
-24.9761	1.93157	1413.14	5940.3
-24.9761	1.93157	1412.25	5882.73
-24.9761	1.93157	1411.37	6056.94
-24.9761	1.93157	1410.48	5982.41
-24.9761	1.93157	1409.6	5938.99
-24.9761	1.93157	1408.71	6059.43
-24.9761	1.93157	1407.83	5934.1
-24.9761	1.93157	1406.94	5935.89
-24.9761	1.93157	1406.06	6013.92
-24.9761	1.93157	1405.17	6199.19
-24.9761	1.93157	1404.29	5924.33
-24.9761	1.93157	1403.4	6061.57
-24.9761	1.93157	1402.51	5958.95
-24.9761	1.93157	1401.63	6318.99
-24.9761	1.93157	1400.74	6041.49
-24.9761	1.93157	1399.85	5823.3
-24.9761	1.93157	1398.97	6118.33
-24.9761	1.93157	1398.08	6165.19
-24.9761	1.93157	1397.19	6107.74
-24.9761	1.93157	1396.31	6236.31
-24.9761	1.93157	1395.42	6184.51
-24.9761	1.93157	1394.53	6327.1
-24.9761	1.93157	1393.64	6328.82
-24.9761	1.93157	1392.76	6316.45
-24.9761	1.93157	1391.87	6253.41
-24.9761	1.93157	1390.98	6438.11
-24.9761	1.93157	1390.09	6327.22
-24.9761	1.93157	1389.2	6224.81
-24.9761	1.93157	1388.32	6296.88
-24.9761	1.93157	1387.43	6428.0
-24.9761	1.93157	1386.54	6429.69
-24.9761	1.93157	1385.65	6358.27
-24.9761	1.93157	1384.76	6348.73
-24.9761	1.93157	1383.87	6521.91
-24.9761	1.93157	1382.98	6512.34
-24.9761	1.93157	1382.09	6573.03
-24.9761	1.93157	1381.2	6431.4
-24.9761	1.93157	1380.31	6649.4
-24.9761	1.93157	1379.42	6547.13
-24.9761	1.93157	1378.53	6492.63
-24.9761	1.93157	1377.64	6612.23
-24.9761	1.93157	1376.75	6641.96
-24.9761	1.93157	1375.86	6699.74
-24.9761	1.93157	1374.97	6788.37
-24.9761	1.93157	1374.08	6571.14
-24.9761	1.93157	1373.19	6718.68
-24.9761	1.93157	1372.3	6919.45
-24.9761	1.93157	1371.4	6741.57
-24.9761	1.93157	1370.51	6631.05
-24.9761	1.93157	1369.62	6910.22
-24.9761	1.93157	1368.73	6911.82
-24.9761	1.93157	1367.84	6916.22
-24.9761	1.93157	1366.94	6990.66
-24.9761	1.93157	1366.05	6891.39
-24.9761	1.93157	1365.16	7069.45
-24.9761	1.93157	1364.27	7082.22
-24.9761	1.93157	1363.37	6744.99
-24.9761	1.93157	1362.48	6990.16
-24.9761	1.93157	1361.59	7061.72
-24.9761	1.93157	1360.69	7326.33
-24.9761	1.93157	1359.8	7067.64
-24.9761	1.93157	1358.91	7024.45
-24.9761	1.93157	1358.01	7137.9
-24.9761	1.93157	1357.12	7293.25
-24.9761	1.93157	1356.22	6987.22
-24.9761	1.93157	1355.33	7075.45
-24.9761	1.93157	1354.44	7272.66
-24.9761	1.93157	1353.54	7494.96
-24.9761	1.93157	1352.65	7342.77
-24.9761	1.93157	1351.75	7349.87
-24.9761	1.93157	1350.86	7474.27
-24.9761	1.93157	1349.96	7520.44
-24.9761	1.93157	1349.07	7443.74
-24.9761	1.93157	1348.17	7344.73
-24.9761	1.93157	1347.28	7477.42
-24.9761	1.93157	1346.38	7537.51
-24.9761	1.93157	1345.48	7497.13
-24.9761	1.93157	1344.59	7557.19
-24.9761	1.93157	1343.69	7695.33
-24.9761	1.93157	1342.79	7663.31
-24.9761	1.93157	1341.9	7773.49
-24.9761	1.93157	1341.0	7702.44
-24.9761	1.93157	1340.1	7667.65
-24.9761	1.93157	1339.21	7989.57
-24.9761	1.93157	1338.31	7982.6
-24.9761	1.93157	1337.41	8064.78
-24.9761	1.93157	1336.51	7946.38
-24.9761	1.93157	1335.62	8206.76
-24.9761	1.93157	1334.72	8299.99
-24.9761	1.93157	1333.82	8125.95
-24.9761	1.93157	1332.92	8107.82
-24.9761	1.93157	1332.02	8432.0
-24.9761	1.93157	1331.13	8508.43
-24.9761	1.93157	1330.23	8309.43
-24.9761	1.93157	1329.33	8371.94
-24.9761	1.93157	1328.43	8473.37
-24.9761	1.93157	1327.53	8566.42
-24.9761	1.93157	1326.63	8545.46
-24.9761	1.93157	1325.73	8332.73
-24.9761	1.93157	1324.83	8542.47
-24.9761	1.93157	1323.93	8621.55
-24.9761	1.93157	1323.03	8567.26
-24.9761	1.93157	1322.13	8599.09
-24.9761	1.93157	1321.23	8711.44
-24.9761	1.93157	1320.33	8465.58
-24.9761	1.93157	1319.43	8669.53
-24.9761	1.93157	1318.53	8412.66
-24.9761	1.93157	1317.63	8655.39
-24.9761	1.93157	1316.73	8612.25
-24.9761	1.93157	1315.83	8458.17
-24.9761	1.93157	1314.93	8459.46
-24.9761	1.93157	1314.02	8383.11
-24.9761	1.93157	1313.12	8664.44
-24.9761	1.93157	1312.22	8443.93
-24.9761	1.93157	1311.32	8478.48
-24.9761	1.93157	1310.42	8427.11
-24.9761	1.93157	1309.51	8708.24
-24.9761	1.93157	1308.61	8368.75
-24.9761	1.93157	1307.71	8245.42
-24.9761	1.93157	1306.81	8180.28
-24.9761	1.93157	1305.9	8364.35
-24.9761	1.93157	1305.0	8105.44
-24.9761	1.93157	1304.1	7896.44
-24.9761	1.93157	1303.19	7997.44
-24.9761	1.93157	1302.29	7979.44
-24.9761	1.93157	1301.39	8124.65
-24.9761	1.93157	1300.48	8020.89
-24.9761	1.93157	1299.58	7831.44
-24.9761	1.93157	1298.67	7744.36
-24.9761	1.93157	1297.77	8047.08
-24.9761	1.93157	1296.86	7780.34
-24.9761	1.93157	1295.96	7859.11
-24.9761	1.93157	1295.06	7658.8
-24.9761	1.93157	1294.15	7828.73
-24.9761	1.93157	1293.25	7752.78
-24.9761	1.93157	1292.34	7541.55
-24.9761	1.93157	1291.43	7750.06
-24.9761	1.93157	1290.53	7784.59
-24.9761	1.93157	1289.62	7485.14
-24.9761	1.93157	1288.72	7359.65
-24.9761	1.93157	1287.81	7612.19
-24.9761	1.93157	1286.9	7707.4
-24.9761	1.93157	1286.0	7518.5
-24.9761	1.93157	1285.09	7398.6
-24.9761	1.93157	1284.18	7504.83
-24.9761	1.93157	1283.28	7558.64
-24.9761	1.93157	1282.37	7400.21
-24.9761	1.93157	1281.46	7382.38
-24.9761	1.93157	1280.56	7317.72
-24.9761	1.93157	1279.65	7393.56
-24.9761	1.93157	1278.74	7238.03
-24.9761	1.93157	1277.83	7140.38
-24.9761	1.93157	1276.93	6954.65
-24.9761	1.93157	1276.02	7022.25
-24.9761	1.93157	1275.11	7040.28
-24.9761	1.93157	1274.2	6931.73
-24.9761	1.93157	1273.29	6696.65
-24.9761	1.93157	1272.38	7020.07
-24.9761	1.93157	1271.47	6947.32
-24.9761	1.93157	1270.56	6577.62
-24.9761	1.93157	1269.66	6540.73
-24.9761	1.93157	1268.75	6663.28
-24.9761	1.93157	1267.84	6662.1
-24.9761	1.93157	1266.93	6567.5
-24.9761	1.93157	1266.02	6280.62
-24.9761	1.93157	1265.11	6447.08
-24.9761	1.93157	1264.2	6341.58
-24.9761	1.93157	1263.29	6332.22
-24.9761	1.93157	1262.38	5974.19
-24.9761	1.93157	1261.46	6228.43
-24.9761	1.93157	1260.55	6241.06
-24.9761	1.93157	1259.64	6226.24
-24.9761	1.93157	1258.73	6271.78
-24.9761	1.93157	1257.82	6103.35
-24.9761	1.93157	1256.91	6165.36
-24.9761	1.93157	1256.0	6284.93
-24.9761	1.93157	1255.08	6012.4
-24.9761	1.93157	1254.17	6120.99
-24.9761	1.93157	1253.26	6259.68
-24.9761	1.93157	1252.35	6173.63
-24.9761	1.93157	1251.44	5956.11
-24.9761	1.93157	1250.52	5922.19
-24.9761	1.93157	1249.61	6099.17
-24.9761	1.93157	1248.7	5840.7
-24.9761	1.93157	1247.78	5812.29
-24.9761	1.93157	1246.87	5819.48
-24.9761	1.93157	1245.96	5974.45
-24.9761	1.93157	1245.04	5970.66
-24.9761	1.93157	1244.13	6005.18
-24.9761	1.93157	1243.22	5957.62
-24.9761	1.93157	1242.3	6035.88
-24.9761	1.93157	1241.39	5911.77
-24.9761	1.93157	1240.47	5735.76
-24.9761	1.93157	1239.56	5770.28
-24.9761	1.93157	1238.64	6048.03
-24.9761	1.93157	1237.73	5888.48
-24.9761	1.93157	1236.81	5857.39
-24.9761	1.93157	1235.9	5779.87
-24.9761	1.93157	1234.98	5800.7
-24.9761	1.93157	1234.07	5859.75
-24.9761	1.93157	1233.15	5678.53
-24.9761	1.93157	1232.24	5726.67
-24.9761	1.93157	1231.32	5856.65
-24.9761	1.93157	1230.4	5923.84
-24.9761	1.93157	1229.49	5969.17
-24.9761	1.93157	1228.57	5728.08
-24.9761	1.93157	1227.65	5860.7
-24.9761	1.93157	1226.74	5783.32
-24.9761	1.93157	1225.82	5695.06
-24.9761	1.93157	1224.9	5576.85
-24.9761	1.93157	1223.99	5701.23
-24.9761	1.93157	1223.07	5547.64
-24.9761	1.93157	1222.15	5579.35
-24.9761	1.93157	1221.23	5363.18
-24.9761	1.93157	1220.31	5405.81
-24.9761	1.93157	1219.4	5500.16
-24.9761	1.93157	1218.48	5458.35
-24.9761	1.93157	1217.56	5424.72
-24.9761	1.93157	1216.64	5331.24
-24.9761	1.93157	1215.72	5610.55
-24.9761	1.93157	1214.8	5424.57
-24.9761	1.93157	1213.88	5309.38
-24.9761	1.93157	1212.96	5449.85
-24.9761	1.93157	1212.05	5527.74
-24.9761	1.93157	1211.13	5388.12
-24.9761	1.93157	1210.21	5194.19
-24.9761	1.93157	1209.29	5462.31
-24.9761	1.93157	1208.37	5290.17
-24.9761	1.93157	1207.45	5308.25
-24.9761	1.93157	1206.53	5157.93
-24.9761	1.93157	1205.6	5347.11
-24.9761	1.93157	1204.68	5357.03
-24.9761	1.93157	1203.76	5043.89
-24.9761	1.93157	1202.84	5032.14
-24.9761	1.93157	1201.92	5131.66
-24.9761	1.93157	1201.0	5176.88
-24.9761	1.93157	1200.08	5175.96
-24.9761	1.93157	1199.16	4998.75
-24.9761	1.93157	1198.23	5030.41
-24.9761	1.93157	1197.31	5303.36
-24.9761	1.93157	1196.39	5137.06
-24.9761	1.93157	1195.47	5111.76
-24.9761	1.93157	1194.54	5181.32
-24.9761	1.93157	1193.62	5118.08
-24.9761	1.93157	1192.7	5025.07
-24.9761	1.93157	1191.78	5143.36
-24.9761	1.93157	1190.85	5145.16
-24.9761	1.93157	1189.93	5244.42
-24.9761	1.93157	1189.01	5151.46
-24.9761	1.93157	1188.08	5015.22
-24.9761	1.93157	1187.16	5017.04
-24.9761	1.93157	1186.23	5221.77
-24.9761	1.93157	1185.31	5142.4
-24.9761	1.93157	1184.39	5065.76
-24.9761	1.93157	1183.46	5062.16
-24.9761	1.93157	1182.54	4985.56
-24.9761	1.93157	1181.61	5073.89
-24.9761	1.93157	1180.69	4918.93
-24.9761	1.93157	1179.76	5039.66
-24.9761	1.93157	1178.84	4976.63
-24.9761	1.93157	1177.91	4900.12
-24.9761	1.93157	1176.99	5055.89
-24.9761	1.93157	1176.06	4876.78
-24.9761	1.93157	1175.13	5091.9
-24.9761	1.93157	1174.21	4969.53
-24.9761	1.93157	1173.28	4955.15
-24.9761	1.93157	1172.35	4970.47
-24.9761	1.93157	1171.43	5018.15
-24.9761	1.93157	1170.5	5003.77
-24.9761	1.93157	1169.57	4838.37
-24.9761	1.93157	1168.65	4956.16
-24.9761	1.93157	1167.72	4839.35
-24.9761	1.93157	1166.79	4776.5
-24.9761	1.93157	1165.86	4659.76
-24.9761	1.93157	1164.94	4737.08
-24.9761	1.93157	1164.01	4811.68
-24.9761	1.93157	1163.08	4705.77
-24.9761	1.93157	1162.15	4739.95
-24.9761	1.93157	1161.22	4655.64
-24.9761	1.93157	1160.3	4800.19
-24.9761	1.93157	1159.37	4664.75
-24.9761	1.93157	1158.44	4758.12
-24.9761	1.93157	1157.51	4768.04
-24.9761	1.93157	1156.58	4845.21
-24.9761	1.93157	1155.65	4812.07
-24.9761	1.93157	1154.72	4676.75
-24.9761	1.93157	1153.79	4821.12
-24.9761	1.93157	1152.86	4801.45
-24.9761	1.93157	1151.93	4754.9
-24.9761	1.93157	1151.0	4858.87
-24.9761	1.93157	1150.07	4718.29
-24.9761	1.93157	1149.14	4752.37
-24.9761	1.93157	1148.21	4558.14
-24.9761	1.93157	1147.28	4447.22
-24.9761	1.93157	1146.35	4720.31
-24.9761	1.93157	1145.42	4695.31
-24.9761	1.93157	1144.48	4584.43
-24.9761	1.93157	1143.55	4521.89
-24.9761	1.93157	1142.62	4572.07
-24.9761	1.93157	1141.69	4670.52
-24.9761	1.93157	1140.76	4471.2
-24.9761	1.93157	1139.82	4499.91
-24.9761	1.93157	1138.89	4464.25
-24.9761	1.93157	1137.96	4568.01
-24.9761	1.93157	1137.03	4548.44
-24.9761	1.93157	1136.09	4603.91
-24.9761	1.93157	1135.16	4522.71
-24.9761	1.93157	1134.23	4626.38
-24.9761	1.93157	1133.29	4612.17
-24.9761	1.93157	1132.36	4477.45
-24.9761	1.93157	1131.43	4589.11
-24.9761	1.93157	1130.49	4615.06
-24.9761	1.93157	1129.56	4649.04
-24.9761	1.93157	1128.62	4616.1
-24.9761	1.93157	1127.69	4754.41
-24.9761	1.93157	1126.76	4689.36
-24.9761	1.93157	1125.82	4675.15
-24.9761	1.93157	1124.89	4660.95
-24.9761	1.93157	1123.95	4668.15
-24.9761	1.93157	1123.02	4731.47
-24.9761	1.93157	1122.08	4733.3
-24.9761	1.93157	1121.14	4737.81
-24.9761	1.93157	1120.21	4632.77
-24.9761	1.93157	1119.27	4688.04
-24.9761	1.93157	1118.34	4695.22
-24.9761	1.93157	1117.4	4659.67
-24.9761	1.93157	1116.46	4581.41
-24.9761	1.93157	1115.53	4759.45
-24.9761	1.93157	1114.59	4665.19
-24.9761	1.93157	1113.65	4541.61
-24.9761	1.93157	1112.72	4676.87
-24.9761	1.93157	1111.78	4620.02
-24.9761	1.93157	1110.84	4659.2
-24.9761	1.93157	1109.9	4549.05
-24.9761	1.93157	1108.97	4585.56
-24.9761	1.93157	1108.03	4384.83
-24.9761	1.93157	1107.09	4479.99
-24.9761	1.93157	1106.15	4441.89
-24.9761	1.93157	1105.21	4478.4
-24.9761	1.93157	1104.28	4586.81
-24.9761	1.93157	1103.34	4487.46
-24.9761	1.93157	1102.4	4324.23
-24.9761	1.93157	1101.46	4403.33
-24.9761	1.93157	1100.52	4511.68
-24.9761	1.93157	1099.58	4423.05
-24.9761	1.93157	1098.64	4313.17
-24.9761	1.93157	1097.7	4402.85
-24.9761	1.93157	1096.76	4492.5
-24.9761	1.93157	1095.82	4411.92
-24.9761	1.93157	1094.88	4443.04
-24.9761	1.93157	1093.94	4221.6
-24.9761	1.93157	1093.0	4340.46
-24.9761	1.93157	1092.06	4209.47
-24.9761	1.93157	1091.12	4240.6
-24.9761	1.93157	1090.18	4455.03
-24.9761	1.93157	1089.24	4185.97
-24.9761	1.93157	1088.3	4185.22
-24.9761	1.93157	1087.35	4211.03
-24.9761	1.93157	1086.41	4252.75
-24.9761	1.93157	1085.47	4358.16
-24.9761	1.93157	1084.53	4277.77
-24.9761	1.93157	1083.59	4197.41
-24.9761	1.93157	1082.64	4345.22
-24.9761	1.93157	1081.7	4246.31
-24.9761	1.93157	1080.76	4306.54
-24.9761	1.93157	1079.81	4173.21
-24.9761	1.93157	1078.87	4169.81
-24.9761	1.93157	1077.93	4177.02
-24.9761	1.93157	1076.99	4107.38
-24.9761	1.93157	1076.04	4170.23
-24.9761	1.93157	1075.1	4148.3
-24.9761	1.93157	1074.15	4168.74
-24.9761	1.93157	1073.21	4168.0
-24.9761	1.93157	1072.27	4251.98
-24.9761	1.93157	1071.32	4365.04
-24.9761	1.93157	1070.38	4253.11
-24.9761	1.93157	1069.43	4056.53
-24.9761	1.93157	1068.49	4114.01
-24.9761	1.93157	1067.54	4134.44
-24.9761	1.93157	1066.6	4091.39
-24.9761	1.93157	1065.65	4164.7
-24.9761	1.93157	1064.71	3941.88
-24.9761	1.93157	1063.76	4128.85
-24.9761	1.93157	1062.81	4083.18
-24.9761	1.93157	1061.87	4024.32
-24.9761	1.93157	1060.92	4113.43
-24.9761	1.93157	1059.97	4133.82
-24.9761	1.93157	1059.03	4185.9
-24.9761	1.93157	1058.08	4153.47
-24.9761	1.93157	1057.13	3981.13
-24.9761	1.93157	1056.19	4199.5
-24.9761	1.93157	1055.24	4095.82
-24.9761	1.93157	1054.29	3986.91
-24.9761	1.93157	1053.34	4112.83
-24.9761	1.93157	1052.4	4011.86
-24.9761	1.93157	1051.45	4127.18
-24.9761	1.93157	1050.5	3994.61
-24.9761	1.93157	1049.55	4115.16
-24.9761	1.93157	1048.6	4122.33
-24.9761	1.93157	1047.66	3981.92
-24.9761	1.93157	1046.71	3983.85
-24.9761	1.93157	1045.76	4025.28
-24.9761	1.93157	1044.81	4100.95
-24.9761	1.93157	1043.86	4102.85
-24.9761	1.93157	1042.91	3981.0
-24.9761	1.93157	1041.96	4104.01
-24.9761	1.93157	1041.01	4034.85
-24.9761	1.93157	1040.06	3892.02
-24.9761	1.93157	1039.11	3980.78
-24.9761	1.93157	1038.16	4043.2
-24.9761	1.93157	1037.21	3953.06
-24.9761	1.93157	1036.26	3912.9
-24.9761	1.93157	1035.31	3799.15
-24.9761	1.93157	1034.36	3906.25
-24.9761	1.93157	1033.4	4018.56
-24.9761	1.93157	1032.45	4023.1
-24.9761	1.93157	1031.5	3843.72
-24.9761	1.93157	1030.55	3974.37
-24.9761	1.93157	1029.6	4036.7
-24.9761	1.93157	1028.65	4022.84
-24.9761	1.93157	1027.69	3846.22
-24.9761	1.93157	1026.74	3937.4
-24.9761	1.93157	1025.79	3876.34
-24.9761	1.93157	1024.84	3962.23
-24.9761	1.93157	1023.88	3801.49
-24.9761	1.93157	1022.93	3960.82
-24.9761	1.93157	1021.98	3828.98
-24.9761	1.93157	1021.02	3846.65
-24.9761	1.93157	1020.07	3901.01
-24.9761	1.93157	1019.12	3853.13
-24.9761	1.93157	1018.16	3933.68
-24.9761	1.93157	1017.21	3990.62
-24.9761	1.93157	1016.25	3955.85
-24.9761	1.93157	1015.3	4054.68
-24.9761	1.93157	1014.34	3865.39
-24.9761	1.93157	1013.39	3883.03
-24.9761	1.93157	1012.44	3903.28
-24.9761	1.93157	1011.48	3933.99
-24.9761	1.93157	1010.52	3875.71
-24.9761	1.93157	1009.57	3911.64
-24.9761	1.93157	1008.61	3848.16
-24.9761	1.93157	1007.66	3936.4
-24.9761	1.93157	1006.7	3998.45
-24.9761	1.93157	1005.75	3817.33
-24.9761	1.93157	1004.79	4004.86
-24.9761	1.93157	1003.83	4011.98
-24.9761	1.93157	1002.88	3917.19
-24.9761	1.93157	1001.92	3953.06
-24.9761	1.93157	1000.96	3918.39
-24.9761	1.93157	1000.0	3959.48
-24.9761	1.93157	999.048	3822.98
-24.9761	1.93157	998.09	3879.73
-24.9761	1.93157	997.132	3899.92
-24.9761	1.93157	996.174	3951.42
-24.9761	1.93157	995.216	3799.36
-24.9761	1.93157	994.258	3772.59
-24.9761	1.93157	993.3	3928.42
-24.9761	1.93157	992.341	3914.68
-24.9761	1.93157	991.382	3882.68
-24.9761	1.93157	990.423	3897.63
-24.9761	1.93157	989.4639999999999	3907.36
-24.9761	1.93157	988.505	3776.35
-24.9761	1.93157	987.546	3848.63
-24.9761	1.93157	986.586	3764.57
-24.9761	1.93157	985.6260000000001	3727.43
-24.9761	1.93157	984.666	3859.58
-24.9761	1.93157	983.706	3825.03
-24.9761	1.93157	982.7460000000001	3899.84
-24.9761	1.93157	981.785	3836.67
-24.9761	1.93157	980.825	3924.47
-24.9761	1.93157	979.8639999999999	3811.88
-24.9761	1.93157	978.903	3813.79
-24.9761	1.93157	977.942	3963.97
-24.9761	1.93157	976.9810000000001	3799.42
-24.9761	1.93157	976.0189999999999	3902.74
-24.9761	1.93157	975.057	3816.25
-24.9761	1.93157	974.095	3940.33
-24.9761	1.93157	973.133	3809.68
-24.9761	1.93157	972.171	3868.76
-24.9761	1.93157	971.209	3810.91
-24.9761	1.93157	970.2460000000001	3768.67
-24.9761	1.93157	969.284	3947.17
-24.9761	1.93157	968.321	3894.53
-24.9761	1.93157	967.3580000000001	3953.54
-24.9761	1.93157	966.3939999999999	3812.68
-24.9761	1.93157	965.431	3936.55
-24.9761	1.93157	964.467	3852.82
-24.9761	1.93157	963.5039999999999	4028.52
-24.9761	1.93157	962.54	3975.92
-24.9761	1.93157	961.576	3946.68
-24.9761	1.93157	960.6110000000001	3850.04
-24.9761	1.93157	959.6469999999999	4064.5
-24.9761	1.93157	958.682	3913.45
-24.9761	1.93157	957.7180000000001	3881.65
-24.9761	1.93157	956.753	3800.64
-24.9761	1.93157	955.7869999999999	3994.23
-24.9761	1.93157	954.822	3869.2
-24.9761	1.93157	953.857	3785.64
-24.9761	1.93157	952.8910000000001	3883.34
-24.9761	1.93157	951.925	4040.53
-24.9761	1.93157	950.959	3977.69
-24.9761	1.93157	949.993	3909.7
-24.9761	1.93157	949.0269999999999	3984.02
-24.9761	1.93157	948.06	3869.49
-24.9761	1.93157	947.0930000000001	3894.66
-24.9761	1.93157	946.1260000000001	3844.83
-24.9761	1.93157	945.159	4004.42
-24.9761	1.93157	944.192	4039.88
-24.9761	1.93157	943.225	3961.63
-24.9761	1.93157	942.257	3935.08
-24.9761	1.93157	941.289	3924.03
-24.9761	1.93157	940.321	3951.74
-24.9761	1.93157	939.3530000000001	3873.55
-24.9761	1.93157	938.385	3947.73
-24.9761	1.93157	937.4169999999999	3851.51
-24.9761	1.93157	936.448	3889.53
-24.9761	1.93157	935.4789999999999	3888.82
-24.9761	1.93157	934.51	3849.42
-24.9761	1.93157	933.541	3866.79
-24.9761	1.93157	932.572	3940.88
-24.9761	1.93157	931.602	3762.25
-24.9761	1.93157	930.633	3787.35
-24.9761	1.93157	929.663	3915.55
-24.9761	1.93157	928.693	3896.8
-24.9761	1.93157	927.7230000000001	3893.52
-24.9761	1.93157	926.752	3794.92
-24.9761	1.93157	925.7819999999999	3992.58
-24.9761	1.93157	924.811	3891.42
-24.9761	1.93157	923.84	3792.87
-24.9761	1.93157	922.8689999999999	3892.59
-24.9761	1.93157	921.898	3999.99
-24.9761	1.93157	920.926	3793.39
-24.9761	1.93157	919.955	3746.39
-24.9761	1.93157	918.9830000000001	3910.36
-24.9761	1.93157	918.0110000000001	3721.89
-24.9761	1.93157	917.039	3842.08
-24.9761	1.93157	916.066	3684.55
-24.9761	1.93157	915.0939999999999	3750.72
-24.9761	1.93157	914.1210000000001	3994.22
-24.9761	1.93157	913.148	3754.51
-24.9761	1.93157	912.175	3705.01
-24.9761	1.93157	911.202	3796.82
-24.9761	1.93157	910.2289999999999	3886.03
-24.9761	1.93157	909.255	3851.94
-24.9761	1.93157	908.2819999999999	3720.31
-24.9761	1.93157	907.308	3842.85
-24.9761	1.93157	906.334	3754.89
-24.9761	1.93157	905.36	3708.03
-24.9761	1.93157	904.385	3617.56
-24.9761	1.93157	903.4110000000001	3834.94
-24.9761	1.93157	902.436	3903.5
-24.9761	1.93157	901.461	3692.52
-24.9761	1.93157	900.4860000000001	3625.2
-24.9761	1.93157	899.51	3778.34
-24.9761	1.93157	898.535	3721.28
-24.9761	1.93157	897.559	3769.29
-24.9761	1.93157	896.5830000000001	3696.87
-24.9761	1.93157	895.607	3755.12
-24.9761	1.93157	894.6310000000001	3736.51
-24.9761	1.93157	893.655	3797.29
-24.9761	1.93157	892.678	3829.89
-24.9761	1.93157	891.702	3818.95
-24.9761	1.93157	890.725	3731.25
-24.9761	1.93157	889.748	3751.05
-24.9761	1.93157	888.77	3819.44
-24.9761	1.93157	887.793	3869.9
-24.9761	1.93157	886.815	3702.98
-24.9761	1.93157	885.8380000000001	3686.97
-24.9761	1.93157	884.86	3939.38
-24.9761	1.93157	883.882	3836.43
-24.9761	1.93157	882.903	3725.85
-24.9761	1.93157	881.925	3955.13
-24.9761	1.93157	880.946	4033.6
-24.9761	1.93157	879.967	3887.29
-24.9761	1.93157	878.988	3774.23
-24.9761	1.93157	878.0089999999999	3806.74
-24.9761	1.93157	877.03	4017.92
-24.9761	1.93157	876.05	3953.39
-24.9761	1.93157	875.071	3799.57
-24.9761	1.93157	874.091	3987.67
-24.9761	1.93157	873.1110000000001	3938.48
-24.9761	1.93157	872.13	3919.92
-24.9761	1.93157	871.15	4026.3
-24.9761	1.93157	870.169	3992.43
-24.9761	1.93157	869.189	4162.49
-24.9761	1.93157	868.2080000000001	4067.44
-24.9761	1.93157	867.2260000000001	4115.12
-24.9761	1.93157	866.245	4175.51
-24.9761	1.93157	865.2639999999999	4103.44
-24.9761	1.93157	864.2819999999999	3998.28
-24.9761	1.93157	863.3	4033.2
-24.9761	1.93157	862.318	4042.65
-24.9761	1.93157	861.336	3899.39
-24.9761	1.93157	860.3530000000001	3936.85
-24.9761	1.93157	859.3710000000001	3834.36
-24.9761	1.93157	858.388	4044.81
-24.9761	1.93157	857.405	3919.45
-24.9761	1.93157	856.422	3913.65
-24.9761	1.93157	855.439	4014.64
-24.9761	1.93157	854.455	4026.63
-24.9761	1.93157	853.472	4003.02
-24.9761	1.93157	852.488	3931.14
-24.9761	1.93157	851.5039999999999	3945.67
-24.9761	1.93157	850.52	4021.16
-24.9761	1.93157	849.535	3835.03
-24.9761	1.93157	848.551	3841.95
-24.9761	1.93157	847.566	3907.27
-24.9761	1.93157	846.581	3944.63
-24.9761	1.93157	845.596	3870.32
-24.9761	1.93157	844.6110000000001	3783.34
-24.9761	1.93157	843.6260000000001	3929.8
-24.9761	1.93157	842.64	3873.28
-24.9761	1.93157	841.654	3887.8
-24.9761	1.93157	840.668	4031.62
-24.9761	1.93157	839.682	3947.23
-24.9761	1.93157	838.696	3791.9
-24.9761	1.93157	837.709	4009.15
-24.9761	1.93157	836.7230000000001	3909.61
-24.9761	1.93157	835.7360000000001	3868.36
-24.9761	1.93157	834.7489999999999	3872.73
-24.9761	1.93157	833.762	3753.0
-24.9761	1.93157	832.7739999999999	3896.64
-24.9761	1.93157	831.7869999999999	3908.59
-24.9761	1.93157	830.799	3978.75
-24.9761	1.93157	829.811	4096.96
-24.9761	1.93157	828.823	3944.41
-24.9761	1.93157	827.835	3971.52
-24.9761	1.93157	826.846	3826.63
-24.9761	1.93157	825.857	3975.13
-24.9761	1.93157	824.8689999999999	3992.11
-24.9761	1.93157	823.88	3923.13
-24.9761	1.93157	822.89	3808.69
-24.9761	1.93157	821.9010000000001	4012.67
-24.9761	1.93157	820.9119999999999	3903.31
-24.9761	1.93157	819.922	3948.06
-24.9761	1.93157	818.932	3911.99
-24.9761	1.93157	817.942	3939.05
-24.9761	1.93157	816.952	3996.4
-24.9761	1.93157	815.961	3831.61
-24.9761	1.93157	814.971	3911.67
-24.9761	1.93157	813.98	4024.5
-24.9761	1.93157	812.9889999999999	3847.18
-24.9761	1.93157	811.998	3907.01
-24.9761	1.93157	811.0060000000001	3820.56
-24.9761	1.93157	810.015	3998.88
-24.9761	1.93157	809.023	3872.11
-24.9761	1.93157	808.0310000000001	3752.94
-24.9761	1.93157	807.039	3956.38
-24.9761	1.93157	806.047	3907.79
-24.9761	1.93157	805.054	3720.66
-24.9761	1.93157	804.062	3828.29
-24.9761	1.93157	803.069	3842.7
-24.9761	1.93157	802.076	3950.26
-24.9761	1.93157	801.0830000000001	3785.92
-24.9761	1.93157	800.0889999999999	3747.48
-24.9761	1.93157	799.096	3756.86
-24.9761	1.93157	798.102	3821.59
-24.9761	1.93157	797.1080000000001	3717.76
-24.9761	1.93157	796.1139999999999	3757.32
-24.9761	1.93157	795.12	3882.36
-24.9761	1.93157	794.1260000000001	3683.05
-24.9761	1.93157	793.1310000000001	3647.19
-24.9761	1.93157	792.1360000000001	3814.9
-24.9761	1.93157	791.1410000000001	3716.21
-24.9761	1.93157	790.1460000000001	3723.07
-24.9761	1.93157	789.1510000000001	3654.58
-24.9761	1.93157	788.155	3764.41
-24.9761	1.93157	787.16	3768.74
-24.9761	1.93157	786.164	3637.52
-24.9761	1.93157	785.168	3609.24
-24.9761	1.93157	784.171	3744.1
-24.9761	1.93157	783.175	3758.47
-24.9761	1.93157	782.178	3825.51
-24.9761	1.93157	781.182	3646.74
-24.9761	1.93157	780.185	3926.93
-24.9761	1.93157	779.188	3690.54
-24.9761	1.93157	778.19	3637.23
-24.9761	1.93157	777.193	3829.54
-24.9761	1.93157	776.195	3846.38
-24.9761	1.93157	775.197	3735.45
-24.9761	1.93157	774.199	3779.85
-24.9761	1.93157	773.201	3826.75
-24.9761	1.93157	772.202	3838.57
-24.9761	1.93157	771.204	3737.73
-24.9761	1.93157	770.205	3754.57
-24.9761	1.93157	769.206	3728.86
-24.9761	1.93157	768.207	3788.23
-24.9761	1.93157	767.2080000000001	3652.45
-24.9761	1.93157	766.2080000000001	3711.81
-24.9761	1.93157	765.2080000000001	3771.15
-24.9761	1.93157	764.209	3600.44
-24.9761	1.93157	763.2080000000001	3799.77
-24.9761	1.93157	762.2080000000001	3769.08
-24.9761	1.93157	761.2080000000001	3595.97
-24.9761	1.93157	760.207	3690.25
-24.9761	1.93157	759.206	3684.58
-24.9761	1.93157	758.205	3868.73
-24.9761	1.93157	757.204	3763.15
-24.9761	1.93157	756.203	3794.91
-24.9761	1.93157	755.201	3896.56
-24.9761	1.93157	754.2	4010.66
-24.9761	1.93157	753.198	3967.5
-24.9761	1.93157	752.196	3824.57
-24.9761	1.93157	751.193	3941.11
-24.9761	1.93157	750.191	4037.65
-24.9761	1.93157	749.188	4084.29
-24.9761	1.93157	748.186	4048.64
-24.9761	1.93157	747.183	4045.41
-24.9761	1.93157	746.179	4229.08
-24.9761	1.93157	745.176	4178.48
-24.9761	1.93157	744.173	4235.01
-24.9761	1.93157	743.169	4396.13
-24.9761	1.93157	742.165	4323.11
-24.9761	1.93157	741.1610000000001	4262.57
-24.9761	1.93157	740.1569999999999	4294.15
-24.9761	1.93157	739.1519999999999	4278.43
-24.9761	1.93157	738.1469999999999	4093.5
-24.9761	1.93157	737.143	4217.15
-24.9761	1.93157	736.138	4263.64
-24.9761	1.93157	735.132	4285.25
-24.9761	1.93157	734.127	4127.81
-24.9761	1.93157	733.122	4201.63
-24.9761	1.93157	732.1160000000001	4322.67
-24.9761	1.93157	731.11	4215.01
-24.9761	1.93157	730.1039999999999	4345.93
-24.9761	1.93157	729.097	4474.32
-24.9761	1.93157	728.091	4625.02
-24.9761	1.93157	727.084	4532.29
-24.9761	1.93157	726.077	4412.27
-24.9761	1.93157	725.07	4476.01
-24.9761	1.93157	724.063	4589.37
-24.9761	1.93157	723.056	4553.78
-24.9761	1.93157	722.048	4386.71
-24.9761	1.93157	721.04	4547.15
-24.9761	1.93157	720.0319999999999	4491.76
-24.9761	1.93157	719.0239999999999	4218.15
-24.9761	1.93157	718.0160000000001	4299.2
-24.9761	1.93157	717.007	4268.67
-24.9761	1.93157	715.9989999999999	4121.66
-24.9761	1.93157	714.99	4056.47
-24.9761	1.93157	713.9810000000001	3998.75
-24.9761	1.93157	712.972	3933.61
-24.9761	1.93157	711.962	3848.68
-24.9761	1.93157	710.953	3966.83
-24.9761	1.93157	709.943	3963.63
-24.9761	1.93157	708.933	3878.74
-24.9761	1.93157	707.923	3776.57
-24.9761	1.93157	706.9119999999999	3852.58
-24.9761	1.93157	705.9019999999999	3881.56
-24.9761	1.93157	704.8910000000001	3836.32
-24.9761	1.93157	703.88	3679.82
-24.9761	1.93157	702.8689999999999	3723.65
-24.9761	1.93157	701.8580000000001	3705.66
-24.9761	1.93157	700.846	3732.17
-24.9761	1.93157	699.834	3667.24
-24.9761	1.93157	698.823	3738.22
-24.9761	1.93157	697.811	3690.59
-24.9761	1.93157	696.798	3588.65
-24.9761	1.93157	695.7860000000001	3637.38
-24.9761	1.93157	694.773	3691.03
-24.9761	1.93157	693.7610000000001	3655.8
-24.9761	1.93157	692.748	3729.17
-24.9761	1.93157	691.7339999999999	3632.25
-24.9761	1.93157	690.721	3774.67
-24.9761	1.93157	689.7080000000001	3759.18
-24.9761	1.93157	688.694	3620.38
-24.9761	1.93157	687.68	3723.28
-24.9761	1.93157	686.666	3794.09
-24.9761	1.93157	685.6519999999999	3672.61
-24.9761	1.93157	684.637	3755.73
-24.9761	1.93157	683.623	3897.95
-24.9761	1.93157	682.6080000000001	3759.28
-24.9761	1.93157	681.5930000000001	3719.18
-24.9761	1.93157	680.578	3661.85
-24.9761	1.93157	679.562	3794.14
-24.9761	1.93157	678.547	3719.59
-24.9761	1.93157	677.5310000000001	3568.77
-24.9761	1.93157	676.515	3742.83
-24.9761	1.93157	675.4989999999999	3692.93
-24.9761	1.93157	674.482	3618.46
-24.9761	1.93157	673.466	3706.33
-24.9761	1.93157	672.449	3619.59
-24.9761	1.93157	671.432	3655.8
-24.9761	1.93157	670.415	3603.51
-24.9761	1.93157	669.398	3755.22
-24.9761	1.93157	668.3810000000001	3695.56
-24.9761	1.93157	667.363	3611.35
-24.9761	1.93157	666.345	3672.09
-24.9761	1.93157	665.327	3818.76
-24.9761	1.93157	664.309	3658.46
-24.9761	1.93157	663.291	3692.16
-24.9761	1.93157	662.2719999999999	3777.38
-24.9761	1.93157	661.253	3693.25
-24.9761	1.93157	660.2339999999999	3734.28
-24.9761	1.93157	659.215	3763.03
-24.9761	1.93157	658.196	3774.61
-24.9761	1.93157	657.176	3783.72
-24.9761	1.93157	656.1569999999999	3743.8
-24.9761	1.93157	655.137	3863.22
-24.9761	1.93157	654.117	3931.13
-24.9761	1.93157	653.097	3869.15
-24.9761	1.93157	652.076	3993.38
-24.9761	1.93157	651.056	4017.14
-24.9761	1.93157	650.035	4062.93
-24.9761	1.93157	649.014	4049.94
-24.9761	1.93157	647.993	3850.9
-24.9761	1.93157	646.971	4016.63
-24.9761	1.93157	645.95	3932.69
-24.9761	1.93157	644.928	3956.43
-24.9761	1.93157	643.906	3879.86
-24.9761	1.93157	642.884	3996.55
-24.9761	1.93157	641.861	3995.81
-24.9761	1.93157	640.839	3821.49
-24.9761	1.93157	639.816	4099.46
-24.9761	1.93157	638.793	4035.15
-24.9761	1.93157	637.77	3868.25
-24.9761	1.93157	636.747	3896.85
-24.9761	1.93157	635.724	3984.07
-24.9761	1.93157	634.7	3941.82
-24.9761	1.93157	633.6759999999999	3789.7
-24.9761	1.93157	632.6519999999999	3808.53
-24.9761	1.93157	631.628	3929.87
-24.9761	1.93157	630.6030000000001	3797.36
-24.9761	1.93157	629.5790000000001	3735.66
-24.9761	1.93157	628.554	3915.5
-24.9761	1.93157	627.529	3897.71
-24.9761	1.93157	626.504	3831.14
-24.9761	1.93157	625.479	3791.42
-24.9761	1.93157	624.453	3936.99
-24.9761	1.93157	623.427	3946.01
-24.9761	1.93157	622.401	3833.19
-24.9761	1.93157	621.375	3908.01
-24.9761	1.93157	620.349	3987.68
-24.9761	1.93157	619.323	3972.33
-24.9761	1.93157	618.2959999999999	3776.79
-24.9761	1.93157	617.269	3905.13
-24.9761	1.93157	616.242	3906.84
-24.9761	1.93157	615.215	3794.17
-24.9761	1.93157	614.187	3727.77
-24.9761	1.93157	613.16	3829.26
-24.9761	1.93157	612.132	3894.23
-24.9761	1.93157	611.104	3745.16
-24.9761	1.93157	610.076	3732.31
-24.9761	1.93157	609.047	3731.62
-24.9761	1.93157	608.019	3767.39
-24.9761	1.93157	606.99	3623.32
-24.9761	1.93157	605.961	3617.79
-24.9761	1.93157	604.932	3736.15
-24.9761	1.93157	603.903	3667.46
-24.9761	1.93157	602.873	3533.22
-24.9761	1.93157	601.844	3627.26
-24.9761	1.93157	600.814	3706.69
