-30.67	-2.95	1799.31	4046.23
-30.67	-2.95	1798.5	4146.38
-30.67	-2.95	1797.68	4197.61
-30.67	-2.95	1796.86	4254.94
-30.67	-2.95	1796.04	4046.55
-30.67	-2.95	1795.22	4039.76
-30.67	-2.95	1794.4	3971.91
-30.67	-2.95	1793.58	4111.65
-30.67	-2.95	1792.76	4025.5
-30.67	-2.95	1791.94	4058.39
-30.67	-2.95	1791.13	4069.91
-30.67	-2.95	1790.31	4349.86
-30.67	-2.95	1789.49	4294.22
-30.67	-2.95	1788.67	4165.42
-30.67	-2.95	1787.85	4210.45
-30.67	-2.95	1787.03	4322.53
-30.67	-2.95	1786.21	4312.66
-30.67	-2.95	1785.39	4354.59
-30.67	-2.95	1784.56	4125.35
-30.67	-2.95	1783.74	4088.09
-30.67	-2.95	1782.92	4187.91
-30.67	-2.95	1782.1	4357.74
-30.67	-2.95	1781.28	4308.29
-30.67	-2.95	1780.46	4060.98
-30.67	-2.95	1779.64	4169.86
-30.67	-2.95	1778.82	4260.45
-30.67	-2.95	1778.0	4414.91
-30.67	-2.95	1777.17	4189.04
-30.67	-2.95	1776.35	4185.29
-30.67	-2.95	1775.53	4348.81
-30.67	-2.95	1774.71	4275.1
-30.67	-2.95	1773.89	4365.58
-30.67	-2.95	1773.06	4152.07
-30.67	-2.95	1772.24	4254.69
-30.67	-2.95	1771.42	4402.86
-30.67	-2.95	1770.59	4374.77
-30.67	-2.95	1769.77	4182.67
-30.67	-2.95	1768.95	4251.81
-30.67	-2.95	1768.12	4296.64
-30.67	-2.95	1767.3	4490.22
-30.67	-2.95	1766.48	4486.42
-30.67	-2.95	1765.65	4270.18
-30.67	-2.95	1764.83	4339.25
-30.67	-2.95	1764.01	4399.2
-30.67	-2.95	1763.18	4504.62
-30.67	-2.95	1762.36	4258.19
-30.67	-2.95	1761.53	4372.7
-30.67	-2.95	1760.71	4335.58
-30.67	-2.95	1759.88	4513.7
-30.67	-2.95	1759.06	4400.79
-30.67	-2.95	1758.23	4239.44
-30.67	-2.95	1757.41	4296.29
-30.67	-2.95	1756.58	4428.85
-30.67	-2.95	1755.76	4422.04
-30.67	-2.95	1754.93	4397.07
-30.67	-2.95	1754.11	4505.32
-30.67	-2.95	1753.28	4513.64
-30.67	-2.95	1752.46	4543.14
-30.67	-2.95	1751.63	4442.51
-30.67	-2.95	1750.8	4393.34
-30.67	-2.95	1749.98	4516.63
-30.67	-2.95	1749.15	4791.11
-30.67	-2.95	1748.32	4430.42
-30.67	-2.95	1747.5	4462.93
-30.67	-2.95	1746.67	4465.2
-30.67	-2.95	1745.84	4591.39
-30.67	-2.95	1745.02	4672.21
-30.67	-2.95	1744.19	4632.14
-30.67	-2.95	1743.36	4441.03
-30.67	-2.95	1742.53	4549.01
-30.67	-2.95	1741.71	4705.29
-30.67	-2.95	1740.88	4610.88
-30.67	-2.95	1740.05	4613.12
-30.67	-2.95	1739.22	4651.58
-30.67	-2.95	1738.39	4696.06
-30.67	-2.95	1737.56	4737.51
-30.67	-2.95	1736.74	4833.25
-30.67	-2.95	1735.91	4518.71
-30.67	-2.95	1735.08	4523.98
-30.67	-2.95	1734.25	4800.64
-30.67	-2.95	1733.42	4748.57
-30.67	-2.95	1732.59	4711.59
-30.67	-2.95	1731.76	4816.28
-30.67	-2.95	1730.93	4836.55
-30.67	-2.95	1730.1	4847.78
-30.67	-2.95	1729.27	4738.51
-30.67	-2.95	1728.44	4722.65
-30.67	-2.95	1727.61	4809.18
-30.67	-2.95	1726.78	4979.98
-30.67	-2.95	1725.95	4843.67
-30.67	-2.95	1725.12	4830.81
-30.67	-2.95	1724.29	4811.93
-30.67	-2.95	1723.46	4877.31
-30.67	-2.95	1722.63	5063.0
-30.67	-2.95	1721.8	4908.74
-30.67	-2.95	1720.96	4898.88
-30.67	-2.95	1720.13	4898.05
-30.67	-2.95	1719.3	5191.83
-30.67	-2.95	1718.47	5097.77
-30.67	-2.95	1717.64	4991.72
-30.67	-2.95	1716.81	5029.94
-30.67	-2.95	1715.97	5134.23
-30.67	-2.95	1715.14	5325.6
-30.67	-2.95	1714.31	5192.55
-30.67	-2.95	1713.48	5011.51
-30.67	-2.95	1712.64	5043.68
-30.67	-2.95	1711.81	5192.91
-30.67	-2.95	1710.98	5363.09
-30.67	-2.95	1710.14	5122.13
-30.67	-2.95	1709.31	5082.25
-30.67	-2.95	1708.48	5345.36
-30.67	-2.95	1707.64	5368.44
-30.67	-2.95	1706.81	5343.54
-30.67	-2.95	1705.98	5210.72
-30.67	-2.95	1705.14	5239.81
-30.67	-2.95	1704.31	5454.71
-30.67	-2.95	1703.47	5369.87
-30.67	-2.95	1702.64	5371.96
-30.67	-2.95	1701.81	5439.94
-30.67	-2.95	1700.97	5525.87
-30.67	-2.95	1700.14	5435.1
-30.67	-2.95	1699.3	5482.08
-30.67	-2.95	1698.47	5412.29
-30.67	-2.95	1697.63	5399.4
-30.67	-2.95	1696.79	5607.96
-30.67	-2.95	1695.96	5672.83
-30.67	-2.95	1695.12	5507.33
-30.67	-2.95	1694.29	5569.2
-30.67	-2.95	1693.45	5646.01
-30.67	-2.95	1692.62	5651.03
-30.67	-2.95	1691.78	5488.63
-30.67	-2.95	1690.94	5658.07
-30.67	-2.95	1690.11	5576.42
-30.67	-2.95	1689.27	5829.44
-30.67	-2.95	1688.43	5729.86
-30.67	-2.95	1687.6	5806.55
-30.67	-2.95	1686.76	5614.43
-30.67	-2.95	1685.92	5738.88
-30.67	-2.95	1685.08	5937.93
-30.67	-2.95	1684.25	5811.55
-30.67	-2.95	1683.41	5828.47
-30.67	-2.95	1682.57	5943.84
-30.67	-2.95	1681.73	6044.26
-30.67	-2.95	1680.89	5920.94
-30.67	-2.95	1680.06	5902.04
-30.67	-2.95	1679.22	5871.21
-30.67	-2.95	1678.38	5956.67
-30.67	-2.95	1677.54	6119.6
-30.67	-2.95	1676.7	6055.97
-30.67	-2.95	1675.86	5938.73
-30.67	-2.95	1675.02	6050.93
-30.67	-2.95	1674.18	6279.26
-30.67	-2.95	1673.35	6245.43
-30.67	-2.95	1672.51	6277.12
-30.67	-2.95	1671.67	6103.37
-30.67	-2.95	1670.83	6310.7
-30.67	-2.95	1669.99	6520.94
-30.67	-2.95	1669.15	6195.47
-30.67	-2.95	1668.31	6006.98
-30.67	-2.95	1667.47	6455.14
-30.67	-2.95	1666.62	6528.39
-30.67	-2.95	1665.78	6408.33
-30.67	-2.95	1664.94	6306.15
-30.67	-2.95	1664.1	6308.04
-30.67	-2.95	1663.26	6583.38
-30.67	-2.95	1662.42	6614.95
-30.67	-2.95	1661.58	6524.68
-30.67	-2.95	1660.74	6446.33
-30.67	-2.95	1659.9	6763.04
-30.67	-2.95	1659.05	6883.64
-30.67	-2.95	1658.21	6745.88
-30.67	-2.95	1657.37	6620.05
-30.67	-2.95	1656.53	6734.68
-30.67	-2.95	1655.68	6917.52
-30.67	-2.95	1654.84	6993.48
-30.67	-2.95	1654.0	6888.46
-30.67	-2.95	1653.16	7041.52
-30.67	-2.95	1652.31	7316.12
-30.67	-2.95	1651.47	7344.52
-30.67	-2.95	1650.63	7186.14
-30.67	-2.95	1649.78	7155.28
-30.67	-2.95	1648.94	7515.61
-30.67	-2.95	1648.1	7683.22
-30.67	-2.95	1647.25	7557.48
-30.67	-2.95	1646.41	7422.9
-30.67	-2.95	1645.56	7445.32
-30.67	-2.95	1644.72	7775.69
-30.67	-2.95	1643.88	8114.82
-30.67	-2.95	1643.03	7870.71
-30.67	-2.95	1642.19	7875.29
-30.67	-2.95	1641.34	8311.87
-30.67	-2.95	1640.5	8360.75
-30.67	-2.95	1639.65	8084.23
-30.67	-2.95	1638.81	8186.36
-30.67	-2.95	1637.96	8669.9
-30.67	-2.95	1637.11	8839.9
-30.67	-2.95	1636.27	8867.95
-30.67	-2.95	1635.42	8869.39
-30.67	-2.95	1634.58	8820.59
-30.67	-2.95	1633.73	9176.57
-30.67	-2.95	1632.88	9508.8
-30.67	-2.95	1632.04	9468.78
-30.67	-2.95	1631.19	9399.24
-30.67	-2.95	1630.34	9731.26
-30.67	-2.95	1629.5	10237.3
-30.67	-2.95	1628.65	10064.4
-30.67	-2.95	1627.8	10118.7
-30.67	-2.95	1626.96	10261.6
-30.67	-2.95	1626.11	10932.4
-30.67	-2.95	1625.26	10974.8
-30.67	-2.95	1624.41	10934.6
-30.67	-2.95	1623.57	10938.6
-30.67	-2.95	1622.72	11429.0
-30.67	-2.95	1621.87	12040.1
-30.67	-2.95	1621.02	11711.0
-30.67	-2.95	1620.17	11785.6
-30.67	-2.95	1619.32	11813.0
-30.67	-2.95	1618.47	12464.9
-30.67	-2.95	1617.63	12462.7
-30.67	-2.95	1616.78	12110.2
-30.67	-2.95	1615.93	12046.3
-30.67	-2.95	1615.08	12674.1
-30.67	-2.95	1614.23	12836.8
-30.67	-2.95	1613.38	12299.1
-30.67	-2.95	1612.53	12205.8
-30.67	-2.95	1611.68	12380.1
-30.67	-2.95	1610.83	12701.5
-30.67	-2.95	1609.98	12481.8
-30.67	-2.95	1609.13	12065.1
-30.67	-2.95	1608.28	12371.7
-30.67	-2.95	1607.43	12801.5
-30.67	-2.95	1606.58	12652.4
-30.67	-2.95	1605.73	12165.5
-30.67	-2.95	1604.87	11866.8
-30.67	-2.95	1604.02	12687.1
-30.67	-2.95	1603.17	12875.7
-30.67	-2.95	1602.32	12397.9
-30.67	-2.95	1601.47	12234.4
-30.67	-2.95	1600.62	12484.7
-30.67	-2.95	1599.76	12567.6
-30.67	-2.95	1598.91	12674.0
-30.67	-2.95	1598.06	12478.2
-30.67	-2.95	1597.21	12476.1
-30.67	-2.95	1596.36	12620.6
-30.67	-2.95	1595.5	12580.3
-30.67	-2.95	1594.65	12238.1
-30.67	-2.95	1593.8	12203.8
-30.67	-2.95	1592.94	12415.6
-30.67	-2.95	1592.09	12606.8
-30.67	-2.95	1591.24	12130.1
-30.67	-2.95	1590.38	11990.4
-30.67	-2.95	1589.53	12433.4
-30.67	-2.95	1588.68	12700.7
-30.67	-2.95	1587.82	12613.6
-30.67	-2.95	1586.97	12415.3
-30.67	-2.95	1586.11	12515.6
-30.67	-2.95	1585.26	12311.6
-30.67	-2.95	1584.4	12792.1
-30.67	-2.95	1583.55	12441.9
-30.67	-2.95	1582.69	12357.9
-30.67	-2.95	1581.84	12794.3
-30.67	-2.95	1580.98	12964.6
-30.67	-2.95	1580.13	12918.5
-30.67	-2.95	1579.27	12486.7
-30.67	-2.95	1578.42	12879.0
-30.67	-2.95	1577.56	13294.6
-30.67	-2.95	1576.71	13105.4
-30.67	-2.95	1575.85	12708.9
-30.67	-2.95	1574.99	12843.9
-30.67	-2.95	1574.14	13075.2
-30.67	-2.95	1573.28	13274.4
-30.67	-2.95	1572.42	12635.9
-30.67	-2.95	1571.57	12823.4
-30.67	-2.95	1570.71	12908.7
-30.67	-2.95	1569.85	13061.1
-30.67	-2.95	1569.0	12860.6
-30.67	-2.95	1568.14	12316.0
-30.67	-2.95	1567.28	12430.5
-30.67	-2.95	1566.42	12789.8
-30.67	-2.95	1565.56	12700.2
-30.67	-2.95	1564.71	12328.0
-30.67	-2.95	1563.85	12273.4
-30.67	-2.95	1562.99	12510.1
-30.67	-2.95	1562.13	12732.2
-30.67	-2.95	1561.27	12270.0
-30.67	-2.95	1560.41	12267.9
-30.67	-2.95	1559.56	12542.3
-30.67	-2.95	1558.7	12726.4
-30.67	-2.95	1557.84	12331.4
-30.67	-2.95	1556.98	12055.8
-30.67	-2.95	1556.12	12333.0
-30.67	-2.95	1555.26	12714.7
-30.67	-2.95	1554.4	12625.3
-30.67	-2.95	1553.54	12213.2
-30.67	-2.95	1552.68	12423.3
-30.67	-2.95	1551.82	12601.3
-30.67	-2.95	1550.96	12799.7
-30.67	-2.95	1550.1	12355.9
-30.67	-2.95	1549.24	12455.4
-30.67	-2.95	1548.38	12421.3
-30.67	-2.95	1547.52	12814.1
-30.67	-2.95	1546.65	12594.1
-30.67	-2.95	1545.79	12339.4
-30.67	-2.95	1544.93	12401.2
-30.67	-2.95	1544.07	12732.7
-30.67	-2.95	1543.21	12646.4
-30.67	-2.95	1542.35	12194.6
-30.67	-2.95	1541.48	12137.4
-30.67	-2.95	1540.62	12599.3
-30.67	-2.95	1539.76	12800.0
-30.67	-2.95	1538.9	12473.2
-30.67	-2.95	1538.04	12369.6
-30.67	-2.95	1537.17	12515.3
-30.67	-2.95	1536.31	12802.8
-30.67	-2.95	1535.45	12664.5
-30.67	-2.95	1534.58	12604.4
-30.67	-2.95	1533.72	12831.0
-30.67	-2.95	1532.86	13251.4
-30.67	-2.95	1531.99	13202.8
-30.67	-2.95	1531.13	12763.5
-30.67	-2.95	1530.27	12920.5
-30.67	-2.95	1529.4	13248.1
-30.67	-2.95	1528.54	13280.5
-30.67	-2.95	1527.67	13029.5
-30.67	-2.95	1526.81	12784.4
-30.67	-2.95	1525.94	13106.0
-30.67	-2.95	1525.08	13690.5
-30.67	-2.95	1524.21	13049.4
-30.67	-2.95	1523.35	12613.7
-30.67	-2.95	1522.48	12831.1
-30.67	-2.95	1521.62	13678.2
-30.67	-2.95	1520.75	13216.6
-30.67	-2.95	1519.89	12928.4
-30.67	-2.95	1519.02	12908.9
-30.67	-2.95	1518.15	13287.7
-30.67	-2.95	1517.29	13317.2
-30.67	-2.95	1516.42	12870.5
-30.67	-2.95	1515.56	12822.1
-30.67	-2.95	1514.69	13148.7
-30.67	-2.95	1513.82	13247.4
-30.67	-2.95	1512.96	13092.3
-30.67	-2.95	1512.09	12726.7
-30.67	-2.95	1511.22	12664.0
-30.67	-2.95	1510.35	13226.7
-30.67	-2.95	1509.49	12867.1
-30.67	-2.95	1508.62	12562.4
-30.67	-2.95	1507.75	12623.6
-30.67	-2.95	1506.88	12762.5
-30.67	-2.95	1506.01	13097.3
-30.67	-2.95	1505.15	12631.4
-30.67	-2.95	1504.28	12341.4
-30.67	-2.95	1503.41	12814.2
-30.67	-2.95	1502.54	13059.4
-30.67	-2.95	1501.67	12645.7
-30.67	-2.95	1500.8	12212.0
-30.67	-2.95	1499.93	12488.9
-30.67	-2.95	1499.06	12837.6
-30.67	-2.95	1498.19	12493.2
-30.67	-2.95	1497.32	12005.2
-30.67	-2.95	1496.46	12299.2
-30.67	-2.95	1495.59	12337.3
-30.67	-2.95	1494.72	12191.5
-30.67	-2.95	1493.84	11988.3
-30.67	-2.95	1492.97	11581.2
-30.67	-2.95	1492.1	12038.7
-30.67	-2.95	1491.23	12053.9
-30.67	-2.95	1490.36	11572.4
-30.67	-2.95	1489.49	11464.2
-30.67	-2.95	1488.62	11350.3
-30.67	-2.95	1487.75	11836.1
-30.67	-2.95	1486.88	11400.8
-30.67	-2.95	1486.01	10859.6
-30.67	-2.95	1485.13	11293.7
-30.67	-2.95	1484.26	11346.2
-30.67	-2.95	1483.39	11246.7
-30.67	-2.95	1482.52	10691.6
-30.67	-2.95	1481.65	10784.3
-30.67	-2.95	1480.77	11220.8
-30.67	-2.95	1479.9	11150.1
-30.67	-2.95	1479.03	10944.8
-30.67	-2.95	1478.16	10696.7
-30.67	-2.95	1477.28	11132.9
-30.67	-2.95	1476.41	10893.4
-30.67	-2.95	1475.54	10631.0
-30.67	-2.95	1474.66	10612.0
-30.67	-2.95	1473.79	11036.5
-30.67	-2.95	1472.91	11355.0
-30.67	-2.95	1472.04	10981.2
-30.67	-2.95	1471.17	10807.7
-30.67	-2.95	1470.29	10788.7
-30.67	-2.95	1469.42	11347.2
-30.67	-2.95	1468.54	11276.6
-30.67	-2.95	1467.67	10911.7
-30.67	-2.95	1466.79	11118.4
-30.67	-2.95	1465.92	11647.8
-30.67	-2.95	1465.04	11343.0
-30.67	-2.95	1464.17	11109.7
-30.67	-2.95	1463.29	11273.4
-30.67	-2.95	1462.42	11288.6
-30.67	-2.95	1461.54	11429.4
-30.67	-2.95	1460.66	11239.0
-30.67	-2.95	1459.79	11271.3
-30.67	-2.95	1458.91	11400.6
-30.67	-2.95	1458.04	11689.6
-30.67	-2.95	1457.16	11271.2
-30.67	-2.95	1456.28	11203.6
-30.67	-2.95	1455.41	11421.2
-30.67	-2.95	1454.53	12032.1
-30.67	-2.95	1453.65	11428.7
-30.67	-2.95	1452.77	11458.0
-30.67	-2.95	1451.9	11470.3
-30.67	-2.95	1451.02	11587.9
-30.67	-2.95	1450.14	11682.8
-30.67	-2.95	1449.26	11378.9
-30.67	-2.95	1448.39	11450.9
-30.67	-2.95	1447.51	11913.0
-30.67	-2.95	1446.63	11817.0
-30.67	-2.95	1445.75	11692.6
-30.67	-2.95	1444.87	11451.5
-30.67	-2.95	1443.99	11560.5
-30.67	-2.95	1443.11	11891.2
-30.67	-2.95	1442.23	11727.1
-30.67	-2.95	1441.35	11597.1
-30.67	-2.95	1440.48	11728.7
-30.67	-2.95	1439.6	12104.7
-30.67	-2.95	1438.72	12173.6
-30.67	-2.95	1437.84	11819.2
-30.67	-2.95	1436.96	11842.7
-30.67	-2.95	1436.08	12315.0
-30.67	-2.95	1435.2	12386.7
-30.67	-2.95	1434.31	12228.4
-30.67	-2.95	1433.43	12143.9
-30.67	-2.95	1432.55	12882.6
-30.67	-2.95	1431.67	13093.2
-30.67	-2.95	1430.79	12804.3
-30.67	-2.95	1429.91	12805.0
-30.67	-2.95	1429.03	12950.2
-30.67	-2.95	1428.15	13597.3
-30.67	-2.95	1427.27	13345.5
-30.67	-2.95	1426.38	13235.4
-30.67	-2.95	1425.5	13706.5
-30.67	-2.95	1424.62	13916.6
-30.67	-2.95	1423.74	14067.2
-30.67	-2.95	1422.85	13716.3
-30.67	-2.95	1421.97	13994.3
-30.67	-2.95	1421.09	14396.8
-30.67	-2.95	1420.21	14354.7
-30.67	-2.95	1419.32	14258.8
-30.67	-2.95	1418.44	14366.7
-30.67	-2.95	1417.56	14873.6
-30.67	-2.95	1416.67	14624.8
-30.67	-2.95	1415.79	14172.5
-30.67	-2.95	1414.9	14455.7
-30.67	-2.95	1414.02	14721.8
-30.67	-2.95	1413.14	14614.7
-30.67	-2.95	1412.25	14329.4
-30.67	-2.95	1411.37	14454.1
-30.67	-2.95	1410.48	14612.7
-30.67	-2.95	1409.6	14836.2
-30.67	-2.95	1408.71	14330.8
-30.67	-2.95	1407.83	13910.3
-30.67	-2.95	1406.94	14325.8
-30.67	-2.95	1406.06	14300.7
-30.67	-2.95	1405.17	14270.0
-30.67	-2.95	1404.29	13801.8
-30.67	-2.95	1403.4	13805.0
-30.67	-2.95	1402.51	13963.5
-30.67	-2.95	1401.63	13732.5
-30.67	-2.95	1400.74	13414.2
-30.67	-2.95	1399.85	13200.4
-30.67	-2.95	1398.97	13322.2
-30.67	-2.95	1398.08	13452.3
-30.67	-2.95	1397.19	12987.8
-30.67	-2.95	1396.31	12847.4
-30.67	-2.95	1395.42	13005.8
-30.67	-2.95	1394.53	13214.8
-30.67	-2.95	1393.64	12868.9
-30.67	-2.95	1392.76	12478.0
-30.67	-2.95	1391.87	12782.7
-30.67	-2.95	1390.98	13008.5
-30.67	-2.95	1390.09	12899.3
-30.67	-2.95	1389.2	12432.7
-30.67	-2.95	1388.32	12706.3
-30.67	-2.95	1387.43	12979.8
-30.67	-2.95	1386.54	12735.6
-30.67	-2.95	1385.65	12390.3
-30.67	-2.95	1384.76	12666.5
-30.67	-2.95	1383.87	13322.1
-30.67	-2.95	1382.98	13232.7
-30.67	-2.95	1382.09	12929.7
-30.67	-2.95	1381.2	12876.9
-30.67	-2.95	1380.31	13509.5
-30.67	-2.95	1379.42	13597.0
-30.67	-2.95	1378.53	13291.4
-30.67	-2.95	1377.64	13328.3
-30.67	-2.95	1376.75	13682.5
-30.67	-2.95	1375.86	14084.3
-30.67	-2.95	1374.97	13506.6
-30.67	-2.95	1374.08	13493.0
-30.67	-2.95	1373.19	14054.5
-30.67	-2.95	1372.3	14542.9
-30.67	-2.95	1371.4	14016.0
-30.67	-2.95	1370.51	13733.1
-30.67	-2.95	1369.62	14109.2
-30.67	-2.95	1368.73	14717.8
-30.67	-2.95	1367.84	14292.0
-30.67	-2.95	1366.94	13953.3
-30.67	-2.95	1366.05	14233.8
-30.67	-2.95	1365.16	14626.3
-30.67	-2.95	1364.27	14237.2
-30.67	-2.95	1363.37	13770.0
-30.67	-2.95	1362.48	13731.2
-30.67	-2.95	1361.59	14067.5
-30.67	-2.95	1360.69	13838.3
-30.67	-2.95	1359.8	13340.7
-30.67	-2.95	1358.91	13072.6
-30.67	-2.95	1358.01	13380.8
-30.67	-2.95	1357.12	13560.2
-30.67	-2.95	1356.22	13479.5
-30.67	-2.95	1355.33	12940.4
-30.67	-2.95	1354.44	13421.7
-30.67	-2.95	1353.54	13656.9
-30.67	-2.95	1352.65	13238.2
-30.67	-2.95	1351.75	13275.0
-30.67	-2.95	1350.86	13714.0
-30.67	-2.95	1349.96	13820.5
-30.67	-2.95	1349.07	13477.5
-30.67	-2.95	1348.17	13182.0
-30.67	-2.95	1347.28	13550.9
-30.67	-2.95	1346.38	13947.6
-30.67	-2.95	1345.48	13543.4
-30.67	-2.95	1344.59	13568.9
-30.67	-2.95	1343.69	13767.4
-30.67	-2.95	1342.79	14160.9
-30.67	-2.95	1341.9	13966.1
-30.67	-2.95	1341.0	13757.3
-30.67	-2.95	1340.1	13796.8
-30.67	-2.95	1339.21	14243.0
-30.67	-2.95	1338.31	14151.4
-30.67	-2.95	1337.41	14121.0
-30.67	-2.95	1336.51	13996.0
-30.67	-2.95	1335.62	14453.0
-30.67	-2.95	1334.72	14617.6
-30.67	-2.95	1333.82	14503.7
-30.67	-2.95	1332.92	14066.9
-30.67	-2.95	1332.02	14685.0
-30.67	-2.95	1331.13	14727.0
-30.67	-2.95	1330.23	14215.3
-30.67	-2.95	1329.33	14096.0
-30.67	-2.95	1328.43	14649.7
-30.67	-2.95	1327.53	14558.2
-30.67	-2.95	1326.63	13969.1
-30.67	-2.95	1325.73	13833.2
-30.67	-2.95	1324.83	14128.1
-30.67	-2.95	1323.93	14514.7
-30.67	-2.95	1323.03	13859.3
-30.67	-2.95	1322.13	13823.5
-30.67	-2.95	1321.23	13768.4
-30.67	-2.95	1320.33	14432.3
-30.67	-2.95	1319.43	14191.0
-30.67	-2.95	1318.53	13913.8
-30.67	-2.95	1317.63	14083.4
-30.67	-2.95	1316.73	14533.2
-30.67	-2.95	1315.83	14472.4
-30.67	-2.95	1314.93	14045.5
-30.67	-2.95	1314.02	14292.6
-30.67	-2.95	1313.12	14819.7
-30.67	-2.95	1312.22	14581.4
-30.67	-2.95	1311.32	14567.8
-30.67	-2.95	1310.42	14712.1
-30.67	-2.95	1309.51	14812.1
-30.67	-2.95	1308.61	14964.6
-30.67	-2.95	1307.71	15186.3
-30.67	-2.95	1306.81	14906.7
-30.67	-2.95	1305.9	15347.1
-30.67	-2.95	1305.0	15898.1
-30.67	-2.95	1304.1	15148.0
-30.67	-2.95	1303.19	14926.7
-30.67	-2.95	1302.29	15604.7
-30.67	-2.95	1301.39	15986.5
-30.67	-2.95	1300.48	15557.8
-30.67	-2.95	1299.58	15397.4
-30.67	-2.95	1298.67	15972.6
-30.67	-2.95	1297.77	16329.1
-30.67	-2.95	1296.86	16323.5
-30.67	-2.95	1295.96	15676.8
-30.67	-2.95	1295.06	16055.3
-30.67	-2.95	1294.15	16237.6
-30.67	-2.95	1293.25	15939.2
-30.67	-2.95	1292.34	15596.7
-30.67	-2.95	1291.43	15878.4
-30.67	-2.95	1290.53	15977.7
-30.67	-2.95	1289.62	15881.1
-30.67	-2.95	1288.72	15387.1
-30.67	-2.95	1287.81	15243.7
-30.67	-2.95	1286.9	15696.2
-30.67	-2.95	1286.0	15461.7
-30.67	-2.95	1285.09	14874.4
-30.67	-2.95	1284.18	14896.6
-30.67	-2.95	1283.28	15346.1
-30.67	-2.95	1282.37	15100.8
-30.67	-2.95	1281.46	14671.1
-30.67	-2.95	1280.56	14448.1
-30.67	-2.95	1279.65	14594.3
-30.67	-2.95	1278.74	14390.7
-30.67	-2.95	1277.83	14165.1
-30.67	-2.95	1276.93	14005.7
-30.67	-2.95	1276.02	14014.2
-30.67	-2.95	1275.11	13893.4
-30.67	-2.95	1274.2	13497.5
-30.67	-2.95	1273.29	13338.3
-30.67	-2.95	1272.38	13792.6
-30.67	-2.95	1271.47	13608.6
-30.67	-2.95	1270.56	13031.5
-30.67	-2.95	1269.66	12880.7
-30.67	-2.95	1268.75	13013.2
-30.67	-2.95	1267.84	13302.2
-30.67	-2.95	1266.93	13005.9
-30.67	-2.95	1266.02	12860.7
-30.67	-2.95	1265.11	12984.8
-30.67	-2.95	1264.2	13232.4
-30.67	-2.95	1263.29	12777.0
-30.67	-2.95	1262.38	12761.1
-30.67	-2.95	1261.46	13030.6
-30.67	-2.95	1260.55	13319.2
-30.67	-2.95	1259.64	12946.4
-30.67	-2.95	1258.73	12796.0
-30.67	-2.95	1257.82	12955.6
-30.67	-2.95	1256.91	12991.7
-30.67	-2.95	1256.0	12728.9
-30.67	-2.95	1255.08	12441.5
-30.67	-2.95	1254.17	12754.6
-30.67	-2.95	1253.26	12903.1
-30.67	-2.95	1252.35	12673.4
-30.67	-2.95	1251.44	12208.1
-30.67	-2.95	1250.52	12299.1
-30.67	-2.95	1249.61	12532.5
-30.67	-2.95	1248.7	12459.1
-30.67	-2.95	1247.78	12043.5
-30.67	-2.95	1246.87	12128.9
-30.67	-2.95	1245.96	12531.8
-30.67	-2.95	1245.04	12204.0
-30.67	-2.95	1244.13	11933.8
-30.67	-2.95	1243.22	12030.1
-30.67	-2.95	1242.3	12186.6
-30.67	-2.95	1241.39	12127.1
-30.67	-2.95	1240.47	11649.2
-30.67	-2.95	1239.56	11841.2
-30.67	-2.95	1238.64	12055.1
-30.67	-2.95	1237.73	12154.0
-30.67	-2.95	1236.81	11744.8
-30.67	-2.95	1235.9	11720.9
-30.67	-2.95	1234.98	12286.9
-30.67	-2.95	1234.07	12142.7
-30.67	-2.95	1233.15	12140.6
-30.67	-2.95	1232.24	11857.3
-30.67	-2.95	1231.32	12180.0
-30.67	-2.95	1230.4	12576.2
-30.67	-2.95	1229.49	11949.3
-30.67	-2.95	1228.57	12244.5
-30.67	-2.95	1227.65	12315.9
-30.67	-2.95	1226.74	12210.1
-30.67	-2.95	1225.82	12069.0
-30.67	-2.95	1224.9	11906.0
-30.67	-2.95	1223.99	12160.1
-30.67	-2.95	1223.07	12166.1
-30.67	-2.95	1222.15	11526.5
-30.67	-2.95	1221.23	11426.4
-30.67	-2.95	1220.31	11674.9
-30.67	-2.95	1219.4	11678.3
-30.67	-2.95	1218.48	11504.7
-30.67	-2.95	1217.56	11236.0
-30.67	-2.95	1216.64	11269.4
-30.67	-2.95	1215.72	11528.6
-30.67	-2.95	1214.8	11118.5
-30.67	-2.95	1213.88	10964.2
-30.67	-2.95	1212.96	11177.1
-30.67	-2.95	1212.05	11373.6
-30.67	-2.95	1211.13	10914.9
-30.67	-2.95	1210.21	10717.3
-30.67	-2.95	1209.29	11038.8
-30.67	-2.95	1208.37	11248.7
-30.67	-2.95	1207.45	10983.2
-30.67	-2.95	1206.53	10747.7
-30.67	-2.95	1205.6	11036.4
-30.67	-2.95	1204.68	10958.4
-30.67	-2.95	1203.76	11075.9
-30.67	-2.95	1202.84	10791.7
-30.67	-2.95	1201.92	10928.2
-30.67	-2.95	1201.0	11422.8
-30.67	-2.95	1200.08	10929.7
-30.67	-2.95	1199.16	10748.8
-30.67	-2.95	1198.23	11113.0
-30.67	-2.95	1197.31	11108.3
-30.67	-2.95	1196.39	11233.8
-30.67	-2.95	1195.47	10952.6
-30.67	-2.95	1194.54	11370.7
-30.67	-2.95	1193.62	11607.1
-30.67	-2.95	1192.7	11491.3
-30.67	-2.95	1191.78	11370.1
-30.67	-2.95	1190.85	11284.1
-30.67	-2.95	1189.93	11620.6
-30.67	-2.95	1189.01	11383.0
-30.67	-2.95	1188.08	11115.8
-30.67	-2.95	1187.16	11130.0
-30.67	-2.95	1186.23	13684.8
-30.67	-2.95	1185.31	13855.5
-30.67	-2.95	1184.39	12879.4
-30.67	-2.95	1183.46	11330.4
-30.67	-2.95	1182.54	11117.5
-30.67	-2.95	1181.61	10923.6
-30.67	-2.95	1180.69	10600.0
-30.67	-2.95	1179.76	10557.6
-30.67	-2.95	1178.84	10866.5
-30.67	-2.95	1177.91	10791.6
-30.67	-2.95	1176.99	10284.6
-30.67	-2.95	1176.06	10347.6
-30.67	-2.95	1175.13	10696.8
-30.67	-2.95	1174.21	10589.6
-30.67	-2.95	1173.28	10026.4
-30.67	-2.95	1172.35	9830.3
-30.67	-2.95	1171.43	10249.4
-30.67	-2.95	1170.5	10126.2
-30.67	-2.95	1169.57	9900.59
-30.67	-2.95	1168.65	9874.57
-30.67	-2.95	1167.72	10007.6
-30.67	-2.95	1166.79	10065.1
-30.67	-2.95	1165.86	9669.89
-30.67	-2.95	1164.94	9619.67
-30.67	-2.95	1164.01	9771.53
-30.67	-2.95	1163.08	9521.98
-30.67	-2.95	1162.15	9409.88
-30.67	-2.95	1161.22	9497.07
-30.67	-2.95	1160.3	9721.53
-30.67	-2.95	1159.37	9555.61
-30.67	-2.95	1158.44	9190.6
-30.67	-2.95	1157.51	9458.05
-30.67	-2.95	1156.58	9553.22
-30.67	-2.95	1155.65	9548.83
-30.67	-2.95	1154.72	9176.01
-30.67	-2.95	1153.79	9201.27
-30.67	-2.95	1152.86	9320.62
-30.67	-2.95	1151.93	9313.59
-30.67	-2.95	1151.0	8922.26
-30.67	-2.95	1150.07	8990.54
-30.67	-2.95	1149.14	9228.04
-30.67	-2.95	1148.21	9110.9
-30.67	-2.95	1147.28	9085.12
-30.67	-2.95	1146.35	8898.24
-30.67	-2.95	1145.42	9127.53
-30.67	-2.95	1144.48	9249.38
-30.67	-2.95	1143.55	8974.01
-30.67	-2.95	1142.62	9119.99
-30.67	-2.95	1141.69	9389.32
-30.67	-2.95	1140.76	9511.03
-30.67	-2.95	1139.82	9064.18
-30.67	-2.95	1138.89	9282.43
-30.67	-2.95	1137.96	9581.03
-30.67	-2.95	1137.03	9627.57
-30.67	-2.95	1136.09	9309.65
-30.67	-2.95	1135.16	9530.38
-30.67	-2.95	1134.23	9801.93
-30.67	-2.95	1133.29	9794.83
-30.67	-2.95	1132.36	9359.27
-30.67	-2.95	1131.43	9464.7
-30.67	-2.95	1130.49	9529.95
-30.67	-2.95	1129.56	9571.08
-30.67	-2.95	1128.62	9296.42
-30.67	-2.95	1127.69	9348.28
-30.67	-2.95	1126.76	9689.03
-30.67	-2.95	1125.82	9879.87
-30.67	-2.95	1124.89	9645.47
-30.67	-2.95	1123.95	9665.15
-30.67	-2.95	1123.02	9863.91
-30.67	-2.95	1122.08	10201.6
-30.67	-2.95	1121.14	9702.75
-30.67	-2.95	1120.21	9743.77
-30.67	-2.95	1119.27	9859.57
-30.67	-2.95	1118.34	9804.4
-30.67	-2.95	1117.4	9394.1
-30.67	-2.95	1116.46	9371.08
-30.67	-2.95	1115.53	9665.71
-30.67	-2.95	1114.59	9429.13
-30.67	-2.95	1113.65	9053.87
-30.67	-2.95	1112.72	8926.87
-30.67	-2.95	1111.78	9346.74
-30.67	-2.95	1110.84	9286.4
-30.67	-2.95	1109.9	8946.1
-30.67	-2.95	1108.97	9056.49
-30.67	-2.95	1108.03	9742.59
-30.67	-2.95	1107.09	9524.98
-30.67	-2.95	1106.15	9302.12
-30.67	-2.95	1105.21	9492.28
-30.67	-2.95	1104.28	10010.0
-30.67	-2.95	1103.34	9912.35
-30.67	-2.95	1102.4	9665.62
-30.67	-2.95	1101.46	9890.19
-30.67	-2.95	1100.52	10191.9
-30.67	-2.95	1099.58	10096.9
-30.67	-2.95	1098.64	9690.66
-30.67	-2.95	1097.7	9755.45
-30.67	-2.95	1096.76	9870.74
-30.67	-2.95	1095.82	9701.44
-30.67	-2.95	1094.88	9205.16
-30.67	-2.95	1093.94	9235.42
-30.67	-2.95	1093.0	9475.65
-30.67	-2.95	1092.06	8950.43
-30.67	-2.95	1091.12	8600.77
-30.67	-2.95	1090.18	8870.2
-30.67	-2.95	1089.24	8908.46
-30.67	-2.95	1088.3	8880.32
-30.67	-2.95	1087.35	8597.29
-30.67	-2.95	1086.41	8603.73
-30.67	-2.95	1085.47	8833.11
-30.67	-2.95	1084.53	8704.15
-30.67	-2.95	1083.59	8376.25
-30.67	-2.95	1082.64	8682.48
-30.67	-2.95	1081.7	8611.97
-30.67	-2.95	1080.76	8560.05
-30.67	-2.95	1079.81	8221.81
-30.67	-2.95	1078.87	8551.7
-30.67	-2.95	1077.93	8645.59
-30.67	-2.95	1076.99	8294.25
-30.67	-2.95	1076.04	8210.64
-30.67	-2.95	1075.1	8466.13
-30.67	-2.95	1074.15	8710.93
-30.67	-2.95	1073.21	8441.92
-30.67	-2.95	1072.27	8310.69
-30.67	-2.95	1071.32	8613.62
-30.67	-2.95	1070.38	8688.83
-30.67	-2.95	1069.43	8208.33
-30.67	-2.95	1068.49	8259.78
-30.67	-2.95	1067.54	8681.53
-30.67	-2.95	1066.6	8812.22
-30.67	-2.95	1065.65	8271.22
-30.67	-2.95	1064.71	8423.08
-30.67	-2.95	1063.76	8580.18
-30.67	-2.95	1062.81	8657.93
-30.67	-2.95	1061.87	8381.58
-30.67	-2.95	1060.92	8163.45
-30.67	-2.95	1059.97	8497.45
-30.67	-2.95	1059.03	8627.98
-30.67	-2.95	1058.08	8304.3
-30.67	-2.95	1057.13	8331.85
-30.67	-2.95	1056.19	8393.72
-30.67	-2.95	1055.24	8587.51
-30.67	-2.95	1054.29	8345.86
-30.67	-2.95	1053.34	8246.76
-30.67	-2.95	1052.4	8614.55
-30.67	-2.95	1051.45	8581.37
-30.67	-2.95	1050.5	8086.77
-30.67	-2.95	1049.55	8058.96
-30.67	-2.95	1048.6	8450.25
-30.67	-2.95	1047.66	8274.81
-30.67	-2.95	1046.71	7825.41
-30.67	-2.95	1045.76	7784.5
-30.67	-2.95	1044.81	8109.71
-30.67	-2.95	1043.86	7989.75
-30.67	-2.95	1042.91	7806.65
-30.67	-2.95	1041.96	7768.4
-30.67	-2.95	1041.01	7953.88
-30.67	-2.95	1040.06	7718.26
-30.67	-2.95	1039.11	7524.81
-30.67	-2.95	1038.16	7494.53
-30.67	-2.95	1037.21	7864.03
-30.67	-2.95	1036.26	7778.47
-30.67	-2.95	1035.31	7606.19
-30.67	-2.95	1034.36	7823.01
-30.67	-2.95	1033.4	7761.16
-30.67	-2.95	1032.45	7565.31
-30.67	-2.95	1031.5	7440.48
-30.67	-2.95	1030.55	7470.67
-30.67	-2.95	1029.6	7968.34
-30.67	-2.95	1028.65	7583.53
-30.67	-2.95	1027.69	7542.79
-30.67	-2.95	1026.74	7662.19
-30.67	-2.95	1025.79	7876.02
-30.67	-2.95	1024.84	7483.64
-30.67	-2.95	1023.88	7309.14
-30.67	-2.95	1022.93	7706.54
-30.67	-2.95	1021.98	7618.61
-30.67	-2.95	1021.02	7404.86
-30.67	-2.95	1020.07	7277.69
-30.67	-2.95	1019.12	7625.01
-30.67	-2.95	1018.16	7621.02
-30.67	-2.95	1017.21	7383.83
-30.67	-2.95	1016.25	7314.39
-30.67	-2.95	1015.3	7656.21
-30.67	-2.95	1014.34	7568.42
-30.67	-2.95	1013.39	7472.8
-30.67	-2.95	1012.44	7387.69
-30.67	-2.95	1011.48	7559.11
-30.67	-2.95	1010.52	7720.01
-30.67	-2.95	1009.57	7412.5
-30.67	-2.95	1008.61	7489.65
-30.67	-2.95	1007.66	7846.64
-30.67	-2.95	1006.7	7738.01
-30.67	-2.95	1005.75	7462.09
-30.67	-2.95	1004.79	7476.44
-30.67	-2.95	1003.83	7861.92
-30.67	-2.95	1002.88	7959.81
-30.67	-2.95	1001.92	7540.34
-30.67	-2.95	1000.96	7857.69
-30.67	-2.95	1000.0	8146.19
-30.67	-2.95	999.048	8058.55
-30.67	-2.95	998.09	7989.22
-30.67	-2.95	997.132	8094.82
-30.67	-2.95	996.174	8124.68
-30.67	-2.95	995.216	7909.25
-30.67	-2.95	994.258	7735.64
-30.67	-2.95	993.3	7940.32
-30.67	-2.95	992.341	7824.14
-30.67	-2.95	991.382	8065.24
-30.67	-2.95	990.423	7685.76
-30.67	-2.95	989.4639999999999	7947.65
-30.67	-2.95	988.505	7982.71
-30.67	-2.95	987.546	7793.67
-30.67	-2.95	986.586	7823.53
-30.67	-2.95	985.6260000000001	8087.81
-30.67	-2.95	984.666	8200.95
-30.67	-2.95	983.706	7884.41
-30.67	-2.95	982.7460000000001	7812.7
-30.67	-2.95	981.785	8126.25
-30.67	-2.95	980.825	7934.81
-30.67	-2.95	979.8639999999999	7613.35
-30.67	-2.95	978.903	7544.34
-30.67	-2.95	977.942	7870.71
-30.67	-2.95	976.9810000000001	7676.86
-30.67	-2.95	976.0189999999999	7545.47
-30.67	-2.95	975.057	7460.93
-30.67	-2.95	974.095	7917.04
-30.67	-2.95	973.133	7663.54
-30.67	-2.95	972.171	7628.39
-30.67	-2.95	971.209	7710.14
-30.67	-2.95	970.2460000000001	7849.01
-30.67	-2.95	969.284	7870.97
-30.67	-2.95	968.321	7469.72
-30.67	-2.95	967.3580000000001	7984.96
-30.67	-2.95	966.3939999999999	8144.44
-30.67	-2.95	965.431	7660.31
-30.67	-2.95	964.467	7716.01
-30.67	-2.95	963.5039999999999	8085.57
-30.67	-2.95	962.54	8141.17
-30.67	-2.95	961.576	8048.95
-30.67	-2.95	960.6110000000001	7904.9
-30.67	-2.95	959.6469999999999	8134.18
-30.67	-2.95	958.682	8311.55
-30.67	-2.95	957.7180000000001	8211.58
-30.67	-2.95	956.753	8225.65
-30.67	-2.95	955.7869999999999	8496.15
-30.67	-2.95	954.822	8699.22
-30.67	-2.95	953.857	8529.34
-30.67	-2.95	952.8910000000001	8491.56
-30.67	-2.95	951.925	8756.64
-30.67	-2.95	950.959	8636.02
-30.67	-2.95	949.993	8422.29
-30.67	-2.95	949.0269999999999	8407.84
-30.67	-2.95	948.06	8328.72
-30.67	-2.95	947.0930000000001	8200.51
-30.67	-2.95	946.1260000000001	7878.41
-30.67	-2.95	945.159	7975.23
-30.67	-2.95	944.192	8245.18
-30.67	-2.95	943.225	8088.64
-30.67	-2.95	942.257	7787.47
-30.67	-2.95	941.289	8054.73
-30.67	-2.95	940.321	8314.14
-30.67	-2.95	939.3530000000001	8348.8
-30.67	-2.95	938.385	7972.92
-30.67	-2.95	937.4169999999999	8196.07
-30.67	-2.95	936.448	8532.7
-30.67	-2.95	935.4789999999999	8381.49
-30.67	-2.95	934.51	8289.68
-30.67	-2.95	933.541	8357.83
-30.67	-2.95	932.572	8640.02
-30.67	-2.95	931.602	8571.42
-30.67	-2.95	930.633	8554.41
-30.67	-2.95	929.663	8774.55
-30.67	-2.95	928.693	8992.03
-30.67	-2.95	927.7230000000001	8918.26
-30.67	-2.95	926.752	8926.96
-30.67	-2.95	925.7819999999999	9690.37
-30.67	-2.95	924.811	9680.9
-30.67	-2.95	923.84	9491.18
-30.67	-2.95	922.8689999999999	9752.07
-30.67	-2.95	921.898	10018.0
-30.67	-2.95	920.926	9915.83
-30.67	-2.95	919.955	9492.05
-30.67	-2.95	918.9830000000001	9742.45
-30.67	-2.95	918.0110000000001	10000.5
-30.67	-2.95	917.039	9633.5
-30.67	-2.95	916.066	9318.07
-30.67	-2.95	915.0939999999999	9457.78
-30.67	-2.95	914.1210000000001	9597.44
-30.67	-2.95	913.148	9079.17
-30.67	-2.95	912.175	8877.12
-30.67	-2.95	911.202	8980.84
-30.67	-2.95	910.2289999999999	9238.63
-30.67	-2.95	909.255	8838.93
-30.67	-2.95	908.2819999999999	8842.47
-30.67	-2.95	907.308	9200.25
-30.67	-2.95	906.334	9208.86
-30.67	-2.95	905.36	9081.46
-30.67	-2.95	904.385	9049.03
-30.67	-2.95	903.4110000000001	9268.0
-30.67	-2.95	902.436	9066.27
-30.67	-2.95	901.461	8721.03
-30.67	-2.95	900.4860000000001	8973.26
-30.67	-2.95	899.51	9020.35
-30.67	-2.95	898.535	8929.01
-30.67	-2.95	897.559	8463.61
-30.67	-2.95	896.5830000000001	8659.34
-30.67	-2.95	895.607	8744.87
-30.67	-2.95	894.6310000000001	8681.82
-30.67	-2.95	893.655	8431.88
-30.67	-2.95	892.678	8678.68
-30.67	-2.95	891.702	8641.28
-30.67	-2.95	890.725	8475.93
-30.67	-2.95	889.748	8282.49
-30.67	-2.95	888.77	8564.96
-30.67	-2.95	887.793	8568.53
-30.67	-2.95	886.815	8370.06
-30.67	-2.95	885.8380000000001	8355.76
-30.67	-2.95	884.86	8686.58
-30.67	-2.95	883.882	8511.21
-30.67	-2.95	882.903	8297.56
-30.67	-2.95	881.925	8122.32
-30.67	-2.95	880.946	8501.48
-30.67	-2.95	879.967	8326.26
-30.67	-2.95	878.988	8278.79
-30.67	-2.95	878.0089999999999	8236.44
-30.67	-2.95	877.03	8403.43
-30.67	-2.95	876.05	8236.01
-30.67	-2.95	875.071	8229.41
-30.67	-2.95	874.091	8386.1
-30.67	-2.95	873.1110000000001	8575.9
-30.67	-2.95	872.13	8342.26
-30.67	-2.95	871.15	8292.3
-30.67	-2.95	870.169	8757.35
-30.67	-2.95	869.189	8656.35
-30.67	-2.95	868.2080000000001	8471.29
-30.67	-2.95	867.2260000000001	8357.64
-30.67	-2.95	866.245	8626.17
-30.67	-2.95	865.2639999999999	8706.11
-30.67	-2.95	864.2819999999999	8363.28
-30.67	-2.95	863.3	8237.0
-30.67	-2.95	862.318	8451.9
-30.67	-2.95	861.336	8396.91
-30.67	-2.95	860.3530000000001	8301.23
-30.67	-2.95	859.3710000000001	8358.25
-30.67	-2.95	858.388	8384.72
-30.67	-2.95	857.405	8309.44
-30.67	-2.95	856.422	8155.35
-30.67	-2.95	855.439	8446.26
-30.67	-2.95	854.455	8637.93
-30.67	-2.95	853.472	8305.95
-30.67	-2.95	852.488	8256.16
-30.67	-2.95	851.5039999999999	8419.81
-30.67	-2.95	850.52	8707.87
-30.67	-2.95	849.535	8475.17
-30.67	-2.95	848.551	8448.24
-30.67	-2.95	847.566	8695.51
-30.67	-2.95	846.581	8488.32
-30.67	-2.95	845.596	8337.05
-30.67	-2.95	844.6110000000001	8647.64
-30.67	-2.95	843.6260000000001	8887.08
-30.67	-2.95	842.64	8735.82
-30.67	-2.95	841.654	8511.06
-30.67	-2.95	840.668	8780.82
-30.67	-2.95	839.682	9091.05
-30.67	-2.95	838.696	8813.12
-30.67	-2.95	837.709	8717.75
-30.67	-2.95	836.7230000000001	9022.75
-30.67	-2.95	835.7360000000001	8922.32
-30.67	-2.95	834.7489999999999	9047.34
-30.67	-2.95	833.762	8888.69
-30.67	-2.95	832.7739999999999	9266.86
-30.67	-2.95	831.7869999999999	9194.3
-30.67	-2.95	830.799	8883.84
-30.67	-2.95	829.811	8905.0
-30.67	-2.95	828.823	9133.62
-30.67	-2.95	827.835	9180.03
-30.67	-2.95	826.846	8852.09
-30.67	-2.95	825.857	8774.62
-30.67	-2.95	824.8689999999999	9106.76
-30.67	-2.95	823.88	8882.66
-30.67	-2.95	822.89	8724.35
-30.67	-2.95	821.9010000000001	8818.78
-30.67	-2.95	820.9119999999999	8943.5
-30.67	-2.95	819.922	8504.88
-30.67	-2.95	818.932	8336.65
-30.67	-2.95	817.942	8600.27
-30.67	-2.95	816.952	8742.6
-30.67	-2.95	815.961	8251.33
-30.67	-2.95	814.971	8479.49
-30.67	-2.95	813.98	8712.6
-30.67	-2.95	812.9889999999999	8526.86
-30.67	-2.95	811.998	8303.34
-30.67	-2.95	811.0060000000001	8649.84
-30.67	-2.95	810.015	8623.06
-30.67	-2.95	809.023	8417.29
-30.67	-2.95	808.0310000000001	8723.26
-30.67	-2.95	807.039	8885.47
-30.67	-2.95	806.047	8762.91
-30.67	-2.95	805.054	8620.25
-30.67	-2.95	804.062	8477.64
-30.67	-2.95	803.069	8795.9
-30.67	-2.95	802.076	8952.91
-30.67	-2.95	801.0830000000001	8742.35
-30.67	-2.95	800.0889999999999	8838.91
-30.67	-2.95	799.096	9217.27
-30.67	-2.95	798.102	9182.88
-30.67	-2.95	797.1080000000001	8818.99
-30.67	-2.95	796.1139999999999	8885.29
-30.67	-2.95	795.12	8991.79
-30.67	-2.95	794.1260000000001	8703.56
-30.67	-2.95	793.1310000000001	8463.18
-30.67	-2.95	792.1360000000001	8547.09
-30.67	-2.95	791.1410000000001	8638.5
-30.67	-2.95	790.1460000000001	8398.26
-30.67	-2.95	789.1510000000001	8233.47
-30.67	-2.95	788.155	8666.42
-30.67	-2.95	787.16	8667.35
-30.67	-2.95	786.164	8520.17
-30.67	-2.95	785.168	8511.09
-30.67	-2.95	784.171	8808.16
-30.67	-2.95	783.175	8628.42
-30.67	-2.95	782.178	8167.78
-30.67	-2.95	781.182	8667.91
-30.67	-2.95	780.185	8866.93
-30.67	-2.95	779.188	8747.48
-30.67	-2.95	778.19	8587.96
-30.67	-2.95	777.193	8809.45
-30.67	-2.95	776.195	8845.43
-30.67	-2.95	775.197	8663.43
-30.67	-2.95	774.199	8759.54
-30.67	-2.95	773.201	9311.42
-30.67	-2.95	772.202	9349.79
-30.67	-2.95	771.204	9180.34
-30.67	-2.95	770.205	9346.37
-30.67	-2.95	769.206	9797.64
-30.67	-2.95	768.207	9525.62
-30.67	-2.95	767.2080000000001	9436.32
-30.67	-2.95	766.2080000000001	9804.78
-30.67	-2.95	765.2080000000001	10223.1
-30.67	-2.95	764.209	10013.7
-30.67	-2.95	763.2080000000001	9984.4
-30.67	-2.95	762.2080000000001	10365.0
-30.67	-2.95	761.2080000000001	10520.5
-30.67	-2.95	760.207	10058.9
-30.67	-2.95	759.206	9897.17
-30.67	-2.95	758.205	9992.76
-30.67	-2.95	757.204	9553.94
-30.67	-2.95	756.203	9387.42
-30.67	-2.95	755.201	9775.11
-30.67	-2.95	754.2	9913.09
-30.67	-2.95	753.198	9709.16
-30.67	-2.95	752.196	9635.03
-30.67	-2.95	751.193	9905.16
-30.67	-2.95	750.191	10162.7
-30.67	-2.95	749.188	9771.88
-30.67	-2.95	748.186	9942.11
-30.67	-2.95	747.183	10446.3
-30.67	-2.95	746.179	10516.6
-30.67	-2.95	745.176	10554.6
-30.67	-2.95	744.173	10659.8
-30.67	-2.95	743.169	11293.0
-30.67	-2.95	742.165	11226.1
-30.67	-2.95	741.1610000000001	11241.5
-30.67	-2.95	740.1569999999999	11754.8
-30.67	-2.95	739.1519999999999	11618.2
-30.67	-2.95	738.1469999999999	10974.1
-30.67	-2.95	737.143	10598.9
-30.67	-2.95	736.138	10641.7
-30.67	-2.95	735.132	10463.2
-30.67	-2.95	734.127	10053.4
-30.67	-2.95	733.122	10009.3
-30.67	-2.95	732.1160000000001	10308.3
-30.67	-2.95	731.11	10256.7
-30.67	-2.95	730.1039999999999	10210.1
-30.67	-2.95	729.097	10240.5
-30.67	-2.95	728.091	10673.3
-30.67	-2.95	727.084	10614.2
-30.67	-2.95	726.077	10634.6
-30.67	-2.95	725.07	10612.8
-30.67	-2.95	724.063	10797.1
-30.67	-2.95	723.056	10333.5
-30.67	-2.95	722.048	10291.9
-30.67	-2.95	721.04	10644.8
-30.67	-2.95	720.0319999999999	10072.3
-30.67	-2.95	719.0239999999999	9701.01
-30.67	-2.95	718.0160000000001	9840.56
-30.67	-2.95	717.007	10086.6
-30.67	-2.95	715.9989999999999	9906.35
-30.67	-2.95	714.99	9604.69
-30.67	-2.95	713.9810000000001	9734.24
-30.67	-2.95	712.972	9767.14
-30.67	-2.95	711.962	9577.12
-30.67	-2.95	710.953	9602.61
-30.67	-2.95	709.943	9865.75
-30.67	-2.95	708.933	9683.25
-30.67	-2.95	707.923	9438.94
-30.67	-2.95	706.9119999999999	9719.28
-30.67	-2.95	705.9019999999999	9823.88
-30.67	-2.95	704.8910000000001	9483.22
-30.67	-2.95	703.88	9387.5
-30.67	-2.95	702.8689999999999	9358.58
-30.67	-2.95	701.8580000000001	9475.53
-30.67	-2.95	700.846	9075.85
-30.67	-2.95	699.834	9093.96
-30.67	-2.95	698.823	9277.59
-30.67	-2.95	697.811	9137.56
-30.67	-2.95	696.798	9004.98
-30.67	-2.95	695.7860000000001	9134.2
-30.67	-2.95	694.773	9426.33
-30.67	-2.95	693.7610000000001	9128.38
-30.67	-2.95	692.748	9010.71
-30.67	-2.95	691.7339999999999	9505.04
-30.67	-2.95	690.721	9431.74
-30.67	-2.95	689.7080000000001	9200.61
-30.67	-2.95	688.694	8917.78
-30.67	-2.95	687.68	9224.36
-30.67	-2.95	686.666	9301.55
-30.67	-2.95	685.6519999999999	9006.53
-30.67	-2.95	684.637	9396.71
-30.67	-2.95	683.623	9757.19
-30.67	-2.95	682.6080000000001	9762.78
-30.67	-2.95	681.5930000000001	9490.06
-30.67	-2.95	680.578	9998.07
-30.67	-2.95	679.562	10057.8
-30.67	-2.95	678.547	9792.54
-30.67	-2.95	677.5310000000001	9945.79
-30.67	-2.95	676.515	10167.9
-30.67	-2.95	675.4989999999999	9937.22
-30.67	-2.95	674.482	9817.32
-30.67	-2.95	673.466	9995.05
-30.67	-2.95	672.449	10162.9
-30.67	-2.95	671.432	9900.41
-30.67	-2.95	670.415	9650.33
-30.67	-2.95	669.398	10137.6
-30.67	-2.95	668.3810000000001	10246.3
-30.67	-2.95	667.363	10215.0
-30.67	-2.95	666.345	10247.5
-30.67	-2.95	665.327	10940.6
-30.67	-2.95	664.309	11098.2
-30.67	-2.95	663.291	10713.2
-30.67	-2.95	662.2719999999999	10851.1
-30.67	-2.95	661.253	11045.4
-30.67	-2.95	660.2339999999999	10837.3
-30.67	-2.95	659.215	10204.8
-30.67	-2.95	658.196	10195.6
-30.67	-2.95	657.176	10311.4
-30.67	-2.95	656.1569999999999	9699.05
-30.67	-2.95	655.137	9707.07
-30.67	-2.95	654.117	9984.68
-30.67	-2.95	653.097	9551.58
-30.67	-2.95	652.076	9177.43
-30.67	-2.95	651.056	9077.76
-30.67	-2.95	650.035	9156.91
-30.67	-2.95	649.014	8900.57
-30.67	-2.95	647.993	8634.53
-30.67	-2.95	646.971	8980.51
-30.67	-2.95	645.95	9057.17
-30.67	-2.95	644.928	8808.38
-30.67	-2.95	643.906	8784.74
-30.67	-2.95	642.884	9118.2
-30.67	-2.95	641.861	8898.88
-30.67	-2.95	640.839	8787.22
-30.67	-2.95	639.816	9034.94
-30.67	-2.95	638.793	9231.24
-30.67	-2.95	637.77	8799.46
-30.67	-2.95	636.747	8990.85
-30.67	-2.95	635.724	9118.66
-30.67	-2.95	634.7	9119.42
-30.67	-2.95	633.6759999999999	9002.97
-30.67	-2.95	632.6519999999999	9145.35
-30.67	-2.95	631.628	9363.35
-30.67	-2.95	630.6030000000001	9490.97
-30.67	-2.95	629.5790000000001	8989.01
-30.67	-2.95	628.554	9655.8
-30.67	-2.95	627.529	9863.78
-30.67	-2.95	626.504	9498.6
-30.67	-2.95	625.479	9855.27
-30.67	-2.95	624.453	10245.9
-30.67	-2.95	623.427	10307.4
-30.67	-2.95	622.401	10134.9
-30.67	-2.95	621.375	10323.1
-30.67	-2.95	620.349	10584.3
-30.67	-2.95	619.323	10324.2
-30.67	-2.95	618.2959999999999	10108.0
-30.67	-2.95	617.269	10240.0
-30.67	-2.95	616.242	10306.3
-30.67	-2.95	615.215	9893.07
-30.67	-2.95	614.187	9969.11
-30.67	-2.95	613.16	10339.5
-30.67	-2.95	612.132	9802.46
-30.67	-2.95	611.104	9900.35
-30.67	-2.95	610.076	9961.74
-30.67	-2.95	609.047	10237.0
-30.67	-2.95	608.019	9858.41
-30.67	-2.95	606.99	9684.05
-30.67	-2.95	605.961	9769.73
-30.67	-2.95	604.932	9546.87
-30.67	-2.95	603.903	9372.66
-30.67	-2.95	602.873	9278.65
-30.67	-2.95	601.844	9582.85
-30.67	-2.95	600.814	9039.76
