-18.1435	7.78945	1799.31	2793.24
-18.1435	7.78945	1798.5	2853.88
-18.1435	7.78945	1797.68	2911.44
-18.1435	7.78945	1796.86	2865.13
-18.1435	7.78945	1796.04	3002.08
-18.1435	7.78945	1795.22	2858.06
-18.1435	7.78945	1794.4	2817.89
-18.1435	7.78945	1793.58	2966.98
-18.1435	7.78945	1792.76	2893.24
-18.1435	7.78945	1791.94	2837.82
-18.1435	7.78945	1791.13	2773.27
-18.1435	7.78945	1790.31	2903.97
-18.1435	7.78945	1789.49	2976.68
-18.1435	7.78945	1788.67	2906.04
-18.1435	7.78945	1787.85	2847.62
-18.1435	7.78945	1787.03	2834.95
-18.1435	7.78945	1786.21	2956.38
-18.1435	7.78945	1785.39	2837.04
-18.1435	7.78945	1784.56	2863.98
-18.1435	7.78945	1783.74	2833.03
-18.1435	7.78945	1782.92	3009.21
-18.1435	7.78945	1782.1	2993.47
-18.1435	7.78945	1781.28	2834.64
-18.1435	7.78945	1780.46	2864.6
-18.1435	7.78945	1779.64	2836.72
-18.1435	7.78945	1778.82	2979.27
-18.1435	7.78945	1778.0	2945.3
-18.1435	7.78945	1777.17	2899.17
-18.1435	7.78945	1776.35	2840.89
-18.1435	7.78945	1775.53	2968.14
-18.1435	7.78945	1774.71	2876.42
-18.1435	7.78945	1773.89	2897.21
-18.1435	7.78945	1773.06	2948.39
-18.1435	7.78945	1772.24	2911.43
-18.1435	7.78945	1771.42	3126.67
-18.1435	7.78945	1770.59	2977.28
-18.1435	7.78945	1769.77	2922.1
-18.1435	7.78945	1768.95	2897.31
-18.1435	7.78945	1768.12	2960.58
-18.1435	7.78945	1767.3	3181.71
-18.1435	7.78945	1766.48	3053.68
-18.1435	7.78945	1765.65	2819.47
-18.1435	7.78945	1764.83	2979.82
-18.1435	7.78945	1764.01	3036.96
-18.1435	7.78945	1763.18	3018.25
-18.1435	7.78945	1762.36	2987.41
-18.1435	7.78945	1761.53	3044.52
-18.1435	7.78945	1760.71	3074.32
-18.1435	7.78945	1759.88	3049.55
-18.1435	7.78945	1759.06	3073.28
-18.1435	7.78945	1758.23	2875.79
-18.1435	7.78945	1757.41	3017.7
-18.1435	7.78945	1756.58	2965.69
-18.1435	7.78945	1755.76	3056.05
-18.1435	7.78945	1754.93	3034.34
-18.1435	7.78945	1754.11	3100.44
-18.1435	7.78945	1753.28	3102.94
-18.1435	7.78945	1752.46	3172.03
-18.1435	7.78945	1751.63	3189.65
-18.1435	7.78945	1750.8	3071.1
-18.1435	7.78945	1749.98	3067.56
-18.1435	7.78945	1749.15	3054.94
-18.1435	7.78945	1748.32	3166.32
-18.1435	7.78945	1747.5	3171.83
-18.1435	7.78945	1746.67	3116.87
-18.1435	7.78945	1745.84	3031.71
-18.1435	7.78945	1745.02	3118.84
-18.1435	7.78945	1744.19	3211.98
-18.1435	7.78945	1743.36	3196.33
-18.1435	7.78945	1742.53	3135.38
-18.1435	7.78945	1741.71	3128.8
-18.1435	7.78945	1740.88	3067.88
-18.1435	7.78945	1740.05	3151.9
-18.1435	7.78945	1739.22	3133.25
-18.1435	7.78945	1738.39	3256.46
-18.1435	7.78945	1737.56	3174.43
-18.1435	7.78945	1736.74	3222.17
-18.1435	7.78945	1735.91	3064.76
-18.1435	7.78945	1735.08	3139.64
-18.1435	7.78945	1734.25	3220.53
-18.1435	7.78945	1733.42	3117.47
-18.1435	7.78945	1732.59	3207.38
-18.1435	7.78945	1731.76	3246.01
-18.1435	7.78945	1730.93	3230.4
-18.1435	7.78945	1730.1	3223.82
-18.1435	7.78945	1729.27	3196.16
-18.1435	7.78945	1728.44	3252.85
-18.1435	7.78945	1727.61	3234.23
-18.1435	7.78945	1726.78	3314.97
-18.1435	7.78945	1725.95	3281.29
-18.1435	7.78945	1725.12	3220.54
-18.1435	7.78945	1724.29	3376.48
-18.1435	7.78945	1723.46	3171.3
-18.1435	7.78945	1722.63	3447.53
-18.1435	7.78945	1721.8	3359.72
-18.1435	7.78945	1720.96	3353.13
-18.1435	7.78945	1720.13	3334.52
-18.1435	7.78945	1719.3	3469.24
-18.1435	7.78945	1718.47	3573.85
-18.1435	7.78945	1717.64	3525.16
-18.1435	7.78945	1716.81	3392.35
-18.1435	7.78945	1715.97	3466.88
-18.1435	7.78945	1715.14	3511.35
-18.1435	7.78945	1714.31	3501.74
-18.1435	7.78945	1713.48	3420.08
-18.1435	7.78945	1712.64	3572.61
-18.1435	7.78945	1711.81	3593.01
-18.1435	7.78945	1710.98	3736.46
-18.1435	7.78945	1710.14	3570.79
-18.1435	7.78945	1709.31	3660.18
-18.1435	7.78945	1708.48	3494.58
-18.1435	7.78945	1707.64	3652.94
-18.1435	7.78945	1706.81	3538.37
-18.1435	7.78945	1705.98	3651.7
-18.1435	7.78945	1705.14	3630.09
-18.1435	7.78945	1704.31	3599.51
-18.1435	7.78945	1703.47	3688.79
-18.1435	7.78945	1702.64	3538.36
-18.1435	7.78945	1701.81	3585.69
-18.1435	7.78945	1700.97	3815.7
-18.1435	7.78945	1700.14	3716.23
-18.1435	7.78945	1699.3	3784.46
-18.1435	7.78945	1698.47	3786.81
-18.1435	7.78945	1697.63	3606.58
-18.1435	7.78945	1696.79	3725.67
-18.1435	7.78945	1695.96	3958.41
-18.1435	7.78945	1695.12	3790.21
-18.1435	7.78945	1694.29	3714.8
-18.1435	7.78945	1693.45	3887.61
-18.1435	7.78945	1692.62	3797.25
-18.1435	7.78945	1691.78	3856.39
-18.1435	7.78945	1690.94	3807.91
-18.1435	7.78945	1690.11	3849.1
-18.1435	7.78945	1689.27	3967.96
-18.1435	7.78945	1688.43	3886.63
-18.1435	7.78945	1687.6	3951.68
-18.1435	7.78945	1686.76	3879.33
-18.1435	7.78945	1685.92	4042.9
-18.1435	7.78945	1685.08	3883.98
-18.1435	7.78945	1684.25	3859.44
-18.1435	7.78945	1683.41	3906.53
-18.1435	7.78945	1682.57	3923.77
-18.1435	7.78945	1681.73	4030.5
-18.1435	7.78945	1680.89	3976.13
-18.1435	7.78945	1680.06	3969.48
-18.1435	7.78945	1679.22	3870.41
-18.1435	7.78945	1678.38	4206.64
-18.1435	7.78945	1677.54	4188.04
-18.1435	7.78945	1676.7	4065.13
-18.1435	7.78945	1675.86	3885.65
-18.1435	7.78945	1675.02	4203.77
-18.1435	7.78945	1674.18	4194.12
-18.1435	7.78945	1673.35	4059.38
-18.1435	7.78945	1672.51	4156.96
-18.1435	7.78945	1671.67	4186.02
-18.1435	7.78945	1670.83	4212.1
-18.1435	7.78945	1669.99	4187.57
-18.1435	7.78945	1669.15	4249.34
-18.1435	7.78945	1668.31	4099.86
-18.1435	7.78945	1667.47	4289.54
-18.1435	7.78945	1666.62	4175.79
-18.1435	7.78945	1665.78	4166.16
-18.1435	7.78945	1664.94	4028.68
-18.1435	7.78945	1664.1	4295.53
-18.1435	7.78945	1663.26	4321.55
-18.1435	7.78945	1662.42	4276.24
-18.1435	7.78945	1661.58	4305.22
-18.1435	7.78945	1660.74	4262.9
-18.1435	7.78945	1659.9	4452.26
-18.1435	7.78945	1659.05	4409.92
-18.1435	7.78945	1658.21	4346.82
-18.1435	7.78945	1657.37	4286.71
-18.1435	7.78945	1656.53	4366.11
-18.1435	7.78945	1655.68	4347.56
-18.1435	7.78945	1654.84	4423.97
-18.1435	7.78945	1654.0	4532.97
-18.1435	7.78945	1653.16	4591.52
-18.1435	7.78945	1652.31	4605.57
-18.1435	7.78945	1651.47	4563.27
-18.1435	7.78945	1650.63	4624.75
-18.1435	7.78945	1649.78	4656.56
-18.1435	7.78945	1648.94	4851.36
-18.1435	7.78945	1648.1	4844.61
-18.1435	7.78945	1647.25	4974.13
-18.1435	7.78945	1646.41	4762.98
-18.1435	7.78945	1645.56	4892.47
-18.1435	7.78945	1644.72	5202.54
-18.1435	7.78945	1643.88	5225.34
-18.1435	7.78945	1643.03	5135.65
-18.1435	7.78945	1642.19	5199.88
-18.1435	7.78945	1641.34	5201.95
-18.1435	7.78945	1640.5	5162.6
-18.1435	7.78945	1639.65	5212.0
-18.1435	7.78945	1638.81	5122.39
-18.1435	7.78945	1637.96	5378.77
-18.1435	7.78945	1637.11	5333.5
-18.1435	7.78945	1636.27	5545.42
-18.1435	7.78945	1635.42	5408.52
-18.1435	7.78945	1634.58	5513.98
-18.1435	7.78945	1633.73	5504.17
-18.1435	7.78945	1632.88	5636.16
-18.1435	7.78945	1632.04	5505.24
-18.1435	7.78945	1631.19	5622.42
-18.1435	7.78945	1630.34	5881.27
-18.1435	7.78945	1629.5	5800.56
-18.1435	7.78945	1628.65	6026.83
-18.1435	7.78945	1627.8	5789.73
-18.1435	7.78945	1626.96	6069.03
-18.1435	7.78945	1626.11	6377.73
-18.1435	7.78945	1625.26	6302.9
-18.1435	7.78945	1624.41	6437.48
-18.1435	7.78945	1623.57	6459.96
-18.1435	7.78945	1622.72	6426.43
-18.1435	7.78945	1621.87	6531.44
-18.1435	7.78945	1621.02	6698.29
-18.1435	7.78945	1620.17	6664.73
-18.1435	7.78945	1619.32	6740.19
-18.1435	7.78945	1618.47	6971.72
-18.1435	7.78945	1617.63	6961.69
-18.1435	7.78945	1616.78	6939.89
-18.1435	7.78945	1615.93	6856.27
-18.1435	7.78945	1615.08	7011.1
-18.1435	7.78945	1614.23	7045.21
-18.1435	7.78945	1613.38	6858.64
-18.1435	7.78945	1612.53	7107.52
-18.1435	7.78945	1611.68	7003.35
-18.1435	7.78945	1610.83	7043.33
-18.1435	7.78945	1609.98	7112.69
-18.1435	7.78945	1609.13	7143.81
-18.1435	7.78945	1608.28	6957.41
-18.1435	7.78945	1607.43	7208.95
-18.1435	7.78945	1606.58	7193.03
-18.1435	7.78945	1605.73	7127.16
-18.1435	7.78945	1604.87	6955.58
-18.1435	7.78945	1604.02	7292.12
-18.1435	7.78945	1603.17	7314.36
-18.1435	7.78945	1602.32	7183.93
-18.1435	7.78945	1601.47	7129.86
-18.1435	7.78945	1600.62	7292.99
-18.1435	7.78945	1599.76	7265.33
-18.1435	7.78945	1598.91	7278.75
-18.1435	7.78945	1598.06	7245.24
-18.1435	7.78945	1597.21	7214.67
-18.1435	7.78945	1596.36	7659.14
-18.1435	7.78945	1595.5	7534.69
-18.1435	7.78945	1594.65	7386.84
-18.1435	7.78945	1593.8	7332.82
-18.1435	7.78945	1592.94	7636.31
-18.1435	7.78945	1592.09	7760.98
-18.1435	7.78945	1591.24	7466.72
-18.1435	7.78945	1590.38	7758.32
-18.1435	7.78945	1589.53	7657.42
-18.1435	7.78945	1588.68	7916.68
-18.1435	7.78945	1587.82	7921.18
-18.1435	7.78945	1586.97	7720.8
-18.1435	7.78945	1586.11	7666.8
-18.1435	7.78945	1585.26	7697.67
-18.1435	7.78945	1584.4	7708.05
-18.1435	7.78945	1583.55	7794.47
-18.1435	7.78945	1582.69	7462.69
-18.1435	7.78945	1581.84	7768.4
-18.1435	7.78945	1580.98	7547.82
-18.1435	7.78945	1580.13	7552.37
-18.1435	7.78945	1579.27	7390.35
-18.1435	7.78945	1578.42	7228.39
-18.1435	7.78945	1577.56	7253.44
-18.1435	7.78945	1576.71	7190.86
-18.1435	7.78945	1575.85	7210.07
-18.1435	7.78945	1574.99	7240.94
-18.1435	7.78945	1574.14	7035.35
-18.1435	7.78945	1573.28	7104.2
-18.1435	7.78945	1572.42	6939.55
-18.1435	7.78945	1571.57	6973.37
-18.1435	7.78945	1570.71	6966.34
-18.1435	7.78945	1569.85	6965.15
-18.1435	7.78945	1569.0	6806.47
-18.1435	7.78945	1568.14	6592.45
-18.1435	7.78945	1567.28	6783.73
-18.1435	7.78945	1566.42	6881.66
-18.1435	7.78945	1565.56	6699.8
-18.1435	7.78945	1564.71	6523.82
-18.1435	7.78945	1563.85	6484.83
-18.1435	7.78945	1562.99	6643.91
-18.1435	7.78945	1562.13	6590.35
-18.1435	7.78945	1561.27	6507.69
-18.1435	7.78945	1560.41	6413.41
-18.1435	7.78945	1559.56	6531.65
-18.1435	7.78945	1558.7	6632.38
-18.1435	7.78945	1557.84	6386.83
-18.1435	7.78945	1556.98	6592.28
-18.1435	7.78945	1556.12	6256.65
-18.1435	7.78945	1555.26	6456.24
-18.1435	7.78945	1554.4	6292.29
-18.1435	7.78945	1553.54	6329.01
-18.1435	7.78945	1552.68	6327.92
-18.1435	7.78945	1551.82	6498.29
-18.1435	7.78945	1550.96	6357.7
-18.1435	7.78945	1550.1	6237.49
-18.1435	7.78945	1549.24	6274.18
-18.1435	7.78945	1548.38	6238.25
-18.1435	7.78945	1547.52	6344.62
-18.1435	7.78945	1546.65	6221.59
-18.1435	7.78945	1545.79	6185.69
-18.1435	7.78945	1544.93	6213.64
-18.1435	7.78945	1544.07	6357.66
-18.1435	7.78945	1543.21	6304.34
-18.1435	7.78945	1542.35	6193.03
-18.1435	7.78945	1541.48	6336.97
-18.1435	7.78945	1540.62	6451.87
-18.1435	7.78945	1539.76	6259.41
-18.1435	7.78945	1538.9	6209.06
-18.1435	7.78945	1538.04	6161.61
-18.1435	7.78945	1537.17	6264.87
-18.1435	7.78945	1536.31	6278.28
-18.1435	7.78945	1535.45	6178.71
-18.1435	7.78945	1534.58	6096.55
-18.1435	7.78945	1533.72	6083.92
-18.1435	7.78945	1532.86	6210.26
-18.1435	7.78945	1531.99	6131.03
-18.1435	7.78945	1531.13	5970.79
-18.1435	7.78945	1530.27	6068.15
-18.1435	7.78945	1529.4	6162.58
-18.1435	7.78945	1528.54	6268.55
-18.1435	7.78945	1527.67	6047.66
-18.1435	7.78945	1526.81	6032.16
-18.1435	7.78945	1525.94	6117.85
-18.1435	7.78945	1525.08	6047.42
-18.1435	7.78945	1524.21	5968.34
-18.1435	7.78945	1523.35	5999.1
-18.1435	7.78945	1522.48	6035.63
-18.1435	7.78945	1521.62	5959.48
-18.1435	7.78945	1520.75	6227.06
-18.1435	7.78945	1519.89	6136.46
-18.1435	7.78945	1519.02	6120.97
-18.1435	7.78945	1518.15	6088.16
-18.1435	7.78945	1517.29	6006.29
-18.1435	7.78945	1516.42	6100.49
-18.1435	7.78945	1515.56	6139.83
-18.1435	7.78945	1514.69	6118.57
-18.1435	7.78945	1513.82	6244.43
-18.1435	7.78945	1512.96	6177.02
-18.1435	7.78945	1512.09	6196.14
-18.1435	7.78945	1511.22	6267.14
-18.1435	7.78945	1510.35	6297.76
-18.1435	7.78945	1509.49	6244.8
-18.1435	7.78945	1508.62	6289.83
-18.1435	7.78945	1507.75	6306.02
-18.1435	7.78945	1506.88	6526.72
-18.1435	7.78945	1506.01	6588.95
-18.1435	7.78945	1505.15	6374.74
-18.1435	7.78945	1504.28	6696.06
-18.1435	7.78945	1503.41	6645.98
-18.1435	7.78945	1502.54	6598.78
-18.1435	7.78945	1501.67	6545.85
-18.1435	7.78945	1500.8	6648.29
-18.1435	7.78945	1499.93	6750.69
-18.1435	7.78945	1499.06	6821.42
-18.1435	7.78945	1498.19	6647.72
-18.1435	7.78945	1497.32	6727.06
-18.1435	7.78945	1496.46	6806.38
-18.1435	7.78945	1495.59	6974.76
-18.1435	7.78945	1494.72	6944.82
-18.1435	7.78945	1493.84	6782.75
-18.1435	7.78945	1492.97	6933.81
-18.1435	7.78945	1492.1	6992.92
-18.1435	7.78945	1491.23	7212.8
-18.1435	7.78945	1490.36	6953.18
-18.1435	7.78945	1489.49	6960.59
-18.1435	7.78945	1488.62	7011.04
-18.1435	7.78945	1487.75	7041.39
-18.1435	7.78945	1486.88	7100.42
-18.1435	7.78945	1486.01	6961.51
-18.1435	7.78945	1485.13	6994.72
-18.1435	7.78945	1484.26	7085.27
-18.1435	7.78945	1483.39	6952.17
-18.1435	7.78945	1482.52	6793.31
-18.1435	7.78945	1481.65	7115.98
-18.1435	7.78945	1480.77	7166.33
-18.1435	7.78945	1479.9	7044.76
-18.1435	7.78945	1479.03	6768.56
-18.1435	7.78945	1478.16	6664.29
-18.1435	7.78945	1477.28	6912.25
-18.1435	7.78945	1476.41	6836.62
-18.1435	7.78945	1475.54	6428.98
-18.1435	7.78945	1474.66	6433.59
-18.1435	7.78945	1473.79	6601.3
-18.1435	7.78945	1472.91	6508.61
-18.1435	7.78945	1472.04	6424.53
-18.1435	7.78945	1471.17	6320.46
-18.1435	7.78945	1470.29	6548.12
-18.1435	7.78945	1469.42	6301.11
-18.1435	7.78945	1468.54	6360.05
-18.1435	7.78945	1467.67	6304.65
-18.1435	7.78945	1466.79	6249.26
-18.1435	7.78945	1465.92	6176.76
-18.1435	7.78945	1465.04	6261.38
-18.1435	7.78945	1464.17	6157.48
-18.1435	7.78945	1463.29	6250.65
-18.1435	7.78945	1462.42	6203.88
-18.1435	7.78945	1461.54	6351.24
-18.1435	7.78945	1460.66	6004.81
-18.1435	7.78945	1459.79	5940.99
-18.1435	7.78945	1458.91	6122.55
-18.1435	7.78945	1458.04	6047.33
-18.1435	7.78945	1457.16	5923.64
-18.1435	7.78945	1456.28	5942.58
-18.1435	7.78945	1455.41	5910.19
-18.1435	7.78945	1454.53	6125.8
-18.1435	7.78945	1453.65	5853.99
-18.1435	7.78945	1452.77	5870.07
-18.1435	7.78945	1451.9	5783.58
-18.1435	7.78945	1451.02	5984.82
-18.1435	7.78945	1450.14	5798.66
-18.1435	7.78945	1449.26	5928.64
-18.1435	7.78945	1448.39	5958.93
-18.1435	7.78945	1447.51	6120.16
-18.1435	7.78945	1446.63	5988.17
-18.1435	7.78945	1445.75	5989.98
-18.1435	7.78945	1444.87	6062.92
-18.1435	7.78945	1443.99	5982.21
-18.1435	7.78945	1443.11	6143.29
-18.1435	7.78945	1442.23	5968.76
-18.1435	7.78945	1441.35	6053.02
-18.1435	7.78945	1440.48	6188.42
-18.1435	7.78945	1439.6	6227.13
-18.1435	7.78945	1438.72	6223.21
-18.1435	7.78945	1437.84	6159.63
-18.1435	7.78945	1436.96	6309.11
-18.1435	7.78945	1436.08	6506.83
-18.1435	7.78945	1435.2	6278.53
-18.1435	7.78945	1434.31	6399.52
-18.1435	7.78945	1433.43	6446.67
-18.1435	7.78945	1432.55	6377.43
-18.1435	7.78945	1431.67	6452.94
-18.1435	7.78945	1430.79	6548.29
-18.1435	7.78945	1429.91	6538.64
-18.1435	7.78945	1429.03	6619.75
-18.1435	7.78945	1428.15	6768.9
-18.1435	7.78945	1427.27	6807.42
-18.1435	7.78945	1426.38	6746.7
-18.1435	7.78945	1425.5	6697.35
-18.1435	7.78945	1424.62	6874.71
-18.1435	7.78945	1423.74	6828.19
-18.1435	7.78945	1422.85	6855.33
-18.1435	7.78945	1421.97	7185.51
-18.1435	7.78945	1421.09	6949.23
-18.1435	7.78945	1420.21	6814.95
-18.1435	7.78945	1419.32	6876.04
-18.1435	7.78945	1418.44	7061.65
-18.1435	7.78945	1417.56	7204.74
-18.1435	7.78945	1416.67	7192.17
-18.1435	7.78945	1415.79	6919.35
-18.1435	7.78945	1414.9	7184.01
-18.1435	7.78945	1414.02	7343.95
-18.1435	7.78945	1413.14	7503.83
-18.1435	7.78945	1412.25	7454.47
-18.1435	7.78945	1411.37	7368.38
-18.1435	7.78945	1410.48	7638.39
-18.1435	7.78945	1409.6	7755.73
-18.1435	7.78945	1408.71	7841.95
-18.1435	7.78945	1407.83	7868.83
-18.1435	7.78945	1406.94	8099.02
-18.1435	7.78945	1406.06	8185.14
-18.1435	7.78945	1405.17	8265.58
-18.1435	7.78945	1404.29	8261.32
-18.1435	7.78945	1403.4	8398.16
-18.1435	7.78945	1402.51	8591.38
-18.1435	7.78945	1401.63	8956.61
-18.1435	7.78945	1400.74	8805.57
-18.1435	7.78945	1399.85	8998.61
-18.1435	7.78945	1398.97	8850.43
-18.1435	7.78945	1398.08	8846.07
-18.1435	7.78945	1397.19	8869.9
-18.1435	7.78945	1396.31	8659.82
-18.1435	7.78945	1395.42	8872.45
-18.1435	7.78945	1394.53	8724.41
-18.1435	7.78945	1393.64	8435.6
-18.1435	7.78945	1392.76	8476.38
-18.1435	7.78945	1391.87	8488.98
-18.1435	7.78945	1390.98	8296.07
-18.1435	7.78945	1390.09	7973.76
-18.1435	7.78945	1389.2	7882.32
-18.1435	7.78945	1388.32	7973.8
-18.1435	7.78945	1387.43	7871.14
-18.1435	7.78945	1386.54	7658.82
-18.1435	7.78945	1385.65	7626.55
-18.1435	7.78945	1384.76	7580.23
-18.1435	7.78945	1383.87	7618.27
-18.1435	7.78945	1382.98	7588.83
-18.1435	7.78945	1382.09	7331.78
-18.1435	7.78945	1381.2	7254.64
-18.1435	7.78945	1380.31	7362.94
-18.1435	7.78945	1379.42	7218.41
-18.1435	7.78945	1378.53	7208.73
-18.1435	7.78945	1377.64	7126.05
-18.1435	7.78945	1376.75	7369.03
-18.1435	7.78945	1375.86	7334.07
-18.1435	7.78945	1374.97	7175.64
-18.1435	7.78945	1374.08	7081.8
-18.1435	7.78945	1373.19	7257.29
-18.1435	7.78945	1372.3	7219.57
-18.1435	7.78945	1371.4	7173.44
-18.1435	7.78945	1370.51	7203.03
-18.1435	7.78945	1369.62	7210.18
-18.1435	7.78945	1368.73	7396.71
-18.1435	7.78945	1367.84	7308.55
-18.1435	7.78945	1366.94	7214.81
-18.1435	7.78945	1366.05	7266.78
-18.1435	7.78945	1365.16	7352.34
-18.1435	7.78945	1364.27	7183.03
-18.1435	7.78945	1363.37	7209.78
-18.1435	7.78945	1362.48	7214.12
-18.1435	7.78945	1361.59	7330.41
-18.1435	7.78945	1360.69	7390.7
-18.1435	7.78945	1359.8	7249.51
-18.1435	7.78945	1358.91	7239.85
-18.1435	7.78945	1358.01	7392.42
-18.1435	7.78945	1357.12	7363.17
-18.1435	7.78945	1356.22	7401.02
-18.1435	7.78945	1355.33	7290.71
-18.1435	7.78945	1354.44	7440.36
-18.1435	7.78945	1353.54	7503.34
-18.1435	7.78945	1352.65	7409.82
-18.1435	7.78945	1351.75	7296.79
-18.1435	7.78945	1350.86	7597.17
-18.1435	7.78945	1349.96	7609.8
-18.1435	7.78945	1349.07	7639.18
-18.1435	7.78945	1348.17	7598.77
-18.1435	7.78945	1347.28	7628.14
-18.1435	7.78945	1346.38	7643.55
-18.1435	7.78945	1345.48	7594.78
-18.1435	7.78945	1344.59	7559.98
-18.1435	7.78945	1343.69	7608.86
-18.1435	7.78945	1342.79	7819.47
-18.1435	7.78945	1341.9	7706.58
-18.1435	7.78945	1341.0	7747.05
-18.1435	7.78945	1340.1	7600.76
-18.1435	7.78945	1339.21	7883.67
-18.1435	7.78945	1338.31	7940.81
-18.1435	7.78945	1337.41	7841.92
-18.1435	7.78945	1336.51	7924.1
-18.1435	7.78945	1335.62	8064.74
-18.1435	7.78945	1334.72	8093.96
-18.1435	7.78945	1333.82	8050.78
-18.1435	7.78945	1332.92	8018.76
-18.1435	7.78945	1332.02	8162.06
-18.1435	7.78945	1331.13	8232.98
-18.1435	7.78945	1330.23	8142.51
-18.1435	7.78945	1329.33	8274.6
-18.1435	7.78945	1328.43	8345.45
-18.1435	7.78945	1327.53	8560.86
-18.1435	7.78945	1326.63	8236.89
-18.1435	7.78945	1325.73	8279.92
-18.1435	7.78945	1324.83	8297.92
-18.1435	7.78945	1323.93	8574.32
-18.1435	7.78945	1323.03	8642.27
-18.1435	7.78945	1322.13	8393.56
-18.1435	7.78945	1321.23	8369.87
-18.1435	7.78945	1320.33	8637.73
-18.1435	7.78945	1319.43	8458.55
-18.1435	7.78945	1318.53	8457.07
-18.1435	7.78945	1317.63	8605.44
-18.1435	7.78945	1316.73	8687.17
-18.1435	7.78945	1315.83	8807.7
-18.1435	7.78945	1314.93	8639.75
-18.1435	7.78945	1314.02	8682.6
-18.1435	7.78945	1313.12	8783.67
-18.1435	7.78945	1312.22	8940.14
-18.1435	7.78945	1311.32	8927.49
-18.1435	7.78945	1310.42	8903.75
-18.1435	7.78945	1309.51	9229.13
-18.1435	7.78945	1308.61	8967.12
-18.1435	7.78945	1307.71	9004.32
-18.1435	7.78945	1306.81	8803.36
-18.1435	7.78945	1305.9	8915.33
-18.1435	7.78945	1305.0	8742.14
-18.1435	7.78945	1304.1	8629.89
-18.1435	7.78945	1303.19	8642.22
-18.1435	7.78945	1302.29	8668.37
-18.1435	7.78945	1301.39	8484.27
-18.1435	7.78945	1300.48	8446.83
-18.1435	7.78945	1299.58	8022.25
-18.1435	7.78945	1298.67	8031.9
-18.1435	7.78945	1297.77	8196.36
-18.1435	7.78945	1296.86	8048.43
-18.1435	7.78945	1295.96	7886.74
-18.1435	7.78945	1295.06	8020.74
-18.1435	7.78945	1294.15	8088.4
-18.1435	7.78945	1293.25	8150.5
-18.1435	7.78945	1292.34	7917.11
-18.1435	7.78945	1291.43	8064.81
-18.1435	7.78945	1290.53	8079.96
-18.1435	7.78945	1289.62	7871.54
-18.1435	7.78945	1288.72	7980.54
-18.1435	7.78945	1287.81	7755.66
-18.1435	7.78945	1286.9	7941.88
-18.1435	7.78945	1286.0	7799.82
-18.1435	7.78945	1285.09	7495.12
-18.1435	7.78945	1284.18	7689.55
-18.1435	7.78945	1283.28	7509.02
-18.1435	7.78945	1282.37	7369.9
-18.1435	7.78945	1281.46	7437.49
-18.1435	7.78945	1280.56	7505.07
-18.1435	7.78945	1279.65	7388.05
-18.1435	7.78945	1278.74	7323.41
-18.1435	7.78945	1277.83	7269.8
-18.1435	7.78945	1276.93	7086.81
-18.1435	7.78945	1276.02	7294.77
-18.1435	7.78945	1275.11	7155.88
-18.1435	7.78945	1274.2	7094.08
-18.1435	7.78945	1273.29	6971.78
-18.1435	7.78945	1272.38	7025.57
-18.1435	7.78945	1271.47	7084.84
-18.1435	7.78945	1270.56	6951.6
-18.1435	7.78945	1269.66	6686.44
-18.1435	7.78945	1268.75	6855.7
-18.1435	7.78945	1267.84	6967.18
-18.1435	7.78945	1266.93	7020.91
-18.1435	7.78945	1266.02	6909.78
-18.1435	7.78945	1265.11	6947.02
-18.1435	7.78945	1264.2	6937.56
-18.1435	7.78945	1263.29	6760.59
-18.1435	7.78945	1262.38	6709.99
-18.1435	7.78945	1261.46	6815.86
-18.1435	7.78945	1260.55	6655.48
-18.1435	7.78945	1259.64	6728.4
-18.1435	7.78945	1258.73	6557.11
-18.1435	7.78945	1257.82	6619.05
-18.1435	7.78945	1256.91	6590.46
-18.1435	7.78945	1256.0	6608.49
-18.1435	7.78945	1255.08	6552.5
-18.1435	7.78945	1254.17	6559.57
-18.1435	7.78945	1253.26	6624.19
-18.1435	7.78945	1252.35	6581.92
-18.1435	7.78945	1251.44	6435.56
-18.1435	7.78945	1250.52	6322.12
-18.1435	7.78945	1249.61	6526.41
-18.1435	7.78945	1248.7	6347.27
-18.1435	7.78945	1247.78	6181.89
-18.1435	7.78945	1246.87	6408.0
-18.1435	7.78945	1245.96	6382.24
-18.1435	7.78945	1245.04	6315.44
-18.1435	7.78945	1244.13	6273.29
-18.1435	7.78945	1243.22	6291.33
-18.1435	7.78945	1242.3	6366.8
-18.1435	7.78945	1241.39	6477.79
-18.1435	7.78945	1240.47	6219.66
-18.1435	7.78945	1239.56	6464.57
-18.1435	7.78945	1238.64	6359.58
-18.1435	7.78945	1237.73	6473.23
-18.1435	7.78945	1236.81	6365.54
-18.1435	7.78945	1235.9	6462.75
-18.1435	7.78945	1234.98	6630.93
-18.1435	7.78945	1234.07	6667.99
-18.1435	7.78945	1233.15	6617.68
-18.1435	7.78945	1232.24	6807.58
-18.1435	7.78945	1231.32	6795.46
-18.1435	7.78945	1230.4	6966.17
-18.1435	7.78945	1229.49	6823.08
-18.1435	7.78945	1228.57	6737.32
-18.1435	7.78945	1227.65	6856.12
-18.1435	7.78945	1226.74	6773.11
-18.1435	7.78945	1225.82	6621.98
-18.1435	7.78945	1224.9	6688.95
-18.1435	7.78945	1223.99	6469.75
-18.1435	7.78945	1223.07	6517.66
-18.1435	7.78945	1222.15	6126.93
-18.1435	7.78945	1221.23	6123.13
-18.1435	7.78945	1220.31	6217.36
-18.1435	7.78945	1219.4	5922.2
-18.1435	7.78945	1218.48	5785.04
-18.1435	7.78945	1217.56	5666.97
-18.1435	7.78945	1216.64	5685.02
-18.1435	7.78945	1215.72	5686.74
-18.1435	7.78945	1214.8	5566.04
-18.1435	7.78945	1213.88	5480.73
-18.1435	7.78945	1212.96	5613.02
-18.1435	7.78945	1212.05	5641.94
-18.1435	7.78945	1211.13	5518.61
-18.1435	7.78945	1210.21	5406.2
-18.1435	7.78945	1209.29	5356.32
-18.1435	7.78945	1208.37	5360.81
-18.1435	7.78945	1207.45	5381.6
-18.1435	7.78945	1206.53	5163.36
-18.1435	7.78945	1205.6	5406.85
-18.1435	7.78945	1204.68	5354.31
-18.1435	7.78945	1203.76	5402.23
-18.1435	7.78945	1202.84	5333.42
-18.1435	7.78945	1201.92	5354.19
-18.1435	7.78945	1201.0	5391.23
-18.1435	7.78945	1200.08	5205.8
-18.1435	7.78945	1199.16	5497.81
-18.1435	7.78945	1198.23	5418.2
-18.1435	7.78945	1197.31	5395.55
-18.1435	7.78945	1196.39	5337.67
-18.1435	7.78945	1195.47	5309.62
-18.1435	7.78945	1194.54	5422.5
-18.1435	7.78945	1193.62	5440.5
-18.1435	7.78945	1192.7	5087.38
-18.1435	7.78945	1191.78	5303.16
-18.1435	7.78945	1190.85	5109.95
-18.1435	7.78945	1189.93	5363.55
-18.1435	7.78945	1189.01	5070.25
-18.1435	7.78945	1188.08	5050.4
-18.1435	7.78945	1187.16	5171.28
-18.1435	7.78945	1186.23	5210.95
-18.1435	7.78945	1185.31	5001.74
-18.1435	7.78945	1184.39	5057.65
-18.1435	7.78945	1183.46	5140.58
-18.1435	7.78945	1182.54	5166.71
-18.1435	7.78945	1181.61	5044.15
-18.1435	7.78945	1180.69	5024.34
-18.1435	7.78945	1179.76	5201.8
-18.1435	7.78945	1178.84	5122.53
-18.1435	7.78945	1177.91	5194.55
-18.1435	7.78945	1176.99	5099.11
-18.1435	7.78945	1176.06	5152.21
-18.1435	7.78945	1175.13	5307.89
-18.1435	7.78945	1174.21	5180.08
-18.1435	7.78945	1173.28	5111.69
-18.1435	7.78945	1172.35	5237.61
-18.1435	7.78945	1171.43	5231.29
-18.1435	7.78945	1170.5	5249.24
-18.1435	7.78945	1169.57	5207.86
-18.1435	7.78945	1168.65	5142.22
-18.1435	7.78945	1167.72	5189.84
-18.1435	7.78945	1166.79	5108.05
-18.1435	7.78945	1165.86	4878.06
-18.1435	7.78945	1164.94	5063.13
-18.1435	7.78945	1164.01	5094.56
-18.1435	7.78945	1163.08	5069.41
-18.1435	7.78945	1162.15	5049.66
-18.1435	7.78945	1161.22	4954.52
-18.1435	7.78945	1160.3	5120.56
-18.1435	7.78945	1159.37	5073.89
-18.1435	7.78945	1158.44	4903.45
-18.1435	7.78945	1157.51	4872.98
-18.1435	7.78945	1156.58	4923.23
-18.1435	7.78945	1155.65	5035.33
-18.1435	7.78945	1154.72	4956.45
-18.1435	7.78945	1153.79	4977.08
-18.1435	7.78945	1152.86	5134.81
-18.1435	7.78945	1151.93	4980.69
-18.1435	7.78945	1151.0	4915.31
-18.1435	7.78945	1150.07	5110.58
-18.1435	7.78945	1149.14	5136.54
-18.1435	7.78945	1148.21	4993.27
-18.1435	7.78945	1147.28	4841.99
-18.1435	7.78945	1146.35	5018.35
-18.1435	7.78945	1145.42	5006.72
-18.1435	7.78945	1144.48	5102.46
-18.1435	7.78945	1143.55	5004.94
-18.1435	7.78945	1142.62	5135.53
-18.1435	7.78945	1141.69	5051.45
-18.1435	7.78945	1140.76	5257.09
-18.1435	7.78945	1139.82	5301.74
-18.1435	7.78945	1138.89	5276.67
-18.1435	7.78945	1137.96	5297.18
-18.1435	7.78945	1137.03	5363.24
-18.1435	7.78945	1136.09	5381.05
-18.1435	7.78945	1135.16	5345.26
-18.1435	7.78945	1134.23	5405.93
-18.1435	7.78945	1133.29	5573.71
-18.1435	7.78945	1132.36	5503.09
-18.1435	7.78945	1131.43	5633.31
-18.1435	7.78945	1130.49	5758.12
-18.1435	7.78945	1129.56	5955.16
-18.1435	7.78945	1128.62	5889.88
-18.1435	7.78945	1127.69	6161.73
-18.1435	7.78945	1126.76	6462.92
-18.1435	7.78945	1125.82	6587.47
-18.1435	7.78945	1124.89	6591.65
-18.1435	7.78945	1123.95	6782.98
-18.1435	7.78945	1123.02	7118.59
-18.1435	7.78945	1122.08	7071.89
-18.1435	7.78945	1121.14	7353.89
-18.1435	7.78945	1120.21	7747.99
-18.1435	7.78945	1119.27	7786.68
-18.1435	7.78945	1118.34	7804.0
-18.1435	7.78945	1117.4	7794.6
-18.1435	7.78945	1116.46	7867.97
-18.1435	7.78945	1115.53	7508.87
-18.1435	7.78945	1114.59	7128.56
-18.1435	7.78945	1113.65	7073.92
-18.1435	7.78945	1112.72	6805.87
-18.1435	7.78945	1111.78	6657.95
-18.1435	7.78945	1110.84	6270.05
-18.1435	7.78945	1109.9	6026.29
-18.1435	7.78945	1108.97	5947.9
-18.1435	7.78945	1108.03	5810.9
-18.1435	7.78945	1107.09	5615.31
-18.1435	7.78945	1106.15	5491.74
-18.1435	7.78945	1105.21	5274.97
-18.1435	7.78945	1104.28	5199.45
-18.1435	7.78945	1103.34	5182.55
-18.1435	7.78945	1102.4	4960.62
-18.1435	7.78945	1101.46	5023.63
-18.1435	7.78945	1100.52	5065.32
-18.1435	7.78945	1099.58	4894.1
-18.1435	7.78945	1098.64	4866.62
-18.1435	7.78945	1097.7	4937.58
-18.1435	7.78945	1096.76	4817.01
-18.1435	7.78945	1095.82	4866.68
-18.1435	7.78945	1094.88	4905.69
-18.1435	7.78945	1093.94	4777.22
-18.1435	7.78945	1093.0	4861.42
-18.1435	7.78945	1092.06	4926.99
-18.1435	7.78945	1091.12	4920.8
-18.1435	7.78945	1090.18	4741.93
-18.1435	7.78945	1089.24	5027.94
-18.1435	7.78945	1088.3	4981.9
-18.1435	7.78945	1087.35	4957.12
-18.1435	7.78945	1086.41	4948.27
-18.1435	7.78945	1085.47	4965.97
-18.1435	7.78945	1084.53	4848.32
-18.1435	7.78945	1083.59	4738.67
-18.1435	7.78945	1082.64	4942.09
-18.1435	7.78945	1081.7	4885.51
-18.1435	7.78945	1080.76	4667.19
-18.1435	7.78945	1079.81	4817.48
-18.1435	7.78945	1078.87	4821.93
-18.1435	7.78945	1077.93	4550.73
-18.1435	7.78945	1076.99	4499.57
-18.1435	7.78945	1076.04	4594.14
-18.1435	7.78945	1075.1	4595.97
-18.1435	7.78945	1074.15	4687.85
-18.1435	7.78945	1073.21	4414.27
-18.1435	7.78945	1072.27	4506.14
-18.1435	7.78945	1071.32	4455.05
-18.1435	7.78945	1070.38	4718.91
-18.1435	7.78945	1069.43	4376.72
-18.1435	7.78945	1068.49	4447.37
-18.1435	7.78945	1067.54	4465.09
-18.1435	7.78945	1066.6	4392.89
-18.1435	7.78945	1065.65	4312.77
-18.1435	7.78945	1064.71	4158.67
-18.1435	7.78945	1063.76	4226.65
-18.1435	7.78945	1062.81	4395.04
-18.1435	7.78945	1061.87	4314.98
-18.1435	7.78945	1060.92	4348.55
-18.1435	7.78945	1059.97	4342.49
-18.1435	7.78945	1059.03	4365.49
-18.1435	7.78945	1058.08	4393.75
-18.1435	7.78945	1057.13	4300.57
-18.1435	7.78945	1056.19	4315.64
-18.1435	7.78945	1055.24	4304.31
-18.1435	7.78945	1054.29	4285.07
-18.1435	7.78945	1053.34	4487.44
-18.1435	7.78945	1052.4	4360.03
-18.1435	7.78945	1051.45	4285.41
-18.1435	7.78945	1050.5	4195.0
-18.1435	7.78945	1049.55	4323.42
-18.1435	7.78945	1048.6	4185.59
-18.1435	7.78945	1047.66	4169.03
-18.1435	7.78945	1046.71	4099.78
-18.1435	7.78945	1045.76	4038.46
-18.1435	7.78945	1044.81	4172.06
-18.1435	7.78945	1043.86	4042.28
-18.1435	7.78945	1042.91	3967.83
-18.1435	7.78945	1041.96	4014.51
-18.1435	7.78945	1041.01	4098.01
-18.1435	7.78945	1040.06	4007.81
-18.1435	7.78945	1039.11	4099.18
-18.1435	7.78945	1038.16	4035.31
-18.1435	7.78945	1037.21	4210.81
-18.1435	7.78945	1036.26	4157.46
-18.1435	7.78945	1035.31	4006.85
-18.1435	7.78945	1034.36	4019.28
-18.1435	7.78945	1033.4	4107.92
-18.1435	7.78945	1032.45	4078.28
-18.1435	7.78945	1031.5	3985.6
-18.1435	7.78945	1030.55	4061.06
-18.1435	7.78945	1029.6	4136.5
-18.1435	7.78945	1028.65	3959.82
-18.1435	7.78945	1027.69	4079.88
-18.1435	7.78945	1026.74	3890.16
-18.1435	7.78945	1025.79	4088.92
-18.1435	7.78945	1024.84	3920.25
-18.1435	7.78945	1023.88	3964.15
-18.1435	7.78945	1022.93	4042.13
-18.1435	7.78945	1021.98	3962.73
-18.1435	7.78945	1021.02	4045.93
-18.1435	7.78945	1020.07	4045.2
-18.1435	7.78945	1019.12	4054.96
-18.1435	7.78945	1018.16	4148.58
-18.1435	7.78945	1017.21	4100.67
-18.1435	7.78945	1016.25	4147.09
-18.1435	7.78945	1015.3	4313.99
-18.1435	7.78945	1014.34	4119.42
-18.1435	7.78945	1013.39	4058.46
-18.1435	7.78945	1012.44	3958.25
-18.1435	7.78945	1011.48	4088.41
-18.1435	7.78945	1010.52	3975.15
-18.1435	7.78945	1009.57	4154.98
-18.1435	7.78945	1008.61	3950.18
-18.1435	7.78945	1007.66	4046.25
-18.1435	7.78945	1006.7	4129.21
-18.1435	7.78945	1005.75	4086.63
-18.1435	7.78945	1004.79	4185.24
-18.1435	7.78945	1003.83	4176.64
-18.1435	7.78945	1002.88	4188.96
-18.1435	7.78945	1001.92	4031.45
-18.1435	7.78945	1000.96	4158.72
-18.1435	7.78945	1000.0	4259.84
-18.1435	7.78945	999.048	4332.19
-18.1435	7.78945	998.09	4156.48
-18.1435	7.78945	997.132	4134.86
-18.1435	7.78945	996.174	4230.68
-18.1435	7.78945	995.216	4115.11
-18.1435	7.78945	994.258	4096.1
-18.1435	7.78945	993.3	4095.37
-18.1435	7.78945	992.341	4086.81
-18.1435	7.78945	991.382	4091.29
-18.1435	7.78945	990.423	4082.73
-18.1435	7.78945	989.4639999999999	4251.43
-18.1435	7.78945	988.505	4219.4
-18.1435	7.78945	987.546	4296.81
-18.1435	7.78945	986.586	4173.59
-18.1435	7.78945	985.6260000000001	4211.91
-18.1435	7.78945	984.666	4179.91
-18.1435	7.78945	983.706	4030.74
-18.1435	7.78945	982.7460000000001	4014.39
-18.1435	7.78945	981.785	4112.58
-18.1435	7.78945	980.825	4124.85
-18.1435	7.78945	979.8639999999999	3926.36
-18.1435	7.78945	978.903	3956.88
-18.1435	7.78945	977.942	4039.4
-18.1435	7.78945	976.9810000000001	4054.27
-18.1435	7.78945	976.0189999999999	3988.54
-18.1435	7.78945	975.057	4011.22
-18.1435	7.78945	974.095	3987.11
-18.1435	7.78945	973.133	3926.62
-18.1435	7.78945	972.171	3938.91
-18.1435	7.78945	971.209	3847.28
-18.1435	7.78945	970.2460000000001	4101.12
-18.1435	7.78945	969.284	4004.3
-18.1435	7.78945	968.321	3938.67
-18.1435	7.78945	967.3580000000001	4062.57
-18.1435	7.78945	966.3939999999999	4077.41
-18.1435	7.78945	965.431	3928.76
-18.1435	7.78945	964.467	3956.6
-18.1435	7.78945	963.5039999999999	4059.64
-18.1435	7.78945	962.54	3978.51
-18.1435	7.78945	961.576	4060.78
-18.1435	7.78945	960.6110000000001	3987.45
-18.1435	7.78945	959.6469999999999	3940.08
-18.1435	7.78945	958.682	3975.65
-18.1435	7.78945	957.7180000000001	3943.84
-18.1435	7.78945	956.753	3862.82
-18.1435	7.78945	955.7869999999999	3939.83
-18.1435	7.78945	954.822	3952.07
-18.1435	7.78945	953.857	3878.86
-18.1435	7.78945	952.8910000000001	3963.59
-18.1435	7.78945	951.925	3949.94
-18.1435	7.78945	950.959	3907.82
-18.1435	7.78945	949.993	3769.98
-18.1435	7.78945	949.0269999999999	3893.47
-18.1435	7.78945	948.06	4024.69
-18.1435	7.78945	947.0930000000001	3915.35
-18.1435	7.78945	946.1260000000001	3798.29
-18.1435	7.78945	945.159	3753.66
-18.1435	7.78945	944.192	3884.8
-18.1435	7.78945	943.225	3832.42
-18.1435	7.78945	942.257	3772.3
-18.1435	7.78945	941.289	3955.03
-18.1435	7.78945	940.321	3910.41
-18.1435	7.78945	939.3530000000001	3935.53
-18.1435	7.78945	938.385	3854.78
-18.1435	7.78945	937.4169999999999	4050.28
-18.1435	7.78945	936.448	3987.6
-18.1435	7.78945	935.4789999999999	3780.44
-18.1435	7.78945	934.51	3942.3
-18.1435	7.78945	933.541	4008.66
-18.1435	7.78945	932.572	4000.2
-18.1435	7.78945	931.602	4128.41
-18.1435	7.78945	930.633	3923.99
-18.1435	7.78945	929.663	4093.41
-18.1435	7.78945	928.693	4010.2
-18.1435	7.78945	927.7230000000001	4037.82
-18.1435	7.78945	926.752	4119.54
-18.1435	7.78945	925.7819999999999	4149.71
-18.1435	7.78945	924.811	4133.5
-18.1435	7.78945	923.84	4027.19
-18.1435	7.78945	922.8689999999999	4119.14
-18.1435	7.78945	921.898	4082.36
-18.1435	7.78945	920.926	4043.02
-18.1435	7.78945	919.955	4013.99
-18.1435	7.78945	918.9830000000001	4123.89
-18.1435	7.78945	918.0110000000001	4179.73
-18.1435	7.78945	917.039	4088.97
-18.1435	7.78945	916.066	4083.08
-18.1435	7.78945	915.0939999999999	4187.75
-18.1435	7.78945	914.1210000000001	4125.3
-18.1435	7.78945	913.148	4006.35
-18.1435	7.78945	912.175	4105.83
-18.1435	7.78945	911.202	4010.04
-18.1435	7.78945	910.2289999999999	4060.68
-18.1435	7.78945	909.255	3988.05
-18.1435	7.78945	908.2819999999999	3907.73
-18.1435	7.78945	907.308	3904.46
-18.1435	7.78945	906.334	3988.45
-18.1435	7.78945	905.36	3987.73
-18.1435	7.78945	904.385	3904.91
-18.1435	7.78945	903.4110000000001	3852.9
-18.1435	7.78945	902.436	3877.85
-18.1435	7.78945	901.461	3813.04
-18.1435	7.78945	900.4860000000001	4037.97
-18.1435	7.78945	899.51	4060.31
-18.1435	7.78945	898.535	3898.11
-18.1435	7.78945	897.559	3871.79
-18.1435	7.78945	896.5830000000001	4032.49
-18.1435	7.78945	895.607	4013.83
-18.1435	7.78945	894.6310000000001	4043.83
-18.1435	7.78945	893.655	4035.42
-18.1435	7.78945	892.678	4021.89
-18.1435	7.78945	891.702	3959.73
-18.1435	7.78945	890.725	3982.05
-18.1435	7.78945	889.748	4086.24
-18.1435	7.78945	888.77	3983.17
-18.1435	7.78945	887.793	3987.56
-18.1435	7.78945	886.815	3897.33
-18.1435	7.78945	885.8380000000001	3945.21
-18.1435	7.78945	884.86	3947.05
-18.1435	7.78945	883.882	3864.55
-18.1435	7.78945	882.903	3820.41
-18.1435	7.78945	881.925	3824.82
-18.1435	7.78945	880.946	3926.31
-18.1435	7.78945	879.967	3874.52
-18.1435	7.78945	878.988	3718.05
-18.1435	7.78945	878.0089999999999	3919.07
-18.1435	7.78945	877.03	3887.73
-18.1435	7.78945	876.05	3672.64
-18.1435	7.78945	875.071	3705.15
-18.1435	7.78945	874.091	3885.62
-18.1435	7.78945	873.1110000000001	3762.48
-18.1435	7.78945	872.13	3881.66
-18.1435	7.78945	871.15	3727.97
-18.1435	7.78945	870.169	3831.82
-18.1435	7.78945	869.189	3775.05
-18.1435	7.78945	868.2080000000001	3756.52
-18.1435	7.78945	867.2260000000001	3740.55
-18.1435	7.78945	866.245	3722.04
-18.1435	7.78945	865.2639999999999	3736.65
-18.1435	7.78945	864.2819999999999	3687.59
-18.1435	7.78945	863.3	3801.5
-18.1435	7.78945	862.318	3754.98
-18.1435	7.78945	861.336	3708.49
-18.1435	7.78945	860.3530000000001	3712.91
-18.1435	7.78945	859.3710000000001	3783.48
-18.1435	7.78945	858.388	3904.9
-18.1435	7.78945	857.405	3746.49
-18.1435	7.78945	856.422	3684.78
-18.1435	7.78945	855.439	3821.41
-18.1435	7.78945	854.455	3795.3
-18.1435	7.78945	853.472	3725.99
-18.1435	7.78945	852.488	3834.58
-18.1435	7.78945	851.5039999999999	3846.59
-18.1435	7.78945	850.52	3739.2
-18.1435	7.78945	849.535	3774.08
-18.1435	7.78945	848.551	3897.82
-18.1435	7.78945	847.566	3983.43
-18.1435	7.78945	846.581	3825.33
-18.1435	7.78945	845.596	3824.64
-18.1435	7.78945	844.6110000000001	3907.68
-18.1435	7.78945	843.6260000000001	3866.38
-18.1435	7.78945	842.64	3888.5
-18.1435	7.78945	841.654	3715.34
-18.1435	7.78945	840.668	3785.67
-18.1435	7.78945	839.682	3990.33
-18.1435	7.78945	838.696	3870.47
-18.1435	7.78945	837.709	3778.54
-18.1435	7.78945	836.7230000000001	3891.87
-18.1435	7.78945	835.7360000000001	3881.03
-18.1435	7.78945	834.7489999999999	3730.89
-18.1435	7.78945	833.762	3689.69
-18.1435	7.78945	832.7739999999999	3800.43
-18.1435	7.78945	831.7869999999999	3741.51
-18.1435	7.78945	830.799	3778.8
-18.1435	7.78945	829.811	3684.48
-18.1435	7.78945	828.823	3754.65
-18.1435	7.78945	827.835	3789.38
-18.1435	7.78945	826.846	3712.82
-18.1435	7.78945	825.857	3851.23
-18.1435	7.78945	824.8689999999999	3754.45
-18.1435	7.78945	823.88	3718.38
-18.1435	7.78945	822.89	3783.41
-18.1435	7.78945	821.9010000000001	3946.97
-18.1435	7.78945	820.9119999999999	3799.72
-18.1435	7.78945	819.922	3758.62
-18.1435	7.78945	818.932	3808.44
-18.1435	7.78945	817.942	3913.8
-18.1435	7.78945	816.952	3781.81
-18.1435	7.78945	815.961	3723.07
-18.1435	7.78945	814.971	3830.91
-18.1435	7.78945	813.98	3709.1
-18.1435	7.78945	812.9889999999999	3678.15
-18.1435	7.78945	811.998	3793.51
-18.1435	7.78945	811.0060000000001	3621.33
-18.1435	7.78945	810.015	3751.79
-18.1435	7.78945	809.023	3650.27
-18.1435	7.78945	808.0310000000001	3692.45
-18.1435	7.78945	807.039	3749.74
-18.1435	7.78945	806.047	3650.79
-18.1435	7.78945	805.054	3511.58
-18.1435	7.78945	804.062	3578.94
-18.1435	7.78945	803.069	3515.34
-18.1435	7.78945	802.076	3547.43
-18.1435	7.78945	801.0830000000001	3604.68
-18.1435	7.78945	800.0889999999999	3593.95
-18.1435	7.78945	799.096	3588.27
-18.1435	7.78945	798.102	3534.78
-18.1435	7.78945	797.1080000000001	3591.99
-18.1435	7.78945	796.1139999999999	3601.4
-18.1435	7.78945	795.12	3771.73
-18.1435	7.78945	794.1260000000001	3650.37
-18.1435	7.78945	793.1310000000001	3657.24
-18.1435	7.78945	792.1360000000001	3626.42
-18.1435	7.78945	791.1410000000001	3542.84
-18.1435	7.78945	790.1460000000001	3665.29
-18.1435	7.78945	789.1510000000001	3807.79
-18.1435	7.78945	788.155	3827.19
-18.1435	7.78945	787.16	3587.96
-18.1435	7.78945	786.164	3655.09
-18.1435	7.78945	785.168	3646.89
-18.1435	7.78945	784.171	3601.06
-18.1435	7.78945	783.175	3565.27
-18.1435	7.78945	782.178	3552.08
-18.1435	7.78945	781.182	3601.6
-18.1435	7.78945	780.185	3806.56
-18.1435	7.78945	779.188	3735.67
-18.1435	7.78945	778.19	3609.65
-18.1435	7.78945	777.193	3614.01
-18.1435	7.78945	776.195	3663.46
-18.1435	7.78945	775.197	3545.04
-18.1435	7.78945	774.199	3511.83
-18.1435	7.78945	773.201	3656.45
-18.1435	7.78945	772.202	3653.28
-18.1435	7.78945	771.204	3577.51
-18.1435	7.78945	770.205	3814.64
-18.1435	7.78945	769.206	3791.42
-18.1435	7.78945	768.207	3860.79
-18.1435	7.78945	767.2080000000001	3652.45
-18.1435	7.78945	766.2080000000001	3764.33
-18.1435	7.78945	765.2080000000001	3673.62
-18.1435	7.78945	764.209	3562.94
-18.1435	7.78945	763.2080000000001	3567.28
-18.1435	7.78945	762.2080000000001	3789.08
-18.1435	7.78945	761.2080000000001	3720.92
-18.1435	7.78945	760.207	3715.24
-18.1435	7.78945	759.206	3831.97
-18.1435	7.78945	758.205	3678.92
-18.1435	7.78945	757.204	3770.64
-18.1435	7.78945	756.203	3859.83
-18.1435	7.78945	755.201	3846.64
-18.1435	7.78945	754.2	3943.27
-18.1435	7.78945	753.198	3780.36
-18.1435	7.78945	752.196	3944.33
-18.1435	7.78945	751.193	3958.57
-18.1435	7.78945	750.191	3940.39
-18.1435	7.78945	749.188	3929.7
-18.1435	7.78945	748.186	3966.37
-18.1435	7.78945	747.183	4032.95
-18.1435	7.78945	746.179	4037.19
-18.1435	7.78945	745.176	4118.68
-18.1435	7.78945	744.173	4267.4
-18.1435	7.78945	743.169	4343.83
-18.1435	7.78945	742.165	4303.19
-18.1435	7.78945	741.1610000000001	4165.46
-18.1435	7.78945	740.1569999999999	4266.77
-18.1435	7.78945	739.1519999999999	4340.65
-18.1435	7.78945	738.1469999999999	4063.64
-18.1435	7.78945	737.143	4132.56
-18.1435	7.78945	736.138	4146.73
-18.1435	7.78945	735.132	4175.82
-18.1435	7.78945	734.127	3978.61
-18.1435	7.78945	733.122	4040.03
-18.1435	7.78945	732.1160000000001	4171.04
-18.1435	7.78945	731.11	4147.91
-18.1435	7.78945	730.1039999999999	4032.85
-18.1435	7.78945	729.097	4280.54
-18.1435	7.78945	728.091	4247.47
-18.1435	7.78945	727.084	4226.82
-18.1435	7.78945	726.077	4208.67
-18.1435	7.78945	725.07	4265.0
-18.1435	7.78945	724.063	4375.91
-18.1435	7.78945	723.056	4186.5
-18.1435	7.78945	722.048	4255.21
-18.1435	7.78945	721.04	4321.41
-18.1435	7.78945	720.0319999999999	4412.39
-18.1435	7.78945	719.0239999999999	4198.32
-18.1435	7.78945	718.0160000000001	4371.1
-18.1435	7.78945	717.007	4266.19
-18.1435	7.78945	715.9989999999999	4198.49
-18.1435	7.78945	714.99	3932.57
-18.1435	7.78945	713.9810000000001	4097.85
-18.1435	7.78945	712.972	4099.57
-18.1435	7.78945	711.962	3947.75
-18.1435	7.78945	710.953	3855.4
-18.1435	7.78945	709.943	3862.13
-18.1435	7.78945	708.933	3903.5
-18.1435	7.78945	707.923	3694.9
-18.1435	7.78945	706.9119999999999	3768.45
-18.1435	7.78945	705.9019999999999	3728.18
-18.1435	7.78945	704.8910000000001	3747.28
-18.1435	7.78945	703.88	3682.29
-18.1435	7.78945	702.8689999999999	3738.49
-18.1435	7.78945	701.8580000000001	3572.17
-18.1435	7.78945	700.846	3504.78
-18.1435	7.78945	699.834	3682.06
-18.1435	7.78945	698.823	3644.33
-18.1435	7.78945	697.811	3604.14
-18.1435	7.78945	696.798	3561.49
-18.1435	7.78945	695.7860000000001	3711.46
-18.1435	7.78945	694.773	3594.74
-18.1435	7.78945	693.7610000000001	3561.99
-18.1435	7.78945	692.748	3598.36
-18.1435	7.78945	691.7339999999999	3619.91
-18.1435	7.78945	690.721	3557.57
-18.1435	7.78945	689.7080000000001	3561.85
-18.1435	7.78945	688.694	3566.12
-18.1435	7.78945	687.68	3784.92
-18.1435	7.78945	686.666	3717.66
-18.1435	7.78945	685.6519999999999	3714.52
-18.1435	7.78945	684.637	3691.65
-18.1435	7.78945	683.623	3757.5
-18.1435	7.78945	682.6080000000001	3673.05
-18.1435	7.78945	681.5930000000001	3679.77
-18.1435	7.78945	680.578	3851.47
-18.1435	7.78945	679.562	3845.84
-18.1435	7.78945	678.547	3756.51
-18.1435	7.78945	677.5310000000001	3758.28
-18.1435	7.78945	676.515	3929.85
-18.1435	7.78945	675.4989999999999	3877.46
-18.1435	7.78945	674.482	3891.5
-18.1435	7.78945	673.466	3829.3
-18.1435	7.78945	672.449	3880.24
-18.1435	7.78945	671.432	3815.6
-18.1435	7.78945	670.415	3633.01
-18.1435	7.78945	669.398	3843.69
-18.1435	7.78945	668.3810000000001	3840.53
-18.1435	7.78945	667.363	3680.14
-18.1435	7.78945	666.345	3706.48
-18.1435	7.78945	665.327	3848.23
-18.1435	7.78945	664.309	3766.5
-18.1435	7.78945	663.291	3770.72
-18.1435	7.78945	662.2719999999999	3816.66
-18.1435	7.78945	661.253	3820.86
-18.1435	7.78945	660.2339999999999	3847.15
-18.1435	7.78945	659.215	3826.81
-18.1435	7.78945	658.196	3983.08
-18.1435	7.78945	657.176	3800.88
-18.1435	7.78945	656.1569999999999	3834.51
-18.1435	7.78945	655.137	3924.5
-18.1435	7.78945	654.117	3972.8
-18.1435	7.78945	653.097	3829.94
-18.1435	7.78945	652.076	3983.58
-18.1435	7.78945	651.056	3921.61
-18.1435	7.78945	650.035	3881.71
-18.1435	7.78945	649.014	3920.17
-18.1435	7.78945	647.993	3843.55
-18.1435	7.78945	646.971	4016.63
-18.1435	7.78945	645.95	4013.44
-18.1435	7.78945	644.928	4010.26
-18.1435	7.78945	643.906	3967.93
-18.1435	7.78945	642.884	3999.0
-18.1435	7.78945	641.861	4076.51
-18.1435	7.78945	640.839	3777.48
-18.1435	7.78945	639.816	3923.45
-18.1435	7.78945	638.793	3849.41
-18.1435	7.78945	637.77	3777.83
-18.1435	7.78945	636.747	3637.87
-18.1435	7.78945	635.724	3676.29
-18.1435	7.78945	634.7	3802.61
-18.1435	7.78945	633.6759999999999	3601.68
-18.1435	7.78945	632.6519999999999	3681.58
-18.1435	7.78945	631.628	3668.7
-18.1435	7.78945	630.6030000000001	3660.7
-18.1435	7.78945	629.5790000000001	3569.74
-18.1435	7.78945	628.554	3625.19
-18.1435	7.78945	627.529	3665.99
-18.1435	7.78945	626.504	3575.08
-18.1435	7.78945	625.479	3635.38
-18.1435	7.78945	624.453	3746.85
-18.1435	7.78945	623.427	3697.41
-18.1435	7.78945	622.401	3684.54
-18.1435	7.78945	621.375	3669.24
-18.1435	7.78945	620.349	3719.72
-18.1435	7.78945	619.323	3636.23
-18.1435	7.78945	618.2959999999999	3581.98
-18.1435	7.78945	617.269	3771.22
-18.1435	7.78945	616.242	3605.0
-18.1435	7.78945	615.215	3519.16
-18.1435	7.78945	614.187	3579.34
-18.1435	7.78945	613.16	3588.41
-18.1435	7.78945	612.132	3646.12
-18.1435	7.78945	611.104	3514.13
-18.1435	7.78945	610.076	3659.37
-18.1435	7.78945	609.047	3600.35
-18.1435	7.78945	608.019	3473.29
-18.1435	7.78945	606.99	3499.38
-18.1435	7.78945	605.961	3651.8
-18.1435	7.78945	604.932	3580.68
-18.1435	7.78945	603.903	3592.16
-18.1435	7.78945	602.873	3489.51
-18.1435	7.78945	601.844	3520.43
-18.1435	7.78945	600.814	3522.21
