-19.2822	6.81314	1799.31	2735.17
-19.2822	6.81314	1798.5	2615.55
-19.2822	6.81314	1797.68	2777.02
-19.2822	6.81314	1796.86	2791.83
-19.2822	6.81314	1796.04	2721.11
-19.2822	6.81314	1795.22	2738.97
-19.2822	6.81314	1794.4	2769.04
-19.2822	6.81314	1793.58	2689.21
-19.2822	6.81314	1792.76	2713.17
-19.2822	6.81314	1791.94	2715.76
-19.2822	6.81314	1791.13	2675.64
-19.2822	6.81314	1790.31	2727.05
-19.2822	6.81314	1789.49	2799.78
-19.2822	6.81314	1788.67	2753.57
-19.2822	6.81314	1787.85	2747.01
-19.2822	6.81314	1787.03	2688.63
-19.2822	6.81314	1786.21	2764.37
-19.2822	6.81314	1785.39	2718.19
-19.2822	6.81314	1784.56	2732.97
-19.2822	6.81314	1783.74	2753.83
-19.2822	6.81314	1782.92	2814.28
-19.2822	6.81314	1782.1	2749.85
-19.2822	6.81314	1781.28	2904.67
-19.2822	6.81314	1780.46	2776.32
-19.2822	6.81314	1779.64	2891.51
-19.2822	6.81314	1778.82	2814.94
-19.2822	6.81314	1778.0	2820.55
-19.2822	6.81314	1777.17	2841.37
-19.2822	6.81314	1776.35	2837.85
-19.2822	6.81314	1775.53	2837.37
-19.2822	6.81314	1774.71	2903.78
-19.2822	6.81314	1773.89	2799.93
-19.2822	6.81314	1773.06	2845.05
-19.2822	6.81314	1772.24	2874.96
-19.2822	6.81314	1771.42	2980.82
-19.2822	6.81314	1770.59	2867.91
-19.2822	6.81314	1769.77	2912.99
-19.2822	6.81314	1768.95	2976.27
-19.2822	6.81314	1768.12	2896.82
-19.2822	6.81314	1767.3	3026.87
-19.2822	6.81314	1766.48	2977.79
-19.2822	6.81314	1765.65	2946.94
-19.2822	6.81314	1764.83	2870.58
-19.2822	6.81314	1764.01	2955.05
-19.2822	6.81314	1763.18	3003.08
-19.2822	6.81314	1762.36	2866.09
-19.2822	6.81314	1761.53	2850.44
-19.2822	6.81314	1760.71	2986.4
-19.2822	6.81314	1759.88	2870.7
-19.2822	6.81314	1759.06	2930.83
-19.2822	6.81314	1758.23	2778.82
-19.2822	6.81314	1757.41	2860.15
-19.2822	6.81314	1756.58	2923.28
-19.2822	6.81314	1755.76	2983.36
-19.2822	6.81314	1754.93	2934.41
-19.2822	6.81314	1754.11	2915.74
-19.2822	6.81314	1753.28	2915.25
-19.2822	6.81314	1752.46	2872.38
-19.2822	6.81314	1751.63	2917.29
-19.2822	6.81314	1750.8	3001.51
-19.2822	6.81314	1749.98	2946.55
-19.2822	6.81314	1749.15	2979.32
-19.2822	6.81314	1748.32	3024.18
-19.2822	6.81314	1747.5	2920.86
-19.2822	6.81314	1746.67	3165.24
-19.2822	6.81314	1745.84	3001.48
-19.2822	6.81314	1745.02	2925.42
-19.2822	6.81314	1744.19	3127.37
-19.2822	6.81314	1743.36	3015.06
-19.2822	6.81314	1742.53	2954.14
-19.2822	6.81314	1741.71	3017.06
-19.2822	6.81314	1740.88	3110.16
-19.2822	6.81314	1740.05	3013.02
-19.2822	6.81314	1739.22	3018.55
-19.2822	6.81314	1738.39	3063.3
-19.2822	6.81314	1737.56	3005.45
-19.2822	6.81314	1736.74	3134.67
-19.2822	6.81314	1735.91	3091.91
-19.2822	6.81314	1735.08	3067.26
-19.2822	6.81314	1734.25	3172.28
-19.2822	6.81314	1733.42	3162.7
-19.2822	6.81314	1732.59	3119.96
-19.2822	6.81314	1731.76	3152.58
-19.2822	6.81314	1730.93	3097.8
-19.2822	6.81314	1730.1	3178.63
-19.2822	6.81314	1729.27	3214.24
-19.2822	6.81314	1728.44	3207.67
-19.2822	6.81314	1727.61	3228.2
-19.2822	6.81314	1726.78	3206.58
-19.2822	6.81314	1725.95	3242.16
-19.2822	6.81314	1725.12	3205.49
-19.2822	6.81314	1724.29	3229.02
-19.2822	6.81314	1723.46	3306.7
-19.2822	6.81314	1722.63	3203.86
-19.2822	6.81314	1721.8	3188.27
-19.2822	6.81314	1720.96	3404.26
-19.2822	6.81314	1720.13	3217.26
-19.2822	6.81314	1719.3	3412.12
-19.2822	6.81314	1718.47	3459.63
-19.2822	6.81314	1717.64	3398.94
-19.2822	6.81314	1716.81	3332.26
-19.2822	6.81314	1715.97	3472.89
-19.2822	6.81314	1715.14	3361.16
-19.2822	6.81314	1714.31	3453.69
-19.2822	6.81314	1713.48	3471.12
-19.2822	6.81314	1712.64	3440.51
-19.2822	6.81314	1711.81	3379.89
-19.2822	6.81314	1710.98	3445.34
-19.2822	6.81314	1710.14	3477.76
-19.2822	6.81314	1709.31	3381.17
-19.2822	6.81314	1708.48	3419.59
-19.2822	6.81314	1707.64	3499.98
-19.2822	6.81314	1706.81	3496.39
-19.2822	6.81314	1705.98	3375.87
-19.2822	6.81314	1705.14	3429.25
-19.2822	6.81314	1704.31	3497.6
-19.2822	6.81314	1703.47	3538.96
-19.2822	6.81314	1702.64	3484.43
-19.2822	6.81314	1701.81	3546.75
-19.2822	6.81314	1700.97	3731.84
-19.2822	6.81314	1700.14	3542.54
-19.2822	6.81314	1699.3	3547.93
-19.2822	6.81314	1698.47	3667.07
-19.2822	6.81314	1697.63	3738.28
-19.2822	6.81314	1696.79	3680.78
-19.2822	6.81314	1695.96	3614.33
-19.2822	6.81314	1695.12	3802.18
-19.2822	6.81314	1694.29	3625.07
-19.2822	6.81314	1693.45	3744.07
-19.2822	6.81314	1692.62	3904.89
-19.2822	6.81314	1691.78	3793.61
-19.2822	6.81314	1690.94	3801.94
-19.2822	6.81314	1690.11	3840.14
-19.2822	6.81314	1689.27	3842.47
-19.2822	6.81314	1688.43	3737.26
-19.2822	6.81314	1687.6	3856.1
-19.2822	6.81314	1686.76	3992.82
-19.2822	6.81314	1685.92	4048.87
-19.2822	6.81314	1685.08	4012.35
-19.2822	6.81314	1684.25	3940.03
-19.2822	6.81314	1683.41	3834.91
-19.2822	6.81314	1682.57	3974.5
-19.2822	6.81314	1681.73	4084.2
-19.2822	6.81314	1680.89	3892.61
-19.2822	6.81314	1680.06	3903.87
-19.2822	6.81314	1679.22	4079.14
-19.2822	6.81314	1678.38	4093.35
-19.2822	6.81314	1677.54	4009.19
-19.2822	6.81314	1676.7	3957.84
-19.2822	6.81314	1675.86	4097.21
-19.2822	6.81314	1675.02	4224.63
-19.2822	6.81314	1674.18	4211.99
-19.2822	6.81314	1673.35	4112.99
-19.2822	6.81314	1672.51	4073.58
-19.2822	6.81314	1671.67	4177.09
-19.2822	6.81314	1670.83	4090.05
-19.2822	6.81314	1669.99	4074.47
-19.2822	6.81314	1669.15	4029.14
-19.2822	6.81314	1668.31	4061.18
-19.2822	6.81314	1667.47	4224.1
-19.2822	6.81314	1666.62	4202.56
-19.2822	6.81314	1665.78	4270.24
-19.2822	6.81314	1664.94	4162.47
-19.2822	6.81314	1664.1	4236.08
-19.2822	6.81314	1663.26	4378.02
-19.2822	6.81314	1662.42	4249.49
-19.2822	6.81314	1661.58	4311.16
-19.2822	6.81314	1660.74	4239.13
-19.2822	6.81314	1659.9	4493.84
-19.2822	6.81314	1659.05	4344.59
-19.2822	6.81314	1658.21	4415.11
-19.2822	6.81314	1657.37	4473.73
-19.2822	6.81314	1656.53	4413.6
-19.2822	6.81314	1655.68	4501.88
-19.2822	6.81314	1654.84	4468.47
-19.2822	6.81314	1654.0	4776.24
-19.2822	6.81314	1653.16	4704.23
-19.2822	6.81314	1652.31	4685.64
-19.2822	6.81314	1651.47	4658.15
-19.2822	6.81314	1650.63	4761.12
-19.2822	6.81314	1649.78	4677.31
-19.2822	6.81314	1648.94	4972.87
-19.2822	6.81314	1648.1	4966.09
-19.2822	6.81314	1647.25	5145.96
-19.2822	6.81314	1646.41	4988.09
-19.2822	6.81314	1645.56	5025.74
-19.2822	6.81314	1644.72	5158.13
-19.2822	6.81314	1643.88	5038.83
-19.2822	6.81314	1643.03	5040.93
-19.2822	6.81314	1642.19	5125.89
-19.2822	6.81314	1641.34	5127.97
-19.2822	6.81314	1640.5	5340.11
-19.2822	6.81314	1639.65	5534.43
-19.2822	6.81314	1638.81	5548.27
-19.2822	6.81314	1637.96	5630.11
-19.2822	6.81314	1637.11	5599.59
-19.2822	6.81314	1636.27	5820.33
-19.2822	6.81314	1635.42	5742.49
-19.2822	6.81314	1634.58	6072.47
-19.2822	6.81314	1633.73	6225.06
-19.2822	6.81314	1632.88	6159.01
-19.2822	6.81314	1632.04	6465.12
-19.2822	6.81314	1631.19	6280.93
-19.2822	6.81314	1630.34	6327.09
-19.2822	6.81314	1629.5	6603.49
-19.2822	6.81314	1628.65	6593.51
-19.2822	6.81314	1627.8	6677.96
-19.2822	6.81314	1626.96	6608.96
-19.2822	6.81314	1626.11	6885.12
-19.2822	6.81314	1625.26	6869.19
-19.2822	6.81314	1624.41	7012.51
-19.2822	6.81314	1623.57	7067.33
-19.2822	6.81314	1622.72	7154.56
-19.2822	6.81314	1621.87	7459.87
-19.2822	6.81314	1621.02	7264.1
-19.2822	6.81314	1620.17	7174.46
-19.2822	6.81314	1619.32	7190.91
-19.2822	6.81314	1618.47	7501.89
-19.2822	6.81314	1617.63	7338.63
-19.2822	6.81314	1616.78	7543.48
-19.2822	6.81314	1615.93	7515.7
-19.2822	6.81314	1615.08	7741.05
-19.2822	6.81314	1614.23	7672.04
-19.2822	6.81314	1613.38	7641.3
-19.2822	6.81314	1612.53	7531.15
-19.2822	6.81314	1611.68	7691.63
-19.2822	6.81314	1610.83	7628.55
-19.2822	6.81314	1609.98	7750.74
-19.2822	6.81314	1609.13	7831.73
-19.2822	6.81314	1608.28	7786.3
-19.2822	6.81314	1607.43	7779.09
-19.2822	6.81314	1606.58	7889.41
-19.2822	6.81314	1605.73	7764.67
-19.2822	6.81314	1604.87	7869.08
-19.2822	6.81314	1604.02	7908.85
-19.2822	6.81314	1603.17	7910.43
-19.2822	6.81314	1602.32	7947.24
-19.2822	6.81314	1601.47	8031.0
-19.2822	6.81314	1600.62	8144.08
-19.2822	6.81314	1599.76	8233.65
-19.2822	6.81314	1598.91	8176.5
-19.2822	6.81314	1598.06	8107.63
-19.2822	6.81314	1597.21	8170.76
-19.2822	6.81314	1596.36	8538.83
-19.2822	6.81314	1595.5	8355.59
-19.2822	6.81314	1594.65	8392.27
-19.2822	6.81314	1593.8	8569.61
-19.2822	6.81314	1592.94	8421.62
-19.2822	6.81314	1592.09	8906.52
-19.2822	6.81314	1591.24	8500.75
-19.2822	6.81314	1590.38	8522.72
-19.2822	6.81314	1589.53	8673.53
-19.2822	6.81314	1588.68	8985.32
-19.2822	6.81314	1587.82	8553.47
-19.2822	6.81314	1586.97	8578.34
-19.2822	6.81314	1586.11	8623.69
-19.2822	6.81314	1585.26	9023.04
-19.2822	6.81314	1584.4	8764.07
-19.2822	6.81314	1583.55	8508.11
-19.2822	6.81314	1582.69	8570.98
-19.2822	6.81314	1581.84	8440.86
-19.2822	6.81314	1580.98	8480.34
-19.2822	6.81314	1580.13	8341.52
-19.2822	6.81314	1579.27	8155.98
-19.2822	6.81314	1578.42	7909.16
-19.2822	6.81314	1577.56	8007.12
-19.2822	6.81314	1576.71	7801.29
-19.2822	6.81314	1575.85	7887.56
-19.2822	6.81314	1574.99	7722.7
-19.2822	6.81314	1574.14	7616.28
-19.2822	6.81314	1573.28	7632.49
-19.2822	6.81314	1572.42	7470.67
-19.2822	6.81314	1571.57	7405.2
-19.2822	6.81314	1570.71	7500.19
-19.2822	6.81314	1569.85	7460.99
-19.2822	6.81314	1569.0	7407.21
-19.2822	6.81314	1568.14	7373.87
-19.2822	6.81314	1567.28	7267.65
-19.2822	6.81314	1566.42	7362.59
-19.2822	6.81314	1565.56	7358.41
-19.2822	6.81314	1564.71	7039.55
-19.2822	6.81314	1563.85	7160.7
-19.2822	6.81314	1562.99	7208.98
-19.2822	6.81314	1562.13	7434.89
-19.2822	6.81314	1561.27	7066.74
-19.2822	6.81314	1560.41	6922.88
-19.2822	6.81314	1559.56	7084.68
-19.2822	6.81314	1558.7	6879.75
-19.2822	6.81314	1557.84	6898.94
-19.2822	6.81314	1556.98	6979.21
-19.2822	6.81314	1556.12	6946.01
-19.2822	6.81314	1555.26	6845.94
-19.2822	6.81314	1554.4	7054.12
-19.2822	6.81314	1553.54	6826.14
-19.2822	6.81314	1552.68	6923.79
-19.2822	6.81314	1551.82	7105.69
-19.2822	6.81314	1550.96	7119.0
-19.2822	6.81314	1550.1	6856.31
-19.2822	6.81314	1549.24	7003.27
-19.2822	6.81314	1548.38	6912.03
-19.2822	6.81314	1547.52	7012.47
-19.2822	6.81314	1546.65	7115.78
-19.2822	6.81314	1545.79	7091.33
-19.2822	6.81314	1544.93	6794.09
-19.2822	6.81314	1544.07	7007.64
-19.2822	6.81314	1543.21	6794.65
-19.2822	6.81314	1542.35	6883.4
-19.2822	6.81314	1541.48	6740.1
-19.2822	6.81314	1540.62	6904.23
-19.2822	6.81314	1539.76	6749.38
-19.2822	6.81314	1538.9	6719.23
-19.2822	6.81314	1538.04	6686.19
-19.2822	6.81314	1537.17	6603.9
-19.2822	6.81314	1536.31	6707.07
-19.2822	6.81314	1535.45	6552.39
-19.2822	6.81314	1534.58	6528.09
-19.2822	6.81314	1533.72	6576.19
-19.2822	6.81314	1532.86	6766.14
-19.2822	6.81314	1531.99	6808.4
-19.2822	6.81314	1531.13	6624.89
-19.2822	6.81314	1530.27	6748.18
-19.2822	6.81314	1529.4	6642.86
-19.2822	6.81314	1528.54	6633.03
-19.2822	6.81314	1527.67	6562.48
-19.2822	6.81314	1526.81	6425.43
-19.2822	6.81314	1525.94	6753.93
-19.2822	6.81314	1525.08	6830.81
-19.2822	6.81314	1524.21	6667.78
-19.2822	6.81314	1523.35	6585.72
-19.2822	6.81314	1522.48	6604.81
-19.2822	6.81314	1521.62	6730.77
-19.2822	6.81314	1520.75	6504.33
-19.2822	6.81314	1519.89	6491.66
-19.2822	6.81314	1519.02	6308.64
-19.2822	6.81314	1518.15	6570.25
-19.2822	6.81314	1517.29	6442.12
-19.2822	6.81314	1516.42	6530.46
-19.2822	6.81314	1515.56	6229.27
-19.2822	6.81314	1514.69	6383.97
-19.2822	6.81314	1513.82	6330.95
-19.2822	6.81314	1512.96	6370.23
-19.2822	6.81314	1512.09	6178.84
-19.2822	6.81314	1511.22	6313.26
-19.2822	6.81314	1510.35	6421.7
-19.2822	6.81314	1509.49	6458.05
-19.2822	6.81314	1508.62	6289.83
-19.2822	6.81314	1507.75	6415.49
-19.2822	6.81314	1506.88	6526.72
-19.2822	6.81314	1506.01	6499.67
-19.2822	6.81314	1505.15	6331.55
-19.2822	6.81314	1504.28	6523.34
-19.2822	6.81314	1503.41	6271.8
-19.2822	6.81314	1502.54	6293.74
-19.2822	6.81314	1501.67	6275.39
-19.2822	6.81314	1500.8	6265.67
-19.2822	6.81314	1499.93	6368.14
-19.2822	6.81314	1499.06	6344.03
-19.2822	6.81314	1498.19	6253.8
-19.2822	6.81314	1497.32	6241.22
-19.2822	6.81314	1496.46	6392.48
-19.2822	6.81314	1495.59	6377.01
-19.2822	6.81314	1494.72	6111.56
-19.2822	6.81314	1493.84	6294.36
-19.2822	6.81314	1492.97	6255.94
-19.2822	6.81314	1492.1	6269.21
-19.2822	6.81314	1491.23	6365.76
-19.2822	6.81314	1490.36	6172.31
-19.2822	6.81314	1489.49	6171.24
-19.2822	6.81314	1488.62	6365.32
-19.2822	6.81314	1487.75	6206.41
-19.2822	6.81314	1486.88	6127.88
-19.2822	6.81314	1486.01	6187.05
-19.2822	6.81314	1485.13	6283.49
-19.2822	6.81314	1484.26	6210.72
-19.2822	6.81314	1483.39	6189.58
-19.2822	6.81314	1482.52	6145.51
-19.2822	6.81314	1481.65	6224.69
-19.2822	6.81314	1480.77	6346.83
-19.2822	6.81314	1479.9	6228.27
-19.2822	6.81314	1479.03	6290.21
-19.2822	6.81314	1478.16	6354.99
-19.2822	6.81314	1477.28	6436.93
-19.2822	6.81314	1476.41	6518.84
-19.2822	6.81314	1475.54	6363.14
-19.2822	6.81314	1474.66	6413.55
-19.2822	6.81314	1473.79	6612.74
-19.2822	6.81314	1472.91	6600.15
-19.2822	6.81314	1472.04	6627.62
-19.2822	6.81314	1471.17	6411.97
-19.2822	6.81314	1470.29	6448.04
-19.2822	6.81314	1469.42	6747.11
-19.2822	6.81314	1468.54	6542.99
-19.2822	6.81314	1467.67	6447.55
-19.2822	6.81314	1466.79	6477.86
-19.2822	6.81314	1465.92	6576.73
-19.2822	6.81314	1465.04	6452.77
-19.2822	6.81314	1464.17	6357.4
-19.2822	6.81314	1463.29	6273.49
-19.2822	6.81314	1462.42	6455.12
-19.2822	6.81314	1461.54	6422.61
-19.2822	6.81314	1460.66	6347.29
-19.2822	6.81314	1459.79	6431.79
-19.2822	6.81314	1458.91	6273.76
-19.2822	6.81314	1458.04	6321.17
-19.2822	6.81314	1457.16	6496.9
-19.2822	6.81314	1456.28	6204.92
-19.2822	6.81314	1455.41	6186.74
-19.2822	6.81314	1454.53	6436.51
-19.2822	6.81314	1453.65	6389.79
-19.2822	6.81314	1452.77	6354.49
-19.2822	6.81314	1451.9	6436.01
-19.2822	6.81314	1451.02	6403.56
-19.2822	6.81314	1450.14	6274.29
-19.2822	6.81314	1449.26	6395.65
-19.2822	6.81314	1448.39	6386.0
-19.2822	6.81314	1447.51	6481.67
-19.2822	6.81314	1446.63	6565.93
-19.2822	6.81314	1445.75	6379.83
-19.2822	6.81314	1444.87	6449.85
-19.2822	6.81314	1443.99	6576.74
-19.2822	6.81314	1443.11	6436.24
-19.2822	6.81314	1442.23	6457.87
-19.2822	6.81314	1441.35	6752.43
-19.2822	6.81314	1440.48	6771.16
-19.2822	6.81314	1439.6	6752.93
-19.2822	6.81314	1438.72	6834.17
-19.2822	6.81314	1437.84	6696.61
-19.2822	6.81314	1436.96	6780.66
-19.2822	6.81314	1436.08	6961.26
-19.2822	6.81314	1435.2	6920.29
-19.2822	6.81314	1434.31	6751.58
-19.2822	6.81314	1433.43	6838.41
-19.2822	6.81314	1432.55	6848.57
-19.2822	6.81314	1431.67	6813.33
-19.2822	6.81314	1430.79	7007.91
-19.2822	6.81314	1429.91	6850.68
-19.2822	6.81314	1429.03	6792.76
-19.2822	6.81314	1428.15	6831.28
-19.2822	6.81314	1427.27	6796.07
-19.2822	6.81314	1426.38	6565.28
-19.2822	6.81314	1425.5	6756.87
-19.2822	6.81314	1424.62	6662.18
-19.2822	6.81314	1423.74	6726.19
-19.2822	6.81314	1422.85	6742.02
-19.2822	6.81314	1421.97	6655.88
-19.2822	6.81314	1421.09	6980.38
-19.2822	6.81314	1420.21	6769.65
-19.2822	6.81314	1419.32	6805.27
-19.2822	6.81314	1418.44	6696.53
-19.2822	6.81314	1417.56	6808.56
-19.2822	6.81314	1416.67	6646.11
-19.2822	6.81314	1415.79	6845.8
-19.2822	6.81314	1414.9	6807.84
-19.2822	6.81314	1414.02	6950.88
-19.2822	6.81314	1413.14	6839.4
-19.2822	6.81314	1412.25	7005.0
-19.2822	6.81314	1411.37	6967.04
-19.2822	6.81314	1410.48	6957.35
-19.2822	6.81314	1409.6	7108.71
-19.2822	6.81314	1408.71	6909.73
-19.2822	6.81314	1407.83	6812.5
-19.2822	6.81314	1406.94	6989.22
-19.2822	6.81314	1406.06	6973.89
-19.2822	6.81314	1405.17	6814.59
-19.2822	6.81314	1404.29	6895.25
-19.2822	6.81314	1403.4	6981.53
-19.2822	6.81314	1402.51	7022.64
-19.2822	6.81314	1401.63	7156.83
-19.2822	6.81314	1400.74	6921.48
-19.2822	6.81314	1399.85	6959.75
-19.2822	6.81314	1398.97	7062.86
-19.2822	6.81314	1398.08	6977.06
-19.2822	6.81314	1397.19	6922.3
-19.2822	6.81314	1396.31	6912.64
-19.2822	6.81314	1395.42	7086.12
-19.2822	6.81314	1394.53	7344.06
-19.2822	6.81314	1393.64	7145.62
-19.2822	6.81314	1392.76	7045.81
-19.2822	6.81314	1391.87	7337.41
-19.2822	6.81314	1390.98	7226.34
-19.2822	6.81314	1390.09	7444.62
-19.2822	6.81314	1389.2	7212.56
-19.2822	6.81314	1388.32	7149.41
-19.2822	6.81314	1387.43	7564.51
-19.2822	6.81314	1386.54	7383.18
-19.2822	6.81314	1385.65	7381.89
-19.2822	6.81314	1384.76	7270.95
-19.2822	6.81314	1383.87	7553.61
-19.2822	6.81314	1382.98	7563.54
-19.2822	6.81314	1382.09	7640.91
-19.2822	6.81314	1381.2	7459.75
-19.2822	6.81314	1380.31	7663.52
-19.2822	6.81314	1379.42	7850.37
-19.2822	6.81314	1378.53	7601.88
-19.2822	6.81314	1377.64	7608.98
-19.2822	6.81314	1376.75	7773.28
-19.2822	6.81314	1375.86	7712.98
-19.2822	6.81314	1374.97	7492.75
-19.2822	6.81314	1374.08	7536.33
-19.2822	6.81314	1373.19	7658.45
-19.2822	6.81314	1372.3	7578.58
-19.2822	6.81314	1371.4	7523.98
-19.2822	6.81314	1370.51	7320.79
-19.2822	6.81314	1369.62	7611.06
-19.2822	6.81314	1368.73	7721.84
-19.2822	6.81314	1367.84	7499.11
-19.2822	6.81314	1366.94	7438.96
-19.2822	6.81314	1366.05	7605.75
-19.2822	6.81314	1365.16	7652.03
-19.2822	6.81314	1364.27	7751.51
-19.2822	6.81314	1363.37	7752.96
-19.2822	6.81314	1362.48	7788.0
-19.2822	6.81314	1361.59	7876.21
-19.2822	6.81314	1360.69	8009.16
-19.2822	6.81314	1359.8	7960.19
-19.2822	6.81314	1358.91	8160.22
-19.2822	6.81314	1358.01	8119.64
-19.2822	6.81314	1357.12	8305.58
-19.2822	6.81314	1356.22	8111.21
-19.2822	6.81314	1355.33	8199.25
-19.2822	6.81314	1354.44	8452.16
-19.2822	6.81314	1353.54	8523.35
-19.2822	6.81314	1352.65	8628.03
-19.2822	6.81314	1351.75	8545.51
-19.2822	6.81314	1350.86	8608.26
-19.2822	6.81314	1349.96	8606.75
-19.2822	6.81314	1349.07	8675.05
-19.2822	6.81314	1348.17	8598.16
-19.2822	6.81314	1347.28	8741.8
-19.2822	6.81314	1346.38	8703.99
-19.2822	6.81314	1345.48	8783.39
-19.2822	6.81314	1344.59	8608.89
-19.2822	6.81314	1343.69	8624.12
-19.2822	6.81314	1342.79	8608.67
-19.2822	6.81314	1341.9	8651.78
-19.2822	6.81314	1341.0	8692.08
-19.2822	6.81314	1340.1	8540.05
-19.2822	6.81314	1339.21	8786.58
-19.2822	6.81314	1338.31	8857.48
-19.2822	6.81314	1337.41	8577.36
-19.2822	6.81314	1336.51	8898.95
-19.2822	6.81314	1335.62	8928.02
-19.2822	6.81314	1334.72	9190.97
-19.2822	6.81314	1333.82	9066.87
-19.2822	6.81314	1332.92	9037.45
-19.2822	6.81314	1332.02	9063.7
-19.2822	6.81314	1331.13	9215.14
-19.2822	6.81314	1330.23	9091.13
-19.2822	6.81314	1329.33	9284.24
-19.2822	6.81314	1328.43	9243.68
-19.2822	6.81314	1327.53	9308.79
-19.2822	6.81314	1326.63	9151.49
-19.2822	6.81314	1325.73	9269.4
-19.2822	6.81314	1324.83	9281.67
-19.2822	6.81314	1323.93	9282.82
-19.2822	6.81314	1323.03	9233.97
-19.2822	6.81314	1322.13	9149.03
-19.2822	6.81314	1321.23	9175.2
-19.2822	6.81314	1320.33	9342.96
-19.2822	6.81314	1319.43	9324.67
-19.2822	6.81314	1318.53	9303.61
-19.2822	6.81314	1317.63	9324.18
-19.2822	6.81314	1316.73	9186.59
-19.2822	6.81314	1315.83	9368.07
-19.2822	6.81314	1314.93	9213.88
-19.2822	6.81314	1314.02	9278.82
-19.2822	6.81314	1313.12	9479.6
-19.2822	6.81314	1312.22	9513.97
-19.2822	6.81314	1311.32	9243.46
-19.2822	6.81314	1310.42	9244.61
-19.2822	6.81314	1309.51	9556.07
-19.2822	6.81314	1308.61	9449.13
-19.2822	6.81314	1307.71	9170.5
-19.2822	6.81314	1306.81	9573.2
-19.2822	6.81314	1305.9	9599.21
-19.2822	6.81314	1305.0	9752.55
-19.2822	6.81314	1304.1	9684.41
-19.2822	6.81314	1303.19	9674.41
-19.2822	6.81314	1302.29	9899.59
-19.2822	6.81314	1301.39	9848.06
-19.2822	6.81314	1300.48	10125.7
-19.2822	6.81314	1299.58	10043.7
-19.2822	6.81314	1298.67	10340.6
-19.2822	6.81314	1297.77	10485.3
-19.2822	6.81314	1296.86	10334.2
-19.2822	6.81314	1295.96	10208.0
-19.2822	6.81314	1295.06	10123.3
-19.2822	6.81314	1294.15	9966.85
-19.2822	6.81314	1293.25	10056.2
-19.2822	6.81314	1292.34	9576.75
-19.2822	6.81314	1291.43	9539.17
-19.2822	6.81314	1290.53	9451.92
-19.2822	6.81314	1289.62	9458.54
-19.2822	6.81314	1288.72	9189.21
-19.2822	6.81314	1287.81	9160.01
-19.2822	6.81314	1286.9	9279.77
-19.2822	6.81314	1286.0	9112.66
-19.2822	6.81314	1285.09	8981.45
-19.2822	6.81314	1284.18	9035.02
-19.2822	6.81314	1283.28	9231.91
-19.2822	6.81314	1282.37	9045.63
-19.2822	6.81314	1281.46	8834.61
-19.2822	6.81314	1280.56	8664.99
-19.2822	6.81314	1279.65	8657.96
-19.2822	6.81314	1278.74	8628.9
-19.2822	6.81314	1277.83	8528.25
-19.2822	6.81314	1276.93	8356.05
-19.2822	6.81314	1276.02	8255.48
-19.2822	6.81314	1275.11	8391.64
-19.2822	6.81314	1274.2	8145.26
-19.2822	6.81314	1273.29	7912.72
-19.2822	6.81314	1272.38	8002.11
-19.2822	6.81314	1271.47	7838.43
-19.2822	6.81314	1270.56	7713.31
-19.2822	6.81314	1269.66	7503.0
-19.2822	6.81314	1268.75	7699.6
-19.2822	6.81314	1267.84	7753.22
-19.2822	6.81314	1266.93	7625.45
-19.2822	6.81314	1266.02	7591.14
-19.2822	6.81314	1265.11	7625.51
-19.2822	6.81314	1264.2	7613.19
-19.2822	6.81314	1263.29	7499.26
-19.2822	6.81314	1262.38	7558.34
-19.2822	6.81314	1261.46	7631.13
-19.2822	6.81314	1260.55	7492.56
-19.2822	6.81314	1259.64	7458.31
-19.2822	6.81314	1258.73	7509.13
-19.2822	6.81314	1257.82	7644.96
-19.2822	6.81314	1256.91	7577.79
-19.2822	6.81314	1256.0	7428.39
-19.2822	6.81314	1255.08	7177.59
-19.2822	6.81314	1254.17	7332.57
-19.2822	6.81314	1253.26	7347.73
-19.2822	6.81314	1252.35	7236.83
-19.2822	6.81314	1251.44	7071.17
-19.2822	6.81314	1250.52	6919.27
-19.2822	6.81314	1249.61	7008.43
-19.2822	6.81314	1248.7	6807.3
-19.2822	6.81314	1247.78	6661.0
-19.2822	6.81314	1246.87	6640.67
-19.2822	6.81314	1245.96	6675.08
-19.2822	6.81314	1245.04	6580.86
-19.2822	6.81314	1244.13	6530.46
-19.2822	6.81314	1243.22	6488.28
-19.2822	6.81314	1242.3	6528.16
-19.2822	6.81314	1241.39	6559.82
-19.2822	6.81314	1240.47	6348.15
-19.2822	6.81314	1239.56	6472.77
-19.2822	6.81314	1238.64	6474.37
-19.2822	6.81314	1237.73	6396.72
-19.2822	6.81314	1236.81	6581.36
-19.2822	6.81314	1235.9	6476.41
-19.2822	6.81314	1234.98	6734.71
-19.2822	6.81314	1234.07	6733.53
-19.2822	6.81314	1233.15	6705.04
-19.2822	6.81314	1232.24	6728.42
-19.2822	6.81314	1231.32	6811.84
-19.2822	6.81314	1230.4	6917.05
-19.2822	6.81314	1229.49	6779.43
-19.2822	6.81314	1228.57	6641.85
-19.2822	6.81314	1227.65	6670.68
-19.2822	6.81314	1226.74	6685.86
-19.2822	6.81314	1225.82	6387.52
-19.2822	6.81314	1224.9	6402.75
-19.2822	6.81314	1223.99	6518.81
-19.2822	6.81314	1223.07	6416.84
-19.2822	6.81314	1222.15	6290.39
-19.2822	6.81314	1221.23	6174.88
-19.2822	6.81314	1220.31	6334.47
-19.2822	6.81314	1219.4	6183.59
-19.2822	6.81314	1218.48	6144.39
-19.2822	6.81314	1217.56	6162.36
-19.2822	6.81314	1216.64	6166.71
-19.2822	6.81314	1215.72	6307.11
-19.2822	6.81314	1214.8	6227.1
-19.2822	6.81314	1213.88	5983.93
-19.2822	6.81314	1212.96	6020.94
-19.2822	6.81314	1212.05	6128.64
-19.2822	6.81314	1211.13	6143.87
-19.2822	6.81314	1210.21	5822.06
-19.2822	6.81314	1209.29	6033.0
-19.2822	6.81314	1208.37	6034.65
-19.2822	6.81314	1207.45	5927.64
-19.2822	6.81314	1206.53	6108.57
-19.2822	6.81314	1205.6	5968.99
-19.2822	6.81314	1204.68	6152.57
-19.2822	6.81314	1203.76	6154.2
-19.2822	6.81314	1202.84	5990.26
-19.2822	6.81314	1201.92	6095.03
-19.2822	6.81314	1201.0	6422.26
-19.2822	6.81314	1200.08	6244.79
-19.2822	6.81314	1199.16	6067.39
-19.2822	6.81314	1198.23	6294.11
-19.2822	6.81314	1197.31	6187.26
-19.2822	6.81314	1196.39	6161.77
-19.2822	6.81314	1195.47	6098.34
-19.2822	6.81314	1194.54	6202.95
-19.2822	6.81314	1193.62	6285.84
-19.2822	6.81314	1192.7	6282.02
-19.2822	6.81314	1191.78	6129.24
-19.2822	6.81314	1190.85	6114.61
-19.2822	6.81314	1189.93	6099.99
-19.2822	6.81314	1189.01	6155.76
-19.2822	6.81314	1188.08	5927.32
-19.2822	6.81314	1187.16	6218.53
-19.2822	6.81314	1186.23	6225.55
-19.2822	6.81314	1185.31	6210.92
-19.2822	6.81314	1184.39	5933.95
-19.2822	6.81314	1183.46	6092.44
-19.2822	6.81314	1182.54	6134.62
-19.2822	6.81314	1181.61	6001.08
-19.2822	6.81314	1180.69	5916.23
-19.2822	6.81314	1179.76	6142.18
-19.2822	6.81314	1178.84	6073.54
-19.2822	6.81314	1177.91	5975.22
-19.2822	6.81314	1176.99	5901.24
-19.2822	6.81314	1176.06	6078.42
-19.2822	6.81314	1175.13	6120.54
-19.2822	6.81314	1174.21	5973.69
-19.2822	6.81314	1173.28	5880.87
-19.2822	6.81314	1172.35	5844.75
-19.2822	6.81314	1171.43	5838.32
-19.2822	6.81314	1170.5	5918.21
-19.2822	6.81314	1169.57	5698.71
-19.2822	6.81314	1168.65	5872.97
-19.2822	6.81314	1167.72	5844.97
-19.2822	6.81314	1166.79	5668.72
-19.2822	6.81314	1165.86	5608.43
-19.2822	6.81314	1164.94	5666.71
-19.2822	6.81314	1164.01	5711.51
-19.2822	6.81314	1163.08	5664.7
-19.2822	6.81314	1162.15	5442.86
-19.2822	6.81314	1161.22	5466.13
-19.2822	6.81314	1160.3	5618.62
-19.2822	6.81314	1159.37	5577.25
-19.2822	6.81314	1158.44	5519.74
-19.2822	6.81314	1157.51	5521.45
-19.2822	6.81314	1156.58	5531.24
-19.2822	6.81314	1155.65	5570.6
-19.2822	6.81314	1154.72	5494.31
-19.2822	6.81314	1153.79	5474.52
-19.2822	6.81314	1152.86	5538.07
-19.2822	6.81314	1151.93	5615.03
-19.2822	6.81314	1151.0	5425.92
-19.2822	6.81314	1150.07	5502.88
-19.2822	6.81314	1149.14	5356.83
-19.2822	6.81314	1148.21	5382.74
-19.2822	6.81314	1147.28	5376.41
-19.2822	6.81314	1146.35	5251.95
-19.2822	6.81314	1145.42	5291.28
-19.2822	6.81314	1144.48	5271.56
-19.2822	6.81314	1143.55	5284.04
-19.2822	6.81314	1142.62	5057.72
-19.2822	6.81314	1141.69	5137.3
-19.2822	6.81314	1140.76	5342.92
-19.2822	6.81314	1139.82	5135.48
-19.2822	6.81314	1138.89	5324.93
-19.2822	6.81314	1137.96	5471.43
-19.2822	6.81314	1137.03	5379.33
-19.2822	6.81314	1136.09	5147.91
-19.2822	6.81314	1135.16	5452.44
-19.2822	6.81314	1134.23	5357.71
-19.2822	6.81314	1133.29	5305.87
-19.2822	6.81314	1132.36	5221.91
-19.2822	6.81314	1131.43	5328.08
-19.2822	6.81314	1130.49	5602.86
-19.2822	6.81314	1129.56	5422.54
-19.2822	6.81314	1128.62	5453.69
-19.2822	6.81314	1127.69	5302.89
-19.2822	6.81314	1126.76	5499.9
-19.2822	6.81314	1125.82	5365.19
-19.2822	6.81314	1124.89	5278.67
-19.2822	6.81314	1123.95	5264.36
-19.2822	6.81314	1123.02	5375.7
-19.2822	6.81314	1122.08	5214.38
-19.2822	6.81314	1121.14	5149.32
-19.2822	6.81314	1120.21	5498.4
-19.2822	6.81314	1119.27	5382.56
-19.2822	6.81314	1118.34	5352.23
-19.2822	6.81314	1117.4	5159.01
-19.2822	6.81314	1116.46	5414.4
-19.2822	6.81314	1115.53	5416.11
-19.2822	6.81314	1114.59	5521.9
-19.2822	6.81314	1113.65	5414.18
-19.2822	6.81314	1112.72	5637.32
-19.2822	6.81314	1111.78	5673.66
-19.2822	6.81314	1110.84	5712.66
-19.2822	6.81314	1109.9	5911.63
-19.2822	6.81314	1108.97	6206.51
-19.2822	6.81314	1108.03	6487.95
-19.2822	6.81314	1107.09	6321.56
-19.2822	6.81314	1106.15	6546.93
-19.2822	6.81314	1105.21	6841.48
-19.2822	6.81314	1104.28	7119.94
-19.2822	6.81314	1103.34	7254.5
-19.2822	6.81314	1102.4	7122.73
-19.2822	6.81314	1101.46	7286.52
-19.2822	6.81314	1100.52	7349.11
-19.2822	6.81314	1099.58	6985.87
-19.2822	6.81314	1098.64	6902.14
-19.2822	6.81314	1097.7	6823.76
-19.2822	6.81314	1096.76	6500.7
-19.2822	6.81314	1095.82	6201.69
-19.2822	6.81314	1094.88	5945.33
-19.2822	6.81314	1093.94	5946.93
-19.2822	6.81314	1093.0	5921.95
-19.2822	6.81314	1092.06	5689.69
-19.2822	6.81314	1091.12	5446.89
-19.2822	6.81314	1090.18	5522.96
-19.2822	6.81314	1089.24	5492.76
-19.2822	6.81314	1088.3	5287.3
-19.2822	6.81314	1087.35	5174.84
-19.2822	6.81314	1086.41	5168.61
-19.2822	6.81314	1085.47	5135.83
-19.2822	6.81314	1084.53	5018.16
-19.2822	6.81314	1083.59	4876.64
-19.2822	6.81314	1082.64	4841.28
-19.2822	6.81314	1081.7	4978.34
-19.2822	6.81314	1080.76	4919.11
-19.2822	6.81314	1079.81	4931.49
-19.2822	6.81314	1078.87	4859.04
-19.2822	6.81314	1077.93	5120.56
-19.2822	6.81314	1076.99	4950.05
-19.2822	6.81314	1076.04	4782.25
-19.2822	6.81314	1075.1	5091.33
-19.2822	6.81314	1074.15	4942.11
-19.2822	6.81314	1073.21	5041.85
-19.2822	6.81314	1072.27	4868.86
-19.2822	6.81314	1071.32	4881.23
-19.2822	6.81314	1070.38	4904.17
-19.2822	6.81314	1069.43	4874.19
-19.2822	6.81314	1068.49	4841.57
-19.2822	6.81314	1067.54	4925.36
-19.2822	6.81314	1066.6	4916.54
-19.2822	6.81314	1065.65	4672.39
-19.2822	6.81314	1064.71	4573.74
-19.2822	6.81314	1063.76	4826.68
-19.2822	6.81314	1062.81	4601.18
-19.2822	6.81314	1061.87	4758.9
-19.2822	6.81314	1060.92	4678.79
-19.2822	6.81314	1059.97	4606.64
-19.2822	6.81314	1059.03	4552.99
-19.2822	6.81314	1058.08	4449.2
-19.2822	6.81314	1057.13	4670.17
-19.2822	6.81314	1056.19	4508.32
-19.2822	6.81314	1055.24	4531.27
-19.2822	6.81314	1054.29	4377.42
-19.2822	6.81314	1053.34	4561.31
-19.2822	6.81314	1052.4	4523.56
-19.2822	6.81314	1051.45	4528.03
-19.2822	6.81314	1050.5	4500.85
-19.2822	6.81314	1049.55	4489.5
-19.2822	6.81314	1048.6	4457.07
-19.2822	6.81314	1047.66	4461.55
-19.2822	6.81314	1046.71	4363.26
-19.2822	6.81314	1045.76	4488.93
-19.2822	6.81314	1044.81	4482.86
-19.2822	6.81314	1043.86	4521.56
-19.2822	6.81314	1042.91	4394.37
-19.2822	6.81314	1041.96	4359.36
-19.2822	6.81314	1041.01	4379.64
-19.2822	6.81314	1040.06	4368.33
-19.2822	6.81314	1039.11	4220.21
-19.2822	6.81314	1038.16	4264.17
-19.2822	6.81314	1037.21	4276.56
-19.2822	6.81314	1036.26	4304.72
-19.2822	6.81314	1035.31	4317.1
-19.2822	6.81314	1034.36	4358.38
-19.2822	6.81314	1033.4	4423.31
-19.2822	6.81314	1032.45	4246.46
-19.2822	6.81314	1031.5	4356.04
-19.2822	6.81314	1030.55	4284.34
-19.2822	6.81314	1029.6	4446.41
-19.2822	6.81314	1028.65	4261.8
-19.2822	6.81314	1027.69	4366.05
-19.2822	6.81314	1026.74	4357.39
-19.2822	6.81314	1025.79	4440.6
-19.2822	6.81314	1024.84	4334.84
-19.2822	6.81314	1023.88	4305.21
-19.2822	6.81314	1022.93	4566.74
-19.2822	6.81314	1021.98	4382.34
-19.2822	6.81314	1021.02	4376.31
-19.2822	6.81314	1020.07	4574.77
-19.2822	6.81314	1019.12	4626.38
-19.2822	6.81314	1018.16	4560.03
-19.2822	6.81314	1017.21	4459.65
-19.2822	6.81314	1016.25	4430.03
-19.2822	6.81314	1015.3	4486.86
-19.2822	6.81314	1014.34	4507.01
-19.2822	6.81314	1013.39	4254.84
-19.2822	6.81314	1012.44	4416.38
-19.2822	6.81314	1011.48	4465.32
-19.2822	6.81314	1010.52	4249.93
-19.2822	6.81314	1009.57	4471.57
-19.2822	6.81314	1008.61	4329.5
-19.2822	6.81314	1007.66	4333.96
-19.2822	6.81314	1006.7	4409.02
-19.2822	6.81314	1005.75	4290.57
-19.2822	6.81314	1004.79	4221.83
-19.2822	6.81314	1003.83	4362.21
-19.2822	6.81314	1002.88	4173.28
-19.2822	6.81314	1001.92	4224.79
-19.2822	6.81314	1000.96	4448.68
-19.2822	6.81314	1000.0	4356.47
-19.2822	6.81314	999.048	4308.69
-19.2822	6.81314	998.09	4279.19
-19.2822	6.81314	997.132	4377.62
-19.2822	6.81314	996.174	4327.25
-19.2822	6.81314	995.216	4253.41
-19.2822	6.81314	994.258	4239.6
-19.2822	6.81314	993.3	4306.66
-19.2822	6.81314	992.341	4300.67
-19.2822	6.81314	991.382	4135.62
-19.2822	6.81314	990.423	4173.98
-19.2822	6.81314	989.4639999999999	4254.04
-19.2822	6.81314	988.505	4310.61
-19.2822	6.81314	987.546	4294.2
-19.2822	6.81314	986.586	4225.7
-19.2822	6.81314	985.6260000000001	4373.41
-19.2822	6.81314	984.666	4388.25
-19.2822	6.81314	983.706	4095.83
-19.2822	6.81314	982.7460000000001	4298.16
-19.2822	6.81314	981.785	4352.05
-19.2822	6.81314	980.825	4231.55
-19.2822	6.81314	979.8639999999999	4222.99
-19.2822	6.81314	978.903	4258.65
-19.2822	6.81314	977.942	4211.07
-19.2822	6.81314	976.9810000000001	4259.72
-19.2822	6.81314	976.0189999999999	4173.15
-19.2822	6.81314	975.057	4232.19
-19.2822	6.81314	974.095	4163.85
-19.2822	6.81314	973.133	4199.49
-19.2822	6.81314	972.171	4118.19
-19.2822	6.81314	971.209	4278.51
-19.2822	6.81314	970.2460000000001	4269.95
-19.2822	6.81314	969.284	4240.61
-19.2822	6.81314	968.321	4216.48
-19.2822	6.81314	967.3580000000001	4249.47
-19.2822	6.81314	966.3939999999999	4217.56
-19.2822	6.81314	965.431	4390.66
-19.2822	6.81314	964.467	4205.67
-19.2822	6.81314	963.5039999999999	4259.38
-19.2822	6.81314	962.54	4409.04
-19.2822	6.81314	961.576	4229.33
-19.2822	6.81314	960.6110000000001	4389.31
-19.2822	6.81314	959.6469999999999	4404.07
-19.2822	6.81314	958.682	4468.07
-19.2822	6.81314	957.7180000000001	4350.66
-19.2822	6.81314	956.753	4427.6
-19.2822	6.81314	955.7869999999999	4641.8
-19.2822	6.81314	954.822	4459.68
-19.2822	6.81314	953.857	4634.95
-19.2822	6.81314	952.8910000000001	4685.89
-19.2822	6.81314	951.925	4628.1
-19.2822	6.81314	950.959	4658.33
-19.2822	6.81314	949.993	4605.74
-19.2822	6.81314	949.0269999999999	4591.97
-19.2822	6.81314	948.06	4805.83
-19.2822	6.81314	947.0930000000001	4605.83
-19.2822	6.81314	946.1260000000001	4773.07
-19.2822	6.81314	945.159	4673.97
-19.2822	6.81314	944.192	4572.33
-19.2822	6.81314	943.225	4545.66
-19.2822	6.81314	942.257	4428.57
-19.2822	6.81314	941.289	4624.11
-19.2822	6.81314	940.321	4499.3
-19.2822	6.81314	939.3530000000001	4529.48
-19.2822	6.81314	938.385	4544.15
-19.2822	6.81314	937.4169999999999	4620.77
-19.2822	6.81314	936.448	4601.87
-19.2822	6.81314	935.4789999999999	4606.21
-19.2822	6.81314	934.51	4574.41
-19.2822	6.81314	933.541	4640.66
-19.2822	6.81314	932.572	4722.35
-19.2822	6.81314	931.602	4597.73
-19.2822	6.81314	930.633	4800.57
-19.2822	6.81314	929.663	5005.93
-19.2822	6.81314	928.693	4901.93
-19.2822	6.81314	927.7230000000001	4849.51
-19.2822	6.81314	926.752	5075.35
-19.2822	6.81314	925.7819999999999	5131.11
-19.2822	6.81314	924.811	4947.33
-19.2822	6.81314	923.84	5008.23
-19.2822	6.81314	922.8689999999999	4942.97
-19.2822	6.81314	921.898	4985.83
-19.2822	6.81314	920.926	5028.69
-19.2822	6.81314	919.955	4832.22
-19.2822	6.81314	918.9830000000001	5145.21
-19.2822	6.81314	918.0110000000001	5424.64
-19.2822	6.81314	917.039	5138.21
-19.2822	6.81314	916.066	5224.7
-19.2822	6.81314	915.0939999999999	5146.64
-19.2822	6.81314	914.1210000000001	5248.52
-19.2822	6.81314	913.148	4995.73
-19.2822	6.81314	912.175	4845.8
-19.2822	6.81314	911.202	4837.22
-19.2822	6.81314	910.2289999999999	4784.98
-19.2822	6.81314	909.255	4753.3
-19.2822	6.81314	908.2819999999999	4672.85
-19.2822	6.81314	907.308	4592.43
-19.2822	6.81314	906.334	4653.19
-19.2822	6.81314	905.36	4565.11
-19.2822	6.81314	904.385	4654.08
-19.2822	6.81314	903.4110000000001	4571.15
-19.2822	6.81314	902.436	4495.95
-19.2822	6.81314	901.461	4541.29
-19.2822	6.81314	900.4860000000001	4653.28
-19.2822	6.81314	899.51	4647.31
-19.2822	6.81314	898.535	4520.89
-19.2822	6.81314	897.559	4435.51
-19.2822	6.81314	896.5830000000001	4624.3
-19.2822	6.81314	895.607	4620.9
-19.2822	6.81314	894.6310000000001	4384.45
-19.2822	6.81314	893.655	4511.68
-19.2822	6.81314	892.678	4362.38
-19.2822	6.81314	891.702	4494.69
-19.2822	6.81314	890.725	4411.99
-19.2822	6.81314	889.748	4360.02
-19.2822	6.81314	888.77	4425.74
-19.2822	6.81314	887.793	4271.47
-19.2822	6.81314	886.815	4268.14
-19.2822	6.81314	885.8380000000001	4277.6
-19.2822	6.81314	884.86	4343.29
-19.2822	6.81314	883.882	4268.38
-19.2822	6.81314	882.903	4111.73
-19.2822	6.81314	881.925	4320.49
-19.2822	6.81314	880.946	4291.61
-19.2822	6.81314	879.967	4221.87
-19.2822	6.81314	878.988	4264.52
-19.2822	6.81314	878.0089999999999	4291.83
-19.2822	6.81314	877.03	4459.53
-19.2822	6.81314	876.05	4208.61
-19.2822	6.81314	875.071	4320.12
-19.2822	6.81314	874.091	4329.55
-19.2822	6.81314	873.1110000000001	4425.69
-19.2822	6.81314	872.13	4460.6
-19.2822	6.81314	871.15	4457.24
-19.2822	6.81314	870.169	4594.1
-19.2822	6.81314	869.189	4300.14
-19.2822	6.81314	868.2080000000001	4470.11
-19.2822	6.81314	867.2260000000001	4507.52
-19.2822	6.81314	866.245	4690.13
-19.2822	6.81314	865.2639999999999	4674.0
-19.2822	6.81314	864.2819999999999	4543.27
-19.2822	6.81314	863.3	4674.85
-19.2822	6.81314	862.318	4536.53
-19.2822	6.81314	861.336	4494.98
-19.2822	6.81314	860.3530000000001	4394.92
-19.2822	6.81314	859.3710000000001	4427.2
-19.2822	6.81314	858.388	4446.75
-19.2822	6.81314	857.405	4410.33
-19.2822	6.81314	856.422	4422.25
-19.2822	6.81314	855.439	4451.96
-19.2822	6.81314	854.455	4270.66
-19.2822	6.81314	853.472	4229.22
-19.2822	6.81314	852.488	4195.42
-19.2822	6.81314	851.5039999999999	4258.18
-19.2822	6.81314	850.52	4188.82
-19.2822	6.81314	849.535	4147.42
-19.2822	6.81314	848.551	4062.87
-19.2822	6.81314	847.566	4242.39
-19.2822	6.81314	846.581	4076.63
-19.2822	6.81314	845.596	4093.65
-19.2822	6.81314	844.6110000000001	3991.41
-19.2822	6.81314	843.6260000000001	4107.39
-19.2822	6.81314	842.64	4119.33
-19.2822	6.81314	841.654	4078.0
-19.2822	6.81314	840.668	4133.05
-19.2822	6.81314	839.682	4091.73
-19.2822	6.81314	838.696	4002.28
-19.2822	6.81314	837.709	4021.82
-19.2822	6.81314	836.7230000000001	4099.64
-19.2822	6.81314	835.7360000000001	4012.76
-19.2822	6.81314	834.7489999999999	4070.29
-19.2822	6.81314	833.762	4097.41
-19.2822	6.81314	832.7739999999999	4086.53
-19.2822	6.81314	831.7869999999999	4189.58
-19.2822	6.81314	830.799	4135.67
-19.2822	6.81314	829.811	4076.71
-19.2822	6.81314	828.823	4184.77
-19.2822	6.81314	827.835	4118.24
-19.2822	6.81314	826.846	3922.74
-19.2822	6.81314	825.857	4020.65
-19.2822	6.81314	824.8689999999999	3911.2
-19.2822	6.81314	823.88	3900.38
-19.2822	6.81314	822.89	3904.73
-19.2822	6.81314	821.9010000000001	3992.46
-19.2822	6.81314	820.9119999999999	3817.41
-19.2822	6.81314	819.922	3867.23
-19.2822	6.81314	818.932	4103.93
-19.2822	6.81314	817.942	3946.63
-19.2822	6.81314	816.952	4011.55
-19.2822	6.81314	815.961	3897.23
-19.2822	6.81314	814.971	3959.62
-19.2822	6.81314	813.98	4001.79
-19.2822	6.81314	812.9889999999999	3789.15
-19.2822	6.81314	811.998	4015.47
-19.2822	6.81314	811.0060000000001	3911.34
-19.2822	6.81314	810.015	3895.5
-19.2822	6.81314	809.023	3887.23
-19.2822	6.81314	808.0310000000001	3831.07
-19.2822	6.81314	807.039	3810.22
-19.2822	6.81314	806.047	3907.79
-19.2822	6.81314	805.054	3783.64
-19.2822	6.81314	804.062	3775.39
-19.2822	6.81314	803.069	3857.81
-19.2822	6.81314	802.076	3660.72
-19.2822	6.81314	801.0830000000001	3637.4
-19.2822	6.81314	800.0889999999999	3692.11
-19.2822	6.81314	799.096	3724.15
-19.2822	6.81314	798.102	3773.79
-19.2822	6.81314	797.1080000000001	3745.43
-19.2822	6.81314	796.1139999999999	3777.44
-19.2822	6.81314	795.12	3824.53
-19.2822	6.81314	794.1260000000001	3798.69
-19.2822	6.81314	793.1310000000001	3677.35
-19.2822	6.81314	792.1360000000001	3779.72
-19.2822	6.81314	791.1410000000001	3786.57
-19.2822	6.81314	790.1460000000001	3735.63
-19.2822	6.81314	789.1510000000001	3594.29
-19.2822	6.81314	788.155	3643.86
-19.2822	6.81314	787.16	3710.99
-19.2822	6.81314	786.164	3650.07
-19.2822	6.81314	785.168	3636.85
-19.2822	6.81314	784.171	3814.36
-19.2822	6.81314	783.175	3743.41
-19.2822	6.81314	782.178	3737.71
-19.2822	6.81314	781.182	3822.31
-19.2822	6.81314	780.185	3899.34
-19.2822	6.81314	779.188	3748.2
-19.2822	6.81314	778.19	3845.28
-19.2822	6.81314	777.193	3661.62
-19.2822	6.81314	776.195	3904.02
-19.2822	6.81314	775.197	3788.06
-19.2822	6.81314	774.199	3719.74
-19.2822	6.81314	773.201	3789.18
-19.2822	6.81314	772.202	3778.48
-19.2822	6.81314	771.204	3830.36
-19.2822	6.81314	770.205	4037.41
-19.2822	6.81314	769.206	3886.52
-19.2822	6.81314	768.207	3983.39
-19.2822	6.81314	767.2080000000001	3800.04
-19.2822	6.81314	766.2080000000001	4064.48
-19.2822	6.81314	765.2080000000001	3916.19
-19.2822	6.81314	764.209	3860.47
-19.2822	6.81314	763.2080000000001	3844.77
-19.2822	6.81314	762.2080000000001	4158.99
-19.2822	6.81314	761.2080000000001	4048.28
-19.2822	6.81314	760.207	4182.45
-19.2822	6.81314	759.206	4144.22
-19.2822	6.81314	758.205	4130.98
-19.2822	6.81314	757.204	4000.37
-19.2822	6.81314	756.203	4062.06
-19.2822	6.81314	755.201	3956.47
-19.2822	6.81314	754.2	4105.5
-19.2822	6.81314	753.198	4039.87
-19.2822	6.81314	752.196	3996.72
-19.2822	6.81314	751.193	4170.59
-19.2822	6.81314	750.191	4114.96
-19.2822	6.81314	749.188	4071.82
-19.2822	6.81314	748.186	4118.45
-19.2822	6.81314	747.183	4110.22
-19.2822	6.81314	746.179	4268.96
-19.2822	6.81314	745.176	4185.95
-19.2822	6.81314	744.173	4172.73
-19.2822	6.81314	743.169	4383.68
-19.2822	6.81314	742.165	4318.13
-19.2822	6.81314	741.1610000000001	4240.16
-19.2822	6.81314	740.1569999999999	4413.64
-19.2822	6.81314	739.1519999999999	4517.36
-19.2822	6.81314	738.1469999999999	4347.32
-19.2822	6.81314	737.143	4441.07
-19.2822	6.81314	736.138	4368.12
-19.2822	6.81314	735.132	4489.19
-19.2822	6.81314	734.127	4294.41
-19.2822	6.81314	733.122	4323.46
-19.2822	6.81314	732.1160000000001	4427.07
-19.2822	6.81314	731.11	4393.95
-19.2822	6.81314	730.1039999999999	4231.63
-19.2822	6.81314	729.097	4456.93
-19.2822	6.81314	728.091	4518.21
-19.2822	6.81314	727.084	4425.5
-19.2822	6.81314	726.077	4399.86
-19.2822	6.81314	725.07	4585.24
-19.2822	6.81314	724.063	4559.58
-19.2822	6.81314	723.056	4457.0
-19.2822	6.81314	722.048	4575.28
-19.2822	6.81314	721.04	4562.04
-19.2822	6.81314	720.0319999999999	4305.74
-19.2822	6.81314	719.0239999999999	4312.39
-19.2822	6.81314	718.0160000000001	4207.46
-19.2822	6.81314	717.007	4256.27
-19.2822	6.81314	715.9989999999999	4139.0
-19.2822	6.81314	714.99	4078.77
-19.2822	6.81314	713.9810000000001	4194.47
-19.2822	6.81314	712.972	3980.67
-19.2822	6.81314	711.962	3979.94
-19.2822	6.81314	710.953	4006.45
-19.2822	6.81314	709.943	3904.21
-19.2822	6.81314	708.933	3923.3
-19.2822	6.81314	707.923	3759.24
-19.2822	6.81314	706.9119999999999	3850.1
-19.2822	6.81314	705.9019999999999	3792.5
-19.2822	6.81314	704.8910000000001	3757.17
-19.2822	6.81314	703.88	3716.92
-19.2822	6.81314	702.8689999999999	3738.49
-19.2822	6.81314	701.8580000000001	3831.74
-19.2822	6.81314	700.846	3796.44
-19.2822	6.81314	699.834	3711.72
-19.2822	6.81314	698.823	3995.17
-19.2822	6.81314	697.811	3806.7
-19.2822	6.81314	696.798	3843.05
-19.2822	6.81314	695.7860000000001	3815.18
-19.2822	6.81314	694.773	4024.34
-19.2822	6.81314	693.7610000000001	3840.93
-19.2822	6.81314	692.748	3800.74
-19.2822	6.81314	691.7339999999999	3740.82
-19.2822	6.81314	690.721	3801.81
-19.2822	6.81314	689.7080000000001	3670.38
-19.2822	6.81314	688.694	3854.67
-19.2822	6.81314	687.68	3824.37
-19.2822	6.81314	686.666	3912.42
-19.2822	6.81314	685.6519999999999	3830.36
-19.2822	6.81314	684.637	3886.34
-19.2822	6.81314	683.623	4090.13
-19.2822	6.81314	682.6080000000001	3879.99
-19.2822	6.81314	681.5930000000001	3820.16
-19.2822	6.81314	680.578	3765.28
-19.2822	6.81314	679.562	3983.72
-19.2822	6.81314	678.547	3793.44
-19.2822	6.81314	677.5310000000001	3716.44
-19.2822	6.81314	676.515	3934.77
-19.2822	6.81314	675.4989999999999	3808.57
-19.2822	6.81314	674.482	3694.72
-19.2822	6.81314	673.466	3856.36
-19.2822	6.81314	672.449	3700.73
-19.2822	6.81314	671.432	3692.68
-19.2822	6.81314	670.415	3750.99
-19.2822	6.81314	669.398	3679.03
-19.2822	6.81314	668.3810000000001	3771.73
-19.2822	6.81314	667.363	3689.96
-19.2822	6.81314	666.345	3743.32
-19.2822	6.81314	665.327	3968.57
-19.2822	6.81314	664.309	3901.54
-19.2822	6.81314	663.291	3790.35
-19.2822	6.81314	662.2719999999999	3890.29
-19.2822	6.81314	661.253	3904.3
-19.2822	6.81314	660.2339999999999	4131.76
-19.2822	6.81314	659.215	3866.06
-19.2822	6.81314	658.196	4066.47
-19.2822	6.81314	657.176	3994.61
-19.2822	6.81314	656.1569999999999	4028.2
-19.2822	6.81314	655.137	3978.43
-19.2822	6.81314	654.117	4193.37
-19.2822	6.81314	653.097	3969.61
-19.2822	6.81314	652.076	4106.08
-19.2822	6.81314	651.056	4097.97
-19.2822	6.81314	650.035	4116.81
-19.2822	6.81314	649.014	4015.66
-19.2822	6.81314	647.993	4046.75
-19.2822	6.81314	646.971	4077.82
-19.2822	6.81314	645.95	4008.55
-19.2822	6.81314	644.928	3905.05
-19.2822	6.81314	643.906	4036.43
-19.2822	6.81314	642.884	3976.98
-19.2822	6.81314	641.861	3875.99
-19.2822	6.81314	640.839	3750.58
-19.2822	6.81314	639.816	3835.45
-19.2822	6.81314	638.793	3714.98
-19.2822	6.81314	637.77	3772.94
-19.2822	6.81314	636.747	3804.01
-19.2822	6.81314	635.724	3710.49
-19.2822	6.81314	634.7	3851.45
-19.2822	6.81314	633.6759999999999	3843.42
-19.2822	6.81314	632.6519999999999	3757.26
-19.2822	6.81314	631.628	3761.45
-19.2822	6.81314	630.6030000000001	3748.55
-19.2822	6.81314	629.5790000000001	3779.58
-19.2822	6.81314	628.554	3859.39
-19.2822	6.81314	627.529	3873.31
-19.2822	6.81314	626.504	3706.77
-19.2822	6.81314	625.479	3881.64
-19.2822	6.81314	624.453	3915.05
-19.2822	6.81314	623.427	3802.21
-19.2822	6.81314	622.401	3830.75
-19.2822	6.81314	621.375	3737.46
-19.2822	6.81314	620.349	3880.49
-19.2822	6.81314	619.323	3835.94
-19.2822	6.81314	618.2959999999999	3781.66
-19.2822	6.81314	617.269	3819.92
-19.2822	6.81314	616.242	3867.89
-19.2822	6.81314	615.215	3743.06
-19.2822	6.81314	614.187	3464.98
-19.2822	6.81314	613.16	3802.5
-19.2822	6.81314	612.132	3670.45
-19.2822	6.81314	611.104	3735.43
-19.2822	6.81314	610.076	3671.52
-19.2822	6.81314	609.047	3787.54
-19.2822	6.81314	608.019	3662.88
-19.2822	6.81314	606.99	3572.29
-19.2822	6.81314	605.961	3802.44
-19.2822	6.81314	604.932	3607.4
-19.2822	6.81314	603.903	3609.17
-19.2822	6.81314	602.873	3625.5
-19.2822	6.81314	601.844	3632.11
-19.2822	6.81314	600.814	3653.29
