-23.8373	2.90788	1799.31	3303.6
-23.8373	2.90788	1798.5	3171.66
-23.8373	2.90788	1797.68	3296.38
-23.8373	2.90788	1796.86	3240.84
-23.8373	2.90788	1796.04	3264.72
-23.8373	2.90788	1795.22	3236.69
-23.8373	2.90788	1794.4	3248.36
-23.8373	2.90788	1793.58	3330.22
-23.8373	2.90788	1792.76	3238.1
-23.8373	2.90788	1791.94	3298.59
-23.8373	2.90788	1791.13	3267.52
-23.8373	2.90788	1790.31	3199.86
-23.8373	2.90788	1789.49	3287.76
-23.8373	2.90788	1788.67	3363.44
-23.8373	2.90788	1787.85	3201.29
-23.8373	2.90788	1787.03	3231.23
-23.8373	2.90788	1786.21	3367.83
-23.8373	2.90788	1785.39	3318.51
-23.8373	2.90788	1784.56	3144.28
-23.8373	2.90788	1783.74	3271.69
-23.8373	2.90788	1782.92	3246.77
-23.8373	2.90788	1782.1	3282.77
-23.8373	2.90788	1781.28	3300.48
-23.8373	2.90788	1780.46	3321.23
-23.8373	2.90788	1779.64	3354.15
-23.8373	2.90788	1778.82	3359.67
-23.8373	2.90788	1778.0	3267.82
-23.8373	2.90788	1777.17	3331.16
-23.8373	2.90788	1776.35	3193.72
-23.8373	2.90788	1775.53	3336.11
-23.8373	2.90788	1774.71	3320.34
-23.8373	2.90788	1773.89	3325.86
-23.8373	2.90788	1773.06	3218.92
-23.8373	2.90788	1772.24	3333.86
-23.8373	2.90788	1771.42	3476.1
-23.8373	2.90788	1770.59	3238.55
-23.8373	2.90788	1769.77	3304.83
-23.8373	2.90788	1768.95	3374.12
-23.8373	2.90788	1768.12	3379.62
-23.8373	2.90788	1767.3	3369.94
-23.8373	2.90788	1766.48	3290.45
-23.8373	2.90788	1765.65	3308.1
-23.8373	2.90788	1764.83	3380.37
-23.8373	2.90788	1764.01	3379.8
-23.8373	2.90788	1763.18	3376.19
-23.8373	2.90788	1762.36	3336.19
-23.8373	2.90788	1761.53	3359.89
-23.8373	2.90788	1760.71	3416.92
-23.8373	2.90788	1759.88	3392.09
-23.8373	2.90788	1759.06	3279.38
-23.8373	2.90788	1758.23	3372.76
-23.8373	2.90788	1757.41	3378.25
-23.8373	2.90788	1756.58	3438.26
-23.8373	2.90788	1755.76	3377.11
-23.8373	2.90788	1754.93	3300.83
-23.8373	2.90788	1754.11	3385.05
-23.8373	2.90788	1753.28	3396.58
-23.8373	2.90788	1752.46	3383.9
-23.8373	2.90788	1751.63	3235.04
-23.8373	2.90788	1750.8	3313.16
-23.8373	2.90788	1749.98	3394.28
-23.8373	2.90788	1749.15	3593.33
-23.8373	2.90788	1748.32	3447.56
-23.8373	2.90788	1747.5	3492.34
-23.8373	2.90788	1746.67	3437.33
-23.8373	2.90788	1745.84	3388.38
-23.8373	2.90788	1745.02	3502.65
-23.8373	2.90788	1744.19	3423.49
-23.8373	2.90788	1743.36	3392.7
-23.8373	2.90788	1742.53	3552.22
-23.8373	2.90788	1741.71	3515.37
-23.8373	2.90788	1740.88	3514.78
-23.8373	2.90788	1740.05	3526.26
-23.8373	2.90788	1739.22	3477.36
-23.8373	2.90788	1738.39	3597.5
-23.8373	2.90788	1737.56	3621.03
-23.8373	2.90788	1736.74	3448.44
-23.8373	2.90788	1735.91	3453.89
-23.8373	2.90788	1735.08	3586.01
-23.8373	2.90788	1734.25	3570.32
-23.8373	2.90788	1733.42	3738.55
-23.8373	2.90788	1732.59	3569.11
-23.8373	2.90788	1731.76	3529.32
-23.8373	2.90788	1730.93	3679.4
-23.8373	2.90788	1730.1	3681.78
-23.8373	2.90788	1729.27	3684.17
-23.8373	2.90788	1728.44	3608.25
-23.8373	2.90788	1727.61	3655.82
-23.8373	2.90788	1726.78	3694.34
-23.8373	2.90788	1725.95	3835.2
-23.8373	2.90788	1725.12	3650.95
-23.8373	2.90788	1724.29	3845.93
-23.8373	2.90788	1723.46	3682.81
-23.8373	2.90788	1722.63	3655.11
-23.8373	2.90788	1721.8	3669.52
-23.8373	2.90788	1720.96	3894.45
-23.8373	2.90788	1720.13	3758.48
-23.8373	2.90788	1719.3	3890.12
-23.8373	2.90788	1718.47	3919.52
-23.8373	2.90788	1717.64	3696.46
-23.8373	2.90788	1716.81	3810.01
-23.8373	2.90788	1715.97	3824.39
-23.8373	2.90788	1715.14	3790.7
-23.8373	2.90788	1714.31	3847.11
-23.8373	2.90788	1713.48	3774.39
-23.8373	2.90788	1712.64	3938.87
-23.8373	2.90788	1711.81	3836.15
-23.8373	2.90788	1710.98	3823.49
-23.8373	2.90788	1710.14	3951.87
-23.8373	2.90788	1709.31	3888.19
-23.8373	2.90788	1708.48	3854.54
-23.8373	2.90788	1707.64	3838.89
-23.8373	2.90788	1706.81	3814.24
-23.8373	2.90788	1705.98	3864.56
-23.8373	2.90788	1705.14	3908.87
-23.8373	2.90788	1704.31	4121.0
-23.8373	2.90788	1703.47	3949.49
-23.8373	2.90788	1702.64	3969.79
-23.8373	2.90788	1701.81	3939.16
-23.8373	2.90788	1700.97	4058.3
-23.8373	2.90788	1700.14	4039.64
-23.8373	2.90788	1699.3	3991.05
-23.8373	2.90788	1698.47	3924.51
-23.8373	2.90788	1697.63	4208.18
-23.8373	2.90788	1696.79	4306.22
-23.8373	2.90788	1695.96	4078.09
-23.8373	2.90788	1695.12	4074.41
-23.8373	2.90788	1694.29	4076.7
-23.8373	2.90788	1693.45	4210.58
-23.8373	2.90788	1692.62	4260.69
-23.8373	2.90788	1691.78	4110.5
-23.8373	2.90788	1690.94	4029.09
-23.8373	2.90788	1690.11	4135.99
-23.8373	2.90788	1689.27	4227.91
-23.8373	2.90788	1688.43	4280.97
-23.8373	2.90788	1687.6	4217.51
-23.8373	2.90788	1686.76	4282.5
-23.8373	2.90788	1685.92	4341.49
-23.8373	2.90788	1685.08	4325.82
-23.8373	2.90788	1684.25	4259.41
-23.8373	2.90788	1683.41	4401.94
-23.8373	2.90788	1682.57	4395.22
-23.8373	2.90788	1681.73	4301.99
-23.8373	2.90788	1680.89	4447.42
-23.8373	2.90788	1680.06	4378.06
-23.8373	2.90788	1679.22	4445.9
-23.8373	2.90788	1678.38	4346.76
-23.8373	2.90788	1677.54	4363.9
-23.8373	2.90788	1676.7	4503.23
-23.8373	2.90788	1675.86	4496.51
-23.8373	2.90788	1675.02	4573.2
-23.8373	2.90788	1674.18	4372.84
-23.8373	2.90788	1673.35	4506.12
-23.8373	2.90788	1672.51	4484.51
-23.8373	2.90788	1671.67	4501.61
-23.8373	2.90788	1670.83	4563.35
-23.8373	2.90788	1669.99	4625.08
-23.8373	2.90788	1669.15	4484.43
-23.8373	2.90788	1668.31	4513.41
-23.8373	2.90788	1667.47	4670.31
-23.8373	2.90788	1666.62	4642.74
-23.8373	2.90788	1665.78	4615.19
-23.8373	2.90788	1664.94	4626.29
-23.8373	2.90788	1664.1	4741.44
-23.8373	2.90788	1663.26	4737.66
-23.8373	2.90788	1662.42	4796.28
-23.8373	2.90788	1661.58	4712.27
-23.8373	2.90788	1660.74	4839.2
-23.8373	2.90788	1659.9	5013.62
-23.8373	2.90788	1659.05	4908.82
-23.8373	2.90788	1658.21	4869.39
-23.8373	2.90788	1657.37	4913.09
-23.8373	2.90788	1656.53	4980.52
-23.8373	2.90788	1655.68	5080.56
-23.8373	2.90788	1654.84	5118.27
-23.8373	2.90788	1654.0	5099.6
-23.8373	2.90788	1653.16	5098.73
-23.8373	2.90788	1652.31	5056.34
-23.8373	2.90788	1651.47	5135.53
-23.8373	2.90788	1650.63	5128.72
-23.8373	2.90788	1649.78	5187.13
-23.8373	2.90788	1648.94	5041.03
-23.8373	2.90788	1648.1	5484.63
-23.8373	2.90788	1647.25	5317.79
-23.8373	2.90788	1646.41	5408.7
-23.8373	2.90788	1645.56	5416.66
-23.8373	2.90788	1644.72	5483.84
-23.8373	2.90788	1643.88	5447.38
-23.8373	2.90788	1643.03	5434.61
-23.8373	2.90788	1642.19	5566.86
-23.8373	2.90788	1641.34	5610.29
-23.8373	2.90788	1640.5	5792.76
-23.8373	2.90788	1639.65	5543.3
-23.8373	2.90788	1638.81	5731.63
-23.8373	2.90788	1637.96	5775.01
-23.8373	2.90788	1637.11	5933.67
-23.8373	2.90788	1636.27	5775.99
-23.8373	2.90788	1635.42	5810.47
-23.8373	2.90788	1634.58	5974.95
-23.8373	2.90788	1633.73	6139.38
-23.8373	2.90788	1632.88	6091.07
-23.8373	2.90788	1632.04	6205.21
-23.8373	2.90788	1631.19	6254.35
-23.8373	2.90788	1630.34	6386.14
-23.8373	2.90788	1629.5	6488.37
-23.8373	2.90788	1628.65	6563.99
-23.8373	2.90788	1627.8	6465.49
-23.8373	2.90788	1626.96	6670.91
-23.8373	2.90788	1626.11	6905.77
-23.8373	2.90788	1625.26	6939.98
-23.8373	2.90788	1624.41	6870.97
-23.8373	2.90788	1623.57	6825.56
-23.8373	2.90788	1622.72	7293.11
-23.8373	2.90788	1621.87	7380.29
-23.8373	2.90788	1621.02	7284.72
-23.8373	2.90788	1620.17	7416.06
-23.8373	2.90788	1619.32	7526.74
-23.8373	2.90788	1618.47	7725.74
-23.8373	2.90788	1617.63	7712.63
-23.8373	2.90788	1616.78	7422.77
-23.8373	2.90788	1615.93	7592.24
-23.8373	2.90788	1615.08	7702.79
-23.8373	2.90788	1614.23	7757.38
-23.8373	2.90788	1613.38	7664.84
-23.8373	2.90788	1612.53	7678.24
-23.8373	2.90788	1611.68	7912.23
-23.8373	2.90788	1610.83	7857.94
-23.8373	2.90788	1609.98	7944.8
-23.8373	2.90788	1609.13	7743.53
-23.8373	2.90788	1608.28	7615.82
-23.8373	2.90788	1607.43	7826.11
-23.8373	2.90788	1606.58	8056.9
-23.8373	2.90788	1605.73	7697.1
-23.8373	2.90788	1604.87	7813.27
-23.8373	2.90788	1604.02	7941.15
-23.8373	2.90788	1603.17	8118.91
-23.8373	2.90788	1602.32	7879.72
-23.8373	2.90788	1601.47	7851.95
-23.8373	2.90788	1600.62	7956.26
-23.8373	2.90788	1599.76	8042.92
-23.8373	2.90788	1598.91	8232.24
-23.8373	2.90788	1598.06	7916.97
-23.8373	2.90788	1597.21	8024.12
-23.8373	2.90788	1596.36	8233.87
-23.8373	2.90788	1595.5	8082.94
-23.8373	2.90788	1594.65	7967.23
-23.8373	2.90788	1593.8	7974.66
-23.8373	2.90788	1592.94	8140.32
-23.8373	2.90788	1592.09	8314.71
-23.8373	2.90788	1591.24	7891.46
-23.8373	2.90788	1590.38	8200.56
-23.8373	2.90788	1589.53	8172.8
-23.8373	2.90788	1588.68	8268.01
-23.8373	2.90788	1587.82	8155.36
-23.8373	2.90788	1586.97	7975.43
-23.8373	2.90788	1586.11	8096.96
-23.8373	2.90788	1585.26	8075.09
-23.8373	2.90788	1584.4	8088.33
-23.8373	2.90788	1583.55	8151.29
-23.8373	2.90788	1582.69	7913.02
-23.8373	2.90788	1581.84	8022.77
-23.8373	2.90788	1580.98	8003.85
-23.8373	2.90788	1580.13	7932.33
-23.8373	2.90788	1579.27	7872.52
-23.8373	2.90788	1578.42	7964.67
-23.8373	2.90788	1577.56	8199.92
-23.8373	2.90788	1576.71	8017.43
-23.8373	2.90788	1575.85	8045.25
-23.8373	2.90788	1574.99	7894.96
-23.8373	2.90788	1574.14	7730.13
-23.8373	2.90788	1573.28	7950.63
-23.8373	2.90788	1572.42	7797.51
-23.8373	2.90788	1571.57	7796.17
-23.8373	2.90788	1570.71	7806.5
-23.8373	2.90788	1569.85	7971.42
-23.8373	2.90788	1569.0	7602.6
-23.8373	2.90788	1568.14	7557.56
-23.8373	2.90788	1567.28	7634.97
-23.8373	2.90788	1566.42	7791.05
-23.8373	2.90788	1565.56	7769.32
-23.8373	2.90788	1564.71	7797.12
-23.8373	2.90788	1563.85	7650.12
-23.8373	2.90788	1562.99	7843.95
-23.8373	2.90788	1562.13	7819.31
-23.8373	2.90788	1561.27	7916.96
-23.8373	2.90788	1560.41	7703.08
-23.8373	2.90788	1559.56	7928.79
-23.8373	2.90788	1558.7	8052.57
-23.8373	2.90788	1557.84	7859.14
-23.8373	2.90788	1556.98	7767.61
-23.8373	2.90788	1556.12	7902.98
-23.8373	2.90788	1555.26	8020.86
-23.8373	2.90788	1554.4	7923.52
-23.8373	2.90788	1553.54	7829.13
-23.8373	2.90788	1552.68	7853.94
-23.8373	2.90788	1551.82	8006.62
-23.8373	2.90788	1550.96	7941.32
-23.8373	2.90788	1550.1	7565.18
-23.8373	2.90788	1549.24	7526.11
-23.8373	2.90788	1548.38	7571.29
-23.8373	2.90788	1547.52	7755.82
-23.8373	2.90788	1546.65	7345.13
-23.8373	2.90788	1545.79	7433.85
-23.8373	2.90788	1544.93	7368.72
-23.8373	2.90788	1544.07	7547.36
-23.8373	2.90788	1543.21	7363.29
-23.8373	2.90788	1542.35	7161.87
-23.8373	2.90788	1541.48	7360.75
-23.8373	2.90788	1540.62	7223.2
-23.8373	2.90788	1539.76	7361.11
-23.8373	2.90788	1538.9	6916.34
-23.8373	2.90788	1538.04	7346.99
-23.8373	2.90788	1537.17	7099.41
-23.8373	2.90788	1536.31	7289.41
-23.8373	2.90788	1535.45	7099.87
-23.8373	2.90788	1534.58	7104.44
-23.8373	2.90788	1533.72	7166.92
-23.8373	2.90788	1532.86	7136.73
-23.8373	2.90788	1531.99	7077.61
-23.8373	2.90788	1531.13	6946.15
-23.8373	2.90788	1530.27	7037.55
-23.8373	2.90788	1529.4	7224.39
-23.8373	2.90788	1528.54	7315.72
-23.8373	2.90788	1527.67	6999.2
-23.8373	2.90788	1526.81	7154.15
-23.8373	2.90788	1525.94	7369.76
-23.8373	2.90788	1525.08	7481.23
-23.8373	2.90788	1524.21	7040.62
-23.8373	2.90788	1523.35	7189.67
-23.8373	2.90788	1522.48	7298.22
-23.8373	2.90788	1521.62	7383.63
-23.8373	2.90788	1520.75	7330.37
-23.8373	2.90788	1519.89	7112.52
-23.8373	2.90788	1519.02	7287.42
-23.8373	2.90788	1518.15	7615.25
-23.8373	2.90788	1517.29	7446.53
-23.8373	2.90788	1516.42	7445.25
-23.8373	2.90788	1515.56	7311.24
-23.8373	2.90788	1514.69	7434.03
-23.8373	2.90788	1513.82	7490.43
-23.8373	2.90788	1512.96	7295.92
-23.8373	2.90788	1512.09	7349.45
-23.8373	2.90788	1511.22	7512.5
-23.8373	2.90788	1510.35	7698.55
-23.8373	2.90788	1509.49	7587.71
-23.8373	2.90788	1508.62	7344.37
-23.8373	2.90788	1507.75	7642.71
-23.8373	2.90788	1506.88	7989.9
-23.8373	2.90788	1506.01	7867.57
-23.8373	2.90788	1505.15	7635.87
-23.8373	2.90788	1504.28	7628.79
-23.8373	2.90788	1503.41	7699.43
-23.8373	2.90788	1502.54	7770.05
-23.8373	2.90788	1501.67	7846.39
-23.8373	2.90788	1500.8	7603.39
-23.8373	2.90788	1499.93	7806.29
-23.8373	2.90788	1499.06	7528.86
-23.8373	2.90788	1498.19	7725.96
-23.8373	2.90788	1497.32	7649.88
-23.8373	2.90788	1496.46	7800.9
-23.8373	2.90788	1495.59	7983.47
-23.8373	2.90788	1494.72	7979.22
-23.8373	2.90788	1493.84	7831.33
-23.8373	2.90788	1492.97	7964.97
-23.8373	2.90788	1492.1	8015.29
-23.8373	2.90788	1491.23	8200.54
-23.8373	2.90788	1490.36	8078.55
-23.8373	2.90788	1489.49	7902.06
-23.8373	2.90788	1488.62	8127.41
-23.8373	2.90788	1487.75	7902.2
-23.8373	2.90788	1486.88	7809.03
-23.8373	2.90788	1486.01	7724.49
-23.8373	2.90788	1485.13	7789.12
-23.8373	2.90788	1484.26	7653.01
-23.8373	2.90788	1483.39	7462.47
-23.8373	2.90788	1482.52	7418.18
-23.8373	2.90788	1481.65	7560.19
-23.8373	2.90788	1480.77	7515.9
-23.8373	2.90788	1479.9	7322.66
-23.8373	2.90788	1479.03	7252.64
-23.8373	2.90788	1478.16	7245.66
-23.8373	2.90788	1477.28	7253.0
-23.8373	2.90788	1476.41	7257.47
-23.8373	2.90788	1475.54	7247.63
-23.8373	2.90788	1474.66	7131.89
-23.8373	2.90788	1473.79	7110.63
-23.8373	2.90788	1472.91	7272.47
-23.8373	2.90788	1472.04	7091.01
-23.8373	2.90788	1471.17	6915.32
-23.8373	2.90788	1470.29	7128.58
-23.8373	2.90788	1469.42	7121.63
-23.8373	2.90788	1468.54	7088.96
-23.8373	2.90788	1467.67	7033.43
-23.8373	2.90788	1466.79	6969.34
-23.8373	2.90788	1465.92	7108.13
-23.8373	2.90788	1465.04	7161.17
-23.8373	2.90788	1464.17	6868.62
-23.8373	2.90788	1463.29	6853.15
-23.8373	2.90788	1462.42	7063.23
-23.8373	2.90788	1461.54	6905.01
-23.8373	2.90788	1460.66	6980.88
-23.8373	2.90788	1459.79	6865.53
-23.8373	2.90788	1458.91	6964.19
-23.8373	2.90788	1458.04	6971.54
-23.8373	2.90788	1457.16	6961.78
-23.8373	2.90788	1456.28	6843.66
-23.8373	2.90788	1455.41	6930.85
-23.8373	2.90788	1454.53	6961.01
-23.8373	2.90788	1453.65	6882.85
-23.8373	2.90788	1452.77	6821.82
-23.8373	2.90788	1451.9	6914.65
-23.8373	2.90788	1451.02	7078.67
-23.8373	2.90788	1450.14	6798.33
-23.8373	2.90788	1449.26	6800.0
-23.8373	2.90788	1448.39	6758.96
-23.8373	2.90788	1447.51	7125.0
-23.8373	2.90788	1446.63	6785.08
-23.8373	2.90788	1445.75	6892.04
-23.8373	2.90788	1444.87	6956.28
-23.8373	2.90788	1443.99	7071.7
-23.8373	2.90788	1443.11	7133.04
-23.8373	2.90788	1442.23	6932.75
-23.8373	2.90788	1441.35	7295.47
-23.8373	2.90788	1440.48	7078.16
-23.8373	2.90788	1439.6	7196.31
-23.8373	2.90788	1438.72	7257.57
-23.8373	2.90788	1437.84	6972.2
-23.8373	2.90788	1436.96	7124.38
-23.8373	2.90788	1436.08	7287.88
-23.8373	2.90788	1435.2	7221.3
-23.8373	2.90788	1434.31	6967.36
-23.8373	2.90788	1433.43	7054.15
-23.8373	2.90788	1432.55	7072.79
-23.8373	2.90788	1431.67	7247.5
-23.8373	2.90788	1430.79	6985.22
-23.8373	2.90788	1429.91	7145.7
-23.8373	2.90788	1429.03	7266.41
-23.8373	2.90788	1428.15	6936.21
-23.8373	2.90788	1427.27	6943.51
-23.8373	2.90788	1426.38	6916.79
-23.8373	2.90788	1425.5	6969.44
-23.8373	2.90788	1424.62	7081.58
-23.8373	2.90788	1423.74	6893.35
-23.8373	2.90788	1422.85	6784.51
-23.8373	2.90788	1421.97	6876.79
-23.8373	2.90788	1421.09	6960.55
-23.8373	2.90788	1420.21	6942.36
-23.8373	2.90788	1419.32	6802.44
-23.8373	2.90788	1418.44	6886.17
-23.8373	2.90788	1417.56	7057.59
-23.8373	2.90788	1416.67	6934.7
-23.8373	2.90788	1415.79	6984.41
-23.8373	2.90788	1414.9	6895.52
-23.8373	2.90788	1414.02	7083.79
-23.8373	2.90788	1413.14	7130.62
-23.8373	2.90788	1412.25	6911.71
-23.8373	2.90788	1411.37	6964.21
-23.8373	2.90788	1410.48	6914.96
-23.8373	2.90788	1409.6	6891.15
-23.8373	2.90788	1408.71	6912.55
-23.8373	2.90788	1407.83	6900.05
-23.8373	2.90788	1406.94	6975.1
-23.8373	2.90788	1406.06	7067.06
-23.8373	2.90788	1405.17	6772.24
-23.8373	2.90788	1404.29	6861.38
-23.8373	2.90788	1403.4	6834.79
-23.8373	2.90788	1402.51	6980.32
-23.8373	2.90788	1401.63	6981.92
-23.8373	2.90788	1400.74	6927.12
-23.8373	2.90788	1399.85	6968.21
-23.8373	2.90788	1398.97	6967.0
-23.8373	2.90788	1398.08	7005.25
-23.8373	2.90788	1397.19	6939.21
-23.8373	2.90788	1396.31	6830.92
-23.8373	2.90788	1395.42	7136.84
-23.8373	2.90788	1394.53	7265.18
-23.8373	2.90788	1393.64	7168.15
-23.8373	2.90788	1392.76	6989.49
-23.8373	2.90788	1391.87	7354.3
-23.8373	2.90788	1390.98	7353.02
-23.8373	2.90788	1390.09	7393.96
-23.8373	2.90788	1389.2	7361.71
-23.8373	2.90788	1388.32	7337.92
-23.8373	2.90788	1387.43	7651.71
-23.8373	2.90788	1386.54	7360.68
-23.8373	2.90788	1385.65	7336.9
-23.8373	2.90788	1384.76	7419.97
-23.8373	2.90788	1383.87	7623.89
-23.8373	2.90788	1382.98	7605.7
-23.8373	2.90788	1382.09	7472.29
-23.8373	2.90788	1381.2	7397.94
-23.8373	2.90788	1380.31	7646.67
-23.8373	2.90788	1379.42	7867.23
-23.8373	2.90788	1378.53	7680.51
-23.8373	2.90788	1377.64	7915.02
-23.8373	2.90788	1376.75	7899.6
-23.8373	2.90788	1375.86	7996.46
-23.8373	2.90788	1374.97	7863.17
-23.8373	2.90788	1374.08	8007.7
-23.8373	2.90788	1373.19	8062.41
-23.8373	2.90788	1372.3	8265.76
-23.8373	2.90788	1371.4	8345.64
-23.8373	2.90788	1370.51	8260.07
-23.8373	2.90788	1369.62	8381.98
-23.8373	2.90788	1368.73	8386.12
-23.8373	2.90788	1367.84	8241.74
-23.8373	2.90788	1366.94	8167.45
-23.8373	2.90788	1366.05	8224.85
-23.8373	2.90788	1365.16	8455.89
-23.8373	2.90788	1364.27	8345.2
-23.8373	2.90788	1363.37	8198.15
-23.8373	2.90788	1362.48	8314.29
-23.8373	2.90788	1361.59	8086.13
-23.8373	2.90788	1360.69	8154.68
-23.8373	2.90788	1359.8	8024.55
-23.8373	2.90788	1358.91	8135.04
-23.8373	2.90788	1358.01	8265.08
-23.8373	2.90788	1357.12	8104.24
-23.8373	2.90788	1356.22	8169.93
-23.8373	2.90788	1355.33	8283.12
-23.8373	2.90788	1354.44	8558.38
-23.8373	2.90788	1353.54	8470.25
-23.8373	2.90788	1352.65	8569.36
-23.8373	2.90788	1351.75	8660.05
-23.8373	2.90788	1350.86	8678.09
-23.8373	2.90788	1349.96	8796.65
-23.8373	2.90788	1349.07	8716.93
-23.8373	2.90788	1348.17	8690.29
-23.8373	2.90788	1347.28	8554.79
-23.8373	2.90788	1346.38	8927.24
-23.8373	2.90788	1345.48	8618.77
-23.8373	2.90788	1344.59	8636.79
-23.8373	2.90788	1343.69	8861.2
-23.8373	2.90788	1342.79	8960.04
-23.8373	2.90788	1341.9	8908.29
-23.8373	2.90788	1341.0	8926.25
-23.8373	2.90788	1340.1	8885.66
-23.8373	2.90788	1339.21	8847.88
-23.8373	2.90788	1338.31	9046.95
-23.8373	2.90788	1337.41	9042.58
-23.8373	2.90788	1336.51	8823.74
-23.8373	2.90788	1335.62	9086.76
-23.8373	2.90788	1334.72	9168.7
-23.8373	2.90788	1333.82	9041.82
-23.8373	2.90788	1332.92	9134.87
-23.8373	2.90788	1332.02	9403.21
-23.8373	2.90788	1331.13	9326.44
-23.8373	2.90788	1330.23	9266.39
-23.8373	2.90788	1329.33	9203.58
-23.8373	2.90788	1328.43	9499.52
-23.8373	2.90788	1327.53	9553.47
-23.8373	2.90788	1326.63	9262.68
-23.8373	2.90788	1325.73	9194.35
-23.8373	2.90788	1324.83	9278.89
-23.8373	2.90788	1323.93	9363.4
-23.8373	2.90788	1323.03	9292.31
-23.8373	2.90788	1322.13	9037.93
-23.8373	2.90788	1321.23	9411.24
-23.8373	2.90788	1320.33	9731.67
-23.8373	2.90788	1319.43	9377.41
-23.8373	2.90788	1318.53	9481.24
-23.8373	2.90788	1317.63	9426.85
-23.8373	2.90788	1316.73	9733.18
-23.8373	2.90788	1315.83	9384.71
-23.8373	2.90788	1314.93	9294.31
-23.8373	2.90788	1314.02	9617.14
-23.8373	2.90788	1313.12	9607.14
-23.8373	2.90788	1312.22	9594.36
-23.8373	2.90788	1311.32	9443.01
-23.8373	2.90788	1310.42	9421.96
-23.8373	2.90788	1309.51	9522.82
-23.8373	2.90788	1308.61	9429.74
-23.8373	2.90788	1307.71	9126.19
-23.8373	2.90788	1306.81	9246.43
-23.8373	2.90788	1305.9	9275.27
-23.8373	2.90788	1305.0	9140.77
-23.8373	2.90788	1304.1	8956.49
-23.8373	2.90788	1303.19	8871.9
-23.8373	2.90788	1302.29	9102.76
-23.8373	2.90788	1301.39	9079.03
-23.8373	2.90788	1300.48	8964.04
-23.8373	2.90788	1299.58	8564.26
-23.8373	2.90788	1298.67	8753.53
-23.8373	2.90788	1297.77	8879.16
-23.8373	2.90788	1296.86	8675.83
-23.8373	2.90788	1295.96	8594.17
-23.8373	2.90788	1295.06	8529.12
-23.8373	2.90788	1294.15	8687.84
-23.8373	2.90788	1293.25	8597.94
-23.8373	2.90788	1292.34	8491.49
-23.8373	2.90788	1291.43	8437.54
-23.8373	2.90788	1290.53	8632.06
-23.8373	2.90788	1289.62	8492.54
-23.8373	2.90788	1288.72	8394.47
-23.8373	2.90788	1287.81	8464.73
-23.8373	2.90788	1286.9	8670.13
-23.8373	2.90788	1286.0	8304.55
-23.8373	2.90788	1285.09	8515.42
-23.8373	2.90788	1284.18	8370.56
-23.8373	2.90788	1283.28	8435.25
-23.8373	2.90788	1282.37	8483.37
-23.8373	2.90788	1281.46	8164.99
-23.8373	2.90788	1280.56	8301.31
-23.8373	2.90788	1279.65	8415.55
-23.8373	2.90788	1278.74	8273.6
-23.8373	2.90788	1277.83	7911.41
-23.8373	2.90788	1276.93	8130.28
-23.8373	2.90788	1276.02	8120.6
-23.8373	2.90788	1275.11	8044.86
-23.8373	2.90788	1274.2	8087.47
-23.8373	2.90788	1273.29	7813.67
-23.8373	2.90788	1272.38	7724.27
-23.8373	2.90788	1271.47	7898.94
-23.8373	2.90788	1270.56	7529.07
-23.8373	2.90788	1269.66	7525.0
-23.8373	2.90788	1268.75	7518.18
-23.8373	2.90788	1267.84	7525.1
-23.8373	2.90788	1266.93	7303.94
-23.8373	2.90788	1266.02	7135.07
-23.8373	2.90788	1265.11	7131.06
-23.8373	2.90788	1264.2	7192.98
-23.8373	2.90788	1263.29	7054.41
-23.8373	2.90788	1262.38	6896.68
-23.8373	2.90788	1261.46	7008.01
-23.8373	2.90788	1260.55	7135.77
-23.8373	2.90788	1259.64	6945.18
-23.8373	2.90788	1258.73	6883.6
-23.8373	2.90788	1257.82	6948.22
-23.8373	2.90788	1256.91	7004.59
-23.8373	2.90788	1256.0	6808.67
-23.8373	2.90788	1255.08	6695.06
-23.8373	2.90788	1254.17	7031.05
-23.8373	2.90788	1253.26	6774.93
-23.8373	2.90788	1252.35	6962.81
-23.8373	2.90788	1251.44	6687.61
-23.8373	2.90788	1250.52	6765.87
-23.8373	2.90788	1249.61	6893.4
-23.8373	2.90788	1248.7	6703.25
-23.8373	2.90788	1247.78	6762.3
-23.8373	2.90788	1246.87	6878.81
-23.8373	2.90788	1245.96	6872.13
-23.8373	2.90788	1245.04	6720.42
-23.8373	2.90788	1244.13	6763.01
-23.8373	2.90788	1243.22	6819.26
-23.8373	2.90788	1242.3	6831.73
-23.8373	2.90788	1241.39	6729.35
-23.8373	2.90788	1240.47	6725.44
-23.8373	2.90788	1239.56	6707.85
-23.8373	2.90788	1238.64	6619.21
-23.8373	2.90788	1237.73	6730.08
-23.8373	2.90788	1236.81	6693.38
-23.8373	2.90788	1235.9	6615.71
-23.8373	2.90788	1234.98	6562.66
-23.8373	2.90788	1234.07	6714.41
-23.8373	2.90788	1233.15	6576.73
-23.8373	2.90788	1232.24	6545.54
-23.8373	2.90788	1231.32	6628.99
-23.8373	2.90788	1230.4	6505.03
-23.8373	2.90788	1229.49	6468.42
-23.8373	2.90788	1228.57	6540.92
-23.8373	2.90788	1227.65	6697.95
-23.8373	2.90788	1226.74	6516.8
-23.8373	2.90788	1225.82	6313.91
-23.8373	2.90788	1224.9	6331.88
-23.8373	2.90788	1223.99	6633.27
-23.8373	2.90788	1223.07	6525.83
-23.8373	2.90788	1222.15	6363.95
-23.8373	2.90788	1221.23	6373.72
-23.8373	2.90788	1220.31	6421.61
-23.8373	2.90788	1219.4	6510.33
-23.8373	2.90788	1218.48	6460.18
-23.8373	2.90788	1217.56	6431.82
-23.8373	2.90788	1216.64	6569.48
-23.8373	2.90788	1215.72	6375.13
-23.8373	2.90788	1214.8	6569.88
-23.8373	2.90788	1213.88	6443.6
-23.8373	2.90788	1212.96	6510.45
-23.8373	2.90788	1212.05	6601.75
-23.8373	2.90788	1211.13	6442.91
-23.8373	2.90788	1210.21	6376.54
-23.8373	2.90788	1209.29	6552.05
-23.8373	2.90788	1208.37	6732.94
-23.8373	2.90788	1207.45	6432.93
-23.8373	2.90788	1206.53	6510.56
-23.8373	2.90788	1205.6	6664.2
-23.8373	2.90788	1204.68	6673.88
-23.8373	2.90788	1203.76	6566.83
-23.8373	2.90788	1202.84	6432.67
-23.8373	2.90788	1201.92	6637.78
-23.8373	2.90788	1201.0	6905.22
-23.8373	2.90788	1200.08	6773.78
-23.8373	2.90788	1199.16	6536.62
-23.8373	2.90788	1198.23	6605.97
-23.8373	2.90788	1197.31	6583.11
-23.8373	2.90788	1196.39	6384.06
-23.8373	2.90788	1195.47	6426.29
-23.8373	2.90788	1194.54	6517.29
-23.8373	2.90788	1193.62	6394.22
-23.8373	2.90788	1192.7	6287.44
-23.8373	2.90788	1191.78	6370.29
-23.8373	2.90788	1190.85	6236.47
-23.8373	2.90788	1189.93	6235.37
-23.8373	2.90788	1189.01	6009.58
-23.8373	2.90788	1188.08	6000.4
-23.8373	2.90788	1187.16	6183.35
-23.8373	2.90788	1186.23	5957.69
-23.8373	2.90788	1185.31	6029.68
-23.8373	2.90788	1184.39	6031.31
-23.8373	2.90788	1183.46	6024.84
-23.8373	2.90788	1182.54	6037.29
-23.8373	2.90788	1181.61	5860.52
-23.8373	2.90788	1180.69	5783.8
-23.8373	2.90788	1179.76	5826.01
-23.8373	2.90788	1178.84	6054.63
-23.8373	2.90788	1177.91	5867.17
-23.8373	2.90788	1176.99	5825.62
-23.8373	2.90788	1176.06	5889.4
-23.8373	2.90788	1175.13	5888.35
-23.8373	2.90788	1174.21	5752.34
-23.8373	2.90788	1173.28	5729.73
-23.8373	2.90788	1172.35	5866.34
-23.8373	2.90788	1171.43	5900.37
-23.8373	2.90788	1170.5	5896.63
-23.8373	2.90788	1169.57	5725.68
-23.8373	2.90788	1168.65	5692.3
-23.8373	2.90788	1167.72	5853.06
-23.8373	2.90788	1166.79	5717.24
-23.8373	2.90788	1165.86	5654.24
-23.8373	2.90788	1164.94	5575.1
-23.8373	2.90788	1164.01	5730.37
-23.8373	2.90788	1163.08	5812.85
-23.8373	2.90788	1162.15	5617.92
-23.8373	2.90788	1161.22	5517.29
-23.8373	2.90788	1160.3	5739.77
-23.8373	2.90788	1159.37	5655.31
-23.8373	2.90788	1158.44	5506.29
-23.8373	2.90788	1157.51	5524.14
-23.8373	2.90788	1156.58	5625.4
-23.8373	2.90788	1155.65	5395.76
-23.8373	2.90788	1154.72	5394.81
-23.8373	2.90788	1153.79	5329.32
-23.8373	2.90788	1152.86	5511.18
-23.8373	2.90788	1151.93	5225.29
-23.8373	2.90788	1151.0	5294.23
-23.8373	2.90788	1150.07	5317.48
-23.8373	2.90788	1149.14	5346.08
-23.8373	2.90788	1148.21	5393.48
-23.8373	2.90788	1147.28	5193.8
-23.8373	2.90788	1146.35	5222.41
-23.8373	2.90788	1145.42	5232.22
-23.8373	2.90788	1144.48	5250.08
-23.8373	2.90788	1143.55	5165.96
-23.8373	2.90788	1142.62	5178.46
-23.8373	2.90788	1141.69	5282.16
-23.8373	2.90788	1140.76	5227.58
-23.8373	2.90788	1139.82	5033.57
-23.8373	2.90788	1138.89	5137.24
-23.8373	2.90788	1137.96	5216.76
-23.8373	2.90788	1137.03	5323.04
-23.8373	2.90788	1136.09	5043.4
-23.8373	2.90788	1135.16	5248.81
-23.8373	2.90788	1134.23	5494.33
-23.8373	2.90788	1133.29	5134.45
-23.8373	2.90788	1132.36	5278.15
-23.8373	2.90788	1131.43	5266.5
-23.8373	2.90788	1130.49	5514.52
-23.8373	2.90788	1129.56	5422.54
-23.8373	2.90788	1128.62	5491.15
-23.8373	2.90788	1127.69	5458.07
-23.8373	2.90788	1126.76	5481.18
-23.8373	2.90788	1125.82	5448.11
-23.8373	2.90788	1124.89	5551.43
-23.8373	2.90788	1123.95	5633.32
-23.8373	2.90788	1123.02	5699.15
-23.8373	2.90788	1122.08	5577.87
-23.8373	2.90788	1121.14	5662.39
-23.8373	2.90788	1120.21	5827.03
-23.8373	2.90788	1119.27	5855.37
-23.8373	2.90788	1118.34	5547.19
-23.8373	2.90788	1117.4	5455.42
-23.8373	2.90788	1116.46	5449.11
-23.8373	2.90788	1115.53	5384.07
-23.8373	2.90788	1114.59	5364.43
-23.8373	2.90788	1113.65	5184.7
-23.8373	2.90788	1112.72	5130.42
-23.8373	2.90788	1111.78	5281.55
-23.8373	2.90788	1110.84	5091.25
-23.8373	2.90788	1109.9	5151.68
-23.8373	2.90788	1108.97	5124.1
-23.8373	2.90788	1108.03	5125.85
-23.8373	2.90788	1107.09	5039.66
-23.8373	2.90788	1106.15	5065.41
-23.8373	2.90788	1105.21	5045.86
-23.8373	2.90788	1104.28	5010.33
-23.8373	2.90788	1103.34	5012.1
-23.8373	2.90788	1102.4	4973.93
-23.8373	2.90788	1101.46	4855.91
-23.8373	2.90788	1100.52	5036.04
-23.8373	2.90788	1099.58	5072.4
-23.8373	2.90788	1098.64	4832.03
-23.8373	2.90788	1097.7	5017.39
-23.8373	2.90788	1096.76	5021.82
-23.8373	2.90788	1095.82	5007.63
-23.8373	2.90788	1094.88	4841.88
-23.8373	2.90788	1093.94	4960.65
-23.8373	2.90788	1093.0	4895.97
-23.8373	2.90788	1092.06	4892.44
-23.8373	2.90788	1091.12	4965.97
-23.8373	2.90788	1090.18	4978.37
-23.8373	2.90788	1089.24	4993.41
-23.8373	2.90788	1088.3	4854.43
-23.8373	2.90788	1087.35	4988.98
-23.8373	2.90788	1086.41	4754.48
-23.8373	2.90788	1085.47	4915.54
-23.8373	2.90788	1084.53	4872.2
-23.8373	2.90788	1083.59	4754.59
-23.8373	2.90788	1082.64	4971.27
-23.8373	2.90788	1081.7	4819.2
-23.8373	2.90788	1080.76	4876.68
-23.8373	2.90788	1079.81	4804.23
-23.8373	2.90788	1078.87	4925.31
-23.8373	2.90788	1077.93	4863.47
-23.8373	2.90788	1076.99	4836.11
-23.8373	2.90788	1076.04	4859.09
-23.8373	2.90788	1075.1	4847.63
-23.8373	2.90788	1074.15	4886.49
-23.8373	2.90788	1073.21	4827.36
-23.8373	2.90788	1072.27	4649.11
-23.8373	2.90788	1071.32	4833.58
-23.8373	2.90788	1070.38	4575.99
-23.8373	2.90788	1069.43	4630.75
-23.8373	2.90788	1068.49	4754.27
-23.8373	2.90788	1067.54	4764.0
-23.8373	2.90788	1066.6	4689.1
-23.8373	2.90788	1065.65	4672.39
-23.8373	2.90788	1064.71	4647.76
-23.8373	2.90788	1063.76	4615.22
-23.8373	2.90788	1062.81	4609.11
-23.8373	2.90788	1061.87	4621.49
-23.8373	2.90788	1060.92	4570.47
-23.8373	2.90788	1059.97	4569.66
-23.8373	2.90788	1059.03	4666.56
-23.8373	2.90788	1058.08	4636.68
-23.8373	2.90788	1057.13	4820.65
-23.8373	2.90788	1056.19	4830.35
-23.8373	2.90788	1055.24	4776.7
-23.8373	2.90788	1054.29	4775.85
-23.8373	2.90788	1053.34	4716.96
-23.8373	2.90788	1052.4	4784.69
-23.8373	2.90788	1051.45	4725.82
-23.8373	2.90788	1050.5	4661.69
-23.8373	2.90788	1049.55	4658.22
-23.8373	2.90788	1048.6	4501.88
-23.8373	2.90788	1047.66	4588.04
-23.8373	2.90788	1046.71	4550.33
-23.8373	2.90788	1045.76	4575.86
-23.8373	2.90788	1044.81	4525.0
-23.8373	2.90788	1043.86	4684.83
-23.8373	2.90788	1042.91	4470.72
-23.8373	2.90788	1041.96	4406.74
-23.8373	2.90788	1041.01	4471.76
-23.8373	2.90788	1040.06	4428.85
-23.8373	2.90788	1039.11	4446.48
-23.8373	2.90788	1038.16	4435.16
-23.8373	2.90788	1037.21	4492.23
-23.8373	2.90788	1036.26	4449.35
-23.8373	2.90788	1035.31	4317.1
-23.8373	2.90788	1034.36	4447.76
-23.8373	2.90788	1033.4	4399.65
-23.8373	2.90788	1032.45	4530.25
-23.8373	2.90788	1031.5	4408.59
-23.8373	2.90788	1030.55	4426.19
-23.8373	2.90788	1029.6	4498.93
-23.8373	2.90788	1028.65	4506.0
-23.8373	2.90788	1027.69	4465.82
-23.8373	2.90788	1026.74	4543.77
-23.8373	2.90788	1025.79	4689.92
-23.8373	2.90788	1024.84	4405.69
-23.8373	2.90788	1023.88	4349.81
-23.8373	2.90788	1022.93	4598.22
-23.8373	2.90788	1021.98	4416.44
-23.8373	2.90788	1021.02	4478.58
-23.8373	2.90788	1020.07	4420.1
-23.8373	2.90788	1019.12	4542.5
-23.8373	2.90788	1018.16	4429.0
-23.8373	2.90788	1017.21	4493.71
-23.8373	2.90788	1016.25	4275.46
-23.8373	2.90788	1015.3	4416.14
-23.8373	2.90788	1014.34	4420.58
-23.8373	2.90788	1013.39	4396.23
-23.8373	2.90788	1012.44	4473.98
-23.8373	2.90788	1011.48	4567.4
-23.8373	2.90788	1010.52	4469.76
-23.8373	2.90788	1009.57	4406.16
-23.8373	2.90788	1008.61	4428.91
-23.8373	2.90788	1007.66	4532.74
-23.8373	2.90788	1006.7	4492.7
-23.8373	2.90788	1005.75	4528.5
-23.8373	2.90788	1004.79	4527.69
-23.8373	2.90788	1003.83	4505.97
-23.8373	2.90788	1002.88	4431.99
-23.8373	2.90788	1001.92	4486.06
-23.8373	2.90788	1000.96	4482.64
-23.8373	2.90788	1000.0	4581.09
-23.8373	2.90788	999.048	4528.04
-23.8373	2.90788	998.09	4399.29
-23.8373	2.90788	997.132	4544.69
-23.8373	2.90788	996.174	4588.24
-23.8373	2.90788	995.216	4571.76
-23.8373	2.90788	994.258	4401.35
-23.8373	2.90788	993.3	4604.03
-23.8373	2.90788	992.341	4553.65
-23.8373	2.90788	991.382	4362.48
-23.8373	2.90788	990.423	4473.8
-23.8373	2.90788	989.4639999999999	4410.44
-23.8373	2.90788	988.505	4409.65
-23.8373	2.90788	987.546	4325.47
-23.8373	2.90788	986.586	4358.56
-23.8373	2.90788	985.6260000000001	4560.95
-23.8373	2.90788	984.666	4625.24
-23.8373	2.90788	983.706	4475.99
-23.8373	2.90788	982.7460000000001	4464.77
-23.8373	2.90788	981.785	4578.5
-23.8373	2.90788	980.825	4512.62
-23.8373	2.90788	979.8639999999999	4423.34
-23.8373	2.90788	978.903	4687.9
-23.8373	2.90788	977.942	4759.88
-23.8373	2.90788	976.9810000000001	4618.6
-23.8373	2.90788	976.0189999999999	4555.36
-23.8373	2.90788	975.057	4577.94
-23.8373	2.90788	974.095	4694.08
-23.8373	2.90788	973.133	4532.12
-23.8373	2.90788	972.171	4526.11
-23.8373	2.90788	971.209	4517.5
-23.8373	2.90788	970.2460000000001	4576.43
-23.8373	2.90788	969.284	4445.76
-23.8373	2.90788	968.321	4525.45
-23.8373	2.90788	967.3580000000001	4464.93
-23.8373	2.90788	966.3939999999999	4638.02
-23.8373	2.90788	965.431	4468.51
-23.8373	2.90788	964.467	4371.71
-23.8373	2.90788	963.5039999999999	4511.0
-23.8373	2.90788	962.54	4515.38
-23.8373	2.90788	961.576	4558.65
-23.8373	2.90788	960.6110000000001	4550.05
-23.8373	2.90788	959.6469999999999	4624.4
-23.8373	2.90788	958.682	4499.17
-23.8373	2.90788	957.7180000000001	4322.16
-23.8373	2.90788	956.753	4448.33
-23.8373	2.90788	955.7869999999999	4564.09
-23.8373	2.90788	954.822	4413.06
-23.8373	2.90788	953.857	4394.14
-23.8373	2.90788	952.8910000000001	4385.58
-23.8373	2.90788	951.925	4555.63
-23.8373	2.90788	950.959	4508.22
-23.8373	2.90788	949.993	4362.51
-23.8373	2.90788	949.0269999999999	4410.88
-23.8373	2.90788	948.06	4508.37
-23.8373	2.90788	947.0930000000001	4499.8
-23.8373	2.90788	946.1260000000001	4369.71
-23.8373	2.90788	945.159	4524.03
-23.8373	2.90788	944.192	4520.64
-23.8373	2.90788	943.225	4493.98
-23.8373	2.90788	942.257	4379.48
-23.8373	2.90788	941.289	4531.11
-23.8373	2.90788	940.321	4504.46
-23.8373	2.90788	939.3530000000001	4431.35
-23.8373	2.90788	938.385	4425.38
-23.8373	2.90788	937.4169999999999	4507.19
-23.8373	2.90788	936.448	4640.59
-23.8373	2.90788	935.4789999999999	4539.11
-23.8373	2.90788	934.51	4494.43
-23.8373	2.90788	933.541	4416.24
-23.8373	2.90788	932.572	4629.51
-23.8373	2.90788	931.602	4334.71
-23.8373	2.90788	930.633	4519.55
-23.8373	2.90788	929.663	4647.62
-23.8373	2.90788	928.693	4456.07
-23.8373	2.90788	927.7230000000001	4372.81
-23.8373	2.90788	926.752	4423.54
-23.8373	2.90788	925.7819999999999	4412.44
-23.8373	2.90788	924.811	4615.1
-23.8373	2.90788	923.84	4534.45
-23.8373	2.90788	922.8689999999999	4443.52
-23.8373	2.90788	921.898	4576.57
-23.8373	2.90788	920.926	4359.57
-23.8373	2.90788	919.955	4327.9
-23.8373	2.90788	918.9830000000001	4481.48
-23.8373	2.90788	918.0110000000001	4377.78
-23.8373	2.90788	917.039	4402.71
-23.8373	2.90788	916.066	4332.49
-23.8373	2.90788	915.0939999999999	4359.99
-23.8373	2.90788	914.1210000000001	4328.36
-23.8373	2.90788	913.148	4312.16
-23.8373	2.90788	912.175	4403.87
-23.8373	2.90788	911.202	4326.01
-23.8373	2.90788	910.2289999999999	4363.76
-23.8373	2.90788	909.255	4275.66
-23.8373	2.90788	908.2819999999999	4297.99
-23.8373	2.90788	907.308	4443.54
-23.8373	2.90788	906.334	4419.64
-23.8373	2.90788	905.36	4429.1
-23.8373	2.90788	904.385	4515.53
-23.8373	2.90788	903.4110000000001	4537.8
-23.8373	2.90788	902.436	4380.54
-23.8373	2.90788	901.461	4384.87
-23.8373	2.90788	900.4860000000001	4319.99
-23.8373	2.90788	899.51	4442.24
-23.8373	2.90788	898.535	4451.69
-23.8373	2.90788	897.559	4325.33
-23.8373	2.90788	896.5830000000001	4437.27
-23.8373	2.90788	895.607	4341.7
-23.8373	2.90788	894.6310000000001	4348.59
-23.8373	2.90788	893.655	4245.39
-23.8373	2.90788	892.678	4380.3
-23.8373	2.90788	891.702	4341.12
-23.8373	2.90788	890.725	4289.15
-23.8373	2.90788	889.748	4454.69
-23.8373	2.90788	888.77	4525.51
-23.8373	2.90788	887.793	4332.86
-23.8373	2.90788	886.815	4419.02
-23.8373	2.90788	885.8380000000001	4408.0
-23.8373	2.90788	884.86	4458.33
-23.8373	2.90788	883.882	4506.08
-23.8373	2.90788	882.903	4380.05
-23.8373	2.90788	881.925	4379.26
-23.8373	2.90788	880.946	4513.86
-23.8373	2.90788	879.967	4405.77
-23.8373	2.90788	878.988	4404.97
-23.8373	2.90788	878.0089999999999	4480.77
-23.8373	2.90788	877.03	4421.24
-23.8373	2.90788	876.05	4346.43
-23.8373	2.90788	875.071	4440.06
-23.8373	2.90788	874.091	4319.34
-23.8373	2.90788	873.1110000000001	4367.02
-23.8373	2.90788	872.13	4409.59
-23.8373	2.90788	871.15	4513.34
-23.8373	2.90788	870.169	4423.29
-23.8373	2.90788	869.189	4442.88
-23.8373	2.90788	868.2080000000001	4393.65
-23.8373	2.90788	867.2260000000001	4341.9
-23.8373	2.90788	866.245	4397.16
-23.8373	2.90788	865.2639999999999	4564.47
-23.8373	2.90788	864.2819999999999	4405.75
-23.8373	2.90788	863.3	4476.24
-23.8373	2.90788	862.318	4511.07
-23.8373	2.90788	861.336	4515.35
-23.8373	2.90788	860.3530000000001	4458.54
-23.8373	2.90788	859.3710000000001	4488.26
-23.8373	2.90788	858.388	4525.61
-23.8373	2.90788	857.405	4522.25
-23.8373	2.90788	856.422	4470.57
-23.8373	2.90788	855.439	4601.97
-23.8373	2.90788	854.455	4641.8
-23.8373	2.90788	853.472	4511.34
-23.8373	2.90788	852.488	4525.77
-23.8373	2.90788	851.5039999999999	4596.09
-23.8373	2.90788	850.52	4633.36
-23.8373	2.90788	849.535	4713.79
-23.8373	2.90788	848.551	4715.47
-23.8373	2.90788	847.566	4691.77
-23.8373	2.90788	846.581	4899.06
-23.8373	2.90788	845.596	4827.11
-23.8373	2.90788	844.6110000000001	4902.36
-23.8373	2.90788	843.6260000000001	4939.52
-23.8373	2.90788	842.64	4796.58
-23.8373	2.90788	841.654	4930.12
-23.8373	2.90788	840.668	5114.33
-23.8373	2.90788	839.682	5006.92
-23.8373	2.90788	838.696	5000.94
-23.8373	2.90788	837.709	4989.9
-23.8373	2.90788	836.7230000000001	5214.5
-23.8373	2.90788	835.7360000000001	5137.55
-23.8373	2.90788	834.7489999999999	4916.26
-23.8373	2.90788	833.762	4986.27
-23.8373	2.90788	832.7739999999999	4972.71
-23.8373	2.90788	831.7869999999999	4711.06
-23.8373	2.90788	830.799	4806.39
-23.8373	2.90788	829.811	4856.12
-23.8373	2.90788	828.823	4900.78
-23.8373	2.90788	827.835	4781.0
-23.8373	2.90788	826.846	4747.25
-23.8373	2.90788	825.857	4814.66
-23.8373	2.90788	824.8689999999999	4914.92
-23.8373	2.90788	823.88	4815.44
-23.8373	2.90788	822.89	4685.67
-23.8373	2.90788	821.9010000000001	4621.65
-23.8373	2.90788	820.9119999999999	4646.07
-23.8373	2.90788	819.922	4587.13
-23.8373	2.90788	818.932	4576.19
-23.8373	2.90788	817.942	4656.16
-23.8373	2.90788	816.952	4395.28
-23.8373	2.90788	815.961	4553.5
-23.8373	2.90788	814.971	4615.77
-23.8373	2.90788	813.98	4584.65
-23.8373	2.90788	812.9889999999999	4493.0
-23.8373	2.90788	811.998	4469.48
-23.8373	2.90788	811.0060000000001	4360.23
-23.8373	2.90788	810.015	4253.54
-23.8373	2.90788	809.023	4310.74
-23.8373	2.90788	808.0310000000001	4380.53
-23.8373	2.90788	807.039	4369.65
-23.8373	2.90788	806.047	4383.98
-23.8373	2.90788	805.054	4355.47
-23.8373	2.90788	804.062	4367.27
-23.8373	2.90788	803.069	4258.19
-23.8373	2.90788	802.076	4295.18
-23.8373	2.90788	801.0830000000001	4138.33
-23.8373	2.90788	800.0889999999999	4336.4
-23.8373	2.90788	799.096	4272.71
-23.8373	2.90788	798.102	4375.08
-23.8373	2.90788	797.1080000000001	4246.0
-23.8373	2.90788	796.1139999999999	4252.77
-23.8373	2.90788	795.12	4262.05
-23.8373	2.90788	794.1260000000001	4404.57
-23.8373	2.90788	793.1310000000001	4428.91
-23.8373	2.90788	792.1360000000001	4407.99
-23.8373	2.90788	791.1410000000001	4472.52
-23.8373	2.90788	790.1460000000001	4406.39
-23.8373	2.90788	789.1510000000001	4420.66
-23.8373	2.90788	788.155	4482.63
-23.8373	2.90788	787.16	4255.84
-23.8373	2.90788	786.164	4260.09
-23.8373	2.90788	785.168	4276.88
-23.8373	2.90788	784.171	4381.49
-23.8373	2.90788	783.175	4285.35
-23.8373	2.90788	782.178	4267.01
-23.8373	2.90788	781.182	4263.73
-23.8373	2.90788	780.185	4303.07
-23.8373	2.90788	779.188	4126.79
-23.8373	2.90788	778.19	4181.18
-23.8373	2.90788	777.193	4243.07
-23.8373	2.90788	776.195	4172.14
-23.8373	2.90788	775.197	4158.85
-23.8373	2.90788	774.199	4220.71
-23.8373	2.90788	773.201	4202.41
-23.8373	2.90788	772.202	4274.26
-23.8373	2.90788	771.204	4218.4
-23.8373	2.90788	770.205	4200.11
-23.8373	2.90788	769.206	4286.93
-23.8373	2.90788	768.207	4343.7
-23.8373	2.90788	767.2080000000001	4352.92
-23.8373	2.90788	766.2080000000001	4437.16
-23.8373	2.90788	765.2080000000001	4403.84
-23.8373	2.90788	764.209	4233.02
-23.8373	2.90788	763.2080000000001	4352.24
-23.8373	2.90788	762.2080000000001	4338.94
-23.8373	2.90788	761.2080000000001	4460.6
-23.8373	2.90788	760.207	4392.33
-23.8373	2.90788	759.206	4399.02
-23.8373	2.90788	758.205	4418.2
-23.8373	2.90788	757.204	4332.49
-23.8373	2.90788	756.203	4419.08
-23.8373	2.90788	755.201	4565.55
-23.8373	2.90788	754.2	4439.92
-23.8373	2.90788	753.198	4790.95
-23.8373	2.90788	752.196	4717.72
-23.8373	2.90788	751.193	4849.06
-23.8373	2.90788	750.191	4962.9
-23.8373	2.90788	749.188	4852.28
-23.8373	2.90788	748.186	4739.2
-23.8373	2.90788	747.183	5007.53
-23.8373	2.90788	746.179	4852.11
-23.8373	2.90788	745.176	4896.07
-23.8373	2.90788	744.173	4793.04
-23.8373	2.90788	743.169	4866.88
-23.8373	2.90788	742.165	4701.63
-23.8373	2.90788	741.1610000000001	4653.47
-23.8373	2.90788	740.1569999999999	4699.91
-23.8373	2.90788	739.1519999999999	4701.54
-23.8373	2.90788	738.1469999999999	4623.54
-23.8373	2.90788	737.143	4615.23
-23.8373	2.90788	736.138	4803.44
-23.8373	2.90788	735.132	4750.33
-23.8373	2.90788	734.127	4605.24
-23.8373	2.90788	733.122	4674.01
-23.8373	2.90788	732.1160000000001	4879.47
-23.8373	2.90788	731.11	4958.1
-23.8373	2.90788	730.1039999999999	4835.44
-23.8373	2.90788	729.097	5060.63
-23.8373	2.90788	728.091	5124.29
-23.8373	2.90788	727.084	4956.96
-23.8373	2.90788	726.077	5137.31
-23.8373	2.90788	725.07	5153.74
-23.8373	2.90788	724.063	5167.69
-23.8373	2.90788	723.056	4993.03
-23.8373	2.90788	722.048	5098.81
-23.8373	2.90788	721.04	5080.51
-23.8373	2.90788	720.0319999999999	5213.51
-23.8373	2.90788	719.0239999999999	4986.89
-23.8373	2.90788	718.0160000000001	5035.57
-23.8373	2.90788	717.007	5141.24
-23.8373	2.90788	715.9989999999999	4756.14
-23.8373	2.90788	714.99	4869.25
-23.8373	2.90788	713.9810000000001	4915.43
-23.8373	2.90788	712.972	4661.87
-23.8373	2.90788	711.962	4557.0
-23.8373	2.90788	710.953	4561.11
-23.8373	2.90788	709.943	4622.17
-23.8373	2.90788	708.933	4475.28
-23.8373	2.90788	707.923	4499.21
-23.8373	2.90788	706.9119999999999	4560.24
-23.8373	2.90788	705.9019999999999	4589.1
-23.8373	2.90788	704.8910000000001	4531.36
-23.8373	2.90788	703.88	4372.26
-23.8373	2.90788	702.8689999999999	4453.05
-23.8373	2.90788	701.8580000000001	4333.58
-23.8373	2.90788	700.846	4224.03
-23.8373	2.90788	699.834	4289.98
-23.8373	2.90788	698.823	4301.54
-23.8373	2.90788	697.811	4345.22
-23.8373	2.90788	696.798	4134.49
-23.8373	2.90788	695.7860000000001	4397.95
-23.8373	2.90788	694.773	4419.36
-23.8373	2.90788	693.7610000000001	4408.68
-23.8373	2.90788	692.748	4161.07
-23.8373	2.90788	691.7339999999999	4424.33
-23.8373	2.90788	690.721	4191.61
-23.8373	2.90788	689.7080000000001	4368.44
-23.8373	2.90788	688.694	4239.4
-23.8373	2.90788	687.68	4428.48
-23.8373	2.90788	686.666	4262.49
-23.8373	2.90788	685.6519999999999	4244.46
-23.8373	2.90788	684.637	4285.57
-23.8373	2.90788	683.623	4368.56
-23.8373	2.90788	682.6080000000001	4256.9
-23.8373	2.90788	681.5930000000001	4359.56
-23.8373	2.90788	680.578	4484.35
-23.8373	2.90788	679.562	4419.52
-23.8373	2.90788	678.547	4352.24
-23.8373	2.90788	677.5310000000001	4326.83
-23.8373	2.90788	676.515	4409.7
-23.8373	2.90788	675.4989999999999	4239.12
-23.8373	2.90788	674.482	4277.7
-23.8373	2.90788	673.466	4370.37
-23.8373	2.90788	672.449	4507.27
-23.8373	2.90788	671.432	4336.81
-23.8373	2.90788	670.415	4495.78
-23.8373	2.90788	669.398	4433.52
-23.8373	2.90788	668.3810000000001	4523.62
-23.8373	2.90788	667.363	4390.12
-23.8373	2.90788	666.345	4443.35
-23.8373	2.90788	665.327	4774.07
-23.8373	2.90788	664.309	4596.4
-23.8373	2.90788	663.291	4642.2
-23.8373	2.90788	662.2719999999999	4722.34
-23.8373	2.90788	661.253	4694.48
-23.8373	2.90788	660.2339999999999	4656.82
-23.8373	2.90788	659.215	4746.72
-23.8373	2.90788	658.196	4863.58
-23.8373	2.90788	657.176	4904.37
-23.8373	2.90788	656.1569999999999	4773.52
-23.8373	2.90788	655.137	4802.06
-23.8373	2.90788	654.117	4901.66
-23.8373	2.90788	653.097	4724.33
-23.8373	2.90788	652.076	4561.76
-23.8373	2.90788	651.056	4658.9
-23.8373	2.90788	650.035	4643.35
-23.8373	2.90788	649.014	4419.68
-23.8373	2.90788	647.993	4602.47
-23.8373	2.90788	646.971	4616.31
-23.8373	2.90788	645.95	4571.41
-23.8373	2.90788	644.928	4409.08
-23.8373	2.90788	643.906	4481.66
-23.8373	2.90788	642.884	4522.41
-23.8373	2.90788	641.861	4352.85
-23.8373	2.90788	640.839	4378.94
-23.8373	2.90788	639.816	4417.24
-23.8373	2.90788	638.793	4428.65
-23.8373	2.90788	637.77	4330.09
-23.8373	2.90788	636.747	4280.43
-23.8373	2.90788	635.724	4445.74
-23.8373	2.90788	634.7	4352.12
-23.8373	2.90788	633.6759999999999	4339.11
-23.8373	2.90788	632.6519999999999	4394.46
-23.8373	2.90788	631.628	4535.22
-23.8373	2.90788	630.6030000000001	4300.1
-23.8373	2.90788	629.5790000000001	4340.79
-23.8373	2.90788	628.554	4408.29
-23.8373	2.90788	627.529	4375.77
-23.8373	2.90788	626.504	4226.21
-23.8373	2.90788	625.479	4518.01
-23.8373	2.90788	624.453	4514.74
-23.8373	2.90788	623.427	4433.48
-23.8373	2.90788	622.401	4415.6
-23.8373	2.90788	621.375	4497.62
-23.8373	2.90788	620.349	4457.82
-23.8373	2.90788	619.323	4420.46
-23.8373	2.90788	618.2959999999999	4322.24
-23.8373	2.90788	617.269	4224.06
-23.8373	2.90788	616.242	4444.79
-23.8373	2.90788	615.215	4232.24
-23.8373	2.90788	614.187	4345.82
-23.8373	2.90788	613.16	4498.29
-23.8373	2.90788	612.132	4283.41
-23.8373	2.90788	611.104	4226.68
-23.8373	2.90788	610.076	4325.59
-23.8373	2.90788	609.047	4451.2
-23.8373	2.90788	608.019	4112.53
-23.8373	2.90788	606.99	4313.47
-23.8373	2.90788	605.961	4300.53
-23.8373	2.90788	604.932	4333.74
-23.8373	2.90788	603.903	4019.63
-23.8373	2.90788	602.873	4288.43
-23.8373	2.90788	601.844	4299.78
-23.8373	2.90788	600.814	4165.48
