-15.8659	9.74208	1799.31	2900.2
-15.8659	9.74208	1798.5	2942.49
-15.8659	9.74208	1797.68	2914.5
-15.8659	9.74208	1796.86	2920.12
-15.8659	9.74208	1796.04	2834.11
-15.8659	9.74208	1795.22	2906.92
-15.8659	9.74208	1794.4	2787.36
-15.8659	9.74208	1793.58	2902.88
-15.8659	9.74208	1792.76	2948.17
-15.8659	9.74208	1791.94	2883.59
-15.8659	9.74208	1791.13	2919.72
-15.8659	9.74208	1790.31	2986.33
-15.8659	9.74208	1789.49	3034.62
-15.8659	9.74208	1788.67	2896.89
-15.8659	9.74208	1787.85	2936.04
-15.8659	9.74208	1787.03	2905.06
-15.8659	9.74208	1786.21	2916.76
-15.8659	9.74208	1785.39	2937.6
-15.8659	9.74208	1784.56	3040.69
-15.8659	9.74208	1783.74	2823.89
-15.8659	9.74208	1782.92	2936.11
-15.8659	9.74208	1782.1	3005.65
-15.8659	9.74208	1781.28	2968.61
-15.8659	9.74208	1780.46	2873.73
-15.8659	9.74208	1779.64	2900.64
-15.8659	9.74208	1778.82	2863.63
-15.8659	9.74208	1778.0	3000.07
-15.8659	9.74208	1777.17	2874.83
-15.8659	9.74208	1776.35	2974.72
-15.8659	9.74208	1775.53	3025.92
-15.8659	9.74208	1774.71	2906.82
-15.8659	9.74208	1773.89	2985.37
-15.8659	9.74208	1773.06	2911.92
-15.8659	9.74208	1772.24	2859.76
-15.8659	9.74208	1771.42	2892.7
-15.8659	9.74208	1770.59	2949.93
-15.8659	9.74208	1769.77	2949.44
-15.8659	9.74208	1768.95	3046.12
-15.8659	9.74208	1768.12	3018.28
-15.8659	9.74208	1767.3	3014.73
-15.8659	9.74208	1766.48	2974.76
-15.8659	9.74208	1765.65	2877.14
-15.8659	9.74208	1764.83	2928.24
-15.8659	9.74208	1764.01	3006.62
-15.8659	9.74208	1763.18	3003.08
-15.8659	9.74208	1762.36	2966.18
-15.8659	9.74208	1761.53	2898.96
-15.8659	9.74208	1760.71	3047.03
-15.8659	9.74208	1759.88	3098.05
-15.8659	9.74208	1759.06	3094.5
-15.8659	9.74208	1758.23	3021.24
-15.8659	9.74208	1757.41	3117.69
-15.8659	9.74208	1756.58	3186.83
-15.8659	9.74208	1755.76	2974.28
-15.8659	9.74208	1754.93	3058.56
-15.8659	9.74208	1754.11	3109.52
-15.8659	9.74208	1753.28	3169.54
-15.8659	9.74208	1752.46	3099.38
-15.8659	9.74208	1751.63	3062.55
-15.8659	9.74208	1750.8	2989.41
-15.8659	9.74208	1749.98	2952.6
-15.8659	9.74208	1749.15	3097.28
-15.8659	9.74208	1748.32	3063.49
-15.8659	9.74208	1747.5	3108.33
-15.8659	9.74208	1746.67	3086.64
-15.8659	9.74208	1745.84	3146.57
-15.8659	9.74208	1745.02	3245.77
-15.8659	9.74208	1744.19	3139.46
-15.8659	9.74208	1743.36	3184.25
-15.8659	9.74208	1742.53	3090.07
-15.8659	9.74208	1741.71	3186.19
-15.8659	9.74208	1740.88	3179.61
-15.8659	9.74208	1740.05	3221.33
-15.8659	9.74208	1739.22	3190.6
-15.8659	9.74208	1738.39	3177.99
-15.8659	9.74208	1737.56	3274.01
-15.8659	9.74208	1736.74	3258.37
-15.8659	9.74208	1735.91	3164.31
-15.8659	9.74208	1735.08	3290.44
-15.8659	9.74208	1734.25	3208.46
-15.8659	9.74208	1733.42	3256.16
-15.8659	9.74208	1732.59	3222.45
-15.8659	9.74208	1731.76	3243.0
-15.8659	9.74208	1730.93	3347.92
-15.8659	9.74208	1730.1	3398.57
-15.8659	9.74208	1729.27	3238.34
-15.8659	9.74208	1728.44	3147.43
-15.8659	9.74208	1727.61	3333.6
-15.8659	9.74208	1726.78	3453.47
-15.8659	9.74208	1725.95	3317.42
-15.8659	9.74208	1725.12	3322.87
-15.8659	9.74208	1724.29	3223.0
-15.8659	9.74208	1723.46	3466.17
-15.8659	9.74208	1722.63	3420.46
-15.8659	9.74208	1721.8	3323.63
-15.8659	9.74208	1720.96	3392.23
-15.8659	9.74208	1720.13	3376.62
-15.8659	9.74208	1719.3	3442.18
-15.8659	9.74208	1718.47	3348.42
-15.8659	9.74208	1717.64	3386.92
-15.8659	9.74208	1716.81	3377.33
-15.8659	9.74208	1715.97	3502.93
-15.8659	9.74208	1715.14	3583.44
-15.8659	9.74208	1714.31	3516.76
-15.8659	9.74208	1713.48	3429.08
-15.8659	9.74208	1712.64	3569.6
-15.8659	9.74208	1711.81	3617.02
-15.8659	9.74208	1710.98	3643.42
-15.8659	9.74208	1710.14	3591.79
-15.8659	9.74208	1709.31	3630.18
-15.8659	9.74208	1708.48	3674.56
-15.8659	9.74208	1707.64	3697.93
-15.8659	9.74208	1706.81	3616.34
-15.8659	9.74208	1705.98	3696.67
-15.8659	9.74208	1705.14	3708.03
-15.8659	9.74208	1704.31	3668.44
-15.8659	9.74208	1703.47	3769.7
-15.8659	9.74208	1702.64	3748.09
-15.8659	9.74208	1701.81	3708.51
-15.8659	9.74208	1700.97	3713.87
-15.8659	9.74208	1700.14	3782.11
-15.8659	9.74208	1699.3	3640.74
-15.8659	9.74208	1698.47	3735.92
-15.8659	9.74208	1697.63	3816.09
-15.8659	9.74208	1696.79	3941.13
-15.8659	9.74208	1695.96	3889.6
-15.8659	9.74208	1695.12	3808.16
-15.8659	9.74208	1694.29	3867.34
-15.8659	9.74208	1693.45	4001.25
-15.8659	9.74208	1692.62	4018.51
-15.8659	9.74208	1691.78	3901.23
-15.8659	9.74208	1690.94	3933.45
-15.8659	9.74208	1690.11	4001.51
-15.8659	9.74208	1689.27	3979.92
-15.8659	9.74208	1688.43	4038.99
-15.8659	9.74208	1687.6	4098.04
-15.8659	9.74208	1686.76	3983.86
-15.8659	9.74208	1685.92	3965.26
-15.8659	9.74208	1685.08	4081.02
-15.8659	9.74208	1684.25	4137.04
-15.8659	9.74208	1683.41	4022.92
-15.8659	9.74208	1682.57	3914.82
-15.8659	9.74208	1681.73	4114.04
-15.8659	9.74208	1680.89	4062.63
-15.8659	9.74208	1680.06	4097.72
-15.8659	9.74208	1679.22	4153.68
-15.8659	9.74208	1678.38	4236.45
-15.8659	9.74208	1677.54	4241.69
-15.8659	9.74208	1676.7	4261.83
-15.8659	9.74208	1675.86	4353.48
-15.8659	9.74208	1675.02	4364.65
-15.8659	9.74208	1674.18	4259.65
-15.8659	9.74208	1673.35	4372.1
-15.8659	9.74208	1672.51	4430.91
-15.8659	9.74208	1671.67	4415.27
-15.8659	9.74208	1670.83	4557.4
-15.8659	9.74208	1669.99	4434.6
-15.8659	9.74208	1669.15	4359.45
-15.8659	9.74208	1668.31	4370.6
-15.8659	9.74208	1667.47	4613.79
-15.8659	9.74208	1666.62	4687.35
-15.8659	9.74208	1665.78	4579.5
-15.8659	9.74208	1664.94	4703.59
-15.8659	9.74208	1664.1	4744.41
-15.8659	9.74208	1663.26	4921.93
-15.8659	9.74208	1662.42	4754.68
-15.8659	9.74208	1661.58	4848.94
-15.8659	9.74208	1660.74	4756.03
-15.8659	9.74208	1659.9	5099.75
-15.8659	9.74208	1659.05	5164.21
-15.8659	9.74208	1658.21	5154.43
-15.8659	9.74208	1657.37	5046.68
-15.8659	9.74208	1656.53	5339.66
-15.8659	9.74208	1655.68	5353.59
-15.8659	9.74208	1654.84	5403.11
-15.8659	9.74208	1654.0	5431.86
-15.8659	9.74208	1653.16	5694.91
-15.8659	9.74208	1652.31	5658.35
-15.8659	9.74208	1651.47	5740.41
-15.8659	9.74208	1650.63	5558.59
-15.8659	9.74208	1649.78	5696.95
-15.8659	9.74208	1648.94	5636.71
-15.8659	9.74208	1648.1	5798.71
-15.8659	9.74208	1647.25	5818.46
-15.8659	9.74208	1646.41	5568.65
-15.8659	9.74208	1645.56	5638.78
-15.8659	9.74208	1644.72	5916.15
-15.8659	9.74208	1643.88	5852.97
-15.8659	9.74208	1643.03	5840.13
-15.8659	9.74208	1642.19	5886.49
-15.8659	9.74208	1641.34	6137.0
-15.8659	9.74208	1640.5	5964.36
-15.8659	9.74208	1639.65	6111.24
-15.8659	9.74208	1638.81	5917.95
-15.8659	9.74208	1637.96	5955.38
-15.8659	9.74208	1637.11	6173.15
-15.8659	9.74208	1636.27	6044.98
-15.8659	9.74208	1635.42	6100.1
-15.8659	9.74208	1634.58	6205.44
-15.8659	9.74208	1633.73	6287.1
-15.8659	9.74208	1632.88	6410.1
-15.8659	9.74208	1632.04	6252.47
-15.8659	9.74208	1631.19	6469.92
-15.8659	9.74208	1630.34	6572.15
-15.8659	9.74208	1629.5	6659.58
-15.8659	9.74208	1628.65	6841.43
-15.8659	9.74208	1627.8	6680.91
-15.8659	9.74208	1626.96	6842.04
-15.8659	9.74208	1626.11	7236.16
-15.8659	9.74208	1625.26	7116.94
-15.8659	9.74208	1624.41	6932.89
-15.8659	9.74208	1623.57	7185.27
-15.8659	9.74208	1622.72	7275.43
-15.8659	9.74208	1621.87	7495.24
-15.8659	9.74208	1621.02	7384.92
-15.8659	9.74208	1620.17	7203.92
-15.8659	9.74208	1619.32	7435.42
-15.8659	9.74208	1618.47	7534.29
-15.8659	9.74208	1617.63	7515.33
-15.8659	9.74208	1616.78	7257.88
-15.8659	9.74208	1615.93	7453.88
-15.8659	9.74208	1615.08	7691.01
-15.8659	9.74208	1614.23	7689.7
-15.8659	9.74208	1613.38	7388.26
-15.8659	9.74208	1612.53	7672.35
-15.8659	9.74208	1611.68	7924.0
-15.8659	9.74208	1610.83	7990.28
-15.8659	9.74208	1609.98	7933.04
-15.8659	9.74208	1609.13	7658.28
-15.8659	9.74208	1608.28	8206.62
-15.8659	9.74208	1607.43	8172.89
-15.8659	9.74208	1606.58	8256.7
-15.8659	9.74208	1605.73	8011.45
-15.8659	9.74208	1604.87	8136.38
-15.8659	9.74208	1604.02	8378.74
-15.8659	9.74208	1603.17	8174.7
-15.8659	9.74208	1602.32	8202.66
-15.8659	9.74208	1601.47	8292.24
-15.8659	9.74208	1600.62	8502.13
-15.8659	9.74208	1599.76	8515.34
-15.8659	9.74208	1598.91	8352.52
-15.8659	9.74208	1598.06	8439.09
-15.8659	9.74208	1597.21	8276.34
-15.8659	9.74208	1596.36	8486.05
-15.8659	9.74208	1595.5	8519.77
-15.8659	9.74208	1594.65	8248.63
-15.8659	9.74208	1593.8	8217.91
-15.8659	9.74208	1592.94	8374.74
-15.8659	9.74208	1592.09	8481.7
-15.8659	9.74208	1591.24	8327.93
-15.8659	9.74208	1590.38	8136.13
-15.8659	9.74208	1589.53	8278.22
-15.8659	9.74208	1588.68	8355.85
-15.8659	9.74208	1587.82	8137.79
-15.8659	9.74208	1586.97	8174.45
-15.8659	9.74208	1586.11	8187.67
-15.8659	9.74208	1585.26	8288.67
-15.8659	9.74208	1584.4	8293.1
-15.8659	9.74208	1583.55	8361.87
-15.8659	9.74208	1582.69	8152.81
-15.8659	9.74208	1581.84	8046.16
-15.8659	9.74208	1580.98	8176.32
-15.8659	9.74208	1580.13	8002.48
-15.8659	9.74208	1579.27	8097.54
-15.8659	9.74208	1578.42	8072.77
-15.8659	9.74208	1577.56	8135.65
-15.8659	9.74208	1576.71	8201.43
-15.8659	9.74208	1575.85	8065.69
-15.8659	9.74208	1574.99	8131.46
-15.8659	9.74208	1574.14	8065.84
-15.8659	9.74208	1573.28	8108.24
-15.8659	9.74208	1572.42	7876.31
-15.8659	9.74208	1571.57	8017.92
-15.8659	9.74208	1570.71	7964.03
-15.8659	9.74208	1569.85	8032.67
-15.8659	9.74208	1569.0	7891.31
-15.8659	9.74208	1568.14	7857.88
-15.8659	9.74208	1567.28	7920.66
-15.8659	9.74208	1566.42	7965.94
-15.8659	9.74208	1565.56	8028.68
-15.8659	9.74208	1564.71	7770.89
-15.8659	9.74208	1563.85	7993.88
-15.8659	9.74208	1562.99	8033.28
-15.8659	9.74208	1562.13	8069.76
-15.8659	9.74208	1561.27	8033.43
-15.8659	9.74208	1560.41	8256.21
-15.8659	9.74208	1559.56	8173.29
-15.8659	9.74208	1558.7	8337.77
-15.8659	9.74208	1557.84	8150.11
-15.8659	9.74208	1556.98	7985.8
-15.8659	9.74208	1556.12	8205.49
-15.8659	9.74208	1555.26	8238.97
-15.8659	9.74208	1554.4	8304.43
-15.8659	9.74208	1553.54	8023.91
-15.8659	9.74208	1552.68	7883.01
-15.8659	9.74208	1551.82	7936.87
-15.8659	9.74208	1550.96	7871.58
-15.8659	9.74208	1550.1	7765.64
-15.8659	9.74208	1549.24	7572.59
-15.8659	9.74208	1548.38	7678.74
-15.8659	9.74208	1547.52	7616.44
-15.8659	9.74208	1546.65	7333.52
-15.8659	9.74208	1545.79	7465.78
-15.8659	9.74208	1544.93	7621.22
-15.8659	9.74208	1544.07	7419.69
-15.8659	9.74208	1543.21	7505.45
-15.8659	9.74208	1542.35	7359.12
-15.8659	9.74208	1541.48	7160.64
-15.8659	9.74208	1540.62	7237.69
-15.8659	9.74208	1539.76	7285.74
-15.8659	9.74208	1538.9	7241.0
-15.8659	9.74208	1538.04	7175.99
-15.8659	9.74208	1537.17	7168.96
-15.8659	9.74208	1536.31	7289.41
-15.8659	9.74208	1535.45	6781.23
-15.8659	9.74208	1534.58	7049.41
-15.8659	9.74208	1533.72	6964.22
-15.8659	9.74208	1532.86	7101.99
-15.8659	9.74208	1531.99	7028.4
-15.8659	9.74208	1531.13	6902.73
-15.8659	9.74208	1530.27	7101.21
-15.8659	9.74208	1529.4	7273.58
-15.8659	9.74208	1528.54	6945.45
-15.8659	9.74208	1527.67	7048.37
-15.8659	9.74208	1526.81	7061.61
-15.8659	9.74208	1525.94	7280.13
-15.8659	9.74208	1525.08	7195.04
-15.8659	9.74208	1524.21	7176.46
-15.8659	9.74208	1523.35	7111.65
-15.8659	9.74208	1522.48	7038.19
-15.8659	9.74208	1521.62	7282.52
-15.8659	9.74208	1520.75	7214.84
-15.8659	9.74208	1519.89	7265.57
-15.8659	9.74208	1519.02	7376.92
-15.8659	9.74208	1518.15	7289.05
-15.8659	9.74208	1517.29	7498.49
-15.8659	9.74208	1516.42	7523.16
-15.8659	9.74208	1515.56	7472.82
-15.8659	9.74208	1514.69	7682.11
-15.8659	9.74208	1513.82	7640.41
-15.8659	9.74208	1512.96	7535.28
-15.8659	9.74208	1512.09	7828.07
-15.8659	9.74208	1511.22	7722.94
-15.8659	9.74208	1510.35	7972.36
-15.8659	9.74208	1509.49	7875.89
-15.8659	9.74208	1508.62	7877.41
-15.8659	9.74208	1507.75	7893.33
-15.8659	9.74208	1506.88	8223.2
-15.8659	9.74208	1506.01	8008.68
-15.8659	9.74208	1505.15	7897.88
-15.8659	9.74208	1504.28	8213.19
-15.8659	9.74208	1503.41	8286.6
-15.8659	9.74208	1502.54	8265.03
-15.8659	9.74208	1501.67	7972.99
-15.8659	9.74208	1500.8	8109.7
-15.8659	9.74208	1499.93	8191.71
-15.8659	9.74208	1499.06	8351.34
-15.8659	9.74208	1498.19	8246.39
-15.8659	9.74208	1497.32	8175.97
-15.8659	9.74208	1496.46	8364.26
-15.8659	9.74208	1495.59	8236.37
-15.8659	9.74208	1494.72	8321.15
-15.8659	9.74208	1493.84	8219.16
-15.8659	9.74208	1492.97	8418.8
-15.8659	9.74208	1492.1	8331.19
-15.8659	9.74208	1491.23	8364.21
-15.8659	9.74208	1490.36	8170.41
-15.8659	9.74208	1489.49	7945.12
-15.8659	9.74208	1488.62	8170.46
-15.8659	9.74208	1487.75	7956.72
-15.8659	9.74208	1486.88	7895.09
-15.8659	9.74208	1486.01	7724.49
-15.8659	9.74208	1485.13	7683.01
-15.8659	9.74208	1484.26	7544.05
-15.8659	9.74208	1483.39	7611.55
-15.8659	9.74208	1482.52	7449.71
-15.8659	9.74208	1481.65	7193.36
-15.8659	9.74208	1480.77	7280.94
-15.8659	9.74208	1479.9	7176.55
-15.8659	9.74208	1479.03	6957.61
-15.8659	9.74208	1478.16	6962.14
-15.8659	9.74208	1477.28	6814.9
-15.8659	9.74208	1476.41	6936.82
-15.8659	9.74208	1475.54	6798.23
-15.8659	9.74208	1474.66	6714.06
-15.8659	9.74208	1473.79	6941.81
-15.8659	9.74208	1472.91	6820.45
-15.8659	9.74208	1472.04	6939.4
-15.8659	9.74208	1471.17	6760.89
-15.8659	9.74208	1470.29	7034.22
-15.8659	9.74208	1469.42	7033.0
-15.8659	9.74208	1468.54	6991.77
-15.8659	9.74208	1467.67	6861.95
-15.8659	9.74208	1466.79	7080.79
-15.8659	9.74208	1465.92	7208.12
-15.8659	9.74208	1465.04	6949.79
-15.8659	9.74208	1464.17	6954.3
-15.8659	9.74208	1463.29	6864.58
-15.8659	9.74208	1462.42	7037.54
-15.8659	9.74208	1461.54	6839.36
-15.8659	9.74208	1460.66	6724.02
-15.8659	9.74208	1459.79	6665.78
-15.8659	9.74208	1458.91	6824.39
-15.8659	9.74208	1458.04	6711.96
-15.8659	9.74208	1457.16	6605.28
-15.8659	9.74208	1456.28	6595.58
-15.8659	9.74208	1455.41	6528.86
-15.8659	9.74208	1454.53	6507.77
-15.8659	9.74208	1453.65	6520.9
-15.8659	9.74208	1452.77	6514.07
-15.8659	9.74208	1451.9	6436.01
-15.8659	9.74208	1451.02	6520.35
-15.8659	9.74208	1450.14	6624.6
-15.8659	9.74208	1449.26	6387.1
-15.8659	9.74208	1448.39	6448.63
-15.8659	9.74208	1447.51	6584.15
-15.8659	9.74208	1446.63	6605.78
-15.8659	9.74208	1445.75	6576.17
-15.8659	9.74208	1444.87	6395.79
-15.8659	9.74208	1443.99	6747.41
-15.8659	9.74208	1443.11	6646.7
-15.8659	9.74208	1442.23	6651.23
-15.8659	9.74208	1441.35	6672.82
-15.8659	9.74208	1440.48	6745.58
-15.8659	9.74208	1439.6	6900.72
-15.8659	9.74208	1438.72	6873.95
-15.8659	9.74208	1437.84	6605.69
-15.8659	9.74208	1436.96	6740.89
-15.8659	9.74208	1436.08	6694.28
-15.8659	9.74208	1435.2	6923.13
-15.8659	9.74208	1434.31	6652.21
-15.8659	9.74208	1433.43	6662.41
-15.8659	9.74208	1432.55	6774.78
-15.8659	9.74208	1431.67	6731.04
-15.8659	9.74208	1430.79	6633.4
-15.8659	9.74208	1429.91	6654.94
-15.8659	9.74208	1429.03	6872.18
-15.8659	9.74208	1428.15	6888.0
-15.8659	9.74208	1427.27	6801.75
-15.8659	9.74208	1426.38	6690.01
-15.8659	9.74208	1425.5	6754.03
-15.8659	9.74208	1424.62	6806.7
-15.8659	9.74208	1423.74	6536.36
-15.8659	9.74208	1422.85	6637.2
-15.8659	9.74208	1421.97	6865.46
-15.8659	9.74208	1421.09	6796.31
-15.8659	9.74208	1420.21	6630.91
-15.8659	9.74208	1419.32	6632.59
-15.8659	9.74208	1418.44	6402.18
-15.8659	9.74208	1417.56	6559.54
-15.8659	9.74208	1416.67	6326.39
-15.8659	9.74208	1415.79	6435.62
-15.8659	9.74208	1414.9	6445.81
-15.8659	9.74208	1414.02	6690.72
-15.8659	9.74208	1413.14	6327.65
-15.8659	9.74208	1412.25	6493.33
-15.8659	9.74208	1411.37	6257.61
-15.8659	9.74208	1410.48	6428.91
-15.8659	9.74208	1409.6	6523.85
-15.8659	9.74208	1408.71	6435.14
-15.8659	9.74208	1407.83	6405.78
-15.8659	9.74208	1406.94	6466.79
-15.8659	9.74208	1406.06	6530.61
-15.8659	9.74208	1405.17	6611.34
-15.8659	9.74208	1404.29	6347.7
-15.8659	9.74208	1403.4	6456.65
-15.8659	9.74208	1402.51	6469.63
-15.8659	9.74208	1401.63	6499.54
-15.8659	9.74208	1400.74	6526.61
-15.8659	9.74208	1399.85	6454.97
-15.8659	9.74208	1398.97	6656.86
-15.8659	9.74208	1398.08	6728.99
-15.8659	9.74208	1397.19	6747.55
-15.8659	9.74208	1396.31	6661.83
-15.8659	9.74208	1395.42	6742.38
-15.8659	9.74208	1394.53	6972.21
-15.8659	9.74208	1393.64	6779.47
-15.8659	9.74208	1392.76	6783.92
-15.8659	9.74208	1391.87	7092.45
-15.8659	9.74208	1390.98	7063.06
-15.8659	9.74208	1390.09	7137.83
-15.8659	9.74208	1389.2	7254.78
-15.8659	9.74208	1388.32	7171.92
-15.8659	9.74208	1387.43	7395.72
-15.8659	9.74208	1386.54	7310.05
-15.8659	9.74208	1385.65	7246.91
-15.8659	9.74208	1384.76	7400.29
-15.8659	9.74208	1383.87	7441.17
-15.8659	9.74208	1382.98	7386.47
-15.8659	9.74208	1382.09	7416.09
-15.8659	9.74208	1381.2	7459.75
-15.8659	9.74208	1380.31	7534.3
-15.8659	9.74208	1379.42	7738.02
-15.8659	9.74208	1378.53	7646.81
-15.8659	9.74208	1377.64	7665.13
-15.8659	9.74208	1376.75	7902.41
-15.8659	9.74208	1375.86	7811.22
-15.8659	9.74208	1374.97	7680.77
-15.8659	9.74208	1374.08	7572.81
-15.8659	9.74208	1373.19	7885.68
-15.8659	9.74208	1372.3	7839.43
-15.8659	9.74208	1371.4	7706.26
-15.8659	9.74208	1370.51	7853.52
-15.8659	9.74208	1369.62	7894.19
-15.8659	9.74208	1368.73	8046.97
-15.8659	9.74208	1367.84	7986.72
-15.8659	9.74208	1366.94	7811.61
-15.8659	9.74208	1366.05	7841.06
-15.8659	9.74208	1365.16	7957.33
-15.8659	9.74208	1364.27	7969.94
-15.8659	9.74208	1363.37	7755.76
-15.8659	9.74208	1362.48	8006.35
-15.8659	9.74208	1361.59	8192.49
-15.8659	9.74208	1360.69	7933.6
-15.8659	9.74208	1359.8	7691.59
-15.8659	9.74208	1358.91	8048.32
-15.8659	9.74208	1358.01	8044.12
-15.8659	9.74208	1357.12	7950.43
-15.8659	9.74208	1356.22	8002.17
-15.8659	9.74208	1355.33	7788.31
-15.8659	9.74208	1354.44	8200.61
-15.8659	9.74208	1353.54	8257.87
-15.8659	9.74208	1352.65	8153.04
-15.8659	9.74208	1351.75	8078.99
-15.8659	9.74208	1350.86	8228.4
-15.8659	9.74208	1349.96	8313.53
-15.8659	9.74208	1349.07	8256.24
-15.8659	9.74208	1348.17	8307.84
-15.8659	9.74208	1347.28	8515.72
-15.8659	9.74208	1346.38	8625.85
-15.8659	9.74208	1345.48	8741.53
-15.8659	9.74208	1344.59	8575.42
-15.8659	9.74208	1343.69	8880.73
-15.8659	9.74208	1342.79	9250.07
-15.8659	9.74208	1341.9	9033.76
-15.8659	9.74208	1341.0	8775.71
-15.8659	9.74208	1340.1	8935.83
-15.8659	9.74208	1339.21	9204.59
-15.8659	9.74208	1338.31	9150.04
-15.8659	9.74208	1337.41	9053.72
-15.8659	9.74208	1336.51	8965.79
-15.8659	9.74208	1335.62	9393.08
-15.8659	9.74208	1334.72	9271.71
-15.8659	9.74208	1333.82	9331.34
-15.8659	9.74208	1332.92	9243.42
-15.8659	9.74208	1332.02	9508.96
-15.8659	9.74208	1331.13	9434.95
-15.8659	9.74208	1330.23	9305.33
-15.8659	9.74208	1329.33	9309.27
-15.8659	9.74208	1328.43	9571.82
-15.8659	9.74208	1327.53	9492.3
-15.8659	9.74208	1326.63	9537.89
-15.8659	9.74208	1325.73	9469.52
-15.8659	9.74208	1324.83	9665.16
-15.8659	9.74208	1323.93	9738.49
-15.8659	9.74208	1323.03	9756.23
-15.8659	9.74208	1322.13	9729.53
-15.8659	9.74208	1321.23	9736.15
-15.8659	9.74208	1320.33	9926.03
-15.8659	9.74208	1319.43	9696.65
-15.8659	9.74208	1318.53	9345.24
-15.8659	9.74208	1317.63	9615.56
-15.8659	9.74208	1316.73	9447.4
-15.8659	9.74208	1315.83	9495.68
-15.8659	9.74208	1314.93	9399.71
-15.8659	9.74208	1314.02	9436.89
-15.8659	9.74208	1313.12	9460.19
-15.8659	9.74208	1312.22	9308.83
-15.8659	9.74208	1311.32	9409.75
-15.8659	9.74208	1310.42	9491.24
-15.8659	9.74208	1309.51	9508.97
-15.8659	9.74208	1308.61	9393.73
-15.8659	9.74208	1307.71	9397.62
-15.8659	9.74208	1306.81	9127.36
-15.8659	9.74208	1305.9	9363.87
-15.8659	9.74208	1305.0	9312.4
-15.8659	9.74208	1304.1	9056.13
-15.8659	9.74208	1303.19	9004.73
-15.8659	9.74208	1302.29	9080.62
-15.8659	9.74208	1301.39	9101.16
-15.8659	9.74208	1300.48	8950.21
-15.8659	9.74208	1299.58	8898.86
-15.8659	9.74208	1298.67	8930.48
-15.8659	9.74208	1297.77	9014.61
-15.8659	9.74208	1296.86	8769.81
-15.8659	9.74208	1295.96	8840.12
-15.8659	9.74208	1295.06	8940.79
-15.8659	9.74208	1294.15	8837.01
-15.8659	9.74208	1293.25	8832.7
-15.8659	9.74208	1292.34	8836.67
-15.8659	9.74208	1291.43	8738.49
-15.8659	9.74208	1290.53	9048.89
-15.8659	9.74208	1289.62	8823.74
-15.8659	9.74208	1288.72	8921.54
-15.8659	9.74208	1287.81	8459.21
-15.8659	9.74208	1286.9	8849.44
-15.8659	9.74208	1286.0	8607.93
-15.8659	9.74208	1285.09	8584.36
-15.8659	9.74208	1284.18	8547.01
-15.8659	9.74208	1283.28	8528.97
-15.8659	9.74208	1282.37	8373.13
-15.8659	9.74208	1281.46	8360.64
-15.8659	9.74208	1280.56	8477.64
-15.8659	9.74208	1279.65	8594.6
-15.8659	9.74208	1278.74	8799.66
-15.8659	9.74208	1277.83	8542.01
-15.8659	9.74208	1276.93	8551.53
-15.8659	9.74208	1276.02	8806.03
-15.8659	9.74208	1275.11	8551.27
-15.8659	9.74208	1274.2	8310.37
-15.8659	9.74208	1273.29	8361.18
-15.8659	9.74208	1272.38	8150.65
-15.8659	9.74208	1271.47	8168.47
-15.8659	9.74208	1270.56	7988.29
-15.8659	9.74208	1269.66	7879.66
-15.8659	9.74208	1268.75	7864.53
-15.8659	9.74208	1267.84	7808.18
-15.8659	9.74208	1266.93	7600.72
-15.8659	9.74208	1266.02	7591.14
-15.8659	9.74208	1265.11	7631.01
-15.8659	9.74208	1264.2	7574.74
-15.8659	9.74208	1263.29	7493.77
-15.8659	9.74208	1262.38	7583.05
-15.8659	9.74208	1261.46	7438.98
-15.8659	9.74208	1260.55	7657.23
-15.8659	9.74208	1259.64	7447.34
-15.8659	9.74208	1258.73	7492.67
-15.8659	9.74208	1257.82	7499.58
-15.8659	9.74208	1256.91	7566.82
-15.8659	9.74208	1256.0	7403.71
-15.8659	9.74208	1255.08	7331.12
-15.8659	9.74208	1254.17	7464.15
-15.8659	9.74208	1253.26	7353.21
-15.8659	9.74208	1252.35	7277.93
-15.8659	9.74208	1251.44	7221.85
-15.8659	9.74208	1250.52	7078.14
-15.8659	9.74208	1249.61	6918.05
-15.8659	9.74208	1248.7	7163.27
-15.8659	9.74208	1247.78	7082.62
-15.8659	9.74208	1246.87	7122.43
-15.8659	9.74208	1245.96	7304.54
-15.8659	9.74208	1245.04	7073.4
-15.8659	9.74208	1244.13	7252.72
-15.8659	9.74208	1243.22	7204.94
-15.8659	9.74208	1242.3	7359.56
-15.8659	9.74208	1241.39	7374.67
-15.8659	9.74208	1240.47	7504.6
-15.8659	9.74208	1239.56	7399.41
-15.8659	9.74208	1238.64	7488.29
-15.8659	9.74208	1237.73	7366.74
-15.8659	9.74208	1236.81	7204.26
-15.8659	9.74208	1235.9	7331.37
-15.8659	9.74208	1234.98	7373.77
-15.8659	9.74208	1234.07	7126.72
-15.8659	9.74208	1233.15	6999.89
-15.8659	9.74208	1232.24	6949.52
-15.8659	9.74208	1231.32	7204.83
-15.8659	9.74208	1230.4	6897.95
-15.8659	9.74208	1229.49	6902.19
-15.8659	9.74208	1228.57	6960.98
-15.8659	9.74208	1227.65	6948.85
-15.8659	9.74208	1226.74	7007.61
-15.8659	9.74208	1225.82	7014.55
-15.8659	9.74208	1224.9	7332.23
-15.8659	9.74208	1223.99	7033.88
-15.8659	9.74208	1223.07	6929.1
-15.8659	9.74208	1222.15	6848.87
-15.8659	9.74208	1221.23	6831.32
-15.8659	9.74208	1220.31	7102.45
-15.8659	9.74208	1219.4	6929.65
-15.8659	9.74208	1218.48	6805.92
-15.8659	9.74208	1217.56	6725.79
-15.8659	9.74208	1216.64	6871.56
-15.8659	9.74208	1215.72	6807.76
-15.8659	9.74208	1214.8	6504.59
-15.8659	9.74208	1213.88	6669.36
-15.8659	9.74208	1212.96	6695.38
-15.8659	9.74208	1212.05	6677.88
-15.8659	9.74208	1211.13	6497.28
-15.8659	9.74208	1210.21	6262.38
-15.8659	9.74208	1209.29	6378.13
-15.8659	9.74208	1208.37	6643.28
-15.8659	9.74208	1207.45	6248.2
-15.8659	9.74208	1206.53	6268.82
-15.8659	9.74208	1205.6	6365.48
-15.8659	9.74208	1204.68	6652.16
-15.8659	9.74208	1203.76	6414.81
-15.8659	9.74208	1202.84	6345.82
-15.8659	9.74208	1201.92	6420.68
-15.8659	9.74208	1201.0	6376.13
-15.8659	9.74208	1200.08	6361.44
-15.8659	9.74208	1199.16	6083.67
-15.8659	9.74208	1198.23	6134.12
-15.8659	9.74208	1197.31	6203.53
-15.8659	9.74208	1196.39	6004.54
-15.8659	9.74208	1195.47	6187.78
-15.8659	9.74208	1194.54	6251.72
-15.8659	9.74208	1193.62	6074.51
-15.8659	9.74208	1192.7	6032.8
-15.8659	9.74208	1191.78	6026.31
-15.8659	9.74208	1190.85	5925.05
-15.8659	9.74208	1189.93	5964.62
-15.8659	9.74208	1189.01	5855.28
-15.8659	9.74208	1188.08	6059.94
-15.8659	9.74208	1187.16	5985.81
-15.8659	9.74208	1186.23	6033.45
-15.8659	9.74208	1185.31	6056.73
-15.8659	9.74208	1184.39	5871.74
-15.8659	9.74208	1183.46	6114.08
-15.8659	9.74208	1182.54	6253.58
-15.8659	9.74208	1181.61	6325.46
-15.8659	9.74208	1180.69	6186.51
-15.8659	9.74208	1179.76	6258.37
-15.8659	9.74208	1178.84	6454.49
-15.8659	9.74208	1177.91	6248.05
-15.8659	9.74208	1176.99	6106.5
-15.8659	9.74208	1176.06	6145.93
-15.8659	9.74208	1175.13	6242.03
-15.8659	9.74208	1174.21	6130.25
-15.8659	9.74208	1173.28	6026.61
-15.8659	9.74208	1172.35	5990.46
-15.8659	9.74208	1171.43	6032.57
-15.8659	9.74208	1170.5	5961.37
-15.8659	9.74208	1169.57	5941.43
-15.8659	9.74208	1168.65	5883.75
-15.8659	9.74208	1167.72	6012.12
-15.8659	9.74208	1166.79	5798.11
-15.8659	9.74208	1165.86	5762.04
-15.8659	9.74208	1164.94	5820.3
-15.8659	9.74208	1164.01	5762.7
-15.8659	9.74208	1163.08	5853.26
-15.8659	9.74208	1162.15	5763.35
-15.8659	9.74208	1161.22	5907.73
-15.8659	9.74208	1160.3	5914.76
-15.8659	9.74208	1159.37	5719.91
-15.8659	9.74208	1158.44	5799.63
-15.8659	9.74208	1157.51	5742.1
-15.8659	9.74208	1156.58	5730.32
-15.8659	9.74208	1155.65	5847.65
-15.8659	9.74208	1154.72	5771.31
-15.8659	9.74208	1153.79	5988.09
-15.8659	9.74208	1152.86	5941.32
-15.8659	9.74208	1151.93	5908.01
-15.8659	9.74208	1151.0	5820.97
-15.8659	9.74208	1150.07	5892.48
-15.8659	9.74208	1149.14	5730.25
-15.8659	9.74208	1148.21	5560.02
-15.8659	9.74208	1147.28	5593.94
-15.8659	9.74208	1146.35	5515.08
-15.8659	9.74208	1145.42	5543.63
-15.8659	9.74208	1144.48	5435.29
-15.8659	9.74208	1143.55	5332.34
-15.8659	9.74208	1142.62	5275.05
-15.8659	9.74208	1141.69	5268.75
-15.8659	9.74208	1140.76	5321.46
-15.8659	9.74208	1139.82	5277.61
-15.8659	9.74208	1138.89	5182.83
-15.8659	9.74208	1137.96	5278.41
-15.8659	9.74208	1137.03	5280.16
-15.8659	9.74208	1136.09	5249.74
-15.8659	9.74208	1135.16	5331.87
-15.8659	9.74208	1134.23	5384.5
-15.8659	9.74208	1133.29	5295.15
-15.8659	9.74208	1132.36	5179.06
-15.8659	9.74208	1131.43	5167.43
-15.8659	9.74208	1130.49	5265.56
-15.8659	9.74208	1129.56	5211.1
-15.8659	9.74208	1128.62	5207.5
-15.8659	9.74208	1127.69	5302.89
-15.8659	9.74208	1126.76	5285.9
-15.8659	9.74208	1125.82	5263.56
-15.8659	9.74208	1124.89	5099.51
-15.8659	9.74208	1123.95	5173.46
-15.8659	9.74208	1123.02	5164.52
-15.8659	9.74208	1122.08	5259.82
-15.8659	9.74208	1121.14	5074.5
-15.8659	9.74208	1120.21	5006.81
-15.8659	9.74208	1119.27	5297.08
-15.8659	9.74208	1118.34	5159.93
-15.8659	9.74208	1117.4	4974.76
-15.8659	9.74208	1116.46	5198.14
-15.8659	9.74208	1115.53	5303.99
-15.8659	9.74208	1114.59	5142.92
-15.8659	9.74208	1113.65	5142.0
-15.8659	9.74208	1112.72	5082.39
-15.8659	9.74208	1111.78	5222.86
-15.8659	9.74208	1110.84	5440.63
-15.8659	9.74208	1109.9	5234.34
-15.8659	9.74208	1108.97	5334.72
-15.8659	9.74208	1108.03	5379.08
-15.8659	9.74208	1107.09	5354.14
-15.8659	9.74208	1106.15	5385.16
-15.8659	9.74208	1105.21	5354.9
-15.8659	9.74208	1104.28	5591.01
-15.8659	9.74208	1103.34	5605.99
-15.8659	9.74208	1102.4	5535.76
-15.8659	9.74208	1101.46	5569.39
-15.8659	9.74208	1100.52	5746.73
-15.8659	9.74208	1099.58	5604.66
-15.8659	9.74208	1098.64	5502.55
-15.8659	9.74208	1097.7	5695.78
-15.8659	9.74208	1096.76	5660.18
-15.8659	9.74208	1095.82	5576.73
-15.8659	9.74208	1094.88	5535.86
-15.8659	9.74208	1093.94	5540.19
-15.8659	9.74208	1093.0	5374.41
-15.8659	9.74208	1092.06	5362.82
-15.8659	9.74208	1091.12	5364.52
-15.8659	9.74208	1090.18	5289.18
-15.8659	9.74208	1089.24	5296.21
-15.8659	9.74208	1088.3	5130.62
-15.8659	9.74208	1087.35	5116.43
-15.8659	9.74208	1086.41	5203.12
-15.8659	9.74208	1085.47	5146.45
-15.8659	9.74208	1084.53	5211.88
-15.8659	9.74208	1083.59	5019.91
-15.8659	9.74208	1082.64	5170.23
-15.8659	9.74208	1081.7	5060.56
-15.8659	9.74208	1080.76	4988.06
-15.8659	9.74208	1079.81	4897.02
-15.8659	9.74208	1078.87	4938.57
-15.8659	9.74208	1077.93	5017.2
-15.8659	9.74208	1076.99	5048.1
-15.8659	9.74208	1076.04	4957.12
-15.8659	9.74208	1075.1	5001.27
-15.8659	9.74208	1074.15	5053.34
-15.8659	9.74208	1073.21	5020.67
-15.8659	9.74208	1072.27	4882.1
-15.8659	9.74208	1071.32	5013.58
-15.8659	9.74208	1070.38	5100.02
-15.8659	9.74208	1069.43	4776.28
-15.8659	9.74208	1068.49	4828.35
-15.8659	9.74208	1067.54	5023.23
-15.8659	9.74208	1066.6	5120.19
-15.8659	9.74208	1065.65	4936.82
-15.8659	9.74208	1064.71	4869.84
-15.8659	9.74208	1063.76	4987.92
-15.8659	9.74208	1062.81	5047.82
-15.8659	9.74208	1061.87	4970.29
-15.8659	9.74208	1060.92	4845.23
-15.8659	9.74208	1059.97	4862.85
-15.8659	9.74208	1059.03	4964.98
-15.8659	9.74208	1058.08	4663.08
-15.8659	9.74208	1057.13	4902.49
-15.8659	9.74208	1056.19	4743.24
-15.8659	9.74208	1055.24	4760.87
-15.8659	9.74208	1054.29	4659.75
-15.8659	9.74208	1053.34	4677.38
-15.8659	9.74208	1052.4	4805.79
-15.8659	9.74208	1051.45	4891.96
-15.8659	9.74208	1050.5	4566.77
-15.8659	9.74208	1049.55	4594.95
-15.8659	9.74208	1048.6	4770.73
-15.8659	9.74208	1047.66	4798.86
-15.8659	9.74208	1046.71	4766.39
-15.8659	9.74208	1045.76	4675.97
-15.8659	9.74208	1044.81	4733.08
-15.8659	9.74208	1043.86	4877.07
-15.8659	9.74208	1042.91	4552.34
-15.8659	9.74208	1041.96	4770.02
-15.8659	9.74208	1041.01	4758.64
-15.8659	9.74208	1040.06	4818.32
-15.8659	9.74208	1039.11	4688.53
-15.8659	9.74208	1038.16	4750.83
-15.8659	9.74208	1037.21	4789.43
-15.8659	9.74208	1036.26	4759.65
-15.8659	9.74208	1035.31	4750.91
-15.8659	9.74208	1034.36	4962.98
-15.8659	9.74208	1033.4	4914.79
-15.8659	9.74208	1032.45	4714.2
-15.8659	9.74208	1031.5	4755.39
-15.8659	9.74208	1030.55	4951.55
-15.8659	9.74208	1029.6	4898.14
-15.8659	9.74208	1028.65	4723.95
-15.8659	9.74208	1027.69	4833.37
-15.8659	9.74208	1026.74	4824.63
-15.8659	9.74208	1025.79	4989.11
-15.8659	9.74208	1024.84	5003.96
-15.8659	9.74208	1023.88	4926.98
-15.8659	9.74208	1022.93	5088.73
-15.8659	9.74208	1021.98	5006.52
-15.8659	9.74208	1021.02	5008.24
-15.8659	9.74208	1020.07	4988.99
-15.8659	9.74208	1019.12	5035.28
-15.8659	9.74208	1018.16	5060.59
-15.8659	9.74208	1017.21	4891.98
-15.8659	9.74208	1016.25	5064.01
-15.8659	9.74208	1015.3	5110.25
-15.8659	9.74208	1014.34	5088.39
-15.8659	9.74208	1013.39	4917.28
-15.8659	9.74208	1012.44	4832.63
-15.8659	9.74208	1011.48	4949.54
-15.8659	9.74208	1010.52	4982.68
-15.8659	9.74208	1009.57	4955.62
-15.8659	9.74208	1008.61	4941.65
-15.8659	9.74208	1007.66	4919.84
-15.8659	9.74208	1006.7	5028.79
-15.8659	9.74208	1005.75	4980.83
-15.8659	9.74208	1004.79	5055.74
-15.8659	9.74208	1003.83	5190.75
-15.8659	9.74208	1002.88	5215.95
-15.8659	9.74208	1001.92	4864.91
-15.8659	9.74208	1000.96	5206.24
-15.8659	9.74208	1000.0	5142.62
-15.8659	9.74208	999.048	5272.27
-15.8659	9.74208	998.09	5130.33
-15.8659	9.74208	997.132	5252.1
-15.8659	9.74208	996.174	5452.12
-15.8659	9.74208	995.216	5388.52
-15.8659	9.74208	994.258	5520.61
-15.8659	9.74208	993.3	5532.66
-15.8659	9.74208	992.341	5620.34
-15.8659	9.74208	991.382	5337.71
-15.8659	9.74208	990.423	5383.68
-15.8659	9.74208	989.4639999999999	5526.08
-15.8659	9.74208	988.505	5658.0
-15.8659	9.74208	987.546	5414.66
-15.8659	9.74208	986.586	5437.13
-15.8659	9.74208	985.6260000000001	5430.95
-15.8659	9.74208	984.666	5482.06
-15.8659	9.74208	983.706	5350.88
-15.8659	9.74208	982.7460000000001	5321.28
-15.8659	9.74208	981.785	5536.37
-15.8659	9.74208	980.825	5374.02
-15.8659	9.74208	979.8639999999999	5360.05
-15.8659	9.74208	978.903	5392.9
-15.8659	9.74208	977.942	5332.11
-15.8659	9.74208	976.9810000000001	5458.58
-15.8659	9.74208	976.0189999999999	5223.59
-15.8659	9.74208	975.057	5253.84
-15.8659	9.74208	974.095	5432.24
-15.8659	9.74208	973.133	5236.36
-15.8659	9.74208	972.171	5152.28
-15.8659	9.74208	971.209	5348.78
-15.8659	9.74208	970.2460000000001	5230.94
-15.8659	9.74208	969.284	5224.81
-15.8659	9.74208	968.321	5317.34
-15.8659	9.74208	967.3580000000001	5448.77
-15.8659	9.74208	966.3939999999999	5626.88
-15.8659	9.74208	965.431	5599.91
-15.8659	9.74208	964.467	5487.34
-15.8659	9.74208	963.5039999999999	5621.25
-15.8659	9.74208	962.54	5685.07
-15.8659	9.74208	961.576	5608.85
-15.8659	9.74208	960.6110000000001	5576.73
-15.8659	9.74208	959.6469999999999	5578.32
-15.8659	9.74208	958.682	5683.57
-15.8659	9.74208	957.7180000000001	5568.54
-15.8659	9.74208	956.753	5531.26
-15.8659	9.74208	955.7869999999999	5812.61
-15.8659	9.74208	954.822	5436.04
-15.8659	9.74208	953.857	5176.12
-15.8659	9.74208	952.8910000000001	5265.8
-15.8659	9.74208	951.925	5210.5
-15.8659	9.74208	950.959	5344.13
-15.8659	9.74208	949.993	5281.07
-15.8659	9.74208	949.0269999999999	5218.03
-15.8659	9.74208	948.06	5367.11
-15.8659	9.74208	947.0930000000001	5293.74
-15.8659	9.74208	946.1260000000001	5034.22
-15.8659	9.74208	945.159	5118.62
-15.8659	9.74208	944.192	5327.06
-15.8659	9.74208	943.225	5181.38
-15.8659	9.74208	942.257	5157.2
-15.8659	9.74208	941.289	5347.43
-15.8659	9.74208	940.321	5336.14
-15.8659	9.74208	939.3530000000001	5288.69
-15.8659	9.74208	938.385	5290.32
-15.8659	9.74208	937.4169999999999	5392.62
-15.8659	9.74208	936.448	5309.06
-15.8659	9.74208	935.4789999999999	5135.21
-15.8659	9.74208	934.51	4974.32
-15.8659	9.74208	933.541	5182.37
-15.8659	9.74208	932.572	5251.07
-15.8659	9.74208	931.602	5025.78
-15.8659	9.74208	930.633	5117.69
-15.8659	9.74208	929.663	5176.06
-15.8659	9.74208	928.693	5025.64
-15.8659	9.74208	927.7230000000001	4950.01
-15.8659	9.74208	926.752	5044.44
-15.8659	9.74208	925.7819999999999	5113.08
-15.8659	9.74208	924.811	4900.97
-15.8659	9.74208	923.84	4851.16
-15.8659	9.74208	922.8689999999999	5002.18
-15.8659	9.74208	921.898	5114.53
-15.8659	9.74208	920.926	4984.94
-15.8659	9.74208	919.955	4811.64
-15.8659	9.74208	918.9830000000001	4929.11
-15.8659	9.74208	918.0110000000001	4997.67
-15.8659	9.74208	917.039	4863.04
-15.8659	9.74208	916.066	4898.16
-15.8659	9.74208	915.0939999999999	5012.96
-15.8659	9.74208	914.1210000000001	4868.12
-15.8659	9.74208	913.148	4795.28
-15.8659	9.74208	912.175	4933.16
-15.8659	9.74208	911.202	5150.63
-15.8659	9.74208	910.2289999999999	5011.0
-15.8659	9.74208	909.255	4974.14
-15.8659	9.74208	908.2819999999999	4798.66
-15.8659	9.74208	907.308	4990.32
-15.8659	9.74208	906.334	4825.15
-15.8659	9.74208	905.36	4734.47
-15.8659	9.74208	904.385	4715.65
-15.8659	9.74208	903.4110000000001	4907.19
-15.8659	9.74208	902.436	4983.24
-15.8659	9.74208	901.461	4987.47
-15.8659	9.74208	900.4860000000001	4984.01
-15.8659	9.74208	899.51	5062.57
-15.8659	9.74208	898.535	4861.75
-15.8659	9.74208	897.559	4978.74
-15.8659	9.74208	896.5830000000001	4962.47
-15.8659	9.74208	895.607	4902.66
-15.8659	9.74208	894.6310000000001	4970.92
-15.8659	9.74208	893.655	4734.45
-15.8659	9.74208	892.678	4807.84
-15.8659	9.74208	891.702	4763.45
-15.8659	9.74208	890.725	4568.1
-15.8659	9.74208	889.748	4605.65
-15.8659	9.74208	888.77	4707.15
-15.8659	9.74208	887.793	4598.87
-15.8659	9.74208	886.815	4544.33
-15.8659	9.74208	885.8380000000001	4617.66
-15.8659	9.74208	884.86	4680.73
-15.8659	9.74208	883.882	4567.43
-15.8659	9.74208	882.903	4400.49
-15.8659	9.74208	881.925	4696.08
-15.8659	9.74208	880.946	4853.61
-15.8659	9.74208	879.967	4638.19
-15.8659	9.74208	878.988	4721.62
-15.8659	9.74208	878.0089999999999	4825.44
-15.8659	9.74208	877.03	4694.38
-15.8659	9.74208	876.05	4688.43
-15.8659	9.74208	875.071	4628.89
-15.8659	9.74208	874.091	4804.09
-15.8659	9.74208	873.1110000000001	4854.23
-15.8659	9.74208	872.13	4679.93
-15.8659	9.74208	871.15	4995.27
-15.8659	9.74208	870.169	4907.68
-15.8659	9.74208	869.189	5087.77
-15.8659	9.74208	868.2080000000001	5173.5
-15.8659	9.74208	867.2260000000001	5185.3
-15.8659	9.74208	866.245	5304.1
-15.8659	9.74208	865.2639999999999	5384.65
-15.8659	9.74208	864.2819999999999	5149.38
-15.8659	9.74208	863.3	5270.66
-15.8659	9.74208	862.318	5274.8
-15.8659	9.74208	861.336	5144.03
-15.8659	9.74208	860.3530000000001	5122.74
-15.8659	9.74208	859.3710000000001	5042.94
-15.8659	9.74208	858.388	5082.73
-15.8659	9.74208	857.405	5069.09
-15.8659	9.74208	856.422	4956.28
-15.8659	9.74208	855.439	5016.4
-15.8659	9.74208	854.455	5254.44
-15.8659	9.74208	853.472	5060.33
-15.8659	9.74208	852.488	5105.15
-15.8659	9.74208	851.5039999999999	5228.72
-15.8659	9.74208	850.52	5286.19
-15.8659	9.74208	849.535	5082.05
-15.8659	9.74208	848.551	5126.84
-15.8659	9.74208	847.566	5209.69
-15.8659	9.74208	846.581	5135.13
-15.8659	9.74208	845.596	5106.28
-15.8659	9.74208	844.6110000000001	5204.32
-15.8659	9.74208	843.6260000000001	5180.54
-15.8659	9.74208	842.64	5126.33
-15.8659	9.74208	841.654	5127.94
-15.8659	9.74208	840.668	5294.36
-15.8659	9.74208	839.682	5169.17
-15.8659	9.74208	838.696	5137.82
-15.8659	9.74208	837.709	5070.99
-15.8659	9.74208	836.7230000000001	5280.38
-15.8659	9.74208	835.7360000000001	5241.42
-15.8659	9.74208	834.7489999999999	5217.67
-15.8659	9.74208	833.762	5145.81
-15.8659	9.74208	832.7739999999999	5291.73
-15.8659	9.74208	831.7869999999999	5303.43
-15.8659	9.74208	830.799	5246.78
-15.8659	9.74208	829.811	5304.03
-15.8659	9.74208	828.823	5406.8
-15.8659	9.74208	827.835	5294.51
-15.8659	9.74208	826.846	5293.55
-15.8659	9.74208	825.857	5542.93
-15.8659	9.74208	824.8689999999999	5579.85
-15.8659	9.74208	823.88	5485.31
-15.8659	9.74208	822.89	5411.02
-15.8659	9.74208	821.9010000000001	5271.05
-15.8659	9.74208	820.9119999999999	5302.94
-15.8659	9.74208	819.922	5039.28
-15.8659	9.74208	818.932	5053.51
-15.8659	9.74208	817.942	5254.6
-15.8659	9.74208	816.952	5177.9
-15.8659	9.74208	815.961	5126.48
-15.8659	9.74208	814.971	5221.45
-15.8659	9.74208	813.98	5248.25
-15.8659	9.74208	812.9889999999999	5227.11
-15.8659	9.74208	811.998	5309.4
-15.8659	9.74208	811.0060000000001	5368.96
-15.8659	9.74208	810.015	5234.35
-15.8659	9.74208	809.023	5182.98
-15.8659	9.74208	808.0310000000001	5078.69
-15.8659	9.74208	807.039	5067.69
-15.8659	9.74208	806.047	5134.79
-15.8659	9.74208	805.054	5020.5
-15.8659	9.74208	804.062	5049.81
-15.8659	9.74208	803.069	5252.86
-15.8659	9.74208	802.076	5211.62
-15.8659	9.74208	801.0830000000001	5014.33
-15.8659	9.74208	800.0889999999999	5177.01
-15.8659	9.74208	799.096	5420.15
-15.8659	9.74208	798.102	5348.71
-15.8659	9.74208	797.1080000000001	5423.2
-15.8659	9.74208	796.1139999999999	5283.89
-15.8659	9.74208	795.12	5551.98
-15.8659	9.74208	794.1260000000001	5561.02
-15.8659	9.74208	793.1310000000001	5597.71
-15.8659	9.74208	792.1360000000001	5800.26
-15.8659	9.74208	791.1410000000001	5864.53
-15.8659	9.74208	790.1460000000001	6039.31
-15.8659	9.74208	789.1510000000001	6176.36
-15.8659	9.74208	788.155	6303.31
-15.8659	9.74208	787.16	6410.12
-15.8659	9.74208	786.164	6599.74
-15.8659	9.74208	785.168	6437.91
-15.8659	9.74208	784.171	6401.6
-15.8659	9.74208	783.175	5998.99
-15.8659	9.74208	782.178	5922.64
-15.8659	9.74208	781.182	5698.35
-15.8659	9.74208	780.185	5659.69
-15.8659	9.74208	779.188	5470.62
-15.8659	9.74208	778.19	5472.13
-15.8659	9.74208	777.193	5488.68
-15.8659	9.74208	776.195	5535.29
-15.8659	9.74208	775.197	5388.97
-15.8659	9.74208	774.199	5357.93
-15.8659	9.74208	773.201	5469.65
-15.8659	9.74208	772.202	5548.77
-15.8659	9.74208	771.204	5367.51
-15.8659	9.74208	770.205	5659.39
-15.8659	9.74208	769.206	5625.82
-15.8659	9.74208	768.207	5747.4
-15.8659	9.74208	767.2080000000001	5578.74
-15.8659	9.74208	766.2080000000001	5647.75
-15.8659	9.74208	765.2080000000001	5469.17
-15.8659	9.74208	764.209	5188.13
-15.8659	9.74208	763.2080000000001	5139.69
-15.8659	9.74208	762.2080000000001	5161.24
-15.8659	9.74208	761.2080000000001	5212.78
-15.8659	9.74208	760.207	5141.87
-15.8659	9.74208	759.206	5228.36
-15.8659	9.74208	758.205	5404.73
-15.8659	9.74208	757.204	5386.27
-15.8659	9.74208	756.203	5130.62
-15.8659	9.74208	755.201	5394.28
-15.8659	9.74208	754.2	5428.24
-15.8659	9.74208	753.198	5367.36
-15.8659	9.74208	752.196	5174.28
-15.8659	9.74208	751.193	5470.16
-15.8659	9.74208	750.191	5511.56
-15.8659	9.74208	749.188	5475.64
-15.8659	9.74208	748.186	5546.94
-15.8659	9.74208	747.183	5695.48
-15.8659	9.74208	746.179	5487.59
-15.8659	9.74208	745.176	5499.05
-15.8659	9.74208	744.173	5550.36
-15.8659	9.74208	743.169	5584.21
-15.8659	9.74208	742.165	5685.29
-15.8659	9.74208	741.1610000000001	5716.62
-15.8659	9.74208	740.1569999999999	5680.72
-15.8659	9.74208	739.1519999999999	5707.06
-15.8659	9.74208	738.1469999999999	5474.59
-15.8659	9.74208	737.143	5627.85
-15.8659	9.74208	736.138	5756.17
-15.8659	9.74208	735.132	5762.58
-15.8659	9.74208	734.127	5582.48
-15.8659	9.74208	733.122	5675.94
-15.8659	9.74208	732.1160000000001	5635.13
-15.8659	9.74208	731.11	5663.92
-15.8659	9.74208	730.1039999999999	5630.58
-15.8659	9.74208	729.097	5959.97
-15.8659	9.74208	728.091	5961.36
-15.8659	9.74208	727.084	5687.09
-15.8659	9.74208	726.077	6006.35
-15.8659	9.74208	725.07	5987.88
-15.8659	9.74208	724.063	6098.47
-15.8659	9.74208	723.056	5866.56
-15.8659	9.74208	722.048	5972.18
-15.8659	9.74208	721.04	5931.4
-15.8659	9.74208	720.0319999999999	6094.01
-15.8659	9.74208	719.0239999999999	5934.18
-15.8659	9.74208	718.0160000000001	5977.72
-15.8659	9.74208	717.007	6053.47
-15.8659	9.74208	715.9989999999999	5881.35
-15.8659	9.74208	714.99	5602.74
-15.8659	9.74208	713.9810000000001	5636.4
-15.8659	9.74208	712.972	5722.06
-15.8659	9.74208	711.962	5458.49
-15.8659	9.74208	710.953	5420.35
-15.8659	9.74208	709.943	5473.82
-15.8659	9.74208	708.933	5413.41
-15.8659	9.74208	707.923	5442.11
-15.8659	9.74208	706.9119999999999	5406.48
-15.8659	9.74208	705.9019999999999	5556.39
-15.8659	9.74208	704.8910000000001	5488.59
-15.8659	9.74208	703.88	5284.8
-15.8659	9.74208	702.8689999999999	5511.3
-15.8659	9.74208	701.8580000000001	5478.15
-15.8659	9.74208	700.846	5501.87
-15.8659	9.74208	699.834	5268.57
-15.8659	9.74208	698.823	5292.31
-15.8659	9.74208	697.811	5372.85
-15.8659	9.74208	696.798	5137.23
-15.8659	9.74208	695.7860000000001	5084.43
-15.8659	9.74208	694.773	5110.66
-15.8659	9.74208	693.7610000000001	5087.51
-15.8659	9.74208	692.748	5150.74
-15.8659	9.74208	691.7339999999999	5120.18
-15.8659	9.74208	690.721	5190.79
-15.8659	9.74208	689.7080000000001	5054.17
-15.8659	9.74208	688.694	5297.4
-15.8659	9.74208	687.68	5350.67
-15.8659	9.74208	686.666	5164.79
-15.8659	9.74208	685.6519999999999	5208.21
-15.8659	9.74208	684.637	5399.48
-15.8659	9.74208	683.623	5477.33
-15.8659	9.74208	682.6080000000001	5422.13
-15.8659	9.74208	681.5930000000001	5615.71
-15.8659	9.74208	680.578	5794.45
-15.8659	9.74208	679.562	5891.87
-15.8659	9.74208	678.547	5639.69
-15.8659	9.74208	677.5310000000001	5409.76
-15.8659	9.74208	676.515	5416.15
-15.8659	9.74208	675.4989999999999	5309.36
-15.8659	9.74208	674.482	4986.14
-15.8659	9.74208	673.466	4975.39
-15.8659	9.74208	672.449	5247.42
-15.8659	9.74208	671.432	5103.86
-15.8659	9.74208	670.415	5058.68
-15.8659	9.74208	669.398	5119.19
-15.8659	9.74208	668.3810000000001	5221.45
-15.8659	9.74208	667.363	5117.31
-15.8659	9.74208	666.345	5175.31
-15.8659	9.74208	665.327	5402.75
-15.8659	9.74208	664.309	5448.41
-15.8659	9.74208	663.291	5359.03
-15.8659	9.74208	662.2719999999999	5581.4
-15.8659	9.74208	661.253	5587.73
-15.8659	9.74208	660.2339999999999	5581.8
-15.8659	9.74208	659.215	5453.21
-15.8659	9.74208	658.196	5695.02
-15.8659	9.74208	657.176	5485.53
-15.8659	9.74208	656.1569999999999	5482.07
-15.8659	9.74208	655.137	5547.25
-15.8659	9.74208	654.117	5646.71
-15.8659	9.74208	653.097	5635.87
-15.8659	9.74208	652.076	5448.64
-15.8659	9.74208	651.056	5557.86
-15.8659	9.74208	650.035	5529.9
-15.8659	9.74208	649.014	5475.01
-15.8659	9.74208	647.993	5410.35
-15.8659	9.74208	646.971	5475.44
-15.8659	9.74208	645.95	5405.91
-15.8659	9.74208	644.928	5451.41
-15.8659	9.74208	643.906	5222.89
-15.8659	9.74208	642.884	5498.31
-15.8659	9.74208	641.861	5480.18
-15.8659	9.74208	640.839	5173.55
-15.8659	9.74208	639.816	5409.72
-15.8659	9.74208	638.793	5494.26
-15.8659	9.74208	637.77	5410.17
-15.8659	9.74208	636.747	5524.0
-15.8659	9.74208	635.724	5855.19
-15.8659	9.74208	634.7	5888.3
-15.8659	9.74208	633.6759999999999	5955.59
-15.8659	9.74208	632.6519999999999	6061.91
-15.8659	9.74208	631.628	6036.38
-15.8659	9.74208	630.6030000000001	6023.07
-15.8659	9.74208	629.5790000000001	5909.72
-15.8659	9.74208	628.554	6113.55
-15.8659	9.74208	627.529	6051.44
-15.8659	9.74208	626.504	5884.5
-15.8659	9.74208	625.479	5798.08
-15.8659	9.74208	624.453	5694.62
-15.8659	9.74208	623.427	5691.13
-15.8659	9.74208	622.401	5317.24
-15.8659	9.74208	621.375	5379.61
-15.8659	9.74208	620.349	5551.57
-15.8659	9.74208	619.323	5319.17
-15.8659	9.74208	618.2959999999999	5306.01
-15.8659	9.74208	617.269	5166.26
-15.8659	9.74208	616.242	5031.43
-15.8659	9.74208	615.215	4947.75
-15.8659	9.74208	614.187	4968.74
-15.8659	9.74208	613.16	5213.53
-15.8659	9.74208	612.132	4896.36
-15.8659	9.74208	611.104	4951.39
-15.8659	9.74208	610.076	5045.31
-15.8659	9.74208	609.047	5039.51
-15.8659	9.74208	608.019	4970.53
-15.8659	9.74208	606.99	4784.92
-15.8659	9.74208	605.961	4886.08
-15.8659	9.74208	604.932	4805.01
-15.8659	9.74208	603.903	4563.68
-15.8659	9.74208	602.873	4659.97
-15.8659	9.74208	601.844	4625.11
-15.8659	9.74208	600.814	4684.95
