-26.1149	0.955255	1799.31	3441.12
-26.1149	0.955255	1798.5	3568.88
-26.1149	0.955255	1797.68	3559.11
-26.1149	0.955255	1796.86	3592.11
-26.1149	0.955255	1796.04	3469.34
-26.1149	0.955255	1795.22	3505.4
-26.1149	0.955255	1794.4	3596.39
-26.1149	0.955255	1793.58	3546.95
-26.1149	0.955255	1792.76	3558.56
-26.1149	0.955255	1791.94	3451.16
-26.1149	0.955255	1791.13	3450.57
-26.1149	0.955255	1790.31	3477.44
-26.1149	0.955255	1789.49	3354.86
-26.1149	0.955255	1788.67	3485.42
-26.1149	0.955255	1787.85	3527.51
-26.1149	0.955255	1787.03	3517.77
-26.1149	0.955255	1786.21	3611.66
-26.1149	0.955255	1785.39	3510.49
-26.1149	0.955255	1784.56	3500.75
-26.1149	0.955255	1783.74	3454.47
-26.1149	0.955255	1782.92	3621.4
-26.1149	0.955255	1782.1	3608.61
-26.1149	0.955255	1781.28	3407.05
-26.1149	0.955255	1780.46	3439.96
-26.1149	0.955255	1779.64	3466.77
-26.1149	0.955255	1778.82	3490.53
-26.1149	0.955255	1778.0	3651.2
-26.1149	0.955255	1777.17	3407.21
-26.1149	0.955255	1776.35	3482.67
-26.1149	0.955255	1775.53	3597.65
-26.1149	0.955255	1774.71	3575.76
-26.1149	0.955255	1773.89	3590.35
-26.1149	0.955255	1773.06	3434.73
-26.1149	0.955255	1772.24	3455.42
-26.1149	0.955255	1771.42	3539.91
-26.1149	0.955255	1770.59	3405.64
-26.1149	0.955255	1769.77	3517.45
-26.1149	0.955255	1768.95	3607.97
-26.1149	0.955255	1768.12	3674.16
-26.1149	0.955255	1767.3	3634.07
-26.1149	0.955255	1766.48	3621.31
-26.1149	0.955255	1765.65	3657.12
-26.1149	0.955255	1764.83	3647.4
-26.1149	0.955255	1764.01	3640.71
-26.1149	0.955255	1763.18	3621.9
-26.1149	0.955255	1762.36	3612.18
-26.1149	0.955255	1761.53	3563.06
-26.1149	0.955255	1760.71	3586.71
-26.1149	0.955255	1759.88	3649.76
-26.1149	0.955255	1759.06	3512.75
-26.1149	0.955255	1758.23	3518.22
-26.1149	0.955255	1757.41	3584.28
-26.1149	0.955255	1756.58	3623.05
-26.1149	0.955255	1755.76	3758.73
-26.1149	0.955255	1754.93	3570.34
-26.1149	0.955255	1754.11	3678.74
-26.1149	0.955255	1753.28	3608.49
-26.1149	0.955255	1752.46	3780.4
-26.1149	0.955255	1751.63	3676.87
-26.1149	0.955255	1750.8	3630.86
-26.1149	0.955255	1749.98	3721.0
-26.1149	0.955255	1749.15	3611.48
-26.1149	0.955255	1748.32	3686.48
-26.1149	0.955255	1747.5	3767.49
-26.1149	0.955255	1746.67	3857.55
-26.1149	0.955255	1745.84	3763.19
-26.1149	0.955255	1745.02	3665.84
-26.1149	0.955255	1744.19	3746.81
-26.1149	0.955255	1743.36	3631.37
-26.1149	0.955255	1742.53	3727.41
-26.1149	0.955255	1741.71	3847.58
-26.1149	0.955255	1740.88	3726.15
-26.1149	0.955255	1740.05	3728.54
-26.1149	0.955255	1739.22	3727.9
-26.1149	0.955255	1738.39	3745.38
-26.1149	0.955255	1737.56	3805.09
-26.1149	0.955255	1736.74	3750.14
-26.1149	0.955255	1735.91	3800.79
-26.1149	0.955255	1735.08	3625.22
-26.1149	0.955255	1734.25	3902.02
-26.1149	0.955255	1733.42	3795.84
-26.1149	0.955255	1732.59	3816.3
-26.1149	0.955255	1731.76	3770.44
-26.1149	0.955255	1730.93	3845.13
-26.1149	0.955255	1730.1	3859.55
-26.1149	0.955255	1729.27	3756.47
-26.1149	0.955255	1728.44	3834.14
-26.1149	0.955255	1727.61	3842.52
-26.1149	0.955255	1726.78	3820.8
-26.1149	0.955255	1725.95	3889.39
-26.1149	0.955255	1725.12	3735.22
-26.1149	0.955255	1724.29	3839.92
-26.1149	0.955255	1723.46	3779.09
-26.1149	0.955255	1722.63	3976.99
-26.1149	0.955255	1721.8	3976.32
-26.1149	0.955255	1720.96	3762.13
-26.1149	0.955255	1720.13	4053.15
-26.1149	0.955255	1719.3	4019.39
-26.1149	0.955255	1718.47	4054.77
-26.1149	0.955255	1717.64	4063.1
-26.1149	0.955255	1716.81	3969.26
-26.1149	0.955255	1715.97	4163.87
-26.1149	0.955255	1715.14	4181.18
-26.1149	0.955255	1714.31	4201.49
-26.1149	0.955255	1713.48	4092.68
-26.1149	0.955255	1712.64	4128.01
-26.1149	0.955255	1711.81	4310.41
-26.1149	0.955255	1710.98	4354.7
-26.1149	0.955255	1710.14	4236.93
-26.1149	0.955255	1709.31	4041.2
-26.1149	0.955255	1708.48	4283.49
-26.1149	0.955255	1707.64	4237.77
-26.1149	0.955255	1706.81	4183.08
-26.1149	0.955255	1705.98	4134.39
-26.1149	0.955255	1705.14	4136.69
-26.1149	0.955255	1704.31	4348.78
-26.1149	0.955255	1703.47	4213.19
-26.1149	0.955255	1702.64	4161.54
-26.1149	0.955255	1701.81	4172.82
-26.1149	0.955255	1700.97	4279.93
-26.1149	0.955255	1700.14	4294.17
-26.1149	0.955255	1699.3	4254.52
-26.1149	0.955255	1698.47	4161.0
-26.1149	0.955255	1697.63	4381.77
-26.1149	0.955255	1696.79	4189.51
-26.1149	0.955255	1695.96	4422.17
-26.1149	0.955255	1695.12	4361.59
-26.1149	0.955255	1694.29	4318.97
-26.1149	0.955255	1693.45	4279.36
-26.1149	0.955255	1692.62	4431.12
-26.1149	0.955255	1691.78	4280.89
-26.1149	0.955255	1690.94	4336.96
-26.1149	0.955255	1690.11	4434.84
-26.1149	0.955255	1689.27	4496.83
-26.1149	0.955255	1688.43	4421.38
-26.1149	0.955255	1687.6	4354.91
-26.1149	0.955255	1686.76	4390.01
-26.1149	0.955255	1685.92	4610.22
-26.1149	0.955255	1685.08	4642.27
-26.1149	0.955255	1684.25	4480.3
-26.1149	0.955255	1683.41	4518.33
-26.1149	0.955255	1682.57	4514.58
-26.1149	0.955255	1681.73	4680.87
-26.1149	0.955255	1680.89	4677.09
-26.1149	0.955255	1680.06	4404.91
-26.1149	0.955255	1679.22	4600.96
-26.1149	0.955255	1678.38	4561.41
-26.1149	0.955255	1677.54	4724.58
-26.1149	0.955255	1676.7	4530.06
-26.1149	0.955255	1675.86	4627.62
-26.1149	0.955255	1675.02	4656.62
-26.1149	0.955255	1674.18	4646.89
-26.1149	0.955255	1673.35	4663.97
-26.1149	0.955255	1672.51	4779.31
-26.1149	0.955255	1671.67	4772.54
-26.1149	0.955255	1670.83	4756.84
-26.1149	0.955255	1669.99	5068.53
-26.1149	0.955255	1669.15	4767.12
-26.1149	0.955255	1668.31	4760.36
-26.1149	0.955255	1667.47	4896.38
-26.1149	0.955255	1666.62	5023.44
-26.1149	0.955255	1665.78	4754.95
-26.1149	0.955255	1664.94	4783.87
-26.1149	0.955255	1664.1	4890.07
-26.1149	0.955255	1663.26	4904.1
-26.1149	0.955255	1662.42	4846.8
-26.1149	0.955255	1661.58	4923.22
-26.1149	0.955255	1660.74	4913.47
-26.1149	0.955255	1659.9	5016.59
-26.1149	0.955255	1659.05	5078.09
-26.1149	0.955255	1658.21	5127.7
-26.1149	0.955255	1657.37	5079.33
-26.1149	0.955255	1656.53	5102.21
-26.1149	0.955255	1655.68	5309.07
-26.1149	0.955255	1654.84	5213.22
-26.1149	0.955255	1654.0	5253.86
-26.1149	0.955255	1653.16	5152.12
-26.1149	0.955255	1652.31	5415.17
-26.1149	0.955255	1651.47	5304.54
-26.1149	0.955255	1650.63	5226.56
-26.1149	0.955255	1649.78	5258.27
-26.1149	0.955255	1648.94	5515.2
-26.1149	0.955255	1648.1	5754.27
-26.1149	0.955255	1647.25	5424.44
-26.1149	0.955255	1646.41	5512.38
-26.1149	0.955255	1645.56	5582.51
-26.1149	0.955255	1644.72	5851.01
-26.1149	0.955255	1643.88	5897.38
-26.1149	0.955255	1643.03	5783.89
-26.1149	0.955255	1642.19	5839.13
-26.1149	0.955255	1641.34	6125.16
-26.1149	0.955255	1640.5	6162.58
-26.1149	0.955255	1639.65	6078.7
-26.1149	0.955255	1638.81	6213.7
-26.1149	0.955255	1637.96	6360.49
-26.1149	0.955255	1637.11	6551.58
-26.1149	0.955255	1636.27	6526.81
-26.1149	0.955255	1635.42	6738.49
-26.1149	0.955255	1634.58	6571.86
-26.1149	0.955255	1633.73	6768.68
-26.1149	0.955255	1632.88	6850.24
-26.1149	0.955255	1632.04	7011.51
-26.1149	0.955255	1631.19	6924.67
-26.1149	0.955255	1630.34	7009.11
-26.1149	0.955255	1629.5	7087.61
-26.1149	0.955255	1628.65	7118.86
-26.1149	0.955255	1627.8	7096.99
-26.1149	0.955255	1626.96	7387.87
-26.1149	0.955255	1626.11	7646.2
-26.1149	0.955255	1625.26	7497.42
-26.1149	0.955255	1624.41	7504.98
-26.1149	0.955255	1623.57	7654.07
-26.1149	0.955255	1622.72	7953.44
-26.1149	0.955255	1621.87	8016.93
-26.1149	0.955255	1621.02	8000.82
-26.1149	0.955255	1620.17	7887.49
-26.1149	0.955255	1619.32	8092.35
-26.1149	0.955255	1618.47	8473.86
-26.1149	0.955255	1617.63	8416.46
-26.1149	0.955255	1616.78	8264.86
-26.1149	0.955255	1615.93	8307.6
-26.1149	0.955255	1615.08	8541.65
-26.1149	0.955255	1614.23	8972.78
-26.1149	0.955255	1613.38	8838.84
-26.1149	0.955255	1612.53	8887.34
-26.1149	0.955255	1611.68	8929.94
-26.1149	0.955255	1610.83	9381.3
-26.1149	0.955255	1609.98	9206.21
-26.1149	0.955255	1609.13	9339.87
-26.1149	0.955255	1608.28	9047.27
-26.1149	0.955255	1607.43	9513.0
-26.1149	0.955255	1606.58	9382.08
-26.1149	0.955255	1605.73	9221.83
-26.1149	0.955255	1604.87	9173.25
-26.1149	0.955255	1604.02	9065.96
-26.1149	0.955255	1603.17	9346.29
-26.1149	0.955255	1602.32	9177.35
-26.1149	0.955255	1601.47	8761.89
-26.1149	0.955255	1600.62	9001.05
-26.1149	0.955255	1599.76	9213.71
-26.1149	0.955255	1598.91	9074.24
-26.1149	0.955255	1598.06	8902.55
-26.1149	0.955255	1597.21	9270.56
-26.1149	0.955255	1596.36	9251.37
-26.1149	0.955255	1595.5	9320.15
-26.1149	0.955255	1594.65	9218.89
-26.1149	0.955255	1593.8	9100.08
-26.1149	0.955255	1592.94	9379.82
-26.1149	0.955255	1592.09	9199.5
-26.1149	0.955255	1591.24	9291.66
-26.1149	0.955255	1590.38	9158.27
-26.1149	0.955255	1589.53	9045.42
-26.1149	0.955255	1588.68	9342.5
-26.1149	0.955255	1587.82	9253.08
-26.1149	0.955255	1586.97	9412.47
-26.1149	0.955255	1586.11	9153.34
-26.1149	0.955255	1585.26	9315.61
-26.1149	0.955255	1584.4	9252.58
-26.1149	0.955255	1583.55	9353.36
-26.1149	0.955255	1582.69	9056.41
-26.1149	0.955255	1581.84	9317.99
-26.1149	0.955255	1580.98	9293.0
-26.1149	0.955255	1580.13	9577.84
-26.1149	0.955255	1579.27	9345.34
-26.1149	0.955255	1578.42	9445.99
-26.1149	0.955255	1577.56	9552.46
-26.1149	0.955255	1576.71	9650.12
-26.1149	0.955255	1575.85	9963.85
-26.1149	0.955255	1574.99	9731.48
-26.1149	0.955255	1574.14	10240.7
-26.1149	0.955255	1573.28	10276.9
-26.1149	0.955255	1572.42	10251.7
-26.1149	0.955255	1571.57	10124.5
-26.1149	0.955255	1570.71	10344.5
-26.1149	0.955255	1569.85	10552.7
-26.1149	0.955255	1569.0	10618.0
-26.1149	0.955255	1568.14	10447.0
-26.1149	0.955255	1567.28	10579.3
-26.1149	0.955255	1566.42	10819.5
-26.1149	0.955255	1565.56	10826.3
-26.1149	0.955255	1564.71	10457.3
-26.1149	0.955255	1563.85	10493.4
-26.1149	0.955255	1562.99	10593.6
-26.1149	0.955255	1562.13	10673.3
-26.1149	0.955255	1561.27	10164.8
-26.1149	0.955255	1560.41	10113.6
-26.1149	0.955255	1559.56	10132.2
-26.1149	0.955255	1558.7	9967.49
-26.1149	0.955255	1557.84	9997.78
-26.1149	0.955255	1556.98	9734.24
-26.1149	0.955255	1556.12	9726.74
-26.1149	0.955255	1555.26	9672.72
-26.1149	0.955255	1554.4	9487.87
-26.1149	0.955255	1553.54	9006.55
-26.1149	0.955255	1552.68	9086.39
-26.1149	0.955255	1551.82	9137.14
-26.1149	0.955255	1550.96	9048.39
-26.1149	0.955255	1550.1	8692.4
-26.1149	0.955255	1549.24	8650.24
-26.1149	0.955255	1548.38	8721.36
-26.1149	0.955255	1547.52	8734.37
-26.1149	0.955255	1546.65	8410.61
-26.1149	0.955255	1545.79	8258.22
-26.1149	0.955255	1544.93	8338.06
-26.1149	0.955255	1544.07	8307.61
-26.1149	0.955255	1543.21	8149.52
-26.1149	0.955255	1542.35	7988.57
-26.1149	0.955255	1541.48	8036.5
-26.1149	0.955255	1540.62	8127.91
-26.1149	0.955255	1539.76	8054.03
-26.1149	0.955255	1538.9	7887.41
-26.1149	0.955255	1538.04	7775.92
-26.1149	0.955255	1537.17	7960.04
-26.1149	0.955255	1536.31	7981.84
-26.1149	0.955255	1535.45	7879.08
-26.1149	0.955255	1534.58	7860.35
-26.1149	0.955255	1533.72	7902.43
-26.1149	0.955255	1532.86	8097.94
-26.1149	0.955255	1531.99	7914.18
-26.1149	0.955255	1531.13	7967.81
-26.1149	0.955255	1530.27	7885.41
-26.1149	0.955255	1529.4	7959.28
-26.1149	0.955255	1528.54	8273.21
-26.1149	0.955255	1527.67	8025.95
-26.1149	0.955255	1526.81	7906.0
-26.1149	0.955255	1525.94	8164.85
-26.1149	0.955255	1525.08	8050.7
-26.1149	0.955255	1524.21	8110.01
-26.1149	0.955255	1523.35	7926.56
-26.1149	0.955255	1522.48	7815.4
-26.1149	0.955255	1521.62	8305.14
-26.1149	0.955255	1520.75	8130.41
-26.1149	0.955255	1519.89	8036.6
-26.1149	0.955255	1519.02	8118.94
-26.1149	0.955255	1518.15	8169.51
-26.1149	0.955255	1517.29	8220.05
-26.1149	0.955255	1516.42	7866.57
-26.1149	0.955255	1515.56	7917.15
-26.1149	0.955255	1514.69	7751.35
-26.1149	0.955255	1513.82	8156.69
-26.1149	0.955255	1512.96	7947.65
-26.1149	0.955255	1512.09	7940.52
-26.1149	0.955255	1511.22	7967.97
-26.1149	0.955255	1510.35	8139.53
-26.1149	0.955255	1509.49	7962.34
-26.1149	0.955255	1508.62	7744.87
-26.1149	0.955255	1507.75	7801.15
-26.1149	0.955255	1506.88	7727.79
-26.1149	0.955255	1506.01	7812.85
-26.1149	0.955255	1505.15	7673.3
-26.1149	0.955255	1504.28	7456.06
-26.1149	0.955255	1503.41	7840.47
-26.1149	0.955255	1502.54	7781.56
-26.1149	0.955255	1501.67	7817.62
-26.1149	0.955255	1500.8	7427.9
-26.1149	0.955255	1499.93	7639.46
-26.1149	0.955255	1499.06	8009.12
-26.1149	0.955255	1498.19	7677.08
-26.1149	0.955255	1497.32	7477.39
-26.1149	0.955255	1496.46	7343.88
-26.1149	0.955255	1495.59	7770.81
-26.1149	0.955255	1494.72	7602.81
-26.1149	0.955255	1493.84	7426.26
-26.1149	0.955255	1492.97	7505.4
-26.1149	0.955255	1492.1	7593.13
-26.1149	0.955255	1491.23	7456.86
-26.1149	0.955255	1490.36	7464.19
-26.1149	0.955255	1489.49	7290.68
-26.1149	0.955255	1488.62	7438.65
-26.1149	0.955255	1487.75	7428.75
-26.1149	0.955255	1486.88	7438.95
-26.1149	0.955255	1486.01	7256.95
-26.1149	0.955255	1485.13	7224.15
-26.1149	0.955255	1484.26	7506.77
-26.1149	0.955255	1483.39	7356.39
-26.1149	0.955255	1482.52	7443.98
-26.1149	0.955255	1481.65	7216.29
-26.1149	0.955255	1480.77	7352.58
-26.1149	0.955255	1479.9	7563.31
-26.1149	0.955255	1479.03	7516.17
-26.1149	0.955255	1478.16	7368.81
-26.1149	0.955255	1477.28	7645.28
-26.1149	0.955255	1476.41	7913.07
-26.1149	0.955255	1475.54	7785.76
-26.1149	0.955255	1474.66	7973.3
-26.1149	0.955255	1473.79	7900.38
-26.1149	0.955255	1472.91	8150.78
-26.1149	0.955255	1472.04	8186.55
-26.1149	0.955255	1471.17	8127.94
-26.1149	0.955255	1470.29	8183.72
-26.1149	0.955255	1469.42	8533.95
-26.1149	0.955255	1468.54	8246.63
-26.1149	0.955255	1467.67	8176.61
-26.1149	0.955255	1466.79	8229.48
-26.1149	0.955255	1465.92	8405.19
-26.1149	0.955255	1465.04	8289.48
-26.1149	0.955255	1464.17	8248.06
-26.1149	0.955255	1463.29	8475.07
-26.1149	0.955255	1462.42	8390.8
-26.1149	0.955255	1461.54	8238.06
-26.1149	0.955255	1460.66	8522.03
-26.1149	0.955255	1459.79	8258.04
-26.1149	0.955255	1458.91	8350.75
-26.1149	0.955255	1458.04	8477.67
-26.1149	0.955255	1457.16	8296.52
-26.1149	0.955255	1456.28	8249.46
-26.1149	0.955255	1455.41	8062.71
-26.1149	0.955255	1454.53	8363.47
-26.1149	0.955255	1453.65	8242.32
-26.1149	0.955255	1452.77	8112.66
-26.1149	0.955255	1451.9	7928.92
-26.1149	0.955255	1451.02	8152.58
-26.1149	0.955255	1450.14	8296.42
-26.1149	0.955255	1449.26	7916.25
-26.1149	0.955255	1448.39	8008.83
-26.1149	0.955255	1447.51	8289.25
-26.1149	0.955255	1446.63	8267.89
-26.1149	0.955255	1445.75	8021.74
-26.1149	0.955255	1444.87	8219.5
-26.1149	0.955255	1443.99	8297.73
-26.1149	0.955255	1443.11	8415.74
-26.1149	0.955255	1442.23	8280.63
-26.1149	0.955255	1441.35	8162.62
-26.1149	0.955255	1440.48	8465.37
-26.1149	0.955255	1439.6	8480.95
-26.1149	0.955255	1438.72	8388.55
-26.1149	0.955255	1437.84	8316.06
-26.1149	0.955255	1436.96	8490.74
-26.1149	0.955255	1436.08	8761.92
-26.1149	0.955255	1435.2	8879.67
-26.1149	0.955255	1434.31	8517.55
-26.1149	0.955255	1433.43	8672.2
-26.1149	0.955255	1432.55	8770.03
-26.1149	0.955255	1431.67	8884.86
-26.1149	0.955255	1430.79	8854.94
-26.1149	0.955255	1429.91	8771.14
-26.1149	0.955255	1429.03	8942.62
-26.1149	0.955255	1428.15	9247.33
-26.1149	0.955255	1427.27	8854.46
-26.1149	0.955255	1426.38	8974.82
-26.1149	0.955255	1425.5	8922.24
-26.1149	0.955255	1424.62	9107.72
-26.1149	0.955255	1423.74	8732.14
-26.1149	0.955255	1422.85	8713.63
-26.1149	0.955255	1421.97	8941.53
-26.1149	0.955255	1421.09	8832.37
-26.1149	0.955255	1420.21	8813.85
-26.1149	0.955255	1419.32	8580.19
-26.1149	0.955255	1418.44	8482.47
-26.1149	0.955255	1417.56	8622.48
-26.1149	0.955255	1416.67	8403.12
-26.1149	0.955255	1415.79	8257.39
-26.1149	0.955255	1414.9	8103.23
-26.1149	0.955255	1414.02	8291.28
-26.1149	0.955255	1413.14	8216.33
-26.1149	0.955255	1412.25	7912.43
-26.1149	0.955255	1411.37	7735.81
-26.1149	0.955255	1410.48	7994.45
-26.1149	0.955255	1409.6	8156.93
-26.1149	0.955255	1408.71	7836.3
-26.1149	0.955255	1407.83	7849.06
-26.1149	0.955255	1406.94	7977.59
-26.1149	0.955255	1406.06	7984.68
-26.1149	0.955255	1405.17	7734.87
-26.1149	0.955255	1404.29	7804.08
-26.1149	0.955255	1403.4	7760.4
-26.1149	0.955255	1402.51	7821.12
-26.1149	0.955255	1401.63	7819.76
-26.1149	0.955255	1400.74	7824.04
-26.1149	0.955255	1399.85	7616.81
-26.1149	0.955255	1398.97	7919.99
-26.1149	0.955255	1398.08	7890.43
-26.1149	0.955255	1397.19	7508.55
-26.1149	0.955255	1396.31	7636.87
-26.1149	0.955255	1395.42	7711.62
-26.1149	0.955255	1394.53	7963.81
-26.1149	0.955255	1393.64	7720.2
-26.1149	0.955255	1392.76	7603.39
-26.1149	0.955255	1391.87	7799.16
-26.1149	0.955255	1390.98	7809.06
-26.1149	0.955255	1390.09	7762.67
-26.1149	0.955255	1389.2	7586.84
-26.1149	0.955255	1388.32	7703.69
-26.1149	0.955255	1387.43	7845.82
-26.1149	0.955255	1386.54	7532.25
-26.1149	0.955255	1385.65	7691.23
-26.1149	0.955255	1384.76	7616.79
-26.1149	0.955255	1383.87	7795.37
-26.1149	0.955255	1382.98	8002.0
-26.1149	0.955255	1382.09	7674.63
-26.1149	0.955255	1381.2	7836.25
-26.1149	0.955255	1380.31	8107.38
-26.1149	0.955255	1379.42	8207.08
-26.1149	0.955255	1378.53	8295.51
-26.1149	0.955255	1377.64	8218.26
-26.1149	0.955255	1376.75	8359.99
-26.1149	0.955255	1375.86	8647.63
-26.1149	0.955255	1374.97	8550.71
-26.1149	0.955255	1374.08	8515.55
-26.1149	0.955255	1373.19	8707.63
-26.1149	0.955255	1372.3	8888.42
-26.1149	0.955255	1371.4	8959.79
-26.1149	0.955255	1370.51	8910.56
-26.1149	0.955255	1369.62	9113.65
-26.1149	0.955255	1368.73	9361.51
-26.1149	0.955255	1367.84	9558.84
-26.1149	0.955255	1366.94	9293.8
-26.1149	0.955255	1366.05	9706.78
-26.1149	0.955255	1365.16	9719.09
-26.1149	0.955255	1364.27	9669.79
-26.1149	0.955255	1363.37	9696.1
-26.1149	0.955255	1362.48	9537.64
-26.1149	0.955255	1361.59	9891.44
-26.1149	0.955255	1360.69	9635.05
-26.1149	0.955255	1359.8	9462.7
-26.1149	0.955255	1358.91	9508.6
-26.1149	0.955255	1358.01	9669.17
-26.1149	0.955255	1357.12	9975.09
-26.1149	0.955255	1356.22	9478.46
-26.1149	0.955255	1355.33	9487.98
-26.1149	0.955255	1354.44	9874.83
-26.1149	0.955255	1353.54	9711.03
-26.1149	0.955255	1352.65	9550.07
-26.1149	0.955255	1351.75	9450.63
-26.1149	0.955255	1350.86	9728.28
-26.1149	0.955255	1349.96	9631.63
-26.1149	0.955255	1349.07	9509.89
-26.1149	0.955255	1348.17	9516.6
-26.1149	0.955255	1347.28	9587.51
-26.1149	0.955255	1346.38	9792.34
-26.1149	0.955255	1345.48	9483.71
-26.1149	0.955255	1344.59	9415.1
-26.1149	0.955255	1343.69	9458.08
-26.1149	0.955255	1342.79	9796.65
-26.1149	0.955255	1341.9	9538.42
-26.1149	0.955255	1341.0	9372.28
-26.1149	0.955255	1340.1	9418.02
-26.1149	0.955255	1339.21	9647.68
-26.1149	0.955255	1338.31	9604.2
-26.1149	0.955255	1337.41	9485.51
-26.1149	0.955255	1336.51	9662.11
-26.1149	0.955255	1335.62	9902.7
-26.1149	0.955255	1334.72	10084.7
-26.1149	0.955255	1333.82	9902.02
-26.1149	0.955255	1332.92	9930.9
-26.1149	0.955255	1332.02	10346.6
-26.1149	0.955255	1331.13	10483.9
-26.1149	0.955255	1330.23	10365.2
-26.1149	0.955255	1329.33	10140.9
-26.1149	0.955255	1328.43	10375.5
-26.1149	0.955255	1327.53	10512.7
-26.1149	0.955255	1326.63	10157.8
-26.1149	0.955255	1325.73	10264.4
-26.1149	0.955255	1324.83	10365.5
-26.1149	0.955255	1323.93	10563.7
-26.1149	0.955255	1323.03	10297.9
-26.1149	0.955255	1322.13	10101.7
-26.1149	0.955255	1321.23	10297.1
-26.1149	0.955255	1320.33	10428.6
-26.1149	0.955255	1319.43	10454.5
-26.1149	0.955255	1318.53	10461.0
-26.1149	0.955255	1317.63	10461.9
-26.1149	0.955255	1316.73	10657.1
-26.1149	0.955255	1315.83	10830.0
-26.1149	0.955255	1314.93	10473.1
-26.1149	0.955255	1314.02	10579.4
-26.1149	0.955255	1313.12	10951.9
-26.1149	0.955255	1312.22	10622.8
-26.1149	0.955255	1311.32	10568.3
-26.1149	0.955255	1310.42	10488.9
-26.1149	0.955255	1309.51	10653.3
-26.1149	0.955255	1308.61	10532.3
-26.1149	0.955255	1307.71	10300.5
-26.1149	0.955255	1306.81	10279.4
-26.1149	0.955255	1305.9	10058.8
-26.1149	0.955255	1305.0	10242.5
-26.1149	0.955255	1304.1	9759.14
-26.1149	0.955255	1303.19	9713.16
-26.1149	0.955255	1302.29	9600.78
-26.1149	0.955255	1301.39	9803.8
-26.1149	0.955255	1300.48	9414.87
-26.1149	0.955255	1299.58	9247.3
-26.1149	0.955255	1298.67	9350.74
-26.1149	0.955255	1297.77	9501.14
-26.1149	0.955255	1296.86	9375.1
-26.1149	0.955255	1295.96	8746.16
-26.1149	0.955255	1295.06	9172.88
-26.1149	0.955255	1294.15	9201.65
-26.1149	0.955255	1293.25	9067.47
-26.1149	0.955255	1292.34	9071.4
-26.1149	0.955255	1291.43	9089.13
-26.1149	0.955255	1290.53	9327.7
-26.1149	0.955255	1289.62	9221.18
-26.1149	0.955255	1288.72	9147.82
-26.1149	0.955255	1287.81	9195.87
-26.1149	0.955255	1286.9	9351.5
-26.1149	0.955255	1286.0	9258.84
-26.1149	0.955255	1285.09	9009.03
-26.1149	0.955255	1284.18	9084.65
-26.1149	0.955255	1283.28	9452.44
-26.1149	0.955255	1282.37	9097.99
-26.1149	0.955255	1281.46	8845.63
-26.1149	0.955255	1280.56	8642.95
-26.1149	0.955255	1279.65	8834.26
-26.1149	0.955255	1278.74	8725.29
-26.1149	0.955255	1277.83	8594.34
-26.1149	0.955255	1276.93	8174.33
-26.1149	0.955255	1276.02	8450.93
-26.1149	0.955255	1275.11	8391.64
-26.1149	0.955255	1274.2	8062.71
-26.1149	0.955255	1273.29	7964.99
-26.1149	0.955255	1272.38	8015.86
-26.1149	0.955255	1271.47	8019.95
-26.1149	0.955255	1270.56	7828.8
-26.1149	0.955255	1269.66	7783.44
-26.1149	0.955255	1268.75	7815.05
-26.1149	0.955255	1267.84	7788.94
-26.1149	0.955255	1266.93	7721.63
-26.1149	0.955255	1266.02	7613.12
-26.1149	0.955255	1265.11	7721.66
-26.1149	0.955255	1264.2	7742.27
-26.1149	0.955255	1263.29	7735.42
-26.1149	0.955255	1262.38	7544.62
-26.1149	0.955255	1261.46	7697.01
-26.1149	0.955255	1260.55	7665.47
-26.1149	0.955255	1259.64	7488.5
-26.1149	0.955255	1258.73	7712.15
-26.1149	0.955255	1257.82	7713.54
-26.1149	0.955255	1256.91	7692.98
-26.1149	0.955255	1256.0	7686.15
-26.1149	0.955255	1255.08	7660.12
-26.1149	0.955255	1254.17	7804.05
-26.1149	0.955255	1253.26	7901.34
-26.1149	0.955255	1252.35	7732.8
-26.1149	0.955255	1251.44	7504.04
-26.1149	0.955255	1250.52	7573.94
-26.1149	0.955255	1249.61	7413.76
-26.1149	0.955255	1248.7	7387.81
-26.1149	0.955255	1247.78	7057.98
-26.1149	0.955255	1246.87	7133.38
-26.1149	0.955255	1245.96	7312.75
-26.1149	0.955255	1245.04	7098.03
-26.1149	0.955255	1244.13	7025.65
-26.1149	0.955255	1243.22	7081.85
-26.1149	0.955255	1242.3	7291.19
-26.1149	0.955255	1241.39	7013.73
-26.1149	0.955255	1240.47	7143.72
-26.1149	0.955255	1239.56	7052.26
-26.1149	0.955255	1238.64	7111.14
-26.1149	0.955255	1237.73	6924.08
-26.1149	0.955255	1236.81	6805.39
-26.1149	0.955255	1235.9	6927.11
-26.1149	0.955255	1234.98	6865.8
-26.1149	0.955255	1234.07	6840.02
-26.1149	0.955255	1233.15	6612.22
-26.1149	0.955255	1232.24	6605.59
-26.1149	0.955255	1231.32	6721.78
-26.1149	0.955255	1230.4	6783.35
-26.1149	0.955255	1229.49	6659.39
-26.1149	0.955255	1228.57	6685.49
-26.1149	0.955255	1227.65	6580.68
-26.1149	0.955255	1226.74	6906.72
-26.1149	0.955255	1225.82	6591.99
-26.1149	0.955255	1224.9	6729.84
-26.1149	0.955255	1223.99	6761.35
-26.1149	0.955255	1223.07	6874.6
-26.1149	0.955255	1222.15	6835.25
-26.1149	0.955255	1221.23	6752.33
-26.1149	0.955255	1220.31	6969.0
-26.1149	0.955255	1219.4	6801.68
-26.1149	0.955255	1218.48	6691.58
-26.1149	0.955255	1217.56	6704.01
-26.1149	0.955255	1216.64	6836.18
-26.1149	0.955255	1215.72	6916.6
-26.1149	0.955255	1214.8	6776.64
-26.1149	0.955255	1213.88	6666.64
-26.1149	0.955255	1212.96	6989.08
-26.1149	0.955255	1212.05	6797.52
-26.1149	0.955255	1211.13	6714.76
-26.1149	0.955255	1210.21	6433.62
-26.1149	0.955255	1209.29	6573.79
-26.1149	0.955255	1208.37	6632.41
-26.1149	0.955255	1207.45	6593.2
-26.1149	0.955255	1206.53	6594.76
-26.1149	0.955255	1205.6	6615.32
-26.1149	0.955255	1204.68	6440.38
-26.1149	0.955255	1203.76	6482.67
-26.1149	0.955255	1202.84	6435.39
-26.1149	0.955255	1201.92	6363.69
-26.1149	0.955255	1201.0	6395.13
-26.1149	0.955255	1200.08	6469.95
-26.1149	0.955255	1199.16	6392.87
-26.1149	0.955255	1198.23	6304.96
-26.1149	0.955255	1197.31	6420.43
-26.1149	0.955255	1196.39	6229.54
-26.1149	0.955255	1195.47	6388.35
-26.1149	0.955255	1194.54	6449.55
-26.1149	0.955255	1193.62	6358.99
-26.1149	0.955255	1192.7	6219.71
-26.1149	0.955255	1191.78	6213.2
-26.1149	0.955255	1190.85	6558.72
-26.1149	0.955255	1189.93	6473.63
-26.1149	0.955255	1189.01	6320.89
-26.1149	0.955255	1188.08	6287.29
-26.1149	0.955255	1187.16	6448.54
-26.1149	0.955255	1186.23	6674.67
-26.1149	0.955255	1185.31	6624.8
-26.1149	0.955255	1184.39	6488.4
-26.1149	0.955255	1183.46	6798.22
-26.1149	0.955255	1182.54	6907.87
-26.1149	0.955255	1181.61	7022.89
-26.1149	0.955255	1180.69	7054.08
-26.1149	0.955255	1179.76	7182.53
-26.1149	0.955255	1178.84	7340.67
-26.1149	0.955255	1177.91	7533.86
-26.1149	0.955255	1176.99	7219.23
-26.1149	0.955255	1176.06	7617.6
-26.1149	0.955255	1175.13	7713.45
-26.1149	0.955255	1174.21	7990.12
-26.1149	0.955255	1173.28	8045.38
-26.1149	0.955255	1172.35	8103.32
-26.1149	0.955255	1171.43	8363.58
-26.1149	0.955255	1170.5	8386.38
-26.1149	0.955255	1169.57	8557.5
-26.1149	0.955255	1168.65	8755.52
-26.1149	0.955255	1167.72	8907.64
-26.1149	0.955255	1166.79	8714.68
-26.1149	0.955255	1165.86	8589.17
-26.1149	0.955255	1164.94	8727.76
-26.1149	0.955255	1164.01	8693.89
-26.1149	0.955255	1163.08	8315.24
-26.1149	0.955255	1162.15	7934.03
-26.1149	0.955255	1161.22	8034.94
-26.1149	0.955255	1160.3	7909.68
-26.1149	0.955255	1159.37	7552.97
-26.1149	0.955255	1158.44	7188.31
-26.1149	0.955255	1157.51	7009.45
-26.1149	0.955255	1156.58	7134.65
-26.1149	0.955255	1155.65	6939.72
-26.1149	0.955255	1154.72	6607.7
-26.1149	0.955255	1153.79	6813.57
-26.1149	0.955255	1152.86	6686.01
-26.1149	0.955255	1151.93	6547.74
-26.1149	0.955255	1151.0	6597.64
-26.1149	0.955255	1150.07	6478.24
-26.1149	0.955255	1149.14	6460.97
-26.1149	0.955255	1148.21	6459.82
-26.1149	0.955255	1147.28	6351.26
-26.1149	0.955255	1146.35	6395.78
-26.1149	0.955255	1145.42	6375.85
-26.1149	0.955255	1144.48	6372.03
-26.1149	0.955255	1143.55	6169.63
-26.1149	0.955255	1142.62	6184.64
-26.1149	0.955255	1141.69	6247.92
-26.1149	0.955255	1140.76	6198.53
-26.1149	0.955255	1139.82	6208.16
-26.1149	0.955255	1138.89	6188.29
-26.1149	0.955255	1137.96	6302.46
-26.1149	0.955255	1137.03	6124.44
-26.1149	0.955255	1136.09	5812.5
-26.1149	0.955255	1135.16	5926.68
-26.1149	0.955255	1134.23	5997.95
-26.1149	0.955255	1133.29	5833.51
-26.1149	0.955255	1132.36	5594.14
-26.1149	0.955255	1131.43	5582.44
-26.1149	0.955255	1130.49	5651.04
-26.1149	0.955255	1129.56	5540.3
-26.1149	0.955255	1128.62	5349.32
-26.1149	0.955255	1127.69	5492.85
-26.1149	0.955255	1126.76	5566.78
-26.1149	0.955255	1125.82	5581.83
-26.1149	0.955255	1124.89	5163.68
-26.1149	0.955255	1123.95	5138.7
-26.1149	0.955255	1123.02	5431.84
-26.1149	0.955255	1122.08	5331.98
-26.1149	0.955255	1121.14	5240.18
-26.1149	0.955255	1120.21	5314.06
-26.1149	0.955255	1119.27	5371.88
-26.1149	0.955255	1118.34	5341.54
-26.1149	0.955255	1117.4	5255.14
-26.1149	0.955255	1116.46	5248.87
-26.1149	0.955255	1115.53	5258.61
-26.1149	0.955255	1114.59	5300.38
-26.1149	0.955255	1113.65	5256.74
-26.1149	0.955255	1112.72	5247.8
-26.1149	0.955255	1111.78	5382.91
-26.1149	0.955255	1110.84	5371.28
-26.1149	0.955255	1109.9	5338.33
-26.1149	0.955255	1108.97	5556.0
-26.1149	0.955255	1108.03	5880.2
-26.1149	0.955255	1107.09	5791.21
-26.1149	0.955255	1106.15	5955.38
-26.1149	0.955255	1105.21	6154.13
-26.1149	0.955255	1104.28	6451.37
-26.1149	0.955255	1103.34	6543.43
-26.1149	0.955255	1102.4	6473.03
-26.1149	0.955255	1101.46	6607.66
-26.1149	0.955255	1100.52	6582.52
-26.1149	0.955255	1099.58	6509.5
-26.1149	0.955255	1098.64	6393.92
-26.1149	0.955255	1097.7	6198.58
-26.1149	0.955255	1096.76	6130.98
-26.1149	0.955255	1095.82	5786.83
-26.1149	0.955255	1094.88	5581.06
-26.1149	0.955255	1093.94	5614.62
-26.1149	0.955255	1093.0	5632.23
-26.1149	0.955255	1092.06	5357.5
-26.1149	0.955255	1091.12	5247.61
-26.1149	0.955255	1090.18	5222.77
-26.1149	0.955255	1089.24	5317.46
-26.1149	0.955255	1088.3	5149.2
-26.1149	0.955255	1087.35	4973.05
-26.1149	0.955255	1086.41	5086.31
-26.1149	0.955255	1085.47	5082.75
-26.1149	0.955255	1084.53	4819.13
-26.1149	0.955255	1083.59	4860.72
-26.1149	0.955255	1082.64	4926.17
-26.1149	0.955255	1081.7	4933.25
-26.1149	0.955255	1080.76	4728.18
-26.1149	0.955255	1079.81	4724.69
-26.1149	0.955255	1078.87	4787.47
-26.1149	0.955255	1077.93	4728.3
-26.1149	0.955255	1076.99	4780.46
-26.1149	0.955255	1076.04	4636.54
-26.1149	0.955255	1075.1	4662.2
-26.1149	0.955255	1074.15	4695.8
-26.1149	0.955255	1073.21	4604.93
-26.1149	0.955255	1072.27	4675.59
-26.1149	0.955255	1071.32	4762.11
-26.1149	0.955255	1070.38	4610.4
-26.1149	0.955255	1069.43	4538.13
-26.1149	0.955255	1068.49	4405.04
-26.1149	0.955255	1067.54	4557.67
-26.1149	0.955255	1066.6	4517.19
-26.1149	0.955255	1065.65	4595.71
-26.1149	0.955255	1064.71	4645.12
-26.1149	0.955255	1063.76	4765.88
-26.1149	0.955255	1062.81	4683.1
-26.1149	0.955255	1061.87	4785.32
-26.1149	0.955255	1060.92	4839.95
-26.1149	0.955255	1059.97	4947.38
-26.1149	0.955255	1059.03	4922.73
-26.1149	0.955255	1058.08	4940.33
-26.1149	0.955255	1057.13	4973.77
-26.1149	0.955255	1056.19	5017.75
-26.1149	0.955255	1055.24	4874.35
-26.1149	0.955255	1054.29	4791.68
-26.1149	0.955255	1053.34	4777.63
-26.1149	0.955255	1052.4	4898.11
-26.1149	0.955255	1051.45	4691.54
-26.1149	0.955255	1050.5	4732.88
-26.1149	0.955255	1049.55	4663.5
-26.1149	0.955255	1048.6	4667.93
-26.1149	0.955255	1047.66	4651.29
-26.1149	0.955255	1046.71	4518.71
-26.1149	0.955255	1045.76	4581.13
-26.1149	0.955255	1044.81	4548.71
-26.1149	0.955255	1043.86	4587.39
-26.1149	0.955255	1042.91	4460.19
-26.1149	0.955255	1041.96	4556.8
-26.1149	0.955255	1041.01	4545.45
-26.1149	0.955255	1040.06	4305.17
-26.1149	0.955255	1039.11	4322.82
-26.1149	0.955255	1038.16	4487.77
-26.1149	0.955255	1037.21	4515.9
-26.1149	0.955255	1036.26	4433.57
-26.1149	0.955255	1035.31	4324.98
-26.1149	0.955255	1034.36	4487.19
-26.1149	0.955255	1033.4	4383.88
-26.1149	0.955255	1032.45	4338.43
-26.1149	0.955255	1031.5	4361.3
-26.1149	0.955255	1030.55	4415.68
-26.1149	0.955255	1029.6	4527.82
-26.1149	0.955255	1028.65	4521.76
-26.1149	0.955255	1027.69	4513.07
-26.1149	0.955255	1026.74	4541.14
-26.1149	0.955255	1025.79	4629.56
-26.1149	0.955255	1024.84	4487.03
-26.1149	0.955255	1023.88	4365.55
-26.1149	0.955255	1022.93	4676.91
-26.1149	0.955255	1021.98	4610.51
-26.1149	0.955255	1021.02	4552.0
-26.1149	0.955255	1020.07	4480.4
-26.1149	0.955255	1019.12	4584.44
-26.1149	0.955255	1018.16	4709.41
-26.1149	0.955255	1017.21	4567.08
-26.1149	0.955255	1016.25	4571.5
-26.1149	0.955255	1015.3	4523.53
-26.1149	0.955255	1014.34	4562.0
-26.1149	0.955255	1013.39	4563.8
-26.1149	0.955255	1012.44	4706.97
-26.1149	0.955255	1011.48	4535.99
-26.1149	0.955255	1010.52	4618.92
-26.1149	0.955255	1009.57	4659.96
-26.1149	0.955255	1008.61	4680.05
-26.1149	0.955255	1007.66	4812.6
-26.1149	0.955255	1006.7	4652.22
-26.1149	0.955255	1005.75	4544.19
-26.1149	0.955255	1004.79	4671.47
-26.1149	0.955255	1003.83	4764.72
-26.1149	0.955255	1002.88	4528.68
-26.1149	0.955255	1001.92	4350.2
-26.1149	0.955255	1000.96	4388.6
-26.1149	0.955255	1000.0	4351.25
-26.1149	0.955255	999.048	4329.58
-26.1149	0.955255	998.09	4172.15
-26.1149	0.955255	997.132	4505.53
-26.1149	0.955255	996.174	4476.01
-26.1149	0.955255	995.216	4383.88
-26.1149	0.955255	994.258	4370.05
-26.1149	0.955255	993.3	4549.25
-26.1149	0.955255	992.341	4540.61
-26.1149	0.955255	991.382	4430.28
-26.1149	0.955255	990.423	4392.98
-26.1149	0.955255	989.4639999999999	4465.18
-26.1149	0.955255	988.505	4412.25
-26.1149	0.955255	987.546	4414.07
-26.1149	0.955255	986.586	4207.46
-26.1149	0.955255	985.6260000000001	4336.94
-26.1149	0.955255	984.666	4304.91
-26.1149	0.955255	983.706	4246.85
-26.1149	0.955255	982.7460000000001	4160.18
-26.1149	0.955255	981.785	4391.09
-26.1149	0.955255	980.825	4176.9
-26.1149	0.955255	979.8639999999999	4212.58
-26.1149	0.955255	978.903	4253.45
-26.1149	0.955255	977.942	4400.94
-26.1149	0.955255	976.9810000000001	4194.71
-26.1149	0.955255	976.0189999999999	4136.75
-26.1149	0.955255	975.057	4234.79
-26.1149	0.955255	974.095	4317.2
-26.1149	0.955255	973.133	4196.89
-26.1149	0.955255	972.171	4115.59
-26.1149	0.955255	971.209	4166.8
-26.1149	0.955255	970.2460000000001	4223.19
-26.1149	0.955255	969.284	4183.48
-26.1149	0.955255	968.321	4174.94
-26.1149	0.955255	967.3580000000001	4405.22
-26.1149	0.955255	966.3939999999999	4285.04
-26.1149	0.955255	965.431	4242.75
-26.1149	0.955255	964.467	4301.66
-26.1149	0.955255	963.5039999999999	4342.39
-26.1149	0.955255	962.54	4302.71
-26.1149	0.955255	961.576	4301.93
-26.1149	0.955255	960.6110000000001	4218.2
-26.1149	0.955255	959.6469999999999	4290.02
-26.1149	0.955255	958.682	4444.75
-26.1149	0.955255	957.7180000000001	4239.24
-26.1149	0.955255	956.753	4152.98
-26.1149	0.955255	955.7869999999999	4338.73
-26.1149	0.955255	954.822	4413.06
-26.1149	0.955255	953.857	4337.17
-26.1149	0.955255	952.8910000000001	4481.37
-26.1149	0.955255	951.925	4446.91
-26.1149	0.955255	950.959	4360.71
-26.1149	0.955255	949.993	4352.16
-26.1149	0.955255	949.0269999999999	4449.69
-26.1149	0.955255	948.06	4536.83
-26.1149	0.955255	947.0930000000001	4435.15
-26.1149	0.955255	946.1260000000001	4284.39
-26.1149	0.955255	945.159	4399.95
-26.1149	0.955255	944.192	4613.68
-26.1149	0.955255	943.225	4654.2
-26.1149	0.955255	942.257	4694.7
-26.1149	0.955255	941.289	4704.19
-26.1149	0.955255	940.321	4773.08
-26.1149	0.955255	939.3530000000001	4581.12
-26.1149	0.955255	938.385	4624.19
-26.1149	0.955255	937.4169999999999	4687.89
-26.1149	0.955255	936.448	4617.36
-26.1149	0.955255	935.4789999999999	4466.86
-26.1149	0.955255	934.51	4476.37
-26.1149	0.955255	933.541	4666.45
-26.1149	0.955255	932.572	4611.45
-26.1149	0.955255	931.602	4574.52
-26.1149	0.955255	930.633	4604.63
-26.1149	0.955255	929.663	4694.02
-26.1149	0.955255	928.693	4664.83
-26.1149	0.955255	927.7230000000001	4591.83
-26.1149	0.955255	926.752	4905.32
-26.1149	0.955255	925.7819999999999	5025.5
-26.1149	0.955255	924.811	4996.26
-26.1149	0.955255	923.84	4930.99
-26.1149	0.955255	922.8689999999999	5112.88
-26.1149	0.955255	921.898	5132.55
-26.1149	0.955255	920.926	5265.45
-26.1149	0.955255	919.955	5269.65
-26.1149	0.955255	918.9830000000001	5302.14
-26.1149	0.955255	918.0110000000001	5532.67
-26.1149	0.955255	917.039	5436.52
-26.1149	0.955255	916.066	5306.98
-26.1149	0.955255	915.0939999999999	5321.45
-26.1149	0.955255	914.1210000000001	5333.34
-26.1149	0.955255	913.148	5203.88
-26.1149	0.955255	912.175	4966.56
-26.1149	0.955255	911.202	5058.15
-26.1149	0.955255	910.2289999999999	4831.21
-26.1149	0.955255	909.255	4763.57
-26.1149	0.955255	908.2819999999999	4731.9
-26.1149	0.955255	907.308	4795.22
-26.1149	0.955255	906.334	4642.93
-26.1149	0.955255	905.36	4695.98
-26.1149	0.955255	904.385	4559.15
-26.1149	0.955255	903.4110000000001	4563.46
-26.1149	0.955255	902.436	4588.28
-26.1149	0.955255	901.461	4502.83
-26.1149	0.955255	900.4860000000001	4491.76
-26.1149	0.955255	899.51	4375.6
-26.1149	0.955255	898.535	4431.19
-26.1149	0.955255	897.559	4128.03
-26.1149	0.955255	896.5830000000001	4188.77
-26.1149	0.955255	895.607	4336.57
-26.1149	0.955255	894.6310000000001	4330.67
-26.1149	0.955255	893.655	4081.51
-26.1149	0.955255	892.678	4239.5
-26.1149	0.955255	891.702	4057.0
-26.1149	0.955255	890.725	4230.29
-26.1149	0.955255	889.748	4076.0
-26.1149	0.955255	888.77	4264.57
-26.1149	0.955255	887.793	4171.72
-26.1149	0.955255	886.815	4173.52
-26.1149	0.955255	885.8380000000001	4131.86
-26.1149	0.955255	884.86	4241.04
-26.1149	0.955255	883.882	4319.5
-26.1149	0.955255	882.903	4265.05
-26.1149	0.955255	881.925	4167.19
-26.1149	0.955255	880.946	4373.36
-26.1149	0.955255	879.967	4313.82
-26.1149	0.955255	878.988	4236.43
-26.1149	0.955255	878.0089999999999	4146.3
-26.1149	0.955255	877.03	4400.82
-26.1149	0.955255	876.05	4297.94
-26.1149	0.955255	875.071	4177.23
-26.1149	0.955255	874.091	4339.75
-26.1149	0.955255	873.1110000000001	4389.98
-26.1149	0.955255	872.13	4261.67
-26.1149	0.955255	871.15	4250.7
-26.1149	0.955255	870.169	4206.59
-26.1149	0.955255	869.189	4432.68
-26.1149	0.955255	868.2080000000001	4312.1
-26.1149	0.955255	867.2260000000001	4245.07
-26.1149	0.955255	866.245	4346.2
-26.1149	0.955255	865.2639999999999	4345.42
-26.1149	0.955255	864.2819999999999	4283.51
-26.1149	0.955255	863.3	4460.97
-26.1149	0.955255	862.318	4460.16
-26.1149	0.955255	861.336	4446.62
-26.1149	0.955255	860.3530000000001	4435.64
-26.1149	0.955255	859.3710000000001	4330.51
-26.1149	0.955255	858.388	4492.54
-26.1149	0.955255	857.405	4407.79
-26.1149	0.955255	856.422	4386.65
-26.1149	0.955255	855.439	4485.01
-26.1149	0.955255	854.455	4435.9
-26.1149	0.955255	853.472	4430.01
-26.1149	0.955255	852.488	4314.85
-26.1149	0.955255	851.5039999999999	4606.25
-26.1149	0.955255	850.52	4590.17
-26.1149	0.955255	849.535	4439.49
-26.1149	0.955255	848.551	4575.81
-26.1149	0.955255	847.566	4458.19
-26.1149	0.955255	846.581	4444.69
-26.1149	0.955255	845.596	4370.29
-26.1149	0.955255	844.6110000000001	4476.07
-26.1149	0.955255	843.6260000000001	4533.61
-26.1149	0.955255	842.64	4421.17
-26.1149	0.955255	841.654	4298.64
-26.1149	0.955255	840.668	4510.85
-26.1149	0.955255	839.682	4380.74
-26.1149	0.955255	838.696	4369.81
-26.1149	0.955255	837.709	4341.14
-26.1149	0.955255	836.7230000000001	4342.88
-26.1149	0.955255	835.7360000000001	4466.22
-26.1149	0.955255	834.7489999999999	4298.24
-26.1149	0.955255	833.762	4494.99
-26.1149	0.955255	832.7739999999999	4413.15
-26.1149	0.955255	831.7869999999999	4422.48
-26.1149	0.955255	830.799	4302.72
-26.1149	0.955255	829.811	4337.36
-26.1149	0.955255	828.823	4538.98
-26.1149	0.955255	827.835	4414.2
-26.1149	0.955255	826.846	4408.34
-26.1149	0.955255	825.857	4473.29
-26.1149	0.955255	824.8689999999999	4487.64
-26.1149	0.955255	823.88	4436.27
-26.1149	0.955255	822.89	4347.01
-26.1149	0.955255	821.9010000000001	4535.73
-26.1149	0.955255	820.9119999999999	4534.91
-26.1149	0.955255	819.922	4362.32
-26.1149	0.955255	818.932	4495.38
-26.1149	0.955255	817.942	4777.36
-26.1149	0.955255	816.952	4731.05
-26.1149	0.955255	815.961	4611.56
-26.1149	0.955255	814.971	4777.28
-26.1149	0.955255	813.98	4842.02
-26.1149	0.955255	812.9889999999999	4722.57
-26.1149	0.955255	811.998	4628.38
-26.1149	0.955255	811.0060000000001	4675.45
-26.1149	0.955255	810.015	4667.04
-26.1149	0.955255	809.023	4474.6
-26.1149	0.955255	808.0310000000001	4501.51
-26.1149	0.955255	807.039	4714.89
-26.1149	0.955255	806.047	4467.12
-26.1149	0.955255	805.054	4340.35
-26.1149	0.955255	804.062	4301.78
-26.1149	0.955255	803.069	4426.91
-26.1149	0.955255	802.076	4285.11
-26.1149	0.955255	801.0830000000001	4171.06
-26.1149	0.955255	800.0889999999999	4273.48
-26.1149	0.955255	799.096	4315.48
-26.1149	0.955255	798.102	4214.06
-26.1149	0.955255	797.1080000000001	4198.2
-26.1149	0.955255	796.1139999999999	4039.0
-26.1149	0.955255	795.12	4181.59
-26.1149	0.955255	794.1260000000001	3977.19
-26.1149	0.955255	793.1310000000001	4004.11
-26.1149	0.955255	792.1360000000001	4071.24
-26.1149	0.955255	791.1410000000001	3982.55
-26.1149	0.955255	790.1460000000001	3999.41
-26.1149	0.955255	789.1510000000001	3940.91
-26.1149	0.955255	788.155	3932.66
-26.1149	0.955255	787.16	3997.23
-26.1149	0.955255	786.164	3865.96
-26.1149	0.955255	785.168	3980.71
-26.1149	0.955255	784.171	4015.12
-26.1149	0.955255	783.175	3961.69
-26.1149	0.955255	782.178	3945.92
-26.1149	0.955255	781.182	4035.49
-26.1149	0.955255	780.185	4007.17
-26.1149	0.955255	779.188	4026.5
-26.1149	0.955255	778.19	4005.71
-26.1149	0.955255	777.193	4015.0
-26.1149	0.955255	776.195	4059.38
-26.1149	0.955255	775.197	4078.68
-26.1149	0.955255	774.199	4150.58
-26.1149	0.955255	773.201	4149.82
-26.1149	0.955255	772.202	4204.15
-26.1149	0.955255	771.204	4048.16
-26.1149	0.955255	770.205	4232.65
-26.1149	0.955255	769.206	4276.92
-26.1149	0.955255	768.207	4163.55
-26.1149	0.955255	767.2080000000001	4262.85
-26.1149	0.955255	766.2080000000001	4369.63
-26.1149	0.955255	765.2080000000001	4418.85
-26.1149	0.955255	764.209	4258.02
-26.1149	0.955255	763.2080000000001	4239.74
-26.1149	0.955255	762.2080000000001	4241.47
-26.1149	0.955255	761.2080000000001	4360.64
-26.1149	0.955255	760.207	4187.45
-26.1149	0.955255	759.206	4274.12
-26.1149	0.955255	758.205	4410.7
-26.1149	0.955255	757.204	4205.13
-26.1149	0.955255	756.203	4171.91
-26.1149	0.955255	755.201	4370.84
-26.1149	0.955255	754.2	4277.7
-26.1149	0.955255	753.198	4464.07
-26.1149	0.955255	752.196	4423.33
-26.1149	0.955255	751.193	4449.96
-26.1149	0.955255	750.191	4616.24
-26.1149	0.955255	749.188	4351.09
-26.1149	0.955255	748.186	4549.74
-26.1149	0.955255	747.183	4626.17
-26.1149	0.955255	746.179	4617.85
-26.1149	0.955255	745.176	4562.19
-26.1149	0.955255	744.173	4591.25
-26.1149	0.955255	743.169	4729.89
-26.1149	0.955255	742.165	4604.51
-26.1149	0.955255	741.1610000000001	4414.44
-26.1149	0.955255	740.1569999999999	4585.4
-26.1149	0.955255	739.1519999999999	4661.72
-26.1149	0.955255	738.1469999999999	4504.1
-26.1149	0.955255	737.143	4391.31
-26.1149	0.955255	736.138	4485.03
-26.1149	0.955255	735.132	4640.9
-26.1149	0.955255	734.127	4461.01
-26.1149	0.955255	733.122	4527.32
-26.1149	0.955255	732.1160000000001	4777.55
-26.1149	0.955255	731.11	4485.9
-26.1149	0.955255	730.1039999999999	4606.84
-26.1149	0.955255	729.097	4774.93
-26.1149	0.955255	728.091	4860.99
-26.1149	0.955255	727.084	4942.06
-26.1149	0.955255	726.077	4911.35
-26.1149	0.955255	725.07	5017.2
-26.1149	0.955255	724.063	4917.0
-26.1149	0.955255	723.056	4859.02
-26.1149	0.955255	722.048	4706.78
-26.1149	0.955255	721.04	4825.0
-26.1149	0.955255	720.0319999999999	4824.11
-26.1149	0.955255	719.0239999999999	4652.12
-26.1149	0.955255	718.0160000000001	4663.67
-26.1149	0.955255	717.007	4672.73
-26.1149	0.955255	715.9989999999999	4453.77
-26.1149	0.955255	714.99	4425.69
-26.1149	0.955255	713.9810000000001	4504.16
-26.1149	0.955255	712.972	4520.68
-26.1149	0.955255	711.962	4215.22
-26.1149	0.955255	710.953	4291.21
-26.1149	0.955255	709.943	4310.23
-26.1149	0.955255	708.933	4193.1
-26.1149	0.955255	707.923	4283.9
-26.1149	0.955255	706.9119999999999	4218.78
-26.1149	0.955255	705.9019999999999	4203.17
-26.1149	0.955255	704.8910000000001	4147.98
-26.1149	0.955255	703.88	4038.41
-26.1149	0.955255	702.8689999999999	4208.27
-26.1149	0.955255	701.8580000000001	4303.91
-26.1149	0.955255	700.846	4018.88
-26.1149	0.955255	699.834	4173.83
-26.1149	0.955255	698.823	4178.01
-26.1149	0.955255	697.811	4108.07
-26.1149	0.955255	696.798	4082.62
-26.1149	0.955255	695.7860000000001	4175.71
-26.1149	0.955255	694.773	4192.22
-26.1149	0.955255	693.7610000000001	4191.45
-26.1149	0.955255	692.748	4052.47
-26.1149	0.955255	691.7339999999999	4133.16
-26.1149	0.955255	690.721	4038.65
-26.1149	0.955255	689.7080000000001	4124.24
-26.1149	0.955255	688.694	4177.74
-26.1149	0.955255	687.68	4238.62
-26.1149	0.955255	686.666	4200.86
-26.1149	0.955255	685.6519999999999	4123.68
-26.1149	0.955255	684.637	4122.92
-26.1149	0.955255	683.623	4270.0
-26.1149	0.955255	682.6080000000001	4261.83
-26.1149	0.955255	681.5930000000001	4027.05
-26.1149	0.955255	680.578	4220.86
-26.1149	0.955255	679.562	4325.95
-26.1149	0.955255	678.547	4152.84
-26.1149	0.955255	677.5310000000001	4201.3
-26.1149	0.955255	676.515	4210.37
-26.1149	0.955255	675.4989999999999	4047.22
-26.1149	0.955255	674.482	4085.83
-26.1149	0.955255	673.466	4117.06
-26.1149	0.955255	672.449	4116.3
-26.1149	0.955255	671.432	4115.54
-26.1149	0.955255	670.415	3886.19
-26.1149	0.955255	669.398	3996.06
-26.1149	0.955255	668.3810000000001	3948.64
-26.1149	0.955255	667.363	3950.37
-26.1149	0.955255	666.345	3826.83
-26.1149	0.955255	665.327	4052.06
-26.1149	0.955255	664.309	3948.19
-26.1149	0.955255	663.291	3910.64
-26.1149	0.955255	662.2719999999999	4145.55
-26.1149	0.955255	661.253	3987.73
-26.1149	0.955255	660.2339999999999	3947.74
-26.1149	0.955255	659.215	4057.41
-26.1149	0.955255	658.196	4174.38
-26.1149	0.955255	657.176	4225.11
-26.1149	0.955255	656.1569999999999	4035.55
-26.1149	0.955255	655.137	4260.33
-26.1149	0.955255	654.117	4227.68
-26.1149	0.955255	653.097	4128.89
-26.1149	0.955255	652.076	4174.68
-26.1149	0.955255	651.056	4176.36
-26.1149	0.955255	650.035	4163.34
-26.1149	0.955255	649.014	4147.88
-26.1149	0.955255	647.993	4164.26
-26.1149	0.955255	646.971	4202.65
-26.1149	0.955255	645.95	4177.41
-26.1149	0.955255	644.928	4100.79
-26.1149	0.955255	643.906	4024.2
-26.1149	0.955255	642.884	4091.94
-26.1149	0.955255	641.861	4157.21
-26.1149	0.955255	640.839	4058.65
-26.1149	0.955255	639.816	4060.34
-26.1149	0.955255	638.793	4203.8
-26.1149	0.955255	637.77	4247.01
-26.1149	0.955255	636.747	4138.72
-26.1149	0.955255	635.724	4142.85
-26.1149	0.955255	634.7	4200.7
-26.1149	0.955255	633.6759999999999	4195.04
-26.1149	0.955255	632.6519999999999	4067.31
-26.1149	0.955255	631.628	4195.93
-26.1149	0.955255	630.6030000000001	3951.11
-26.1149	0.955255	629.5790000000001	4050.42
-26.1149	0.955255	628.554	4203.37
-26.1149	0.955255	627.529	4126.98
-26.1149	0.955255	626.504	4057.94
-26.1149	0.955255	625.479	4149.84
-26.1149	0.955255	624.453	4234.4
-26.1149	0.955255	623.427	4236.05
-26.1149	0.955255	622.401	4157.29
-26.1149	0.955255	621.375	4212.56
-26.1149	0.955255	620.349	4333.58
-26.1149	0.955255	619.323	4335.22
-26.1149	0.955255	618.2959999999999	4251.63
-26.1149	0.955255	617.269	4321.45
-26.1149	0.955255	616.242	4391.24
-26.1149	0.955255	615.215	4083.78
-26.1149	0.955255	614.187	4194.96
-26.1149	0.955255	613.16	4250.14
-26.1149	0.955255	612.132	4132.6
-26.1149	0.955255	611.104	4027.26
-26.1149	0.955255	610.076	4228.33
-26.1149	0.955255	609.047	4159.48
-26.1149	0.955255	608.019	3915.66
-26.1149	0.955255	606.99	4055.88
-26.1149	0.955255	605.961	3909.35
-26.1149	0.955255	604.932	3945.07
-26.1149	0.955255	603.903	4053.63
-26.1149	0.955255	602.873	3875.62
-26.1149	0.955255	601.844	3882.18
-26.1149	0.955255	600.814	3947.01
