-1.02	-12.68	1799.66	550.132
-1.02	-12.68	1798.84	1020.63
-1.02	-12.68	1798.03	528.56
-1.02	-12.68	1797.21	510.142
-1.02	-12.68	1796.39	561.9780000000001
-1.02	-12.68	1795.57	549.668
-1.02	-12.68	1794.75	528.203
-1.02	-12.68	1793.93	576.956
-1.02	-12.68	1793.11	518.868
-1.02	-12.68	1792.29	546.245
-1.02	-12.68	1791.47	546.153
-1.02	-12.68	1790.65	521.656
-1.02	-12.68	1789.84	561.219
-1.02	-12.68	1789.02	487.934
-1.02	-12.68	1788.2	512.244
-1.02	-12.68	1787.38	567.031
-1.02	-12.68	1786.56	579.128
-1.02	-12.68	1785.73	557.697
-1.02	-12.68	1784.91	527.133
-1.02	-12.68	1784.09	520.951
-1.02	-12.68	1783.27	536.0930000000001
-1.02	-12.68	1782.45	532.957
-1.02	-12.68	1781.63	587.6759999999999
-1.02	-12.68	1780.81	517.554
-1.02	-12.68	1779.99	538.774
-1.02	-12.68	1779.17	550.857
-1.02	-12.68	1778.35	532.506
-1.02	-12.68	1777.52	535.4590000000001
-1.02	-12.68	1776.7	580.996
-1.02	-12.68	1775.88	580.898
-1.02	-12.68	1775.06	568.636
-1.02	-12.68	1774.24	562.4590000000001
-1.02	-12.68	1773.41	507.648
-1.02	-12.68	1772.59	601.78
-1.02	-12.68	1771.77	540.903
-1.02	-12.68	1770.95	568.156
-1.02	-12.68	1770.12	558.946
-1.02	-12.68	1769.3	564.9259999999999
-1.02	-12.68	1768.48	555.72
-1.02	-12.68	1767.65	546.518
-1.02	-12.68	1766.83	555.5319999999999
-1.02	-12.68	1766.01	576.685
-1.02	-12.68	1765.18	524.998
-1.02	-12.68	1764.36	530.977
-1.02	-12.68	1763.53	561.224
-1.02	-12.68	1762.71	542.93
-1.02	-12.68	1761.88	536.773
-1.02	-12.68	1761.06	530.618
-1.02	-12.68	1760.24	545.686
-1.02	-12.68	1759.41	615.308
-1.02	-12.68	1758.59	575.807
-1.02	-12.68	1757.76	575.7090000000001
-1.02	-12.68	1756.94	593.789
-1.02	-12.68	1756.11	587.63
-1.02	-12.68	1755.28	593.5880000000001
-1.02	-12.68	1754.46	566.235
-1.02	-12.68	1753.63	560.0840000000001
-1.02	-12.68	1752.81	569.07
-1.02	-12.68	1751.98	578.053
-1.02	-12.68	1751.16	556.774
-1.02	-12.68	1750.33	596.01
-1.02	-12.68	1749.5	601.9590000000001
-1.02	-12.68	1748.68	556.491
-1.02	-12.68	1747.85	556.396
-1.02	-12.68	1747.02	580.489
-1.02	-12.68	1746.2	580.391
-1.02	-12.68	1745.37	568.203
-1.02	-12.68	1744.54	556.019
-1.02	-12.68	1743.71	574.053
-1.02	-12.68	1742.89	558.852
-1.02	-12.68	1742.06	634.265
-1.02	-12.68	1741.23	628.117
-1.02	-12.68	1740.4	546.49
-1.02	-12.68	1739.57	576.585
-1.02	-12.68	1738.75	585.5419999999999
-1.02	-12.68	1737.92	582.425
-1.02	-12.68	1737.09	615.516
-1.02	-12.68	1736.26	579.211
-1.02	-12.68	1735.43	557.999
-1.02	-12.68	1734.6	600.124
-1.02	-12.68	1733.77	606.053
-1.02	-12.68	1732.94	581.8330000000001
-1.02	-12.68	1732.11	578.72
-1.02	-12.68	1731.28	560.54
-1.02	-12.68	1730.45	617.694
-1.02	-12.68	1729.62	620.602
-1.02	-12.68	1728.8	608.448
-1.02	-12.68	1727.96	566.182
-1.02	-12.68	1727.13	587.164
-1.02	-12.68	1726.3	602.117
-1.02	-12.68	1725.47	583.955
-1.02	-12.68	1724.64	559.779
-1.02	-12.68	1723.81	610.8380000000001
-1.02	-12.68	1722.98	598.7
-1.02	-12.68	1722.15	610.63
-1.02	-12.68	1721.32	580.452
-1.02	-12.68	1720.49	628.465
-1.02	-12.68	1719.66	613.326
-1.02	-12.68	1718.82	592.18
-1.02	-12.68	1717.99	589.0740000000001
-1.02	-12.68	1717.16	607.003
-1.02	-12.68	1716.33	594.883
-1.02	-12.68	1715.5	606.797
-1.02	-12.68	1714.66	630.722
-1.02	-12.68	1713.83	585.571
-1.02	-12.68	1713.0	600.4830000000001
-1.02	-12.68	1712.17	597.379
-1.02	-12.68	1711.33	537.25
-1.02	-12.68	1710.5	570.168
-1.02	-12.68	1709.67	549.069
-1.02	-12.68	1708.83	590.9730000000001
-1.02	-12.68	1708.0	545.883
-1.02	-12.68	1707.17	572.779
-1.02	-12.68	1706.33	623.654
-1.02	-12.68	1705.5	635.539
-1.02	-12.68	1704.66	623.442
-1.02	-12.68	1703.83	623.336
-1.02	-12.68	1703.0	587.274
-1.02	-12.68	1702.16	593.1659999999999
-1.02	-12.68	1701.33	602.0509999999999
-1.02	-12.68	1700.49	658.8489999999999
-1.02	-12.68	1699.66	601.846
-1.02	-12.68	1698.82	601.744
-1.02	-12.68	1697.99	658.513
-1.02	-12.68	1697.15	592.561
-1.02	-12.68	1696.32	637.3430000000001
-1.02	-12.68	1695.48	574.409
-1.02	-12.68	1694.64	625.1619999999999
-1.02	-12.68	1693.81	625.055
-1.02	-12.68	1692.97	639.9
-1.02	-12.68	1692.14	627.832
-1.02	-12.68	1691.3	666.584
-1.02	-12.68	1690.46	585.7769999999999
-1.02	-12.68	1689.63	618.547
-1.02	-12.68	1688.79	606.491
-1.02	-12.68	1687.95	654.182
-1.02	-12.68	1687.12	615.245
-1.02	-12.68	1686.28	645.001
-1.02	-12.68	1685.44	606.078
-1.02	-12.68	1684.6	617.915
-1.02	-12.68	1683.77	573.0409999999999
-1.02	-12.68	1682.93	575.928
-1.02	-12.68	1682.09	668.32
-1.02	-12.68	1681.25	617.495
-1.02	-12.68	1680.41	647.215
-1.02	-12.68	1679.58	647.105
-1.02	-12.68	1678.74	730.4780000000001
-1.02	-12.68	1677.9	626.0169999999999
-1.02	-12.68	1677.06	655.715
-1.02	-12.68	1676.22	667.5239999999999
-1.02	-12.68	1675.38	628.6759999999999
-1.02	-12.68	1674.54	688.1489999999999
-1.02	-12.68	1673.7	649.312
-1.02	-12.68	1672.86	646.2230000000001
-1.02	-12.68	1672.02	655.045
-1.02	-12.68	1671.18	717.45
-1.02	-12.68	1670.34	669.704
-1.02	-12.68	1669.5	630.903
-1.02	-12.68	1668.66	672.451
-1.02	-12.68	1667.82	678.2869999999999
-1.02	-12.68	1666.98	660.324
-1.02	-12.68	1666.14	704.821
-1.02	-12.68	1665.3	692.807
-1.02	-12.68	1664.46	665.932
-1.02	-12.68	1663.62	725.2669999999999
-1.02	-12.68	1662.78	689.48
-1.02	-12.68	1661.94	582.393
-1.02	-12.68	1661.1	665.4780000000001
-1.02	-12.68	1660.25	695.068
-1.02	-12.68	1659.41	659.311
-1.02	-12.68	1658.57	685.923
-1.02	-12.68	1657.73	656.117
-1.02	-12.68	1656.89	715.372
-1.02	-12.68	1656.04	759.768
-1.02	-12.68	1655.2	712.1610000000001
-1.02	-12.68	1654.36	717.9730000000001
-1.02	-12.68	1653.52	703.0189999999999
-1.02	-12.68	1652.67	747.3860000000001
-1.02	-12.68	1651.83	699.813
-1.02	-12.68	1650.99	758.99
-1.02	-12.68	1650.14	741.075
-1.02	-12.68	1649.3	761.695
-1.02	-12.68	1648.46	808.977
-1.02	-12.68	1647.61	823.653
-1.02	-12.68	1646.77	790.927
-1.02	-12.68	1645.92	731.557
-1.02	-12.68	1645.08	769.928
-1.02	-12.68	1644.24	772.757
-1.02	-12.68	1643.39	822.95
-1.02	-12.68	1642.55	796.171
-1.02	-12.68	1641.7	813.791
-1.02	-12.68	1640.86	810.693
-1.02	-12.68	1640.01	831.262
-1.02	-12.68	1639.17	780.8389999999999
-1.02	-12.68	1638.32	830.9780000000001
-1.02	-12.68	1637.48	907.71
-1.02	-12.68	1636.63	901.643
-1.02	-12.68	1635.78	824.64
-1.02	-12.68	1634.94	883.6030000000001
-1.02	-12.68	1634.09	818.449
-1.02	-12.68	1633.25	915.797
-1.02	-12.68	1632.4	933.363
-1.02	-12.68	1631.55	912.5310000000001
-1.02	-12.68	1630.71	933.044
-1.02	-12.68	1629.86	941.74
-1.02	-12.68	1629.01	935.676
-1.02	-12.68	1628.16	956.174
-1.02	-12.68	1627.32	994.3689999999999
-1.02	-12.68	1626.47	967.648
-1.02	-12.68	1625.62	1038.27
-1.02	-12.68	1624.77	1043.99
-1.02	-12.68	1623.93	1008.43
-1.02	-12.68	1623.08	1040.69
-1.02	-12.68	1622.23	1069.99
-1.02	-12.68	1621.38	1072.75
-1.02	-12.68	1620.53	1060.78
-1.02	-12.68	1619.69	1042.92
-1.02	-12.68	1618.84	1116.38
-1.02	-12.68	1617.99	1095.58
-1.02	-12.68	1617.14	1086.56
-1.02	-12.68	1616.29	1118.76
-1.02	-12.68	1615.44	1071.47
-1.02	-12.68	1614.59	1103.66
-1.02	-12.68	1613.74	1091.7
-1.02	-12.68	1612.89	1088.57
-1.02	-12.68	1612.04	1135.45
-1.02	-12.68	1611.19	1188.19
-1.02	-12.68	1610.34	1120.36
-1.02	-12.68	1609.49	1114.28
-1.02	-12.68	1608.64	1093.52
-1.02	-12.68	1607.79	1146.23
-1.02	-12.68	1606.94	1154.85
-1.02	-12.68	1606.09	1134.09
-1.02	-12.68	1605.24	1139.77
-1.02	-12.68	1604.39	1104.33
-1.02	-12.68	1603.54	1154.06
-1.02	-12.68	1602.68	1092.2
-1.02	-12.68	1601.83	1115.5
-1.02	-12.68	1600.98	1097.7
-1.02	-12.68	1600.13	1106.32
-1.02	-12.68	1599.28	1147.2
-1.02	-12.68	1598.42	1144.07
-1.02	-12.68	1597.57	1129.21
-1.02	-12.68	1596.72	1164.21
-1.02	-12.68	1595.87	1131.76
-1.02	-12.68	1595.01	1084.66
-1.02	-12.68	1594.16	1113.78
-1.02	-12.68	1593.31	1178.06
-1.02	-12.68	1592.45	1139.77
-1.02	-12.68	1591.6	1080.98
-1.02	-12.68	1590.75	1113.02
-1.02	-12.68	1589.89	1074.76
-1.02	-12.68	1589.04	1130.2
-1.02	-12.68	1588.19	1100.73
-1.02	-12.68	1587.33	1121.03
-1.02	-12.68	1586.48	1050.61
-1.02	-12.68	1585.62	1152.84
-1.02	-12.68	1584.77	1038.54
-1.02	-12.68	1583.91	1044.22
-1.02	-12.68	1583.06	1105.45
-1.02	-12.68	1582.2	991.2260000000001
-1.02	-12.68	1581.35	1122.61
-1.02	-12.68	1580.49	1028.88
-1.02	-12.68	1579.64	1101.77
-1.02	-12.68	1578.78	1075.28
-1.02	-12.68	1577.93	1045.88
-1.02	-12.68	1577.07	1074.91
-1.02	-12.68	1576.21	981.2739999999999
-1.02	-12.68	1575.36	992.785
-1.02	-12.68	1574.5	983.857
-1.02	-12.68	1573.65	969.0930000000001
-1.02	-12.68	1572.79	1059.4
-1.02	-12.68	1571.93	992.1039999999999
-1.02	-12.68	1571.08	1009.44
-1.02	-12.68	1570.22	1061.77
-1.02	-12.68	1569.36	877.8510000000001
-1.02	-12.68	1568.5	930.187
-1.02	-12.68	1567.65	947.52
-1.02	-12.68	1566.79	988.166
-1.02	-12.68	1565.93	979.253
-1.02	-12.68	1565.07	952.8589999999999
-1.02	-12.68	1564.21	897.34
-1.02	-12.68	1563.36	999.1389999999999
-1.02	-12.68	1562.5	1013.53
-1.02	-12.68	1561.64	911.437
-1.02	-12.68	1560.78	896.7230000000001
-1.02	-12.68	1559.92	943.1439999999999
-1.02	-12.68	1559.06	910.967
-1.02	-12.68	1558.2	995.199
-1.02	-12.68	1557.34	925.201
-1.02	-12.68	1556.49	942.495
-1.02	-12.68	1555.63	968.5089999999999
-1.02	-12.68	1554.77	854.933
-1.02	-12.68	1553.91	962.3610000000001
-1.02	-12.68	1553.05	909.8710000000001
-1.02	-12.68	1552.19	964.936
-1.02	-12.68	1551.33	953.1469999999999
-1.02	-12.68	1550.47	929.7389999999999
-1.02	-12.68	1549.6	859.8610000000001
-1.02	-12.68	1548.74	885.8530000000001
-1.02	-12.68	1547.88	990.242
-1.02	-12.68	1547.02	859.4169999999999
-1.02	-12.68	1546.16	952.163
-1.02	-12.68	1545.3	931.682
-1.02	-12.68	1544.44	928.62
-1.02	-12.68	1543.58	884.938
-1.02	-12.68	1542.71	838.3710000000001
-1.02	-12.68	1541.85	936.841
-1.02	-12.68	1540.99	881.581
-1.02	-12.68	1540.13	904.625
-1.02	-12.68	1539.27	921.863
-1.02	-12.68	1538.4	831.852
-1.02	-12.68	1537.54	880.9739999999999
-1.02	-12.68	1536.68	892.4119999999999
-1.02	-12.68	1535.81	929.919
-1.02	-12.68	1534.95	868.933
-1.02	-12.68	1534.09	874.575
-1.02	-12.68	1533.23	854.1560000000001
-1.02	-12.68	1532.36	877.169
-1.02	-12.68	1531.5	882.807
-1.02	-12.68	1530.63	931.852
-1.02	-12.68	1529.77	873.822
-1.02	-12.68	1528.91	899.7080000000001
-1.02	-12.68	1528.04	908.23
-1.02	-12.68	1527.18	838.6669999999999
-1.02	-12.68	1526.31	884.785
-1.02	-12.68	1525.45	899.0880000000001
-1.02	-12.68	1524.58	826.671
-1.02	-12.68	1523.72	887.2180000000001
-1.02	-12.68	1522.85	907.291
-1.02	-12.68	1521.99	933.135
-1.02	-12.68	1521.12	889.6469999999999
-1.02	-12.68	1520.26	883.7180000000001
-1.02	-12.68	1519.39	909.553
-1.02	-12.68	1518.52	929.605
-1.02	-12.68	1517.66	912.1260000000001
-1.02	-12.68	1516.79	955.258
-1.02	-12.68	1515.93	877.185
-1.02	-12.68	1515.06	1009.74
-1.02	-12.68	1514.19	954.763
-1.02	-12.68	1513.33	931.5269999999999
-1.02	-12.68	1512.46	916.949
-1.02	-12.68	1511.59	980.216
-1.02	-12.68	1510.72	896.455
-1.02	-12.68	1509.86	956.822
-1.02	-12.68	1508.99	950.8939999999999
-1.02	-12.68	1508.12	996.826
-1.02	-12.68	1507.25	982.2510000000001
-1.02	-12.68	1506.38	1031.04
-1.02	-12.68	1505.52	941.5989999999999
-1.02	-12.68	1504.65	978.863
-1.02	-12.68	1503.78	1073.69
-1.02	-12.68	1502.91	1082.13
-1.02	-12.68	1502.04	1038.78
-1.02	-12.68	1501.17	955.171
-1.02	-12.68	1500.3	1044.18
-1.02	-12.68	1499.44	974.9730000000001
-1.02	-12.68	1498.57	1009.31
-1.02	-12.68	1497.7	1000.51
-1.02	-12.68	1496.83	1057.83
-1.02	-12.68	1495.96	1011.66
-1.02	-12.68	1495.09	1028.73
-1.02	-12.68	1494.22	1083.14
-1.02	-12.68	1493.35	1019.76
-1.02	-12.68	1492.48	1065.53
-1.02	-12.68	1491.61	1002.17
-1.02	-12.68	1490.73	1024.97
-1.02	-12.68	1489.86	1064.98
-1.02	-12.68	1488.99	1030.35
-1.02	-12.68	1488.12	1107.65
-1.02	-12.68	1487.25	1087.38
-1.02	-12.68	1486.38	1092.93
-1.02	-12.68	1485.51	1069.8
-1.02	-12.68	1484.63	1101.15
-1.02	-12.68	1483.76	1043.62
-1.02	-12.68	1482.89	1029.11
-1.02	-12.68	1482.02	1086.25
-1.02	-12.68	1481.15	1040.21
-1.02	-12.68	1480.27	991.328
-1.02	-12.68	1479.4	985.427
-1.02	-12.68	1478.53	939.43
-1.02	-12.68	1477.65	979.3589999999999
-1.02	-12.68	1476.78	982.052
-1.02	-12.68	1475.91	1007.65
-1.02	-12.68	1475.03	961.677
-1.02	-12.68	1474.16	955.788
-1.02	-12.68	1473.29	961.345
-1.02	-12.68	1472.41	998.367
-1.02	-12.68	1471.54	1015.35
-1.02	-12.68	1470.67	943.687
-1.02	-12.68	1469.79	969.2560000000001
-1.02	-12.68	1468.92	1040.56
-1.02	-12.68	1468.04	994.6439999999999
-1.02	-12.68	1467.17	920.173
-1.02	-12.68	1466.29	1011.44
-1.02	-12.68	1465.42	1042.69
-1.02	-12.68	1464.54	1025.37
-1.02	-12.68	1463.67	1073.74
-1.02	-12.68	1462.79	1027.87
-1.02	-12.68	1461.91	1033.41
-1.02	-12.68	1461.04	1107.44
-1.02	-12.68	1460.16	1035.9
-1.02	-12.68	1459.29	1089.93
-1.02	-12.68	1458.41	1106.86
-1.02	-12.68	1457.53	1052.48
-1.02	-12.68	1456.66	1018.07
-1.02	-12.68	1455.78	1040.71
-1.02	-12.68	1454.9	1003.47
-1.02	-12.68	1454.03	1074.55
-1.02	-12.68	1453.15	974.62
-1.02	-12.68	1452.27	1031.44
-1.02	-12.68	1451.39	1068.29
-1.02	-12.68	1450.52	1008.29
-1.02	-12.68	1449.64	1033.75
-1.02	-12.68	1448.76	968.081
-1.02	-12.68	1447.88	945.1389999999999
-1.02	-12.68	1447.0	1007.59
-1.02	-12.68	1446.13	976.115
-1.02	-12.68	1445.25	947.492
-1.02	-12.68	1444.37	978.6210000000001
-1.02	-12.68	1443.49	1012.58
-1.02	-12.68	1442.61	1020.94
-1.02	-12.68	1441.73	935.461
-1.02	-12.68	1440.85	994.9989999999999
-1.02	-12.68	1439.97	986.299
-1.02	-12.68	1439.09	971.919
-1.02	-12.68	1438.21	929.1289999999999
-1.02	-12.68	1437.33	963.059
-1.02	-12.68	1436.45	957.211
-1.02	-12.68	1435.57	971.2439999999999
-1.02	-12.68	1434.69	900.09
-1.02	-12.68	1433.81	902.773
-1.02	-12.68	1432.93	979.2539999999999
-1.02	-12.68	1432.05	947.8660000000001
-1.02	-12.68	1431.17	871.091
-1.02	-12.68	1430.29	941.863
-1.02	-12.68	1429.41	947.373
-1.02	-12.68	1428.52	933.028
-1.02	-12.68	1427.64	901.676
-1.02	-12.68	1426.76	946.8789999999999
-1.02	-12.68	1425.88	895.694
-1.02	-12.68	1425.0	952.2180000000001
-1.02	-12.68	1424.11	957.72
-1.02	-12.68	1423.23	875.3960000000001
-1.02	-12.68	1422.35	917.732
-1.02	-12.68	1421.47	943.06
-1.02	-12.68	1420.58	942.8960000000001
-1.02	-12.68	1419.7	934.2389999999999
-1.02	-12.68	1418.82	880.297
-1.02	-12.68	1417.93	902.784
-1.02	-12.68	1417.05	896.9680000000001
-1.02	-12.68	1416.17	885.4960000000001
-1.02	-12.68	1415.28	919.285
-1.02	-12.68	1414.4	907.813
-1.02	-12.68	1413.51	862.413
-1.02	-12.68	1412.63	842.4739999999999
-1.02	-12.68	1411.75	938.432
-1.02	-12.68	1410.86	912.834
-1.02	-12.68	1409.98	901.372
-1.02	-12.68	1409.09	952.068
-1.02	-12.68	1408.21	937.779
-1.02	-12.68	1407.32	963.033
-1.02	-12.68	1406.44	957.2180000000001
-1.02	-12.68	1405.55	863.887
-1.02	-12.68	1404.66	923.013
-1.02	-12.68	1403.78	993.4069999999999
-1.02	-12.68	1402.89	1015.81
-1.02	-12.68	1402.01	956.3860000000001
-1.02	-12.68	1401.12	1077.51
-1.02	-12.68	1400.23	1023.74
-1.02	-12.68	1399.35	1009.46
-1.02	-12.68	1398.46	1006.47
-1.02	-12.68	1397.57	989.3789999999999
-1.02	-12.68	1396.69	969.4789999999999
-1.02	-12.68	1395.8	1051.02
-1.02	-12.68	1394.91	1042.39
-1.02	-12.68	1394.02	994.323
-1.02	-12.68	1393.14	960.355
-1.02	-12.68	1392.25	991.1610000000001
-1.02	-12.68	1391.36	1033.22
-1.02	-12.68	1390.47	1021.78
-1.02	-12.68	1389.58	973.757
-1.02	-12.68	1388.7	1052.38
-1.02	-12.68	1387.81	1071.89
-1.02	-12.68	1386.92	1049.2
-1.02	-12.68	1386.03	1015.26
-1.02	-12.68	1385.14	1029.15
-1.02	-12.68	1384.25	1051.46
-1.02	-12.68	1383.36	1045.65
-1.02	-12.68	1382.47	1082.01
-1.02	-12.68	1381.58	1118.35
-1.02	-12.68	1380.69	1078.82
-1.02	-12.68	1379.8	1120.77
-1.02	-12.68	1378.91	1064.4
-1.02	-12.68	1378.02	1120.38
-1.02	-12.68	1377.13	1134.22
-1.02	-12.68	1376.24	1131.21
-1.02	-12.68	1375.35	1128.21
-1.02	-12.68	1374.46	1206.58
-1.02	-12.68	1373.57	1228.81
-1.02	-12.68	1372.68	1147.25
-1.02	-12.68	1371.78	1205.95
-1.02	-12.68	1370.89	1180.5
-1.02	-12.68	1370.0	1180.3
-1.02	-12.68	1369.11	1216.53
-1.02	-12.68	1368.22	1185.49
-1.02	-12.68	1367.33	1213.3
-1.02	-12.68	1366.43	1218.69
-1.02	-12.68	1365.54	1221.28
-1.02	-12.68	1364.65	1201.47
-1.02	-12.68	1363.76	1237.66
-1.02	-12.68	1362.86	1173.05
-1.02	-12.68	1361.97	1240.02
-1.02	-12.68	1361.08	1290.18
-1.02	-12.68	1360.18	1180.83
-1.02	-12.68	1359.29	1175.03
-1.02	-12.68	1358.4	1208.39
-1.02	-12.68	1357.5	1244.54
-1.02	-12.68	1356.61	1210.76
-1.02	-12.68	1355.71	1235.71
-1.02	-12.68	1354.82	1229.91
-1.02	-12.68	1353.92	1226.9
-1.02	-12.68	1353.03	1268.6
-1.02	-12.68	1352.13	1335.43
-1.02	-12.68	1351.24	1254.19
-1.02	-12.68	1350.34	1273.52
-1.02	-12.68	1349.45	1331.93
-1.02	-12.68	1348.55	1278.66
-1.02	-12.68	1347.66	1264.48
-1.02	-12.68	1346.76	1320.07
-1.02	-12.68	1345.87	1350.54
-1.02	-12.68	1344.97	1274.97
-1.02	-12.68	1344.07	1297.07
-1.02	-12.68	1343.18	1383.29
-1.02	-12.68	1342.28	1349.59
-1.02	-12.68	1341.38	1349.36
-1.02	-12.68	1340.49	1388.14
-1.02	-12.68	1339.59	1332.16
-1.02	-12.68	1338.69	1340.29
-1.02	-12.68	1337.8	1387.42
-1.02	-12.68	1336.9	1431.74
-1.02	-12.68	1336.0	1359.08
-1.02	-12.68	1335.1	1369.98
-1.02	-12.68	1334.2	1453.26
-1.02	-12.68	1333.31	1377.85
-1.02	-12.68	1332.41	1475.02
-1.02	-12.68	1331.51	1369.02
-1.02	-12.68	1330.61	1377.13
-1.02	-12.68	1329.71	1379.67
-1.02	-12.68	1328.81	1440.61
-1.02	-12.68	1327.91	1443.14
-1.02	-12.68	1327.02	1481.81
-1.02	-12.68	1326.12	1478.77
-1.02	-12.68	1325.22	1395.14
-1.02	-12.68	1324.32	1442.13
-1.02	-12.68	1323.42	1402.98
-1.02	-12.68	1322.52	1424.96
-1.02	-12.68	1321.62	1402.49
-1.02	-12.68	1320.72	1485.55
-1.02	-12.68	1319.82	1510.27
-1.02	-12.68	1318.91	1448.94
-1.02	-12.68	1318.01	1432.04
-1.02	-12.68	1317.11	1451.21
-1.02	-12.68	1316.21	1475.93
-1.02	-12.68	1315.31	1386.9
-1.02	-12.68	1314.41	1353.38
-1.02	-12.68	1313.51	1480.7
-1.02	-12.68	1312.61	1377.86
-1.02	-12.68	1311.7	1458.0
-1.02	-12.68	1310.8	1366.29
-1.02	-12.68	1309.9	1479.66
-1.02	-12.68	1309.0	1410.14
-1.02	-12.68	1308.09	1332.33
-1.02	-12.68	1307.19	1290.56
-1.02	-12.68	1306.29	1370.63
-1.02	-12.68	1305.39	1378.7
-1.02	-12.68	1304.48	1400.6
-1.02	-12.68	1303.58	1273.05
-1.02	-12.68	1302.68	1297.73
-1.02	-12.68	1301.77	1316.87
-1.02	-12.68	1300.87	1269.61
-1.02	-12.68	1299.96	1236.2
-1.02	-12.68	1299.06	1282.99
-1.02	-12.68	1298.16	1304.88
-1.02	-12.68	1297.25	1296.36
-1.02	-12.68	1296.35	1229.81
-1.02	-12.68	1295.44	1329.07
-1.02	-12.68	1294.54	1259.77
-1.02	-12.68	1293.63	1317.55
-1.02	-12.68	1292.73	1336.65
-1.02	-12.68	1291.82	1231.49
-1.02	-12.68	1290.92	1231.27
-1.02	-12.68	1290.01	1250.38
-1.02	-12.68	1289.1	1186.69
-1.02	-12.68	1288.2	1203.03
-1.02	-12.68	1287.29	1177.99
-1.02	-12.68	1286.39	1188.82
-1.02	-12.68	1285.48	1202.4
-1.02	-12.68	1284.57	1207.7
-1.02	-12.68	1283.67	1157.87
-1.02	-12.68	1282.76	1210.04
-1.02	-12.68	1281.85	1162.97
-1.02	-12.68	1280.94	1143.48
-1.02	-12.68	1280.04	1179.09
-1.02	-12.68	1279.13	1165.12
-1.02	-12.68	1278.22	1167.66
-1.02	-12.68	1277.31	1159.2
-1.02	-12.68	1276.41	1197.54
-1.02	-12.68	1275.5	1205.58
-1.02	-12.68	1274.59	1155.84
-1.02	-12.68	1273.68	1144.63
-1.02	-12.68	1272.77	1213.2
-1.02	-12.68	1271.86	1196.49
-1.02	-12.68	1270.95	1188.02
-1.02	-12.68	1270.04	1138.32
-1.02	-12.68	1269.13	1261.83
-1.02	-12.68	1268.23	1190.15
-1.02	-12.68	1267.32	1187.19
-1.02	-12.68	1266.41	1197.97
-1.02	-12.68	1265.5	1173.04
-1.02	-12.68	1264.59	1106.91
-1.02	-12.68	1263.67	1062.78
-1.02	-12.68	1262.76	1090.05
-1.02	-12.68	1261.85	1067.89
-1.02	-12.68	1260.94	1067.7
-1.02	-12.68	1260.03	1034.59
-1.02	-12.68	1259.12	1089.28
-1.02	-12.68	1258.21	1004.05
-1.02	-12.68	1257.3	987.4119999999999
-1.02	-12.68	1256.39	1003.69
-1.02	-12.68	1255.47	984.322
-1.02	-12.68	1254.56	948.5110000000001
-1.02	-12.68	1253.65	1016.87
-1.02	-12.68	1252.74	918.033
-1.02	-12.68	1251.83	942.5310000000001
-1.02	-12.68	1250.91	931.4069999999999
-1.02	-12.68	1250.0	980.544
-1.02	-12.68	1249.09	958.4639999999999
-1.02	-12.68	1248.17	925.439
-1.02	-12.68	1247.26	949.914
-1.02	-12.68	1246.35	957.9580000000001
-1.02	-12.68	1245.43	968.735
-1.02	-12.68	1244.52	990.453
-1.02	-12.68	1243.61	938.302
-1.02	-12.68	1242.69	957.283
-1.02	-12.68	1241.78	954.38
-1.02	-12.68	1240.86	951.477
-1.02	-12.68	1239.95	902.1039999999999
-1.02	-12.68	1239.03	937.4760000000001
-1.02	-12.68	1238.12	931.846
-1.02	-12.68	1237.2	866.1080000000001
-1.02	-12.68	1236.29	890.541
-1.02	-12.68	1235.37	958.665
-1.02	-12.68	1234.46	925.727
-1.02	-12.68	1233.54	931.025
-1.02	-12.68	1232.63	917.212
-1.02	-12.68	1231.71	900.674
-1.02	-12.68	1230.8	862.311
-1.02	-12.68	1229.88	913.998
-1.02	-12.68	1228.96	875.6469999999999
-1.02	-12.68	1228.05	916.403
-1.02	-12.68	1227.13	918.9680000000001
-1.02	-12.68	1226.21	921.533
-1.02	-12.68	1225.3	894.1110000000001
-1.02	-12.68	1224.38	926.659
-1.02	-12.68	1223.46	907.42
-1.02	-12.68	1222.54	882.74
-1.02	-12.68	1221.63	926.168
-1.02	-12.68	1220.71	863.363
-1.02	-12.68	1219.79	955.795
-1.02	-12.68	1218.87	909.342
-1.02	-12.68	1217.95	928.237
-1.02	-12.68	1217.03	947.1239999999999
-1.02	-12.68	1216.12	955.12
-1.02	-12.68	1215.2	938.628
-1.02	-12.68	1214.28	919.421
-1.02	-12.68	1213.36	832.2280000000001
-1.02	-12.68	1212.44	976.2
-1.02	-12.68	1211.52	913.4960000000001
-1.02	-12.68	1210.6	967.7
-1.02	-12.68	1209.68	943.069
-1.02	-12.68	1208.76	902.143
-1.02	-12.68	1207.84	931.8689999999999
-1.02	-12.68	1206.92	880.0939999999999
-1.02	-12.68	1206.0	841.916
-1.02	-12.68	1205.08	947.668
-1.02	-12.68	1204.16	817.185
-1.02	-12.68	1203.24	800.7539999999999
-1.02	-12.68	1202.31	865.747
-1.02	-12.68	1201.39	903.5830000000001
-1.02	-12.68	1200.47	911.562
-1.02	-12.68	1199.55	846.301
-1.02	-12.68	1198.63	848.863
-1.02	-12.68	1197.71	932.7710000000001
-1.02	-12.68	1196.78	883.807
-1.02	-12.68	1195.86	902.625
-1.02	-12.68	1194.94	916.0160000000001
-1.02	-12.68	1194.02	872.5
-1.02	-12.68	1193.09	842.545
-1.02	-12.68	1192.17	893.86
-1.02	-12.68	1191.25	909.952
-1.02	-12.68	1190.32	893.544
-1.02	-12.68	1189.4	950.238
-1.02	-12.68	1188.48	895.935
-1.02	-12.68	1187.55	828.12
-1.02	-12.68	1186.63	884.795
-1.02	-12.68	1185.71	911.691
-1.02	-12.68	1184.78	849.319
-1.02	-12.68	1183.86	822.125
-1.02	-12.68	1182.93	881.465
-1.02	-12.68	1182.01	838.054
-1.02	-12.68	1181.08	821.689
-1.02	-12.68	1180.16	883.699
-1.02	-12.68	1179.23	942.9860000000001
-1.02	-12.68	1178.31	899.595
-1.02	-12.68	1177.38	877.828
-1.02	-12.68	1176.46	856.068
-1.02	-12.68	1175.53	882.9169999999999
-1.02	-12.68	1174.6	866.564
-1.02	-12.68	1173.68	869.1089999999999
-1.02	-12.68	1172.75	847.3660000000001
-1.02	-12.68	1171.82	868.801
-1.02	-12.68	1170.9	879.438
-1.02	-12.68	1169.97	857.705
-1.02	-12.68	1169.04	892.61
-1.02	-12.68	1168.12	908.6289999999999
-1.02	-12.68	1167.19	811.421
-1.02	-12.68	1166.26	824.7539999999999
-1.02	-12.68	1165.33	848.8610000000001
-1.02	-12.68	1164.41	891.82
-1.02	-12.68	1163.48	843.173
-1.02	-12.68	1162.55	802.623
-1.02	-12.68	1161.62	797.095
-1.02	-12.68	1160.69	845.4169999999999
-1.02	-12.68	1159.76	831.807
-1.02	-12.68	1158.84	793.9789999999999
-1.02	-12.68	1157.91	836.8939999999999
-1.02	-12.68	1156.98	850.198
-1.02	-12.68	1156.05	839.2869999999999
-1.02	-12.68	1155.12	809.554
-1.02	-12.68	1154.19	822.855
-1.02	-12.68	1153.26	844.2180000000001
-1.02	-12.68	1152.33	841.38
-1.02	-12.68	1151.4	833.168
-1.02	-12.68	1150.47	776.59
-1.02	-12.68	1149.54	832.873
-1.02	-12.68	1148.61	827.352
-1.02	-12.68	1147.68	813.7769999999999
-1.02	-12.68	1146.75	792.15
-1.02	-12.68	1145.81	837.6510000000001
-1.02	-12.68	1144.88	807.975
-1.02	-12.68	1143.95	797.096
-1.02	-12.68	1143.02	780.855
-1.02	-12.68	1142.09	810.2280000000001
-1.02	-12.68	1141.16	767.166
-1.02	-12.68	1140.22	823.35
-1.02	-12.68	1139.29	804.434
-1.02	-12.68	1138.36	844.505
-1.02	-12.68	1137.43	817.55
-1.02	-12.68	1136.49	838.845
-1.02	-12.68	1135.56	782.426
-1.02	-12.68	1134.63	830.51
-1.02	-12.68	1133.69	854.47
-1.02	-12.68	1132.76	881.0989999999999
-1.02	-12.68	1131.83	840.778
-1.02	-12.68	1130.89	816.534
-1.02	-12.68	1129.96	851.186
-1.02	-12.68	1129.02	781.453
-1.02	-12.68	1128.09	845.5319999999999
-1.02	-12.68	1127.16	832.0060000000001
-1.02	-12.68	1126.22	805.11
-1.02	-12.68	1125.29	815.664
-1.02	-12.68	1124.35	850.279
-1.02	-12.68	1123.42	791.314
-1.02	-12.68	1122.48	812.556
-1.02	-12.68	1121.55	849.826
-1.02	-12.68	1120.61	774.86
-1.02	-12.68	1119.67	780.066
-1.02	-12.68	1118.74	779.927
-1.02	-12.68	1117.8	851.8919999999999
-1.02	-12.68	1116.87	784.99
-1.02	-12.68	1115.93	808.8760000000001
-1.02	-12.68	1114.99	774.034
-1.02	-12.68	1114.06	797.914
-1.02	-12.68	1113.12	784.431
-1.02	-12.68	1112.18	818.971
-1.02	-12.68	1111.24	802.822
-1.02	-12.68	1110.31	816.013
-1.02	-12.68	1109.37	799.87
-1.02	-12.68	1108.43	831.717
-1.02	-12.68	1107.49	836.9
-1.02	-12.68	1106.55	807.438
-1.02	-12.68	1105.62	767.329
-1.02	-12.68	1104.68	804.487
-1.02	-12.68	1103.74	809.67
-1.02	-12.68	1102.8	812.189
-1.02	-12.68	1101.86	849.318
-1.02	-12.68	1100.92	782.618
-1.02	-12.68	1099.98	809.0939999999999
-1.02	-12.68	1099.04	769.034
-1.02	-12.68	1098.1	824.7689999999999
-1.02	-12.68	1097.16	795.3610000000001
-1.02	-12.68	1096.22	829.794
-1.02	-12.68	1095.28	797.737
-1.02	-12.68	1094.34	794.936
-1.02	-12.68	1093.4	778.845
-1.02	-12.68	1092.46	805.284
-1.02	-12.68	1091.52	770.596
-1.02	-12.68	1090.58	799.683
-1.02	-12.68	1089.64	772.9780000000001
-1.02	-12.68	1088.7	754.2489999999999
-1.02	-12.68	1087.76	788.6339999999999
-1.02	-12.68	1086.81	820.352
-1.02	-12.68	1085.87	729.957
-1.02	-12.68	1084.93	777.597
-1.02	-12.68	1083.99	753.577
-1.02	-12.68	1083.05	790.585
-1.02	-12.68	1082.1	779.834
-1.02	-12.68	1081.16	806.215
-1.02	-12.68	1080.22	768.949
-1.02	-12.68	1079.28	774.1139999999999
-1.02	-12.68	1078.33	771.326
-1.02	-12.68	1077.39	826.841
-1.02	-12.68	1076.45	715.408
-1.02	-12.68	1075.5	781.51
-1.02	-12.68	1074.56	733.693
-1.02	-12.68	1073.61	783.8789999999999
-1.02	-12.68	1072.67	781.091
-1.02	-12.68	1071.73	762.421
-1.02	-12.68	1070.78	770.225
-1.02	-12.68	1069.84	772.7339999999999
-1.02	-12.68	1068.89	772.596
-1.02	-12.68	1067.95	746.0039999999999
-1.02	-12.68	1067.0	767.0310000000001
-1.02	-12.68	1066.06	714.005
-1.02	-12.68	1065.11	756.181
-1.02	-12.68	1064.16	742.828
-1.02	-12.68	1063.22	753.268
-1.02	-12.68	1062.27	798.057
-1.02	-12.68	1061.33	771.493
-1.02	-12.68	1060.38	760.789
-1.02	-12.68	1059.43	813.4760000000001
-1.02	-12.68	1058.49	802.768
-1.02	-12.68	1057.54	755.1010000000001
-1.02	-12.68	1056.59	770.805
-1.02	-12.68	1055.65	783.863
-1.02	-12.68	1054.7	680.81
-1.02	-12.68	1053.75	762.477
-1.02	-12.68	1052.8	728.048
-1.02	-12.68	1051.85	749.0169999999999
-1.02	-12.68	1050.91	775.252
-1.02	-12.68	1049.96	732.931
-1.02	-12.68	1049.01	719.62
-1.02	-12.68	1048.06	753.753
-1.02	-12.68	1047.11	753.618
-1.02	-12.68	1046.16	737.676
-1.02	-12.68	1045.21	732.2760000000001
-1.02	-12.68	1044.27	750.58
-1.02	-12.68	1043.32	763.612
-1.02	-12.68	1042.37	792.434
-1.02	-12.68	1041.42	765.971
-1.02	-12.68	1040.47	768.465
-1.02	-12.68	1039.52	742.015
-1.02	-12.68	1038.57	786.6060000000001
-1.02	-12.68	1037.62	752.2710000000001
-1.02	-12.68	1036.67	762.6560000000001
-1.02	-12.68	1035.71	754.6310000000001
-1.02	-12.68	1034.76	793.93
-1.02	-12.68	1033.81	735.962
-1.02	-12.68	1032.86	780.5060000000001
-1.02	-12.68	1031.91	730.444
-1.02	-12.68	1030.96	785.4810000000001
-1.02	-12.68	1030.01	709.17
-1.02	-12.68	1029.05	777.321
-1.02	-12.68	1028.1	750.926
-1.02	-12.68	1027.15	750.791
-1.02	-12.68	1026.2	758.5310000000001
-1.02	-12.68	1025.24	792.51
-1.02	-12.68	1024.29	734.6460000000001
-1.02	-12.68	1023.34	729.268
-1.02	-12.68	1022.39	763.2330000000001
-1.02	-12.68	1021.43	799.809
-1.02	-12.68	1020.48	765.582
-1.02	-12.68	1019.52	765.445
-1.02	-12.68	1018.57	746.961
-1.02	-12.68	1017.62	783.513
-1.02	-12.68	1016.66	723.1139999999999
-1.02	-12.68	1015.71	704.6469999999999
-1.02	-12.68	1014.75	764.7589999999999
-1.02	-12.68	1013.8	754.148
-1.02	-12.68	1012.84	712.123
-1.02	-12.68	1011.89	748.6419999999999
-1.02	-12.68	1010.93	769.445
-1.02	-12.68	1009.98	740.5239999999999
-1.02	-12.68	1009.02	690.683
-1.02	-12.68	1008.07	776.8789999999999
-1.02	-12.68	1007.11	747.971
-1.02	-12.68	1006.16	737.378
-1.02	-12.68	1005.2	721.56
-1.02	-12.68	1004.24	700.5189999999999
-1.02	-12.68	1003.29	744.821
-1.02	-12.68	1002.33	666.3
-1.02	-12.68	1001.37	713.205
-1.02	-12.68	1000.41	754.8689999999999
-1.02	-12.68	999.4580000000001	757.345
-1.02	-12.68	998.5	668.433
-1.02	-12.68	997.543	712.693
-1.02	-12.68	996.585	754.327
-1.02	-12.68	995.627	733.314
-1.02	-12.68	994.669	795.803
-1.02	-12.68	993.71	735.66
-1.02	-12.68	992.752	764.2180000000001
-1.02	-12.68	991.793	709.318
-1.02	-12.68	990.834	701.368
-1.02	-12.68	989.875	763.807
-1.02	-12.68	988.916	732.393
-1.02	-12.68	987.957	763.533
-1.02	-12.68	986.997	724.314
-1.02	-12.68	986.0369999999999	700.7389999999999
-1.02	-12.68	985.078	700.613
-1.02	-12.68	984.118	700.487
-1.02	-12.68	983.1569999999999	679.533
-1.02	-12.68	982.197	708.045
-1.02	-12.68	981.2360000000001	650.66
-1.02	-12.68	980.2760000000001	712.995
-1.02	-12.68	979.315	699.8580000000001
-1.02	-12.68	978.3539999999999	733.548
-1.02	-12.68	977.3919999999999	717.812
-1.02	-12.68	976.431	714.8
-1.02	-12.68	975.4689999999999	711.788
-1.02	-12.68	974.508	708.775
-1.02	-12.68	973.546	705.7610000000001
-1.02	-12.68	972.584	702.747
-1.02	-12.68	971.6210000000001	699.7330000000001
-1.02	-12.68	970.659	696.7180000000001
-1.02	-12.68	969.696	693.702
-1.02	-12.68	968.7330000000001	690.686
-1.02	-12.68	967.77	721.715
-1.02	-12.68	966.807	687.842
-1.02	-12.68	965.8439999999999	734.431
-1.02	-12.68	964.88	708.352
-1.02	-12.68	963.9169999999999	674.4989999999999
-1.02	-12.68	962.953	741.816
-1.02	-12.68	961.9889999999999	687.2230000000001
-1.02	-12.68	961.025	702.6569999999999
-1.02	-12.68	960.06	798.448
-1.02	-12.68	959.096	710.179
-1.02	-12.68	958.1310000000001	668.5889999999999
-1.02	-12.68	957.166	655.5139999999999
-1.02	-12.68	956.201	639.8530000000001
-1.02	-12.68	955.2360000000001	725.2080000000001
-1.02	-12.68	954.27	725.078
-1.02	-12.68	953.305	737.893
-1.02	-12.68	952.3389999999999	683.3989999999999
-1.02	-12.68	951.373	680.687
-1.02	-12.68	950.4069999999999	714.205
-1.02	-12.68	949.441	698.553
-1.02	-12.68	948.4739999999999	706.187
-1.02	-12.68	947.508	729.337
-1.02	-12.68	946.541	793.8510000000001
-1.02	-12.68	945.574	736.83
-1.02	-12.68	944.607	710.8480000000001
-1.02	-12.68	943.6389999999999	767.578
-1.02	-12.68	942.672	733.8480000000001
-1.02	-12.68	941.704	661.378
-1.02	-12.68	940.7360000000001	743.916
-1.02	-12.68	939.768	699.878
-1.02	-12.68	938.8	699.752
-1.02	-12.68	937.832	689.299
-1.02	-12.68	936.863	712.405
-1.02	-12.68	935.8939999999999	753.568
-1.02	-12.68	934.926	686.346
-1.02	-12.68	933.956	701.701
-1.02	-12.68	932.987	714.471
-1.02	-12.68	932.018	760.762
-1.02	-12.68	931.048	660.067
-1.02	-12.68	930.078	683.15
-1.02	-12.68	929.1080000000001	688.181
-1.02	-12.68	928.138	752.482
-1.02	-12.68	927.168	693.086
-1.02	-12.68	926.198	739.33
-1.02	-12.68	925.227	713.441
-1.02	-12.68	924.2560000000001	726.188
-1.02	-12.68	923.285	695.1610000000001
-1.02	-12.68	922.314	718.203
-1.02	-12.68	921.3430000000001	761.827
-1.02	-12.68	920.3710000000001	787.422
-1.02	-12.68	919.3989999999999	686.94
-1.02	-12.68	918.427	745.98
-1.02	-12.68	917.455	671.2610000000001
-1.02	-12.68	916.4830000000001	676.283
-1.02	-12.68	915.5110000000001	678.732
-1.02	-12.68	914.538	730.0189999999999
-1.02	-12.68	913.565	760.727
-1.02	-12.68	912.5930000000001	765.7289999999999
-1.02	-12.68	911.6189999999999	729.623
-1.02	-12.68	910.6460000000001	744.904
-1.02	-12.68	909.673	755.0419999999999
-1.02	-12.68	908.699	724.0930000000001
-1.02	-12.68	907.725	757.336
-1.02	-12.68	906.7510000000001	762.3330000000001
-1.02	-12.68	905.7769999999999	816.0880000000001
-1.02	-12.68	904.803	718.438
-1.02	-12.68	903.828	723.439
-1.02	-12.68	902.8539999999999	759.217
-1.02	-12.68	901.8789999999999	697.533
-1.02	-12.68	900.904	756.3789999999999
-1.02	-12.68	899.928	725.4789999999999
-1.02	-12.68	898.953	740.727
-1.02	-12.68	897.977	689.341
-1.02	-12.68	897.002	699.465
-1.02	-12.68	896.0260000000001	709.585
-1.02	-12.68	895.05	681.283
-1.02	-12.68	894.073	699.085
-1.02	-12.68	893.097	734.803
-1.02	-12.68	892.12	709.072
-1.02	-12.68	891.1439999999999	731.9780000000001
-1.02	-12.68	890.1669999999999	688.3439999999999
-1.02	-12.68	889.189	729.155
-1.02	-12.68	888.212	757.16
-1.02	-12.68	887.235	736.563
-1.02	-12.68	886.257	685.289
-1.02	-12.68	885.279	726.07
-1.02	-12.68	884.301	679.929
-1.02	-12.68	883.323	720.696
-1.02	-12.68	882.3439999999999	674.572
-1.02	-12.68	881.3660000000001	679.56
-1.02	-12.68	880.387	710.0880000000001
-1.02	-12.68	879.408	694.6360000000001
-1.02	-12.68	878.429	681.7439999999999
-1.02	-12.68	877.45	725.02
-1.02	-12.68	876.47	740.203
-1.02	-12.68	875.4910000000001	709.445
-1.02	-12.68	874.5110000000001	716.971
-1.02	-12.68	873.5310000000001	765.311
-1.02	-12.68	872.551	729.4639999999999
-1.02	-12.68	871.57	678.33
-1.02	-12.68	870.59	719.002
-1.02	-12.68	869.6089999999999	688.2810000000001
-1.02	-12.68	868.628	739.1310000000001
-1.02	-12.68	867.6469999999999	682.935
-1.02	-12.68	866.666	698.0980000000001
-1.02	-12.68	865.684	733.6339999999999
-1.02	-12.68	864.703	720.7669999999999
-1.02	-12.68	863.721	705.3580000000001
-1.02	-12.68	862.7389999999999	733.2360000000001
-1.02	-12.68	861.757	730.557
-1.02	-12.68	860.775	712.6089999999999
-1.02	-12.68	859.7919999999999	702.302
-1.02	-12.68	858.81	717.439
-1.02	-12.68	857.827	714.7660000000001
-1.02	-12.68	856.8439999999999	752.784
-1.02	-12.68	855.86	729.763
-1.02	-12.68	854.877	737.257
-1.02	-12.68	853.8939999999999	693.913
-1.02	-12.68	852.91	709.035
-1.02	-12.68	851.926	686.038
-1.02	-12.68	850.942	706.237
-1.02	-12.68	849.9580000000001	711.189
-1.02	-12.68	848.9730000000001	685.665
-1.02	-12.68	847.988	688.08
-1.02	-12.68	847.0039999999999	726.033
-1.02	-12.68	846.0189999999999	753.821
-1.02	-12.68	845.034	672.4789999999999
-1.02	-12.68	844.048	697.7289999999999
-1.02	-12.68	843.063	669.698
-1.02	-12.68	842.077	735.52
-1.02	-12.68	841.091	694.813
-1.02	-12.68	840.105	722.576
-1.02	-12.68	839.1189999999999	686.956
-1.02	-12.68	838.132	727.382
-1.02	-12.68	837.1460000000001	727.25
-1.02	-12.68	836.159	684.049
-1.02	-12.68	835.172	699.123
-1.02	-12.68	834.185	666.072
-1.02	-12.68	833.198	686.2080000000001
-1.02	-12.68	832.21	703.805
-1.02	-12.68	831.222	642.928
-1.02	-12.68	830.235	680.773
-1.02	-12.68	829.247	721.1339999999999
-1.02	-12.68	828.258	667.8760000000001
-1.02	-12.68	827.27	690.5189999999999
-1.02	-12.68	826.2810000000001	690.393
-1.02	-12.68	825.293	687.74
-1.02	-12.68	824.304	667.3910000000001
-1.02	-12.68	823.315	715.2919999999999
-1.02	-12.68	822.325	694.946
-1.02	-12.68	821.336	702.3989999999999
-1.02	-12.68	820.346	719.955
-1.02	-12.68	819.3560000000001	684.4639999999999
-1.02	-12.68	818.3660000000001	679.289
-1.02	-12.68	817.3760000000001	732.186
-1.02	-12.68	816.3860000000001	689.1389999999999
-1.02	-12.68	815.395	656.204
-1.02	-12.68	814.405	701.505
-1.02	-12.68	813.414	711.47
-1.02	-12.68	812.423	693.683
-1.02	-12.68	811.431	678.424
-1.02	-12.68	810.44	668.215
-1.02	-12.68	809.448	665.572
-1.02	-12.68	808.456	713.3430000000001
-1.02	-12.68	807.4639999999999	627.5269999999999
-1.02	-12.68	806.472	650.09
-1.02	-12.68	805.48	665.0880000000001
-1.02	-12.68	804.487	692.673
-1.02	-12.68	803.495	596.85
-1.02	-12.68	802.502	684.868
-1.02	-12.68	801.5089999999999	702.365
-1.02	-12.68	800.5160000000001	714.822
-1.02	-12.68	799.5219999999999	707.1419999999999
-1.02	-12.68	798.528	724.6260000000001
-1.02	-12.68	797.535	727.0089999999999
-1.02	-12.68	796.541	671.544
-1.02	-12.68	795.547	694.054
-1.02	-12.68	794.552	686.3839999999999
-1.02	-12.68	793.558	691.2869999999999
-1.02	-12.68	792.563	678.5939999999999
-1.02	-12.68	791.568	683.4960000000001
-1.02	-12.68	790.573	703.471
-1.02	-12.68	789.578	653.104
-1.02	-12.68	788.582	652.985
-1.02	-12.68	787.587	647.844
-1.02	-12.68	786.591	723.043
-1.02	-12.68	785.595	637.567
-1.02	-12.68	784.5989999999999	680.115
-1.02	-12.68	783.602	662.427
-1.02	-12.68	782.6060000000001	692.4110000000001
-1.02	-12.68	781.6089999999999	652.1519999999999
-1.02	-12.68	780.612	699.682
-1.02	-12.68	779.615	702.062
-1.02	-12.68	778.618	644.275
-1.02	-12.68	777.6210000000001	684.26
-1.02	-12.68	776.623	709.195
-1.02	-12.68	775.625	666.472
-1.02	-12.68	774.627	663.845
-1.02	-12.68	773.6289999999999	643.687
-1.02	-12.68	772.6310000000001	721.199
-1.02	-12.68	771.632	673.497
-1.02	-12.68	770.6339999999999	690.8969999999999
-1.02	-12.68	769.635	688.268
-1.02	-12.68	768.6360000000001	745.696
-1.02	-12.68	767.6360000000001	700.5260000000001
-1.02	-12.68	766.637	650.37
-1.02	-12.68	765.637	667.758
-1.02	-12.68	764.637	710.1439999999999
-1.02	-12.68	763.638	625.013
-1.02	-12.68	762.637	692.388
-1.02	-12.68	761.637	734.747
-1.02	-12.68	760.6360000000001	689.6360000000001
-1.02	-12.68	759.6360000000001	682.0160000000001
-1.02	-12.68	758.635	666.904
-1.02	-12.68	757.6339999999999	679.2689999999999
-1.02	-12.68	756.633	681.6419999999999
-1.02	-12.68	755.6310000000001	691.503
-1.02	-12.68	754.6289999999999	711.3439999999999
-1.02	-12.68	753.628	683.7639999999999
-1.02	-12.68	752.6260000000001	708.5889999999999
-1.02	-12.68	751.623	683.5139999999999
-1.02	-12.68	750.6210000000001	688.377
-1.02	-12.68	749.6189999999999	710.694
-1.02	-12.68	748.6160000000001	705.578
-1.02	-12.68	747.613	675.5360000000001
-1.02	-12.68	746.61	670.428
-1.02	-12.68	745.607	677.7810000000001
-1.02	-12.68	744.6030000000001	672.674
-1.02	-12.68	743.5989999999999	682.515
-1.02	-12.68	742.596	719.747
-1.02	-12.68	741.592	649.895
-1.02	-12.68	740.587	674.672
-1.02	-12.68	739.5830000000001	704.418
-1.02	-12.68	738.579	701.8
-1.02	-12.68	737.574	679.278
-1.02	-12.68	736.569	676.666
-1.02	-12.68	735.564	639.2330000000001
-1.02	-12.68	734.558	751.023
-1.02	-12.68	733.553	713.59
-1.02	-12.68	732.547	683.628
-1.02	-12.68	731.541	688.4739999999999
-1.02	-12.68	730.535	683.378
-1.02	-12.68	729.529	695.676
-1.02	-12.68	728.523	653.319
-1.02	-12.68	727.5160000000001	705.3560000000001
-1.02	-12.68	726.5089999999999	648.113
-1.02	-12.68	725.503	670.3389999999999
-1.02	-12.68	724.495	672.699
-1.02	-12.68	723.488	625.4209999999999
-1.02	-12.68	722.4810000000001	647.638
-1.02	-12.68	721.4730000000001	657.444
-1.02	-12.68	720.465	704.452
-1.02	-12.68	719.457	679.523
-1.02	-12.68	718.449	642.205
-1.02	-12.68	717.44	699.107
-1.02	-12.68	716.432	661.799
-1.02	-12.68	715.423	631.939
-1.02	-12.68	714.414	683.8560000000001
-1.02	-12.68	713.405	693.64
-1.02	-12.68	712.395	698.466
-1.02	-12.68	711.3860000000001	723.102
-1.02	-12.68	710.3760000000001	638.788
-1.02	-12.68	709.3660000000001	720.3610000000001
-1.02	-12.68	708.3560000000001	675.679
-1.02	-12.68	707.346	643.386
-1.02	-12.68	706.335	665.535
-1.02	-12.68	705.325	707.465
-1.02	-12.68	704.314	643.0319999999999
-1.02	-12.68	703.303	645.387
-1.02	-12.68	702.2919999999999	669.9910000000001
-1.02	-12.68	701.28	689.643
-1.02	-12.68	700.2689999999999	667.2739999999999
-1.02	-12.68	699.257	664.681
-1.02	-12.68	698.245	639.854
-1.02	-12.68	697.2330000000001	669.377
-1.02	-12.68	696.22	669.2539999999999
-1.02	-12.68	695.2080000000001	649.378
-1.02	-12.68	694.195	676.414
-1.02	-12.68	693.182	673.822
-1.02	-12.68	692.169	678.6339999999999
-1.02	-12.68	691.1560000000001	648.9019999999999
-1.02	-12.68	690.143	675.918
-1.02	-12.68	689.1289999999999	626.466
-1.02	-12.68	688.115	614.021
-1.02	-12.68	687.1010000000001	697.735
-1.02	-12.68	686.087	670.4910000000001
-1.02	-12.68	685.073	638.3290000000001
-1.02	-12.68	684.058	652.996
-1.02	-12.68	683.043	635.63
-1.02	-12.68	682.028	665.072
-1.02	-12.68	681.013	701.8919999999999
-1.02	-12.68	679.998	682.064
-1.02	-12.68	678.9830000000001	689.325
-1.02	-12.68	677.967	654.738
-1.02	-12.68	676.951	654.618
-1.02	-12.68	675.935	637.274
-1.02	-12.68	674.919	693.738
-1.02	-12.68	673.9019999999999	641.9590000000001
-1.02	-12.68	672.8860000000001	622.168
-1.02	-12.68	671.8689999999999	671.227
-1.02	-12.68	670.852	707.9780000000001
-1.02	-12.68	669.835	648.86
-1.02	-12.68	668.817	633.997
-1.02	-12.68	667.8	665.82
-1.02	-12.68	666.7819999999999	675.523
-1.02	-12.68	665.7639999999999	655.7510000000001
-1.02	-12.68	664.7460000000001	704.7410000000001
-1.02	-12.68	663.7280000000001	707.067
-1.02	-12.68	662.709	621.024
-1.02	-12.68	661.691	719.078
-1.02	-12.68	660.672	674.778
-1.02	-12.68	659.653	677.107
-1.02	-12.68	658.6339999999999	696.605
-1.02	-12.68	657.6139999999999	669.5010000000001
-1.02	-12.68	656.595	671.83
-1.02	-12.68	655.575	696.221
-1.02	-12.68	654.555	669.1310000000001
-1.02	-12.68	653.535	708.217
-1.02	-12.68	652.514	735.038
-1.02	-12.68	651.494	663.862
-1.02	-12.68	650.4730000000001	675.9860000000001
-1.02	-12.68	649.452	666.067
-1.02	-12.68	648.431	653.702
-1.02	-12.68	647.41	682.956
-1.02	-12.68	646.388	633.882
-1.02	-12.68	645.366	655.788
-1.02	-12.68	644.345	596.951
-1.02	-12.68	643.323	670.2230000000001
-1.02	-12.68	642.3	660.317
-1.02	-12.68	641.278	672.421
-1.02	-12.68	640.255	667.408
-1.02	-12.68	639.232	642.842
-1.02	-12.68	638.2090000000001	640.28
-1.02	-12.68	637.186	654.822
-1.02	-12.68	636.163	632.715
-1.02	-12.68	635.139	632.599
-1.02	-12.68	634.116	710.6260000000001
-1.02	-12.68	633.092	651.898
-1.02	-12.68	632.068	690.835
-1.02	-12.68	631.043	712.674
-1.02	-12.68	630.019	678.38
-1.02	-12.68	628.994	617.26
-1.02	-12.68	627.969	619.586
-1.02	-12.68	626.944	665.81
-1.02	-12.68	625.919	643.741
-1.02	-12.68	624.893	636.309
-1.02	-12.68	623.868	648.379
-1.02	-12.68	622.842	694.564
-1.02	-12.68	621.816	672.5060000000001
-1.02	-12.68	620.79	628.531
-1.02	-12.68	619.763	655.2080000000001
-1.02	-12.68	618.737	635.605
-1.02	-12.68	617.71	667.14
-1.02	-12.68	616.683	637.804
-1.02	-12.68	615.656	664.46
-1.02	-12.68	614.629	695.972
-1.02	-12.68	613.601	613.121
-1.02	-12.68	612.573	637.3330000000001
-1.02	-12.68	611.545	612.895
-1.02	-12.68	610.5169999999999	666.278
-1.02	-12.68	609.489	661.293
-1.02	-12.68	608.461	687.909
-1.02	-12.68	607.432	663.4789999999999
-1.02	-12.68	606.403	663.3560000000001
-1.02	-12.68	605.374	655.945
-1.02	-12.68	604.345	650.966
-1.02	-12.68	603.315	638.703
-1.02	-12.68	602.286	582.739
-1.02	-12.68	601.256	619.0459999999999
-1.02	-12.68	600.226	587.378
