16.42	-7.54	1799.66	296.46
16.42	-7.54	1798.84	330.024
16.42	-7.54	1798.03	342.189
16.42	-7.54	1797.21	320.748
16.42	-7.54	1796.39	308.47700000000003
16.42	-7.54	1795.57	314.532
16.42	-7.54	1794.75	357.224
16.42	-7.54	1793.93	348.005
16.42	-7.54	1793.11	350.999
16.42	-7.54	1792.29	326.526
16.42	-7.54	1791.47	311.216
16.42	-7.54	1790.65	320.315
16.42	-7.54	1789.84	329.411
16.42	-7.54	1789.02	320.207
16.42	-7.54	1788.2	326.251
16.42	-7.54	1787.38	271.322
16.42	-7.54	1786.56	292.612
16.42	-7.54	1785.73	323.038
16.42	-7.54	1784.91	319.936
16.42	-7.54	1784.09	319.882
16.42	-7.54	1783.27	301.552
16.42	-7.54	1782.45	316.72900000000004
16.42	-7.54	1781.63	310.585
16.42	-7.54	1780.81	310.533
16.42	-7.54	1779.99	304.392
16.42	-7.54	1779.17	322.601
16.42	-7.54	1778.35	365.147
16.42	-7.54	1777.52	322.492
16.42	-7.54	1776.7	319.39599999999996
16.42	-7.54	1775.88	304.135
16.42	-7.54	1775.06	264.553
16.42	-7.54	1774.24	307.072
16.42	-7.54	1773.41	288.782
16.42	-7.54	1772.59	313.047
16.42	-7.54	1771.77	309.955
16.42	-7.54	1770.95	315.98
16.42	-7.54	1770.12	340.228
16.42	-7.54	1769.3	300.686
16.42	-7.54	1768.48	327.966
16.42	-7.54	1767.65	315.76599999999996
16.42	-7.54	1766.83	339.99800000000005
16.42	-7.54	1766.01	336.905
16.42	-7.54	1765.18	327.744
16.42	-7.54	1764.36	342.85900000000004
16.42	-7.54	1763.53	312.465
16.42	-7.54	1762.71	324.545
16.42	-7.54	1761.88	288.098
16.42	-7.54	1761.06	324.435
16.42	-7.54	1760.24	318.317
16.42	-7.54	1759.41	327.356
16.42	-7.54	1758.59	306.087
16.42	-7.54	1757.76	324.215
16.42	-7.54	1756.94	351.426
16.42	-7.54	1756.11	366.51199999999994
16.42	-7.54	1755.28	372.50699999999995
16.42	-7.54	1754.46	360.33099999999996
16.42	-7.54	1753.63	348.16
16.42	-7.54	1752.81	363.236
16.42	-7.54	1751.98	390.413
16.42	-7.54	1751.16	338.906
16.42	-7.54	1750.33	341.874
16.42	-7.54	1749.5	338.791
16.42	-7.54	1748.68	299.416
16.42	-7.54	1747.85	329.60400000000004
16.42	-7.54	1747.02	338.619
16.42	-7.54	1746.2	326.47
16.42	-7.54	1745.37	353.616
16.42	-7.54	1744.54	365.64300000000003
16.42	-7.54	1743.71	386.73
16.42	-7.54	1742.89	326.249
16.42	-7.54	1742.06	329.214
16.42	-7.54	1741.23	341.23699999999997
16.42	-7.54	1740.4	401.565
16.42	-7.54	1739.57	338.102
16.42	-7.54	1738.75	344.082
16.42	-7.54	1737.92	337.98800000000006
16.42	-7.54	1737.09	371.12
16.42	-7.54	1736.26	298.656
16.42	-7.54	1735.43	355.913
16.42	-7.54	1734.6	379.978
16.42	-7.54	1733.77	337.70099999999996
16.42	-7.54	1732.94	379.849
16.42	-7.54	1732.11	337.587
16.42	-7.54	1731.28	391.775
16.42	-7.54	1730.45	376.64300000000003
16.42	-7.54	1729.62	370.55400000000003
16.42	-7.54	1728.8	343.38199999999995
16.42	-7.54	1727.96	385.486
16.42	-7.54	1727.13	388.43199999999996
16.42	-7.54	1726.3	379.334
16.42	-7.54	1725.47	385.29
16.42	-7.54	1724.64	352.119
16.42	-7.54	1723.81	385.159
16.42	-7.54	1722.98	333.94800000000004
16.42	-7.54	1722.15	366.98
16.42	-7.54	1721.32	336.842
16.42	-7.54	1720.49	372.869
16.42	-7.54	1719.66	333.721
16.42	-7.54	1718.82	333.665
16.42	-7.54	1717.99	393.718
16.42	-7.54	1717.16	384.63599999999997
16.42	-7.54	1716.33	345.51300000000003
16.42	-7.54	1715.5	360.474
16.42	-7.54	1714.66	393.45
16.42	-7.54	1713.83	387.37699999999995
16.42	-7.54	1713.0	366.295
16.42	-7.54	1712.17	408.259
16.42	-7.54	1711.33	348.162
16.42	-7.54	1710.5	393.116
16.42	-7.54	1709.67	351.04400000000004
16.42	-7.54	1708.83	362.98400000000004
16.42	-7.54	1708.0	398.914
16.42	-7.54	1707.17	392.849
16.42	-7.54	1706.33	368.795
16.42	-7.54	1705.5	395.713
16.42	-7.54	1704.66	410.63199999999995
16.42	-7.54	1703.83	380.594
16.42	-7.54	1703.0	383.526
16.42	-7.54	1702.16	380.465
16.42	-7.54	1701.33	404.36199999999997
16.42	-7.54	1700.49	404.29400000000004
16.42	-7.54	1699.66	410.213
16.42	-7.54	1698.82	377.212
16.42	-7.54	1697.99	377.148
16.42	-7.54	1697.15	356.135
16.42	-7.54	1696.32	380.01199999999994
16.42	-7.54	1695.48	385.931
16.42	-7.54	1694.64	338.006
16.42	-7.54	1693.81	364.865
16.42	-7.54	1692.97	403.675
16.42	-7.54	1692.14	373.71
16.42	-7.54	1691.3	349.733
16.42	-7.54	1690.46	397.49199999999996
16.42	-7.54	1689.63	364.55400000000003
16.42	-7.54	1688.79	439.18300000000005
16.42	-7.54	1687.95	385.34
16.42	-7.54	1687.12	421.11400000000003
16.42	-7.54	1686.28	421.042
16.42	-7.54	1685.44	412.014
16.42	-7.54	1684.6	417.914
16.42	-7.54	1683.77	426.796
16.42	-7.54	1682.93	393.899
16.42	-7.54	1682.09	358.029
16.42	-7.54	1681.25	378.849
16.42	-7.54	1680.41	363.87199999999996
16.42	-7.54	1679.58	378.72
16.42	-7.54	1678.74	429.342
16.42	-7.54	1677.9	441.19300000000004
16.42	-7.54	1677.06	414.293
16.42	-7.54	1676.22	414.222
16.42	-7.54	1675.38	354.56199999999995
16.42	-7.54	1674.54	387.27
16.42	-7.54	1673.7	455.71
16.42	-7.54	1672.86	413.94
16.42	-7.54	1672.02	413.869
16.42	-7.54	1671.18	387.006
16.42	-7.54	1670.34	431.587
16.42	-7.54	1669.5	401.754
16.42	-7.54	1668.66	434.415
16.42	-7.54	1667.82	461.116
16.42	-7.54	1666.98	398.574
16.42	-7.54	1666.14	431.219
16.42	-7.54	1665.3	457.907
16.42	-7.54	1664.46	413.235
16.42	-7.54	1663.62	433.971
16.42	-7.54	1662.78	460.644
16.42	-7.54	1661.94	430.852
16.42	-7.54	1661.1	448.603
16.42	-7.54	1660.25	460.408
16.42	-7.54	1659.41	427.661
16.42	-7.54	1658.57	516.669
16.42	-7.54	1657.73	424.546
16.42	-7.54	1656.89	433.379
16.42	-7.54	1656.04	495.63
16.42	-7.54	1655.2	465.87199999999996
16.42	-7.54	1654.36	477.66
16.42	-7.54	1653.52	439.01599999999996
16.42	-7.54	1652.67	489.36
16.42	-7.54	1651.83	450.727
16.42	-7.54	1650.99	509.94599999999997
16.42	-7.54	1650.14	477.25199999999995
16.42	-7.54	1649.3	518.664
16.42	-7.54	1648.46	512.648
16.42	-7.54	1647.61	482.93300000000005
16.42	-7.54	1646.77	482.851
16.42	-7.54	1645.92	494.615
16.42	-7.54	1645.08	500.45300000000003
16.42	-7.54	1644.24	503.329
16.42	-7.54	1643.39	538.766
16.42	-7.54	1642.55	544.5930000000001
16.42	-7.54	1641.7	565.215
16.42	-7.54	1640.86	523.696
16.42	-7.54	1640.01	615.311
16.42	-7.54	1639.17	588.587
16.42	-7.54	1638.32	520.47
16.42	-7.54	1637.48	558.818
16.42	-7.54	1636.63	585.3290000000001
16.42	-7.54	1635.78	629.564
16.42	-7.54	1634.94	656.053
16.42	-7.54	1634.09	614.575
16.42	-7.54	1633.25	632.196
16.42	-7.54	1632.4	705.929
16.42	-7.54	1631.55	705.809
16.42	-7.54	1630.71	664.3510000000001
16.42	-7.54	1629.86	714.424
16.42	-7.54	1629.01	734.9630000000001
16.42	-7.54	1628.16	723.033
16.42	-7.54	1627.32	752.416
16.42	-7.54	1626.47	758.187
16.42	-7.54	1625.62	740.36
16.42	-7.54	1624.77	887.69
16.42	-7.54	1623.93	819.7189999999999
16.42	-7.54	1623.08	899.179
16.42	-7.54	1622.23	840.072
16.42	-7.54	1621.38	863.505
16.42	-7.54	1620.53	833.8919999999999
16.42	-7.54	1619.69	872.048
16.42	-7.54	1618.84	871.8989999999999
16.42	-7.54	1617.99	857.0239999999999
16.42	-7.54	1617.14	868.6560000000001
16.42	-7.54	1616.29	862.6189999999999
16.42	-7.54	1615.44	815.3739999999999
16.42	-7.54	1614.59	941.7869999999999
16.42	-7.54	1613.74	876.8889999999999
16.42	-7.54	1612.89	912.044
16.42	-7.54	1612.04	864.822
16.42	-7.54	1611.19	885.262
16.42	-7.54	1610.34	917.456
16.42	-7.54	1609.49	832.0369999999999
16.42	-7.54	1608.64	826.0160000000001
16.42	-7.54	1607.79	852.326
16.42	-7.54	1606.94	796.347
16.42	-7.54	1606.09	878.4760000000001
16.42	-7.54	1605.24	819.575
16.42	-7.54	1604.39	842.931
16.42	-7.54	1603.54	754.69
16.42	-7.54	1602.68	819.153
16.42	-7.54	1601.83	816.077
16.42	-7.54	1600.98	824.743
16.42	-7.54	1600.13	815.798
16.42	-7.54	1599.28	830.328
16.42	-7.54	1598.42	806.717
16.42	-7.54	1597.57	832.9760000000001
16.42	-7.54	1596.72	873.8889999999999
16.42	-7.54	1595.87	829.7589999999999
16.42	-7.54	1595.01	908.7669999999999
16.42	-7.54	1594.16	800.164
16.42	-7.54	1593.31	814.679
16.42	-7.54	1592.45	814.54
16.42	-7.54	1591.6	864.201
16.42	-7.54	1590.75	793.757
16.42	-7.54	1589.89	778.9789999999999
16.42	-7.54	1589.04	808.125
16.42	-7.54	1588.19	828.4789999999999
16.42	-7.54	1587.33	761.0160000000001
16.42	-7.54	1586.48	763.812
16.42	-7.54	1585.62	790.0139999999999
16.42	-7.54	1584.77	813.283
16.42	-7.54	1583.91	754.6439999999999
16.42	-7.54	1583.06	757.439
16.42	-7.54	1582.2	725.145
16.42	-7.54	1581.35	722.097
16.42	-7.54	1580.49	730.742
16.42	-7.54	1579.64	780.298
16.42	-7.54	1578.78	677.8960000000001
16.42	-7.54	1577.93	683.622
16.42	-7.54	1577.07	692.268
16.42	-7.54	1576.21	692.1489999999999
16.42	-7.54	1575.36	721.2289999999999
16.42	-7.54	1574.5	688.992
16.42	-7.54	1573.65	656.765
16.42	-7.54	1572.79	726.695
16.42	-7.54	1571.93	671.1289999999999
16.42	-7.54	1571.08	703.1060000000001
16.42	-7.54	1570.22	720.4860000000001
16.42	-7.54	1569.36	711.613
16.42	-7.54	1568.5	688.163
16.42	-7.54	1567.65	638.4830000000001
16.42	-7.54	1566.79	664.607
16.42	-7.54	1565.93	679.065
16.42	-7.54	1565.07	658.551
16.42	-7.54	1564.21	673.005
16.42	-7.54	1563.36	632.1080000000001
16.42	-7.54	1562.5	678.5989999999999
16.42	-7.54	1561.64	693.0419999999999
16.42	-7.54	1560.78	652.1619999999999
16.42	-7.54	1559.92	672.427
16.42	-7.54	1559.06	654.8480000000001
16.42	-7.54	1558.2	616.9069999999999
16.42	-7.54	1557.34	581.887
16.42	-7.54	1556.49	622.512
16.42	-7.54	1555.63	619.497
16.42	-7.54	1554.77	584.495
16.42	-7.54	1553.91	575.672
16.42	-7.54	1553.05	633.712
16.42	-7.54	1552.19	616.164
16.42	-7.54	1551.33	627.682
16.42	-7.54	1550.47	581.087
16.42	-7.54	1549.6	549.033
16.42	-7.54	1548.74	638.976
16.42	-7.54	1547.88	630.154
16.42	-7.54	1547.02	554.556
16.42	-7.54	1546.16	600.908
16.42	-7.54	1545.3	548.56
16.42	-7.54	1544.44	574.5830000000001
16.42	-7.54	1543.58	655.725
16.42	-7.54	1542.71	568.5840000000001
16.42	-7.54	1541.85	574.2869999999999
16.42	-7.54	1540.99	516.189
16.42	-7.54	1540.13	562.491
16.42	-7.54	1539.27	582.687
16.42	-7.54	1538.4	585.485
16.42	-7.54	1537.54	567.996
16.42	-7.54	1536.68	567.899
16.42	-7.54	1535.81	599.6669999999999
16.42	-7.54	1534.95	553.221
16.42	-7.54	1534.09	550.229
16.42	-7.54	1533.23	567.507
16.42	-7.54	1532.36	581.884
16.42	-7.54	1531.5	584.678
16.42	-7.54	1530.63	596.154
16.42	-7.54	1529.77	549.756
16.42	-7.54	1528.91	509.159
16.42	-7.54	1528.04	564.028
16.42	-7.54	1527.18	572.607
16.42	-7.54	1526.31	546.485
16.42	-7.54	1525.45	572.41
16.42	-7.54	1524.58	552.078
16.42	-7.54	1523.72	615.562
16.42	-7.54	1522.85	557.6659999999999
16.42	-7.54	1521.99	566.237
16.42	-7.54	1521.12	606.578
16.42	-7.54	1520.26	568.93
16.42	-7.54	1519.39	580.381
16.42	-7.54	1518.52	640.908
16.42	-7.54	1517.66	617.705
16.42	-7.54	1516.79	611.827
16.42	-7.54	1515.93	571.325
16.42	-7.54	1515.06	597.191
16.42	-7.54	1514.19	657.6619999999999
16.42	-7.54	1513.33	657.548
16.42	-7.54	1512.46	654.5509999999999
16.42	-7.54	1511.59	677.502
16.42	-7.54	1510.72	683.15
16.42	-7.54	1509.86	657.095
16.42	-7.54	1508.99	659.863
16.42	-7.54	1508.12	691.44
16.42	-7.54	1507.25	659.635
16.42	-7.54	1506.38	656.6410000000001
16.42	-7.54	1505.52	676.684
16.42	-7.54	1504.65	624.745
16.42	-7.54	1503.78	587.217
16.42	-7.54	1502.91	589.993
16.42	-7.54	1502.04	676.217
16.42	-7.54	1501.17	598.42
16.42	-7.54	1500.3	555.169
16.42	-7.54	1499.44	555.073
16.42	-7.54	1498.57	566.479
16.42	-7.54	1497.7	529.006
16.42	-7.54	1496.83	554.786
16.42	-7.54	1495.96	531.697
16.42	-7.54	1495.09	577.582
16.42	-7.54	1494.22	545.879
16.42	-7.54	1493.35	571.638
16.42	-7.54	1492.48	537.0740000000001
16.42	-7.54	1491.61	559.9540000000001
16.42	-7.54	1490.73	582.825
16.42	-7.54	1489.86	516.702
16.42	-7.54	1488.99	513.742
16.42	-7.54	1488.12	548.0880000000001
16.42	-7.54	1487.25	530.779
16.42	-7.54	1486.38	570.847
16.42	-7.54	1485.51	582.221
16.42	-7.54	1484.63	516.1659999999999
16.42	-7.54	1483.76	496.00699999999995
16.42	-7.54	1482.89	487.32099999999997
16.42	-7.54	1482.02	530.229
16.42	-7.54	1481.15	547.33
16.42	-7.54	1480.27	521.45
16.42	-7.54	1479.4	544.276
16.42	-7.54	1478.53	561.367
16.42	-7.54	1477.65	555.543
16.42	-7.54	1476.78	535.405
16.42	-7.54	1475.91	500.96
16.42	-7.54	1475.03	526.633
16.42	-7.54	1474.16	575.19
16.42	-7.54	1473.29	555.062
16.42	-7.54	1472.41	509.19599999999997
16.42	-7.54	1471.54	503.38699999999994
16.42	-7.54	1470.67	483.282
16.42	-7.54	1469.79	506.07199999999995
16.42	-7.54	1468.92	525.995
16.42	-7.54	1468.04	483.031
16.42	-7.54	1467.17	491.52099999999996
16.42	-7.54	1466.29	514.293
16.42	-7.54	1465.42	559.911
16.42	-7.54	1464.54	519.827
16.42	-7.54	1463.67	491.18
16.42	-7.54	1462.79	525.3580000000001
16.42	-7.54	1461.91	476.73699999999997
16.42	-7.54	1461.04	573.697
16.42	-7.54	1460.16	522.231
16.42	-7.54	1459.29	536.4069999999999
16.42	-7.54	1458.41	496.375
16.42	-7.54	1457.53	573.3
16.42	-7.54	1456.66	538.979
16.42	-7.54	1455.78	510.374
16.42	-7.54	1454.9	507.434
16.42	-7.54	1454.03	490.245
16.42	-7.54	1453.15	538.606
16.42	-7.54	1452.27	561.307
16.42	-7.54	1451.39	541.268
16.42	-7.54	1450.52	581.05
16.42	-7.54	1449.64	572.406
16.42	-7.54	1448.76	546.681
16.42	-7.54	1447.88	532.352
16.42	-7.54	1447.0	537.952
16.42	-7.54	1446.13	566.317
16.42	-7.54	1445.25	549.1469999999999
16.42	-7.54	1444.37	546.207
16.42	-7.54	1443.49	546.112
16.42	-7.54	1442.61	588.675
16.42	-7.54	1441.73	574.356
16.42	-7.54	1440.85	534.457
16.42	-7.54	1439.97	537.206
16.42	-7.54	1439.09	585.425
16.42	-7.54	1438.21	568.275
16.42	-7.54	1437.33	588.062
16.42	-7.54	1436.45	590.8009999999999
16.42	-7.54	1435.57	599.2180000000001
16.42	-7.54	1434.69	627.508
16.42	-7.54	1433.81	596.1709999999999
16.42	-7.54	1432.93	601.744
16.42	-7.54	1432.05	612.991
16.42	-7.54	1431.17	655.446
16.42	-7.54	1430.29	609.942
16.42	-7.54	1429.41	624.018
16.42	-7.54	1428.52	604.058
16.42	-7.54	1427.64	615.295
16.42	-7.54	1426.76	626.528
16.42	-7.54	1425.88	592.405
16.42	-7.54	1425.0	606.472
16.42	-7.54	1424.11	597.866
16.42	-7.54	1423.23	555.268
16.42	-7.54	1422.35	617.486
16.42	-7.54	1421.47	668.355
16.42	-7.54	1420.58	600.2819999999999
16.42	-7.54	1419.7	665.2919999999999
16.42	-7.54	1418.82	591.582
16.42	-7.54	1417.93	608.46
16.42	-7.54	1417.05	673.434
16.42	-7.54	1416.17	633.71
16.42	-7.54	1415.28	610.971
16.42	-7.54	1414.4	625.005
16.42	-7.54	1413.51	619.241
16.42	-7.54	1412.63	619.133
16.42	-7.54	1411.75	582.28
16.42	-7.54	1410.86	579.3530000000001
16.42	-7.54	1409.98	562.298
16.42	-7.54	1409.09	618.703
16.42	-7.54	1408.21	593.173
16.42	-7.54	1407.32	587.422
16.42	-7.54	1406.44	672.029
16.42	-7.54	1405.55	635.211
16.42	-7.54	1404.66	601.229
16.42	-7.54	1403.78	567.258
16.42	-7.54	1402.89	634.88
16.42	-7.54	1402.01	679.908
16.42	-7.54	1401.12	629.0169999999999
16.42	-7.54	1400.23	662.7510000000001
16.42	-7.54	1399.35	603.4209999999999
16.42	-7.54	1398.46	561.0269999999999
16.42	-7.54	1397.57	639.855
16.42	-7.54	1396.69	636.925
16.42	-7.54	1395.8	600.183
16.42	-7.54	1394.91	659.2410000000001
16.42	-7.54	1394.02	585.89
16.42	-7.54	1393.14	653.379
16.42	-7.54	1392.25	639.186
16.42	-7.54	1391.36	664.413
16.42	-7.54	1390.47	706.5189999999999
16.42	-7.54	1389.58	686.696
16.42	-7.54	1388.7	678.135
16.42	-7.54	1387.81	689.27
16.42	-7.54	1386.92	652.5830000000001
16.42	-7.54	1386.03	638.4069999999999
16.42	-7.54	1385.14	700.1569999999999
16.42	-7.54	1384.25	660.676
16.42	-7.54	1383.36	716.779
16.42	-7.54	1382.47	705.4119999999999
16.42	-7.54	1381.58	744.628
16.42	-7.54	1380.69	730.451
16.42	-7.54	1379.8	721.8969999999999
16.42	-7.54	1378.91	724.579
16.42	-7.54	1378.02	718.837
16.42	-7.54	1377.13	743.9789999999999
16.42	-7.54	1376.24	777.533
16.42	-7.54	1375.35	735.3
16.42	-7.54	1374.46	735.172
16.42	-7.54	1373.57	706.988
16.42	-7.54	1372.68	760.1610000000001
16.42	-7.54	1371.78	754.419
16.42	-7.54	1370.89	734.659
16.42	-7.54	1370.0	810.227
16.42	-7.54	1369.11	754.0239999999999
16.42	-7.54	1368.22	826.7589999999999
16.42	-7.54	1367.33	762.1669999999999
16.42	-7.54	1366.43	885.304
16.42	-7.54	1365.54	798.316
16.42	-7.54	1364.65	786.9739999999999
16.42	-7.54	1363.76	837.2389999999999
16.42	-7.54	1362.86	769.9010000000001
16.42	-7.54	1361.97	839.7460000000001
16.42	-7.54	1361.08	775.23
16.42	-7.54	1360.18	805.8739999999999
16.42	-7.54	1359.29	811.329
16.42	-7.54	1358.4	839.159
16.42	-7.54	1357.5	852.9960000000001
16.42	-7.54	1356.61	858.44
16.42	-7.54	1355.71	886.247
16.42	-7.54	1354.82	877.707
16.42	-7.54	1353.92	824.453
16.42	-7.54	1353.03	894.166
16.42	-7.54	1352.13	899.597
16.42	-7.54	1351.24	941.3389999999999
16.42	-7.54	1350.34	907.6610000000001
16.42	-7.54	1349.45	896.3330000000001
16.42	-7.54	1348.55	926.887
16.42	-7.54	1347.66	837.4019999999999
16.42	-7.54	1346.76	951.68
16.42	-7.54	1345.87	959.885
16.42	-7.54	1344.97	951.3480000000001
16.42	-7.54	1344.07	942.813
16.42	-7.54	1343.18	937.071
16.42	-7.54	1342.28	992.675
16.42	-7.54	1341.38	1006.44
16.42	-7.54	1340.49	997.903
16.42	-7.54	1339.59	981.007
16.42	-7.54	1338.69	966.903
16.42	-7.54	1337.8	941.66
16.42	-7.54	1336.9	1025.06
16.42	-7.54	1336.0	983.105
16.42	-7.54	1335.1	1005.21
16.42	-7.54	1334.2	1099.69
16.42	-7.54	1333.31	1021.56
16.42	-7.54	1332.41	985.201
16.42	-7.54	1331.51	1060.16
16.42	-7.54	1330.61	1104.49
16.42	-7.54	1329.71	1054.22
16.42	-7.54	1328.81	1067.94
16.42	-7.54	1327.91	1056.64
16.42	-7.54	1327.02	1075.91
16.42	-7.54	1326.12	1117.42
16.42	-7.54	1325.22	1086.65
16.42	-7.54	1324.32	1058.67
16.42	-7.54	1323.42	1164.06
16.42	-7.54	1322.52	1116.64
16.42	-7.54	1321.62	1038.68
16.42	-7.54	1320.72	1035.72
16.42	-7.54	1319.82	1118.82
16.42	-7.54	1318.91	1029.8
16.42	-7.54	1318.01	1054.6
16.42	-7.54	1317.11	1054.42
16.42	-7.54	1316.21	1073.65
16.42	-7.54	1315.31	1103.98
16.42	-7.54	1314.41	1012.26
16.42	-7.54	1313.51	1062.0
16.42	-7.54	1312.61	1089.53
16.42	-7.54	1311.7	1075.48
16.42	-7.54	1310.8	983.84
16.42	-7.54	1309.9	1005.83
16.42	-7.54	1309.0	1086.0
16.42	-7.54	1308.09	972.243
16.42	-7.54	1307.19	944.378
16.42	-7.54	1306.29	958.057
16.42	-7.54	1305.39	885.909
16.42	-7.54	1304.48	979.865
16.42	-7.54	1303.58	974.158
16.42	-7.54	1302.68	907.579
16.42	-7.54	1301.77	921.253
16.42	-7.54	1300.87	901.7289999999999
16.42	-7.54	1299.96	901.571
16.42	-7.54	1299.06	859.937
16.42	-7.54	1298.16	854.257
16.42	-7.54	1297.25	964.671
16.42	-7.54	1296.35	870.539
16.42	-7.54	1295.44	906.307
16.42	-7.54	1294.54	897.86
16.42	-7.54	1293.63	914.275
16.42	-7.54	1292.73	919.638
16.42	-7.54	1291.82	869.775
16.42	-7.54	1290.92	902.7510000000001
16.42	-7.54	1290.01	886.0310000000001
16.42	-7.54	1289.1	899.674
16.42	-7.54	1288.2	855.368
16.42	-7.54	1287.29	849.7
16.42	-7.54	1286.39	871.618
16.42	-7.54	1285.48	885.2539999999999
16.42	-7.54	1284.57	937.487
16.42	-7.54	1283.67	846.347
16.42	-7.54	1282.76	898.569
16.42	-7.54	1281.85	898.4110000000001
16.42	-7.54	1280.94	956.1160000000001
16.42	-7.54	1280.04	876.056
16.42	-7.54	1279.13	886.92
16.42	-7.54	1278.22	930.827
16.42	-7.54	1277.31	894.8689999999999
16.42	-7.54	1276.41	927.747
16.42	-7.54	1275.5	817.485
16.42	-7.54	1274.59	897.1489999999999
16.42	-7.54	1273.68	872.2280000000001
16.42	-7.54	1272.77	803.299
16.42	-7.54	1271.86	860.919
16.42	-7.54	1270.95	803.0169999999999
16.42	-7.54	1270.04	734.1360000000001
16.42	-7.54	1269.13	725.76
16.42	-7.54	1268.23	747.6210000000001
16.42	-7.54	1267.32	717.26
16.42	-7.54	1266.41	722.6289999999999
16.42	-7.54	1265.5	681.295
16.42	-7.54	1264.59	755.335
16.42	-7.54	1263.67	746.9639999999999
16.42	-7.54	1262.76	639.75
16.42	-7.54	1261.85	650.618
16.42	-7.54	1260.94	691.675
16.42	-7.54	1260.03	669.5989999999999
16.42	-7.54	1259.12	650.275
16.42	-7.54	1258.21	655.6469999999999
16.42	-7.54	1257.3	650.0459999999999
16.42	-7.54	1256.39	647.189
16.42	-7.54	1255.47	622.399
16.42	-7.54	1254.56	679.8580000000001
16.42	-7.54	1253.65	674.2560000000001
16.42	-7.54	1252.74	668.6569999999999
16.42	-7.54	1251.83	679.4989999999999
16.42	-7.54	1250.91	641.0269999999999
16.42	-7.54	1250.0	660.087
16.42	-7.54	1249.09	607.94
16.42	-7.54	1248.17	626.999
16.42	-7.54	1247.26	657.0010000000001
16.42	-7.54	1246.35	588.46
16.42	-7.54	1245.43	648.56
16.42	-7.54	1244.52	653.918
16.42	-7.54	1243.61	642.86
16.42	-7.54	1242.69	618.131
16.42	-7.54	1241.78	598.88
16.42	-7.54	1240.86	645.255
16.42	-7.54	1239.95	639.674
16.42	-7.54	1239.03	606.763
16.42	-7.54	1238.12	576.597
16.42	-7.54	1237.2	590.156
16.42	-7.54	1236.29	568.198
16.42	-7.54	1235.37	595.41
16.42	-7.54	1234.46	529.7669999999999
16.42	-7.54	1233.54	595.2
16.42	-7.54	1232.63	619.664
16.42	-7.54	1231.71	559.51
16.42	-7.54	1230.8	567.597
16.42	-7.54	1229.88	602.966
16.42	-7.54	1228.96	635.594
16.42	-7.54	1228.05	523.659
16.42	-7.54	1227.13	567.197
16.42	-7.54	1226.21	564.371
16.42	-7.54	1225.3	586.0790000000001
16.42	-7.54	1224.38	553.27
16.42	-7.54	1223.46	572.247
16.42	-7.54	1222.54	629.361
16.42	-7.54	1221.63	588.389
16.42	-7.54	1220.71	577.391
16.42	-7.54	1219.79	615.4119999999999
16.42	-7.54	1218.87	604.413
16.42	-7.54	1217.95	609.751
16.42	-7.54	1217.03	585.149
16.42	-7.54	1216.12	604.0930000000001
16.42	-7.54	1215.2	579.501
16.42	-7.54	1214.28	576.678
16.42	-7.54	1213.36	508.584
16.42	-7.54	1212.44	562.878
16.42	-7.54	1211.52	619.873
16.42	-7.54	1210.6	554.525
16.42	-7.54	1209.68	568.016
16.42	-7.54	1208.76	586.937
16.42	-7.54	1207.84	581.399
16.42	-7.54	1206.92	594.878
16.42	-7.54	1206.0	594.773
16.42	-7.54	1205.08	605.53
16.42	-7.54	1204.16	578.274
16.42	-7.54	1203.24	575.457
16.42	-7.54	1202.31	578.069
16.42	-7.54	1201.39	567.113
16.42	-7.54	1200.47	548.0219999999999
16.42	-7.54	1199.55	585.9
16.42	-7.54	1198.63	547.8290000000001
16.42	-7.54	1197.71	558.578
16.42	-7.54	1196.78	520.524
16.42	-7.54	1195.86	550.249
16.42	-7.54	1194.94	544.731
16.42	-7.54	1194.02	531.087
16.42	-7.54	1193.09	533.702
16.42	-7.54	1192.17	517.356
16.42	-7.54	1191.25	538.93
16.42	-7.54	1190.32	514.465
16.42	-7.54	1189.4	552.275
16.42	-7.54	1188.48	530.523
16.42	-7.54	1187.55	562.905
16.42	-7.54	1186.63	560.099
16.42	-7.54	1185.71	524.831
16.42	-7.54	1184.78	562.606
16.42	-7.54	1183.86	562.507
16.42	-7.54	1182.93	597.557
16.42	-7.54	1182.01	594.748
16.42	-7.54	1181.08	597.346
16.42	-7.54	1180.16	589.133
16.42	-7.54	1179.23	599.837
16.42	-7.54	1178.31	605.133
16.42	-7.54	1177.38	632.036
16.42	-7.54	1176.46	575.2130000000001
16.42	-7.54	1175.53	645.313
16.42	-7.54	1174.6	647.898
16.42	-7.54	1173.68	604.5980000000001
16.42	-7.54	1172.75	561.313
16.42	-7.54	1171.82	650.252
16.42	-7.54	1170.9	590.788
16.42	-7.54	1169.97	609.564
16.42	-7.54	1169.04	671.48
16.42	-7.54	1168.12	552.727
16.42	-7.54	1167.19	582.2819999999999
16.42	-7.54	1166.26	638.78
16.42	-7.54	1165.33	573.992
16.42	-7.54	1164.41	608.9159999999999
16.42	-7.54	1163.48	592.645
16.42	-7.54	1162.55	654.488
16.42	-7.54	1161.62	616.6709999999999
16.42	-7.54	1160.69	673.102
16.42	-7.54	1159.76	672.9830000000001
16.42	-7.54	1158.84	670.172
16.42	-7.54	1157.91	688.89
16.42	-7.54	1156.98	656.482
16.42	-7.54	1156.05	667.1260000000001
16.42	-7.54	1155.12	667.008
16.42	-7.54	1154.19	696.4689999999999
16.42	-7.54	1153.26	656.0169999999999
16.42	-7.54	1152.33	607.514
16.42	-7.54	1151.4	690.7230000000001
16.42	-7.54	1150.47	583.114
16.42	-7.54	1149.54	556.144
16.42	-7.54	1148.61	577.535
16.42	-7.54	1147.68	537.146
16.42	-7.54	1146.75	585.386
16.42	-7.54	1145.81	502.05400000000003
16.42	-7.54	1144.88	547.5980000000001
16.42	-7.54	1143.95	477.721
16.42	-7.54	1143.02	512.52
16.42	-7.54	1142.09	488.283
16.42	-7.54	1141.16	477.467
16.42	-7.54	1140.22	463.972
16.42	-7.54	1139.29	439.75699999999995
16.42	-7.54	1138.36	498.66
16.42	-7.54	1137.43	498.57199999999995
16.42	-7.54	1136.49	485.083
16.42	-7.54	1135.56	463.561
16.42	-7.54	1134.63	511.70099999999996
16.42	-7.54	1133.69	468.75300000000004
16.42	-7.54	1132.76	495.45099999999996
16.42	-7.54	1131.83	492.685
16.42	-7.54	1130.89	489.921
16.42	-7.54	1129.96	428.27
16.42	-7.54	1129.02	487.07
16.42	-7.54	1128.09	417.415
16.42	-7.54	1127.16	462.82
16.42	-7.54	1126.22	460.06300000000005
16.42	-7.54	1125.29	502.77
16.42	-7.54	1124.35	457.226
16.42	-7.54	1123.42	451.798
16.42	-7.54	1122.48	438.353
16.42	-7.54	1121.55	440.94699999999995
16.42	-7.54	1120.61	480.94800000000004
16.42	-7.54	1119.67	403.39
16.42	-7.54	1118.74	438.041
16.42	-7.54	1117.8	432.62199999999996
16.42	-7.54	1116.87	411.185
16.42	-7.54	1115.93	419.121
16.42	-7.54	1114.99	571.184
16.42	-7.54	1114.06	442.98900000000003
16.42	-7.54	1113.12	485.6
16.42	-7.54	1112.18	485.514
16.42	-7.54	1111.24	520.101
16.42	-7.54	1110.31	488.00800000000004
16.42	-7.54	1109.37	461.259
16.42	-7.54	1108.43	471.84
16.42	-7.54	1107.49	450.43300000000005
16.42	-7.54	1106.55	487.66
16.42	-7.54	1105.62	474.25199999999995
16.42	-7.54	1104.68	434.21
16.42	-7.54	1103.74	444.786
16.42	-7.54	1102.8	463.347
16.42	-7.54	1101.86	465.92699999999996
16.42	-7.54	1100.92	433.9
16.42	-7.54	1099.98	444.469
16.42	-7.54	1099.04	412.458
16.42	-7.54	1098.1	423.027
16.42	-7.54	1097.16	393.69
16.42	-7.54	1096.22	438.833
16.42	-7.54	1095.28	483.96
16.42	-7.54	1094.34	433.36
16.42	-7.54	1093.4	422.65
16.42	-7.54	1092.46	427.89
16.42	-7.54	1091.52	401.241
16.42	-7.54	1090.58	441.02099999999996
16.42	-7.54	1089.64	385.161
16.42	-7.54	1088.7	493.98
16.42	-7.54	1087.76	440.786
16.42	-7.54	1086.81	403.539
16.42	-7.54	1085.87	437.974
16.42	-7.54	1084.93	414.01099999999997
16.42	-7.54	1083.99	445.778
16.42	-7.54	1083.05	397.945
16.42	-7.54	1082.1	413.789
16.42	-7.54	1081.16	424.324
16.42	-7.54	1080.22	410.99
16.42	-7.54	1079.28	450.68300000000005
16.42	-7.54	1078.33	418.795
16.42	-7.54	1077.39	402.82
16.42	-7.54	1076.45	429.245
16.42	-7.54	1075.5	418.57099999999997
16.42	-7.54	1074.56	415.848
16.42	-7.54	1073.61	415.774
16.42	-7.54	1072.67	415.7
16.42	-7.54	1071.73	415.625
16.42	-7.54	1070.78	415.551
16.42	-7.54	1069.84	447.233
16.42	-7.54	1068.89	423.34
16.42	-7.54	1067.95	420.619
16.42	-7.54	1067.0	431.124
16.42	-7.54	1066.06	420.469
16.42	-7.54	1065.11	436.25800000000004
16.42	-7.54	1064.16	420.319
16.42	-7.54	1063.22	433.459
16.42	-7.54	1062.27	404.314
16.42	-7.54	1061.33	438.589
16.42	-7.54	1060.38	417.37699999999995
16.42	-7.54	1059.43	435.791
16.42	-7.54	1058.49	443.635
16.42	-7.54	1057.54	393.392
16.42	-7.54	1056.59	422.35900000000004
16.42	-7.54	1055.65	469.79
16.42	-7.54	1054.7	414.291
16.42	-7.54	1053.75	443.23900000000003
16.42	-7.54	1052.8	406.23
16.42	-7.54	1051.85	456.267
16.42	-7.54	1050.91	400.811
16.42	-7.54	1049.96	390.19300000000004
16.42	-7.54	1049.01	453.38699999999994
16.42	-7.54	1048.06	405.86699999999996
16.42	-7.54	1047.11	432.145
16.42	-7.54	1046.16	424.164
16.42	-7.54	1045.21	429.356
16.42	-7.54	1044.27	416.111
16.42	-7.54	1043.32	413.404
16.42	-7.54	1042.37	423.86
16.42	-7.54	1041.42	450.10699999999997
16.42	-7.54	1040.47	431.60400000000004
16.42	-7.54	1039.52	413.108
16.42	-7.54	1038.57	428.819
16.42	-7.54	1037.62	415.59
16.42	-7.54	1036.67	447.074
16.42	-7.54	1035.71	412.81199999999995
16.42	-7.54	1034.76	446.914
16.42	-7.54	1033.81	433.69199999999995
16.42	-7.54	1032.86	428.35900000000004
16.42	-7.54	1031.91	436.164
16.42	-7.54	1030.96	433.459
16.42	-7.54	1030.01	441.26099999999997
16.42	-7.54	1029.05	430.67800000000005
16.42	-7.54	1028.1	401.719
16.42	-7.54	1027.15	433.149
16.42	-7.54	1026.2	456.69300000000004
16.42	-7.54	1025.24	417.249
16.42	-7.54	1024.29	438.164
16.42	-7.54	1023.34	393.49
16.42	-7.54	1022.39	390.796
16.42	-7.54	1021.43	472.019
16.42	-7.54	1020.48	401.144
16.42	-7.54	1019.52	424.664
16.42	-7.54	1018.57	471.765
16.42	-7.54	1017.62	455.958
16.42	-7.54	1016.66	427.056
16.42	-7.54	1015.71	432.219
16.42	-7.54	1014.75	426.903
16.42	-7.54	1013.8	442.538
16.42	-7.54	1012.84	405.805
16.42	-7.54	1011.89	481.644
16.42	-7.54	1010.93	460.62
16.42	-7.54	1009.98	450.07099999999997
16.42	-7.54	1009.02	395.05
16.42	-7.54	1008.07	381.9
16.42	-7.54	1007.11	405.369
16.42	-7.54	1006.16	436.67400000000004
16.42	-7.54	1005.2	415.681
16.42	-7.54	1004.24	397.309
16.42	-7.54	1003.29	423.37199999999996
16.42	-7.54	1002.33	457.264
16.42	-7.54	1001.37	410.158
16.42	-7.54	1000.41	402.24800000000005
16.42	-7.54	999.4580000000001	394.342
16.42	-7.54	998.5	370.77099999999996
16.42	-7.54	997.543	420.306
16.42	-7.54	996.585	352.36699999999996
16.42	-7.54	995.627	404.49699999999996
16.42	-7.54	994.669	420.08
16.42	-7.54	993.71	406.961
16.42	-7.54	992.752	386.022
16.42	-7.54	991.793	427.67699999999996
16.42	-7.54	990.834	469.31699999999995
16.42	-7.54	989.875	411.88199999999995
16.42	-7.54	988.916	424.84
16.42	-7.54	987.957	432.582
16.42	-7.54	986.997	398.63300000000004
16.42	-7.54	986.0369999999999	411.586
16.42	-7.54	985.078	388.07199999999995
16.42	-7.54	984.118	429.667
16.42	-7.54	983.1569999999999	395.74300000000005
16.42	-7.54	982.197	429.51300000000003
16.42	-7.54	981.2360000000001	416.42199999999997
16.42	-7.54	980.2760000000001	408.541
16.42	-7.54	979.315	437.086
16.42	-7.54	978.3539999999999	384.983
16.42	-7.54	977.3919999999999	387.514
16.42	-7.54	976.431	421.249
16.42	-7.54	975.4689999999999	408.17400000000004
16.42	-7.54	974.508	408.1
16.42	-7.54	973.546	431.417
16.42	-7.54	972.584	389.765
16.42	-7.54	971.6210000000001	355.921
16.42	-7.54	970.659	441.575
16.42	-7.54	969.696	420.719
16.42	-7.54	968.7330000000001	363.519
16.42	-7.54	967.77	381.626
16.42	-7.54	966.807	378.962
16.42	-7.54	965.8439999999999	420.416
16.42	-7.54	964.88	415.151
16.42	-7.54	963.9169999999999	394.32300000000004
16.42	-7.54	962.953	383.87699999999995
16.42	-7.54	961.9889999999999	407.147
16.42	-7.54	961.025	396.70300000000003
16.42	-7.54	960.06	419.963
16.42	-7.54	959.096	396.56
16.42	-7.54	958.1310000000001	370.574
16.42	-7.54	957.166	396.417
16.42	-7.54	956.201	385.98400000000004
16.42	-7.54	955.2360000000001	370.374
16.42	-7.54	954.27	365.12800000000004
16.42	-7.54	953.305	385.776
16.42	-7.54	952.3389999999999	442.656
16.42	-7.54	951.373	380.46
16.42	-7.54	950.4069999999999	411.444
16.42	-7.54	949.441	388.085
16.42	-7.54	948.4739999999999	385.42800000000005
16.42	-7.54	947.508	403.463
16.42	-7.54	946.541	351.67400000000004
16.42	-7.54	945.574	390.39099999999996
16.42	-7.54	944.607	413.585
16.42	-7.54	943.6389999999999	392.835
16.42	-7.54	942.672	416.02
16.42	-7.54	941.704	377.19199999999995
16.42	-7.54	940.7360000000001	390.039
16.42	-7.54	939.768	431.29
16.42	-7.54	938.8	382.152
16.42	-7.54	937.832	387.24699999999996
16.42	-7.54	936.863	428.476
16.42	-7.54	935.8939999999999	412.914
16.42	-7.54	934.926	402.519
16.42	-7.54	933.956	417.925
16.42	-7.54	932.987	441.06300000000005
16.42	-7.54	932.018	386.82800000000003
16.42	-7.54	931.048	420.277
16.42	-7.54	930.078	378.955
16.42	-7.54	929.1080000000001	396.92900000000003
16.42	-7.54	928.138	407.165
16.42	-7.54	927.168	360.714
16.42	-7.54	926.198	368.37699999999995
16.42	-7.54	925.227	412.096
16.42	-7.54	924.2560000000001	422.32199999999995
16.42	-7.54	923.285	381.051
16.42	-7.54	922.314	383.556
16.42	-7.54	921.3430000000001	368.045
16.42	-7.54	920.3710000000001	373.125
16.42	-7.54	919.3989999999999	401.358
16.42	-7.54	918.427	396.14099999999996
16.42	-7.54	917.455	385.782
16.42	-7.54	916.4830000000001	421.712
16.42	-7.54	915.5110000000001	411.353
16.42	-7.54	914.538	398.426
16.42	-7.54	913.565	388.074
16.42	-7.54	912.5930000000001	395.712
16.42	-7.54	911.6189999999999	395.64099999999996
16.42	-7.54	910.6460000000001	364.746
16.42	-7.54	909.673	434.02099999999996
16.42	-7.54	908.699	382.588
16.42	-7.54	907.725	377.384
16.42	-7.54	906.7510000000001	408.11800000000005
16.42	-7.54	905.7769999999999	431.14099999999996
16.42	-7.54	904.803	379.746
16.42	-7.54	903.828	392.504
16.42	-7.54	902.8539999999999	392.43300000000005
16.42	-7.54	901.8789999999999	410.31300000000005
16.42	-7.54	900.904	382.035
16.42	-7.54	899.928	410.165
16.42	-7.54	898.953	397.276
16.42	-7.54	897.977	415.142
16.42	-7.54	897.002	404.81800000000004
16.42	-7.54	896.0260000000001	391.93699999999995
16.42	-7.54	895.05	420.039
16.42	-7.54	894.073	376.431
16.42	-7.54	893.097	396.845
16.42	-7.54	892.12	396.773
16.42	-7.54	891.1439999999999	429.973
16.42	-7.54	890.1669999999999	381.276
16.42	-7.54	889.189	391.441
16.42	-7.54	888.212	409.276
16.42	-7.54	887.235	427.10400000000004
16.42	-7.54	886.257	370.772
16.42	-7.54	885.279	360.47900000000004
16.42	-7.54	884.301	411.536
16.42	-7.54	883.323	449.796
16.42	-7.54	882.3439999999999	373.059
16.42	-7.54	881.3660000000001	406.20300000000003
16.42	-7.54	880.387	375.478
16.42	-7.54	879.408	395.841
16.42	-7.54	878.429	395.769
16.42	-7.54	877.45	362.51
16.42	-7.54	876.47	400.73
16.42	-7.54	875.4910000000001	400.658
16.42	-7.54	874.5110000000001	423.54900000000004
16.42	-7.54	873.5310000000001	397.962
16.42	-7.54	872.551	420.845
16.42	-7.54	871.57	408.01800000000003
16.42	-7.54	870.59	372.249
16.42	-7.54	869.6089999999999	377.28
16.42	-7.54	868.628	410.345
16.42	-7.54	867.6469999999999	379.69199999999995
16.42	-7.54	866.666	394.91
16.42	-7.54	865.684	399.93300000000005
16.42	-7.54	864.703	410.048
16.42	-7.54	863.721	399.788
16.42	-7.54	862.7389999999999	399.715
16.42	-7.54	861.757	417.461
16.42	-7.54	860.775	417.38599999999997
16.42	-7.54	859.7919999999999	356.24
16.42	-7.54	858.81	424.86699999999996
16.42	-7.54	857.827	409.528
16.42	-7.54	856.8439999999999	419.626
16.42	-7.54	855.86	394.12300000000005
16.42	-7.54	854.877	388.967
16.42	-7.54	853.8939999999999	429.565
16.42	-7.54	852.91	447.277
16.42	-7.54	851.926	386.214
16.42	-7.54	850.942	398.846
16.42	-7.54	849.9580000000001	477.51300000000003
16.42	-7.54	848.9730000000001	411.399
16.42	-7.54	847.988	403.707
16.42	-7.54	847.0039999999999	429.02
16.42	-7.54	846.0189999999999	434.01800000000003
16.42	-7.54	845.034	459.316
16.42	-7.54	844.048	416.1
16.42	-7.54	843.063	451.539
16.42	-7.54	842.077	426.094
16.42	-7.54	841.091	367.69300000000004
16.42	-7.54	840.105	362.556
16.42	-7.54	839.1189999999999	403.048
16.42	-7.54	838.132	423.25
16.42	-7.54	837.1460000000001	390.23199999999997
16.42	-7.54	836.159	377.49300000000005
16.42	-7.54	835.172	372.35900000000004
16.42	-7.54	834.185	420.41
16.42	-7.54	833.198	369.691
16.42	-7.54	832.21	415.194
16.42	-7.54	831.222	377.151
16.42	-7.54	830.235	387.205
16.42	-7.54	829.247	377.014
16.42	-7.54	828.258	412.36300000000006
16.42	-7.54	827.27	412.288
16.42	-7.54	826.2810000000001	389.45300000000003
16.42	-7.54	825.293	374.211
16.42	-7.54	824.304	348.86300000000006
16.42	-7.54	823.315	384.185
16.42	-7.54	822.325	406.85900000000004
16.42	-7.54	821.336	356.25300000000004
16.42	-7.54	820.346	404.185
16.42	-7.54	819.3560000000001	346.02
16.42	-7.54	818.3660000000001	398.98800000000006
16.42	-7.54	817.3760000000001	409.014
16.42	-7.54	816.3860000000001	376.124
16.42	-7.54	815.395	376.055
16.42	-7.54	814.405	388.60400000000004
16.42	-7.54	813.414	368.35
16.42	-7.54	812.423	343.05800000000005
16.42	-7.54	811.431	375.782
16.42	-7.54	810.44	345.454
16.42	-7.54	809.448	360.51800000000003
16.42	-7.54	808.456	380.61800000000005
16.42	-7.54	807.4639999999999	355.347
16.42	-7.54	806.472	382.999
16.42	-7.54	805.48	362.775
16.42	-7.54	804.487	360.19
16.42	-7.54	803.495	407.973
16.42	-7.54	802.502	370.131
16.42	-7.54	801.5089999999999	410.342
16.42	-7.54	800.5160000000001	400.2
16.42	-7.54	799.5219999999999	357.346
16.42	-7.54	798.528	397.538
16.42	-7.54	797.535	415.075
16.42	-7.54	796.541	369.726
16.42	-7.54	795.547	407.379
16.42	-7.54	794.552	382.163
16.42	-7.54	793.558	394.662
16.42	-7.54	792.563	404.64300000000003
16.42	-7.54	791.568	412.108
16.42	-7.54	790.573	381.884
16.42	-7.54	789.578	364.231
16.42	-7.54	788.582	336.538
16.42	-7.54	787.587	404.275
16.42	-7.54	786.591	391.648
16.42	-7.54	785.595	351.415
16.42	-7.54	784.5989999999999	371.42800000000005
16.42	-7.54	783.602	376.379
16.42	-7.54	782.6060000000001	393.871
16.42	-7.54	781.6089999999999	381.25800000000004
16.42	-7.54	780.612	348.587
16.42	-7.54	779.615	368.582
16.42	-7.54	778.618	381.05
16.42	-7.54	777.6210000000001	348.39599999999996
16.42	-7.54	776.623	378.405
16.42	-7.54	775.625	395.874
16.42	-7.54	774.627	373.256
16.42	-7.54	773.6289999999999	360.665
16.42	-7.54	772.6310000000001	390.649
16.42	-7.54	771.632	405.6
16.42	-7.54	770.6339999999999	380.494
16.42	-7.54	769.635	357.899
16.42	-7.54	768.6360000000001	417.89
16.42	-7.54	767.6360000000001	375.282
16.42	-7.54	766.637	387.72
16.42	-7.54	765.637	395.152
16.42	-7.54	764.637	377.577
16.42	-7.54	763.638	430.009
16.42	-7.54	762.637	424.931
16.42	-7.54	761.637	457.342
16.42	-7.54	760.6360000000001	399.789
16.42	-7.54	759.6360000000001	429.695
16.42	-7.54	758.635	379.661
16.42	-7.54	757.6339999999999	434.532
16.42	-7.54	756.633	414.478
16.42	-7.54	755.6310000000001	386.94199999999995
16.42	-7.54	754.6289999999999	394.35900000000004
16.42	-7.54	753.628	354.35900000000004
16.42	-7.54	752.6260000000001	404.195
16.42	-7.54	751.623	401.62699999999995
16.42	-7.54	750.6210000000001	414.024
16.42	-7.54	749.6189999999999	386.51800000000003
16.42	-7.54	748.6160000000001	383.954
16.42	-7.54	747.613	396.348
16.42	-7.54	746.61	421.19800000000004
16.42	-7.54	745.607	418.629
16.42	-7.54	744.6030000000001	366.23400000000004
16.42	-7.54	743.5989999999999	393.56699999999995
16.42	-7.54	742.596	400.966
16.42	-7.54	741.592	368.523
16.42	-7.54	740.587	370.945
16.42	-7.54	739.5830000000001	375.855
16.42	-7.54	738.579	368.32099999999997
16.42	-7.54	737.574	398.11199999999997
16.42	-7.54	736.569	400.526
16.42	-7.54	735.564	397.966
16.42	-7.54	734.558	415.301
16.42	-7.54	733.553	415.225
16.42	-7.54	732.547	444.98
16.42	-7.54	731.541	439.92800000000005
16.42	-7.54	730.535	405.05699999999996
16.42	-7.54	729.529	409.952
16.42	-7.54	728.523	385.036
16.42	-7.54	727.5160000000001	399.86699999999996
16.42	-7.54	726.5089999999999	412.21
16.42	-7.54	725.503	355.031
16.42	-7.54	724.495	359.931
16.42	-7.54	723.488	409.50199999999995
16.42	-7.54	722.4810000000001	362.281
16.42	-7.54	721.4730000000001	327.481
16.42	-7.54	720.465	404.316
16.42	-7.54	719.457	381.92199999999997
16.42	-7.54	718.449	381.852
16.42	-7.54	717.44	374.344
16.42	-7.54	716.432	369.31800000000004
16.42	-7.54	715.423	366.773
16.42	-7.54	714.414	389.005
16.42	-7.54	713.405	322.047
16.42	-7.54	712.395	366.57099999999997
16.42	-7.54	711.3860000000001	371.45599999999996
16.42	-7.54	710.3760000000001	334.25
16.42	-7.54	709.3660000000001	383.69800000000004
16.42	-7.54	708.3560000000001	398.477
16.42	-7.54	707.346	373.659
16.42	-7.54	706.335	358.746
16.42	-7.54	705.325	371.048
16.42	-7.54	704.314	395.712
16.42	-7.54	703.303	388.221
16.42	-7.54	702.2919999999999	393.095
16.42	-7.54	701.28	380.663
16.42	-7.54	700.2689999999999	368.236
16.42	-7.54	699.257	368.16900000000004
16.42	-7.54	698.245	375.51300000000003
16.42	-7.54	697.2330000000001	355.684
16.42	-7.54	696.22	375.375
16.42	-7.54	695.2080000000001	362.96
16.42	-7.54	694.195	348.082
16.42	-7.54	693.182	387.509
16.42	-7.54	692.169	365.228
16.42	-7.54	691.1560000000001	355.292
16.42	-7.54	690.143	372.495
16.42	-7.54	689.1289999999999	362.561
16.42	-7.54	688.115	357.56199999999995
16.42	-7.54	687.1010000000001	325.445
16.42	-7.54	686.087	372.221
16.42	-7.54	685.073	377.082
16.42	-7.54	684.058	381.941
16.42	-7.54	683.043	404.04400000000004
16.42	-7.54	682.028	413.82300000000004
16.42	-7.54	681.013	403.89599999999996
16.42	-7.54	679.998	401.35900000000004
16.42	-7.54	678.9830000000001	403.74699999999996
16.42	-7.54	677.967	366.75199999999995
16.42	-7.54	676.951	361.76199999999994
16.42	-7.54	675.935	376.459
16.42	-7.54	674.919	381.31
16.42	-7.54	673.9019999999999	418.134
16.42	-7.54	672.8860000000001	356.57800000000003
16.42	-7.54	671.8689999999999	356.51300000000003
16.42	-7.54	670.852	395.779
16.42	-7.54	669.835	371.12800000000004
16.42	-7.54	668.817	358.773
16.42	-7.54	667.8	368.535
16.42	-7.54	666.7819999999999	380.749
16.42	-7.54	665.7639999999999	415.06300000000005
16.42	-7.54	664.7460000000001	400.254
16.42	-7.54	663.7280000000001	355.98900000000003
16.42	-7.54	662.709	375.56
16.42	-7.54	661.691	419.666
16.42	-7.54	660.672	353.338
16.42	-7.54	659.653	404.792
16.42	-7.54	658.6339999999999	375.284
16.42	-7.54	657.6139999999999	404.64300000000003
16.42	-7.54	656.595	399.665
16.42	-7.54	655.575	377.528
16.42	-7.54	654.555	372.55699999999996
16.42	-7.54	653.535	379.84
16.42	-7.54	652.514	418.972
16.42	-7.54	651.494	367.45099999999996
16.42	-7.54	650.4730000000001	377.181
16.42	-7.54	649.452	401.599
16.42	-7.54	648.431	406.42199999999997
16.42	-7.54	647.41	403.899
16.42	-7.54	646.388	394.035
16.42	-7.54	645.366	389.06800000000004
16.42	-7.54	644.345	381.657
16.42	-7.54	643.323	371.80300000000005
16.42	-7.54	642.3	371.73400000000004
16.42	-7.54	641.278	349.659
16.42	-7.54	640.255	393.6
16.42	-7.54	639.232	422.858
16.42	-7.54	638.2090000000001	413.005
16.42	-7.54	637.186	386.05199999999996
16.42	-7.54	636.163	398.195
16.42	-7.54	635.139	373.69699999999995
16.42	-7.54	634.116	398.048
16.42	-7.54	633.092	319.845
16.42	-7.54	632.068	375.93199999999996
16.42	-7.54	631.043	385.625
16.42	-7.54	630.019	397.755
16.42	-7.54	628.994	373.284
16.42	-7.54	627.969	402.48699999999997
16.42	-7.54	626.944	360.952
16.42	-7.54	625.919	351.13199999999995
16.42	-7.54	624.893	392.51199999999994
16.42	-7.54	623.868	368.065
16.42	-7.54	622.842	414.301
16.42	-7.54	621.816	409.351
16.42	-7.54	620.79	375.17
16.42	-7.54	619.763	392.15
16.42	-7.54	618.737	375.031
16.42	-7.54	617.71	372.527
16.42	-7.54	616.683	411.408
16.42	-7.54	615.656	399.163
16.42	-7.54	614.629	416.12300000000005
16.42	-7.54	613.601	386.85
16.42	-7.54	612.573	391.644
16.42	-7.54	611.545	374.54699999999997
16.42	-7.54	610.5169999999999	367.18300000000005
16.42	-7.54	609.489	350.096
16.42	-7.54	608.461	367.04699999999997
16.42	-7.54	607.432	422.87699999999995
16.42	-7.54	606.403	379.061
16.42	-7.54	605.374	349.838
16.42	-7.54	604.345	344.915
16.42	-7.54	603.315	371.565
16.42	-7.54	602.286	366.64
16.42	-7.54	601.256	378.711
16.42	-7.54	600.226	364.07800000000003
