10.56	-12.68	1799.66	403.43
10.56	-12.68	1798.84	357.525
10.56	-12.68	1798.03	363.57599999999996
10.56	-12.68	1797.21	436.82800000000003
10.56	-12.68	1796.39	348.18199999999996
10.56	-12.68	1795.57	360.338
10.56	-12.68	1794.75	390.809
10.56	-12.68	1793.93	372.42699999999996
10.56	-12.68	1793.11	396.781
10.56	-12.68	1792.29	427.231
10.56	-12.68	1791.47	433.26099999999997
10.56	-12.68	1790.65	408.783
10.56	-12.68	1789.84	384.31300000000005
10.56	-12.68	1789.02	408.645
10.56	-12.68	1788.2	384.18300000000005
10.56	-12.68	1787.38	417.652
10.56	-12.68	1786.56	359.66900000000004
10.56	-12.68	1785.73	408.369
10.56	-12.68	1784.91	393.064
10.56	-12.68	1784.09	417.37
10.56	-12.68	1783.27	402.07
10.56	-12.68	1782.45	414.18300000000005
10.56	-12.68	1781.63	438.473
10.56	-12.68	1780.81	407.955
10.56	-12.68	1779.99	347.00699999999995
10.56	-12.68	1779.17	374.339
10.56	-12.68	1778.35	401.662
10.56	-12.68	1777.52	407.67900000000003
10.56	-12.68	1776.7	361.98199999999997
10.56	-12.68	1775.88	392.334
10.56	-12.68	1775.06	398.349
10.56	-12.68	1774.24	434.76599999999996
10.56	-12.68	1773.41	446.852
10.56	-12.68	1772.59	413.344
10.56	-12.68	1771.77	376.809
10.56	-12.68	1770.95	434.472
10.56	-12.68	1770.12	440.474
10.56	-12.68	1769.3	422.176
10.56	-12.68	1768.48	385.664
10.56	-12.68	1767.65	391.671
10.56	-12.68	1766.83	449.283
10.56	-12.68	1766.01	394.574
10.56	-12.68	1765.18	397.542
10.56	-12.68	1764.36	436.918
10.56	-12.68	1763.53	403.474
10.56	-12.68	1762.71	418.57199999999995
10.56	-12.68	1761.88	397.272
10.56	-12.68	1761.06	357.788
10.56	-12.68	1760.24	421.39099999999996
10.56	-12.68	1759.41	442.537
10.56	-12.68	1758.59	412.156
10.56	-12.68	1757.76	390.876
10.56	-12.68	1756.94	424.135
10.56	-12.68	1756.11	396.80199999999996
10.56	-12.68	1755.28	399.76300000000003
10.56	-12.68	1754.46	399.695
10.56	-12.68	1753.63	396.6
10.56	-12.68	1752.81	402.587
10.56	-12.68	1751.98	402.519
10.56	-12.68	1751.16	426.658
10.56	-12.68	1750.33	405.408
10.56	-12.68	1749.5	420.464
10.56	-12.68	1748.68	414.344
10.56	-12.68	1747.85	453.584
10.56	-12.68	1747.02	429.32
10.56	-12.68	1746.2	411.11
10.56	-12.68	1745.37	398.95099999999996
10.56	-12.68	1744.54	420.036
10.56	-12.68	1743.71	462.264
10.56	-12.68	1742.89	404.79
10.56	-12.68	1742.06	416.80199999999996
10.56	-12.68	1741.23	449.949
10.56	-12.68	1740.4	434.777
10.56	-12.68	1739.57	422.62800000000004
10.56	-12.68	1738.75	434.629
10.56	-12.68	1737.92	398.343
10.56	-12.68	1737.09	449.56800000000004
10.56	-12.68	1736.26	434.408
10.56	-12.68	1735.43	473.545
10.56	-12.68	1734.6	410.135
10.56	-12.68	1733.77	416.096
10.56	-12.68	1732.94	413.01099999999997
10.56	-12.68	1732.11	412.941
10.56	-12.68	1731.28	406.843
10.56	-12.68	1730.45	445.945
10.56	-12.68	1729.62	466.958
10.56	-12.68	1728.8	430.733
10.56	-12.68	1727.96	454.75300000000004
10.56	-12.68	1727.13	427.57599999999996
10.56	-12.68	1726.3	457.60900000000004
10.56	-12.68	1725.47	421.411
10.56	-12.68	1724.64	430.36800000000005
10.56	-12.68	1723.81	409.231
10.56	-12.68	1722.98	430.222
10.56	-12.68	1722.15	445.189
10.56	-12.68	1721.32	454.13599999999997
10.56	-12.68	1720.49	366.855
10.56	-12.68	1719.66	435.94199999999995
10.56	-12.68	1718.82	495.98800000000006
10.56	-12.68	1717.99	456.833
10.56	-12.68	1717.16	426.705
10.56	-12.68	1716.33	405.602
10.56	-12.68	1715.5	408.537
10.56	-12.68	1714.66	414.474
10.56	-12.68	1713.83	441.43
10.56	-12.68	1713.0	402.324
10.56	-12.68	1712.17	423.269
10.56	-12.68	1711.33	444.207
10.56	-12.68	1710.5	426.126
10.56	-12.68	1709.67	441.055
10.56	-12.68	1708.83	404.98199999999997
10.56	-12.68	1708.0	428.908
10.56	-12.68	1707.17	413.841
10.56	-12.68	1706.33	449.75
10.56	-12.68	1705.5	416.69800000000004
10.56	-12.68	1704.66	464.584
10.56	-12.68	1703.83	398.575
10.56	-12.68	1703.0	431.467
10.56	-12.68	1702.16	467.343
10.56	-12.68	1701.33	449.292
10.56	-12.68	1700.49	434.241
10.56	-12.68	1699.66	455.12699999999995
10.56	-12.68	1698.82	455.05
10.56	-12.68	1697.99	431.027
10.56	-12.68	1697.15	457.88800000000003
10.56	-12.68	1696.32	439.85699999999997
10.56	-12.68	1695.48	478.67400000000004
10.56	-12.68	1694.64	394.839
10.56	-12.68	1693.81	481.50199999999995
10.56	-12.68	1692.97	472.449
10.56	-12.68	1692.14	481.338
10.56	-12.68	1691.3	457.343
10.56	-12.68	1690.46	457.265
10.56	-12.68	1689.63	469.14
10.56	-12.68	1688.79	436.19599999999997
10.56	-12.68	1687.95	474.954
10.56	-12.68	1687.12	456.95300000000003
10.56	-12.68	1686.28	480.765
10.56	-12.68	1685.44	471.726
10.56	-12.68	1684.6	450.75
10.56	-12.68	1683.77	450.673
10.56	-12.68	1682.93	450.596
10.56	-12.68	1682.09	516.158
10.56	-12.68	1681.25	486.24
10.56	-12.68	1680.41	495.10400000000004
10.56	-12.68	1679.58	474.14599999999996
10.56	-12.68	1678.74	453.194
10.56	-12.68	1677.9	506.776
10.56	-12.68	1677.06	506.689
10.56	-12.68	1676.22	509.583
10.56	-12.68	1675.38	437.98800000000006
10.56	-12.68	1674.54	500.472
10.56	-12.68	1673.7	542.086
10.56	-12.68	1672.86	488.39
10.56	-12.68	1672.02	512.126
10.56	-12.68	1671.18	559.67
10.56	-12.68	1670.34	473.25800000000004
10.56	-12.68	1669.5	488.05699999999996
10.56	-12.68	1668.66	511.777
10.56	-12.68	1667.82	538.464
10.56	-12.68	1666.98	475.909
10.56	-12.68	1666.14	556.124
10.56	-12.68	1665.3	526.295
10.56	-12.68	1664.46	547.016
10.56	-12.68	1663.62	573.674
10.56	-12.68	1662.78	537.913
10.56	-12.68	1661.94	546.736
10.56	-12.68	1661.1	516.934
10.56	-12.68	1660.25	588.135
10.56	-12.68	1659.41	555.366
10.56	-12.68	1658.57	573.087
10.56	-12.68	1657.73	522.519
10.56	-12.68	1656.89	546.1759999999999
10.56	-12.68	1656.04	578.729
10.56	-12.68	1655.2	575.663
10.56	-12.68	1654.36	560.731
10.56	-12.68	1653.52	581.399
10.56	-12.68	1652.67	578.3340000000001
10.56	-12.68	1651.83	572.305
10.56	-12.68	1650.99	575.172
10.56	-12.68	1650.14	566.181
10.56	-12.68	1649.3	542.374
10.56	-12.68	1648.46	586.731
10.56	-12.68	1647.61	586.63
10.56	-12.68	1646.77	577.643
10.56	-12.68	1645.92	633.818
10.56	-12.68	1645.08	583.369
10.56	-12.68	1644.24	672.092
10.56	-12.68	1643.39	583.169
10.56	-12.68	1642.55	624.506
10.56	-12.68	1641.7	606.644
10.56	-12.68	1640.86	650.9209999999999
10.56	-12.68	1640.01	624.186
10.56	-12.68	1639.17	627.0369999999999
10.56	-12.68	1638.32	691.9889999999999
10.56	-12.68	1637.48	756.918
10.56	-12.68	1636.63	623.759
10.56	-12.68	1635.78	673.9
10.56	-12.68	1634.94	682.65
10.56	-12.68	1634.09	700.2610000000001
10.56	-12.68	1633.25	706.05
10.56	-12.68	1632.4	723.6510000000001
10.56	-12.68	1631.55	714.668
10.56	-12.68	1630.71	752.931
10.56	-12.68	1629.86	835.4630000000001
10.56	-12.68	1629.01	779.238
10.56	-12.68	1628.16	790.909
10.56	-12.68	1627.32	832.0830000000001
10.56	-12.68	1626.47	805.39
10.56	-12.68	1625.62	814.1010000000001
10.56	-12.68	1624.77	858.198
10.56	-12.68	1623.93	852.154
10.56	-12.68	1623.08	854.957
10.56	-12.68	1622.23	866.6010000000001
10.56	-12.68	1621.38	822.2460000000001
10.56	-12.68	1620.53	898.717
10.56	-12.68	1619.69	869.102
10.56	-12.68	1618.84	866.008
10.56	-12.68	1617.99	910.0360000000001
10.56	-12.68	1617.14	868.6560000000001
10.56	-12.68	1616.29	850.8430000000001
10.56	-12.68	1615.44	850.697
10.56	-12.68	1614.59	903.5269999999999
10.56	-12.68	1613.74	944.568
10.56	-12.68	1612.89	850.26
10.56	-12.68	1612.04	855.998
10.56	-12.68	1611.19	899.967
10.56	-12.68	1610.34	926.278
10.56	-12.68	1609.49	920.2389999999999
10.56	-12.68	1608.64	867.169
10.56	-12.68	1607.79	937.558
10.56	-12.68	1606.94	875.688
10.56	-12.68	1606.09	946.051
10.56	-12.68	1605.24	948.827
10.56	-12.68	1604.39	904.6080000000001
10.56	-12.68	1603.54	983.74
10.56	-12.68	1602.68	971.827
10.56	-12.68	1601.83	945.2410000000001
10.56	-12.68	1600.98	968.559
10.56	-12.68	1600.13	988.935
10.56	-12.68	1599.28	956.4910000000001
10.56	-12.68	1598.42	929.925
10.56	-12.68	1597.57	874.039
10.56	-12.68	1596.72	961.8639999999999
10.56	-12.68	1595.87	958.7669999999999
10.56	-12.68	1595.01	958.6030000000001
10.56	-12.68	1594.16	902.7489999999999
10.56	-12.68	1593.31	990.5089999999999
10.56	-12.68	1592.45	946.39
10.56	-12.68	1591.6	940.368
10.56	-12.68	1590.75	937.278
10.56	-12.68	1589.89	904.904
10.56	-12.68	1589.04	907.676
10.56	-12.68	1588.19	922.158
10.56	-12.68	1587.33	939.562
10.56	-12.68	1586.48	924.768
10.56	-12.68	1585.62	950.943
10.56	-12.68	1584.77	939.078
10.56	-12.68	1583.91	918.442
10.56	-12.68	1583.06	891.9639999999999
10.56	-12.68	1582.2	804.092
10.56	-12.68	1581.35	947.204
10.56	-12.68	1580.49	932.427
10.56	-12.68	1579.64	903.0419999999999
10.56	-12.68	1578.78	929.184
10.56	-12.68	1577.93	850.145
10.56	-12.68	1577.07	826.632
10.56	-12.68	1576.21	884.8989999999999
10.56	-12.68	1575.36	861.387
10.56	-12.68	1574.5	852.4810000000001
10.56	-12.68	1573.65	899.038
10.56	-12.68	1572.79	895.965
10.56	-12.68	1571.93	936.6619999999999
10.56	-12.68	1571.08	878.153
10.56	-12.68	1570.22	927.59
10.56	-12.68	1569.36	930.347
10.56	-12.68	1568.5	947.683
10.56	-12.68	1567.65	962.097
10.56	-12.68	1566.79	979.421
10.56	-12.68	1565.93	1043.37
10.56	-12.68	1565.07	1089.81
10.56	-12.68	1564.21	1060.49
10.56	-12.68	1563.36	1162.26
10.56	-12.68	1562.5	1234.87
10.56	-12.68	1561.64	1196.81
10.56	-12.68	1560.78	1254.83
10.56	-12.68	1559.92	1274.99
10.56	-12.68	1559.06	1222.38
10.56	-12.68	1558.2	1251.27
10.56	-12.68	1557.34	1251.06
10.56	-12.68	1556.49	1245.02
10.56	-12.68	1555.63	1111.02
10.56	-12.68	1554.77	1198.07
10.56	-12.68	1553.91	1128.08
10.56	-12.68	1553.05	1029.06
10.56	-12.68	1552.19	1005.63
10.56	-12.68	1551.33	1011.27
10.56	-12.68	1550.47	906.4960000000001
10.56	-12.68	1549.6	848.2410000000001
10.56	-12.68	1548.74	853.904
10.56	-12.68	1547.88	906.028
10.56	-12.68	1547.02	830.383
10.56	-12.68	1546.16	841.8510000000001
10.56	-12.68	1545.3	801.072
10.56	-12.68	1544.44	809.64
10.56	-12.68	1543.58	734.064
10.56	-12.68	1542.71	768.748
10.56	-12.68	1541.85	690.304
10.56	-12.68	1540.99	751.084
10.56	-12.68	1540.13	713.262
10.56	-12.68	1539.27	736.331
10.56	-12.68	1538.4	713.0160000000001
10.56	-12.68	1537.54	718.689
10.56	-12.68	1536.68	715.668
10.56	-12.68	1535.81	770.587
10.56	-12.68	1534.95	663.2860000000001
10.56	-12.68	1534.09	628.42
10.56	-12.68	1533.23	677.534
10.56	-12.68	1532.36	694.7869999999999
10.56	-12.68	1531.5	703.3510000000001
10.56	-12.68	1530.63	697.442
10.56	-12.68	1529.77	679.961
10.56	-12.68	1528.91	734.81
10.56	-12.68	1528.04	786.747
10.56	-12.68	1527.18	717.205
10.56	-12.68	1526.31	696.841
10.56	-12.68	1525.45	740.085
10.56	-12.68	1524.58	653.244
10.56	-12.68	1523.72	722.49
10.56	-12.68	1522.85	699.25
10.56	-12.68	1521.99	676.018
10.56	-12.68	1521.12	707.674
10.56	-12.68	1520.26	721.992
10.56	-12.68	1519.39	744.967
10.56	-12.68	1518.52	632.247
10.56	-12.68	1517.66	718.732
10.56	-12.68	1516.79	663.7739999999999
10.56	-12.68	1515.93	686.7439999999999
10.56	-12.68	1515.06	698.165
10.56	-12.68	1514.19	663.431
10.56	-12.68	1513.33	692.1560000000001
10.56	-12.68	1512.46	668.9689999999999
10.56	-12.68	1511.59	703.449
10.56	-12.68	1510.72	711.975
10.56	-12.68	1509.86	668.623
10.56	-12.68	1508.99	688.678
10.56	-12.68	1508.12	714.488
10.56	-12.68	1507.25	697.081
10.56	-12.68	1506.38	676.801
10.56	-12.68	1505.52	688.202
10.56	-12.68	1504.65	716.873
10.56	-12.68	1503.78	708.1139999999999
10.56	-12.68	1502.91	731.0160000000001
10.56	-12.68	1502.04	633.054
10.56	-12.68	1501.17	693.362
10.56	-12.68	1500.3	670.23
10.56	-12.68	1499.44	684.4939999999999
10.56	-12.68	1498.57	707.38
10.56	-12.68	1497.7	672.758
10.56	-12.68	1496.83	710.0110000000001
10.56	-12.68	1495.96	718.51
10.56	-12.68	1495.09	724.133
10.56	-12.68	1494.22	675.166
10.56	-12.68	1493.35	672.177
10.56	-12.68	1492.48	709.3969999999999
10.56	-12.68	1491.61	746.605
10.56	-12.68	1490.73	703.41
10.56	-12.68	1489.86	688.936
10.56	-12.68	1488.99	665.8560000000001
10.56	-12.68	1488.12	711.654
10.56	-12.68	1487.25	748.829
10.56	-12.68	1486.38	705.671
10.56	-12.68	1485.51	771.515
10.56	-12.68	1484.63	691.0889999999999
10.56	-12.68	1483.76	759.779
10.56	-12.68	1482.89	753.915
10.56	-12.68	1482.02	825.437
10.56	-12.68	1481.15	745.057
10.56	-12.68	1480.27	822.2860000000001
10.56	-12.68	1479.4	804.956
10.56	-12.68	1478.53	844.915
10.56	-12.68	1477.65	959.313
10.56	-12.68	1476.78	962.01
10.56	-12.68	1475.91	970.432
10.56	-12.68	1475.03	970.2639999999999
10.56	-12.68	1474.16	952.926
10.56	-12.68	1473.29	1015.71
10.56	-12.68	1472.41	1115.65
10.56	-12.68	1471.54	1112.6
10.56	-12.68	1470.67	1009.46
10.56	-12.68	1469.79	1115.07
10.56	-12.68	1468.92	1092.01
10.56	-12.68	1468.04	1106.11
10.56	-12.68	1467.17	1068.77
10.56	-12.68	1466.29	1060.02
10.56	-12.68	1465.42	1036.98
10.56	-12.68	1464.54	1088.21
10.56	-12.68	1463.67	1008.06
10.56	-12.68	1462.79	996.466
10.56	-12.68	1461.91	1004.86
10.56	-12.68	1461.04	978.9960000000001
10.56	-12.68	1460.16	933.1669999999999
10.56	-12.68	1459.29	915.8860000000001
10.56	-12.68	1458.41	935.696
10.56	-12.68	1457.53	929.829
10.56	-12.68	1456.66	884.04
10.56	-12.68	1455.78	841.118
10.56	-12.68	1454.9	832.42
10.56	-12.68	1454.03	815.175
10.56	-12.68	1453.15	880.578
10.56	-12.68	1452.27	843.385
10.56	-12.68	1451.39	789.112
10.56	-12.68	1450.52	817.4580000000001
10.56	-12.68	1449.64	842.946
10.56	-12.68	1448.76	834.258
10.56	-12.68	1447.88	848.347
10.56	-12.68	1447.0	802.659
10.56	-12.68	1446.13	819.595
10.56	-12.68	1445.25	816.607
10.56	-12.68	1444.37	825.0
10.56	-12.68	1443.49	753.7489999999999
10.56	-12.68	1442.61	796.275
10.56	-12.68	1441.73	784.7639999999999
10.56	-12.68	1440.85	784.628
10.56	-12.68	1439.97	784.492
10.56	-12.68	1439.09	741.727
10.56	-12.68	1438.21	761.488
10.56	-12.68	1437.33	767.038
10.56	-12.68	1436.45	758.3839999999999
10.56	-12.68	1435.57	729.8530000000001
10.56	-12.68	1434.69	752.442
10.56	-12.68	1433.81	712.566
10.56	-12.68	1432.93	672.705
10.56	-12.68	1432.05	743.5360000000001
10.56	-12.68	1431.17	720.707
10.56	-12.68	1430.29	683.702
10.56	-12.68	1429.41	700.602
10.56	-12.68	1428.52	754.363
10.56	-12.68	1427.64	703.194
10.56	-12.68	1426.76	703.072
10.56	-12.68	1425.88	702.95
10.56	-12.68	1425.0	699.9939999999999
10.56	-12.68	1424.11	762.209
10.56	-12.68	1423.23	753.577
10.56	-12.68	1422.35	705.294
10.56	-12.68	1421.47	750.4830000000001
10.56	-12.68	1420.58	778.668
10.56	-12.68	1419.7	713.419
10.56	-12.68	1418.82	764.245
10.56	-12.68	1417.93	727.321
10.56	-12.68	1417.05	718.706
10.56	-12.68	1416.17	809.1110000000001
10.56	-12.68	1415.28	707.1419999999999
10.56	-12.68	1414.4	755.097
10.56	-12.68	1413.51	760.62
10.56	-12.68	1412.63	819.857
10.56	-12.68	1411.75	751.8760000000001
10.56	-12.68	1410.86	715.0060000000001
10.56	-12.68	1409.98	729.01
10.56	-12.68	1409.09	779.735
10.56	-12.68	1408.21	799.372
10.56	-12.68	1407.32	717.3330000000001
10.56	-12.68	1406.44	765.21
10.56	-12.68	1405.55	821.54
10.56	-12.68	1404.66	807.284
10.56	-12.68	1403.78	801.4989999999999
10.56	-12.68	1402.89	840.863
10.56	-12.68	1402.01	863.2860000000001
10.56	-12.68	1401.12	778.515
10.56	-12.68	1400.23	741.717
10.56	-12.68	1399.35	789.523
10.56	-12.68	1398.46	876.7819999999999
10.56	-12.68	1397.57	848.441
10.56	-12.68	1396.69	811.6560000000001
10.56	-12.68	1395.8	786.155
10.56	-12.68	1394.91	839.547
10.56	-12.68	1394.02	814.049
10.56	-12.68	1393.14	788.561
10.56	-12.68	1392.25	794.055
10.56	-12.68	1391.36	816.439
10.56	-12.68	1390.47	799.408
10.56	-12.68	1389.58	782.383
10.56	-12.68	1388.7	807.571
10.56	-12.68	1387.81	838.377
10.56	-12.68	1386.92	841.044
10.56	-12.68	1386.03	835.273
10.56	-12.68	1385.14	871.682
10.56	-12.68	1384.25	775.943
10.56	-12.68	1383.36	877.0
10.56	-12.68	1382.47	862.795
10.56	-12.68	1381.58	865.454
10.56	-12.68	1380.69	848.447
10.56	-12.68	1379.8	865.153
10.56	-12.68	1378.91	923.9789999999999
10.56	-12.68	1378.02	822.732
10.56	-12.68	1377.13	828.203
10.56	-12.68	1376.24	943.145
10.56	-12.68	1375.35	872.818
10.56	-12.68	1374.46	945.622
10.56	-12.68	1373.57	906.18
10.56	-12.68	1372.68	894.802
10.56	-12.68	1371.78	945.127
10.56	-12.68	1370.89	950.57
10.56	-12.68	1370.0	925.172
10.56	-12.68	1369.11	930.617
10.56	-12.68	1368.22	910.837
10.56	-12.68	1367.33	1033.97
10.56	-12.68	1366.43	946.94
10.56	-12.68	1365.54	969.183
10.56	-12.68	1364.65	1050.23
10.56	-12.68	1363.76	1055.65
10.56	-12.68	1362.86	993.873
10.56	-12.68	1361.97	1004.9
10.56	-12.68	1361.08	1080.28
10.56	-12.68	1360.18	1144.45
10.56	-12.68	1359.29	1175.03
10.56	-12.68	1358.4	1146.85
10.56	-12.68	1357.5	1171.82
10.56	-12.68	1356.61	1202.37
10.56	-12.68	1355.71	1168.62
10.56	-12.68	1354.82	1201.95
10.56	-12.68	1353.92	1212.92
10.56	-12.68	1353.03	1254.63
10.56	-12.68	1352.13	1151.04
10.56	-12.68	1351.24	1150.84
10.56	-12.68	1350.34	1078.02
10.56	-12.68	1349.45	1147.64
10.56	-12.68	1348.55	1208.86
10.56	-12.68	1347.66	1144.45
10.56	-12.68	1346.76	1163.79
10.56	-12.68	1345.87	1102.19
10.56	-12.68	1344.97	1146.64
10.56	-12.68	1344.07	1076.7
10.56	-12.68	1343.18	1143.45
10.56	-12.68	1342.28	1171.13
10.56	-12.68	1341.38	1109.59
10.56	-12.68	1340.49	1154.0
10.56	-12.68	1339.59	1125.93
10.56	-12.68	1338.69	1164.74
10.56	-12.68	1337.8	1133.89
10.56	-12.68	1336.9	1181.05
10.56	-12.68	1336.0	1091.72
10.56	-12.68	1335.1	1197.34
10.56	-12.68	1334.2	1149.8
10.56	-12.68	1333.31	1132.9
10.56	-12.68	1332.41	1177.23
10.56	-12.68	1331.51	1213.2
10.56	-12.68	1330.61	1207.42
10.56	-12.68	1329.71	1140.45
10.56	-12.68	1328.81	1204.22
10.56	-12.68	1327.91	1115.03
10.56	-12.68	1327.02	1226.04
10.56	-12.68	1326.12	1142.43
10.56	-12.68	1325.22	1211.71
10.56	-12.68	1324.32	1117.03
10.56	-12.68	1323.42	1164.06
10.56	-12.68	1322.52	1119.41
10.56	-12.68	1321.62	1160.87
10.56	-12.68	1320.72	1166.23
10.56	-12.68	1319.82	1138.26
10.56	-12.68	1318.91	1201.9
10.56	-12.68	1318.01	1218.34
10.56	-12.68	1317.11	1121.01
10.56	-12.68	1316.21	1145.78
10.56	-12.68	1315.31	1076.24
10.56	-12.68	1314.41	1125.97
10.56	-12.68	1313.51	1170.14
10.56	-12.68	1312.61	1189.34
10.56	-12.68	1311.7	1178.04
10.56	-12.68	1310.8	1175.07
10.56	-12.68	1309.9	1172.09
10.56	-12.68	1309.0	1202.36
10.56	-12.68	1308.09	1163.37
10.56	-12.68	1307.19	1141.01
10.56	-12.68	1306.29	1157.42
10.56	-12.68	1305.39	1151.68
10.56	-12.68	1304.48	1148.71
10.56	-12.68	1303.58	1090.39
10.56	-12.68	1302.68	1123.41
10.56	-12.68	1301.77	1123.21
10.56	-12.68	1300.87	1164.5
10.56	-12.68	1299.96	1070.27
10.56	-12.68	1299.06	1070.08
10.56	-12.68	1298.16	1105.83
10.56	-12.68	1297.25	1116.7
10.56	-12.68	1296.35	1055.7
10.56	-12.68	1295.44	961.569
10.56	-12.68	1294.54	1002.84
10.56	-12.68	1293.63	1052.38
10.56	-12.68	1292.73	966.586
10.56	-12.68	1291.82	1016.12
10.56	-12.68	1290.92	1007.66
10.56	-12.68	1290.01	1021.28
10.56	-12.68	1289.1	918.992
10.56	-12.68	1288.2	927.1089999999999
10.56	-12.68	1287.29	926.946
10.56	-12.68	1286.39	935.058
10.56	-12.68	1285.48	882.4960000000001
10.56	-12.68	1284.57	879.5830000000001
10.56	-12.68	1283.67	942.836
10.56	-12.68	1282.76	920.62
10.56	-12.68	1281.85	912.19
10.56	-12.68	1280.94	909.275
10.56	-12.68	1280.04	964.2130000000001
10.56	-12.68	1279.13	919.9730000000001
10.56	-12.68	1278.22	895.0260000000001
10.56	-12.68	1277.31	911.3889999999999
10.56	-12.68	1276.41	941.512
10.56	-12.68	1275.5	919.327
10.56	-12.68	1274.59	954.941
10.56	-12.68	1273.68	905.2460000000001
10.56	-12.68	1272.77	946.352
10.56	-12.68	1271.86	891.175
10.56	-12.68	1270.95	968.02
10.56	-12.68	1270.04	896.3610000000001
10.56	-12.68	1269.13	863.2139999999999
10.56	-12.68	1268.23	959.2639999999999
10.56	-12.68	1267.32	956.347
10.56	-12.68	1266.41	958.926
10.56	-12.68	1265.5	947.7689999999999
10.56	-12.68	1264.59	906.4019999999999
10.56	-12.68	1263.67	944.69
10.56	-12.68	1262.76	911.575
10.56	-12.68	1261.85	875.727
10.56	-12.68	1260.94	916.7439999999999
10.56	-12.68	1260.03	842.487
10.56	-12.68	1259.12	809.414
10.56	-12.68	1258.21	792.812
10.56	-12.68	1257.3	831.072
10.56	-12.68	1256.39	841.895
10.56	-12.68	1255.47	781.426
10.56	-12.68	1254.56	803.2189999999999
10.56	-12.68	1253.65	729.074
10.56	-12.68	1252.74	781.013
10.56	-12.68	1251.83	802.795
10.56	-12.68	1250.91	750.605
10.56	-12.68	1250.0	758.689
10.56	-12.68	1249.09	766.7710000000001
10.56	-12.68	1248.17	780.326
10.56	-12.68	1247.26	780.189
10.56	-12.68	1246.35	848.477
10.56	-12.68	1245.43	818.225
10.56	-12.68	1244.52	820.817
10.56	-12.68	1243.61	853.5
10.56	-12.68	1242.69	825.998
10.56	-12.68	1241.78	850.4639999999999
10.56	-12.68	1240.86	822.9730000000001
10.56	-12.68	1239.95	858.3660000000001
10.56	-12.68	1239.03	866.414
10.56	-12.68	1238.12	918.182
10.56	-12.68	1237.2	912.556
10.56	-12.68	1236.29	904.2
10.56	-12.68	1235.37	873.997
10.56	-12.68	1234.46	849.2660000000001
10.56	-12.68	1233.54	816.3530000000001
10.56	-12.68	1232.63	805.29
10.56	-12.68	1231.71	734.186
10.56	-12.68	1230.8	764.073
10.56	-12.68	1229.88	810.321
10.56	-12.68	1228.96	733.797
10.56	-12.68	1228.05	744.578
10.56	-12.68	1227.13	733.539
10.56	-12.68	1226.21	706.145
10.56	-12.68	1225.3	692.3910000000001
10.56	-12.68	1224.38	724.9739999999999
10.56	-12.68	1223.46	752.096
10.56	-12.68	1222.54	746.5139999999999
10.56	-12.68	1221.63	653.766
10.56	-12.68	1220.71	699.951
10.56	-12.68	1219.79	683.4889999999999
10.56	-12.68	1218.87	688.813
10.56	-12.68	1217.95	696.8580000000001
10.56	-12.68	1217.03	710.3430000000001
10.56	-12.68	1216.12	661.237
10.56	-12.68	1215.2	672.003
10.56	-12.68	1214.28	764.3710000000001
10.56	-12.68	1213.36	720.72
10.56	-12.68	1212.44	799.451
10.56	-12.68	1211.52	750.372
10.56	-12.68	1210.6	766.549
10.56	-12.68	1209.68	796.309
10.56	-12.68	1208.76	842.363
10.56	-12.68	1207.84	820.4789999999999
10.56	-12.68	1206.92	866.512
10.56	-12.68	1206.0	798.4630000000001
10.56	-12.68	1205.08	760.306
10.56	-12.68	1204.16	787.321
10.56	-12.68	1203.24	776.324
10.56	-12.68	1202.31	743.62
10.56	-12.68	1201.39	675.6519999999999
10.56	-12.68	1200.47	729.7919999999999
10.56	-12.68	1199.55	661.8510000000001
10.56	-12.68	1198.63	688.8539999999999
10.56	-12.68	1197.71	631.79
10.56	-12.68	1196.78	715.721
10.56	-12.68	1195.86	658.672
10.56	-12.68	1194.94	620.614
10.56	-12.68	1194.02	606.956
10.56	-12.68	1193.09	650.195
10.56	-12.68	1192.17	636.5369999999999
10.56	-12.68	1191.25	612.0509999999999
10.56	-12.68	1190.32	576.742
10.56	-12.68	1189.4	614.5409999999999
10.56	-12.68	1188.48	638.794
10.56	-12.68	1187.55	571.024
10.56	-12.68	1186.63	608.804
10.56	-12.68	1185.71	597.875
10.56	-12.68	1184.78	565.311
10.56	-12.68	1183.86	578.7330000000001
10.56	-12.68	1182.93	619.189
10.56	-12.68	1182.01	616.376
10.56	-12.68	1181.08	583.831
10.56	-12.68	1180.16	594.538
10.56	-12.68	1179.23	602.538
10.56	-12.68	1178.31	613.238
10.56	-12.68	1177.38	586.119
10.56	-12.68	1176.46	569.812
10.56	-12.68	1175.53	594.012
10.56	-12.68	1174.6	610.104
10.56	-12.68	1173.68	645.0840000000001
10.56	-12.68	1172.75	558.614
10.56	-12.68	1171.82	593.591
10.56	-12.68	1170.9	639.346
10.56	-12.68	1169.97	571.803
10.56	-12.68	1169.04	582.489
10.56	-12.68	1168.12	601.259
10.56	-12.68	1167.19	563.4119999999999
10.56	-12.68	1166.26	555.227
10.56	-12.68	1165.33	563.2130000000001
10.56	-12.68	1164.41	563.113
10.56	-12.68	1163.48	611.502
10.56	-12.68	1162.55	587.153
10.56	-12.68	1161.62	603.207
10.56	-12.68	1160.69	595.023
10.56	-12.68	1159.76	565.306
10.56	-12.68	1158.84	578.663
10.56	-12.68	1157.91	602.779
10.56	-12.68	1156.98	562.315
10.56	-12.68	1156.05	562.215
10.56	-12.68	1155.12	580.942
10.56	-12.68	1154.19	559.327
10.56	-12.68	1153.26	535.03
10.56	-12.68	1152.33	575.257
10.56	-12.68	1151.4	607.406
10.56	-12.68	1150.47	518.622
10.56	-12.68	1149.54	505.097
10.56	-12.68	1148.61	612.456
10.56	-12.68	1147.68	564.004
10.56	-12.68	1146.75	585.386
10.56	-12.68	1145.81	590.651
10.56	-12.68	1144.88	579.809
10.56	-12.68	1143.95	646.802
10.56	-12.68	1143.02	584.97
10.56	-12.68	1142.09	592.915
10.56	-12.68	1141.16	600.857
10.56	-12.68	1140.22	584.659
10.56	-12.68	1139.29	563.1030000000001
10.56	-12.68	1138.36	557.6419999999999
10.56	-12.68	1137.43	605.7909999999999
10.56	-12.68	1136.49	525.283
10.56	-12.68	1135.56	549.306
10.56	-12.68	1134.63	541.1709999999999
10.56	-12.68	1133.69	519.646
10.56	-12.68	1132.76	559.726
10.56	-12.68	1131.83	556.9490000000001
10.56	-12.68	1130.89	516.692
10.56	-12.68	1129.96	564.781
10.56	-12.68	1129.02	519.185
10.56	-12.68	1128.09	521.768
10.56	-12.68	1127.16	519.0
10.56	-12.68	1126.22	540.306
10.56	-12.68	1125.29	553.582
10.56	-12.68	1124.35	577.548
10.56	-12.68	1123.42	515.9580000000001
10.56	-12.68	1122.48	526.558
10.56	-12.68	1121.55	483.70599999999996
10.56	-12.68	1120.61	515.683
10.56	-12.68	1119.67	502.23400000000004
10.56	-12.68	1118.74	560.906
10.56	-12.68	1117.8	510.06699999999995
10.56	-12.68	1116.87	520.656
10.56	-12.68	1115.93	539.251
10.56	-12.68	1114.99	547.1619999999999
10.56	-12.68	1114.06	493.69199999999995
10.56	-12.68	1113.12	506.945
10.56	-12.68	1112.18	533.5319999999999
10.56	-12.68	1111.24	477.426
10.56	-12.68	1110.31	544.009
10.56	-12.68	1109.37	498.586
10.56	-12.68	1108.43	538.484
10.56	-12.68	1107.49	573.036
10.56	-12.68	1106.55	522.303
10.56	-12.68	1105.62	506.224
10.56	-12.68	1104.68	548.756
10.56	-12.68	1103.74	522.024
10.56	-12.68	1102.8	511.28
10.56	-12.68	1101.86	527.163
10.56	-12.68	1100.92	556.351
10.56	-12.68	1099.98	484.392
10.56	-12.68	1099.04	494.949
10.56	-12.68	1098.1	521.467
10.56	-12.68	1097.16	494.773
10.56	-12.68	1096.22	518.621
10.56	-12.68	1095.28	526.506
10.56	-12.68	1094.34	475.898
10.56	-12.68	1093.4	521.002
10.56	-12.68	1092.46	507.621
10.56	-12.68	1091.52	472.98699999999997
10.56	-12.68	1090.58	464.93199999999996
10.56	-12.68	1089.64	491.412
10.56	-12.68	1088.7	507.259
10.56	-12.68	1087.76	459.37300000000005
10.56	-12.68	1086.81	491.149
10.56	-12.68	1085.87	512.297
10.56	-12.68	1084.93	506.898
10.56	-12.68	1083.99	520.075
10.56	-12.68	1083.05	538.553
10.56	-12.68	1082.1	496.017
10.56	-12.68	1081.16	503.884
10.56	-12.68	1080.22	474.62699999999995
10.56	-12.68	1079.28	503.705
10.56	-12.68	1078.33	530.121
10.56	-12.68	1077.39	490.274
10.56	-12.68	1076.45	519.3330000000001
10.56	-12.68	1075.5	455.66
10.56	-12.68	1074.56	468.82199999999995
10.56	-12.68	1073.61	532.2959999999999
10.56	-12.68	1072.67	508.371
10.56	-12.68	1071.73	455.335
10.56	-12.68	1070.78	500.249
10.56	-12.68	1069.84	516.038
10.56	-12.68	1068.89	439.216
10.56	-12.68	1067.95	547.599
10.56	-12.68	1067.0	476.088
10.56	-12.68	1066.06	497.159
10.56	-12.68	1065.11	465.342
10.56	-12.68	1064.16	494.338
10.56	-12.68	1063.22	525.966
10.56	-12.68	1062.27	573.438
10.56	-12.68	1061.33	496.715
10.56	-12.68	1060.38	480.776
10.56	-12.68	1059.43	509.74300000000005
10.56	-12.68	1058.49	517.5740000000001
10.56	-12.68	1057.54	496.36
10.56	-12.68	1056.59	512.11
10.56	-12.68	1055.65	527.854
10.56	-12.68	1054.7	511.92699999999996
10.56	-12.68	1053.75	456.431
10.56	-12.68	1052.8	485.365
10.56	-12.68	1051.85	506.37800000000004
10.56	-12.68	1050.91	514.198
10.56	-12.68	1049.96	500.92400000000004
10.56	-12.68	1049.01	471.839
10.56	-12.68	1048.06	503.38
10.56	-12.68	1047.11	487.48
10.56	-12.68	1046.16	490.028
10.56	-12.68	1045.21	474.135
10.56	-12.68	1044.27	489.852
10.56	-12.68	1043.32	495.031
10.56	-12.68	1042.37	468.616
10.56	-12.68	1041.42	552.762
10.56	-12.68	1040.47	521.0830000000001
10.56	-12.68	1039.52	484.152
10.56	-12.68	1038.57	457.75699999999995
10.56	-12.68	1037.62	515.5419999999999
10.56	-12.68	1036.67	507.561
10.56	-12.68	1035.71	489.064
10.56	-12.68	1034.76	486.348
10.56	-12.68	1033.81	454.72
10.56	-12.68	1032.86	457.26599999999996
10.56	-12.68	1031.91	499.224
10.56	-12.68	1030.96	462.35699999999997
10.56	-12.68	1030.01	464.9
10.56	-12.68	1029.05	483.2
10.56	-12.68	1028.1	496.241
10.56	-12.68	1027.15	477.776
10.56	-12.68	1026.2	509.18699999999995
10.56	-12.68	1025.24	448.73900000000003
10.56	-12.68	1024.29	490.63800000000003
10.56	-12.68	1023.34	445.955
10.56	-12.68	1022.39	493.085
10.56	-12.68	1021.43	464.152
10.56	-12.68	1020.48	458.825
10.56	-12.68	1019.52	529.52
10.56	-12.68	1018.57	474.38599999999997
10.56	-12.68	1017.62	484.783
10.56	-12.68	1016.66	503.036
10.56	-12.68	1015.71	474.131
10.56	-12.68	1014.75	502.855
10.56	-12.68	1013.8	494.909
10.56	-12.68	1012.84	484.348
10.56	-12.68	1011.89	471.173
10.56	-12.68	1010.93	478.94
10.56	-12.68	1009.98	497.171
10.56	-12.68	1009.02	515.396
10.56	-12.68	1008.07	455.14099999999996
10.56	-12.68	1007.11	473.366
10.56	-12.68	1006.16	559.57
10.56	-12.68	1005.2	441.824
10.56	-12.68	1004.24	509.70599999999996
10.56	-12.68	1003.29	486.094
10.56	-12.68	1002.33	533.04
10.56	-12.68	1001.37	514.6569999999999
10.56	-12.68	1000.41	480.608
10.56	-12.68	999.4580000000001	470.07599999999996
10.56	-12.68	998.5	496.102
10.56	-12.68	997.543	501.23400000000004
10.56	-12.68	996.585	467.213
10.56	-12.68	995.627	527.151
10.56	-12.68	994.669	500.965
10.56	-12.68	993.71	545.2230000000001
10.56	-12.68	992.752	503.39300000000003
10.56	-12.68	991.793	531.988
10.56	-12.68	990.834	526.678
10.56	-12.68	989.875	490.088
10.56	-12.68	988.916	518.67
10.56	-12.68	987.957	518.577
10.56	-12.68	986.997	489.824
10.56	-12.68	986.0369999999999	510.57599999999996
10.56	-12.68	985.078	468.81199999999995
10.56	-12.68	984.118	484.352
10.56	-12.68	983.1569999999999	471.24699999999996
10.56	-12.68	982.197	455.54400000000004
10.56	-12.68	981.2360000000001	445.051
10.56	-12.68	980.2760000000001	486.606
10.56	-12.68	979.315	491.722
10.56	-12.68	978.3539999999999	434.406
10.56	-12.68	977.3919999999999	431.728
10.56	-12.68	976.431	457.653
10.56	-12.68	975.4689999999999	509.56699999999995
10.56	-12.68	974.508	473.085
10.56	-12.68	973.546	506.785
10.56	-12.68	972.584	480.71
10.56	-12.68	971.6210000000001	459.84
10.56	-12.68	970.659	506.51199999999994
10.56	-12.68	969.696	485.645
10.56	-12.68	968.7330000000001	462.18800000000005
10.56	-12.68	967.77	456.913
10.56	-12.68	966.807	477.596
10.56	-12.68	965.8439999999999	469.724
10.56	-12.68	964.88	420.341
10.56	-12.68	963.9169999999999	479.93199999999996
10.56	-12.68	962.953	446.12699999999995
10.56	-12.68	961.9889999999999	469.38599999999997
10.56	-12.68	961.025	469.30199999999996
10.56	-12.68	960.06	469.218
10.56	-12.68	959.096	466.541
10.56	-12.68	958.1310000000001	463.866
10.56	-12.68	957.166	466.37300000000005
10.56	-12.68	956.201	494.785
10.56	-12.68	955.2360000000001	419.585
10.56	-12.68	954.27	497.19599999999997
10.56	-12.68	953.305	437.55699999999996
10.56	-12.68	952.3389999999999	429.713
10.56	-12.68	951.373	450.341
10.56	-12.68	950.4069999999999	450.26
10.56	-12.68	949.441	478.63800000000003
10.56	-12.68	948.4739999999999	416.469
10.56	-12.68	947.508	444.844
10.56	-12.68	946.541	504.23800000000006
10.56	-12.68	945.574	470.537
10.56	-12.68	944.607	511.811
10.56	-12.68	943.6389999999999	496.212
10.56	-12.68	942.672	457.36300000000006
10.56	-12.68	941.704	439.19599999999997
10.56	-12.68	940.7360000000001	472.69599999999997
10.56	-12.68	939.768	485.524
10.56	-12.68	938.8	506.094
10.56	-12.68	937.832	508.584
10.56	-12.68	936.863	454.288
10.56	-12.68	935.8939999999999	516.143
10.56	-12.68	934.926	490.24699999999996
10.56	-12.68	933.956	484.999
10.56	-12.68	932.987	528.76
10.56	-12.68	932.018	430.668
10.56	-12.68	931.048	531.148
10.56	-12.68	930.078	505.273
10.56	-12.68	929.1080000000001	479.407
10.56	-12.68	928.138	494.783
10.56	-12.68	927.168	448.316
10.56	-12.68	926.198	445.659
10.56	-12.68	925.227	504.81699999999995
10.56	-12.68	924.2560000000001	535.628
10.56	-12.68	923.285	468.59
10.56	-12.68	922.314	519.989
10.56	-12.68	921.3430000000001	483.86300000000006
10.56	-12.68	920.3710000000001	486.349
10.56	-12.68	919.3989999999999	468.25199999999995
10.56	-12.68	918.427	493.89099999999996
10.56	-12.68	917.455	432.07599999999996
10.56	-12.68	916.4830000000001	483.42699999999996
10.56	-12.68	915.5110000000001	437.06199999999995
10.56	-12.68	914.538	488.39300000000003
10.56	-12.68	913.565	508.865
10.56	-12.68	912.5930000000001	426.54699999999997
10.56	-12.68	911.6189999999999	490.69699999999995
10.56	-12.68	910.6460000000001	482.903
10.56	-12.68	909.673	477.67900000000003
10.56	-12.68	908.699	513.5409999999999
10.56	-12.68	907.725	467.23800000000006
10.56	-12.68	906.7510000000001	503.088
10.56	-12.68	905.7769999999999	497.865
10.56	-12.68	904.803	451.59
10.56	-12.68	903.828	454.07300000000004
10.56	-12.68	902.8539999999999	420.647
10.56	-12.68	901.8789999999999	453.909
10.56	-12.68	900.904	464.083
10.56	-12.68	899.928	469.126
10.56	-12.68	898.953	451.1
10.56	-12.68	897.977	494.583
10.56	-12.68	897.002	445.81300000000005
10.56	-12.68	896.0260000000001	471.349
10.56	-12.68	895.05	484.07
10.56	-12.68	894.073	476.3
10.56	-12.68	893.097	455.731
10.56	-12.68	892.12	455.649
10.56	-12.68	891.1439999999999	496.51599999999996
10.56	-12.68	890.1669999999999	435.01300000000003
10.56	-12.68	889.189	434.934
10.56	-12.68	888.212	460.435
10.56	-12.68	887.235	462.91
10.56	-12.68	886.257	434.69800000000004
10.56	-12.68	885.279	460.185
10.56	-12.68	884.301	467.77099999999996
10.56	-12.68	883.323	508.57599999999996
10.56	-12.68	882.3439999999999	439.494
10.56	-12.68	881.3660000000001	480.29
10.56	-12.68	880.387	444.44300000000004
10.56	-12.68	879.408	462.24
10.56	-12.68	878.429	467.26300000000003
10.56	-12.68	877.45	446.755
10.56	-12.68	876.47	423.702
10.56	-12.68	875.4910000000001	426.17800000000005
10.56	-12.68	874.5110000000001	482.233
10.56	-12.68	873.5310000000001	426.023
10.56	-12.68	872.551	420.845
10.56	-12.68	871.57	408.01800000000003
10.56	-12.68	870.59	484.434
10.56	-12.68	869.6089999999999	484.346
10.56	-12.68	868.628	451.125
10.56	-12.68	867.6469999999999	463.784
10.56	-12.68	866.666	433.12699999999995
10.56	-12.68	865.684	473.806
10.56	-12.68	864.703	415.14099999999996
10.56	-12.68	863.721	425.25199999999995
10.56	-12.68	862.7389999999999	481.186
10.56	-12.68	861.757	493.82599999999996
10.56	-12.68	860.775	488.647
10.56	-12.68	859.7919999999999	473.29
10.56	-12.68	858.81	452.852
10.56	-12.68	857.827	490.92400000000004
10.56	-12.68	856.8439999999999	473.033
10.56	-12.68	855.86	485.661
10.56	-12.68	854.877	449.981
10.56	-12.68	853.8939999999999	495.652
10.56	-12.68	852.91	495.56199999999995
10.56	-12.68	851.926	482.76800000000003
10.56	-12.68	850.942	495.38199999999995
10.56	-12.68	849.9580000000001	459.733
10.56	-12.68	848.9730000000001	487.584
10.56	-12.68	847.988	426.559
10.56	-12.68	847.0039999999999	449.32800000000003
10.56	-12.68	846.0189999999999	515.238
10.56	-12.68	845.034	428.86400000000003
10.56	-12.68	844.048	438.935
10.56	-12.68	843.063	504.81
10.56	-12.68	842.077	466.675
10.56	-12.68	841.091	497.02
10.56	-12.68	840.105	448.75800000000004
10.56	-12.68	839.1189999999999	476.56
10.56	-12.68	838.132	443.526
10.56	-12.68	837.1460000000001	451.04699999999997
10.56	-12.68	836.159	440.83099999999996
10.56	-12.68	835.172	428.086
10.56	-12.68	834.185	438.139
10.56	-12.68	833.198	440.591
10.56	-12.68	832.21	483.55
10.56	-12.68	831.222	465.74300000000005
10.56	-12.68	830.235	490.966
10.56	-12.68	829.247	437.741
10.56	-12.68	828.258	427.542
10.56	-12.68	827.27	472.99300000000005
10.56	-12.68	826.2810000000001	465.32
10.56	-12.68	825.293	472.82099999999997
10.56	-12.68	824.304	460.095
10.56	-12.68	823.315	460.01099999999997
10.56	-12.68	822.325	485.19800000000004
10.56	-12.68	821.336	429.525
10.56	-12.68	820.346	462.287
10.56	-12.68	819.3560000000001	426.843
10.56	-12.68	818.3660000000001	454.543
10.56	-12.68	817.3760000000001	446.88599999999997
10.56	-12.68	816.3860000000001	472.048
10.56	-12.68	815.395	514.867
10.56	-12.68	814.405	484.49300000000005
10.56	-12.68	813.414	428.9
10.56	-12.68	812.423	479.272
10.56	-12.68	811.431	428.744
10.56	-12.68	810.44	494.227
10.56	-12.68	809.448	461.36199999999997
10.56	-12.68	808.456	410.865
10.56	-12.68	807.4639999999999	418.351
10.56	-12.68	806.472	468.67
10.56	-12.68	805.48	428.276
10.56	-12.68	804.487	430.717
10.56	-12.68	803.495	448.267
10.56	-12.68	802.502	423.006
10.56	-12.68	801.5089999999999	432.999
10.56	-12.68	800.5160000000001	405.23400000000004
10.56	-12.68	799.5219999999999	430.325
10.56	-12.68	798.528	445.343
10.56	-12.68	797.535	462.871
10.56	-12.68	796.541	452.726
10.56	-12.68	795.547	477.791
10.56	-12.68	794.552	447.533
10.56	-12.68	793.558	442.42400000000004
10.56	-12.68	792.563	449.88300000000004
10.56	-12.68	791.568	437.23699999999997
10.56	-12.68	790.573	444.694
10.56	-12.68	789.578	457.173
10.56	-12.68	788.582	404.348
10.56	-12.68	787.587	454.495
10.56	-12.68	786.591	406.712
10.56	-12.68	785.595	461.86
10.56	-12.68	784.5989999999999	419.11199999999997
10.56	-12.68	783.602	451.655
10.56	-12.68	782.6060000000001	444.046
10.56	-12.68	781.6089999999999	421.39099999999996
10.56	-12.68	780.612	463.94699999999995
10.56	-12.68	779.615	448.81800000000004
10.56	-12.68	778.618	456.25699999999995
10.56	-12.68	777.6210000000001	446.148
10.56	-12.68	776.623	441.05400000000003
10.56	-12.68	775.625	463.524
10.56	-12.68	774.627	473.459
10.56	-12.68	773.6289999999999	435.80400000000003
10.56	-12.68	772.6310000000001	483.30300000000005
10.56	-12.68	771.632	468.19300000000004
10.56	-12.68	770.6339999999999	445.57800000000003
10.56	-12.68	769.635	435.486
10.56	-12.68	768.6360000000001	452.923
10.56	-12.68	767.6360000000001	415.31199999999995
10.56	-12.68	766.637	407.73199999999997
10.56	-12.68	765.637	417.661
10.56	-12.68	764.637	430.087
10.56	-12.68	763.638	445.009
10.56	-12.68	762.637	437.42900000000003
10.56	-12.68	761.637	452.344
10.56	-12.68	760.6360000000001	409.784
10.56	-12.68	759.6360000000001	404.713
10.56	-12.68	758.635	404.639
10.56	-12.68	757.6339999999999	486.976
10.56	-12.68	756.633	441.944
10.56	-12.68	755.6310000000001	449.352
10.56	-12.68	754.6289999999999	449.27
10.56	-12.68	753.628	441.70099999999996
10.56	-12.68	752.6260000000001	426.65
10.56	-12.68	751.623	501.41
10.56	-12.68	750.6210000000001	438.965
10.56	-12.68	749.6189999999999	453.847
10.56	-12.68	748.6160000000001	416.366
10.56	-12.68	747.613	433.73900000000003
10.56	-12.68	746.61	431.167
10.56	-12.68	745.607	473.45
10.56	-12.68	744.6030000000001	435.99199999999996
10.56	-12.68	743.5989999999999	465.80400000000003
10.56	-12.68	742.596	425.871
10.56	-12.68	741.592	475.594
10.56	-12.68	740.587	470.527
10.56	-12.68	739.5830000000001	455.50699999999995
10.56	-12.68	738.579	433.026
10.56	-12.68	737.574	457.82800000000003
10.56	-12.68	736.569	440.33
10.56	-12.68	735.564	462.635
10.56	-12.68	734.558	504.827
10.56	-12.68	733.553	440.089
10.56	-12.68	732.547	387.80400000000003
10.56	-12.68	731.541	469.75300000000004
10.56	-12.68	730.535	427.42199999999997
10.56	-12.68	729.529	409.952
10.56	-12.68	728.523	464.527
10.56	-12.68	727.5160000000001	449.54
10.56	-12.68	726.5089999999999	429.592
10.56	-12.68	725.503	409.652
10.56	-12.68	724.495	451.775
10.56	-12.68	723.488	419.42900000000003
10.56	-12.68	722.4810000000001	406.945
10.56	-12.68	721.4730000000001	439.12300000000005
10.56	-12.68	720.465	471.288
10.56	-12.68	719.457	386.88199999999995
10.56	-12.68	718.449	414.086
10.56	-12.68	717.44	411.531
10.56	-12.68	716.432	391.626
10.56	-12.68	715.423	403.945
10.56	-12.68	714.414	411.305
10.56	-12.68	713.405	416.184
10.56	-12.68	712.395	438.399
10.56	-12.68	711.3860000000001	420.98400000000004
10.56	-12.68	710.3760000000001	401.099
10.56	-12.68	709.3660000000001	405.977
10.56	-12.68	708.3560000000001	440.55300000000005
10.56	-12.68	707.346	440.472
10.56	-12.68	706.335	395.85699999999997
10.56	-12.68	705.325	432.889
10.56	-12.68	704.314	410.551
10.56	-12.68	703.303	400.585
10.56	-12.68	702.2919999999999	383.205
10.56	-12.68	701.28	484.48
10.56	-12.68	700.2689999999999	397.89300000000003
10.56	-12.68	699.257	410.175
10.56	-12.68	698.245	442.216
10.56	-12.68	697.2330000000001	437.194
10.56	-12.68	696.22	405.01
10.56	-12.68	695.2080000000001	412.343
10.56	-12.68	694.195	409.79900000000004
10.56	-12.68	693.182	422.064
10.56	-12.68	692.169	441.72900000000004
10.56	-12.68	691.1560000000001	458.91900000000004
10.56	-12.68	690.143	434.166
10.56	-12.68	689.1289999999999	404.49
10.56	-12.68	688.115	436.473
10.56	-12.68	687.1010000000001	409.272
10.56	-12.68	686.087	414.12699999999995
10.56	-12.68	685.073	409.12199999999996
10.56	-12.68	684.058	386.869
10.56	-12.68	683.043	431.145
10.56	-12.68	682.028	458.161
10.56	-12.68	681.013	433.449
10.56	-12.68	679.998	467.842
10.56	-12.68	678.9830000000001	452.985
10.56	-12.68	677.967	425.82599999999996
10.56	-12.68	676.951	438.05300000000005
10.56	-12.68	675.935	378.92
10.56	-12.68	674.919	418.211
10.56	-12.68	673.9019999999999	403.376
10.56	-12.68	672.8860000000001	405.76099999999997
10.56	-12.68	671.8689999999999	432.733
10.56	-12.68	670.852	420.36199999999997
10.56	-12.68	669.835	457.152
10.56	-12.68	668.817	469.35400000000004
10.56	-12.68	667.8	422.587
10.56	-12.68	666.7819999999999	424.966
10.56	-12.68	665.7639999999999	456.815
10.56	-12.68	664.7460000000001	449.365
10.56	-12.68	663.7280000000001	441.917
10.56	-12.68	662.709	412.38
10.56	-12.68	661.691	424.575
10.56	-12.68	660.672	458.849
10.56	-12.68	659.653	456.311
10.56	-12.68	658.6339999999999	399.81199999999995
10.56	-12.68	657.6139999999999	424.26199999999994
10.56	-12.68	656.595	480.579
10.56	-12.68	655.575	436.36400000000003
10.56	-12.68	654.555	424.028
10.56	-12.68	653.535	377.389
10.56	-12.68	652.514	455.724
10.56	-12.68	651.494	421.344
10.56	-12.68	650.4730000000001	411.47
10.56	-12.68	649.452	418.74
10.56	-12.68	648.431	430.905
10.56	-12.68	647.41	435.721
10.56	-12.68	646.388	420.957
10.56	-12.68	645.366	433.11400000000003
10.56	-12.68	644.345	396.336
10.56	-12.68	643.323	445.185
10.56	-12.68	642.3	413.31
10.56	-12.68	641.278	479.25300000000004
10.56	-12.68	640.255	447.38300000000004
10.56	-12.68	639.232	425.30199999999996
10.56	-12.68	638.2090000000001	466.769
10.56	-12.68	637.186	434.91900000000004
10.56	-12.68	636.163	425.06699999999995
10.56	-12.68	635.139	444.529
10.56	-12.68	634.116	444.44699999999995
10.56	-12.68	633.092	434.599
10.56	-12.68	632.068	432.077
10.56	-12.68	631.043	419.79400000000004
10.56	-12.68	630.019	444.119
10.56	-12.68	628.994	424.519
10.56	-12.68	627.969	446.395
10.56	-12.68	626.944	404.852
10.56	-12.68	625.919	455.98400000000004
10.56	-12.68	624.893	426.644
10.56	-12.68	623.868	455.815
10.56	-12.68	622.842	441.10900000000004
10.56	-12.68	621.816	399.605
10.56	-12.68	620.79	384.914
10.56	-12.68	619.763	433.55800000000005
10.56	-12.68	618.737	411.56
10.56	-12.68	617.71	421.223
10.56	-12.68	616.683	404.105
10.56	-12.68	615.656	425.936
10.56	-12.68	614.629	447.75800000000004
10.56	-12.68	613.601	391.716
10.56	-12.68	612.573	462.18800000000005
10.56	-12.68	611.545	423.189
10.56	-12.68	610.5169999999999	452.291
10.56	-12.68	609.489	437.62
10.56	-12.68	608.461	461.847
10.56	-12.68	607.432	488.495
10.56	-12.68	606.403	454.38699999999994
10.56	-12.68	605.374	478.597
10.56	-12.68	604.345	432.358
10.56	-12.68	603.315	471.135
10.56	-12.68	602.286	449.195
10.56	-12.68	601.256	407.842
10.56	-12.68	600.226	456.31
