16.42	-6.54	1799.66	284.235
16.42	-6.54	1798.84	339.191
16.42	-6.54	1798.03	305.526
16.42	-6.54	1797.21	290.2
16.42	-6.54	1796.39	311.531
16.42	-6.54	1795.57	308.425
16.42	-6.54	1794.75	308.373
16.42	-6.54	1793.93	302.215
16.42	-6.54	1793.11	305.216
16.42	-6.54	1792.29	283.803
16.42	-6.54	1791.47	302.062
16.42	-6.54	1790.65	292.85900000000004
16.42	-6.54	1789.84	301.96
16.42	-6.54	1789.02	298.85900000000004
16.42	-6.54	1788.2	295.76
16.42	-6.54	1787.38	335.341
16.42	-6.54	1786.56	310.9
16.42	-6.54	1785.73	292.563
16.42	-6.54	1784.91	295.56
16.42	-6.54	1784.09	271.138
16.42	-6.54	1783.27	301.552
16.42	-6.54	1782.45	304.547
16.42	-6.54	1781.63	264.911
16.42	-6.54	1780.81	322.71
16.42	-6.54	1779.99	298.30400000000003
16.42	-6.54	1779.17	279.994
16.42	-6.54	1778.35	286.032
16.42	-6.54	1777.52	301.19599999999997
16.42	-6.54	1776.7	288.97700000000003
16.42	-6.54	1775.88	340.631
16.42	-6.54	1775.06	319.288
16.42	-6.54	1774.24	325.314
16.42	-6.54	1773.41	285.742
16.42	-6.54	1772.59	334.32199999999995
16.42	-6.54	1771.77	294.762
16.42	-6.54	1770.95	358.515
16.42	-6.54	1770.12	331.115
16.42	-6.54	1769.3	276.389
16.42	-6.54	1768.48	297.599
16.42	-6.54	1767.65	321.83799999999997
16.42	-6.54	1766.83	303.57
16.42	-6.54	1766.01	276.202
16.42	-6.54	1765.18	282.224
16.42	-6.54	1764.36	324.655
16.42	-6.54	1763.53	330.667
16.42	-6.54	1762.71	312.41200000000003
16.42	-6.54	1761.88	288.098
16.42	-6.54	1761.06	327.467
16.42	-6.54	1760.24	294.064
16.42	-6.54	1759.41	297.045
16.42	-6.54	1758.59	296.995
16.42	-6.54	1757.76	296.945
16.42	-6.54	1756.94	302.953
16.42	-6.54	1756.11	281.699
16.42	-6.54	1755.28	321.022
16.42	-6.54	1754.46	320.968
16.42	-6.54	1753.63	290.638
16.42	-6.54	1752.81	320.85900000000004
16.42	-6.54	1751.98	341.99
16.42	-6.54	1751.16	341.93199999999996
16.42	-6.54	1750.33	293.467
16.42	-6.54	1749.5	320.64099999999996
16.42	-6.54	1748.68	350.83099999999996
16.42	-6.54	1747.85	344.724
16.42	-6.54	1747.02	302.33799999999997
16.42	-6.54	1746.2	302.28700000000003
16.42	-6.54	1745.37	314.325
16.42	-6.54	1744.54	308.228
16.42	-6.54	1743.71	299.112
16.42	-6.54	1742.89	368.54
16.42	-6.54	1742.06	347.335
16.42	-6.54	1741.23	326.138
16.42	-6.54	1740.4	356.275
16.42	-6.54	1739.57	323.009
16.42	-6.54	1738.75	307.862
16.42	-6.54	1737.92	313.846
16.42	-6.54	1737.09	365.086
16.42	-6.54	1736.26	322.789
16.42	-6.54	1735.43	304.637
16.42	-6.54	1734.6	334.74300000000005
16.42	-6.54	1733.77	331.671
16.42	-6.54	1732.94	289.409
16.42	-6.54	1732.11	331.55800000000005
16.42	-6.54	1731.28	331.50199999999995
16.42	-6.54	1730.45	316.38
16.42	-6.54	1729.62	316.32599999999996
16.42	-6.54	1728.8	340.37
16.42	-6.54	1727.96	340.31199999999995
16.42	-6.54	1727.13	298.099
16.42	-6.54	1726.3	322.133
16.42	-6.54	1725.47	370.23900000000003
16.42	-6.54	1724.64	337.07099999999997
16.42	-6.54	1723.81	367.105
16.42	-6.54	1722.98	361.025
16.42	-6.54	1722.15	327.875
16.42	-6.54	1721.32	336.842
16.42	-6.54	1720.49	330.77099999999996
16.42	-6.54	1719.66	324.702
16.42	-6.54	1718.82	342.68300000000005
16.42	-6.54	1717.99	309.564
16.42	-6.54	1717.16	348.57599999999996
16.42	-6.54	1716.33	324.481
16.42	-6.54	1715.5	354.466
16.42	-6.54	1714.66	288.33
16.42	-6.54	1713.83	330.32199999999995
16.42	-6.54	1713.0	357.287
16.42	-6.54	1712.17	363.231
16.42	-6.54	1711.33	342.159
16.42	-6.54	1710.5	315.093
16.42	-6.54	1709.67	348.04400000000004
16.42	-6.54	1708.83	344.98400000000004
16.42	-6.54	1708.0	368.921
16.42	-6.54	1707.17	332.87199999999996
16.42	-6.54	1706.33	329.81699999999995
16.42	-6.54	1705.5	323.765
16.42	-6.54	1704.66	335.699
16.42	-6.54	1703.83	362.61400000000003
16.42	-6.54	1703.0	314.611
16.42	-6.54	1702.16	323.545
16.42	-6.54	1701.33	332.476
16.42	-6.54	1700.49	344.398
16.42	-6.54	1699.66	359.311
16.42	-6.54	1698.82	362.244
16.42	-6.54	1697.99	326.263
16.42	-6.54	1697.15	412.99699999999996
16.42	-6.54	1696.32	332.13699999999994
16.42	-6.54	1695.48	323.105
16.42	-6.54	1694.64	382.874
16.42	-6.54	1693.81	314.02299999999997
16.42	-6.54	1692.97	370.783
16.42	-6.54	1692.14	340.82300000000004
16.42	-6.54	1691.3	367.668
16.42	-6.54	1690.46	328.75199999999995
16.42	-6.54	1689.63	325.70799999999997
16.42	-6.54	1688.79	361.505
16.42	-6.54	1687.95	301.7
16.42	-6.54	1687.12	331.515
16.42	-6.54	1686.28	307.57
16.42	-6.54	1685.44	364.244
16.42	-6.54	1684.6	358.212
16.42	-6.54	1683.77	376.05800000000005
16.42	-6.54	1682.93	319.297
16.42	-6.54	1682.09	358.029
16.42	-6.54	1681.25	337.086
16.42	-6.54	1680.41	375.80199999999996
16.42	-6.54	1679.58	375.73800000000006
16.42	-6.54	1678.74	333.93300000000005
16.42	-6.54	1677.9	354.74300000000005
16.42	-6.54	1677.06	417.273
16.42	-6.54	1676.22	372.50199999999995
16.42	-6.54	1675.38	345.62300000000005
16.42	-6.54	1674.54	333.648
16.42	-6.54	1673.7	363.376
16.42	-6.54	1672.86	357.358
16.42	-6.54	1672.02	348.365
16.42	-6.54	1671.18	387.006
16.42	-6.54	1670.34	380.98699999999997
16.42	-6.54	1669.5	354.139
16.42	-6.54	1668.66	345.152
16.42	-6.54	1667.82	362.94300000000004
16.42	-6.54	1666.98	350.983
16.42	-6.54	1666.14	356.871
16.42	-6.54	1665.3	371.67699999999996
16.42	-6.54	1664.46	389.45099999999996
16.42	-6.54	1663.62	362.63300000000004
16.42	-6.54	1662.78	353.656
16.42	-6.54	1661.94	401.13800000000003
16.42	-6.54	1661.1	407.01099999999997
16.42	-6.54	1660.25	401.001
16.42	-6.54	1659.41	374.204
16.42	-6.54	1658.57	397.895
16.42	-6.54	1657.73	362.2
16.42	-6.54	1656.89	439.316
16.42	-6.54	1656.04	421.434
16.42	-6.54	1655.2	403.55800000000005
16.42	-6.54	1654.36	403.48900000000003
16.42	-6.54	1653.52	444.949
16.42	-6.54	1652.67	456.736
16.42	-6.54	1651.83	441.83099999999996
16.42	-6.54	1650.99	426.93199999999996
16.42	-6.54	1650.14	391.287
16.42	-6.54	1649.3	462.352
16.42	-6.54	1648.46	450.41900000000004
16.42	-6.54	1647.61	438.491
16.42	-6.54	1646.77	471.00199999999995
16.42	-6.54	1645.92	503.501
16.42	-6.54	1645.08	423.46
16.42	-6.54	1644.24	488.525
16.42	-6.54	1643.39	464.759
16.42	-6.54	1642.55	455.801
16.42	-6.54	1641.7	470.519
16.42	-6.54	1640.86	485.23199999999997
16.42	-6.54	1640.01	508.815
16.42	-6.54	1639.17	493.94
16.42	-6.54	1638.32	547.085
16.42	-6.54	1637.48	558.818
16.42	-6.54	1636.63	467.08
16.42	-6.54	1635.78	520.203
16.42	-6.54	1634.94	555.577
16.42	-6.54	1634.09	567.3
16.42	-6.54	1633.25	531.753
16.42	-6.54	1632.4	587.7819999999999
16.42	-6.54	1631.55	596.5409999999999
16.42	-6.54	1630.71	572.818
16.42	-6.54	1629.86	605.194
16.42	-6.54	1629.01	675.93
16.42	-6.54	1628.16	599.0840000000001
16.42	-6.54	1627.32	601.933
16.42	-6.54	1626.47	649.0319999999999
16.42	-6.54	1625.62	684.317
16.42	-6.54	1624.77	663.556
16.42	-6.54	1623.93	695.877
16.42	-6.54	1623.08	678.069
16.42	-6.54	1622.23	639.634
16.42	-6.54	1621.38	724.9910000000001
16.42	-6.54	1620.53	665.935
16.42	-6.54	1619.69	692.336
16.42	-6.54	1618.84	724.6189999999999
16.42	-6.54	1617.99	647.922
16.42	-6.54	1617.14	653.7
16.42	-6.54	1616.29	715.414
16.42	-6.54	1615.44	712.3480000000001
16.42	-6.54	1614.59	712.2260000000001
16.42	-6.54	1613.74	732.702
16.42	-6.54	1612.89	673.735
16.42	-6.54	1612.04	705.977
16.42	-6.54	1611.19	676.446
16.42	-6.54	1610.34	761.6060000000001
16.42	-6.54	1609.49	723.255
16.42	-6.54	1608.64	687.8560000000001
16.42	-6.54	1607.79	649.531
16.42	-6.54	1606.94	719.945
16.42	-6.54	1606.09	737.45
16.42	-6.54	1605.24	678.573
16.42	-6.54	1604.39	684.33
16.42	-6.54	1603.54	786.992
16.42	-6.54	1602.68	736.944
16.42	-6.54	1601.83	722.14
16.42	-6.54	1600.98	821.808
16.42	-6.54	1600.13	727.762
16.42	-6.54	1599.28	724.703
16.42	-6.54	1598.42	686.443
16.42	-6.54	1597.57	727.388
16.42	-6.54	1596.72	744.8580000000001
16.42	-6.54	1595.87	703.682
16.42	-6.54	1595.01	782.712
16.42	-6.54	1594.16	729.82
16.42	-6.54	1593.31	814.679
16.42	-6.54	1592.45	776.45
16.42	-6.54	1591.6	785.105
16.42	-6.54	1590.75	720.5319999999999
16.42	-6.54	1589.89	667.696
16.42	-6.54	1589.04	673.437
16.42	-6.54	1588.19	664.539
16.42	-6.54	1587.33	717.1110000000001
16.42	-6.54	1586.48	664.311
16.42	-6.54	1585.62	696.383
16.42	-6.54	1584.77	672.86
16.42	-6.54	1583.91	643.495
16.42	-6.54	1583.06	640.46
16.42	-6.54	1582.2	684.209
16.42	-6.54	1581.35	651.934
16.42	-6.54	1580.49	657.668
16.42	-6.54	1579.64	648.7869999999999
16.42	-6.54	1578.78	660.3639999999999
16.42	-6.54	1577.93	701.1510000000001
16.42	-6.54	1577.07	715.635
16.42	-6.54	1576.21	624.9780000000001
16.42	-6.54	1575.36	686.19
16.42	-6.54	1574.5	618.925
16.42	-6.54	1573.65	633.413
16.42	-6.54	1572.79	650.815
16.42	-6.54	1571.93	618.606
16.42	-6.54	1571.08	647.674
16.42	-6.54	1570.22	688.4
16.42	-6.54	1569.36	597.872
16.42	-6.54	1568.5	612.349
16.42	-6.54	1567.65	615.159
16.42	-6.54	1566.79	612.138
16.42	-6.54	1565.93	647.006
16.42	-6.54	1565.07	614.842
16.42	-6.54	1564.21	585.602
16.42	-6.54	1563.36	608.805
16.42	-6.54	1562.5	614.525
16.42	-6.54	1561.64	602.771
16.42	-6.54	1560.78	596.845
16.42	-6.54	1559.92	590.92
16.42	-6.54	1559.06	593.729
16.42	-6.54	1558.2	619.817
16.42	-6.54	1557.34	576.068
16.42	-6.54	1556.49	558.516
16.42	-6.54	1555.63	593.321
16.42	-6.54	1554.77	628.114
16.42	-6.54	1553.91	596.024
16.42	-6.54	1553.05	604.643
16.42	-6.54	1552.19	592.913
16.42	-6.54	1551.33	563.751
16.42	-6.54	1550.47	546.222
16.42	-6.54	1549.6	610.036
16.42	-6.54	1548.74	566.365
16.42	-6.54	1547.88	589.499
16.42	-6.54	1547.02	540.039
16.42	-6.54	1546.16	589.2959999999999
16.42	-6.54	1545.3	577.585
16.42	-6.54	1544.44	574.5830000000001
16.42	-6.54	1543.58	609.302
16.42	-6.54	1542.71	536.673
16.42	-6.54	1541.85	571.386
16.42	-6.54	1540.99	516.189
16.42	-6.54	1540.13	588.586
16.42	-6.54	1539.27	501.517
16.42	-6.54	1538.4	556.501
16.42	-6.54	1537.54	524.5269999999999
16.42	-6.54	1536.68	518.6419999999999
16.42	-6.54	1535.81	556.2130000000001
16.42	-6.54	1534.95	469.224
16.42	-6.54	1534.09	469.14300000000003
16.42	-6.54	1533.23	474.853
16.42	-6.54	1532.36	509.51099999999997
16.42	-6.54	1531.5	523.895
16.42	-6.54	1530.63	471.714
16.42	-6.54	1529.77	512.141
16.42	-6.54	1528.91	523.624
16.42	-6.54	1528.04	494.60900000000004
16.42	-6.54	1527.18	526.336
16.42	-6.54	1526.31	500.222
16.42	-6.54	1525.45	511.699
16.42	-6.54	1524.58	468.254
16.42	-6.54	1523.72	505.74300000000005
16.42	-6.54	1522.85	520.1030000000001
16.42	-6.54	1521.99	511.347
16.42	-6.54	1521.12	476.597
16.42	-6.54	1520.26	511.17
16.42	-6.54	1519.39	496.645
16.42	-6.54	1518.52	499.44599999999997
16.42	-6.54	1517.66	496.473
16.42	-6.54	1516.79	507.93199999999996
16.42	-6.54	1515.93	484.76
16.42	-6.54	1515.06	467.36699999999996
16.42	-6.54	1514.19	553.821
16.42	-6.54	1513.33	470.089
16.42	-6.54	1512.46	458.474
16.42	-6.54	1511.59	498.75699999999995
16.42	-6.54	1510.72	464.08099999999996
16.42	-6.54	1509.86	515.877
16.42	-6.54	1508.99	498.499
16.42	-6.54	1508.12	466.722
16.42	-6.54	1507.25	489.685
16.42	-6.54	1506.38	506.881
16.42	-6.54	1505.52	486.63699999999994
16.42	-6.54	1504.65	521.101
16.42	-6.54	1503.78	495.10400000000004
16.42	-6.54	1502.91	520.9209999999999
16.42	-6.54	1502.04	506.44300000000004
16.42	-6.54	1501.17	489.094
16.42	-6.54	1500.3	457.36699999999996
16.42	-6.54	1499.44	483.173
16.42	-6.54	1498.57	514.72
16.42	-6.54	1497.7	483.006
16.42	-6.54	1496.83	482.92199999999997
16.42	-6.54	1495.96	514.453
16.42	-6.54	1495.09	485.629
16.42	-6.54	1494.22	520.021
16.42	-6.54	1493.35	534.294
16.42	-6.54	1492.48	508.35400000000004
16.42	-6.54	1491.61	479.55
16.42	-6.54	1490.73	502.436
16.42	-6.54	1489.86	487.996
16.42	-6.54	1488.99	522.352
16.42	-6.54	1488.12	507.914
16.42	-6.54	1487.25	525.0409999999999
16.42	-6.54	1486.38	533.556
16.42	-6.54	1485.51	510.519
16.42	-6.54	1484.63	527.636
16.42	-6.54	1483.76	493.14
16.42	-6.54	1482.89	498.788
16.42	-6.54	1482.02	515.898
16.42	-6.54	1481.15	492.884
16.42	-6.54	1480.27	524.315
16.42	-6.54	1479.4	484.12
16.42	-6.54	1478.53	515.5409999999999
16.42	-6.54	1477.65	544.0880000000001
16.42	-6.54	1476.78	535.405
16.42	-6.54	1475.91	529.587
16.42	-6.54	1475.03	615.359
16.42	-6.54	1474.16	560.881
16.42	-6.54	1473.29	572.229
16.42	-6.54	1472.41	592.154
16.42	-6.54	1471.54	583.471
16.42	-6.54	1470.67	551.914
16.42	-6.54	1469.79	580.41
16.42	-6.54	1468.92	571.734
16.42	-6.54	1468.04	503.039
16.42	-6.54	1467.17	545.817
16.42	-6.54	1466.29	625.7230000000001
16.42	-6.54	1465.42	562.768
16.42	-6.54	1464.54	576.951
16.42	-6.54	1463.67	534.016
16.42	-6.54	1462.79	548.1990000000001
16.42	-6.54	1461.91	565.2330000000001
16.42	-6.54	1461.04	579.406
16.42	-6.54	1460.16	533.646
16.42	-6.54	1459.29	582.058
16.42	-6.54	1458.41	567.694
16.42	-6.54	1457.53	567.595
16.42	-6.54	1456.66	513.314
16.42	-6.54	1455.78	538.886
16.42	-6.54	1454.9	535.942
16.42	-6.54	1454.03	521.5980000000001
16.42	-6.54	1453.15	504.409
16.42	-6.54	1452.27	555.6080000000001
16.42	-6.54	1451.39	501.385
16.42	-6.54	1450.52	532.629
16.42	-6.54	1449.64	535.385
16.42	-6.54	1448.76	529.597
16.42	-6.54	1447.88	538.0459999999999
16.42	-6.54	1447.0	546.491
16.42	-6.54	1446.13	517.938
16.42	-6.54	1445.25	506.467
16.42	-6.54	1444.37	523.448
16.42	-6.54	1443.49	517.669
16.42	-6.54	1442.61	483.45300000000003
16.42	-6.54	1441.73	560.139
16.42	-6.54	1440.85	508.871
16.42	-6.54	1439.97	574.1569999999999
16.42	-6.54	1439.09	551.322
16.42	-6.54	1438.21	537.02
16.42	-6.54	1437.33	528.404
16.42	-6.54	1436.45	545.355
16.42	-6.54	1435.57	562.299
16.42	-6.54	1434.69	553.683
16.42	-6.54	1433.81	542.232
16.42	-6.54	1432.93	513.753
16.42	-6.54	1432.05	522.178
16.42	-6.54	1431.17	536.274
16.42	-6.54	1430.29	575.898
16.42	-6.54	1429.41	538.925
16.42	-6.54	1428.52	553.011
16.42	-6.54	1427.64	516.054
16.42	-6.54	1426.76	535.809
16.42	-6.54	1425.88	521.543
16.42	-6.54	1425.0	524.2869999999999
16.42	-6.54	1424.11	558.197
16.42	-6.54	1423.23	558.101
16.42	-6.54	1422.35	532.511
16.42	-6.54	1421.47	504.098
16.42	-6.54	1420.58	566.304
16.42	-6.54	1419.7	577.53
16.42	-6.54	1418.82	554.785
16.42	-6.54	1417.93	534.878
16.42	-6.54	1417.05	591.376
16.42	-6.54	1416.17	534.692
16.42	-6.54	1415.28	531.771
16.42	-6.54	1414.4	565.615
16.42	-6.54	1413.51	562.689
16.42	-6.54	1412.63	565.419
16.42	-6.54	1411.75	585.107
16.42	-6.54	1410.86	508.7
16.42	-6.54	1409.98	610.3340000000001
16.42	-6.54	1409.09	576.326
16.42	-6.54	1408.21	601.6469999999999
16.42	-6.54	1407.32	626.96
16.42	-6.54	1406.44	649.44
16.42	-6.54	1405.55	643.681
16.42	-6.54	1404.66	660.505
16.42	-6.54	1403.78	632.168
16.42	-6.54	1402.89	671.562
16.42	-6.54	1402.01	651.697
16.42	-6.54	1401.12	781.336
16.42	-6.54	1400.23	674.0310000000001
16.42	-6.54	1399.35	747.227
16.42	-6.54	1398.46	761.193
16.42	-6.54	1397.57	769.5169999999999
16.42	-6.54	1396.69	752.4730000000001
16.42	-6.54	1395.8	760.795
16.42	-6.54	1394.91	850.816
16.42	-6.54	1394.02	808.416
16.42	-6.54	1393.14	816.7239999999999
16.42	-6.54	1392.25	746.187
16.42	-6.54	1391.36	833.331
16.42	-6.54	1390.47	793.779
16.42	-6.54	1389.58	782.383
16.42	-6.54	1388.7	754.1080000000001
16.42	-6.54	1387.81	753.977
16.42	-6.54	1386.92	784.7869999999999
16.42	-6.54	1386.03	725.591
16.42	-6.54	1385.14	784.513
16.42	-6.54	1384.25	775.943
16.42	-6.54	1383.36	728.0219999999999
16.42	-6.54	1382.47	741.947
16.42	-6.54	1381.58	713.7189999999999
16.42	-6.54	1380.69	727.6410000000001
16.42	-6.54	1379.8	741.559
16.42	-6.54	1378.91	727.388
16.42	-6.54	1378.02	701.9889999999999
16.42	-6.54	1377.13	704.674
16.42	-6.54	1376.24	724.2
16.42	-6.54	1375.35	687.59
16.42	-6.54	1374.46	693.082
16.42	-6.54	1373.57	706.988
16.42	-6.54	1372.68	757.3560000000001
16.42	-6.54	1371.78	729.178
16.42	-6.54	1370.89	712.227
16.42	-6.54	1370.0	782.191
16.42	-6.54	1369.11	700.7660000000001
16.42	-6.54	1368.22	731.472
16.42	-6.54	1367.33	795.7919999999999
16.42	-6.54	1366.43	756.431
16.42	-6.54	1365.54	787.1110000000001
16.42	-6.54	1364.65	792.575
16.42	-6.54	1363.76	837.2389999999999
16.42	-6.54	1362.86	747.5039999999999
16.42	-6.54	1361.97	834.1469999999999
16.42	-6.54	1361.08	789.2230000000001
16.42	-6.54	1360.18	853.443
16.42	-6.54	1359.29	875.676
16.42	-6.54	1358.4	869.928
16.42	-6.54	1357.5	903.337
16.42	-6.54	1356.61	836.07
16.42	-6.54	1355.71	911.409
16.42	-6.54	1354.82	972.745
16.42	-6.54	1353.92	992.138
16.42	-6.54	1353.03	1000.35
16.42	-6.54	1352.13	921.947
16.42	-6.54	1351.24	958.0989999999999
16.42	-6.54	1350.34	985.86
16.42	-6.54	1349.45	1013.61
16.42	-6.54	1348.55	963.18
16.42	-6.54	1347.66	1027.21
16.42	-6.54	1346.76	1021.45
16.42	-6.54	1345.87	998.95
16.42	-6.54	1344.97	1007.15
16.42	-6.54	1344.07	1037.65
16.42	-6.54	1343.18	959.382
16.42	-6.54	1342.28	989.887
16.42	-6.54	1341.38	995.289
16.42	-6.54	1340.49	981.178
16.42	-6.54	1339.59	964.285
16.42	-6.54	1338.69	1039.35
16.42	-6.54	1337.8	994.5930000000001
16.42	-6.54	1336.9	986.063
16.42	-6.54	1336.0	983.105
16.42	-6.54	1335.1	955.0880000000001
16.42	-6.54	1334.2	963.273
16.42	-6.54	1333.31	1027.13
16.42	-6.54	1332.41	985.201
16.42	-6.54	1331.51	1018.42
16.42	-6.54	1330.61	1012.68
16.42	-6.54	1329.71	956.868
16.42	-6.54	1328.81	1037.35
16.42	-6.54	1327.91	964.875
16.42	-6.54	1327.02	967.4860000000001
16.42	-6.54	1326.12	964.5369999999999
16.42	-6.54	1325.22	953.2510000000001
16.42	-6.54	1324.32	1011.44
16.42	-6.54	1323.42	1011.26
16.42	-6.54	1322.52	1027.75
16.42	-6.54	1321.62	974.802
16.42	-6.54	1320.72	938.534
16.42	-6.54	1319.82	1016.1
16.42	-6.54	1318.91	1002.05
16.42	-6.54	1318.01	976.8939999999999
16.42	-6.54	1317.11	1004.47
16.42	-6.54	1316.21	929.3889999999999
16.42	-6.54	1315.31	973.607
16.42	-6.54	1314.41	940.1569999999999
16.42	-6.54	1313.51	915.0360000000001
16.42	-6.54	1312.61	998.047
16.42	-6.54	1311.7	939.6619999999999
16.42	-6.54	1310.8	931.184
16.42	-6.54	1309.9	878.373
16.42	-6.54	1309.0	936.398
16.42	-6.54	1308.09	922.3839999999999
16.42	-6.54	1307.19	919.453
16.42	-6.54	1306.29	869.451
16.42	-6.54	1305.39	935.742
16.42	-6.54	1304.48	902.362
16.42	-6.54	1303.58	888.3660000000001
16.42	-6.54	1302.68	868.841
16.42	-6.54	1301.77	896.3539999999999
16.42	-6.54	1300.87	926.623
16.42	-6.54	1299.96	929.2260000000001
16.42	-6.54	1299.06	788.045
16.42	-6.54	1298.16	876.373
16.42	-6.54	1297.25	878.9839999999999
16.42	-6.54	1296.35	876.066
16.42	-6.54	1295.44	806.834
16.42	-6.54	1294.54	803.93
16.42	-6.54	1293.63	831.41
16.42	-6.54	1292.73	792.6010000000001
16.42	-6.54	1291.82	778.6560000000001
16.42	-6.54	1290.92	761.955
16.42	-6.54	1290.01	783.903
16.42	-6.54	1289.1	833.44
16.42	-6.54	1288.2	844.331
16.42	-6.54	1287.29	780.7310000000001
16.42	-6.54	1286.39	714.395
16.42	-6.54	1285.48	725.301
16.42	-6.54	1284.57	744.475
16.42	-6.54	1283.67	722.29
16.42	-6.54	1282.76	730.432
16.42	-6.54	1281.85	691.721
16.42	-6.54	1280.94	713.643
16.42	-6.54	1280.04	696.988
16.42	-6.54	1279.13	710.638
16.42	-6.54	1278.22	738.052
16.42	-6.54	1277.31	710.388
16.42	-6.54	1276.41	666.216
16.42	-6.54	1275.5	685.3660000000001
16.42	-6.54	1274.59	671.4860000000001
16.42	-6.54	1273.68	657.61
16.42	-6.54	1272.77	638.238
16.42	-6.54	1271.86	649.128
16.42	-6.54	1270.95	704.015
16.42	-6.54	1270.04	681.8939999999999
16.42	-6.54	1269.13	695.52
16.42	-6.54	1268.23	722.8839999999999
16.42	-6.54	1267.32	618.328
16.42	-6.54	1266.41	615.471
16.42	-6.54	1265.5	681.295
16.42	-6.54	1264.59	645.4680000000001
16.42	-6.54	1263.67	670.071
16.42	-6.54	1262.76	705.6469999999999
16.42	-6.54	1261.85	708.268
16.42	-6.54	1260.94	666.972
16.42	-6.54	1260.03	661.3660000000001
16.42	-6.54	1259.12	735.332
16.42	-6.54	1258.21	718.743
16.42	-6.54	1257.3	762.5010000000001
16.42	-6.54	1256.39	792.533
16.42	-6.54	1255.47	784.168
16.42	-6.54	1254.56	797.7360000000001
16.42	-6.54	1253.65	805.819
16.42	-6.54	1252.74	874.187
16.42	-6.54	1251.83	791.835
16.42	-6.54	1250.91	723.21
16.42	-6.54	1250.0	744.995
16.42	-6.54	1249.09	709.263
16.42	-6.54	1248.17	741.9939999999999
16.42	-6.54	1247.26	706.2760000000001
16.42	-6.54	1246.35	651.411
16.42	-6.54	1245.43	588.356
16.42	-6.54	1244.52	612.877
16.42	-6.54	1243.61	590.884
16.42	-6.54	1242.69	659.158
16.42	-6.54	1241.78	598.88
16.42	-6.54	1240.86	571.433
16.42	-6.54	1239.95	620.538
16.42	-6.54	1239.03	650.494
16.42	-6.54	1238.12	549.27
16.42	-6.54	1237.2	579.227
16.42	-6.54	1236.29	565.466
16.42	-6.54	1235.37	527.129
16.42	-6.54	1234.46	546.1519999999999
16.42	-6.54	1233.54	532.404
16.42	-6.54	1232.63	565.068
16.42	-6.54	1231.71	564.9680000000001
16.42	-6.54	1230.8	562.14
16.42	-6.54	1229.88	559.312
16.42	-6.54	1228.96	491.017
16.42	-6.54	1228.05	542.751
16.42	-6.54	1227.13	534.474
16.42	-6.54	1226.21	526.201
16.42	-6.54	1225.3	515.2040000000001
16.42	-6.54	1224.38	520.564
16.42	-6.54	1223.46	558.622
16.42	-6.54	1222.54	501.309
16.42	-6.54	1221.63	495.772
16.42	-6.54	1220.71	509.30300000000005
16.42	-6.54	1219.79	490.151
16.42	-6.54	1218.87	492.787
16.42	-6.54	1217.95	555.309
16.42	-6.54	1217.03	498.05699999999996
16.42	-6.54	1216.12	506.13199999999995
16.42	-6.54	1215.2	541.411
16.42	-6.54	1214.28	505.954
16.42	-6.54	1213.36	484.10699999999997
16.42	-6.54	1212.44	524.809
16.42	-6.54	1211.52	494.811
16.42	-6.54	1210.6	513.751
16.42	-6.54	1209.68	540.8380000000001
16.42	-6.54	1208.76	546.177
16.42	-6.54	1207.84	532.497
16.42	-6.54	1206.92	502.523
16.42	-6.54	1206.0	491.57099999999997
16.42	-6.54	1205.08	529.499
16.42	-6.54	1204.16	537.55
16.42	-6.54	1203.24	540.17
16.42	-6.54	1202.31	529.2180000000001
16.42	-6.54	1201.39	602.388
16.42	-6.54	1200.47	599.569
16.42	-6.54	1199.55	621.163
16.42	-6.54	1198.63	547.8290000000001
16.42	-6.54	1197.71	574.847
16.42	-6.54	1196.78	607.278
16.42	-6.54	1195.86	555.67
16.42	-6.54	1194.94	558.2819999999999
16.42	-6.54	1194.02	533.7959999999999
16.42	-6.54	1193.09	579.757
16.42	-6.54	1192.17	536.316
16.42	-6.54	1191.25	503.723
16.42	-6.54	1190.32	536.127
16.42	-6.54	1189.4	533.325
16.42	-6.54	1188.48	498.042
16.42	-6.54	1187.55	514.192
16.42	-6.54	1186.63	497.866
16.42	-6.54	1185.71	562.706
16.42	-6.54	1184.78	494.985
16.42	-6.54	1183.86	492.19300000000004
16.42	-6.54	1182.93	500.218
16.42	-6.54	1182.01	505.536
16.42	-6.54	1181.08	516.258
16.42	-6.54	1180.16	470.225
16.42	-6.54	1179.23	453.93
16.42	-6.54	1178.31	497.074
16.42	-6.54	1177.38	480.78
16.42	-6.54	1176.46	472.593
16.42	-6.54	1175.53	448.209
16.42	-6.54	1174.6	472.426
16.42	-6.54	1173.68	480.439
16.42	-6.54	1172.75	442.574
16.42	-6.54	1171.82	464.08
16.42	-6.54	1170.9	509.858
16.42	-6.54	1169.97	512.465
16.42	-6.54	1169.04	480.014
16.42	-6.54	1168.12	523.069
16.42	-6.54	1167.19	471.75699999999995
16.42	-6.54	1166.26	477.064
16.42	-6.54	1165.33	436.55699999999996
16.42	-6.54	1164.41	414.925
16.42	-6.54	1163.48	503.74800000000005
16.42	-6.54	1162.55	455.17900000000003
16.42	-6.54	1161.62	514.341
16.42	-6.54	1160.69	490.019
16.42	-6.54	1159.76	463.01199999999994
16.42	-6.54	1158.84	454.856
16.42	-6.54	1157.91	508.595
16.42	-6.54	1156.98	457.385
16.42	-6.54	1156.05	465.374
16.42	-6.54	1155.12	467.981
16.42	-6.54	1154.19	513.612
16.42	-6.54	1153.26	526.964
16.42	-6.54	1152.33	508.05400000000003
16.42	-6.54	1151.4	499.901
16.42	-6.54	1150.47	529.371
16.42	-6.54	1149.54	529.2769999999999
16.42	-6.54	1148.61	539.928
16.42	-6.54	1147.68	593.547
16.42	-6.54	1146.75	539.736
16.42	-6.54	1145.81	523.5319999999999
16.42	-6.54	1144.88	523.439
16.42	-6.54	1143.95	566.2869999999999
16.42	-6.54	1143.02	531.303
16.42	-6.54	1142.09	493.649
16.42	-6.54	1141.16	539.1619999999999
16.42	-6.54	1140.22	461.29
16.42	-6.54	1139.29	496.06699999999995
16.42	-6.54	1138.36	474.532
16.42	-6.54	1137.43	479.80800000000005
16.42	-6.54	1136.49	533.323
16.42	-6.54	1135.56	495.715
16.42	-6.54	1134.63	455.441
16.42	-6.54	1133.69	450.00300000000004
16.42	-6.54	1132.76	460.635
16.42	-6.54	1131.83	465.909
16.42	-6.54	1130.89	463.149
16.42	-6.54	1129.96	497.86400000000003
16.42	-6.54	1129.02	473.689
16.42	-6.54	1128.09	462.902
16.42	-6.54	1127.16	441.418
16.42	-6.54	1126.22	484.13599999999997
16.42	-6.54	1125.29	435.912
16.42	-6.54	1124.35	502.681
16.42	-6.54	1123.42	526.6519999999999
16.42	-6.54	1122.48	449.04400000000004
16.42	-6.54	1121.55	518.447
16.42	-6.54	1120.61	507.667
16.42	-6.54	1119.67	478.191
16.42	-6.54	1118.74	446.05400000000003
16.42	-6.54	1117.8	453.986
16.42	-6.54	1116.87	461.916
16.42	-6.54	1115.93	504.546
16.42	-6.54	1114.99	435.06
16.42	-6.54	1114.06	437.652
16.42	-6.54	1113.12	416.22900000000004
16.42	-6.54	1112.18	421.49
16.42	-6.54	1111.24	440.085
16.42	-6.54	1110.31	461.341
16.42	-6.54	1109.37	378.605
16.42	-6.54	1108.43	394.533
16.42	-6.54	1107.49	453.099
16.42	-6.54	1106.55	477.001
16.42	-6.54	1105.62	471.588
16.42	-6.54	1104.68	463.51199999999994
16.42	-6.54	1103.74	442.12300000000005
16.42	-6.54	1102.8	423.403
16.42	-6.54	1101.86	433.978
16.42	-6.54	1100.92	463.18199999999996
16.42	-6.54	1099.98	492.376
16.42	-6.54	1099.04	473.661
16.42	-6.54	1098.1	465.595
16.42	-6.54	1097.16	438.912
16.42	-6.54	1096.22	428.195
16.42	-6.54	1095.28	452.051
16.42	-6.54	1094.34	449.31199999999995
16.42	-6.54	1093.4	417.334
16.42	-6.54	1092.46	465.098
16.42	-6.54	1091.52	470.329
16.42	-6.54	1090.58	430.394
16.42	-6.54	1089.64	451.56800000000004
16.42	-6.54	1088.7	427.585
16.42	-6.54	1087.76	419.543
16.42	-6.54	1086.81	406.194
16.42	-6.54	1085.87	411.43
16.42	-6.54	1084.93	440.55
16.42	-6.54	1083.99	419.244
16.42	-6.54	1083.05	474.881
16.42	-6.54	1082.1	400.527
16.42	-6.54	1081.16	429.62800000000004
16.42	-6.54	1080.22	421.596
16.42	-6.54	1079.28	413.56800000000004
16.42	-6.54	1078.33	379.036
16.42	-6.54	1077.39	394.869
16.42	-6.54	1076.45	386.85
16.42	-6.54	1075.5	410.624
16.42	-6.54	1074.56	386.712
16.42	-6.54	1073.61	389.291
16.42	-6.54	1072.67	397.165
16.42	-6.54	1071.73	439.45099999999996
16.42	-6.54	1070.78	415.551
16.42	-6.54	1069.84	420.77
16.42	-6.54	1068.89	386.298
16.42	-6.54	1067.95	417.974
16.42	-6.54	1067.0	454.92900000000003
16.42	-6.54	1066.06	446.914
16.42	-6.54	1065.11	438.902
16.42	-6.54	1064.16	449.398
16.42	-6.54	1063.22	420.244
16.42	-6.54	1062.27	438.667
16.42	-6.54	1061.33	467.652
16.42	-6.54	1060.38	441.152
16.42	-6.54	1059.43	422.585
16.42	-6.54	1058.49	462.12
16.42	-6.54	1057.54	398.67199999999997
16.42	-6.54	1056.59	369.564
16.42	-6.54	1055.65	387.973
16.42	-6.54	1054.7	385.265
16.42	-6.54	1053.75	437.962
16.42	-6.54	1052.8	427.333
16.42	-6.54	1051.85	435.168
16.42	-6.54	1050.91	416.63199999999995
16.42	-6.54	1049.96	403.376
16.42	-6.54	1049.01	429.663
16.42	-6.54	1048.06	419.04400000000004
16.42	-6.54	1047.11	440.05
16.42	-6.54	1046.16	379.376
16.42	-6.54	1045.21	408.283
16.42	-6.54	1044.27	405.577
16.42	-6.54	1043.32	447.634
16.42	-6.54	1042.37	413.33
16.42	-6.54	1041.42	436.94599999999997
16.42	-6.54	1040.47	407.918
16.42	-6.54	1039.52	405.214
16.42	-6.54	1038.57	402.51099999999997
16.42	-6.54	1037.62	452.415
16.42	-6.54	1036.67	389.218
16.42	-6.54	1035.71	410.18300000000005
16.42	-6.54	1034.76	391.707
16.42	-6.54	1033.81	441.577
16.42	-6.54	1032.86	388.939
16.42	-6.54	1031.91	444.04699999999997
16.42	-6.54	1030.96	415.07
16.42	-6.54	1030.01	391.35699999999997
16.42	-6.54	1029.05	441.18199999999996
16.42	-6.54	1028.1	435.852
16.42	-6.54	1027.15	412.148
16.42	-6.54	1026.2	454.069
16.42	-6.54	1025.24	448.73900000000003
16.42	-6.54	1024.29	411.926
16.42	-6.54	1023.34	409.22900000000004
16.42	-6.54	1022.39	474.726
16.42	-6.54	1021.43	469.39599999999996
16.42	-6.54	1020.48	503.39599999999996
16.42	-6.54	1019.52	555.734
16.42	-6.54	1018.57	571.36
16.42	-6.54	1017.62	628.9069999999999
16.42	-6.54	1016.66	657.6139999999999
16.42	-6.54	1015.71	665.355
16.42	-6.54	1014.75	704.5210000000001
16.42	-6.54	1013.8	657.2610000000001
16.42	-6.54	1012.84	675.47
16.42	-6.54	1011.89	651.79
16.42	-6.54	1010.93	696.165
16.42	-6.54	1009.98	628.006
16.42	-6.54	1009.02	578.185
16.42	-6.54	1008.07	599.007
16.42	-6.54	1007.11	517.826
16.42	-6.54	1006.16	530.807
16.42	-6.54	1005.2	486.26800000000003
16.42	-6.54	1004.24	454.815
16.42	-6.54	1003.29	475.64
16.42	-6.54	1002.33	449.426
16.42	-6.54	1001.37	467.63199999999995
16.42	-6.54	1000.41	425.756
16.42	-6.54	999.4580000000001	441.349
16.42	-6.54	998.5	407.32599999999996
16.42	-6.54	997.543	428.13800000000003
16.42	-6.54	996.585	441.11199999999997
16.42	-6.54	995.627	422.765
16.42	-6.54	994.669	430.51599999999996
16.42	-6.54	993.71	396.526
16.42	-6.54	992.752	401.671
16.42	-6.54	991.793	425.069
16.42	-6.54	990.834	435.42199999999997
16.42	-6.54	989.875	388.421
16.42	-6.54	988.916	401.38300000000004
16.42	-6.54	987.957	414.34
16.42	-6.54	986.997	375.184
16.42	-6.54	986.0369999999999	375.11699999999996
16.42	-6.54	985.078	390.676
16.42	-6.54	984.118	395.814
16.42	-6.54	983.1569999999999	424.38300000000004
16.42	-6.54	982.197	416.49699999999996
16.42	-6.54	981.2360000000001	406.01199999999994
16.42	-6.54	980.2760000000001	416.347
16.42	-6.54	979.315	379.849
16.42	-6.54	978.3539999999999	395.38800000000003
16.42	-6.54	977.3919999999999	390.115
16.42	-6.54	976.431	384.845
16.42	-6.54	975.4689999999999	400.374
16.42	-6.54	974.508	382.10699999999997
16.42	-6.54	973.546	405.42800000000005
16.42	-6.54	972.584	459.92199999999997
16.42	-6.54	971.6210000000001	407.88
16.42	-6.54	970.659	389.625
16.42	-6.54	969.696	410.33099999999996
16.42	-6.54	968.7330000000001	418.04699999999997
16.42	-6.54	967.77	417.971
16.42	-6.54	966.807	376.366
16.42	-6.54	965.8439999999999	425.60699999999997
16.42	-6.54	964.88	386.61
16.42	-6.54	963.9169999999999	453.99
16.42	-6.54	962.953	415.00199999999995
16.42	-6.54	961.9889999999999	471.98
16.42	-6.54	961.025	453.745
16.42	-6.54	960.06	435.517
16.42	-6.54	959.096	476.909
16.42	-6.54	958.1310000000001	424.994
16.42	-6.54	957.166	466.37300000000005
16.42	-6.54	956.201	435.20300000000003
16.42	-6.54	955.2360000000001	463.615
16.42	-6.54	954.27	481.659
16.42	-6.54	953.305	466.038
16.42	-6.54	952.3389999999999	460.776
16.42	-6.54	951.373	460.69300000000004
16.42	-6.54	950.4069999999999	470.961
16.42	-6.54	949.441	478.63800000000003
16.42	-6.54	948.4739999999999	426.81699999999995
16.42	-6.54	947.508	424.153
16.42	-6.54	946.541	437.006
16.42	-6.54	945.574	400.73199999999997
16.42	-6.54	944.607	418.754
16.42	-6.54	943.6389999999999	421.26300000000003
16.42	-6.54	942.672	413.436
16.42	-6.54	941.704	382.35900000000004
16.42	-6.54	940.7360000000001	415.87
16.42	-6.54	939.768	436.455
16.42	-6.54	938.8	410.555
16.42	-6.54	937.832	394.99199999999996
16.42	-6.54	936.863	394.92
16.42	-6.54	935.8939999999999	425.81800000000004
16.42	-6.54	934.926	381.87699999999995
16.42	-6.54	933.956	392.12699999999995
16.42	-6.54	932.987	407.532
16.42	-6.54	932.018	446.142
16.42	-6.54	931.048	371.288
16.42	-6.54	930.078	407.31199999999995
16.42	-6.54	929.1080000000001	381.464
16.42	-6.54	928.138	394.28
16.42	-6.54	927.168	360.714
16.42	-6.54	926.198	412.17
16.42	-6.54	925.227	406.945
16.42	-6.54	924.2560000000001	388.845
16.42	-6.54	923.285	401.648
16.42	-6.54	922.314	370.685
16.42	-6.54	921.3430000000001	404.077
16.42	-6.54	920.3710000000001	401.431
16.42	-6.54	919.3989999999999	411.65
16.42	-6.54	918.427	378.135
16.42	-6.54	917.455	367.779
16.42	-6.54	916.4830000000001	357.42699999999996
16.42	-6.54	915.5110000000001	406.211
16.42	-6.54	914.538	398.426
16.42	-6.54	913.565	408.634
16.42	-6.54	912.5930000000001	444.534
16.42	-6.54	911.6189999999999	393.07199999999995
16.42	-6.54	910.6460000000001	385.295
16.42	-6.54	909.673	374.95300000000003
16.42	-6.54	908.699	374.885
16.42	-6.54	907.725	403.05699999999996
16.42	-6.54	906.7510000000001	395.284
16.42	-6.54	905.7769999999999	408.04400000000004
16.42	-6.54	904.803	387.44300000000004
16.42	-6.54	903.828	405.33099999999996
16.42	-6.54	902.8539999999999	418.082
16.42	-6.54	901.8789999999999	402.62
16.42	-6.54	900.904	417.931
16.42	-6.54	899.928	389.657
16.42	-6.54	898.953	428.032
16.42	-6.54	897.977	410.017
16.42	-6.54	897.002	394.57
16.42	-6.54	896.0260000000001	435.485
16.42	-6.54	895.05	402.111
16.42	-6.54	894.073	394.356
16.42	-6.54	893.097	389.164
16.42	-6.54	892.12	435.17
16.42	-6.54	891.1439999999999	429.973
16.42	-6.54	890.1669999999999	419.66
16.42	-6.54	889.189	447.726
16.42	-6.54	888.212	399.04400000000004
16.42	-6.54	887.235	409.202
16.42	-6.54	886.257	444.926
16.42	-6.54	885.279	424.39300000000003
16.42	-6.54	884.301	444.765
16.42	-6.54	883.323	426.795
16.42	-6.54	882.3439999999999	413.94199999999995
16.42	-6.54	881.3660000000001	418.977
16.42	-6.54	880.387	406.129
16.42	-6.54	879.408	408.61
16.42	-6.54	878.429	408.536
16.42	-6.54	877.45	405.909
16.42	-6.54	876.47	410.94
16.42	-6.54	875.4910000000001	387.898
16.42	-6.54	874.5110000000001	428.652
16.42	-6.54	873.5310000000001	403.064
16.42	-6.54	872.551	413.19300000000004
16.42	-6.54	871.57	387.61699999999996
16.42	-6.54	870.59	397.746
16.42	-6.54	869.6089999999999	423.165
16.42	-6.54	868.628	397.601
16.42	-6.54	867.6469999999999	407.722
16.42	-6.54	866.666	384.718
16.42	-6.54	865.684	417.764
16.42	-6.54	864.703	440.61
16.42	-6.54	863.721	402.334
16.42	-6.54	862.7389999999999	374.256
16.42	-6.54	861.757	412.37
16.42	-6.54	860.775	427.566
16.42	-6.54	859.7919999999999	396.95300000000003
16.42	-6.54	858.81	384.161
16.42	-6.54	857.827	406.98400000000004
16.42	-6.54	856.8439999999999	447.601
16.42	-6.54	855.86	394.12300000000005
16.42	-6.54	854.877	386.42400000000004
16.42	-6.54	853.8939999999999	414.314
16.42	-6.54	852.91	388.82599999999996
16.42	-6.54	851.926	421.787
16.42	-6.54	850.942	411.548
16.42	-6.54	849.9580000000001	370.834
16.42	-6.54	848.9730000000001	401.241
16.42	-6.54	847.988	408.785
16.42	-6.54	847.0039999999999	380.787
16.42	-6.54	846.0189999999999	380.718
16.42	-6.54	845.034	400.95
16.42	-6.54	844.048	421.175
16.42	-6.54	843.063	383.04699999999997
16.42	-6.54	842.077	413.413
16.42	-6.54	841.091	438.69599999999997
16.42	-6.54	840.105	372.69699999999995
16.42	-6.54	839.1189999999999	433.467
16.42	-6.54	838.132	372.56199999999995
16.42	-6.54	837.1460000000001	395.3
16.42	-6.54	836.159	400.295
16.42	-6.54	835.172	423.02
16.42	-6.54	834.185	415.345
16.42	-6.54	833.198	397.545
16.42	-6.54	832.21	397.473
16.42	-6.54	831.222	361.963
16.42	-6.54	830.235	374.551
16.42	-6.54	829.247	452.92199999999997
16.42	-6.54	828.258	397.184
16.42	-6.54	827.27	369.289
16.42	-6.54	826.2810000000001	445.089
16.42	-6.54	825.293	394.439
16.42	-6.54	824.304	389.311
16.42	-6.54	823.315	384.185
16.42	-6.54	822.325	406.85900000000004
16.42	-6.54	821.336	371.413
16.42	-6.54	820.346	389.028
16.42	-6.54	819.3560000000001	376.329
16.42	-6.54	818.3660000000001	406.56300000000005
16.42	-6.54	817.3760000000001	366.093
16.42	-6.54	816.3860000000001	388.745
16.42	-6.54	815.395	368.48400000000004
16.42	-6.54	814.405	439.07199999999995
16.42	-6.54	813.414	391.056
16.42	-6.54	812.423	428.82199999999995
16.42	-6.54	811.431	322.819
16.42	-6.54	810.44	398.407
16.42	-6.54	809.448	378.166
16.42	-6.54	808.456	383.13800000000003
16.42	-6.54	807.4639999999999	372.98800000000006
16.42	-6.54	806.472	377.959
16.42	-6.54	805.48	377.89099999999996
16.42	-6.54	804.487	375.30300000000005
16.42	-6.54	803.495	352.57
16.42	-6.54	802.502	375.166
16.42	-6.54	801.5089999999999	377.616
16.42	-6.54	800.5160000000001	369.996
16.42	-6.54	799.5219999999999	357.346
16.42	-6.54	798.528	344.7
16.42	-6.54	797.535	347.153
16.42	-6.54	796.541	362.181
16.42	-6.54	795.547	389.776
16.42	-6.54	794.552	389.705
16.42	-6.54	793.558	361.983
16.42	-6.54	792.563	366.944
16.42	-6.54	791.568	371.902
16.42	-6.54	790.573	412.033
16.42	-6.54	789.578	384.327
16.42	-6.54	788.582	389.28
16.42	-6.54	787.587	376.653
16.42	-6.54	786.591	371.564
16.42	-6.54	785.595	396.597
16.42	-6.54	784.5989999999999	348.841
16.42	-6.54	783.602	343.759
16.42	-6.54	782.6060000000001	376.31
16.42	-6.54	781.6089999999999	393.8
16.42	-6.54	780.612	386.204
16.42	-6.54	779.615	378.61199999999997
16.42	-6.54	778.618	383.55699999999996
16.42	-6.54	777.6210000000001	353.409
16.42	-6.54	776.623	380.911
16.42	-6.54	775.625	375.83
16.42	-6.54	774.627	410.833
16.42	-6.54	773.6289999999999	405.74800000000005
16.42	-6.54	772.6310000000001	373.12
16.42	-6.54	771.632	368.045
16.42	-6.54	770.6339999999999	357.965
16.42	-6.54	769.635	385.43
16.42	-6.54	768.6360000000001	377.853
16.42	-6.54	767.6360000000001	355.267
16.42	-6.54	766.637	405.23
16.42	-6.54	765.637	397.653
16.42	-6.54	764.637	417.585
16.42	-6.54	763.638	370.00800000000004
16.42	-6.54	762.637	429.93
16.42	-6.54	761.637	424.853
16.42	-6.54	760.6360000000001	409.784
16.42	-6.54	759.6360000000001	382.228
16.42	-6.54	758.635	372.168
16.42	-6.54	757.6339999999999	374.597
16.42	-6.54	756.633	367.038
16.42	-6.54	755.6310000000001	381.949
16.42	-6.54	754.6289999999999	414.327
16.42	-6.54	753.628	391.792
16.42	-6.54	752.6260000000001	399.205
16.42	-6.54	751.623	369.19699999999995
16.42	-6.54	750.6210000000001	366.63599999999997
16.42	-6.54	749.6189999999999	364.075
16.42	-6.54	748.6160000000001	378.968
16.42	-6.54	747.613	386.37699999999995
16.42	-6.54	746.61	371.352
16.42	-6.54	745.607	411.154
16.42	-6.54	744.6030000000001	378.691
16.42	-6.54	743.5989999999999	376.13
16.42	-6.54	742.596	405.94699999999995
16.42	-6.54	741.592	393.423
16.42	-6.54	740.587	420.736
16.42	-6.54	739.5830000000001	453.01800000000003
16.42	-6.54	738.579	390.718
16.42	-6.54	737.574	373.23
16.42	-6.54	736.569	425.404
16.42	-6.54	735.564	417.86400000000003
16.42	-6.54	734.558	370.538
16.42	-6.54	733.553	360.525
16.42	-6.54	732.547	397.74699999999996
16.42	-6.54	731.541	387.733
16.42	-6.54	730.535	387.662
16.42	-6.54	729.529	382.62199999999996
16.42	-6.54	728.523	380.06800000000004
16.42	-6.54	727.5160000000001	399.86699999999996
16.42	-6.54	726.5089999999999	394.82800000000003
16.42	-6.54	725.503	389.79
16.42	-6.54	724.495	409.577
16.42	-6.54	723.488	402.056
16.42	-6.54	722.4810000000001	367.24300000000005
16.42	-6.54	721.4730000000001	394.466
16.42	-6.54	720.465	374.55
16.42	-6.54	719.457	426.56199999999995
16.42	-6.54	718.449	391.77
16.42	-6.54	717.44	386.74
16.42	-6.54	716.432	396.584
16.42	-6.54	715.423	391.55400000000003
16.42	-6.54	714.414	391.483
16.42	-6.54	713.405	356.72900000000004
16.42	-6.54	712.395	361.61699999999996
16.42	-6.54	711.3860000000001	378.88599999999997
16.42	-6.54	710.3760000000001	368.912
16.42	-6.54	709.3660000000001	386.173
16.42	-6.54	708.3560000000001	428.17800000000005
16.42	-6.54	707.346	415.726
16.42	-6.54	706.335	418.124
16.42	-6.54	705.325	403.20599999999996
16.42	-6.54	704.314	361.087
16.42	-6.54	703.303	380.80300000000005
16.42	-6.54	702.2919999999999	378.26099999999997
16.42	-6.54	701.28	373.24800000000005
16.42	-6.54	700.2689999999999	430.02099999999996
16.42	-6.54	699.257	390.407
16.42	-6.54	698.245	390.336
16.42	-6.54	697.2330000000001	444.605
16.42	-6.54	696.22	437.11400000000003
16.42	-6.54	695.2080000000001	385.18300000000005
16.42	-6.54	694.195	387.58099999999996
16.42	-6.54	693.182	389.978
16.42	-6.54	692.169	355.35699999999997
16.42	-6.54	691.1560000000001	421.909
16.42	-6.54	690.143	424.29900000000004
16.42	-6.54	689.1289999999999	382.292
16.42	-6.54	688.115	384.68800000000005
16.42	-6.54	687.1010000000001	377.221
16.42	-6.54	686.087	357.431
16.42	-6.54	685.073	367.224
16.42	-6.54	684.058	367.156
16.42	-6.54	683.043	406.50800000000004
16.42	-6.54	682.028	394.11699999999996
16.42	-6.54	681.013	379.26800000000003
16.42	-6.54	679.998	425.98199999999997
16.42	-6.54	678.9830000000001	440.675
16.42	-6.54	677.967	430.749
16.42	-6.54	676.951	425.74800000000005
16.42	-6.54	675.935	428.13
16.42	-6.54	674.919	430.51099999999997
16.42	-6.54	673.9019999999999	420.594
16.42	-6.54	672.8860000000001	459.86300000000006
16.42	-6.54	671.8689999999999	415.522
16.42	-6.54	670.852	415.445
16.42	-6.54	669.835	400.62199999999996
16.42	-6.54	668.817	393.176
16.42	-6.54	667.8	398.01800000000003
16.42	-6.54	666.7819999999999	383.20599999999996
16.42	-6.54	665.7639999999999	373.311
16.42	-6.54	664.7460000000001	412.532
16.42	-6.54	663.7280000000001	400.18
16.42	-6.54	662.709	409.925
16.42	-6.54	661.691	404.941
16.42	-6.54	660.672	392.598
16.42	-6.54	659.653	434.23199999999997
16.42	-6.54	658.6339999999999	441.51
16.42	-6.54	657.6139999999999	448.786
16.42	-6.54	656.595	536.9730000000001
16.42	-6.54	655.575	531.971
16.42	-6.54	654.555	558.835
16.42	-6.54	653.535	624.898
16.42	-6.54	652.514	605.182
16.42	-6.54	651.494	526.68
16.42	-6.54	650.4730000000001	497.19300000000004
16.42	-6.54	649.452	472.61300000000006
16.42	-6.54	648.431	450.49199999999996
16.42	-6.54	647.41	433.273
16.42	-6.54	646.388	411.167
16.42	-6.54	645.366	381.727
16.42	-6.54	644.345	379.211
16.42	-6.54	643.323	391.371
16.42	-6.54	642.3	393.745
16.42	-6.54	641.278	379.001
16.42	-6.54	640.255	388.71
16.42	-6.54	639.232	373.973
16.42	-6.54	638.2090000000001	393.454
16.42	-6.54	637.186	386.05199999999996
16.42	-6.54	636.163	383.538
16.42	-6.54	635.139	366.37
16.42	-6.54	634.116	368.744
16.42	-6.54	633.092	400.417
16.42	-6.54	632.068	414.98900000000003
16.42	-6.54	631.043	412.472
16.42	-6.54	630.019	380.673
16.42	-6.54	628.994	358.645
16.42	-6.54	627.969	363.458
16.42	-6.54	626.944	402.413
16.42	-6.54	625.919	402.338
16.42	-6.54	624.893	387.63599999999997
16.42	-6.54	623.868	351.00199999999995
16.42	-6.54	622.842	380.18199999999996
16.42	-6.54	621.816	380.11199999999997
16.42	-6.54	620.79	355.68
16.42	-6.54	619.763	370.22900000000004
16.42	-6.54	618.737	406.69
16.42	-6.54	617.71	404.18
16.42	-6.54	616.683	399.236
16.42	-6.54	615.656	394.295
16.42	-6.54	614.629	428.291
16.42	-6.54	613.601	389.283
16.42	-6.54	612.573	418.402
16.42	-6.54	611.545	440.214
16.42	-6.54	610.5169999999999	418.24800000000005
16.42	-6.54	609.489	413.30800000000005
16.42	-6.54	608.461	459.416
16.42	-6.54	607.432	476.344
16.42	-6.54	606.403	461.676
16.42	-6.54	605.374	471.309
16.42	-6.54	604.345	437.216
16.42	-6.54	603.315	454.135
16.42	-6.54	602.286	398.205
16.42	-6.54	601.256	429.691
16.42	-6.54	600.226	393.204
