16.42	-5.54	1799.66	265.897
16.42	-5.54	1798.84	244.46200000000002
16.42	-5.54	1798.03	247.476
16.42	-5.54	1797.21	247.43400000000003
16.42	-5.54	1796.39	271.82599999999996
16.42	-5.54	1795.57	201.545
16.42	-5.54	1794.75	268.681
16.42	-5.54	1793.93	265.58299999999997
16.42	-5.54	1793.11	280.79900000000004
16.42	-5.54	1792.29	256.33799999999997
16.42	-5.54	1791.47	271.551
16.42	-5.54	1790.65	237.94799999999998
16.42	-5.54	1789.84	247.058
16.42	-5.54	1789.02	250.06599999999997
16.42	-5.54	1788.2	292.711
16.42	-5.54	1787.38	237.787
16.42	-5.54	1786.56	243.843
16.42	-5.54	1785.73	243.80200000000002
16.42	-5.54	1784.91	274.231
16.42	-5.54	1784.09	255.90599999999998
16.42	-5.54	1783.27	240.63299999999998
16.42	-5.54	1782.45	204.046
16.42	-5.54	1781.63	264.911
16.42	-5.54	1780.81	231.377
16.42	-5.54	1779.99	243.514
16.42	-5.54	1779.17	237.386
16.42	-5.54	1778.35	295.161
16.42	-5.54	1777.52	225.136
16.42	-5.54	1776.7	276.81
16.42	-5.54	1775.88	237.225
16.42	-5.54	1775.06	267.594
16.42	-5.54	1774.24	234.105
16.42	-5.54	1773.41	255.34400000000002
16.42	-5.54	1772.59	297.851
16.42	-5.54	1771.77	282.606
16.42	-5.54	1770.95	252.176
16.42	-5.54	1770.12	236.945
16.42	-5.54	1769.3	246.016
16.42	-5.54	1768.48	303.672
16.42	-5.54	1767.65	261.11400000000003
16.42	-5.54	1766.83	303.57
16.42	-5.54	1766.01	257.99
16.42	-5.54	1765.18	279.189
16.42	-5.54	1764.36	270.04
16.42	-5.54	1763.53	291.23
16.42	-5.54	1762.71	257.816
16.42	-5.54	1761.88	288.098
16.42	-5.54	1761.06	254.696
16.42	-5.54	1760.24	281.938
16.42	-5.54	1759.41	263.703
16.42	-5.54	1758.59	275.781
16.42	-5.54	1757.76	224.22400000000002
16.42	-5.54	1756.94	230.245
16.42	-5.54	1756.11	311.98900000000003
16.42	-5.54	1755.28	281.651
16.42	-5.54	1754.46	263.436
16.42	-5.54	1753.63	296.693
16.42	-5.54	1752.81	266.373
16.42	-5.54	1751.98	254.222
16.42	-5.54	1751.16	266.283
16.42	-5.54	1750.33	254.136
16.42	-5.54	1749.5	278.293
16.42	-5.54	1748.68	263.123
16.42	-5.54	1747.85	208.649
16.42	-5.54	1747.02	299.315
16.42	-5.54	1746.2	247.875
16.42	-5.54	1745.37	259.923
16.42	-5.54	1744.54	235.704
16.42	-5.54	1743.71	265.877
16.42	-5.54	1742.89	280.936
16.42	-5.54	1742.06	295.99
16.42	-5.54	1741.23	286.881
16.42	-5.54	1740.4	289.851
16.42	-5.54	1739.57	271.689
16.42	-5.54	1738.75	265.607
16.42	-5.54	1737.92	262.54400000000004
16.42	-5.54	1737.09	253.44799999999998
16.42	-5.54	1736.26	271.505
16.42	-5.54	1735.43	274.475
16.42	-5.54	1734.6	283.476
16.42	-5.54	1733.77	286.443
16.42	-5.54	1732.94	277.35
16.42	-5.54	1732.11	250.176
16.42	-5.54	1731.28	265.202
16.42	-5.54	1730.45	222.97299999999998
16.42	-5.54	1729.62	280.175
16.42	-5.54	1728.8	240.97
16.42	-5.54	1727.96	243.94
16.42	-5.54	1727.13	249.921
16.42	-5.54	1726.3	279.985
16.42	-5.54	1725.47	285.957
16.42	-5.54	1724.64	273.87
16.42	-5.54	1723.81	273.824
16.42	-5.54	1722.98	288.82
16.42	-5.54	1722.15	291.779
16.42	-5.54	1721.32	252.632
16.42	-5.54	1720.49	264.617
16.42	-5.54	1719.66	291.63
16.42	-5.54	1718.82	279.557
16.42	-5.54	1717.99	258.471
16.42	-5.54	1717.16	306.507
16.42	-5.54	1716.33	246.365
16.42	-5.54	1715.5	306.403
16.42	-5.54	1714.66	288.33
16.42	-5.54	1713.83	285.278
16.42	-5.54	1713.0	309.249
16.42	-5.54	1712.17	285.181
16.42	-5.54	1711.33	255.11900000000003
16.42	-5.54	1710.5	273.08099999999996
16.42	-5.54	1709.67	282.035
16.42	-5.54	1708.83	311.986
16.42	-5.54	1708.0	299.936
16.42	-5.54	1707.17	275.894
16.42	-5.54	1706.33	308.829
16.42	-5.54	1705.5	275.8
16.42	-5.54	1704.66	254.77200000000002
16.42	-5.54	1703.83	287.693
16.42	-5.54	1703.0	290.64099999999996
16.42	-5.54	1702.16	275.612
16.42	-5.54	1701.33	266.58
16.42	-5.54	1700.49	299.47700000000003
16.42	-5.54	1699.66	287.449
16.42	-5.54	1698.82	272.431
16.42	-5.54	1697.99	287.351
16.42	-5.54	1697.15	281.317
16.42	-5.54	1696.32	332.13699999999994
16.42	-5.54	1695.48	302.163
16.42	-5.54	1694.64	275.191
16.42	-5.54	1693.81	337.94800000000004
16.42	-5.54	1692.97	287.058
16.42	-5.54	1692.14	295.978
16.42	-5.54	1691.3	277.993
16.42	-5.54	1690.46	263.002
16.42	-5.54	1689.63	316.744
16.42	-5.54	1688.79	310.715
16.42	-5.54	1687.95	292.73900000000003
16.42	-5.54	1687.12	292.689
16.42	-5.54	1686.28	274.723
16.42	-5.54	1685.44	289.60400000000004
16.42	-5.54	1684.6	277.61400000000003
16.42	-5.54	1683.77	310.397
16.42	-5.54	1682.93	313.329
16.42	-5.54	1682.09	298.357
16.42	-5.54	1681.25	325.154
16.42	-5.54	1680.41	313.168
16.42	-5.54	1679.58	286.277
16.42	-5.54	1678.74	304.117
16.42	-5.54	1677.9	283.198
16.42	-5.54	1677.06	277.189
16.42	-5.54	1676.22	318.862
16.42	-5.54	1675.38	277.094
16.42	-5.54	1674.54	280.026
16.42	-5.54	1673.7	309.763
16.42	-5.54	1672.86	294.82099999999997
16.42	-5.54	1672.02	282.86
16.42	-5.54	1671.18	285.789
16.42	-5.54	1670.34	300.623
16.42	-5.54	1669.5	339.259
16.42	-5.54	1668.66	297.545
16.42	-5.54	1667.82	321.29400000000004
16.42	-5.54	1666.98	315.29
16.42	-5.54	1666.14	297.393
16.42	-5.54	1665.3	297.342
16.42	-5.54	1664.46	327.02
16.42	-5.54	1663.62	291.296
16.42	-5.54	1662.78	356.62800000000004
16.42	-5.54	1661.94	350.624
16.42	-5.54	1661.1	306.001
16.42	-5.54	1660.25	297.038
16.42	-5.54	1659.41	350.445
16.42	-5.54	1658.57	302.875
16.42	-5.54	1657.73	296.88599999999997
16.42	-5.54	1656.89	347.29699999999997
16.42	-5.54	1656.04	379.884
16.42	-5.54	1655.2	344.211
16.42	-5.54	1654.36	347.119
16.42	-5.54	1653.52	347.06
16.42	-5.54	1652.67	367.76099999999997
16.42	-5.54	1651.83	367.699
16.42	-5.54	1650.99	343.917
16.42	-5.54	1650.14	415.00199999999995
16.42	-5.54	1649.3	323.053
16.42	-5.54	1648.46	364.48400000000004
16.42	-5.54	1647.61	367.385
16.42	-5.54	1646.77	367.32199999999995
16.42	-5.54	1645.92	340.603
16.42	-5.54	1645.08	352.39
16.42	-5.54	1644.24	340.48699999999997
16.42	-5.54	1643.39	423.316
16.42	-5.54	1642.55	381.80699999999996
16.42	-5.54	1641.7	405.416
16.42	-5.54	1640.86	420.14
16.42	-5.54	1640.01	411.194
16.42	-5.54	1639.17	408.166
16.42	-5.54	1638.32	402.181
16.42	-5.54	1637.48	437.593
16.42	-5.54	1636.63	490.73
16.42	-5.54	1635.78	404.931
16.42	-5.54	1634.94	413.727
16.42	-5.54	1634.09	499.343
16.42	-5.54	1633.25	463.80699999999996
16.42	-5.54	1632.4	454.86699999999996
16.42	-5.54	1631.55	463.648
16.42	-5.54	1630.71	513.764
16.42	-5.54	1629.86	484.155
16.42	-5.54	1629.01	501.782
16.42	-5.54	1628.16	584.3290000000001
16.42	-5.54	1627.32	507.51199999999994
16.42	-5.54	1626.47	545.7769999999999
16.42	-5.54	1625.62	566.331
16.42	-5.54	1624.77	519.048
16.42	-5.54	1623.93	551.394
16.42	-5.54	1623.08	548.352
16.42	-5.54	1622.23	521.729
16.42	-5.54	1621.38	562.899
16.42	-5.54	1620.53	548.07
16.42	-5.54	1619.69	530.3
16.42	-5.54	1618.84	539.0459999999999
16.42	-5.54	1617.99	618.471
16.42	-5.54	1617.14	562.418
16.42	-5.54	1616.29	635.924
16.42	-5.54	1615.44	606.379
16.42	-5.54	1614.59	600.389
16.42	-5.54	1613.74	541.435
16.42	-5.54	1612.89	620.778
16.42	-5.54	1612.04	561.84
16.42	-5.54	1611.19	629.389
16.42	-5.54	1610.34	576.351
16.42	-5.54	1609.49	585.072
16.42	-5.54	1608.64	576.153
16.42	-5.54	1607.79	570.1759999999999
16.42	-5.54	1606.94	587.71
16.42	-5.54	1606.09	578.795
16.42	-5.54	1605.24	561.071
16.42	-5.54	1604.39	607.967
16.42	-5.54	1603.54	584.371
16.42	-5.54	1602.68	590.143
16.42	-5.54	1601.83	563.622
16.42	-5.54	1600.98	610.486
16.42	-5.54	1600.13	598.643
16.42	-5.54	1599.28	604.408
16.42	-5.54	1598.42	610.172
16.42	-5.54	1597.57	595.4019999999999
16.42	-5.54	1596.72	592.367
16.42	-5.54	1595.87	627.45
16.42	-5.54	1595.01	606.822
16.42	-5.54	1594.16	627.235
16.42	-5.54	1593.31	571.448
16.42	-5.54	1592.45	542.05
16.42	-5.54	1591.6	588.8290000000001
16.42	-5.54	1590.75	565.2959999999999
16.42	-5.54	1589.89	568.127
16.42	-5.54	1589.04	547.534
16.42	-5.54	1588.19	565.005
16.42	-5.54	1587.33	561.981
16.42	-5.54	1586.48	558.9580000000001
16.42	-5.54	1585.62	605.678
16.42	-5.54	1584.77	617.276
16.42	-5.54	1583.91	544.045
16.42	-5.54	1583.06	508.858
16.42	-5.54	1582.2	538.011
16.42	-5.54	1581.35	532.071
16.42	-5.54	1580.49	569.979
16.42	-5.54	1579.64	528.966
16.42	-5.54	1578.78	523.0319999999999
16.42	-5.54	1577.93	514.177
16.42	-5.54	1577.07	519.931
16.42	-5.54	1576.21	487.717
16.42	-5.54	1575.36	540.192
16.42	-5.54	1574.5	505.066
16.42	-5.54	1573.65	502.06
16.42	-5.54	1572.79	501.974
16.42	-5.54	1571.93	461.036
16.42	-5.54	1571.08	455.12199999999996
16.42	-5.54	1570.22	455.04400000000004
16.42	-5.54	1569.36	501.629
16.42	-5.54	1568.5	443.224
16.42	-5.54	1567.65	393.585
16.42	-5.54	1566.79	457.64599999999996
16.42	-5.54	1565.93	437.167
16.42	-5.54	1565.07	472.059
16.42	-5.54	1564.21	448.67
16.42	-5.54	1563.36	466.07099999999997
16.42	-5.54	1562.5	460.166
16.42	-5.54	1561.64	448.439
16.42	-5.54	1560.78	448.36199999999997
16.42	-5.54	1559.92	483.216
16.42	-5.54	1559.06	442.38699999999994
16.42	-5.54	1558.2	436.491
16.42	-5.54	1557.34	474.23800000000006
16.42	-5.54	1556.49	447.976
16.42	-5.54	1555.63	401.36400000000003
16.42	-5.54	1554.77	447.82199999999995
16.42	-5.54	1553.91	439.023
16.42	-5.54	1553.05	412.785
16.42	-5.54	1552.19	441.778
16.42	-5.54	1551.33	447.514
16.42	-5.54	1550.47	418.38300000000004
16.42	-5.54	1549.6	383.45099999999996
16.42	-5.54	1548.74	467.61400000000003
16.42	-5.54	1547.88	397.839
16.42	-5.54	1547.02	426.805
16.42	-5.54	1546.16	409.314
16.42	-5.54	1545.3	391.829
16.42	-5.54	1544.44	429.48699999999997
16.42	-5.54	1543.58	382.99
16.42	-5.54	1542.71	391.62699999999995
16.42	-5.54	1541.85	411.86199999999997
16.42	-5.54	1540.99	374.092
16.42	-5.54	1540.13	432.01599999999996
16.42	-5.54	1539.27	420.346
16.42	-5.54	1538.4	434.76599999999996
16.42	-5.54	1537.54	402.814
16.42	-5.54	1536.68	414.334
16.42	-5.54	1535.81	420.05699999999996
16.42	-5.54	1534.95	411.295
16.42	-5.54	1534.09	364.889
16.42	-5.54	1533.23	402.467
16.42	-5.54	1532.36	390.81800000000004
16.42	-5.54	1531.5	393.645
16.42	-5.54	1530.63	439.88
16.42	-5.54	1529.77	381.935
16.42	-5.54	1528.91	373.191
16.42	-5.54	1528.04	407.836
16.42	-5.54	1527.18	419.333
16.42	-5.54	1526.31	425.04400000000004
16.42	-5.54	1525.45	427.86199999999997
16.42	-5.54	1524.58	439.35
16.42	-5.54	1523.72	421.934
16.42	-5.54	1522.85	424.751
16.42	-5.54	1521.99	413.12199999999996
16.42	-5.54	1521.12	366.835
16.42	-5.54	1520.26	384.1
16.42	-5.54	1519.39	378.25800000000004
16.42	-5.54	1518.52	389.741
16.42	-5.54	1517.66	424.31199999999995
16.42	-5.54	1516.79	450.212
16.42	-5.54	1515.93	395.31
16.42	-5.54	1515.06	369.277
16.42	-5.54	1514.19	398.05800000000005
16.42	-5.54	1513.33	395.106
16.42	-5.54	1512.46	357.55199999999996
16.42	-5.54	1511.59	377.67199999999997
16.42	-5.54	1510.72	392.019
16.42	-5.54	1509.86	389.069
16.42	-5.54	1508.99	371.713
16.42	-5.54	1508.12	411.983
16.42	-5.54	1507.25	409.031
16.42	-5.54	1506.38	394.561
16.42	-5.54	1505.52	362.81800000000004
16.42	-5.54	1504.65	405.94
16.42	-5.54	1503.78	371.32800000000003
16.42	-5.54	1502.91	368.38599999999997
16.42	-5.54	1502.04	391.342
16.42	-5.54	1501.17	371.13599999999997
16.42	-5.54	1500.3	402.713
16.42	-5.54	1499.44	373.884
16.42	-5.54	1498.57	379.57
16.42	-5.54	1497.7	379.504
16.42	-5.54	1496.83	353.56800000000004
16.42	-5.54	1495.96	393.74300000000005
16.42	-5.54	1495.09	385.055
16.42	-5.54	1494.22	367.75
16.42	-5.54	1493.35	419.392
16.42	-5.54	1492.48	373.36699999999996
16.42	-5.54	1491.61	393.403
16.42	-5.54	1490.73	358.88300000000004
16.42	-5.54	1489.86	367.43199999999996
16.42	-5.54	1488.99	381.719
16.42	-5.54	1488.12	355.827
16.42	-5.54	1487.25	375.849
16.42	-5.54	1486.38	358.57199999999995
16.42	-5.54	1485.51	390.059
16.42	-5.54	1484.63	375.654
16.42	-5.54	1483.76	381.32300000000004
16.42	-5.54	1482.89	369.791
16.42	-5.54	1482.02	395.522
16.42	-5.54	1481.15	412.647
16.42	-5.54	1480.27	426.901
16.42	-5.54	1479.4	375.264
16.42	-5.54	1478.53	429.61800000000005
16.42	-5.54	1477.65	409.49800000000005
16.42	-5.54	1476.78	400.838
16.42	-5.54	1475.91	369.279
16.42	-5.54	1475.03	420.73400000000004
16.42	-5.54	1474.16	414.93800000000005
16.42	-5.54	1473.29	400.56
16.42	-5.54	1472.41	389.048
16.42	-5.54	1471.54	400.42199999999997
16.42	-5.54	1470.67	394.63300000000004
16.42	-5.54	1469.79	397.42400000000004
16.42	-5.54	1468.92	425.94199999999995
16.42	-5.54	1468.04	362.98800000000006
16.42	-5.54	1467.17	377.214
16.42	-5.54	1466.29	400.006
16.42	-5.54	1465.42	405.65
16.42	-5.54	1464.54	408.436
16.42	-5.54	1463.67	376.952
16.42	-5.54	1462.79	431.13599999999997
16.42	-5.54	1461.91	393.95
16.42	-5.54	1461.04	388.173
16.42	-5.54	1460.16	370.98400000000004
16.42	-5.54	1459.29	382.332
16.42	-5.54	1458.41	353.73900000000003
16.42	-5.54	1457.53	413.574
16.42	-5.54	1456.66	384.985
16.42	-5.54	1455.78	396.324
16.42	-5.54	1454.9	370.598
16.42	-5.54	1454.03	364.833
16.42	-5.54	1453.15	407.517
16.42	-5.54	1452.27	364.707
16.42	-5.54	1451.39	381.736
16.42	-5.54	1450.52	427.24300000000005
16.42	-5.54	1449.64	407.23400000000004
16.42	-5.54	1448.76	364.454
16.42	-5.54	1447.88	364.39099999999996
16.42	-5.54	1447.0	392.791
16.42	-5.54	1446.13	449.639
16.42	-5.54	1445.25	404.036
16.42	-5.54	1444.37	426.724
16.42	-5.54	1443.49	415.273
16.42	-5.54	1442.61	406.66900000000004
16.42	-5.54	1441.73	386.695
16.42	-5.54	1440.85	372.414
16.42	-5.54	1439.97	434.881
16.42	-5.54	1439.09	437.648
16.42	-5.54	1438.21	383.586
16.42	-5.54	1437.33	403.405
16.42	-5.54	1436.45	386.293
16.42	-5.54	1435.57	457.223
16.42	-5.54	1434.69	411.713
16.42	-5.54	1433.81	394.608
16.42	-5.54	1432.93	405.894
16.42	-5.54	1432.05	397.309
16.42	-5.54	1431.17	394.403
16.42	-5.54	1430.29	459.584
16.42	-5.54	1429.41	394.26599999999996
16.42	-5.54	1428.52	445.245
16.42	-5.54	1427.64	459.344
16.42	-5.54	1426.76	408.235
16.42	-5.54	1425.88	459.185
16.42	-5.54	1425.0	453.43699999999995
16.42	-5.54	1424.11	405.189
16.42	-5.54	1423.23	427.783
16.42	-5.54	1422.35	430.541
16.42	-5.54	1421.47	455.954
16.42	-5.54	1420.58	492.685
16.42	-5.54	1419.7	399.175
16.42	-5.54	1418.82	441.564
16.42	-5.54	1417.93	447.147
16.42	-5.54	1417.05	464.04699999999997
16.42	-5.54	1416.17	455.47900000000004
16.42	-5.54	1415.28	379.028
16.42	-5.54	1414.4	412.899
16.42	-5.54	1413.51	429.793
16.42	-5.54	1412.63	483.43300000000005
16.42	-5.54	1411.75	443.776
16.42	-5.54	1410.86	412.61199999999997
16.42	-5.54	1409.98	435.145
16.42	-5.54	1409.09	485.92199999999997
16.42	-5.54	1408.21	460.416
16.42	-5.54	1407.32	415.149
16.42	-5.54	1406.44	420.724
16.42	-5.54	1405.55	446.06
16.42	-5.54	1404.66	457.273
16.42	-5.54	1403.78	423.327
16.42	-5.54	1402.89	457.11300000000006
16.42	-5.54	1402.01	451.392
16.42	-5.54	1401.12	473.879
16.42	-5.54	1400.23	462.515
16.42	-5.54	1399.35	476.533
16.42	-5.54	1398.46	482.089
16.42	-5.54	1397.57	425.63
16.42	-5.54	1396.69	465.01199999999994
16.42	-5.54	1395.8	453.66
16.42	-5.54	1394.91	487.38800000000003
16.42	-5.54	1394.02	459.135
16.42	-5.54	1393.14	490.034
16.42	-5.54	1392.25	470.23800000000006
16.42	-5.54	1391.36	529.278
16.42	-5.54	1390.47	509.48199999999997
16.42	-5.54	1389.58	450.292
16.42	-5.54	1388.7	481.166
16.42	-5.54	1387.81	495.149
16.42	-5.54	1386.92	528.817
16.42	-5.54	1386.03	489.352
16.42	-5.54	1385.14	472.395
16.42	-5.54	1384.25	483.55800000000005
16.42	-5.54	1383.36	548.125
16.42	-5.54	1382.47	494.63199999999995
16.42	-5.54	1381.58	561.9830000000001
16.42	-5.54	1380.69	525.363
16.42	-5.54	1379.8	514.035
16.42	-5.54	1378.91	527.988
16.42	-5.54	1378.02	547.552
16.42	-5.54	1377.13	536.226
16.42	-5.54	1376.24	513.677
16.42	-5.54	1375.35	572.524
16.42	-5.54	1374.46	547.17
16.42	-5.54	1373.57	544.269
16.42	-5.54	1372.68	569.419
16.42	-5.54	1371.78	602.974
16.42	-5.54	1370.89	513.14
16.42	-5.54	1370.0	583.139
16.42	-5.54	1369.11	566.219
16.42	-5.54	1368.22	563.317
16.42	-5.54	1367.33	566.021
16.42	-5.54	1366.43	627.558
16.42	-5.54	1365.54	616.244
16.42	-5.54	1364.65	644.1419999999999
16.42	-5.54	1363.76	593.627
16.42	-5.54	1362.86	604.722
16.42	-5.54	1361.97	585.023
16.42	-5.54	1361.08	604.511
16.42	-5.54	1360.18	637.984
16.42	-5.54	1359.29	632.2769999999999
16.42	-5.54	1358.4	643.355
16.42	-5.54	1357.5	632.056
16.42	-5.54	1356.61	696.2589999999999
16.42	-5.54	1355.71	696.137
16.42	-5.54	1354.82	609.363
16.42	-5.54	1353.92	679.1260000000001
16.42	-5.54	1353.03	656.653
16.42	-5.54	1352.13	676.095
16.42	-5.54	1351.24	692.7360000000001
16.42	-5.54	1350.34	698.201
16.42	-5.54	1349.45	703.663
16.42	-5.54	1348.55	742.6260000000001
16.42	-5.54	1347.66	700.6260000000001
16.42	-5.54	1346.76	739.576
16.42	-5.54	1345.87	772.931
16.42	-5.54	1344.97	725.368
16.42	-5.54	1344.07	725.2410000000001
16.42	-5.54	1343.18	769.737
16.42	-5.54	1342.28	766.814
16.42	-5.54	1341.38	708.133
16.42	-5.54	1340.49	772.12
16.42	-5.54	1339.59	749.69
16.42	-5.54	1338.69	757.918
16.42	-5.54	1337.8	727.14
16.42	-5.54	1336.9	813.363
16.42	-5.54	1336.0	765.875
16.42	-5.54	1335.1	765.7410000000001
16.42	-5.54	1334.2	762.823
16.42	-5.54	1333.31	826.711
16.42	-5.54	1332.41	754.207
16.42	-5.54	1331.51	845.9
16.42	-5.54	1330.61	787.328
16.42	-5.54	1329.71	762.1560000000001
16.42	-5.54	1328.81	798.177
16.42	-5.54	1327.91	820.2819999999999
16.42	-5.54	1327.02	775.6569999999999
16.42	-5.54	1326.12	767.182
16.42	-5.54	1325.22	808.735
16.42	-5.54	1324.32	794.7
16.42	-5.54	1323.42	877.9069999999999
16.42	-5.54	1322.52	838.865
16.42	-5.54	1321.62	777.62
16.42	-5.54	1320.72	833.018
16.42	-5.54	1319.82	785.676
16.42	-5.54	1318.91	849.3810000000001
16.42	-5.54	1318.01	729.895
16.42	-5.54	1317.11	771.3889999999999
16.42	-5.54	1316.21	774.028
16.42	-5.54	1315.31	804.405
16.42	-5.54	1314.41	773.757
16.42	-5.54	1313.51	798.577
16.42	-5.54	1312.61	840.023
16.42	-5.54	1311.7	817.7
16.42	-5.54	1310.8	731.6439999999999
16.42	-5.54	1309.9	800.788
16.42	-5.54	1309.0	770.174
16.42	-5.54	1308.09	789.428
16.42	-5.54	1307.19	720.054
16.42	-5.54	1306.29	775.307
16.42	-5.54	1305.39	769.6339999999999
16.42	-5.54	1304.48	725.211
16.42	-5.54	1303.58	738.921
16.42	-5.54	1302.68	691.753
16.42	-5.54	1301.77	702.697
16.42	-5.54	1300.87	708.1060000000001
16.42	-5.54	1299.96	719.044
16.42	-5.54	1299.06	680.207
16.42	-5.54	1298.16	721.557
16.42	-5.54	1297.25	699.317
16.42	-5.54	1296.35	660.5039999999999
16.42	-5.54	1295.44	668.677
16.42	-5.54	1294.54	668.56
16.42	-5.54	1293.63	707.113
16.42	-5.54	1292.73	693.18
16.42	-5.54	1291.82	682.0139999999999
16.42	-5.54	1290.92	593.552
16.42	-5.54	1290.01	640.371
16.42	-5.54	1289.1	651.298
16.42	-5.54	1288.2	637.387
16.42	-5.54	1287.29	593.135
16.42	-5.54	1286.39	601.306
16.42	-5.54	1285.48	626.02
16.42	-5.54	1284.57	601.095
16.42	-5.54	1283.67	570.664
16.42	-5.54	1282.76	592.614
16.42	-5.54	1281.85	617.313
16.42	-5.54	1280.94	595.1619999999999
16.42	-5.54	1280.04	589.547
16.42	-5.54	1279.13	605.97
16.42	-5.54	1278.22	553.539
16.42	-5.54	1277.31	525.908
16.42	-5.54	1276.41	589.133
16.42	-5.54	1275.5	550.495
16.42	-5.54	1274.59	531.134
16.42	-5.54	1273.68	588.823
16.42	-5.54	1272.77	528.197
16.42	-5.54	1271.86	536.355
16.42	-5.54	1270.95	563.762
16.42	-5.54	1270.04	516.92
16.42	-5.54	1269.13	533.323
16.42	-5.54	1268.23	563.464
16.42	-5.54	1267.32	533.136
16.42	-5.54	1266.41	546.78
16.42	-5.54	1265.5	483.5
16.42	-5.54	1264.59	510.881
16.42	-5.54	1263.67	499.80699999999996
16.42	-5.54	1262.76	496.973
16.42	-5.54	1261.85	496.88599999999997
16.42	-5.54	1260.94	502.288
16.42	-5.54	1260.03	529.6419999999999
16.42	-5.54	1259.12	485.648
16.42	-5.54	1258.21	499.279
16.42	-5.54	1257.3	452.564
16.42	-5.54	1256.39	479.907
16.42	-5.54	1255.47	463.37199999999996
16.42	-5.54	1254.56	452.325
16.42	-5.54	1253.65	474.17199999999997
16.42	-5.54	1252.74	452.166
16.42	-5.54	1251.83	424.68699999999995
16.42	-5.54	1250.91	465.704
16.42	-5.54	1250.0	465.62199999999996
16.42	-5.54	1249.09	471.017
16.42	-5.54	1248.17	506.527
16.42	-5.54	1247.26	473.588
16.42	-5.54	1246.35	481.716
16.42	-5.54	1245.43	443.319
16.42	-5.54	1244.52	448.713
16.42	-5.54	1243.61	429.485
16.42	-5.54	1242.69	443.085
16.42	-5.54	1241.78	440.273
16.42	-5.54	1240.86	464.80199999999996
16.42	-5.54	1239.95	374.51
16.42	-5.54	1239.03	418.17400000000004
16.42	-5.54	1238.12	396.23900000000003
16.42	-5.54	1237.2	426.224
16.42	-5.54	1236.29	442.539
16.42	-5.54	1235.37	385.105
16.42	-5.54	1234.46	442.38300000000004
16.42	-5.54	1233.54	428.654
16.42	-5.54	1232.63	425.848
16.42	-5.54	1231.71	428.50199999999995
16.42	-5.54	1230.8	428.42699999999996
16.42	-5.54	1229.88	417.43800000000005
16.42	-5.54	1228.96	431.004
16.42	-5.54	1228.05	420.01800000000003
16.42	-5.54	1227.13	425.398
16.42	-5.54	1226.21	411.691
16.42	-5.54	1225.3	395.26199999999994
16.42	-5.54	1224.38	395.19300000000004
16.42	-5.54	1223.46	395.12300000000005
16.42	-5.54	1222.54	389.60400000000004
16.42	-5.54	1221.63	394.983
16.42	-5.54	1220.71	392.19
16.42	-5.54	1219.79	416.629
16.42	-5.54	1218.87	438.336
16.42	-5.54	1217.95	381.094
16.42	-5.54	1217.03	386.47
16.42	-5.54	1216.12	364.63300000000004
16.42	-5.54	1215.2	418.98199999999997
16.42	-5.54	1214.28	405.30699999999996
16.42	-5.54	1213.36	399.796
16.42	-5.54	1212.44	386.129
16.42	-5.54	1211.52	405.092
16.42	-5.54	1210.6	388.711
16.42	-5.54	1209.68	426.691
16.42	-5.54	1208.76	423.899
16.42	-5.54	1207.84	380.355
16.42	-5.54	1206.92	402.01800000000003
16.42	-5.54	1206.0	391.084
16.42	-5.54	1205.08	429.03
16.42	-5.54	1204.16	439.814
16.42	-5.54	1203.24	363.73199999999997
16.42	-5.54	1202.31	385.38
16.42	-5.54	1201.39	377.171
16.42	-5.54	1200.47	393.38199999999995
16.42	-5.54	1199.55	401.45
16.42	-5.54	1198.63	347.139
16.42	-5.54	1197.71	395.885
16.42	-5.54	1196.78	409.371
16.42	-5.54	1195.86	420.14099999999996
16.42	-5.54	1194.94	360.444
16.42	-5.54	1194.02	382.05699999999996
16.42	-5.54	1193.09	384.699
16.42	-5.54	1192.17	384.631
16.42	-5.54	1191.25	376.43800000000005
16.42	-5.54	1190.32	395.32599999999996
16.42	-5.54	1189.4	368.18300000000005
16.42	-5.54	1188.48	370.825
16.42	-5.54	1187.55	422.17900000000003
16.42	-5.54	1186.63	381.517
16.42	-5.54	1185.71	400.38699999999994
16.42	-5.54	1184.78	370.56300000000005
16.42	-5.54	1183.86	384.019
16.42	-5.54	1182.93	359.616
16.42	-5.54	1182.01	367.663
16.42	-5.54	1181.08	370.3
16.42	-5.54	1180.16	386.45
16.42	-5.54	1179.23	359.36199999999997
16.42	-5.54	1178.31	380.91
16.42	-5.54	1177.38	410.55300000000005
16.42	-5.54	1176.46	396.978
16.42	-5.54	1175.53	367.207
16.42	-5.54	1174.6	372.541
16.42	-5.54	1173.68	337.38699999999994
16.42	-5.54	1172.75	391.3
16.42	-5.54	1171.82	372.343
16.42	-5.54	1170.9	366.88199999999995
16.42	-5.54	1169.97	385.69800000000004
16.42	-5.54	1169.04	382.93199999999996
16.42	-5.54	1168.12	361.295
16.42	-5.54	1167.19	382.79699999999997
16.42	-5.54	1166.26	412.37699999999995
16.42	-5.54	1165.33	388.051
16.42	-5.54	1164.41	379.899
16.42	-5.54	1163.48	393.301
16.42	-5.54	1162.55	371.684
16.42	-5.54	1161.62	360.847
16.42	-5.54	1160.69	387.707
16.42	-5.54	1159.76	382.254
16.42	-5.54	1158.84	401.027
16.42	-5.54	1157.91	371.355
16.42	-5.54	1156.98	376.67
16.42	-5.54	1156.05	411.574
16.42	-5.54	1155.12	381.916
16.42	-5.54	1154.19	371.092
16.42	-5.54	1153.26	341.45099999999996
16.42	-5.54	1152.33	354.83099999999996
16.42	-5.54	1151.4	370.894
16.42	-5.54	1150.47	333.208
16.42	-5.54	1149.54	370.76300000000003
16.42	-5.54	1148.61	365.324
16.42	-5.54	1147.68	381.374
16.42	-5.54	1146.75	335.657
16.42	-5.54	1145.81	370.5
16.42	-5.54	1144.88	383.855
16.42	-5.54	1143.95	378.42
16.42	-5.54	1143.02	381.036
16.42	-5.54	1142.09	383.651
16.42	-5.54	1141.16	394.31199999999995
16.42	-5.54	1140.22	383.515
16.42	-5.54	1139.29	359.314
16.42	-5.54	1138.36	337.80199999999996
16.42	-5.54	1137.43	388.671
16.42	-5.54	1136.49	388.602
16.42	-5.54	1135.56	364.418
16.42	-5.54	1134.63	409.897
16.42	-5.54	1133.69	372.324
16.42	-5.54	1132.76	356.189
16.42	-5.54	1131.83	377.54699999999997
16.42	-5.54	1130.89	374.80300000000005
16.42	-5.54	1129.96	369.38300000000004
16.42	-5.54	1129.02	385.374
16.42	-5.54	1128.09	393.333
16.42	-5.54	1127.16	369.186
16.42	-5.54	1126.22	339.69800000000004
16.42	-5.54	1125.29	382.426
16.42	-5.54	1124.35	342.251
16.42	-5.54	1123.42	392.98400000000004
16.42	-5.54	1122.48	339.45599999999996
16.42	-5.54	1121.55	398.189
16.42	-5.54	1120.61	320.632
16.42	-5.54	1119.67	379.347
16.42	-5.54	1118.74	405.98900000000003
16.42	-5.54	1117.8	357.848
16.42	-5.54	1116.87	363.124
16.42	-5.54	1115.93	365.72900000000004
16.42	-5.54	1114.99	344.31199999999995
16.42	-5.54	1114.06	408.29699999999997
16.42	-5.54	1113.12	354.86199999999997
16.42	-5.54	1112.18	336.125
16.42	-5.54	1111.24	330.731
16.42	-5.54	1110.31	357.339
16.42	-5.54	1109.37	402.601
16.42	-5.54	1108.43	359.87800000000004
16.42	-5.54	1107.49	330.495
16.42	-5.54	1106.55	367.744
16.42	-5.54	1105.62	365.014
16.42	-5.54	1104.68	362.285
16.42	-5.54	1103.74	364.884
16.42	-5.54	1102.8	330.20099999999996
16.42	-5.54	1101.86	340.792
16.42	-5.54	1100.92	330.084
16.42	-5.54	1099.98	375.27
16.42	-5.54	1099.04	367.221
16.42	-5.54	1098.1	409.724
16.42	-5.54	1097.16	364.43
16.42	-5.54	1096.22	335.10900000000004
16.42	-5.54	1095.28	385.57300000000004
16.42	-5.54	1094.34	332.33099999999996
16.42	-5.54	1093.4	374.80300000000005
16.42	-5.54	1092.46	417.259
16.42	-5.54	1091.52	353.411
16.42	-5.54	1090.58	358.662
16.42	-5.54	1089.64	347.973
16.42	-5.54	1088.7	374.469
16.42	-5.54	1087.76	385.024
16.42	-5.54	1086.81	366.371
16.42	-5.54	1085.87	382.23199999999997
16.42	-5.54	1084.93	323.778
16.42	-5.54	1083.99	344.94699999999995
16.42	-5.54	1083.05	344.88599999999997
16.42	-5.54	1082.1	355.434
16.42	-5.54	1081.16	371.283
16.42	-5.54	1080.22	373.86800000000005
16.42	-5.54	1079.28	365.849
16.42	-5.54	1078.33	360.48199999999997
16.42	-5.54	1077.39	325.966
16.42	-5.54	1076.45	378.901
16.42	-5.54	1075.5	349.69199999999995
16.42	-5.54	1074.56	328.44
16.42	-5.54	1073.61	378.69800000000004
16.42	-5.54	1072.67	352.153
16.42	-5.54	1071.73	346.796
16.42	-5.54	1070.78	344.087
16.42	-5.54	1069.84	381.074
16.42	-5.54	1068.89	357.194
16.42	-5.54	1067.95	343.903
16.42	-5.54	1067.0	343.841
16.42	-5.54	1066.06	351.713
16.42	-5.54	1065.11	330.499
16.42	-5.54	1064.16	348.944
16.42	-5.54	1063.22	333.024
16.42	-5.54	1062.27	340.892
16.42	-5.54	1061.33	346.115
16.42	-5.54	1060.38	327.562
16.42	-5.54	1059.43	345.99199999999996
16.42	-5.54	1058.49	364.415
16.42	-5.54	1057.54	369.63
16.42	-5.54	1056.59	345.806
16.42	-5.54	1055.65	395.89099999999996
16.42	-5.54	1054.7	345.68300000000005
16.42	-5.54	1053.75	340.344
16.42	-5.54	1052.8	329.73199999999997
16.42	-5.54	1051.85	395.608
16.42	-5.54	1050.91	342.79900000000004
16.42	-5.54	1049.96	382.284
16.42	-5.54	1049.01	350.584
16.42	-5.54	1048.06	332.07300000000004
16.42	-5.54	1047.11	371.539
16.42	-5.54	1046.16	353.031
16.42	-5.54	1045.21	350.333
16.42	-5.54	1044.27	358.17199999999997
16.42	-5.54	1043.32	334.409
16.42	-5.54	1042.37	355.411
16.42	-5.54	1041.42	376.405
16.42	-5.54	1040.47	373.70599999999996
16.42	-5.54	1039.52	347.32599999999996
16.42	-5.54	1038.57	360.418
16.42	-5.54	1037.62	357.723
16.42	-5.54	1036.67	391.847
16.42	-5.54	1035.71	349.707
16.42	-5.54	1034.76	360.16
16.42	-5.54	1033.81	349.582
16.42	-5.54	1032.86	383.68300000000005
16.42	-5.54	1031.91	359.967
16.42	-5.54	1030.96	352.02099999999996
16.42	-5.54	1030.01	315.187
16.42	-5.54	1029.05	338.765
16.42	-5.54	1028.1	346.58099999999996
16.42	-5.54	1027.15	362.27
16.42	-5.54	1026.2	367.454
16.42	-5.54	1025.24	383.134
16.42	-5.54	1024.29	343.709
16.42	-5.54	1023.34	346.27099999999996
16.42	-5.54	1022.39	348.832
16.42	-5.54	1021.43	388.10400000000004
16.42	-5.54	1020.48	325.11
16.42	-5.54	1019.52	353.88699999999994
16.42	-5.54	1018.57	380.033
16.42	-5.54	1017.62	351.14
16.42	-5.54	1016.66	327.497
16.42	-5.54	1015.71	324.819
16.42	-5.54	1014.75	335.23699999999997
16.42	-5.54	1013.8	340.414
16.42	-5.54	1012.84	353.44300000000004
16.42	-5.54	1011.89	350.76199999999994
16.42	-5.54	1010.93	353.31699999999995
16.42	-5.54	1009.98	327.086
16.42	-5.54	1009.02	324.41200000000003
16.42	-5.54	1008.07	353.12699999999995
16.42	-5.54	1007.11	368.755
16.42	-5.54	1006.16	347.77
16.42	-5.54	1005.2	355.551
16.42	-5.54	1004.24	365.94300000000004
16.42	-5.54	1003.29	344.97
16.42	-5.54	1002.33	318.779
16.42	-5.54	1001.37	363.13300000000004
16.42	-5.54	1000.41	321.276
16.42	-5.54	999.4580000000001	352.55699999999996
16.42	-5.54	998.5	336.827
16.42	-5.54	997.543	347.209
16.42	-5.54	996.585	347.147
16.42	-5.54	995.627	347.085
16.42	-5.54	994.669	362.67800000000005
16.42	-5.54	993.71	360.004
16.42	-5.54	992.752	359.939
16.42	-5.54	991.793	312.934
16.42	-5.54	990.834	346.773
16.42	-5.54	989.875	307.608
16.42	-5.54	988.916	372.713
16.42	-5.54	987.957	338.769
16.42	-5.54	986.997	359.551
16.42	-5.54	986.0369999999999	338.647
16.42	-5.54	985.078	367.236
16.42	-5.54	984.118	325.505
16.42	-5.54	983.1569999999999	341.06800000000004
16.42	-5.54	982.197	369.64099999999996
16.42	-5.54	981.2360000000001	320.125
16.42	-5.54	980.2760000000001	379.917
16.42	-5.54	979.315	343.425
16.42	-5.54	978.3539999999999	382.38199999999995
16.42	-5.54	977.3919999999999	319.894
16.42	-5.54	976.431	343.24
16.42	-5.54	975.4689999999999	330.17900000000003
16.42	-5.54	974.508	340.517
16.42	-5.54	973.546	330.06
16.42	-5.54	972.584	355.985
16.42	-5.54	971.6210000000001	361.11699999999996
16.42	-5.54	970.659	332.48
16.42	-5.54	969.696	360.98699999999997
16.42	-5.54	968.7330000000001	340.15
16.42	-5.54	967.77	337.49199999999996
16.42	-5.54	966.807	355.601
16.42	-5.54	965.8439999999999	332.181
16.42	-5.54	964.88	326.932
16.42	-5.54	963.9169999999999	352.815
16.42	-5.54	962.953	319.033
16.42	-5.54	961.9889999999999	368.24800000000005
16.42	-5.54	961.025	339.661
16.42	-5.54	960.06	373.3
16.42	-5.54	959.096	329.171
16.42	-5.54	958.1310000000001	360.209
16.42	-5.54	957.166	329.05199999999996
16.42	-5.54	956.201	277.183
16.42	-5.54	955.2360000000001	357.42400000000004
16.42	-5.54	954.27	344.412
16.42	-5.54	953.305	359.885
16.42	-5.54	952.3389999999999	354.642
16.42	-5.54	951.373	326.10900000000004
16.42	-5.54	950.4069999999999	297.585
16.42	-5.54	949.441	336.34
16.42	-5.54	948.4739999999999	375.08099999999996
16.42	-5.54	947.508	356.91
16.42	-5.54	946.541	338.744
16.42	-5.54	945.574	380.04900000000004
16.42	-5.54	944.607	338.62199999999996
16.42	-5.54	943.6389999999999	338.561
16.42	-5.54	942.672	317.829
16.42	-5.54	941.704	333.272
16.42	-5.54	940.7360000000001	340.961
16.42	-5.54	939.768	327.98699999999997
16.42	-5.54	938.8	335.67400000000004
16.42	-5.54	937.832	343.35900000000004
16.42	-5.54	936.863	317.485
16.42	-5.54	935.8939999999999	335.49300000000005
16.42	-5.54	934.926	301.889
16.42	-5.54	933.956	332.792
16.42	-5.54	932.987	322.415
16.42	-5.54	932.018	327.514
16.42	-5.54	931.048	337.769
16.42	-5.54	930.078	309.351
16.42	-5.54	929.1080000000001	345.379
16.42	-5.54	928.138	311.816
16.42	-5.54	927.168	360.714
16.42	-5.54	926.198	311.704
16.42	-5.54	925.227	352.85699999999997
16.42	-5.54	924.2560000000001	334.767
16.42	-5.54	923.285	345.006
16.42	-5.54	922.314	311.47900000000004
16.42	-5.54	921.3430000000001	337.16
16.42	-5.54	920.3710000000001	344.819
16.42	-5.54	919.3989999999999	334.465
16.42	-5.54	918.427	344.694
16.42	-5.54	917.455	326.629
16.42	-5.54	916.4830000000001	385.713
16.42	-5.54	915.5110000000001	344.50800000000004
16.42	-5.54	914.538	349.587
16.42	-5.54	913.565	318.683
16.42	-5.54	912.5930000000001	331.473
16.42	-5.54	911.6189999999999	346.82800000000003
16.42	-5.54	910.6460000000001	385.295
16.42	-5.54	909.673	321.02099999999996
16.42	-5.54	908.699	395.42699999999996
16.42	-5.54	907.725	313.203
16.42	-5.54	906.7510000000001	336.24800000000005
16.42	-5.54	905.7769999999999	354.151
16.42	-5.54	904.803	315.6
16.42	-5.54	903.828	310.41200000000003
16.42	-5.54	902.8539999999999	328.31
16.42	-5.54	901.8789999999999	346.202
16.42	-5.54	900.904	294.85900000000004
16.42	-5.54	899.928	348.64
16.42	-5.54	898.953	328.07300000000004
16.42	-5.54	897.977	340.82599999999996
16.42	-5.54	897.002	340.765
16.42	-5.54	896.0260000000001	327.895
16.42	-5.54	895.05	327.836
16.42	-5.54	894.073	335.459
16.42	-5.54	893.097	330.277
16.42	-5.54	892.12	327.658
16.42	-5.54	891.1439999999999	332.717
16.42	-5.54	890.1669999999999	322.421
16.42	-5.54	889.189	289.103
16.42	-5.54	888.212	319.747
16.42	-5.54	887.235	352.93699999999995
16.42	-5.54	886.257	368.215
16.42	-5.54	885.279	337.469
16.42	-5.54	884.301	352.745
16.42	-5.54	883.323	345.014
16.42	-5.54	882.3439999999999	306.624
16.42	-5.54	881.3660000000001	314.232
16.42	-5.54	880.387	326.947
16.42	-5.54	879.408	354.98
16.42	-5.54	878.429	306.402
16.42	-5.54	877.45	298.688
16.42	-5.54	876.47	329.26300000000003
16.42	-5.54	875.4910000000001	370.034
16.42	-5.54	874.5110000000001	280.665
16.42	-5.54	873.5310000000001	311.22700000000003
16.42	-5.54	872.551	321.372
16.42	-5.54	871.57	318.764
16.42	-5.54	870.59	326.355
16.42	-5.54	869.6089999999999	308.452
16.42	-5.54	868.628	372.11400000000003
16.42	-5.54	867.6469999999999	326.178
16.42	-5.54	866.666	315.928
16.42	-5.54	865.684	354.08099999999996
16.42	-5.54	864.703	369.298
16.42	-5.54	863.721	310.663
16.42	-5.54	862.7389999999999	341.158
16.42	-5.54	861.757	374.18800000000005
16.42	-5.54	860.775	305.404
16.42	-5.54	859.7919999999999	300.26
16.42	-5.54	858.81	335.82300000000004
16.42	-5.54	857.827	330.67400000000004
16.42	-5.54	856.8439999999999	330.615
16.42	-5.54	855.86	333.097
16.42	-5.54	854.877	322.868
16.42	-5.54	853.8939999999999	335.51800000000003
16.42	-5.54	852.91	317.668
16.42	-5.54	851.926	304.906
16.42	-5.54	850.942	325.17400000000004
16.42	-5.54	849.9580000000001	342.895
16.42	-5.54	848.9730000000001	314.89799999999997
16.42	-5.54	847.988	312.302
16.42	-5.54	847.0039999999999	342.708
16.42	-5.54	846.0189999999999	335.032
16.42	-5.54	845.034	342.584
16.42	-5.54	844.048	355.208
16.42	-5.54	843.063	319.629
16.42	-5.54	842.077	362.68699999999995
16.42	-5.54	841.091	327.12
16.42	-5.54	840.105	334.667
16.42	-5.54	839.1189999999999	334.606
16.42	-5.54	838.132	337.08
16.42	-5.54	837.1460000000001	339.55199999999996
16.42	-5.54	836.159	326.823
16.42	-5.54	835.172	344.495
16.42	-5.54	834.185	336.835
16.42	-5.54	833.198	319.04900000000004
16.42	-5.54	832.21	318.991
16.42	-5.54	831.222	336.651
16.42	-5.54	830.235	331.529
16.42	-5.54	829.247	366.89300000000003
16.42	-5.54	828.258	351.647
16.42	-5.54	827.27	333.87699999999995
16.42	-5.54	826.2810000000001	333.81699999999995
16.42	-5.54	825.293	318.585
16.42	-5.54	824.304	358.975
16.42	-5.54	823.315	328.58
16.42	-5.54	822.325	338.62800000000004
16.42	-5.54	821.336	368.88599999999997
16.42	-5.54	820.346	346.083
16.42	-5.54	819.3560000000001	328.341
16.42	-5.54	818.3660000000001	318.18
16.42	-5.54	817.3760000000001	325.69599999999997
16.42	-5.54	816.3860000000001	302.918
16.42	-5.54	815.395	333.15
16.42	-5.54	814.405	363.37
16.42	-5.54	813.414	317.89099999999996
16.42	-5.54	812.423	315.31
16.42	-5.54	811.431	320.297
16.42	-5.54	810.44	297.545
16.42	-5.54	809.448	307.575
16.42	-5.54	808.456	310.04
16.42	-5.54	807.4639999999999	304.943
16.42	-5.54	806.472	352.76199999999994
16.42	-5.54	805.48	317.428
16.42	-5.54	804.487	304.776
16.42	-5.54	803.495	322.349
16.42	-5.54	802.502	329.844
16.42	-5.54	801.5089999999999	319.714
16.42	-5.54	800.5160000000001	339.792
16.42	-5.54	799.5219999999999	312.048
16.42	-5.54	798.528	276.767
16.42	-5.54	797.535	314.45
16.42	-5.54	796.541	329.48400000000004
16.42	-5.54	795.547	349.541
16.42	-5.54	794.552	321.82099999999997
16.42	-5.54	793.558	339.35900000000004
16.42	-5.54	792.563	319.191
16.42	-5.54	791.568	311.594
16.42	-5.54	790.573	364.298
16.42	-5.54	789.578	319.01599999999996
16.42	-5.54	788.582	326.493
16.42	-5.54	787.587	371.631
16.42	-5.54	786.591	336.416
16.42	-5.54	785.595	328.824
16.42	-5.54	784.5989999999999	278.57099999999997
16.42	-5.54	783.602	283.539
16.42	-5.54	782.6060000000001	323.627
16.42	-5.54	781.6089999999999	331.093
16.42	-5.54	780.612	290.907
16.42	-5.54	779.615	330.972
16.42	-5.54	778.618	328.405
16.42	-5.54	777.6210000000001	280.722
16.42	-5.54	776.623	330.791
16.42	-5.54	775.625	395.874
16.42	-5.54	774.627	305.619
16.42	-5.54	773.6289999999999	333.11400000000003
16.42	-5.54	772.6310000000001	325.541
16.42	-5.54	771.632	325.482
16.42	-5.54	770.6339999999999	300.39
16.42	-5.54	769.635	315.35200000000003
16.42	-5.54	768.6360000000001	320.29900000000004
16.42	-5.54	767.6360000000001	320.24
16.42	-5.54	766.637	310.176
16.42	-5.54	765.637	327.626
16.42	-5.54	764.637	302.561
16.42	-5.54	763.638	320.007
16.42	-5.54	762.637	357.44199999999995
16.42	-5.54	761.637	317.39099999999996
16.42	-5.54	760.6360000000001	322.33
16.42	-5.54	759.6360000000001	342.25699999999995
16.42	-5.54	758.635	292.23900000000003
16.42	-5.54	757.6339999999999	319.656
16.42	-5.54	756.633	342.069
16.42	-5.54	755.6310000000001	309.55400000000003
16.42	-5.54	754.6289999999999	341.944
16.42	-5.54	753.628	329.404
16.42	-5.54	752.6260000000001	324.35400000000004
16.42	-5.54	751.623	336.76800000000003
16.42	-5.54	750.6210000000001	319.247
16.42	-5.54	749.6189999999999	339.13800000000003
16.42	-5.54	748.6160000000001	331.597
16.42	-5.54	747.613	306.60900000000004
16.42	-5.54	746.61	346.42900000000003
16.42	-5.54	745.607	343.874
16.42	-5.54	744.6030000000001	338.82800000000003
16.42	-5.54	743.5989999999999	328.80300000000005
16.42	-5.54	742.596	346.176
16.42	-5.54	741.592	316.232
16.42	-5.54	740.587	323.643
16.42	-5.54	739.5830000000001	296.204
16.42	-5.54	738.579	335.968
16.42	-5.54	737.574	301.072
16.42	-5.54	736.569	348.284
16.42	-5.54	735.564	335.784
16.42	-5.54	734.558	333.235
16.42	-5.54	733.553	300.85200000000003
16.42	-5.54	732.547	303.282
16.42	-5.54	731.541	328.082
16.42	-5.54	730.535	305.656
16.42	-5.54	729.529	298.147
16.42	-5.54	728.523	312.997
16.42	-5.54	727.5160000000001	295.55400000000003
16.42	-5.54	726.5089999999999	310.399
16.42	-5.54	725.503	302.894
16.42	-5.54	724.495	362.413
16.42	-5.54	723.488	297.819
16.42	-5.54	722.4810000000001	290.32099999999997
16.42	-5.54	721.4730000000001	325.0
16.42	-5.54	720.465	302.617
16.42	-5.54	719.457	305.041
16.42	-5.54	718.449	314.904
16.42	-5.54	717.44	312.367
16.42	-5.54	716.432	347.01099999999997
16.42	-5.54	715.423	294.905
16.42	-5.54	714.414	344.406
16.42	-5.54	713.405	309.661
16.42	-5.54	712.395	304.65
16.42	-5.54	711.3860000000001	314.5
16.42	-5.54	710.3760000000001	339.20099999999996
16.42	-5.54	709.3660000000001	289.63
16.42	-5.54	708.3560000000001	294.527
16.42	-5.54	707.346	319.218
16.42	-5.54	706.335	282.048
16.42	-5.54	705.325	304.259
16.42	-5.54	704.314	281.945
16.42	-5.54	703.303	311.566
16.42	-5.54	702.2919999999999	269.48
16.42	-5.54	701.28	289.205
16.42	-5.54	700.2689999999999	331.166
16.42	-5.54	699.257	308.867
16.42	-5.54	698.245	331.04400000000004
16.42	-5.54	697.2330000000001	308.753
16.42	-5.54	696.22	306.22700000000003
16.42	-5.54	695.2080000000001	316.047
16.42	-5.54	694.195	306.115
16.42	-5.54	693.182	293.717
16.42	-5.54	692.169	298.599
16.42	-5.54	691.1560000000001	303.47900000000004
16.42	-5.54	690.143	283.688
16.42	-5.54	689.1289999999999	318.166
16.42	-5.54	688.115	286.05
16.42	-5.54	687.1010000000001	303.256
16.42	-5.54	686.087	290.875
16.42	-5.54	685.073	295.751
16.42	-5.54	684.058	298.161
16.42	-5.54	683.043	295.642
16.42	-5.54	682.028	337.463
16.42	-5.54	681.013	327.55
16.42	-5.54	679.998	288.092
16.42	-5.54	678.9830000000001	324.967
16.42	-5.54	677.967	310.139
16.42	-5.54	676.951	322.387
16.42	-5.54	675.935	292.802
16.42	-5.54	674.919	314.888
16.42	-5.54	673.9019999999999	314.83
16.42	-5.54	672.8860000000001	275.426
16.42	-5.54	671.8689999999999	297.504
16.42	-5.54	670.852	297.449
16.42	-5.54	669.835	331.80400000000003
16.42	-5.54	668.817	277.681
16.42	-5.54	667.8	280.087
16.42	-5.54	666.7819999999999	262.84
16.42	-5.54	665.7639999999999	248.05599999999998
16.42	-5.54	664.7460000000001	304.488
16.42	-5.54	663.7280000000001	301.976
16.42	-5.54	662.709	304.376
16.42	-5.54	661.691	284.686
16.42	-5.54	660.672	299.356
16.42	-5.54	659.653	279.675
16.42	-5.54	658.6339999999999	296.793
16.42	-5.54	657.6139999999999	291.834
16.42	-5.54	656.595	308.944
16.42	-5.54	655.575	289.275
16.42	-5.54	654.555	299.026
16.42	-5.54	653.535	303.872
16.42	-5.54	652.514	276.86400000000003
16.42	-5.54	651.494	323.357
16.42	-5.54	650.4730000000001	286.559
16.42	-5.54	649.452	266.916
16.42	-5.54	648.431	313.385
16.42	-5.54	647.41	288.849
16.42	-5.54	646.388	279.006
16.42	-5.54	645.366	286.296
16.42	-5.54	644.345	344.959
16.42	-5.54	643.323	256.837
16.42	-5.54	642.3	266.572
16.42	-5.54	641.278	266.52299999999997
16.42	-5.54	640.255	268.91900000000004
16.42	-5.54	639.232	295.756
16.42	-5.54	638.2090000000001	290.814
16.42	-5.54	637.186	322.524
16.42	-5.54	636.163	305.36400000000003
16.42	-5.54	635.139	290.653
16.42	-5.54	634.116	258.85400000000004
16.42	-5.54	633.092	268.572
16.42	-5.54	632.068	273.405
16.42	-5.54	631.043	278.236
16.42	-5.54	630.019	307.467
16.42	-5.54	628.994	292.772
16.42	-5.54	627.969	300.036
16.42	-5.54	626.944	307.297
16.42	-5.54	625.919	268.226
16.42	-5.54	624.893	302.308
16.42	-5.54	623.868	277.877
16.42	-5.54	622.842	294.885
16.42	-5.54	621.816	302.14
16.42	-5.54	620.79	243.61700000000002
16.42	-5.54	619.763	282.543
16.42	-5.54	618.737	301.973
16.42	-5.54	617.71	270.265
16.42	-5.54	616.683	299.427
16.42	-5.54	615.656	282.335
16.42	-5.54	614.629	284.716
16.42	-5.54	613.601	270.065
16.42	-5.54	612.573	289.476
16.42	-5.54	611.545	335.63300000000004
16.42	-5.54	610.5169999999999	289.369
16.42	-5.54	609.489	252.847
16.42	-5.54	608.461	286.83099999999996
16.42	-5.54	607.432	308.651
16.42	-5.54	606.403	272.14599999999996
16.42	-5.54	605.374	310.967
16.42	-5.54	604.345	306.051
16.42	-5.54	603.315	259.853
16.42	-5.54	602.286	279.22900000000004
16.42	-5.54	601.256	318.02
16.42	-5.54	600.226	264.563
