-1.02	-1.68	1799.66	479.837
-1.02	-1.68	1798.84	519.481
-1.02	-1.68	1798.03	458.289
-1.02	-1.68	1797.21	455.156
-1.02	-1.68	1796.39	519.2180000000001
-1.02	-1.68	1795.57	513.023
-1.02	-1.68	1794.75	467.139
-1.02	-1.68	1793.93	497.587
-1.02	-1.68	1793.11	500.555
-1.02	-1.68	1792.29	497.41900000000004
-1.02	-1.68	1791.47	527.846
-1.02	-1.68	1790.65	445.39
-1.02	-1.68	1789.84	497.167
-1.02	-1.68	1789.02	494.033
-1.02	-1.68	1788.2	469.55699999999996
-1.02	-1.68	1787.38	496.915
-1.02	-1.68	1786.56	512.071
-1.02	-1.68	1785.73	539.4119999999999
-1.02	-1.68	1784.91	524.086
-1.02	-1.68	1784.09	472.207
-1.02	-1.68	1783.27	505.63300000000004
-1.02	-1.68	1782.45	523.82
-1.02	-1.68	1781.63	529.822
-1.02	-1.68	1780.81	499.288
-1.02	-1.68	1779.99	505.291
-1.02	-1.68	1779.17	532.596
-1.02	-1.68	1778.35	477.73400000000004
-1.02	-1.68	1777.52	520.247
-1.02	-1.68	1776.7	480.615
-1.02	-1.68	1775.88	480.533
-1.02	-1.68	1775.06	465.24800000000005
-1.02	-1.68	1774.24	510.774
-1.02	-1.68	1773.41	474.21
-1.02	-1.68	1772.59	492.366
-1.02	-1.68	1771.77	489.24300000000005
-1.02	-1.68	1770.95	522.582
-1.02	-1.68	1770.12	568.059
-1.02	-1.68	1769.3	516.33
-1.02	-1.68	1768.48	473.72900000000004
-1.02	-1.68	1767.65	576.88
-1.02	-1.68	1766.83	522.14
-1.02	-1.68	1766.01	503.84
-1.02	-1.68	1765.18	534.102
-1.02	-1.68	1764.36	515.806
-1.02	-1.68	1763.53	494.483
-1.02	-1.68	1762.71	524.731
-1.02	-1.68	1761.88	515.544
-1.02	-1.68	1761.06	491.2
-1.02	-1.68	1760.24	521.433
-1.02	-1.68	1759.41	569.842
-1.02	-1.68	1758.59	566.715
-1.02	-1.68	1757.76	548.439
-1.02	-1.68	1756.94	545.316
-1.02	-1.68	1756.11	554.311
-1.02	-1.68	1755.28	505.76099999999997
-1.02	-1.68	1754.46	502.647
-1.02	-1.68	1753.63	541.919
-1.02	-1.68	1752.81	550.908
-1.02	-1.68	1751.98	484.233
-1.02	-1.68	1751.16	553.748
-1.02	-1.68	1750.33	511.298
-1.02	-1.68	1749.5	514.236
-1.02	-1.68	1748.68	547.418
-1.02	-1.68	1747.85	538.253
-1.02	-1.68	1747.02	547.232
-1.02	-1.68	1746.2	480.63599999999997
-1.02	-1.68	1745.37	474.51
-1.02	-1.68	1744.54	574.15
-1.02	-1.68	1743.71	519.669
-1.02	-1.68	1742.89	546.768
-1.02	-1.68	1742.06	510.43199999999996
-1.02	-1.68	1741.23	619.058
-1.02	-1.68	1740.4	576.683
-1.02	-1.68	1739.57	470.92800000000005
-1.02	-1.68	1738.75	519.141
-1.02	-1.68	1737.92	543.195
-1.02	-1.68	1737.09	567.24
-1.02	-1.68	1736.26	543.01
-1.02	-1.68	1735.43	533.87
-1.02	-1.68	1734.6	506.63800000000003
-1.02	-1.68	1733.77	557.81
-1.02	-1.68	1732.94	512.495
-1.02	-1.68	1732.11	524.465
-1.02	-1.68	1731.28	581.635
-1.02	-1.68	1730.45	536.339
-1.02	-1.68	1729.62	557.337
-1.02	-1.68	1728.8	590.376
-1.02	-1.68	1727.96	521.008
-1.02	-1.68	1727.13	520.92
-1.02	-1.68	1726.3	565.99
-1.02	-1.68	1725.47	490.642
-1.02	-1.68	1724.64	514.636
-1.02	-1.68	1723.81	550.6569999999999
-1.02	-1.68	1722.98	565.606
-1.02	-1.68	1722.15	559.494
-1.02	-1.68	1721.32	580.452
-1.02	-1.68	1720.49	568.325
-1.02	-1.68	1719.66	559.2090000000001
-1.02	-1.68	1718.82	532.06
-1.02	-1.68	1717.99	516.942
-1.02	-1.68	1717.16	519.859
-1.02	-1.68	1716.33	546.811
-1.02	-1.68	1715.5	546.7180000000001
-1.02	-1.68	1714.66	618.7080000000001
-1.02	-1.68	1713.83	558.544
-1.02	-1.68	1713.0	519.418
-1.02	-1.68	1712.17	594.377
-1.02	-1.68	1711.33	579.269
-1.02	-1.68	1710.5	561.1659999999999
-1.02	-1.68	1709.67	531.066
-1.02	-1.68	1708.83	560.975
-1.02	-1.68	1708.0	569.877
-1.02	-1.68	1707.17	527.797
-1.02	-1.68	1706.33	551.694
-1.02	-1.68	1705.5	533.613
-1.02	-1.68	1704.66	584.477
-1.02	-1.68	1703.83	608.352
-1.02	-1.68	1703.0	539.3330000000001
-1.02	-1.68	1702.16	530.254
-1.02	-1.68	1701.33	539.15
-1.02	-1.68	1700.49	554.0319999999999
-1.02	-1.68	1699.66	619.812
-1.02	-1.68	1698.82	634.675
-1.02	-1.68	1697.99	586.675
-1.02	-1.68	1697.15	556.648
-1.02	-1.68	1696.32	616.398
-1.02	-1.68	1695.48	571.4169999999999
-1.02	-1.68	1694.64	577.302
-1.02	-1.68	1693.81	595.148
-1.02	-1.68	1692.97	618.9680000000001
-1.02	-1.68	1692.14	565.049
-1.02	-1.68	1691.3	600.823
-1.02	-1.68	1690.46	534.97
-1.02	-1.68	1689.63	609.5830000000001
-1.02	-1.68	1688.79	561.677
-1.02	-1.68	1687.95	600.414
-1.02	-1.68	1687.12	561.485
-1.02	-1.68	1686.28	531.529
-1.02	-1.68	1685.44	558.308
-1.02	-1.68	1684.6	582.094
-1.02	-1.68	1683.77	593.933
-1.02	-1.68	1682.93	581.896
-1.02	-1.68	1682.09	596.715
-1.02	-1.68	1681.25	647.325
-1.02	-1.68	1680.41	611.424
-1.02	-1.68	1679.58	629.212
-1.02	-1.68	1678.74	605.253
-1.02	-1.68	1677.9	572.3580000000001
-1.02	-1.68	1677.06	599.086
-1.02	-1.68	1676.22	625.804
-1.02	-1.68	1675.38	643.5740000000001
-1.02	-1.68	1674.54	619.632
-1.02	-1.68	1673.7	607.613
-1.02	-1.68	1672.86	601.553
-1.02	-1.68	1672.02	631.225
-1.02	-1.68	1671.18	699.5880000000001
-1.02	-1.68	1670.34	633.987
-1.02	-1.68	1669.5	604.119
-1.02	-1.68	1668.66	663.525
-1.02	-1.68	1667.82	603.913
-1.02	-1.68	1666.98	615.7080000000001
-1.02	-1.68	1666.14	642.368
-1.02	-1.68	1665.3	648.205
-1.02	-1.68	1664.46	636.203
-1.02	-1.68	1663.62	683.653
-1.02	-1.68	1662.78	683.5360000000001
-1.02	-1.68	1661.94	650.735
-1.02	-1.68	1661.1	635.769
-1.02	-1.68	1660.25	698.039
-1.02	-1.68	1659.41	706.829
-1.02	-1.68	1658.57	650.2909999999999
-1.02	-1.68	1657.73	629.398
-1.02	-1.68	1656.89	650.069
-1.02	-1.68	1656.04	652.9259999999999
-1.02	-1.68	1655.2	700.291
-1.02	-1.68	1654.36	717.9730000000001
-1.02	-1.68	1653.52	729.716
-1.02	-1.68	1652.67	726.625
-1.02	-1.68	1651.83	696.8480000000001
-1.02	-1.68	1650.99	720.448
-1.02	-1.68	1650.14	761.825
-1.02	-1.68	1649.3	702.419
-1.02	-1.68	1648.46	755.638
-1.02	-1.68	1647.61	740.695
-1.02	-1.68	1646.77	782.04
-1.02	-1.68	1645.92	796.716
-1.02	-1.68	1645.08	796.579
-1.02	-1.68	1644.24	802.365
-1.02	-1.68	1643.39	784.466
-1.02	-1.68	1642.55	775.453
-1.02	-1.68	1641.7	875.935
-1.02	-1.68	1640.86	837.321
-1.02	-1.68	1640.01	834.22
-1.02	-1.68	1639.17	774.923
-1.02	-1.68	1638.32	890.122
-1.02	-1.68	1637.48	881.1
-1.02	-1.68	1636.63	883.905
-1.02	-1.68	1635.78	916.2669999999999
-1.02	-1.68	1634.94	845.186
-1.02	-1.68	1634.09	915.954
-1.02	-1.68	1633.25	865.576
-1.02	-1.68	1632.4	1021.97
-1.02	-1.68	1631.55	1009.99
-1.02	-1.68	1630.71	950.76
-1.02	-1.68	1629.86	991.927
-1.02	-1.68	1629.01	971.096
-1.02	-1.68	1628.16	1015.2
-1.02	-1.68	1627.32	1012.07
-1.02	-1.68	1626.47	1050.25
-1.02	-1.68	1625.62	1055.97
-1.02	-1.68	1624.77	1073.49
-1.02	-1.68	1623.93	1008.43
-1.02	-1.68	1623.08	996.467
-1.02	-1.68	1622.23	1087.67
-1.02	-1.68	1621.38	1007.91
-1.02	-1.68	1620.53	1078.46
-1.02	-1.68	1619.69	1078.28
-1.02	-1.68	1618.84	1089.87
-1.02	-1.68	1617.99	1127.97
-1.02	-1.68	1617.14	1127.78
-1.02	-1.68	1616.29	1104.03
-1.02	-1.68	1615.44	1127.39
-1.02	-1.68	1614.59	1086.0
-1.02	-1.68	1613.74	1097.58
-1.02	-1.68	1612.89	1126.82
-1.02	-1.68	1612.04	1070.73
-1.02	-1.68	1611.19	1129.37
-1.02	-1.68	1610.34	1055.66
-1.02	-1.68	1609.49	1126.04
-1.02	-1.68	1608.64	1034.72
-1.02	-1.68	1607.79	1137.41
-1.02	-1.68	1606.94	1248.88
-1.02	-1.68	1606.09	1095.89
-1.02	-1.68	1605.24	1227.89
-1.02	-1.68	1604.39	1157.19
-1.02	-1.68	1603.54	1183.42
-1.02	-1.68	1602.68	1180.29
-1.02	-1.68	1601.83	1180.08
-1.02	-1.68	1600.98	1150.53
-1.02	-1.68	1600.13	1203.15
-1.02	-1.68	1599.28	1150.14
-1.02	-1.68	1598.42	1176.34
-1.02	-1.68	1597.57	1155.61
-1.02	-1.68	1596.72	1187.67
-1.02	-1.68	1595.87	1178.67
-1.02	-1.68	1595.01	1093.45
-1.02	-1.68	1594.16	1181.19
-1.02	-1.68	1593.31	1163.41
-1.02	-1.68	1592.45	1142.7
-1.02	-1.68	1591.6	1186.45
-1.02	-1.68	1590.75	1124.73
-1.02	-1.68	1589.89	1074.76
-1.02	-1.68	1589.04	1147.77
-1.02	-1.68	1588.19	1130.01
-1.02	-1.68	1587.33	1147.38
-1.02	-1.68	1586.48	1074.02
-1.02	-1.68	1585.62	1103.09
-1.02	-1.68	1584.77	1167.27
-1.02	-1.68	1583.91	1208.01
-1.02	-1.68	1583.06	1079.13
-1.02	-1.68	1582.2	1154.97
-1.02	-1.68	1581.35	1122.61
-1.02	-1.68	1580.49	1055.19
-1.02	-1.68	1579.64	1055.01
-1.02	-1.68	1578.78	1051.91
-1.02	-1.68	1577.93	1121.84
-1.02	-1.68	1577.07	1127.49
-1.02	-1.68	1576.21	1092.25
-1.02	-1.68	1575.36	1027.82
-1.02	-1.68	1574.5	1039.33
-1.02	-1.68	1573.65	1085.85
-1.02	-1.68	1572.79	1056.48
-1.02	-1.68	1571.93	1097.15
-1.02	-1.68	1571.08	977.346
-1.02	-1.68	1570.22	1050.1
-1.02	-1.68	1569.36	1052.84
-1.02	-1.68	1568.5	1064.32
-1.02	-1.68	1567.65	1008.74
-1.02	-1.68	1566.79	982.336
-1.02	-1.68	1565.93	1011.31
-1.02	-1.68	1565.07	981.9989999999999
-1.02	-1.68	1564.21	1005.14
-1.02	-1.68	1563.36	967.096
-1.02	-1.68	1562.5	920.331
-1.02	-1.68	1561.64	966.7639999999999
-1.02	-1.68	1560.78	957.863
-1.02	-1.68	1559.92	998.452
-1.02	-1.68	1559.06	986.638
-1.02	-1.68	1558.2	1001.02
-1.02	-1.68	1557.34	1021.21
-1.02	-1.68	1556.49	1082.12
-1.02	-1.68	1555.63	1006.32
-1.02	-1.68	1554.77	953.803
-1.02	-1.68	1553.91	968.176
-1.02	-1.68	1553.05	1029.06
-1.02	-1.68	1552.19	999.814
-1.02	-1.68	1551.33	979.3
-1.02	-1.68	1550.47	1022.71
-1.02	-1.68	1549.6	1010.92
-1.02	-1.68	1548.74	990.4119999999999
-1.02	-1.68	1547.88	967.01
-1.02	-1.68	1547.02	1051.04
-1.02	-1.68	1546.16	1036.35
-1.02	-1.68	1545.3	931.682
-1.02	-1.68	1544.44	1085.32
-1.02	-1.68	1543.58	919.755
-1.02	-1.68	1542.71	963.1110000000001
-1.02	-1.68	1541.85	925.24
-1.02	-1.68	1540.99	927.98
-1.02	-1.68	1540.13	890.128
-1.02	-1.68	1539.27	1058.11
-1.02	-1.68	1538.4	994.165
-1.02	-1.68	1537.54	999.79
-1.02	-1.68	1536.68	1019.9
-1.02	-1.68	1535.81	1040.0
-1.02	-1.68	1534.95	984.791
-1.02	-1.68	1534.09	1030.96
-1.02	-1.68	1533.23	943.915
-1.02	-1.68	1532.36	1053.76
-1.02	-1.68	1531.5	1076.73
-1.02	-1.68	1530.63	1033.14
-1.02	-1.68	1529.77	1044.54
-1.02	-1.68	1528.91	980.711
-1.02	-1.68	1528.04	1064.42
-1.02	-1.68	1527.18	1072.92
-1.02	-1.68	1526.31	1075.62
-1.02	-1.68	1525.45	1049.42
-1.02	-1.68	1524.58	994.318
-1.02	-1.68	1523.72	1025.94
-1.02	-1.68	1522.85	999.7539999999999
-1.02	-1.68	1521.99	1014.03
-1.02	-1.68	1521.12	950.305
-1.02	-1.68	1520.26	955.9169999999999
-1.02	-1.68	1519.39	967.302
-1.02	-1.68	1518.52	929.605
-1.02	-1.68	1517.66	992.947
-1.02	-1.68	1516.79	943.7139999999999
-1.02	-1.68	1515.93	989.7189999999999
-1.02	-1.68	1515.06	978.008
-1.02	-1.68	1514.19	1018.22
-1.02	-1.68	1513.33	980.555
-1.02	-1.68	1512.46	914.065
-1.02	-1.68	1511.59	1000.4
-1.02	-1.68	1510.72	928.1619999999999
-1.02	-1.68	1509.86	968.35
-1.02	-1.68	1508.99	988.3530000000001
-1.02	-1.68	1508.12	916.158
-1.02	-1.68	1507.25	1031.22
-1.02	-1.68	1506.38	924.4810000000001
-1.02	-1.68	1505.52	915.683
-1.02	-1.68	1504.65	958.71
-1.02	-1.68	1503.78	915.367
-1.02	-1.68	1502.91	943.9889999999999
-1.02	-1.68	1502.04	940.948
-1.02	-1.68	1501.17	952.294
-1.02	-1.68	1500.3	917.6110000000001
-1.02	-1.68	1499.44	980.725
-1.02	-1.68	1498.57	1029.44
-1.02	-1.68	1497.7	974.6360000000001
-1.02	-1.68	1496.83	948.597
-1.02	-1.68	1495.96	959.929
-1.02	-1.68	1495.09	982.752
-1.02	-1.68	1494.22	953.852
-1.02	-1.68	1493.35	947.942
-1.02	-1.68	1492.48	942.034
-1.02	-1.68	1491.61	996.43
-1.02	-1.68	1490.73	1024.97
-1.02	-1.68	1489.86	993.215
-1.02	-1.68	1488.99	990.174
-1.02	-1.68	1488.12	990.002
-1.02	-1.68	1487.25	949.664
-1.02	-1.68	1486.38	986.791
-1.02	-1.68	1485.51	926.3910000000001
-1.02	-1.68	1484.63	903.29
-1.02	-1.68	1483.76	874.4630000000001
-1.02	-1.68	1482.89	891.5110000000001
-1.02	-1.68	1482.02	871.294
-1.02	-1.68	1481.15	836.7560000000001
-1.02	-1.68	1480.27	850.937
-1.02	-1.68	1479.4	847.925
-1.02	-1.68	1478.53	836.322
-1.02	-1.68	1477.65	853.3589999999999
-1.02	-1.68	1476.78	864.664
-1.02	-1.68	1475.91	867.377
-1.02	-1.68	1475.03	921.6080000000001
-1.02	-1.68	1474.16	915.725
-1.02	-1.68	1473.29	866.927
-1.02	-1.68	1472.41	858.195
-1.02	-1.68	1471.54	858.046
-1.02	-1.68	1470.67	837.88
-1.02	-1.68	1469.79	829.1569999999999
-1.02	-1.68	1468.92	809.003
-1.02	-1.68	1468.04	877.459
-1.02	-1.68	1467.17	840.158
-1.02	-1.68	1466.29	840.012
-1.02	-1.68	1465.42	902.7139999999999
-1.02	-1.68	1464.54	885.42
-1.02	-1.68	1463.67	799.596
-1.02	-1.68	1462.79	828.0089999999999
-1.02	-1.68	1461.91	847.8489999999999
-1.02	-1.68	1461.04	816.306
-1.02	-1.68	1460.16	824.725
-1.02	-1.68	1459.29	790.3439999999999
-1.02	-1.68	1458.41	827.2919999999999
-1.02	-1.68	1457.53	864.2280000000001
-1.02	-1.68	1456.66	861.2260000000001
-1.02	-1.68	1455.78	855.375
-1.02	-1.68	1454.9	878.0319999999999
-1.02	-1.68	1454.03	863.6289999999999
-1.02	-1.68	1453.15	863.4789999999999
-1.02	-1.68	1452.27	834.837
-1.02	-1.68	1451.39	871.7260000000001
-1.02	-1.68	1450.52	834.547
-1.02	-1.68	1449.64	874.2719999999999
-1.02	-1.68	1448.76	831.4110000000001
-1.02	-1.68	1447.88	854.041
-1.02	-1.68	1447.0	828.2760000000001
-1.02	-1.68	1446.13	825.2860000000001
-1.02	-1.68	1445.25	845.061
-1.02	-1.68	1444.37	844.914
-1.02	-1.68	1443.49	930.097
-1.02	-1.68	1442.61	924.248
-1.02	-1.68	1441.73	907.028
-1.02	-1.68	1440.85	858.5419999999999
-1.02	-1.68	1439.97	957.8760000000001
-1.02	-1.68	1439.09	889.505
-1.02	-1.68	1438.21	920.605
-1.02	-1.68	1437.33	840.9010000000001
-1.02	-1.68	1436.45	903.243
-1.02	-1.68	1435.57	925.806
-1.02	-1.68	1434.69	894.4119999999999
-1.02	-1.68	1433.81	902.773
-1.02	-1.68	1432.93	882.747
-1.02	-1.68	1432.05	840.025
-1.02	-1.68	1431.17	905.14
-1.02	-1.68	1430.29	887.961
-1.02	-1.68	1429.41	930.3539999999999
-1.02	-1.68	1428.52	856.4580000000001
-1.02	-1.68	1427.64	873.322
-1.02	-1.68	1426.76	901.52
-1.02	-1.68	1425.88	912.701
-1.02	-1.68	1425.0	858.697
-1.02	-1.68	1424.11	872.715
-1.02	-1.68	1423.23	875.3960000000001
-1.02	-1.68	1422.35	815.7610000000001
-1.02	-1.68	1421.47	883.5880000000001
-1.02	-1.68	1420.58	874.94
-1.02	-1.68	1419.7	815.336
-1.02	-1.68	1418.82	911.433
-1.02	-1.68	1417.93	885.804
-1.02	-1.68	1417.05	919.605
-1.02	-1.68	1416.17	919.445
-1.02	-1.68	1415.28	885.342
-1.02	-1.68	1414.4	868.22
-1.02	-1.68	1413.51	933.1030000000001
-1.02	-1.68	1412.63	972.52
-1.02	-1.68	1411.75	932.779
-1.02	-1.68	1410.86	938.2689999999999
-1.02	-1.68	1409.98	856.1619999999999
-1.02	-1.68	1409.09	875.789
-1.02	-1.68	1408.21	966.025
-1.02	-1.68	1407.32	830.298
-1.02	-1.68	1406.44	923.335
-1.02	-1.68	1405.55	863.887
-1.02	-1.68	1404.66	891.9639999999999
-1.02	-1.68	1403.78	953.8969999999999
-1.02	-1.68	1402.89	948.087
-1.02	-1.68	1402.01	990.24
-1.02	-1.68	1401.12	928.012
-1.02	-1.68	1400.23	975.794
-1.02	-1.68	1399.35	927.689
-1.02	-1.68	1398.46	981.0930000000001
-1.02	-1.68	1397.57	890.7230000000001
-1.02	-1.68	1396.69	907.477
-1.02	-1.68	1395.8	958.039
-1.02	-1.68	1394.91	983.227
-1.02	-1.68	1394.02	918.27
-1.02	-1.68	1393.14	906.845
-1.02	-1.68	1392.25	1005.24
-1.02	-1.68	1391.36	996.6189999999999
-1.02	-1.68	1390.47	934.5189999999999
-1.02	-1.68	1389.58	925.914
-1.02	-1.68	1388.7	928.566
-1.02	-1.68	1387.81	1052.19
-1.02	-1.68	1386.92	961.997
-1.02	-1.68	1386.03	987.1410000000001
-1.02	-1.68	1385.14	964.4739999999999
-1.02	-1.68	1384.25	1012.1
-1.02	-1.68	1383.36	1031.6
-1.02	-1.68	1382.47	1059.52
-1.02	-1.68	1381.58	989.091
-1.02	-1.68	1380.69	1064.77
-1.02	-1.68	1379.8	1033.69
-1.02	-1.68	1378.91	1089.68
-1.02	-1.68	1378.02	999.633
-1.02	-1.68	1377.13	1083.68
-1.02	-1.68	1376.24	1024.55
-1.02	-1.68	1375.35	1060.85
-1.02	-1.68	1374.46	1071.89
-1.02	-1.68	1373.57	1077.32
-1.02	-1.68	1372.68	1060.3
-1.02	-1.68	1371.78	1110.59
-1.02	-1.68	1370.89	1099.18
-1.02	-1.68	1370.0	1132.64
-1.02	-1.68	1369.11	1124.03
-1.02	-1.68	1368.22	1185.49
-1.02	-1.68	1367.33	1081.6
-1.02	-1.68	1366.43	1095.42
-1.02	-1.68	1365.54	1182.07
-1.02	-1.68	1364.65	1137.05
-1.02	-1.68	1363.76	1195.66
-1.02	-1.68	1362.86	1147.85
-1.02	-1.68	1361.97	1170.05
-1.02	-1.68	1361.08	1130.66
-1.02	-1.68	1360.18	1068.9
-1.02	-1.68	1359.29	1147.05
-1.02	-1.68	1358.4	1169.23
-1.02	-1.68	1357.5	1185.8
-1.02	-1.68	1356.61	1249.91
-1.02	-1.68	1355.71	1216.14
-1.02	-1.68	1354.82	1176.8
-1.02	-1.68	1353.92	1168.21
-1.02	-1.68	1353.03	1237.86
-1.02	-1.68	1352.13	1162.21
-1.02	-1.68	1351.24	1270.95
-1.02	-1.68	1350.34	1237.21
-1.02	-1.68	1349.45	1284.47
-1.02	-1.68	1348.55	1281.45
-1.02	-1.68	1347.66	1261.69
-1.02	-1.68	1346.76	1272.63
-1.02	-1.68	1345.87	1300.31
-1.02	-1.68	1344.97	1286.13
-1.02	-1.68	1344.07	1294.28
-1.02	-1.68	1343.18	1305.21
-1.02	-1.68	1342.28	1344.02
-1.02	-1.68	1341.38	1296.39
-1.02	-1.68	1340.49	1298.95
-1.02	-1.68	1339.59	1360.03
-1.02	-1.68	1338.69	1312.42
-1.02	-1.68	1337.8	1365.13
-1.02	-1.68	1336.9	1245.11
-1.02	-1.68	1336.0	1286.67
-1.02	-1.68	1335.1	1364.41
-1.02	-1.68	1334.2	1319.63
-1.02	-1.68	1333.31	1308.26
-1.02	-1.68	1332.41	1335.87
-1.02	-1.68	1331.51	1382.94
-1.02	-1.68	1330.61	1377.13
-1.02	-1.68	1329.71	1368.54
-1.02	-1.68	1328.81	1354.4
-1.02	-1.68	1327.91	1454.26
-1.02	-1.68	1327.02	1487.37
-1.02	-1.68	1326.12	1362.03
-1.02	-1.68	1325.22	1322.88
-1.02	-1.68	1324.32	1417.12
-1.02	-1.68	1323.42	1455.77
-1.02	-1.68	1322.52	1383.29
-1.02	-1.68	1321.62	1416.38
-1.02	-1.68	1320.72	1424.46
-1.02	-1.68	1319.82	1460.3
-1.02	-1.68	1318.91	1479.48
-1.02	-1.68	1318.01	1401.51
-1.02	-1.68	1317.11	1409.59
-1.02	-1.68	1316.21	1509.22
-1.02	-1.68	1315.31	1392.45
-1.02	-1.68	1314.41	1406.07
-1.02	-1.68	1313.51	1403.06
-1.02	-1.68	1312.61	1494.3
-1.02	-1.68	1311.7	1399.79
-1.02	-1.68	1310.8	1352.43
-1.02	-1.68	1309.9	1341.11
-1.02	-1.68	1309.0	1302.09
-1.02	-1.68	1308.09	1371.11
-1.02	-1.68	1307.19	1323.79
-1.02	-1.68	1306.29	1337.4
-1.02	-1.68	1305.39	1317.79
-1.02	-1.68	1304.48	1356.31
-1.02	-1.68	1303.58	1422.49
-1.02	-1.68	1302.68	1319.86
-1.02	-1.68	1301.77	1300.27
-1.02	-1.68	1300.87	1391.32
-1.02	-1.68	1299.96	1266.62
-1.02	-1.68	1299.06	1352.12
-1.02	-1.68	1298.16	1291.06
-1.02	-1.68	1297.25	1285.31
-1.02	-1.68	1296.35	1293.37
-1.02	-1.68	1295.44	1306.96
-1.02	-1.68	1294.54	1359.22
-1.02	-1.68	1293.63	1320.31
-1.02	-1.68	1292.73	1342.17
-1.02	-1.68	1291.82	1248.06
-1.02	-1.68	1290.92	1269.92
-1.02	-1.68	1290.01	1272.46
-1.02	-1.68	1289.1	1230.84
-1.02	-1.68	1288.2	1150.61
-1.02	-1.68	1287.29	1244.2
-1.02	-1.68	1286.39	1230.19
-1.02	-1.68	1285.48	1238.25
-1.02	-1.68	1284.57	1196.67
-1.02	-1.68	1283.67	1157.87
-1.02	-1.68	1282.76	1256.89
-1.02	-1.68	1281.85	1240.14
-1.02	-1.68	1280.94	1220.63
-1.02	-1.68	1280.04	1157.06
-1.02	-1.68	1279.13	1129.31
-1.02	-1.68	1278.22	1184.19
-1.02	-1.68	1277.31	1153.69
-1.02	-1.68	1276.41	1164.5
-1.02	-1.68	1275.5	1230.36
-1.02	-1.68	1274.59	1263.16
-1.02	-1.68	1273.68	1169.39
-1.02	-1.68	1272.77	1158.18
-1.02	-1.68	1271.86	1179.98
-1.02	-1.68	1270.95	1259.53
-1.02	-1.68	1270.04	1251.06
-1.02	-1.68	1269.13	1223.35
-1.02	-1.68	1268.23	1275.35
-1.02	-1.68	1267.32	1316.35
-1.02	-1.68	1266.41	1189.73
-1.02	-1.68	1265.5	1137.32
-1.02	-1.68	1264.59	1164.59
-1.02	-1.68	1263.67	1180.86
-1.02	-1.68	1262.76	1155.94
-1.02	-1.68	1261.85	1062.4
-1.02	-1.68	1260.94	1117.11
-1.02	-1.68	1260.03	1064.77
-1.02	-1.68	1259.12	1094.77
-1.02	-1.68	1258.21	1034.22
-1.02	-1.68	1257.3	1055.98
-1.02	-1.68	1256.39	1069.51
-1.02	-1.68	1255.47	1140.61
-1.02	-1.68	1254.56	1038.98
-1.02	-1.68	1253.65	1016.87
-1.02	-1.68	1252.74	1085.2
-1.02	-1.68	1251.83	1030.21
-1.02	-1.68	1250.91	1005.37
-1.02	-1.68	1250.0	1043.54
-1.02	-1.68	1249.09	1013.23
-1.02	-1.68	1248.17	936.3910000000001
-1.02	-1.68	1247.26	955.3889999999999
-1.02	-1.68	1246.35	1045.54
-1.02	-1.68	1245.43	916.7410000000001
-1.02	-1.68	1244.52	1009.61
-1.02	-1.68	1243.61	957.451
-1.02	-1.68	1242.69	973.693
-1.02	-1.68	1241.78	959.8489999999999
-1.02	-1.68	1240.86	913.199
-1.02	-1.68	1239.95	907.571
-1.02	-1.68	1239.03	945.676
-1.02	-1.68	1238.12	937.311
-1.02	-1.68	1237.2	885.2339999999999
-1.02	-1.68	1236.29	920.59
-1.02	-1.68	1235.37	882.191
-1.02	-1.68	1234.46	928.4580000000001
-1.02	-1.68	1233.54	876.419
-1.02	-1.68	1232.63	857.1560000000001
-1.02	-1.68	1231.71	837.9
-1.02	-1.68	1230.8	867.7689999999999
-1.02	-1.68	1229.88	845.789
-1.02	-1.68	1228.96	875.6469999999999
-1.02	-1.68	1228.05	842.7639999999999
-1.02	-1.68	1227.13	897.153
-1.02	-1.68	1226.21	847.919
-1.02	-1.68	1225.3	875.029
-1.02	-1.68	1224.38	869.424
-1.02	-1.68	1223.46	874.72
-1.02	-1.68	1222.54	909.985
-1.02	-1.68	1221.63	806.311
-1.02	-1.68	1220.71	808.8919999999999
-1.02	-1.68	1219.79	776.073
-1.02	-1.68	1218.87	893.007
-1.02	-1.68	1217.95	909.182
-1.02	-1.68	1217.03	881.805
-1.02	-1.68	1216.12	854.438
-1.02	-1.68	1215.2	933.187
-1.02	-1.68	1214.28	829.655
-1.02	-1.68	1213.36	840.387
-1.02	-1.68	1212.44	870.15
-1.02	-1.68	1211.52	889.028
-1.02	-1.68	1210.6	771.9860000000001
-1.02	-1.68	1209.68	782.72
-1.02	-1.68	1208.76	877.688
-1.02	-1.68	1207.84	836.78
-1.02	-1.68	1206.92	855.6469999999999
-1.02	-1.68	1206.0	833.7689999999999
-1.02	-1.68	1205.08	844.4830000000001
-1.02	-1.68	1204.16	876.913
-1.02	-1.68	1203.24	838.7560000000001
-1.02	-1.68	1202.31	882.0310000000001
-1.02	-1.68	1201.39	860.1669999999999
-1.02	-1.68	1200.47	830.172
-1.02	-1.68	1199.55	832.738
-1.02	-1.68	1198.63	856.9989999999999
-1.02	-1.68	1197.71	816.175
-1.02	-1.68	1196.78	878.385
-1.02	-1.68	1195.86	826.7280000000001
-1.02	-1.68	1194.94	848.263
-1.02	-1.68	1194.02	867.08
-1.02	-1.68	1193.09	858.8
-1.02	-1.68	1192.17	926.3639999999999
-1.02	-1.68	1191.25	836.83
-1.02	-1.68	1190.32	869.175
-1.02	-1.68	1189.4	947.5310000000001
-1.02	-1.68	1188.48	852.627
-1.02	-1.68	1187.55	906.602
-1.02	-1.68	1186.63	917.2639999999999
-1.02	-1.68	1185.71	852.175
-1.02	-1.68	1184.78	843.909
-1.02	-1.68	1183.86	846.4639999999999
-1.02	-1.68	1182.93	940.95
-1.02	-1.68	1182.01	859.682
-1.02	-1.68	1181.08	813.58
-1.02	-1.68	1180.16	856.675
-1.02	-1.68	1179.23	794.378
-1.02	-1.68	1178.31	832.058
-1.02	-1.68	1177.38	829.21
-1.02	-1.68	1176.46	764.25
-1.02	-1.68	1175.53	804.6160000000001
-1.02	-1.68	1174.6	801.7739999999999
-1.02	-1.68	1173.68	771.942
-1.02	-1.68	1172.75	790.695
-1.02	-1.68	1171.82	804.046
-1.02	-1.68	1170.9	887.5310000000001
-1.02	-1.68	1169.97	887.3739999999999
-1.02	-1.68	1169.04	752.3810000000001
-1.02	-1.68	1168.12	822.35
-1.02	-1.68	1167.19	773.681
-1.02	-1.68	1166.26	803.192
-1.02	-1.68	1165.33	776.102
-1.02	-1.68	1164.41	797.5189999999999
-1.02	-1.68	1163.48	791.99
-1.02	-1.68	1162.55	789.1560000000001
-1.02	-1.68	1161.62	807.8660000000001
-1.02	-1.68	1160.69	740.413
-1.02	-1.68	1159.76	791.428
-1.02	-1.68	1158.84	767.065
-1.02	-1.68	1157.91	766.929
-1.02	-1.68	1156.98	782.936
-1.02	-1.68	1156.05	723.6160000000001
-1.02	-1.68	1155.12	777.279
-1.02	-1.68	1154.19	736.805
-1.02	-1.68	1153.26	793.135
-1.02	-1.68	1152.33	677.405
-1.02	-1.68	1151.4	806.2919999999999
-1.02	-1.68	1150.47	736.2819999999999
-1.02	-1.68	1149.54	822.1260000000001
-1.02	-1.68	1148.61	779.0010000000001
-1.02	-1.68	1147.68	762.748
-1.02	-1.68	1146.75	743.816
-1.02	-1.68	1145.81	732.945
-1.02	-1.68	1144.88	754.289
-1.02	-1.68	1143.95	721.949
-1.02	-1.68	1143.02	748.655
-1.02	-1.68	1142.09	759.253
-1.02	-1.68	1141.16	732.294
-1.02	-1.68	1140.22	772.393
-1.02	-1.68	1139.29	748.123
-1.02	-1.68	1138.36	750.671
-1.02	-1.68	1137.43	758.579
-1.02	-1.68	1136.49	753.085
-1.02	-1.68	1135.56	704.7189999999999
-1.02	-1.68	1134.63	766.2130000000001
-1.02	-1.68	1133.69	736.612
-1.02	-1.68	1132.76	765.94
-1.02	-1.68	1131.83	776.515
-1.02	-1.68	1130.89	712.125
-1.02	-1.68	1129.96	805.683
-1.02	-1.68	1129.02	789.482
-1.02	-1.68	1128.09	682.312
-1.02	-1.68	1127.16	733.0210000000001
-1.02	-1.68	1126.22	716.842
-1.02	-1.68	1125.29	746.132
-1.02	-1.68	1124.35	764.716
-1.02	-1.68	1123.42	775.2739999999999
-1.02	-1.68	1122.48	772.4630000000001
-1.02	-1.68	1121.55	801.722
-1.02	-1.68	1120.61	785.548
-1.02	-1.68	1119.67	748.008
-1.02	-1.68	1118.74	761.23
-1.02	-1.68	1117.8	801.1519999999999
-1.02	-1.68	1116.87	704.8889999999999
-1.02	-1.68	1115.93	747.4760000000001
-1.02	-1.68	1114.99	776.703
-1.02	-1.68	1114.06	789.908
-1.02	-1.68	1113.12	715.06
-1.02	-1.68	1112.18	749.612
-1.02	-1.68	1111.24	701.4689999999999
-1.02	-1.68	1110.31	736.012
-1.02	-1.68	1109.37	682.556
-1.02	-1.68	1108.43	751.7439999999999
-1.02	-1.68	1107.49	775.5980000000001
-1.02	-1.68	1106.55	748.812
-1.02	-1.68	1105.62	719.3710000000001
-1.02	-1.68	1104.68	647.319
-1.02	-1.68	1103.74	703.135
-1.02	-1.68	1102.8	708.335
-1.02	-1.68	1101.86	753.471
-1.02	-1.68	1100.92	726.717
-1.02	-1.68	1099.98	723.926
-1.02	-1.68	1099.04	705.17
-1.02	-1.68	1098.1	713.0260000000001
-1.02	-1.68	1097.16	712.8989999999999
-1.02	-1.68	1096.22	744.687
-1.02	-1.68	1095.28	672.758
-1.02	-1.68	1094.34	688.59
-1.02	-1.68	1093.4	683.1510000000001
-1.02	-1.68	1092.46	728.21
-1.02	-1.68	1091.52	706.823
-1.02	-1.68	1090.58	698.7260000000001
-1.02	-1.68	1089.64	693.289
-1.02	-1.68	1088.7	682.543
-1.02	-1.68	1087.76	701.008
-1.02	-1.68	1086.81	684.954
-1.02	-1.68	1085.87	668.9060000000001
-1.02	-1.68	1084.93	674.0939999999999
-1.02	-1.68	1083.99	703.1619999999999
-1.02	-1.68	1083.05	692.425
-1.02	-1.68	1082.1	694.954
-1.02	-1.68	1081.16	670.962
-1.02	-1.68	1080.22	678.797
-1.02	-1.68	1079.28	731.697
-1.02	-1.68	1078.33	699.7589999999999
-1.02	-1.68	1077.39	771.188
-1.02	-1.68	1076.45	763.102
-1.02	-1.68	1075.5	694.087
-1.02	-1.68	1074.56	659.529
-1.02	-1.68	1073.61	699.135
-1.02	-1.68	1072.67	691.067
-1.02	-1.68	1071.73	706.828
-1.02	-1.68	1070.78	690.821
-1.02	-1.68	1069.84	714.515
-1.02	-1.68	1068.89	703.804
-1.02	-1.68	1067.95	719.55
-1.02	-1.68	1067.0	708.842
-1.02	-1.68	1066.06	735.16
-1.02	-1.68	1065.11	766.757
-1.02	-1.68	1064.16	708.4630000000001
-1.02	-1.68	1063.22	687.192
-1.02	-1.68	1062.27	713.495
-1.02	-1.68	1061.33	718.6510000000001
-1.02	-1.68	1060.38	737.015
-1.02	-1.68	1059.43	734.242
-1.02	-1.68	1058.49	752.595
-1.02	-1.68	1057.54	691.7360000000001
-1.02	-1.68	1056.59	725.929
-1.02	-1.68	1055.65	709.9639999999999
-1.02	-1.68	1054.7	778.446
-1.02	-1.68	1053.75	704.433
-1.02	-1.68	1052.8	717.497
-1.02	-1.68	1051.85	749.0169999999999
-1.02	-1.68	1050.91	751.52
-1.02	-1.68	1049.96	740.84
-1.02	-1.68	1049.01	727.528
-1.02	-1.68	1048.06	730.033
-1.02	-1.68	1047.11	721.998
-1.02	-1.68	1046.16	750.8489999999999
-1.02	-1.68	1045.21	737.544
-1.02	-1.68	1044.27	732.145
-1.02	-1.68	1043.32	737.28
-1.02	-1.68	1042.37	705.556
-1.02	-1.68	1041.42	681.74
-1.02	-1.68	1040.47	723.7260000000001
-1.02	-1.68	1039.52	752.54
-1.02	-1.68	1038.57	773.452
-1.02	-1.68	1037.62	752.2710000000001
-1.02	-1.68	1036.67	704.799
-1.02	-1.68	1035.71	744.1139999999999
-1.02	-1.68	1034.76	701.918
-1.02	-1.68	1033.81	717.563
-1.02	-1.68	1032.86	759.482
-1.02	-1.68	1031.91	712.051
-1.02	-1.68	1030.96	711.924
-1.02	-1.68	1030.01	709.17
-1.02	-1.68	1029.05	751.06
-1.02	-1.68	1028.1	698.414
-1.02	-1.68	1027.15	703.539
-1.02	-1.68	1026.2	745.408
-1.02	-1.68	1025.24	758.395
-1.02	-1.68	1024.29	718.903
-1.02	-1.68	1023.34	640.077
-1.02	-1.68	1022.39	674.058
-1.02	-1.68	1021.43	694.916
-1.02	-1.68	1020.48	721.01
-1.02	-1.68	1019.52	681.56
-1.02	-1.68	1018.57	655.229
-1.02	-1.68	1017.62	647.25
-1.02	-1.68	1016.66	707.3939999999999
-1.02	-1.68	1015.71	641.779
-1.02	-1.68	1014.75	699.283
-1.02	-1.68	1013.8	701.7760000000001
-1.02	-1.68	1012.84	696.414
-1.02	-1.68	1011.89	622.996
-1.02	-1.68	1010.93	651.673
-1.02	-1.68	1009.98	706.507
-1.02	-1.68	1009.02	677.602
-1.02	-1.68	1008.07	677.48
-1.02	-1.68	1007.11	648.59
-1.02	-1.68	1006.16	695.541
-1.02	-1.68	1005.2	650.972
-1.02	-1.68	1004.24	690.064
-1.02	-1.68	1003.29	695.1669999999999
-1.02	-1.68	1002.33	679.3639999999999
-1.02	-1.68	1001.37	697.53
-1.02	-1.68	1000.41	655.613
-1.02	-1.68	999.4580000000001	694.668
-1.02	-1.68	998.5	723.265
-1.02	-1.68	997.543	691.808
-1.02	-1.68	996.585	702.1239999999999
-1.02	-1.68	995.627	657.6339999999999
-1.02	-1.68	994.669	696.654
-1.02	-1.68	993.71	657.398
-1.02	-1.68	992.752	745.961
-1.02	-1.68	991.793	688.455
-1.02	-1.68	990.834	737.8710000000001
-1.02	-1.68	989.875	654.319
-1.02	-1.68	988.916	641.17
-1.02	-1.68	987.957	667.1139999999999
-1.02	-1.68	986.997	669.5989999999999
-1.02	-1.68	986.0369999999999	666.8739999999999
-1.02	-1.68	985.078	604.246
-1.02	-1.68	984.118	637.99
-1.02	-1.68	983.1569999999999	609.236
-1.02	-1.68	982.197	642.967
-1.02	-1.68	981.2360000000001	658.4680000000001
-1.02	-1.68	980.2760000000001	634.93
-1.02	-1.68	979.315	658.2310000000001
-1.02	-1.68	978.3539999999999	673.72
-1.02	-1.68	977.3919999999999	650.192
-1.02	-1.68	976.431	722.8839999999999
-1.02	-1.68	975.4689999999999	616.161
-1.02	-1.68	974.508	644.643
-1.02	-1.68	973.546	639.3290000000001
-1.02	-1.68	972.584	709.372
-1.02	-1.68	971.6210000000001	639.099
-1.02	-1.68	970.659	631.192
-1.02	-1.68	969.696	654.452
-1.02	-1.68	968.7330000000001	667.317
-1.02	-1.68	967.77	636.044
-1.02	-1.68	966.807	633.3340000000001
-1.02	-1.68	965.8439999999999	692.908
-1.02	-1.68	964.88	643.484
-1.02	-1.68	963.9169999999999	684.8760000000001
-1.02	-1.68	962.953	653.628
-1.02	-1.68	961.9889999999999	666.477
-1.02	-1.68	961.025	624.872
-1.02	-1.68	960.06	681.791
-1.02	-1.68	959.096	663.525
-1.02	-1.68	958.1310000000001	614.169
-1.02	-1.68	957.166	715.1060000000001
-1.02	-1.68	956.201	621.719
-1.02	-1.68	955.2360000000001	637.1469999999999
-1.02	-1.68	954.27	616.316
-1.02	-1.68	953.305	631.74
-1.02	-1.68	952.3389999999999	647.158
-1.02	-1.68	951.373	605.631
-1.02	-1.68	950.4069999999999	688.328
-1.02	-1.68	949.441	680.442
-1.02	-1.68	948.4739999999999	651.865
-1.02	-1.68	947.508	659.507
-1.02	-1.68	946.541	687.832
-1.02	-1.68	945.574	679.952
-1.02	-1.68	944.607	648.811
-1.02	-1.68	943.6389999999999	625.434
-1.02	-1.68	942.672	669.2489999999999
-1.02	-1.68	941.704	651.044
-1.02	-1.68	940.7360000000001	650.9259999999999
-1.02	-1.68	939.768	684.382
-1.02	-1.68	938.8	710.08
-1.02	-1.68	937.832	691.8810000000001
-1.02	-1.68	936.863	686.5939999999999
-1.02	-1.68	935.8939999999999	670.9860000000001
-1.02	-1.68	934.926	673.445
-1.02	-1.68	933.956	724.919
-1.02	-1.68	932.987	673.202
-1.02	-1.68	932.018	727.237
-1.02	-1.68	931.048	667.802
-1.02	-1.68	930.078	734.7080000000001
-1.02	-1.68	929.1080000000001	713.956
-1.02	-1.68	928.138	713.827
-1.02	-1.68	927.168	703.3919999999999
-1.02	-1.68	926.198	736.7539999999999
-1.02	-1.68	925.227	690.26
-1.02	-1.68	924.2560000000001	736.488
-1.02	-1.68	923.285	713.183
-1.02	-1.68	922.314	664.145
-1.02	-1.68	921.3430000000001	712.926
-1.02	-1.68	920.3710000000001	697.3580000000001
-1.02	-1.68	919.3989999999999	684.368
-1.02	-1.68	918.427	704.823
-1.02	-1.68	917.455	717.555
-1.02	-1.68	916.4830000000001	671.14
-1.02	-1.68	915.5110000000001	635.025
-1.02	-1.68	914.538	730.0189999999999
-1.02	-1.68	913.565	714.467
-1.02	-1.68	912.5930000000001	670.655
-1.02	-1.68	911.6189999999999	639.705
-1.02	-1.68	910.6460000000001	688.3939999999999
-1.02	-1.68	909.673	701.11
-1.02	-1.68	908.699	654.765
-1.02	-1.68	907.725	657.2139999999999
-1.02	-1.68	906.7510000000001	667.362
-1.02	-1.68	905.7769999999999	687.7719999999999
-1.02	-1.68	904.803	695.345
-1.02	-1.68	903.828	664.435
-1.02	-1.68	902.8539999999999	682.2689999999999
-1.02	-1.68	901.8789999999999	715.4839999999999
-1.02	-1.68	900.904	656.383
-1.02	-1.68	899.928	610.121
-1.02	-1.68	898.953	640.7669999999999
-1.02	-1.68	897.977	709.842
-1.02	-1.68	897.002	643.0980000000001
-1.02	-1.68	896.0260000000001	632.735
-1.02	-1.68	895.05	665.916
-1.02	-1.68	894.073	652.992
-1.02	-1.68	893.097	655.434
-1.02	-1.68	892.12	655.315
-1.02	-1.68	891.1439999999999	680.791
-1.02	-1.68	890.1669999999999	611.577
-1.02	-1.68	889.189	608.908
-1.02	-1.68	888.212	626.7040000000001
-1.02	-1.68	887.235	652.165
-1.02	-1.68	886.257	680.175
-1.02	-1.68	885.279	641.703
-1.02	-1.68	884.301	669.704
-1.02	-1.68	883.323	733.475
-1.02	-1.68	882.3439999999999	689.903
-1.02	-1.68	881.3660000000001	623.355
-1.02	-1.68	880.387	743.293
-1.02	-1.68	879.408	699.7439999999999
-1.02	-1.68	878.429	651.104
-1.02	-1.68	877.45	714.808
-1.02	-1.68	876.47	714.679
-1.02	-1.68	875.4910000000001	694.133
-1.02	-1.68	874.5110000000001	688.905
-1.02	-1.68	873.5310000000001	711.7389999999999
-1.02	-1.68	872.551	711.61
-1.02	-1.68	871.57	622.2280000000001
-1.02	-1.68	870.59	678.207
-1.02	-1.68	869.6089999999999	716.322
-1.02	-1.68	868.628	655.023
-1.02	-1.68	867.6469999999999	738.997
-1.02	-1.68	866.666	698.0980000000001
-1.02	-1.68	865.684	680.14
-1.02	-1.68	864.703	700.3919999999999
-1.02	-1.68	863.721	735.915
-1.02	-1.68	862.7389999999999	692.5
-1.02	-1.68	861.757	687.284
-1.02	-1.68	860.775	702.429
-1.02	-1.68	859.7919999999999	722.659
-1.02	-1.68	858.81	697.086
-1.02	-1.68	857.827	709.678
-1.02	-1.68	856.8439999999999	701.92
-1.02	-1.68	855.86	658.566
-1.02	-1.68	854.877	711.835
-1.02	-1.68	853.8939999999999	775.2510000000001
-1.02	-1.68	852.91	660.7489999999999
-1.02	-1.68	851.926	673.334
-1.02	-1.68	850.942	721.48
-1.02	-1.68	849.9580000000001	701.029
-1.02	-1.68	848.9730000000001	700.9019999999999
-1.02	-1.68	847.988	698.2360000000001
-1.02	-1.68	847.0039999999999	726.033
-1.02	-1.68	846.0189999999999	763.9730000000001
-1.02	-1.68	845.034	695.318
-1.02	-1.68	844.048	738.324
-1.02	-1.68	843.063	674.7719999999999
-1.02	-1.68	842.077	722.8380000000001
-1.02	-1.68	841.091	656.7760000000001
-1.02	-1.68	840.105	720.041
-1.02	-1.68	839.1189999999999	722.445
-1.02	-1.68	838.132	757.796
-1.02	-1.68	837.1460000000001	646.163
-1.02	-1.68	836.159	699.25
-1.02	-1.68	835.172	706.722
-1.02	-1.68	834.185	726.8539999999999
-1.02	-1.68	833.198	673.547
-1.02	-1.68	832.21	764.565
-1.02	-1.68	831.222	683.427
-1.02	-1.68	830.235	706.08
-1.02	-1.68	829.247	688.24
-1.02	-1.68	828.258	675.465
-1.02	-1.68	827.27	725.93
-1.02	-1.68	826.2810000000001	725.798
-1.02	-1.68	825.293	667.512
-1.02	-1.68	824.304	720.4780000000001
-1.02	-1.68	823.315	659.687
-1.02	-1.68	822.325	657.04
-1.02	-1.68	821.336	669.553
-1.02	-1.68	820.346	692.1669999999999
-1.02	-1.68	819.3560000000001	628.899
-1.02	-1.68	818.3660000000001	666.663
-1.02	-1.68	817.3760000000001	664.0169999999999
-1.02	-1.68	816.3860000000001	691.663
-1.02	-1.68	815.395	653.68
-1.02	-1.68	814.405	678.795
-1.02	-1.68	813.414	688.763
-1.02	-1.68	812.423	693.683
-1.02	-1.68	811.431	711.211
-1.02	-1.68	810.44	685.8660000000001
-1.02	-1.68	809.448	741.205
-1.02	-1.68	808.456	695.699
-1.02	-1.68	807.4639999999999	650.2090000000001
-1.02	-1.68	806.472	660.169
-1.02	-1.68	805.48	660.049
-1.02	-1.68	804.487	725.418
-1.02	-1.68	803.495	679.956
-1.02	-1.68	802.502	692.421
-1.02	-1.68	801.5089999999999	646.981
-1.02	-1.68	800.5160000000001	659.448
-1.02	-1.68	799.5219999999999	644.229
-1.02	-1.68	798.528	674.305
-1.02	-1.68	797.535	696.822
-1.02	-1.68	796.541	653.938
-1.02	-1.68	795.547	636.216
-1.02	-1.68	794.552	651.185
-1.02	-1.68	793.558	653.58
-1.02	-1.68	792.563	593.1419999999999
-1.02	-1.68	791.568	675.9580000000001
-1.02	-1.68	790.573	693.422
-1.02	-1.68	789.578	718.415
-1.02	-1.68	788.582	602.755
-1.02	-1.68	787.587	723.175
-1.02	-1.68	786.591	672.832
-1.02	-1.68	785.595	702.83
-1.02	-1.68	784.5989999999999	652.509
-1.02	-1.68	783.602	679.9910000000001
-1.02	-1.68	782.6060000000001	687.393
-1.02	-1.68	781.6089999999999	674.727
-1.02	-1.68	780.612	664.572
-1.02	-1.68	779.615	689.525
-1.02	-1.68	778.618	666.837
-1.02	-1.68	777.6210000000001	651.677
-1.02	-1.68	776.623	666.5939999999999
-1.02	-1.68	775.625	648.933
-1.02	-1.68	774.627	686.3910000000001
-1.02	-1.68	773.6289999999999	726.34
-1.02	-1.68	772.6310000000001	716.19
-1.02	-1.68	771.632	701.038
-1.02	-1.68	770.6339999999999	623.309
-1.02	-1.68	769.635	645.72
-1.02	-1.68	768.6360000000001	700.654
-1.02	-1.68	767.6360000000001	700.5260000000001
-1.02	-1.68	766.637	657.8739999999999
-1.02	-1.68	765.637	640.247
-1.02	-1.68	764.637	692.6410000000001
-1.02	-1.68	763.638	687.5139999999999
-1.02	-1.68	762.637	657.393
-1.02	-1.68	761.637	582.299
-1.02	-1.68	760.6360000000001	704.628
-1.02	-1.68	759.6360000000001	659.5310000000001
-1.02	-1.68	758.635	666.904
-1.02	-1.68	757.6339999999999	726.7180000000001
-1.02	-1.68	756.633	706.61
-1.02	-1.68	755.6310000000001	659.05
-1.02	-1.68	754.6289999999999	656.433
-1.02	-1.68	753.628	648.827
-1.02	-1.68	752.6260000000001	701.1039999999999
-1.02	-1.68	751.623	626.139
-1.02	-1.68	750.6210000000001	616.048
-1.02	-1.68	749.6189999999999	630.8969999999999
-1.02	-1.68	748.6160000000001	683.1389999999999
-1.02	-1.68	747.613	660.579
-1.02	-1.68	746.61	660.459
-1.02	-1.68	745.607	672.797
-1.02	-1.68	744.6030000000001	677.6569999999999
-1.02	-1.68	743.5989999999999	650.133
-1.02	-1.68	742.596	692.352
-1.02	-1.68	741.592	664.835
-1.02	-1.68	740.587	622.391
-1.02	-1.68	739.5830000000001	647.168
-1.02	-1.68	738.579	696.823
-1.02	-1.68	737.574	669.325
-1.02	-1.68	736.569	634.374
-1.02	-1.68	735.564	644.207
-1.02	-1.68	734.558	676.418
-1.02	-1.68	733.553	678.7810000000001
-1.02	-1.68	732.547	621.48
-1.02	-1.68	731.541	668.59
-1.02	-1.68	730.535	683.378
-1.02	-1.68	729.529	623.624
-1.02	-1.68	728.523	663.255
-1.02	-1.68	727.5160000000001	685.487
-1.02	-1.68	726.5089999999999	712.676
-1.02	-1.68	725.503	655.443
-1.02	-1.68	724.495	650.3580000000001
-1.02	-1.68	723.488	692.43
-1.02	-1.68	722.4810000000001	751.8560000000001
-1.02	-1.68	721.4730000000001	682.253
-1.02	-1.68	720.465	679.6469999999999
-1.02	-1.68	719.457	659.683
-1.02	-1.68	718.449	632.2869999999999
-1.02	-1.68	717.44	676.795
-1.02	-1.68	716.432	689.064
-1.02	-1.68	715.423	696.372
-1.02	-1.68	714.414	703.678
-1.02	-1.68	713.405	644.094
-1.02	-1.68	712.395	634.069
-1.02	-1.68	711.3860000000001	661.193
-1.02	-1.68	710.3760000000001	653.644
-1.02	-1.68	709.3660000000001	715.41
-1.02	-1.68	708.3560000000001	643.504
-1.02	-1.68	707.346	678.03
-1.02	-1.68	706.335	682.8539999999999
-1.02	-1.68	705.325	648.097
-1.02	-1.68	704.314	645.505
-1.02	-1.68	703.303	692.3689999999999
-1.02	-1.68	702.2919999999999	684.825
-1.02	-1.68	701.28	652.565
-1.02	-1.68	700.2689999999999	729.059
-1.02	-1.68	699.257	620.2040000000001
-1.02	-1.68	698.245	625.031
-1.02	-1.68	697.2330000000001	696.547
-1.02	-1.68	696.22	639.619
-1.02	-1.68	695.2080000000001	641.971
-1.02	-1.68	694.195	661.602
-1.02	-1.68	693.182	612.117
-1.02	-1.68	692.169	609.5369999999999
-1.02	-1.68	691.1560000000001	653.836
-1.02	-1.68	690.143	651.249
-1.02	-1.68	689.1289999999999	643.731
-1.02	-1.68	688.115	663.34
-1.02	-1.68	687.1010000000001	613.908
-1.02	-1.68	686.087	635.981
-1.02	-1.68	685.073	616.1469999999999
-1.02	-1.68	684.058	643.14
-1.02	-1.68	683.043	689.831
-1.02	-1.68	682.028	692.168
-1.02	-1.68	681.013	652.636
-1.02	-1.68	679.998	664.828
-1.02	-1.68	678.9830000000001	701.6339999999999
-1.02	-1.68	677.967	617.817
-1.02	-1.68	676.951	615.242
-1.02	-1.68	675.935	703.7080000000001
-1.02	-1.68	674.919	676.518
-1.02	-1.68	673.9019999999999	661.6360000000001
-1.02	-1.68	672.8860000000001	651.677
-1.02	-1.68	671.8689999999999	690.8969999999999
-1.02	-1.68	670.852	683.395
-1.02	-1.68	669.835	648.86
-1.02	-1.68	668.817	680.687
-1.02	-1.68	667.8	619.139
-1.02	-1.68	666.7819999999999	677.98
-1.02	-1.68	665.7639999999999	665.575
-1.02	-1.68	664.7460000000001	667.908
-1.02	-1.68	663.7280000000001	660.42
-1.02	-1.68	662.709	645.571
-1.02	-1.68	661.691	613.547
-1.02	-1.68	660.672	689.5
-1.02	-1.68	659.653	743.346
-1.02	-1.68	658.6339999999999	627.9259999999999
-1.02	-1.68	657.6139999999999	686.6669999999999
-1.02	-1.68	656.595	666.926
-1.02	-1.68	655.575	669.2539999999999
-1.02	-1.68	654.555	661.778
-1.02	-1.68	653.535	708.217
-1.02	-1.68	652.514	681.135
-1.02	-1.68	651.494	668.762
-1.02	-1.68	650.4730000000001	666.189
-1.02	-1.68	649.452	641.5790000000001
-1.02	-1.68	648.431	641.461
-1.02	-1.68	647.41	621.76
-1.02	-1.68	646.388	609.408
-1.02	-1.68	645.366	665.576
-1.02	-1.68	644.345	707.044
-1.02	-1.68	643.323	684.8989999999999
-1.02	-1.68	642.3	672.545
-1.02	-1.68	641.278	679.757
-1.02	-1.68	640.255	679.6310000000001
-1.02	-1.68	639.232	674.618
-1.02	-1.68	638.2090000000001	698.932
-1.02	-1.68	637.186	669.482
-1.02	-1.68	636.163	666.916
-1.02	-1.68	635.139	683.89
-1.02	-1.68	634.116	661.7860000000001
-1.02	-1.68	633.092	686.08
-1.02	-1.68	632.068	671.307
-1.02	-1.68	631.043	676.064
-1.02	-1.68	630.019	719.863
-1.02	-1.68	628.994	678.255
-1.02	-1.68	627.969	634.222
-1.02	-1.68	626.944	687.76
-1.02	-1.68	625.919	675.441
-1.02	-1.68	624.893	702.1339999999999
-1.02	-1.68	623.868	626.441
-1.02	-1.68	622.842	687.252
-1.02	-1.68	621.816	628.6469999999999
-1.02	-1.68	620.79	669.946
-1.02	-1.68	619.763	652.7719999999999
-1.02	-1.68	618.737	679.439
-1.02	-1.68	617.71	672.01
-1.02	-1.68	616.683	659.7139999999999
-1.02	-1.68	615.656	703.4019999999999
-1.02	-1.68	614.629	654.6030000000001
-1.02	-1.68	613.601	627.719
-1.02	-1.68	612.573	639.766
-1.02	-1.68	611.545	707.747
-1.02	-1.68	610.5169999999999	685.732
-1.02	-1.68	609.489	658.8610000000001
-1.02	-1.68	608.461	656.309
-1.02	-1.68	607.432	600.29
-1.02	-1.68	606.403	626.908
-1.02	-1.68	605.374	665.663
-1.02	-1.68	604.345	646.1080000000001
-1.02	-1.68	603.315	650.846
-1.02	-1.68	602.286	653.154
-1.02	-1.68	601.256	677.309
-1.02	-1.68	600.226	645.631
