-1.02	-11.68	1799.66	470.66900000000004
-1.02	-11.68	1798.84	501.147
-1.02	-11.68	1798.03	455.233
-1.02	-11.68	1797.21	409.335
-1.02	-11.68	1796.39	473.405
-1.02	-11.68	1795.57	412.251
-1.02	-11.68	1794.75	512.937
-1.02	-11.68	1793.93	506.745
-1.02	-11.68	1793.11	503.60699999999997
-1.02	-11.68	1792.29	476.05699999999996
-1.02	-11.68	1791.47	469.874
-1.02	-11.68	1790.65	442.339
-1.02	-11.68	1789.84	533.768
-1.02	-11.68	1789.02	518.43
-1.02	-11.68	1788.2	548.8330000000001
-1.02	-11.68	1787.38	487.769
-1.02	-11.68	1786.56	475.494
-1.02	-11.68	1785.73	511.98400000000004
-1.02	-11.68	1784.91	502.75699999999995
-1.02	-11.68	1784.09	481.346
-1.02	-11.68	1783.27	508.67900000000003
-1.02	-11.68	1782.45	514.684
-1.02	-11.68	1781.63	453.69800000000004
-1.02	-11.68	1780.81	453.621
-1.02	-11.68	1779.99	447.457
-1.02	-11.68	1779.17	465.64099999999996
-1.02	-11.68	1778.35	483.82
-1.02	-11.68	1777.52	517.2040000000001
-1.02	-11.68	1776.7	495.824
-1.02	-11.68	1775.88	504.86400000000003
-1.02	-11.68	1775.06	489.575
-1.02	-11.68	1774.24	468.21
-1.02	-11.68	1773.41	489.409
-1.02	-11.68	1772.59	553.151
-1.02	-11.68	1771.77	543.941
-1.02	-11.68	1770.95	495.23699999999997
-1.02	-11.68	1770.12	507.30400000000003
-1.02	-11.68	1769.3	455.586
-1.02	-11.68	1768.48	513.206
-1.02	-11.68	1767.65	504.01099999999997
-1.02	-11.68	1766.83	494.81800000000004
-1.02	-11.68	1766.01	509.911
-1.02	-11.68	1765.18	506.79
-1.02	-11.68	1764.36	470.29400000000004
-1.02	-11.68	1763.53	549.089
-1.02	-11.68	1762.71	494.4
-1.02	-11.68	1761.88	512.512
-1.02	-11.68	1761.06	509.39300000000003
-1.02	-11.68	1760.24	527.496
-1.02	-11.68	1759.41	442.537
-1.02	-11.68	1758.59	527.318
-1.02	-11.68	1757.76	493.898
-1.02	-11.68	1756.94	463.519
-1.02	-11.68	1756.11	460.411
-1.02	-11.68	1755.28	484.561
-1.02	-11.68	1754.46	548.067
-1.02	-11.68	1753.63	499.535
-1.02	-11.68	1752.81	535.774
-1.02	-11.68	1751.98	508.445
-1.02	-11.68	1751.16	556.774
-1.02	-11.68	1750.33	481.04400000000004
-1.02	-11.68	1749.5	550.535
-1.02	-11.68	1748.68	502.051
-1.02	-11.68	1747.85	523.134
-1.02	-11.68	1747.02	507.92800000000005
-1.02	-11.68	1746.2	519.933
-1.02	-11.68	1745.37	556.114
-1.02	-11.68	1744.54	489.539
-1.02	-11.68	1743.71	519.669
-1.02	-11.68	1742.89	501.45599999999996
-1.02	-11.68	1742.06	522.513
-1.02	-11.68	1741.23	531.484
-1.02	-11.68	1740.4	495.162
-1.02	-11.68	1739.57	510.17199999999997
-1.02	-11.68	1738.75	513.104
-1.02	-11.68	1737.92	494.911
-1.02	-11.68	1737.09	482.75800000000004
-1.02	-11.68	1736.26	533.96
-1.02	-11.68	1735.43	518.788
-1.02	-11.68	1734.6	548.857
-1.02	-11.68	1733.77	539.719
-1.02	-11.68	1732.94	485.36300000000006
-1.02	-11.68	1732.11	497.337
-1.02	-11.68	1731.28	533.4169999999999
-1.02	-11.68	1730.45	521.274
-1.02	-11.68	1729.62	503.10900000000004
-1.02	-11.68	1728.8	527.121
-1.02	-11.68	1727.96	517.997
-1.02	-11.68	1727.13	532.964
-1.02	-11.68	1726.3	550.937
-1.02	-11.68	1725.47	577.934
-1.02	-11.68	1724.64	499.588
-1.02	-11.68	1723.81	559.684
-1.02	-11.68	1722.98	511.452
-1.02	-11.68	1722.15	523.398
-1.02	-11.68	1721.32	523.309
-1.02	-11.68	1720.49	538.255
-1.02	-11.68	1719.66	523.131
-1.02	-11.68	1718.82	477.952
-1.02	-11.68	1717.99	519.948
-1.02	-11.68	1717.16	555.919
-1.02	-11.68	1716.33	516.7669999999999
-1.02	-11.68	1715.5	564.742
-1.02	-11.68	1714.66	537.615
-1.02	-11.68	1713.83	531.518
-1.02	-11.68	1713.0	531.428
-1.02	-11.68	1712.17	507.32199999999995
-1.02	-11.68	1711.33	537.25
-1.02	-11.68	1710.5	462.13599999999997
-1.02	-11.68	1709.67	576.072
-1.02	-11.68	1708.83	566.975
-1.02	-11.68	1708.0	539.884
-1.02	-11.68	1707.17	551.788
-1.02	-11.68	1706.33	533.7040000000001
-1.02	-11.68	1705.5	560.5930000000001
-1.02	-11.68	1704.66	539.5169999999999
-1.02	-11.68	1703.83	515.451
-1.02	-11.68	1703.0	554.315
-1.02	-11.68	1702.16	488.31300000000005
-1.02	-11.68	1701.33	545.141
-1.02	-11.68	1700.49	580.985
-1.02	-11.68	1699.66	518.007
-1.02	-11.68	1698.82	565.819
-1.02	-11.68	1697.99	514.837
-1.02	-11.68	1697.15	499.786
-1.02	-11.68	1696.32	562.538
-1.02	-11.68	1695.48	511.583
-1.02	-11.68	1694.64	583.285
-1.02	-11.68	1693.81	541.316
-1.02	-11.68	1692.97	556.174
-1.02	-11.68	1692.14	565.049
-1.02	-11.68	1691.3	576.909
-1.02	-11.68	1690.46	558.879
-1.02	-11.68	1689.63	570.737
-1.02	-11.68	1688.79	600.516
-1.02	-11.68	1687.95	594.439
-1.02	-11.68	1687.12	567.4590000000001
-1.02	-11.68	1686.28	630.07
-1.02	-11.68	1685.44	504.56800000000004
-1.02	-11.68	1684.6	525.377
-1.02	-11.68	1683.77	579.01
-1.02	-11.68	1682.93	519.23
-1.02	-11.68	1682.09	554.945
-1.02	-11.68	1681.25	584.681
-1.02	-11.68	1680.41	614.4069999999999
-1.02	-11.68	1679.58	575.535
-1.02	-11.68	1678.74	557.548
-1.02	-11.68	1677.9	608.131
-1.02	-11.68	1677.06	596.105
-1.02	-11.68	1676.22	581.1030000000001
-1.02	-11.68	1675.38	563.127
-1.02	-11.68	1674.54	571.9680000000001
-1.02	-11.68	1673.7	586.763
-1.02	-11.68	1672.86	604.531
-1.02	-11.68	1672.02	583.586
-1.02	-11.68	1671.18	601.3480000000001
-1.02	-11.68	1670.34	589.34
-1.02	-11.68	1669.5	580.311
-1.02	-11.68	1668.66	571.286
-1.02	-11.68	1667.82	553.339
-1.02	-11.68	1666.98	571.091
-1.02	-11.68	1666.14	627.498
-1.02	-11.68	1665.3	594.684
-1.02	-11.68	1664.46	600.528
-1.02	-11.68	1663.62	555.84
-1.02	-11.68	1662.78	606.2669999999999
-1.02	-11.68	1661.94	621.021
-1.02	-11.68	1661.1	549.613
-1.02	-11.68	1660.25	588.135
-1.02	-11.68	1659.41	582.095
-1.02	-11.68	1658.57	584.965
-1.02	-11.68	1657.73	650.18
-1.02	-11.68	1656.89	593.67
-1.02	-11.68	1656.04	685.572
-1.02	-11.68	1655.2	620.173
-1.02	-11.68	1654.36	688.305
-1.02	-11.68	1653.52	640.726
-1.02	-11.68	1652.67	652.48
-1.02	-11.68	1651.83	676.091
-1.02	-11.68	1650.99	693.7639999999999
-1.02	-11.68	1650.14	607.681
-1.02	-11.68	1649.3	684.6360000000001
-1.02	-11.68	1648.46	699.335
-1.02	-11.68	1647.61	725.8810000000001
-1.02	-11.68	1646.77	660.587
-1.02	-11.68	1645.92	704.9010000000001
-1.02	-11.68	1645.08	722.548
-1.02	-11.68	1644.24	707.6210000000001
-1.02	-11.68	1643.39	716.3810000000001
-1.02	-11.68	1642.55	701.459
-1.02	-11.68	1641.7	742.7689999999999
-1.02	-11.68	1640.86	716.013
-1.02	-11.68	1640.01	730.682
-1.02	-11.68	1639.17	757.177
-1.02	-11.68	1638.32	783.6619999999999
-1.02	-11.68	1637.48	848.576
-1.02	-11.68	1636.63	833.65
-1.02	-11.68	1635.78	762.571
-1.02	-11.68	1634.94	783.127
-1.02	-11.68	1634.09	803.676
-1.02	-11.68	1633.25	794.676
-1.02	-11.68	1632.4	829.9839999999999
-1.02	-11.68	1631.55	803.263
-1.02	-11.68	1630.71	823.795
-1.02	-11.68	1629.86	924.0269999999999
-1.02	-11.68	1629.01	876.643
-1.02	-11.68	1628.16	894.2
-1.02	-11.68	1627.32	958.961
-1.02	-11.68	1626.47	902.7439999999999
-1.02	-11.68	1625.62	961.5830000000001
-1.02	-11.68	1624.77	943.7230000000001
-1.02	-11.68	1623.93	961.2539999999999
-1.02	-11.68	1623.08	990.571
-1.02	-11.68	1622.23	1005.14
-1.02	-11.68	1621.38	948.972
-1.02	-11.68	1620.53	954.703
-1.02	-11.68	1619.69	1028.19
-1.02	-11.68	1618.84	948.485
-1.02	-11.68	1617.99	1021.95
-1.02	-11.68	1617.14	995.2739999999999
-1.02	-11.68	1616.29	1003.94
-1.02	-11.68	1615.44	1027.31
-1.02	-11.68	1614.59	947.673
-1.02	-11.68	1613.74	1032.85
-1.02	-11.68	1612.89	1000.31
-1.02	-11.68	1612.04	1011.9
-1.02	-11.68	1611.19	1082.31
-1.02	-11.68	1610.34	1040.96
-1.02	-11.68	1609.49	999.6210000000001
-1.02	-11.68	1608.64	984.752
-1.02	-11.68	1607.79	1016.91
-1.02	-11.68	1606.94	1054.94
-1.02	-11.68	1606.09	954.865
-1.02	-11.68	1605.24	1054.58
-1.02	-11.68	1604.39	1072.02
-1.02	-11.68	1603.54	1086.52
-1.02	-11.68	1602.68	1039.36
-1.02	-11.68	1601.83	1077.34
-1.02	-11.68	1600.98	977.3639999999999
-1.02	-11.68	1600.13	1094.58
-1.02	-11.68	1599.28	965.293
-1.02	-11.68	1598.42	1035.53
-1.02	-11.68	1597.57	1000.16
-1.02	-11.68	1596.72	1076.23
-1.02	-11.68	1595.87	1052.59
-1.02	-11.68	1595.01	1002.58
-1.02	-11.68	1594.16	999.472
-1.02	-11.68	1593.31	972.926
-1.02	-11.68	1592.45	999.13
-1.02	-11.68	1591.6	1016.54
-1.02	-11.68	1590.75	925.562
-1.02	-11.68	1589.89	1054.26
-1.02	-11.68	1589.04	972.092
-1.02	-11.68	1588.19	992.418
-1.02	-11.68	1587.33	898.584
-1.02	-11.68	1586.48	945.2539999999999
-1.02	-11.68	1585.62	1018.24
-1.02	-11.68	1584.77	1012.22
-1.02	-11.68	1583.91	889.192
-1.02	-11.68	1583.06	918.285
-1.02	-11.68	1582.2	1020.47
-1.02	-11.68	1581.35	953.051
-1.02	-11.68	1580.49	964.579
-1.02	-11.68	1579.64	876.74
-1.02	-11.68	1578.78	929.184
-1.02	-11.68	1577.93	920.2610000000001
-1.02	-11.68	1577.07	914.2610000000001
-1.02	-11.68	1576.21	922.865
-1.02	-11.68	1575.36	913.947
-1.02	-11.68	1574.5	995.534
-1.02	-11.68	1573.65	960.336
-1.02	-11.68	1572.79	901.802
-1.02	-11.68	1571.93	887.057
-1.02	-11.68	1571.08	942.336
-1.02	-11.68	1570.22	898.42
-1.02	-11.68	1569.36	828.2710000000001
-1.02	-11.68	1568.5	845.625
-1.02	-11.68	1567.65	889.211
-1.02	-11.68	1566.79	912.378
-1.02	-11.68	1565.93	894.7339999999999
-1.02	-11.68	1565.07	888.753
-1.02	-11.68	1564.21	876.946
-1.02	-11.68	1563.36	888.447
-1.02	-11.68	1562.5	873.732
-1.02	-11.68	1561.64	899.789
-1.02	-11.68	1560.78	870.52
-1.02	-11.68	1559.92	890.747
-1.02	-11.68	1559.06	835.296
-1.02	-11.68	1558.2	838.062
-1.02	-11.68	1557.34	814.6419999999999
-1.02	-11.68	1556.49	794.14
-1.02	-11.68	1555.63	866.7139999999999
-1.02	-11.68	1554.77	822.946
-1.02	-11.68	1553.91	901.305
-1.02	-11.68	1553.05	822.663
-1.02	-11.68	1552.19	871.931
-1.02	-11.68	1551.33	874.686
-1.02	-11.68	1550.47	816.427
-1.02	-11.68	1549.6	795.952
-1.02	-11.68	1548.74	807.433
-1.02	-11.68	1547.88	827.622
-1.02	-11.68	1547.02	795.541
-1.02	-11.68	1546.16	754.763
-1.02	-11.68	1545.3	824.2919999999999
-1.02	-11.68	1544.44	771.915
-1.02	-11.68	1543.58	832.712
-1.02	-11.68	1542.71	832.569
-1.02	-11.68	1541.85	788.919
-1.02	-11.68	1540.99	780.0830000000001
-1.02	-11.68	1540.13	753.8539999999999
-1.02	-11.68	1539.27	750.825
-1.02	-11.68	1538.4	802.868
-1.02	-11.68	1537.54	776.648
-1.02	-11.68	1536.68	811.284
-1.02	-11.68	1535.81	785.071
-1.02	-11.68	1534.95	744.3860000000001
-1.02	-11.68	1534.09	793.4889999999999
-1.02	-11.68	1533.23	833.888
-1.02	-11.68	1532.36	825.06
-1.02	-11.68	1531.5	755.451
-1.02	-11.68	1530.63	764.003
-1.02	-11.68	1529.77	824.633
-1.02	-11.68	1528.91	755.06
-1.02	-11.68	1528.04	728.898
-1.02	-11.68	1527.18	766.368
-1.02	-11.68	1526.31	815.3910000000001
-1.02	-11.68	1525.45	760.322
-1.02	-11.68	1524.58	742.8480000000001
-1.02	-11.68	1523.72	777.3989999999999
-1.02	-11.68	1522.85	736.813
-1.02	-11.68	1521.99	785.798
-1.02	-11.68	1521.12	788.551
-1.02	-11.68	1520.26	785.5269999999999
-1.02	-11.68	1519.39	794.054
-1.02	-11.68	1518.52	747.7260000000001
-1.02	-11.68	1517.66	790.8939999999999
-1.02	-11.68	1516.79	756.1260000000001
-1.02	-11.68	1515.93	755.995
-1.02	-11.68	1515.06	750.095
-1.02	-11.68	1514.19	764.388
-1.02	-11.68	1513.33	781.56
-1.02	-11.68	1512.46	729.5219999999999
-1.02	-11.68	1511.59	763.992
-1.02	-11.68	1510.72	841.687
-1.02	-11.68	1509.86	806.9580000000001
-1.02	-11.68	1508.99	783.7669999999999
-1.02	-11.68	1508.12	815.323
-1.02	-11.68	1507.25	826.704
-1.02	-11.68	1506.38	786.2410000000001
-1.02	-11.68	1505.52	786.105
-1.02	-11.68	1504.65	768.696
-1.02	-11.68	1503.78	797.3480000000001
-1.02	-11.68	1502.91	745.4060000000001
-1.02	-11.68	1502.04	762.5419999999999
-1.02	-11.68	1501.17	779.673
-1.02	-11.68	1500.3	799.674
-1.02	-11.68	1499.44	813.916
-1.02	-11.68	1498.57	839.655
-1.02	-11.68	1497.7	747.5089999999999
-1.02	-11.68	1496.83	842.2389999999999
-1.02	-11.68	1495.96	730.0060000000001
-1.02	-11.68	1495.09	836.201
-1.02	-11.68	1494.22	752.738
-1.02	-11.68	1493.35	824.422
-1.02	-11.68	1492.48	769.71
-1.02	-11.68	1491.61	809.779
-1.02	-11.68	1490.73	766.573
-1.02	-11.68	1489.86	775.052
-1.02	-11.68	1488.99	749.0880000000001
-1.02	-11.68	1488.12	875.22
-1.02	-11.68	1487.25	745.96
-1.02	-11.68	1486.38	777.385
-1.02	-11.68	1485.51	843.217
-1.02	-11.68	1484.63	771.3810000000001
-1.02	-11.68	1483.76	811.387
-1.02	-11.68	1482.89	705.183
-1.02	-11.68	1482.02	750.918
-1.02	-11.68	1481.15	733.595
-1.02	-11.68	1480.27	782.175
-1.02	-11.68	1479.4	819.279
-1.02	-11.68	1478.53	810.545
-1.02	-11.68	1477.65	801.814
-1.02	-11.68	1476.78	853.212
-1.02	-11.68	1475.91	810.1239999999999
-1.02	-11.68	1475.03	749.8789999999999
-1.02	-11.68	1474.16	804.1210000000001
-1.02	-11.68	1473.29	792.5369999999999
-1.02	-11.68	1472.41	792.4
-1.02	-11.68	1471.54	818.0039999999999
-1.02	-11.68	1470.67	723.4939999999999
-1.02	-11.68	1469.79	872.045
-1.02	-11.68	1468.92	814.721
-1.02	-11.68	1468.04	780.2810000000001
-1.02	-11.68	1467.17	788.7189999999999
-1.02	-11.68	1466.29	848.584
-1.02	-11.68	1465.42	862.72
-1.02	-11.68	1464.54	834.0089999999999
-1.02	-11.68	1463.67	756.76
-1.02	-11.68	1462.79	850.8510000000001
-1.02	-11.68	1461.91	842.1389999999999
-1.02	-11.68	1461.04	864.827
-1.02	-11.68	1460.16	850.409
-1.02	-11.68	1459.29	833.1419999999999
-1.02	-11.68	1458.41	884.347
-1.02	-11.68	1457.53	878.4889999999999
-1.02	-11.68	1456.66	875.485
-1.02	-11.68	1455.78	952.317
-1.02	-11.68	1454.9	997.7639999999999
-1.02	-11.68	1454.03	977.6389999999999
-1.02	-11.68	1453.15	894.827
-1.02	-11.68	1452.27	843.385
-1.02	-11.68	1451.39	1002.77
-1.02	-11.68	1450.52	1016.84
-1.02	-11.68	1449.64	936.923
-1.02	-11.68	1448.76	948.15
-1.02	-11.68	1447.88	919.5169999999999
-1.02	-11.68	1447.0	970.591
-1.02	-11.68	1446.13	963.318
-1.02	-11.68	1445.25	956.043
-1.02	-11.68	1444.37	948.7669999999999
-1.02	-11.68	1443.49	941.49
-1.02	-11.68	1442.61	934.211
-1.02	-11.68	1441.73	926.931
-1.02	-11.68	1440.85	932.456
-1.02	-11.68	1439.97	1011.88
-1.02	-11.68	1439.09	986.128
-1.02	-11.68	1438.21	946.178
-1.02	-11.68	1437.33	940.332
-1.02	-11.68	1436.45	889.041
-1.02	-11.68	1435.57	951.365
-1.02	-11.68	1434.69	908.6089999999999
-1.02	-11.68	1433.81	899.934
-1.02	-11.68	1432.93	931.0
-1.02	-11.68	1432.05	868.405
-1.02	-11.68	1431.17	882.441
-1.02	-11.68	1430.29	890.798
-1.02	-11.68	1429.41	941.7
-1.02	-11.68	1428.52	924.52
-1.02	-11.68	1427.64	842.132
-1.02	-11.68	1426.76	927.034
-1.02	-11.68	1425.88	875.8530000000001
-1.02	-11.68	1425.0	847.3610000000001
-1.02	-11.68	1424.11	903.883
-1.02	-11.68	1423.23	858.398
-1.02	-11.68	1422.35	829.924
-1.02	-11.68	1421.47	914.74
-1.02	-11.68	1420.58	923.076
-1.02	-11.68	1419.7	866.295
-1.02	-11.68	1418.82	806.703
-1.02	-11.68	1417.93	868.824
-1.02	-11.68	1417.05	834.7180000000001
-1.02	-11.68	1416.17	851.547
-1.02	-11.68	1415.28	885.342
-1.02	-11.68	1414.4	848.423
-1.02	-11.68	1413.51	862.413
-1.02	-11.68	1412.63	862.2639999999999
-1.02	-11.68	1411.75	864.94
-1.02	-11.68	1410.86	825.2239999999999
-1.02	-11.68	1409.98	850.5110000000001
-1.02	-11.68	1409.09	822.112
-1.02	-11.68	1408.21	824.794
-1.02	-11.68	1407.32	881.133
-1.02	-11.68	1406.44	889.451
-1.02	-11.68	1405.55	872.357
-1.02	-11.68	1404.66	829.865
-1.02	-11.68	1403.78	846.654
-1.02	-11.68	1402.89	860.615
-1.02	-11.68	1402.01	930.995
-1.02	-11.68	1401.12	874.419
-1.02	-11.68	1400.23	865.806
-1.02	-11.68	1399.35	882.574
-1.02	-11.68	1398.46	938.805
-1.02	-11.68	1397.57	856.898
-1.02	-11.68	1396.69	882.113
-1.02	-11.68	1395.8	963.674
-1.02	-11.68	1394.91	884.623
-1.02	-11.68	1394.02	994.323
-1.02	-11.68	1393.14	994.15
-1.02	-11.68	1392.25	968.635
-1.02	-11.68	1391.36	926.2360000000001
-1.02	-11.68	1390.47	903.556
-1.02	-11.68	1389.58	886.513
-1.02	-11.68	1388.7	951.077
-1.02	-11.68	1387.81	1021.24
-1.02	-11.68	1386.92	1026.69
-1.02	-11.68	1386.03	908.3939999999999
-1.02	-11.68	1385.14	1051.64
-1.02	-11.68	1384.25	950.2489999999999
-1.02	-11.68	1383.36	978.192
-1.02	-11.68	1382.47	972.4010000000001
-1.02	-11.68	1381.58	980.6610000000001
-1.02	-11.68	1380.69	997.346
-1.02	-11.68	1379.8	1036.5
-1.02	-11.68	1378.91	1002.62
-1.02	-11.68	1378.02	994.0169999999999
-1.02	-11.68	1377.13	1021.92
-1.02	-11.68	1376.24	1030.16
-1.02	-11.68	1375.35	996.303
-1.02	-11.68	1374.46	1063.47
-1.02	-11.68	1373.57	1029.62
-1.02	-11.68	1372.68	1088.35
-1.02	-11.68	1371.78	1032.07
-1.02	-11.68	1370.89	989.827
-1.02	-11.68	1370.0	998.065
-1.02	-11.68	1369.11	1048.35
-1.02	-11.68	1368.22	1101.41
-1.02	-11.68	1367.33	1073.2
-1.02	-11.68	1366.43	1126.24
-1.02	-11.68	1365.54	1075.63
-1.02	-11.68	1364.65	1117.45
-1.02	-11.68	1363.76	1128.45
-1.02	-11.68	1362.86	1072.26
-1.02	-11.68	1361.97	1259.62
-1.02	-11.68	1361.08	1228.61
-1.02	-11.68	1360.18	1136.06
-1.02	-11.68	1359.29	1127.47
-1.02	-11.68	1358.4	1116.08
-1.02	-11.68	1357.5	1174.62
-1.02	-11.68	1356.61	1082.14
-1.02	-11.68	1355.71	1146.25
-1.02	-11.68	1354.82	1092.94
-1.02	-11.68	1353.92	1176.59
-1.02	-11.68	1353.03	1109.32
-1.02	-11.68	1352.13	1156.62
-1.02	-11.68	1351.24	1094.97
-1.02	-11.68	1350.34	1114.33
-1.02	-11.68	1349.45	1183.94
-1.02	-11.68	1348.55	1180.94
-1.02	-11.68	1347.66	1189.11
-1.02	-11.68	1346.76	1283.79
-1.02	-11.68	1345.87	1230.55
-1.02	-11.68	1344.97	1132.69
-1.02	-11.68	1344.07	1232.91
-1.02	-11.68	1343.18	1196.44
-1.02	-11.68	1342.28	1279.88
-1.02	-11.68	1341.38	1204.38
-1.02	-11.68	1340.49	1276.65
-1.02	-11.68	1339.59	1231.83
-1.02	-11.68	1338.69	1318.0
-1.02	-11.68	1337.8	1273.19
-1.02	-11.68	1336.9	1208.9
-1.02	-11.68	1336.0	1334.02
-1.02	-11.68	1335.1	1322.64
-1.02	-11.68	1334.2	1302.92
-1.02	-11.68	1333.31	1299.91
-1.02	-11.68	1332.41	1321.95
-1.02	-11.68	1331.51	1313.37
-1.02	-11.68	1330.61	1307.58
-1.02	-11.68	1329.71	1290.66
-1.02	-11.68	1328.81	1326.59
-1.02	-11.68	1327.91	1406.99
-1.02	-11.68	1327.02	1298.32
-1.02	-11.68	1326.12	1375.92
-1.02	-11.68	1325.22	1314.54
-1.02	-11.68	1324.32	1347.66
-1.02	-11.68	1323.42	1350.2
-1.02	-11.68	1322.52	1305.52
-1.02	-11.68	1321.62	1230.31
-1.02	-11.68	1320.72	1243.97
-1.02	-11.68	1319.82	1299.28
-1.02	-11.68	1318.91	1243.54
-1.02	-11.68	1318.01	1307.15
-1.02	-11.68	1317.11	1334.67
-1.02	-11.68	1316.21	1373.28
-1.02	-11.68	1315.31	1292.6
-1.02	-11.68	1314.41	1264.64
-1.02	-11.68	1313.51	1353.14
-1.02	-11.68	1312.61	1255.88
-1.02	-11.68	1311.7	1363.76
-1.02	-11.68	1310.8	1266.52
-1.02	-11.68	1309.9	1299.55
-1.02	-11.68	1309.0	1304.86
-1.02	-11.68	1308.09	1304.63
-1.02	-11.68	1307.19	1257.32
-1.02	-11.68	1306.29	1334.63
-1.02	-11.68	1305.39	1234.74
-1.02	-11.68	1304.48	1298.18
-1.02	-11.68	1303.58	1198.33
-1.02	-11.68	1302.68	1178.75
-1.02	-11.68	1301.77	1278.13
-1.02	-11.68	1300.87	1205.99
-1.02	-11.68	1299.96	1214.08
-1.02	-11.68	1299.06	1194.51
-1.02	-11.68	1298.16	1186.01
-1.02	-11.68	1297.25	1149.87
-1.02	-11.68	1296.35	1166.25
-1.02	-11.68	1295.44	1154.99
-1.02	-11.68	1294.54	1055.33
-1.02	-11.68	1293.63	1215.35
-1.02	-11.68	1292.73	1121.24
-1.02	-11.68	1291.82	1098.95
-1.02	-11.68	1290.92	1181.58
-1.02	-11.68	1290.01	1095.81
-1.02	-11.68	1289.1	1037.66
-1.02	-11.68	1288.2	1084.39
-1.02	-11.68	1287.29	1144.89
-1.02	-11.68	1286.39	1100.56
-1.02	-11.68	1285.48	1056.24
-1.02	-11.68	1284.57	1072.6
-1.02	-11.68	1283.67	1069.65
-1.02	-11.68	1282.76	1061.19
-1.02	-11.68	1281.85	1049.98
-1.02	-11.68	1280.94	997.447
-1.02	-11.68	1280.04	1110.22
-1.02	-11.68	1279.13	1057.69
-1.02	-11.68	1278.22	1032.72
-1.02	-11.68	1277.31	1027.03
-1.02	-11.68	1276.41	999.324
-1.02	-11.68	1275.5	1034.93
-1.02	-11.68	1274.59	1089.79
-1.02	-11.68	1273.68	1048.32
-1.02	-11.68	1272.77	935.3480000000001
-1.02	-11.68	1271.86	1023.2
-1.02	-11.68	1270.95	973.52
-1.02	-11.68	1270.04	965.1
-1.02	-11.68	1269.13	926.443
-1.02	-11.68	1268.23	1008.74
-1.02	-11.68	1267.32	975.584
-1.02	-11.68	1266.41	989.15
-1.02	-11.68	1265.5	934.033
-1.02	-11.68	1264.59	1010.78
-1.02	-11.68	1263.67	966.659
-1.02	-11.68	1262.76	892.355
-1.02	-11.68	1261.85	875.727
-1.02	-11.68	1260.94	990.852
-1.02	-11.68	1260.03	944.025
-1.02	-11.68	1259.12	990.503
-1.02	-11.68	1258.21	921.747
-1.02	-11.68	1257.3	962.7260000000001
-1.02	-11.68	1256.39	902.2260000000001
-1.02	-11.68	1255.47	976.097
-1.02	-11.68	1254.56	929.322
-1.02	-11.68	1253.65	953.826
-1.02	-11.68	1252.74	948.178
-1.02	-11.68	1251.83	857.5930000000001
-1.02	-11.68	1250.91	931.4069999999999
-1.02	-11.68	1250.0	969.5880000000001
-1.02	-11.68	1249.09	933.818
-1.02	-11.68	1248.17	950.081
-1.02	-11.68	1247.26	903.3760000000001
-1.02	-11.68	1246.35	892.2689999999999
-1.02	-11.68	1245.43	941.37
-1.02	-11.68	1244.52	842.706
-1.02	-11.68	1243.61	880.855
-1.02	-11.68	1242.69	981.8989999999999
-1.02	-11.68	1241.78	989.93
-1.02	-11.68	1240.86	984.2869999999999
-1.02	-11.68	1239.95	956.7769999999999
-1.02	-11.68	1239.03	934.743
-1.02	-11.68	1238.12	964.638
-1.02	-11.68	1237.2	972.664
-1.02	-11.68	1236.29	980.688
-1.02	-11.68	1235.37	920.428
-1.02	-11.68	1234.46	958.4960000000001
-1.02	-11.68	1233.54	898.2610000000001
-1.02	-11.68	1232.63	900.8330000000001
-1.02	-11.68	1231.71	873.3810000000001
-1.02	-11.68	1230.8	862.311
-1.02	-11.68	1229.88	903.085
-1.02	-11.68	1228.96	881.102
-1.02	-11.68	1228.05	894.584
-1.02	-11.68	1227.13	867.1569999999999
-1.02	-11.68	1226.21	891.5419999999999
-1.02	-11.68	1225.3	828.688
-1.02	-11.68	1224.38	842.169
-1.02	-11.68	1223.46	896.52
-1.02	-11.68	1222.54	825.525
-1.02	-11.68	1221.63	838.9989999999999
-1.02	-11.68	1220.71	844.298
-1.02	-11.68	1219.79	865.934
-1.02	-11.68	1218.87	868.5039999999999
-1.02	-11.68	1217.95	846.574
-1.02	-11.68	1217.03	881.805
-1.02	-11.68	1216.12	840.8330000000001
-1.02	-11.68	1215.2	905.98
-1.02	-11.68	1214.28	791.572
-1.02	-11.68	1213.36	837.668
-1.02	-11.68	1212.44	832.081
-1.02	-11.68	1211.52	815.622
-1.02	-11.68	1210.6	867.125
-1.02	-11.68	1209.68	828.923
-1.02	-11.68	1208.76	815.19
-1.02	-11.68	1207.84	863.949
-1.02	-11.68	1206.92	795.887
-1.02	-11.68	1206.0	793.0310000000001
-1.02	-11.68	1205.08	801.0369999999999
-1.02	-11.68	1204.16	890.487
-1.02	-11.68	1203.24	860.471
-1.02	-11.68	1202.31	833.18
-1.02	-11.68	1201.39	816.752
-1.02	-11.68	1200.47	865.441
-1.02	-11.68	1199.55	789.3380000000001
-1.02	-11.68	1198.63	756.654
-1.02	-11.68	1197.71	799.905
-1.02	-11.68	1196.78	902.784
-1.02	-11.68	1195.86	805.044
-1.02	-11.68	1194.94	842.8430000000001
-1.02	-11.68	1194.02	826.436
-1.02	-11.68	1193.09	891.309
-1.02	-11.68	1192.17	831.561
-1.02	-11.68	1191.25	790.791
-1.02	-11.68	1190.32	815.0210000000001
-1.02	-11.68	1189.4	825.705
-1.02	-11.68	1188.48	830.9730000000001
-1.02	-11.68	1187.55	822.707
-1.02	-11.68	1186.63	811.738
-1.02	-11.68	1185.71	825.1210000000001
-1.02	-11.68	1184.78	765.4689999999999
-1.02	-11.68	1183.86	770.742
-1.02	-11.68	1182.93	827.387
-1.02	-11.68	1182.01	808.317
-1.02	-11.68	1181.08	762.2239999999999
-1.02	-11.68	1180.16	743.172
-1.02	-11.68	1179.23	821.398
-1.02	-11.68	1178.31	818.551
-1.02	-11.68	1177.38	780.592
-1.02	-11.68	1176.46	777.753
-1.02	-11.68	1175.53	764.115
-1.02	-11.68	1174.6	807.173
-1.02	-11.68	1173.68	828.623
-1.02	-11.68	1172.75	782.6
-1.02	-11.68	1171.82	798.65
-1.02	-11.68	1170.9	806.6010000000001
-1.02	-11.68	1169.97	755.212
-1.02	-11.68	1169.04	790.135
-1.02	-11.68	1168.12	784.6030000000001
-1.02	-11.68	1167.19	762.898
-1.02	-11.68	1166.26	730.419
-1.02	-11.68	1165.33	743.7639999999999
-1.02	-11.68	1164.41	770.575
-1.02	-11.68	1163.48	765.051
-1.02	-11.68	1162.55	772.9960000000001
-1.02	-11.68	1161.62	794.4019999999999
-1.02	-11.68	1160.69	737.72
-1.02	-11.68	1159.76	788.7360000000001
-1.02	-11.68	1158.84	742.842
-1.02	-11.68	1157.91	713.1089999999999
-1.02	-11.68	1156.98	812.5310000000001
-1.02	-11.68	1156.05	804.317
-1.02	-11.68	1155.12	796.1060000000001
-1.02	-11.68	1154.19	728.738
-1.02	-11.68	1153.26	723.2310000000001
-1.02	-11.68	1152.33	731.168
-1.02	-11.68	1151.4	765.977
-1.02	-11.68	1150.47	752.405
-1.02	-11.68	1149.54	806.0060000000001
-1.02	-11.68	1148.61	835.4110000000001
-1.02	-11.68	1147.68	805.72
-1.02	-11.68	1146.75	770.668
-1.02	-11.68	1145.81	802.7489999999999
-1.02	-11.68	1144.88	765.0260000000001
-1.02	-11.68	1143.95	799.78
-1.02	-11.68	1143.02	759.388
-1.02	-11.68	1142.09	735.107
-1.02	-11.68	1141.16	820.814
-1.02	-11.68	1140.22	737.528
-1.02	-11.68	1139.29	721.309
-1.02	-11.68	1138.36	750.671
-1.02	-11.68	1137.43	785.3839999999999
-1.02	-11.68	1136.49	742.365
-1.02	-11.68	1135.56	747.592
-1.02	-11.68	1134.63	758.175
-1.02	-11.68	1133.69	744.648
-1.02	-11.68	1132.76	757.9060000000001
-1.02	-11.68	1131.83	755.0939999999999
-1.02	-11.68	1130.89	709.448
-1.02	-11.68	1129.96	728.059
-1.02	-11.68	1129.02	776.1010000000001
-1.02	-11.68	1128.09	735.827
-1.02	-11.68	1127.16	759.7739999999999
-1.02	-11.68	1126.22	724.8660000000001
-1.02	-11.68	1125.29	754.155
-1.02	-11.68	1124.35	711.24
-1.02	-11.68	1123.42	695.073
-1.02	-11.68	1122.48	745.7339999999999
-1.02	-11.68	1121.55	737.585
-1.02	-11.68	1120.61	705.39
-1.02	-11.68	1119.67	756.0219999999999
-1.02	-11.68	1118.74	787.94
-1.02	-11.68	1117.8	723.707
-1.02	-11.68	1116.87	752.949
-1.02	-11.68	1115.93	659.3810000000001
-1.02	-11.68	1114.99	742.005
-1.02	-11.68	1114.06	704.512
-1.02	-11.68	1113.12	707.055
-1.02	-11.68	1112.18	768.2860000000001
-1.02	-11.68	1111.24	730.808
-1.02	-11.68	1110.31	736.012
-1.02	-11.68	1109.37	671.8910000000001
-1.02	-11.68	1108.43	687.7660000000001
-1.02	-11.68	1107.49	748.945
-1.02	-11.68	1106.55	711.505
-1.02	-11.68	1105.62	722.035
-1.02	-11.68	1104.68	753.873
-1.02	-11.68	1103.74	756.4019999999999
-1.02	-11.68	1102.8	676.38
-1.02	-11.68	1101.86	721.5210000000001
-1.02	-11.68	1100.92	702.7589999999999
-1.02	-11.68	1099.98	745.2180000000001
-1.02	-11.68	1099.04	705.17
-1.02	-11.68	1098.1	697.063
-1.02	-11.68	1097.16	723.539
-1.02	-11.68	1096.22	742.0269999999999
-1.02	-11.68	1095.28	733.918
-1.02	-11.68	1094.34	691.2489999999999
-1.02	-11.68	1093.4	696.442
-1.02	-11.68	1092.46	720.237
-1.02	-11.68	1091.52	682.908
-1.02	-11.68	1090.58	722.637
-1.02	-11.68	1089.64	698.602
-1.02	-11.68	1088.7	775.4960000000001
-1.02	-11.68	1087.76	719.596
-1.02	-11.68	1086.81	743.3610000000001
-1.02	-11.68	1085.87	740.574
-1.02	-11.68	1084.93	751.058
-1.02	-11.68	1083.99	772.1510000000001
-1.02	-11.68	1083.05	774.6669999999999
-1.02	-11.68	1082.1	779.834
-1.02	-11.68	1081.16	694.83
-1.02	-11.68	1080.22	760.995
-1.02	-11.68	1079.28	763.51
-1.02	-11.68	1078.33	734.217
-1.02	-11.68	1077.39	757.937
-1.02	-11.68	1076.45	678.312
-1.02	-11.68	1075.5	656.998
-1.02	-11.68	1074.56	738.9910000000001
-1.02	-11.68	1073.61	654.115
-1.02	-11.68	1072.67	691.067
-1.02	-11.68	1071.73	725.3589999999999
-1.02	-11.68	1070.78	741.11
-1.02	-11.68	1069.84	717.1610000000001
-1.02	-11.68	1068.89	669.4069999999999
-1.02	-11.68	1067.95	703.678
-1.02	-11.68	1067.0	716.7769999999999
-1.02	-11.68	1066.06	740.449
-1.02	-11.68	1065.11	772.045
-1.02	-11.68	1064.16	666.166
-1.02	-11.68	1063.22	697.7639999999999
-1.02	-11.68	1062.27	681.784
-1.02	-11.68	1061.33	663.1669999999999
-1.02	-11.68	1060.38	657.7660000000001
-1.02	-11.68	1059.43	734.242
-1.02	-11.68	1058.49	707.704
-1.02	-11.68	1057.54	681.175
-1.02	-11.68	1056.59	741.7669999999999
-1.02	-11.68	1055.65	704.685
-1.02	-11.68	1054.7	694.0039999999999
-1.02	-11.68	1053.75	638.475
-1.02	-11.68	1052.8	630.448
-1.02	-11.68	1051.85	709.456
-1.02	-11.68	1050.91	730.425
-1.02	-11.68	1049.96	751.3860000000001
-1.02	-11.68	1049.01	709.076
-1.02	-11.68	1048.06	708.949
-1.02	-11.68	1047.11	719.363
-1.02	-11.68	1046.16	721.8689999999999
-1.02	-11.68	1045.21	711.203
-1.02	-11.68	1044.27	732.145
-1.02	-11.68	1043.32	660.919
-1.02	-11.68	1042.37	692.393
-1.02	-11.68	1041.42	689.637
-1.02	-11.68	1040.47	739.5160000000001
-1.02	-11.68	1039.52	694.653
-1.02	-11.68	1038.57	668.221
-1.02	-11.68	1037.62	697.035
-1.02	-11.68	1036.67	702.169
-1.02	-11.68	1035.71	704.673
-1.02	-11.68	1034.76	696.66
-1.02	-11.68	1033.81	733.334
-1.02	-11.68	1032.86	699.039
-1.02	-11.68	1031.91	672.6389999999999
-1.02	-11.68	1030.96	656.7560000000001
-1.02	-11.68	1030.01	672.398
-1.02	-11.68	1029.05	722.173
-1.02	-11.68	1028.1	659.029
-1.02	-11.68	1027.15	687.788
-1.02	-11.68	1026.2	671.9169999999999
-1.02	-11.68	1025.24	658.675
-1.02	-11.68	1024.29	653.31
-1.02	-11.68	1023.34	687.295
-1.02	-11.68	1022.39	752.742
-1.02	-11.68	1021.43	671.315
-1.02	-11.68	1020.48	689.548
-1.02	-11.68	1019.52	631.754
-1.02	-11.68	1018.57	699.785
-1.02	-11.68	1017.62	707.5210000000001
-1.02	-11.68	1016.66	694.294
-1.02	-11.68	1015.71	675.8330000000001
-1.02	-11.68	1014.75	749.045
-1.02	-11.68	1013.8	688.684
-1.02	-11.68	1012.84	672.8510000000001
-1.02	-11.68	1011.89	693.672
-1.02	-11.68	1010.93	709.2510000000001
-1.02	-11.68	1009.98	719.59
-1.02	-11.68	1009.02	698.5310000000001
-1.02	-11.68	1008.07	669.633
-1.02	-11.68	1007.11	737.51
-1.02	-11.68	1006.16	692.926
-1.02	-11.68	1005.2	637.9
-1.02	-11.68	1004.24	713.5880000000001
-1.02	-11.68	1003.29	679.4860000000001
-1.02	-11.68	1002.33	710.72
-1.02	-11.68	1001.37	700.1419999999999
-1.02	-11.68	1000.41	736.585
-1.02	-11.68	999.4580000000001	705.1139999999999
-1.02	-11.68	998.5	665.822
-1.02	-11.68	997.543	725.7460000000001
-1.02	-11.68	996.585	717.785
-1.02	-11.68	995.627	717.6560000000001
-1.02	-11.68	994.669	667.953
-1.02	-11.68	993.71	675.659
-1.02	-11.68	992.752	680.7539999999999
-1.02	-11.68	991.793	714.533
-1.02	-11.68	990.834	672.688
-1.02	-11.68	989.875	693.422
-1.02	-11.68	988.916	680.2660000000001
-1.02	-11.68	987.957	646.2669999999999
-1.02	-11.68	986.997	674.81
-1.02	-11.68	986.0369999999999	659.059
-1.02	-11.68	985.078	651.127
-1.02	-11.68	984.118	713.507
-1.02	-11.68	983.1569999999999	619.651
-1.02	-11.68	982.197	671.6010000000001
-1.02	-11.68	981.2360000000001	661.07
-1.02	-11.68	980.2760000000001	653.145
-1.02	-11.68	979.315	658.2310000000001
-1.02	-11.68	978.3539999999999	730.947
-1.02	-11.68	977.3919999999999	665.797
-1.02	-11.68	976.431	650.075
-1.02	-11.68	975.4689999999999	626.56
-1.02	-11.68	974.508	694.0310000000001
-1.02	-11.68	973.546	665.318
-1.02	-11.68	972.584	711.97
-1.02	-11.68	971.6210000000001	626.109
-1.02	-11.68	970.659	662.362
-1.02	-11.68	969.696	680.422
-1.02	-11.68	968.7330000000001	690.686
-1.02	-11.68	967.77	630.851
-1.02	-11.68	966.807	693.033
-1.02	-11.68	965.8439999999999	643.6
-1.02	-11.68	964.88	656.4580000000001
-1.02	-11.68	963.9169999999999	687.471
-1.02	-11.68	962.953	674.378
-1.02	-11.68	961.9889999999999	661.29
-1.02	-11.68	961.025	674.135
-1.02	-11.68	960.06	658.46
-1.02	-11.68	959.096	658.341
-1.02	-11.68	958.1310000000001	616.76
-1.02	-11.68	957.166	637.377
-1.02	-11.68	956.201	616.538
-1.02	-11.68	955.2360000000001	688.948
-1.02	-11.68	954.27	681.055
-1.02	-11.68	953.305	642.096
-1.02	-11.68	952.3389999999999	657.512
-1.02	-11.68	951.373	716.922
-1.02	-11.68	950.4069999999999	693.503
-1.02	-11.68	949.441	662.332
-1.02	-11.68	948.4739999999999	703.6010000000001
-1.02	-11.68	947.508	711.2330000000001
-1.02	-11.68	946.541	623.186
-1.02	-11.68	945.574	672.196
-1.02	-11.68	944.607	687.584
-1.02	-11.68	943.6389999999999	664.201
-1.02	-11.68	942.672	671.8330000000001
-1.02	-11.68	941.704	656.211
-1.02	-11.68	940.7360000000001	697.421
-1.02	-11.68	939.768	676.635
-1.02	-11.68	938.8	663.602
-1.02	-11.68	937.832	647.993
-1.02	-11.68	936.863	681.431
-1.02	-11.68	935.8939999999999	658.082
-1.02	-11.68	934.926	657.9630000000001
-1.02	-11.68	933.956	668.164
-1.02	-11.68	932.987	714.471
-1.02	-11.68	932.018	701.448
-1.02	-11.68	931.048	701.321
-1.02	-11.68	930.078	698.617
-1.02	-11.68	929.1080000000001	664.9839999999999
-1.02	-11.68	928.138	706.096
-1.02	-11.68	927.168	680.203
-1.02	-11.68	926.198	700.689
-1.02	-11.68	925.227	672.2310000000001
-1.02	-11.68	924.2560000000001	664.3839999999999
-1.02	-11.68	923.285	715.758
-1.02	-11.68	922.314	687.313
-1.02	-11.68	921.3430000000001	723.221
-1.02	-11.68	920.3710000000001	738.53
-1.02	-11.68	919.3989999999999	712.669
-1.02	-11.68	918.427	709.9680000000001
-1.02	-11.68	917.455	743.2739999999999
-1.02	-11.68	916.4830000000001	712.283
-1.02	-11.68	915.5110000000001	748.1469999999999
-1.02	-11.68	914.538	748.012
-1.02	-11.68	913.565	740.1669999999999
-1.02	-11.68	912.5930000000001	711.768
-1.02	-11.68	911.6189999999999	827.2489999999999
-1.02	-11.68	910.6460000000001	768.0210000000001
-1.02	-11.68	909.673	798.7
-1.02	-11.68	908.699	816.53
-1.02	-11.68	907.725	808.681
-1.02	-11.68	906.7510000000001	829.069
-1.02	-11.68	905.7769999999999	782.7260000000001
-1.02	-11.68	904.803	769.755
-1.02	-11.68	903.828	908.1469999999999
-1.02	-11.68	902.8539999999999	879.768
-1.02	-11.68	901.8789999999999	771.9019999999999
-1.02	-11.68	900.904	820.4780000000001
-1.02	-11.68	899.928	830.584
-1.02	-11.68	898.953	820.182
-1.02	-11.68	897.977	722.655
-1.02	-11.68	897.002	760.956
-1.02	-11.68	896.0260000000001	730.078
-1.02	-11.68	895.05	760.681
-1.02	-11.68	894.073	706.768
-1.02	-11.68	893.097	742.4839999999999
-1.02	-11.68	892.12	729.55
-1.02	-11.68	891.1439999999999	765.2489999999999
-1.02	-11.68	890.1669999999999	667.873
-1.02	-11.68	889.189	693.336
-1.02	-11.68	888.212	711.117
-1.02	-11.68	887.235	680.298
-1.02	-11.68	886.257	705.745
-1.02	-11.68	885.279	651.929
-1.02	-11.68	884.301	682.485
-1.02	-11.68	883.323	644.026
-1.02	-11.68	882.3439999999999	656.686
-1.02	-11.68	881.3660000000001	661.676
-1.02	-11.68	880.387	712.6419999999999
-1.02	-11.68	879.408	712.513
-1.02	-11.68	878.429	691.957
-1.02	-11.68	877.45	696.938
-1.02	-11.68	876.47	648.316
-1.02	-11.68	875.4910000000001	696.685
-1.02	-11.68	874.5110000000001	671.044
-1.02	-11.68	873.5310000000001	701.535
-1.02	-11.68	872.551	696.307
-1.02	-11.68	871.57	734.432
-1.02	-11.68	870.59	752.1469999999999
-1.02	-11.68	869.6089999999999	736.716
-1.02	-11.68	868.628	734.033
-1.02	-11.68	867.6469999999999	756.835
-1.02	-11.68	866.666	756.698
-1.02	-11.68	865.684	710.7080000000001
-1.02	-11.68	864.703	766.6110000000001
-1.02	-11.68	863.721	705.3580000000001
-1.02	-11.68	862.7389999999999	725.5980000000001
-1.02	-11.68	861.757	730.557
-1.02	-11.68	860.775	689.704
-1.02	-11.68	859.7919999999999	687.035
-1.02	-11.68	858.81	669.1010000000001
-1.02	-11.68	857.827	755.4639999999999
-1.02	-11.68	856.8439999999999	707.0060000000001
-1.02	-11.68	855.86	653.481
-1.02	-11.68	854.877	660.9889999999999
-1.02	-11.68	853.8939999999999	625.284
-1.02	-11.68	852.91	744.6139999999999
-1.02	-11.68	851.926	665.711
-1.02	-11.68	850.942	668.1310000000001
-1.02	-11.68	849.9580000000001	642.61
-1.02	-11.68	848.9730000000001	655.191
-1.02	-11.68	847.988	705.8530000000001
-1.02	-11.68	847.0039999999999	685.416
-1.02	-11.68	846.0189999999999	670.063
-1.02	-11.68	845.034	677.554
-1.02	-11.68	844.048	654.597
-1.02	-11.68	843.063	664.625
-1.02	-11.68	842.077	687.331
-1.02	-11.68	841.091	646.633
-1.02	-11.68	840.105	717.505
-1.02	-11.68	839.1189999999999	666.677
-1.02	-11.68	838.132	702.038
-1.02	-11.68	837.1460000000001	694.309
-1.02	-11.68	836.159	694.183
-1.02	-11.68	835.172	724.453
-1.02	-11.68	834.185	668.605
-1.02	-11.68	833.198	714.061
-1.02	-11.68	832.21	698.742
-1.02	-11.68	831.222	698.615
-1.02	-11.68	830.235	637.75
-1.02	-11.68	829.247	693.3
-1.02	-11.68	828.258	662.816
-1.02	-11.68	827.27	619.697
-1.02	-11.68	826.2810000000001	662.575
-1.02	-11.68	825.293	662.455
-1.02	-11.68	824.304	685.087
-1.02	-11.68	823.315	659.687
-1.02	-11.68	822.325	662.0939999999999
-1.02	-11.68	821.336	656.92
-1.02	-11.68	820.346	659.327
-1.02	-11.68	819.3560000000001	649.104
-1.02	-11.68	818.3660000000001	641.41
-1.02	-11.68	817.3760000000001	626.145
-1.02	-11.68	816.3860000000001	711.8580000000001
-1.02	-11.68	815.395	646.1080000000001
-1.02	-11.68	814.405	638.42
-1.02	-11.68	813.414	633.258
-1.02	-11.68	812.423	696.205
-1.02	-11.68	811.431	665.814
-1.02	-11.68	810.44	637.956
-1.02	-11.68	809.448	642.882
-1.02	-11.68	808.456	627.641
-1.02	-11.68	807.4639999999999	662.81
-1.02	-11.68	806.472	642.531
-1.02	-11.68	805.48	665.0880000000001
-1.02	-11.68	804.487	647.335
-1.02	-11.68	803.495	632.107
-1.02	-11.68	802.502	647.099
-1.02	-11.68	801.5089999999999	682.225
-1.02	-11.68	800.5160000000001	689.6519999999999
-1.02	-11.68	799.5219999999999	649.262
-1.02	-11.68	798.528	634.048
-1.02	-11.68	797.535	661.6039999999999
-1.02	-11.68	796.541	575.9680000000001
-1.02	-11.68	795.547	601.01
-1.02	-11.68	794.552	676.328
-1.02	-11.68	793.558	638.498
-1.02	-11.68	792.563	588.115
-1.02	-11.68	791.568	623.188
-1.02	-11.68	790.573	633.124
-1.02	-11.68	789.578	630.497
-1.02	-11.68	788.582	640.428
-1.02	-11.68	787.587	600.135
-1.02	-11.68	786.591	667.81
-1.02	-11.68	785.595	604.936
-1.02	-11.68	784.5989999999999	614.864
-1.02	-11.68	783.602	639.844
-1.02	-11.68	782.6060000000001	735.059
-1.02	-11.68	781.6089999999999	632.086
-1.02	-11.68	780.612	639.494
-1.02	-11.68	779.615	661.944
-1.02	-11.68	778.618	616.6990000000001
-1.02	-11.68	777.6210000000001	589.015
-1.02	-11.68	776.623	636.5219999999999
-1.02	-11.68	775.625	631.394
-1.02	-11.68	774.627	641.3
-1.02	-11.68	773.6289999999999	616.136
-1.02	-11.68	772.6310000000001	633.553
-1.02	-11.68	771.632	655.971
-1.02	-11.68	770.6339999999999	615.799
-1.02	-11.68	769.635	645.72
-1.02	-11.68	768.6360000000001	655.612
-1.02	-11.68	767.6360000000001	595.447
-1.02	-11.68	766.637	682.888
-1.02	-11.68	765.637	635.245
-1.02	-11.68	764.637	642.631
-1.02	-11.68	763.638	642.513
-1.02	-11.68	762.637	677.39
-1.02	-11.68	761.637	637.28
-1.02	-11.68	760.6360000000001	622.172
-1.02	-11.68	759.6360000000001	652.0369999999999
-1.02	-11.68	758.635	636.931
-1.02	-11.68	757.6339999999999	679.2689999999999
-1.02	-11.68	756.633	679.145
-1.02	-11.68	755.6310000000001	604.129
-1.02	-11.68	754.6289999999999	671.409
-1.02	-11.68	753.628	658.809
-1.02	-11.68	752.6260000000001	631.243
-1.02	-11.68	751.623	668.546
-1.02	-11.68	750.6210000000001	653.4590000000001
-1.02	-11.68	749.6189999999999	673.289
-1.02	-11.68	748.6160000000001	583.411
-1.02	-11.68	747.613	643.13
-1.02	-11.68	746.61	635.536
-1.02	-11.68	745.607	640.403
-1.02	-11.68	744.6030000000001	570.5269999999999
-1.02	-11.68	743.5989999999999	642.66
-1.02	-11.68	742.596	627.599
-1.02	-11.68	741.592	615.035
-1.02	-11.68	740.587	614.922
-1.02	-11.68	739.5830000000001	684.505
-1.02	-11.68	738.579	676.913
-1.02	-11.68	737.574	622.049
-1.02	-11.68	736.569	649.3009999999999
-1.02	-11.68	735.564	669.08
-1.02	-11.68	734.558	634.1419999999999
-1.02	-11.68	733.553	686.24
-1.02	-11.68	732.547	646.34
-1.02	-11.68	731.541	648.707
-1.02	-11.68	730.535	623.738
-1.02	-11.68	729.529	653.438
-1.02	-11.68	728.523	638.414
-1.02	-11.68	727.5160000000001	633.33
-1.02	-11.68	726.5089999999999	648.113
-1.02	-11.68	725.503	590.891
-1.02	-11.68	724.495	675.181
-1.02	-11.68	723.488	640.312
-1.02	-11.68	722.4810000000001	583.123
-1.02	-11.68	721.4730000000001	592.94
-1.02	-11.68	720.465	597.7919999999999
-1.02	-11.68	719.457	624.9630000000001
-1.02	-11.68	718.449	624.8480000000001
-1.02	-11.68	717.44	612.3380000000001
-1.02	-11.68	716.432	646.927
-1.02	-11.68	715.423	666.6339999999999
-1.02	-11.68	714.414	636.779
-1.02	-11.68	713.405	634.185
-1.02	-11.68	712.395	574.625
-1.02	-11.68	711.3860000000001	631.476
-1.02	-11.68	710.3760000000001	584.318
-1.02	-11.68	709.3660000000001	576.784
-1.02	-11.68	708.3560000000001	611.3290000000001
-1.02	-11.68	707.346	631.013
-1.02	-11.68	706.335	616.053
-1.02	-11.68	705.325	650.571
-1.02	-11.68	704.314	593.568
-1.02	-11.68	703.303	633.023
-1.02	-11.68	702.2919999999999	632.9069999999999
-1.02	-11.68	701.28	608.072
-1.02	-11.68	700.2689999999999	600.547
-1.02	-11.68	699.257	635.03
-1.02	-11.68	698.245	610.2080000000001
-1.02	-11.68	697.2330000000001	622.446
-1.02	-11.68	696.22	602.576
-1.02	-11.68	695.2080000000001	592.589
-1.02	-11.68	694.195	651.7280000000001
-1.02	-11.68	693.182	592.371
-1.02	-11.68	692.169	607.069
-1.02	-11.68	691.1560000000001	631.63
-1.02	-11.68	690.143	604.379
-1.02	-11.68	689.1289999999999	638.798
-1.02	-11.68	688.115	581.964
-1.02	-11.68	687.1010000000001	626.236
-1.02	-11.68	686.087	638.446
-1.02	-11.68	685.073	579.178
-1.02	-11.68	684.058	650.5319999999999
-1.02	-11.68	683.043	638.094
-1.02	-11.68	682.028	601.028
-1.02	-11.68	681.013	645.248
-1.02	-11.68	679.998	622.969
-1.02	-11.68	678.9830000000001	625.316
-1.02	-11.68	677.967	630.124
-1.02	-11.68	676.951	625.086
-1.02	-11.68	675.935	610.2080000000001
-1.02	-11.68	674.919	681.438
-1.02	-11.68	673.9019999999999	619.822
-1.02	-11.68	672.8860000000001	607.413
-1.02	-11.68	671.8689999999999	617.136
-1.02	-11.68	670.852	624.3969999999999
-1.02	-11.68	669.835	592.331
-1.02	-11.68	668.817	633.997
-1.02	-11.68	667.8	614.225
-1.02	-11.68	666.7819999999999	643.589
-1.02	-11.68	665.7639999999999	604.175
-1.02	-11.68	664.7460000000001	633.531
-1.02	-11.68	663.7280000000001	635.869
-1.02	-11.68	662.709	616.115
-1.02	-11.68	661.691	660.177
-1.02	-11.68	660.672	610.981
-1.02	-11.68	659.653	583.882
-1.02	-11.68	658.6339999999999	593.586
-1.02	-11.68	657.6139999999999	603.286
-1.02	-11.68	656.595	671.83
-1.02	-11.68	655.575	590.807
-1.02	-11.68	654.555	669.1310000000001
-1.02	-11.68	653.535	649.403
-1.02	-11.68	652.514	639.4830000000001
-1.02	-11.68	651.494	622.2180000000001
-1.02	-11.68	650.4730000000001	570.67
-1.02	-11.68	649.452	658.72
-1.02	-11.68	648.431	602.288
-1.02	-11.68	647.41	636.447
-1.02	-11.68	646.388	638.7769999999999
-1.02	-11.68	645.366	594.614
-1.02	-11.68	644.345	604.29
-1.02	-11.68	643.323	621.302
-1.02	-11.68	642.3	655.426
-1.02	-11.68	641.278	669.9760000000001
-1.02	-11.68	640.255	628.2919999999999
-1.02	-11.68	639.232	652.619
-1.02	-11.68	638.2090000000001	623.173
-1.02	-11.68	637.186	657.265
-1.02	-11.68	636.163	625.386
-1.02	-11.68	635.139	652.138
-1.02	-11.68	634.116	625.156
-1.02	-11.68	633.092	668.9889999999999
-1.02	-11.68	632.068	585.868
-1.02	-11.68	631.043	617.488
-1.02	-11.68	630.019	634.456
-1.02	-11.68	628.994	624.58
-1.02	-11.68	627.969	595.193
-1.02	-11.68	626.944	648.738
-1.02	-11.68	625.919	626.673
-1.02	-11.68	624.893	597.3009999999999
-1.02	-11.68	623.868	577.691
-1.02	-11.68	622.842	597.081
-1.02	-11.68	621.816	572.605
-1.02	-11.68	620.79	584.68
-1.02	-11.68	619.763	618.672
-1.02	-11.68	618.737	669.698
-1.02	-11.68	617.71	598.965
-1.02	-11.68	616.683	635.37
-1.02	-11.68	615.656	593.876
-1.02	-11.68	614.629	601.067
-1.02	-11.68	613.601	610.688
-1.02	-11.68	612.573	605.71
-1.02	-11.68	611.545	620.191
-1.02	-11.68	610.5169999999999	629.803
-1.02	-11.68	609.489	588.356
-1.02	-11.68	608.461	607.694
-1.02	-11.68	607.432	597.86
-1.02	-11.68	606.403	588.03
-1.02	-11.68	605.374	600.069
-1.02	-11.68	604.345	633.9630000000001
-1.02	-11.68	603.315	624.132
-1.02	-11.68	602.286	580.311
-1.02	-11.68	601.256	621.474
-1.02	-11.68	600.226	597.087
