-1.02	-0.68	1799.66	415.655
-1.02	-0.68	1798.84	360.58099999999996
-1.02	-0.68	1798.03	345.244
-1.02	-0.68	1797.21	354.35
-1.02	-0.68	1796.39	345.12800000000004
-1.02	-0.68	1795.57	369.499
-1.02	-0.68	1794.75	317.532
-1.02	-0.68	1793.93	381.585
-1.02	-0.68	1793.11	381.52
-1.02	-0.68	1792.29	369.249
-1.02	-0.68	1791.47	366.13599999999997
-1.02	-0.68	1790.65	375.226
-1.02	-0.68	1789.84	356.86199999999997
-1.02	-0.68	1789.02	338.504
-1.02	-0.68	1788.2	396.379
-1.02	-0.68	1787.38	359.73
-1.02	-0.68	1786.56	335.285
-1.02	-0.68	1785.73	365.70300000000003
-1.02	-0.68	1784.91	356.5
-1.02	-0.68	1784.09	356.44
-1.02	-0.68	1783.27	353.334
-1.02	-0.68	1782.45	429.411
-1.02	-0.68	1781.63	377.574
-1.02	-0.68	1780.81	331.844
-1.02	-0.68	1779.99	371.35900000000004
-1.02	-0.68	1779.17	389.556
-1.02	-0.68	1778.35	383.405
-1.02	-0.68	1777.52	355.958
-1.02	-0.68	1776.7	386.31699999999995
-1.02	-0.68	1775.88	395.376
-1.02	-0.68	1775.06	398.349
-1.02	-0.68	1774.24	398.282
-1.02	-0.68	1773.41	383.01599999999996
-1.02	-0.68	1772.59	352.55800000000005
-1.02	-0.68	1771.77	379.847
-1.02	-0.68	1770.95	370.668
-1.02	-0.68	1770.12	425.285
-1.02	-0.68	1769.3	373.58
-1.02	-0.68	1768.48	388.70099999999996
-1.02	-0.68	1767.65	391.671
-1.02	-0.68	1766.83	370.355
-1.02	-0.68	1766.01	379.398
-1.02	-0.68	1765.18	364.16
-1.02	-0.68	1764.36	364.099
-1.02	-0.68	1763.53	406.50800000000004
-1.02	-0.68	1762.71	345.777
-1.02	-0.68	1761.88	385.142
-1.02	-0.68	1761.06	382.045
-1.02	-0.68	1760.24	385.01199999999994
-1.02	-0.68	1759.41	403.13300000000004
-1.02	-0.68	1758.59	390.94199999999995
-1.02	-0.68	1757.76	363.606
-1.02	-0.68	1756.94	396.869
-1.02	-0.68	1756.11	405.889
-1.02	-0.68	1755.28	381.592
-1.02	-0.68	1754.46	372.44300000000004
-1.02	-0.68	1753.63	390.545
-1.02	-0.68	1752.81	402.587
-1.02	-0.68	1751.98	426.73
-1.02	-0.68	1751.16	396.399
-1.02	-0.68	1750.33	357.001
-1.02	-0.68	1749.5	390.215
-1.02	-0.68	1748.68	375.026
-1.02	-0.68	1747.85	371.939
-1.02	-0.68	1747.02	353.736
-1.02	-0.68	1746.2	377.85900000000004
-1.02	-0.68	1745.37	380.81699999999995
-1.02	-0.68	1744.54	404.92699999999996
-1.02	-0.68	1743.71	365.58099999999996
-1.02	-0.68	1742.89	392.707
-1.02	-0.68	1742.06	374.51800000000003
-1.02	-0.68	1741.23	395.593
-1.02	-0.68	1740.4	371.37199999999996
-1.02	-0.68	1739.57	413.57199999999995
-1.02	-0.68	1738.75	392.374
-1.02	-0.68	1737.92	377.218
-1.02	-0.68	1737.09	368.103
-1.02	-0.68	1736.26	410.274
-1.02	-0.68	1735.43	425.286
-1.02	-0.68	1734.6	373.94699999999995
-1.02	-0.68	1733.77	401.02
-1.02	-0.68	1732.94	403.967
-1.02	-0.68	1732.11	388.827
-1.02	-0.68	1731.28	370.67900000000003
-1.02	-0.68	1730.45	436.906
-1.02	-0.68	1729.62	406.705
-1.02	-0.68	1728.8	412.66
-1.02	-0.68	1727.96	391.509
-1.02	-0.68	1727.13	445.642
-1.02	-0.68	1726.3	409.44
-1.02	-0.68	1725.47	412.38
-1.02	-0.68	1724.64	397.26300000000003
-1.02	-0.68	1723.81	406.222
-1.02	-0.68	1722.98	403.145
-1.02	-0.68	1722.15	424.13199999999995
-1.02	-0.68	1721.32	378.94800000000004
-1.02	-0.68	1720.49	363.848
-1.02	-0.68	1719.66	423.916
-1.02	-0.68	1718.82	405.80800000000005
-1.02	-0.68	1717.99	405.74
-1.02	-0.68	1717.16	411.681
-1.02	-0.68	1716.33	456.67699999999996
-1.02	-0.68	1715.5	384.505
-1.02	-0.68	1714.66	432.495
-1.02	-0.68	1713.83	405.395
-1.02	-0.68	1713.0	396.319
-1.02	-0.68	1712.17	441.28
-1.02	-0.68	1711.33	432.20099999999996
-1.02	-0.68	1710.5	450.13300000000004
-1.02	-0.68	1709.67	411.051
-1.02	-0.68	1708.83	395.98199999999997
-1.02	-0.68	1708.0	422.909
-1.02	-0.68	1707.17	413.841
-1.02	-0.68	1706.33	395.78
-1.02	-0.68	1705.5	458.667
-1.02	-0.68	1704.66	416.62699999999995
-1.02	-0.68	1703.83	416.556
-1.02	-0.68	1703.0	443.452
-1.02	-0.68	1702.16	407.42699999999996
-1.02	-0.68	1701.33	470.259
-1.02	-0.68	1700.49	470.17900000000003
-1.02	-0.68	1699.66	389.254
-1.02	-0.68	1698.82	416.131
-1.02	-0.68	1697.99	398.101
-1.02	-0.68	1697.15	395.04
-1.02	-0.68	1696.32	439.85699999999997
-1.02	-0.68	1695.48	418.84
-1.02	-0.68	1694.64	424.751
-1.02	-0.68	1693.81	463.55800000000005
-1.02	-0.68	1692.97	421.616
-1.02	-0.68	1692.14	421.54400000000004
-1.02	-0.68	1691.3	466.31
-1.02	-0.68	1690.46	418.412
-1.02	-0.68	1689.63	475.116
-1.02	-0.68	1688.79	439.18300000000005
-1.02	-0.68	1687.95	418.199
-1.02	-0.68	1687.12	453.967
-1.02	-0.68	1686.28	432.98699999999997
-1.02	-0.68	1685.44	444.855
-1.02	-0.68	1684.6	429.85400000000004
-1.02	-0.68	1683.77	444.704
-1.02	-0.68	1682.93	462.533
-1.02	-0.68	1682.09	396.815
-1.02	-0.68	1681.25	435.528
-1.02	-0.68	1680.41	426.506
-1.02	-0.68	1679.58	462.218
-1.02	-0.68	1678.74	503.88
-1.02	-0.68	1677.9	423.30699999999996
-1.02	-0.68	1677.06	432.176
-1.02	-0.68	1676.22	435.082
-1.02	-0.68	1675.38	423.09
-1.02	-0.68	1674.54	476.64
-1.02	-0.68	1673.7	419.968
-1.02	-0.68	1672.86	422.874
-1.02	-0.68	1672.02	479.374
-1.02	-0.68	1671.18	461.43
-1.02	-0.68	1670.34	416.705
-1.02	-0.68	1669.5	476.153
-1.02	-0.68	1668.66	482.023
-1.02	-0.68	1667.82	461.116
-1.02	-0.68	1666.98	502.67900000000003
-1.02	-0.68	1666.14	493.67199999999997
-1.02	-0.68	1665.3	475.74699999999996
-1.02	-0.68	1664.46	448.91
-1.02	-0.68	1663.62	529.0880000000001
-1.02	-0.68	1662.78	478.476
-1.02	-0.68	1661.94	496.222
-1.02	-0.68	1661.1	457.51599999999996
-1.02	-0.68	1660.25	501.994
-1.02	-0.68	1659.41	552.396
-1.02	-0.68	1658.57	513.7
-1.02	-0.68	1657.73	522.519
-1.02	-0.68	1656.89	510.556
-1.02	-0.68	1656.04	489.694
-1.02	-0.68	1655.2	528.186
-1.02	-0.68	1654.36	542.93
-1.02	-0.68	1653.52	530.972
-1.02	-0.68	1652.67	581.3
-1.02	-0.68	1651.83	554.513
-1.02	-0.68	1650.99	557.383
-1.02	-0.68	1650.14	539.502
-1.02	-0.68	1649.3	545.3380000000001
-1.02	-0.68	1648.46	571.914
-1.02	-0.68	1647.61	551.077
-1.02	-0.68	1646.77	559.87
-1.02	-0.68	1645.92	562.736
-1.02	-0.68	1645.08	592.252
-1.02	-0.68	1644.24	592.151
-1.02	-0.68	1643.39	595.01
-1.02	-0.68	1642.55	556.432
-1.02	-0.68	1641.7	571.133
-1.02	-0.68	1640.86	618.375
-1.02	-0.68	1640.01	606.437
-1.02	-0.68	1639.17	612.248
-1.02	-0.68	1638.32	615.101
-1.02	-0.68	1637.48	665.26
-1.02	-0.68	1636.63	656.278
-1.02	-0.68	1635.78	644.3430000000001
-1.02	-0.68	1634.94	664.919
-1.02	-0.68	1634.09	717.99
-1.02	-0.68	1633.25	747.409
-1.02	-0.68	1632.4	702.9760000000001
-1.02	-0.68	1631.55	729.434
-1.02	-0.68	1630.71	767.694
-1.02	-0.68	1629.86	720.328
-1.02	-0.68	1629.01	799.9
-1.02	-0.68	1628.16	755.4960000000001
-1.02	-0.68	1627.32	784.873
-1.02	-0.68	1626.47	775.888
-1.02	-0.68	1625.62	769.8560000000001
-1.02	-0.68	1624.77	769.7239999999999
-1.02	-0.68	1623.93	810.8739999999999
-1.02	-0.68	1623.08	754.72
-1.02	-0.68	1622.23	875.444
-1.02	-0.68	1621.38	892.977
-1.02	-0.68	1620.53	825.052
-1.02	-0.68	1619.69	851.425
-1.02	-0.68	1618.84	842.443
-1.02	-0.68	1617.99	889.42
-1.02	-0.68	1617.14	895.1569999999999
-1.02	-0.68	1616.29	833.178
-1.02	-0.68	1615.44	906.625
-1.02	-0.68	1614.59	894.698
-1.02	-0.68	1613.74	926.913
-1.02	-0.68	1612.89	882.623
-1.02	-0.68	1612.04	903.063
-1.02	-0.68	1611.19	944.0830000000001
-1.02	-0.68	1610.34	826.299
-1.02	-0.68	1609.49	952.58
-1.02	-0.68	1608.64	902.444
-1.02	-0.68	1607.79	896.4110000000001
-1.02	-0.68	1606.94	869.811
-1.02	-0.68	1606.09	937.237
-1.02	-0.68	1605.24	931.201
-1.02	-0.68	1604.39	936.916
-1.02	-0.68	1603.54	930.882
-1.02	-0.68	1602.68	977.699
-1.02	-0.68	1601.83	904.143
-1.02	-0.68	1600.98	927.4689999999999
-1.02	-0.68	1600.13	924.375
-1.02	-0.68	1599.28	941.821
-1.02	-0.68	1598.42	909.3910000000001
-1.02	-0.68	1597.57	874.039
-1.02	-0.68	1596.72	876.821
-1.02	-0.68	1595.87	958.7669999999999
-1.02	-0.68	1595.01	964.466
-1.02	-0.68	1594.16	882.232
-1.02	-0.68	1593.31	999.301
-1.02	-0.68	1592.45	896.58
-1.02	-0.68	1591.6	960.875
-1.02	-0.68	1590.75	919.704
-1.02	-0.68	1589.89	893.19
-1.02	-0.68	1589.04	854.9730000000001
-1.02	-0.68	1588.19	960.215
-1.02	-0.68	1587.33	945.416
-1.02	-0.68	1586.48	933.548
-1.02	-0.68	1585.62	907.054
-1.02	-0.68	1584.77	871.7919999999999
-1.02	-0.68	1583.91	889.192
-1.02	-0.68	1583.06	862.72
-1.02	-0.68	1582.2	856.7239999999999
-1.02	-0.68	1581.35	824.418
-1.02	-0.68	1580.49	926.581
-1.02	-0.68	1579.64	789.066
-1.02	-0.68	1578.78	812.306
-1.02	-0.68	1577.93	815.0880000000001
-1.02	-0.68	1577.07	826.632
-1.02	-0.68	1576.21	826.49
-1.02	-0.68	1575.36	805.908
-1.02	-0.68	1574.5	872.9169999999999
-1.02	-0.68	1573.65	817.307
-1.02	-0.68	1572.79	825.922
-1.02	-0.68	1571.93	808.273
-1.02	-0.68	1571.08	784.794
-1.02	-0.68	1570.22	810.9119999999999
-1.02	-0.68	1569.36	781.6080000000001
-1.02	-0.68	1568.5	810.633
-1.02	-0.68	1567.65	790.086
-1.02	-0.68	1566.79	763.715
-1.02	-0.68	1565.93	731.525
-1.02	-0.68	1565.07	763.453
-1.02	-0.68	1564.21	757.495
-1.02	-0.68	1563.36	783.581
-1.02	-0.68	1562.5	821.308
-1.02	-0.68	1561.64	722.1610000000001
-1.02	-0.68	1560.78	806.4689999999999
-1.02	-0.68	1559.92	759.755
-1.02	-0.68	1559.06	715.9680000000001
-1.02	-0.68	1558.2	797.323
-1.02	-0.68	1557.34	718.6310000000001
-1.02	-0.68	1556.49	706.872
-1.02	-0.68	1555.63	727.1089999999999
-1.02	-0.68	1554.77	761.8789999999999
-1.02	-0.68	1553.91	689.062
-1.02	-0.68	1553.05	741.268
-1.02	-0.68	1552.19	767.299
-1.02	-0.68	1551.33	697.424
-1.02	-0.68	1550.47	801.9
-1.02	-0.68	1549.6	752.378
-1.02	-0.68	1548.74	702.873
-1.02	-0.68	1547.88	760.831
-1.02	-0.68	1547.02	749.086
-1.02	-0.68	1546.16	786.696
-1.02	-0.68	1545.3	743.0239999999999
-1.02	-0.68	1544.44	783.523
-1.02	-0.68	1543.58	858.825
-1.02	-0.68	1542.71	794.857
-1.02	-0.68	1541.85	768.6160000000001
-1.02	-0.68	1540.99	785.883
-1.02	-0.68	1540.13	832.1389999999999
-1.02	-0.68	1539.27	797.2080000000001
-1.02	-0.68	1538.4	730.4069999999999
-1.02	-0.68	1537.54	811.423
-1.02	-0.68	1536.68	773.617
-1.02	-0.68	1535.81	822.732
-1.02	-0.68	1534.95	735.697
-1.02	-0.68	1534.09	770.321
-1.02	-0.68	1533.23	715.175
-1.02	-0.68	1532.36	752.686
-1.02	-0.68	1531.5	772.818
-1.02	-0.68	1530.63	680.078
-1.02	-0.68	1529.77	703.1080000000001
-1.02	-0.68	1528.91	755.06
-1.02	-0.68	1528.04	772.285
-1.02	-0.68	1527.18	772.1519999999999
-1.02	-0.68	1526.31	734.43
-1.02	-0.68	1525.45	792.122
-1.02	-0.68	1524.58	763.081
-1.02	-0.68	1523.72	786.069
-1.02	-0.68	1522.85	774.3760000000001
-1.02	-0.68	1521.99	788.687
-1.02	-0.68	1521.12	808.77
-1.02	-0.68	1520.26	719.1039999999999
-1.02	-0.68	1519.39	721.867
-1.02	-0.68	1518.52	831.448
-1.02	-0.68	1517.66	741.824
-1.02	-0.68	1516.79	770.555
-1.02	-0.68	1515.93	686.7439999999999
-1.02	-0.68	1515.06	724.13
-1.02	-0.68	1514.19	747.081
-1.02	-0.68	1513.33	729.648
-1.02	-0.68	1512.46	709.3380000000001
-1.02	-0.68	1511.59	706.332
-1.02	-0.68	1510.72	634.148
-1.02	-0.68	1509.86	717.6160000000001
-1.02	-0.68	1508.99	662.7439999999999
-1.02	-0.68	1508.12	737.5360000000001
-1.02	-0.68	1507.25	734.528
-1.02	-0.68	1506.38	699.841
-1.02	-0.68	1505.52	731.395
-1.02	-0.68	1504.65	705.357
-1.02	-0.68	1503.78	736.8989999999999
-1.02	-0.68	1502.91	745.4060000000001
-1.02	-0.68	1502.04	719.38
-1.02	-0.68	1501.17	722.132
-1.02	-0.68	1500.3	687.4889999999999
-1.02	-0.68	1499.44	753.5189999999999
-1.02	-0.68	1498.57	779.2689999999999
-1.02	-0.68	1497.7	707.258
-1.02	-0.68	1496.83	704.262
-1.02	-0.68	1495.96	669.6510000000001
-1.02	-0.68	1495.09	732.7539999999999
-1.02	-0.68	1494.22	726.8810000000001
-1.02	-0.68	1493.35	695.1569999999999
-1.02	-0.68	1492.48	660.572
-1.02	-0.68	1491.61	763.834
-1.02	-0.68	1490.73	717.765
-1.02	-0.68	1489.86	729.123
-1.02	-0.68	1488.99	680.206
-1.02	-0.68	1488.12	660.002
-1.02	-0.68	1487.25	705.793
-1.02	-0.68	1486.38	674.1160000000001
-1.02	-0.68	1485.51	694.076
-1.02	-0.68	1484.63	705.427
-1.02	-0.68	1483.76	665.165
-1.02	-0.68	1482.89	679.383
-1.02	-0.68	1482.02	690.73
-1.02	-0.68	1481.15	753.654
-1.02	-0.68	1480.27	727.738
-1.02	-0.68	1479.4	773.445
-1.02	-0.68	1478.53	718.893
-1.02	-0.68	1477.65	718.7689999999999
-1.02	-0.68	1476.78	667.1080000000001
-1.02	-0.68	1475.91	741.421
-1.02	-0.68	1475.03	689.775
-1.02	-0.68	1474.16	701.102
-1.02	-0.68	1473.29	703.842
-1.02	-0.68	1472.41	758.072
-1.02	-0.68	1471.54	712.178
-1.02	-0.68	1470.67	692.0369999999999
-1.02	-0.68	1469.79	729.087
-1.02	-0.68	1468.92	674.6460000000001
-1.02	-0.68	1468.04	694.5360000000001
-1.02	-0.68	1467.17	674.4119999999999
-1.02	-0.68	1466.29	722.867
-1.02	-0.68	1465.42	697.0319999999999
-1.02	-0.68	1464.54	694.055
-1.02	-0.68	1463.67	645.388
-1.02	-0.68	1462.79	662.4069999999999
-1.02	-0.68	1461.91	716.5319999999999
-1.02	-0.68	1461.04	630.7819999999999
-1.02	-0.68	1460.16	647.795
-1.02	-0.68	1459.29	707.6
-1.02	-0.68	1458.41	704.625
-1.02	-0.68	1457.53	661.7189999999999
-1.02	-0.68	1456.66	687.27
-1.02	-0.68	1455.78	644.382
-1.02	-0.68	1454.9	647.121
-1.02	-0.68	1454.03	715.415
-1.02	-0.68	1453.15	709.592
-1.02	-0.68	1452.27	686.675
-1.02	-0.68	1451.39	703.648
-1.02	-0.68	1450.52	751.947
-1.02	-0.68	1449.64	740.426
-1.02	-0.68	1448.76	706.13
-1.02	-0.68	1447.88	731.628
-1.02	-0.68	1447.0	771.35
-1.02	-0.68	1446.13	765.5239999999999
-1.02	-0.68	1445.25	742.6289999999999
-1.02	-0.68	1444.37	731.1210000000001
-1.02	-0.68	1443.49	730.9939999999999
-1.02	-0.68	1442.61	742.243
-1.02	-0.68	1441.73	705.15
-1.02	-0.68	1440.85	662.385
-1.02	-0.68	1439.97	781.6489999999999
-1.02	-0.68	1439.09	716.1510000000001
-1.02	-0.68	1438.21	784.2189999999999
-1.02	-0.68	1437.33	622.153
-1.02	-0.68	1436.45	687.3739999999999
-1.02	-0.68	1435.57	749.732
-1.02	-0.68	1434.69	687.135
-1.02	-0.68	1433.81	698.372
-1.02	-0.68	1432.93	684.058
-1.02	-0.68	1432.05	661.2360000000001
-1.02	-0.68	1431.17	629.91
-1.02	-0.68	1430.29	669.5169999999999
-1.02	-0.68	1429.41	717.6210000000001
-1.02	-0.68	1428.52	697.6439999999999
-1.02	-0.68	1427.64	700.3589999999999
-1.02	-0.68	1426.76	660.547
-1.02	-0.68	1425.88	660.433
-1.02	-0.68	1425.0	691.492
-1.02	-0.68	1424.11	646.036
-1.02	-0.68	1423.23	679.919
-1.02	-0.68	1422.35	702.461
-1.02	-0.68	1421.47	674.0189999999999
-1.02	-0.68	1420.58	730.5319999999999
-1.02	-0.68	1419.7	815.336
-1.02	-0.68	1418.82	786.8889999999999
-1.02	-0.68	1417.93	735.812
-1.02	-0.68	1417.05	755.4910000000001
-1.02	-0.68	1416.17	724.24
-1.02	-0.68	1415.28	729.7710000000001
-1.02	-0.68	1414.4	712.675
-1.02	-0.68	1413.51	746.482
-1.02	-0.68	1412.63	760.488
-1.02	-0.68	1411.75	749.049
-1.02	-0.68	1410.86	748.919
-1.02	-0.68	1409.98	771.3939999999999
-1.02	-0.68	1409.09	793.8610000000001
-1.02	-0.68	1408.21	725.931
-1.02	-0.68	1407.32	739.926
-1.02	-0.68	1406.44	765.21
-1.02	-0.68	1405.55	798.955
-1.02	-0.68	1404.66	781.88
-1.02	-0.68	1403.78	697.078
-1.02	-0.68	1402.89	727.9960000000001
-1.02	-0.68	1402.01	775.829
-1.02	-0.68	1401.12	775.694
-1.02	-0.68	1400.23	690.953
-1.02	-0.68	1399.35	733.128
-1.02	-0.68	1398.46	789.385
-1.02	-0.68	1397.57	732.873
-1.02	-0.68	1396.69	797.565
-1.02	-0.68	1395.8	788.9730000000001
-1.02	-0.68	1394.91	805.7389999999999
-1.02	-0.68	1394.02	780.248
-1.02	-0.68	1393.14	791.377
-1.02	-0.68	1392.25	799.687
-1.02	-0.68	1391.36	799.547
-1.02	-0.68	1390.47	799.408
-1.02	-0.68	1389.58	728.9110000000001
-1.02	-0.68	1388.7	832.8960000000001
-1.02	-0.68	1387.81	765.23
-1.02	-0.68	1386.92	790.413
-1.02	-0.68	1386.03	767.7760000000001
-1.02	-0.68	1385.14	829.5039999999999
-1.02	-0.68	1384.25	840.6039999999999
-1.02	-0.68	1383.36	756.1310000000001
-1.02	-0.68	1382.47	789.7239999999999
-1.02	-0.68	1381.58	798.0160000000001
-1.02	-0.68	1380.69	811.924
-1.02	-0.68	1379.8	803.3560000000001
-1.02	-0.68	1378.91	820.067
-1.02	-0.68	1378.02	856.427
-1.02	-0.68	1377.13	870.315
-1.02	-0.68	1376.24	833.673
-1.02	-0.68	1375.35	931.7539999999999
-1.02	-0.68	1374.46	855.83
-1.02	-0.68	1373.57	802.3760000000001
-1.02	-0.68	1372.68	838.701
-1.02	-0.68	1371.78	860.9910000000001
-1.02	-0.68	1370.89	925.334
-1.02	-0.68	1370.0	869.1010000000001
-1.02	-0.68	1369.11	866.1469999999999
-1.02	-0.68	1368.22	865.9960000000001
-1.02	-0.68	1367.33	832.2189999999999
-1.02	-0.68	1366.43	868.495
-1.02	-0.68	1365.54	857.1389999999999
-1.02	-0.68	1364.65	997.02
-1.02	-0.68	1363.76	876.441
-1.02	-0.68	1362.86	828.694
-1.02	-0.68	1361.97	988.1010000000001
-1.02	-0.68	1361.08	901.17
-1.02	-0.68	1360.18	948.581
-1.02	-0.68	1359.29	881.2710000000001
-1.02	-0.68	1358.4	981.816
-1.02	-0.68	1357.5	984.442
-1.02	-0.68	1356.61	950.715
-1.02	-0.68	1355.71	908.613
-1.02	-0.68	1354.82	930.816
-1.02	-0.68	1353.92	1000.52
-1.02	-0.68	1353.03	1047.85
-1.02	-0.68	1352.13	994.585
-1.02	-0.68	1351.24	969.2719999999999
-1.02	-0.68	1350.34	1036.13
-1.02	-0.68	1349.45	1075.04
-1.02	-0.68	1348.55	1091.6
-1.02	-0.68	1347.66	1077.46
-1.02	-0.68	1346.76	999.125
-1.02	-0.68	1345.87	1088.24
-1.02	-0.68	1344.97	1054.57
-1.02	-0.68	1344.07	1093.44
-1.02	-0.68	1343.18	1076.52
-1.02	-0.68	1342.28	1129.31
-1.02	-0.68	1341.38	967.41
-1.02	-0.68	1340.49	1036.93
-1.02	-0.68	1339.59	1075.76
-1.02	-0.68	1338.69	1117.37
-1.02	-0.68	1337.8	1106.03
-1.02	-0.68	1336.9	1155.98
-1.02	-0.68	1336.0	1164.13
-1.02	-0.68	1335.1	1133.3
-1.02	-0.68	1334.2	1158.16
-1.02	-0.68	1333.31	1074.45
-1.02	-0.68	1332.41	1099.31
-1.02	-0.68	1331.51	1190.94
-1.02	-0.68	1330.61	1126.74
-1.02	-0.68	1329.71	1193.3
-1.02	-0.68	1328.81	1118.0
-1.02	-0.68	1327.91	1198.45
-1.02	-0.68	1327.02	1150.97
-1.02	-0.68	1326.12	1203.59
-1.02	-0.68	1325.22	1170.03
-1.02	-0.68	1324.32	1172.6
-1.02	-0.68	1323.42	1097.38
-1.02	-0.68	1322.52	1138.86
-1.02	-0.68	1321.62	1146.99
-1.02	-0.68	1320.72	1082.92
-1.02	-0.68	1319.82	1204.89
-1.02	-0.68	1318.91	1138.06
-1.02	-0.68	1318.01	1154.51
-1.02	-0.68	1317.11	1140.44
-1.02	-0.68	1316.21	1073.65
-1.02	-0.68	1315.31	1137.26
-1.02	-0.68	1314.41	1053.86
-1.02	-0.68	1313.51	1075.86
-1.02	-0.68	1312.61	1175.48
-1.02	-0.68	1311.7	1216.85
-1.02	-0.68	1310.8	1133.49
-1.02	-0.68	1309.9	1080.65
-1.02	-0.68	1309.0	1113.7
-1.02	-0.68	1308.09	1077.5
-1.02	-0.68	1307.19	1113.31
-1.02	-0.68	1306.29	1052.2
-1.02	-0.68	1305.39	1074.16
-1.02	-0.68	1304.48	1093.35
-1.02	-0.68	1303.58	1098.7
-1.02	-0.68	1302.68	1098.5
-1.02	-0.68	1301.77	1059.58
-1.02	-0.68	1300.87	1095.35
-1.02	-0.68	1299.96	1042.61
-1.02	-0.68	1299.06	1089.44
-1.02	-0.68	1298.16	1069.89
-1.02	-0.68	1297.25	1044.83
-1.02	-0.68	1296.35	1075.05
-1.02	-0.68	1295.44	1030.65
-1.02	-0.68	1294.54	1030.47
-1.02	-0.68	1293.63	1035.81
-1.02	-0.68	1292.73	985.918
-1.02	-0.68	1291.82	991.2669999999999
-1.02	-0.68	1290.92	960.7260000000001
-1.02	-0.68	1290.01	1032.32
-1.02	-0.68	1289.1	932.791
-1.02	-0.68	1288.2	943.664
-1.02	-0.68	1287.29	954.534
-1.02	-0.68	1286.39	1006.77
-1.02	-0.68	1285.48	970.745
-1.02	-0.68	1284.57	943.002
-1.02	-0.68	1283.67	956.62
-1.02	-0.68	1282.76	964.721
-1.02	-0.68	1281.85	895.655
-1.02	-0.68	1280.94	889.987
-1.02	-0.68	1280.04	892.586
-1.02	-0.68	1279.13	903.447
-1.02	-0.68	1278.22	886.7639999999999
-1.02	-0.68	1277.31	861.827
-1.02	-0.68	1276.41	847.9110000000001
-1.02	-0.68	1275.5	858.7719999999999
-1.02	-0.68	1274.59	847.613
-1.02	-0.68	1273.68	841.961
-1.02	-0.68	1272.77	863.821
-1.02	-0.68	1271.86	885.674
-1.02	-0.68	1270.95	849.768
-1.02	-0.68	1270.04	907.3589999999999
-1.02	-0.68	1269.13	879.709
-1.02	-0.68	1268.23	852.068
-1.02	-0.68	1267.32	805.2
-1.02	-0.68	1266.41	890.235
-1.02	-0.68	1265.5	802.17
-1.02	-0.68	1264.59	837.735
-1.02	-0.68	1263.67	810.1260000000001
-1.02	-0.68	1262.76	878.6260000000001
-1.02	-0.68	1261.85	826.313
-1.02	-0.68	1260.94	850.87
-1.02	-0.68	1260.03	839.743
-1.02	-0.68	1259.12	845.0830000000001
-1.02	-0.68	1258.21	792.812
-1.02	-0.68	1257.3	784.444
-1.02	-0.68	1256.39	781.563
-1.02	-0.68	1255.47	737.556
-1.02	-0.68	1254.56	723.72
-1.02	-0.68	1253.65	751.0010000000001
-1.02	-0.68	1252.74	726.205
-1.02	-0.68	1251.83	706.898
-1.02	-0.68	1250.91	734.168
-1.02	-0.68	1250.0	769.645
-1.02	-0.68	1249.09	742.125
-1.02	-0.68	1248.17	788.54
-1.02	-0.68	1247.26	689.8510000000001
-1.02	-0.68	1246.35	656.885
-1.02	-0.68	1245.43	703.291
-1.02	-0.68	1244.52	681.278
-1.02	-0.68	1243.61	763.2260000000001
-1.02	-0.68	1242.69	702.919
-1.02	-0.68	1241.78	702.795
-1.02	-0.68	1240.86	697.203
-1.02	-0.68	1239.95	656.076
-1.02	-0.68	1239.03	686.025
-1.02	-0.68	1238.12	639.448
-1.02	-0.68	1237.2	625.675
-1.02	-0.68	1236.29	674.735
-1.02	-0.68	1235.37	685.541
-1.02	-0.68	1234.46	619.882
-1.02	-0.68	1233.54	712.602
-1.02	-0.68	1232.63	633.313
-1.02	-0.68	1231.71	690.5169999999999
-1.02	-0.68	1230.8	668.564
-1.02	-0.68	1229.88	709.372
-1.02	-0.68	1228.96	621.955
-1.02	-0.68	1228.05	567.297
-1.02	-0.68	1227.13	684.454
-1.02	-0.68	1226.21	659.796
-1.02	-0.68	1225.3	662.405
-1.02	-0.68	1224.38	645.936
-1.02	-0.68	1223.46	648.547
-1.02	-0.68	1222.54	613.014
-1.02	-0.68	1221.63	610.181
-1.02	-0.68	1220.71	675.439
-1.02	-0.68	1219.79	664.427
-1.02	-0.68	1218.87	705.1489999999999
-1.02	-0.68	1217.95	669.637
-1.02	-0.68	1217.03	609.643
-1.02	-0.68	1216.12	644.91
-1.02	-0.68	1215.2	603.987
-1.02	-0.68	1214.28	666.444
-1.02	-0.68	1213.36	674.4860000000001
-1.02	-0.68	1212.44	685.243
-1.02	-0.68	1211.52	676.966
-1.02	-0.68	1210.6	630.636
-1.02	-0.68	1209.68	608.783
-1.02	-0.68	1208.76	695.6289999999999
-1.02	-0.68	1207.84	649.32
-1.02	-0.68	1206.92	627.474
-1.02	-0.68	1206.0	630.0790000000001
-1.02	-0.68	1205.08	640.83
-1.02	-0.68	1204.16	689.585
-1.02	-0.68	1203.24	629.746
-1.02	-0.68	1202.31	618.778
-1.02	-0.68	1201.39	653.944
-1.02	-0.68	1200.47	645.69
-1.02	-0.68	1199.55	623.875
-1.02	-0.68	1198.63	678.0060000000001
-1.02	-0.68	1197.71	648.059
-1.02	-0.68	1196.78	694.0319999999999
-1.02	-0.68	1195.86	631.566
-1.02	-0.68	1194.94	631.455
-1.02	-0.68	1194.02	685.535
-1.02	-0.68	1193.09	661.0319999999999
-1.02	-0.68	1192.17	706.962
-1.02	-0.68	1191.25	612.0509999999999
-1.02	-0.68	1190.32	660.681
-1.02	-0.68	1189.4	676.808
-1.02	-0.68	1188.48	627.967
-1.02	-0.68	1187.55	644.0930000000001
-1.02	-0.68	1186.63	646.685
-1.02	-0.68	1185.71	660.097
-1.02	-0.68	1184.78	619.408
-1.02	-0.68	1183.86	616.594
-1.02	-0.68	1182.93	597.557
-1.02	-0.68	1182.01	656.927
-1.02	-0.68	1181.08	618.969
-1.02	-0.68	1180.16	643.182
-1.02	-0.68	1179.23	602.538
-1.02	-0.68	1178.31	669.9689999999999
-1.02	-0.68	1177.38	669.85
-1.02	-0.68	1176.46	667.0310000000001
-1.02	-0.68	1175.53	610.212
-1.02	-0.68	1174.6	637.1
-1.02	-0.68	1173.68	628.89
-1.02	-0.68	1172.75	617.984
-1.02	-0.68	1171.82	669.1389999999999
-1.02	-0.68	1170.9	650.137
-1.02	-0.68	1169.97	671.5989999999999
-1.02	-0.68	1169.04	644.513
-1.02	-0.68	1168.12	644.399
-1.02	-0.68	1167.19	695.5039999999999
-1.02	-0.68	1166.26	671.123
-1.02	-0.68	1165.33	622.498
-1.02	-0.68	1164.41	649.331
-1.02	-0.68	1163.48	681.5419999999999
-1.02	-0.68	1162.55	708.355
-1.02	-0.68	1161.62	619.364
-1.02	-0.68	1160.69	710.796
-1.02	-0.68	1159.76	718.7460000000001
-1.02	-0.68	1158.84	680.938
-1.02	-0.68	1157.91	688.89
-1.02	-0.68	1156.98	688.768
-1.02	-0.68	1156.05	691.336
-1.02	-0.68	1155.12	667.008
-1.02	-0.68	1154.19	669.578
-1.02	-0.68	1153.26	723.2310000000001
-1.02	-0.68	1152.33	704.2860000000001
-1.02	-0.68	1151.4	733.725
-1.02	-0.68	1150.47	647.606
-1.02	-0.68	1149.54	666.298
-1.02	-0.68	1148.61	703.7869999999999
-1.02	-0.68	1147.68	660.69
-1.02	-0.68	1146.75	711.5930000000001
-1.02	-0.68	1145.81	647.0319999999999
-1.02	-0.68	1144.88	692.55
-1.02	-0.68	1143.95	738.052
-1.02	-0.68	1143.02	686.938
-1.02	-0.68	1142.09	659.987
-1.02	-0.68	1141.16	662.552
-1.02	-0.68	1140.22	622.206
-1.02	-0.68	1139.29	616.732
-1.02	-0.68	1138.36	630.028
-1.02	-0.68	1137.43	627.235
-1.02	-0.68	1136.49	629.804
-1.02	-0.68	1135.56	589.499
-1.02	-0.68	1134.63	592.073
-1.02	-0.68	1133.69	626.79
-1.02	-0.68	1132.76	594.5409999999999
-1.02	-0.68	1131.83	578.37
-1.02	-0.68	1130.89	575.59
-1.02	-0.68	1129.96	532.661
-1.02	-0.68	1129.02	607.5
-1.02	-0.68	1128.09	588.6619999999999
-1.02	-0.68	1127.16	524.351
-1.02	-0.68	1126.22	596.477
-1.02	-0.68	1125.29	537.536
-1.02	-0.68	1124.35	556.1569999999999
-1.02	-0.68	1123.42	577.445
-1.02	-0.68	1122.48	604.072
-1.02	-0.68	1121.55	542.499
-1.02	-0.68	1120.61	579.809
-1.02	-0.68	1119.67	523.606
-1.02	-0.68	1118.74	598.3
-1.02	-0.68	1117.8	563.477
-1.02	-0.68	1116.87	547.357
-1.02	-0.68	1115.93	528.572
-1.02	-0.68	1114.99	507.126
-1.02	-0.68	1114.06	589.762
-1.02	-0.68	1113.12	557.64
-1.02	-0.68	1112.18	504.18699999999995
-1.02	-0.68	1111.24	506.765
-1.02	-0.68	1110.31	589.3430000000001
-1.02	-0.68	1109.37	551.911
-1.02	-0.68	1108.43	538.484
-1.02	-0.68	1107.49	578.367
-1.02	-0.68	1106.55	538.2919999999999
-1.02	-0.68	1105.62	538.196
-1.02	-0.68	1104.68	503.47
-1.02	-0.68	1103.74	519.361
-1.02	-0.68	1102.8	535.246
-1.02	-0.68	1101.86	532.488
-1.02	-0.68	1100.92	460.52
-1.02	-0.68	1099.98	497.699
-1.02	-0.68	1099.04	486.966
-1.02	-0.68	1098.1	510.825
-1.02	-0.68	1097.16	516.054
-1.02	-0.68	1096.22	505.32300000000004
-1.02	-0.68	1095.28	502.574
-1.02	-0.68	1094.34	560.975
-1.02	-0.68	1093.4	499.73699999999997
-1.02	-0.68	1092.46	558.117
-1.02	-0.68	1091.52	550.0459999999999
-1.02	-0.68	1090.58	518.067
-1.02	-0.68	1089.64	565.788
-1.02	-0.68	1088.7	589.589
-1.02	-0.68	1087.76	565.586
-1.02	-0.68	1086.81	517.698
-1.02	-0.68	1085.87	506.98800000000006
-1.02	-0.68	1084.93	562.63
-1.02	-0.68	1083.99	509.461
-1.02	-0.68	1083.05	514.6759999999999
-1.02	-0.68	1082.1	519.889
-1.02	-0.68	1081.16	503.884
-1.02	-0.68	1080.22	514.401
-1.02	-0.68	1079.28	516.96
-1.02	-0.68	1078.33	532.771
-1.02	-0.68	1077.39	500.875
-1.02	-0.68	1076.45	466.34
-1.02	-0.68	1075.5	453.01099999999997
-1.02	-0.68	1074.56	463.525
-1.02	-0.68	1073.61	505.814
-1.02	-0.68	1072.67	532.201
-1.02	-0.68	1071.73	558.5790000000001
-1.02	-0.68	1070.78	449.96
-1.02	-0.68	1069.84	516.038
-1.02	-0.68	1068.89	518.592
-1.02	-0.68	1067.95	478.81800000000004
-1.02	-0.68	1067.0	486.668
-1.02	-0.68	1066.06	431.04699999999997
-1.02	-0.68	1065.11	462.69800000000004
-1.02	-0.68	1064.16	470.546
-1.02	-0.68	1063.22	457.24699999999996
-1.02	-0.68	1062.27	486.233
-1.02	-0.68	1061.33	462.36800000000005
-1.02	-0.68	1060.38	472.852
-1.02	-0.68	1059.43	467.485
-1.02	-0.68	1058.49	430.43199999999996
-1.02	-0.68	1057.54	485.79900000000004
-1.02	-0.68	1056.59	456.675
-1.02	-0.68	1055.65	485.626
-1.02	-0.68	1054.7	485.539
-1.02	-0.68	1053.75	466.98400000000004
-1.02	-0.68	1052.8	485.365
-1.02	-0.68	1051.85	480.004
-1.02	-0.68	1050.91	530.019
-1.02	-0.68	1049.96	482.469
-1.02	-0.68	1049.01	508.74199999999996
-1.02	-0.68	1048.06	577.174
-1.02	-0.68	1047.11	524.371
-1.02	-0.68	1046.16	490.028
-1.02	-0.68	1045.21	487.306
-1.02	-0.68	1044.27	510.921
-1.02	-0.68	1043.32	431.836
-1.02	-0.68	1042.37	476.514
-1.02	-0.68	1041.42	497.486
-1.02	-0.68	1040.47	463.185
-1.02	-0.68	1039.52	499.939
-1.02	-0.68	1038.57	449.865
-1.02	-0.68	1037.62	486.60900000000004
-1.02	-0.68	1036.67	460.223
-1.02	-0.68	1035.71	468.029
-1.02	-0.68	1034.76	496.86300000000006
-1.02	-0.68	1033.81	483.63199999999995
-1.02	-0.68	1032.86	475.662
-1.02	-0.68	1031.91	478.204
-1.02	-0.68	1030.96	472.865
-1.02	-0.68	1030.01	475.407
-1.02	-0.68	1029.05	472.695
-1.02	-0.68	1028.1	485.73900000000003
-1.02	-0.68	1027.15	441.024
-1.02	-0.68	1026.2	461.94300000000004
-1.02	-0.68	1025.24	493.35
-1.02	-0.68	1024.29	493.26199999999994
-1.02	-0.68	1023.34	456.44800000000004
-1.02	-0.68	1022.39	448.49800000000005
-1.02	-0.68	1021.43	477.26300000000003
-1.02	-0.68	1020.48	453.58099999999996
-1.02	-0.68	1019.52	466.60699999999997
-1.02	-0.68	1018.57	503.216
-1.02	-0.68	1017.62	427.13300000000004
-1.02	-0.68	1016.66	442.776
-1.02	-0.68	1015.71	458.414
-1.02	-0.68	1014.75	476.665
-1.02	-0.68	1013.8	458.249
-1.02	-0.68	1012.84	452.931
-1.02	-0.68	1011.89	455.468
-1.02	-0.68	1010.93	523.432
-1.02	-0.68	1009.98	497.171
-1.02	-0.68	1009.02	486.61699999999996
-1.02	-0.68	1008.07	462.98800000000006
-1.02	-0.68	1007.11	470.751
-1.02	-0.68	1006.16	509.889
-1.02	-0.68	1005.2	454.89599999999996
-1.02	-0.68	1004.24	441.745
-1.02	-0.68	1003.29	509.615
-1.02	-0.68	1002.33	478.168
-1.02	-0.68	1001.37	493.75699999999995
-1.02	-0.68	1000.41	438.816
-1.02	-0.68	999.4580000000001	402.176
-1.02	-0.68	998.5	475.214
-1.02	-0.68	997.543	441.191
-1.02	-0.68	996.585	467.213
-1.02	-0.68	995.627	490.616
-1.02	-0.68	994.669	409.64300000000003
-1.02	-0.68	993.71	474.787
-1.02	-0.68	992.752	461.661
-1.02	-0.68	991.793	396.38300000000004
-1.02	-0.68	990.834	461.495
-1.02	-0.68	989.875	424.916
-1.02	-0.68	988.916	422.23400000000004
-1.02	-0.68	987.957	435.18800000000005
-1.02	-0.68	986.997	484.61300000000006
-1.02	-0.68	986.0369999999999	463.686
-1.02	-0.68	985.078	505.275
-1.02	-0.68	984.118	484.352
-1.02	-0.68	983.1569999999999	453.022
-1.02	-0.68	982.197	476.36800000000005
-1.02	-0.68	981.2360000000001	486.69300000000004
-1.02	-0.68	980.2760000000001	517.832
-1.02	-0.68	979.315	509.934
-1.02	-0.68	978.3539999999999	481.22900000000004
-1.02	-0.68	977.3919999999999	473.34
-1.02	-0.68	976.431	452.452
-1.02	-0.68	975.4689999999999	449.77099999999996
-1.02	-0.68	974.508	475.684
-1.02	-0.68	973.546	473.0
-1.02	-0.68	972.584	457.324
-1.02	-0.68	971.6210000000001	449.44800000000004
-1.02	-0.68	970.659	436.38
-1.02	-0.68	969.696	410.33099999999996
-1.02	-0.68	968.7330000000001	436.223
-1.02	-0.68	967.77	430.952
-1.02	-0.68	966.807	446.44800000000004
-1.02	-0.68	965.8439999999999	448.963
-1.02	-0.68	964.88	474.829
-1.02	-0.68	963.9169999999999	474.744
-1.02	-0.68	962.953	461.69
-1.02	-0.68	961.9889999999999	461.60699999999997
-1.02	-0.68	961.025	430.41
-1.02	-0.68	960.06	474.402
-1.02	-0.68	959.096	383.601
-1.02	-0.68	958.1310000000001	448.31699999999995
-1.02	-0.68	957.166	466.37300000000005
-1.02	-0.68	956.201	481.832
-1.02	-0.68	955.2360000000001	476.565
-1.02	-0.68	954.27	471.301
-1.02	-0.68	953.305	427.20099999999996
-1.02	-0.68	952.3389999999999	445.245
-1.02	-0.68	951.373	452.92900000000003
-1.02	-0.68	950.4069999999999	489.075
-1.02	-0.68	949.441	463.115
-1.02	-0.68	948.4739999999999	483.725
-1.02	-0.68	947.508	426.74
-1.02	-0.68	946.541	462.86400000000003
-1.02	-0.68	945.574	491.22
-1.02	-0.68	944.607	465.283
-1.02	-0.68	943.6389999999999	462.61400000000003
-1.02	-0.68	942.672	521.962
-1.02	-0.68	941.704	503.784
-1.02	-0.68	940.7360000000001	539.856
-1.02	-0.68	939.768	513.932
-1.02	-0.68	938.8	524.168
-1.02	-0.68	937.832	467.278
-1.02	-0.68	936.863	495.586
-1.02	-0.68	935.8939999999999	518.7230000000001
-1.02	-0.68	934.926	505.72900000000004
-1.02	-0.68	933.956	503.05800000000005
-1.02	-0.68	932.987	495.22900000000004
-1.02	-0.68	932.018	518.349
-1.02	-0.68	931.048	489.894
-1.02	-0.68	930.078	484.649
-1.02	-0.68	929.1080000000001	492.29400000000004
-1.02	-0.68	928.138	450.974
-1.02	-0.68	927.168	440.586
-1.02	-0.68	926.198	458.539
-1.02	-0.68	925.227	473.91
-1.02	-0.68	924.2560000000001	509.876
-1.02	-0.68	923.285	484.038
-1.02	-0.68	922.314	440.189
-1.02	-0.68	921.3430000000001	434.962
-1.02	-0.68	920.3710000000001	452.89599999999996
-1.02	-0.68	919.3989999999999	450.24199999999996
-1.02	-0.68	918.427	419.292
-1.02	-0.68	917.455	475.798
-1.02	-0.68	916.4830000000001	439.712
-1.02	-0.68	915.5110000000001	434.491
-1.02	-0.68	914.538	457.54699999999997
-1.02	-0.68	913.565	431.764
-1.02	-0.68	912.5930000000001	472.79900000000004
-1.02	-0.68	911.6189999999999	426.47
-1.02	-0.68	910.6460000000001	462.35400000000004
-1.02	-0.68	909.673	451.99800000000005
-1.02	-0.68	908.699	528.947
-1.02	-0.68	907.725	433.86400000000003
-1.02	-0.68	906.7510000000001	456.88599999999997
-1.02	-0.68	905.7769999999999	502.99699999999996
-1.02	-0.68	904.803	428.49699999999996
-1.02	-0.68	903.828	456.639
-1.02	-0.68	902.8539999999999	461.686
-1.02	-0.68	901.8789999999999	428.265
-1.02	-0.68	900.904	441.00699999999995
-1.02	-0.68	899.928	466.56300000000005
-1.02	-0.68	898.953	430.595
-1.02	-0.68	897.977	448.45599999999996
-1.02	-0.68	897.002	443.251
-1.02	-0.68	896.0260000000001	425.23900000000003
-1.02	-0.68	895.05	458.458
-1.02	-0.68	894.073	489.10400000000004
-1.02	-0.68	893.097	440.37
-1.02	-0.68	892.12	453.089
-1.02	-0.68	891.1439999999999	429.973
-1.02	-0.68	890.1669999999999	422.218
-1.02	-0.68	889.189	440.051
-1.02	-0.68	888.212	416.95
-1.02	-0.68	887.235	511.50199999999995
-1.02	-0.68	886.257	444.926
-1.02	-0.68	885.279	465.29900000000004
-1.02	-0.68	884.301	447.32199999999995
-1.02	-0.68	883.323	454.908
-1.02	-0.68	882.3439999999999	401.166
-1.02	-0.68	881.3660000000001	449.63300000000004
-1.02	-0.68	880.387	459.769
-1.02	-0.68	879.408	421.379
-1.02	-0.68	878.429	390.662
-1.02	-0.68	877.45	479.94300000000004
-1.02	-0.68	876.47	482.408
-1.02	-0.68	875.4910000000001	492.529
-1.02	-0.68	874.5110000000001	423.54900000000004
-1.02	-0.68	873.5310000000001	471.94199999999995
-1.02	-0.68	872.551	469.306
-1.02	-0.68	871.57	489.62199999999996
-1.02	-0.68	870.59	484.434
-1.02	-0.68	869.6089999999999	525.133
-1.02	-0.68	868.628	479.161
-1.02	-0.68	867.6469999999999	499.46
-1.02	-0.68	866.666	484.083
-1.02	-0.68	865.684	568.057
-1.02	-0.68	864.703	547.5790000000001
-1.02	-0.68	863.721	516.923
-1.02	-0.68	862.7389999999999	524.467
-1.02	-0.68	861.757	529.4630000000001
-1.02	-0.68	860.775	496.282
-1.02	-0.68	859.7919999999999	564.895
-1.02	-0.68	858.81	435.043
-1.02	-0.68	857.827	521.448
-1.02	-0.68	856.8439999999999	493.379
-1.02	-0.68	855.86	472.94699999999995
-1.02	-0.68	854.877	488.115
-1.02	-0.68	853.8939999999999	515.986
-1.02	-0.68	852.91	475.231
-1.02	-0.68	851.926	513.258
-1.02	-0.68	850.942	480.14
-1.02	-0.68	849.9580000000001	520.692
-1.02	-0.68	848.9730000000001	505.361
-1.02	-0.68	847.988	512.886
-1.02	-0.68	847.0039999999999	525.486
-1.02	-0.68	846.0189999999999	464.476
-1.02	-0.68	845.034	474.542
-1.02	-0.68	844.048	492.216
-1.02	-0.68	843.063	459.149
-1.02	-0.68	842.077	474.283
-1.02	-0.68	841.091	443.76800000000003
-1.02	-0.68	840.105	456.36400000000003
-1.02	-0.68	839.1189999999999	430.93199999999996
-1.02	-0.68	838.132	458.733
-1.02	-0.68	837.1460000000001	428.24199999999996
-1.02	-0.68	836.159	486.435
-1.02	-0.68	835.172	478.74699999999996
-1.02	-0.68	834.185	435.606
-1.02	-0.68	833.198	443.12300000000005
-1.02	-0.68	832.21	460.764
-1.02	-0.68	831.222	485.99300000000005
-1.02	-0.68	830.235	493.49699999999996
-1.02	-0.68	829.247	432.68
-1.02	-0.68	828.258	480.668
-1.02	-0.68	827.27	447.699
-1.02	-0.68	826.2810000000001	452.676
-1.02	-0.68	825.293	419.723
-1.02	-0.68	824.304	427.231
-1.02	-0.68	823.315	462.539
-1.02	-0.68	822.325	442.23800000000006
-1.02	-0.68	821.336	500.27
-1.02	-0.68	820.346	472.39099999999996
-1.02	-0.68	819.3560000000001	431.894
-1.02	-0.68	818.3660000000001	462.119
-1.02	-0.68	817.3760000000001	451.935
-1.02	-0.68	816.3860000000001	461.95
-1.02	-0.68	815.395	482.05699999999996
-1.02	-0.68	814.405	428.978
-1.02	-0.68	813.414	464.221
-1.02	-0.68	812.423	436.39
-1.02	-0.68	811.431	466.574
-1.02	-0.68	810.44	471.533
-1.02	-0.68	809.448	468.926
-1.02	-0.68	808.456	463.79900000000004
-1.02	-0.68	807.4639999999999	398.19
-1.02	-0.68	806.472	453.551
-1.02	-0.68	805.48	483.7
-1.02	-0.68	804.487	440.792
-1.02	-0.68	803.495	483.524
-1.02	-0.68	802.502	463.293
-1.02	-0.68	801.5089999999999	450.621
-1.02	-0.68	800.5160000000001	458.09
-1.02	-0.68	799.5219999999999	490.721
-1.02	-0.68	798.528	500.69599999999997
-1.02	-0.68	797.535	545.886
-1.02	-0.68	796.541	525.665
-1.02	-0.68	795.547	543.172
-1.02	-0.68	794.552	497.81699999999995
-1.02	-0.68	793.558	520.351
-1.02	-0.68	792.563	472.50300000000004
-1.02	-0.68	791.568	490.00699999999995
-1.02	-0.68	790.573	489.917
-1.02	-0.68	789.578	502.38800000000003
-1.02	-0.68	788.582	477.181
-1.02	-0.68	787.587	449.473
-1.02	-0.68	786.591	484.539
-1.02	-0.68	785.595	481.941
-1.02	-0.68	784.5989999999999	484.36199999999997
-1.02	-0.68	783.602	459.18199999999996
-1.02	-0.68	782.6060000000001	436.52
-1.02	-0.68	781.6089999999999	461.523
-1.02	-0.68	780.612	451.408
-1.02	-0.68	779.615	478.906
-1.02	-0.68	778.618	503.88800000000003
-1.02	-0.68	777.6210000000001	498.783
-1.02	-0.68	776.623	513.7280000000001
-1.02	-0.68	775.625	456.00699999999995
-1.02	-0.68	774.627	473.459
-1.02	-0.68	773.6289999999999	475.87800000000004
-1.02	-0.68	772.6310000000001	483.30300000000005
-1.02	-0.68	771.632	468.19300000000004
-1.02	-0.68	770.6339999999999	438.06800000000004
-1.02	-0.68	769.635	453.005
-1.02	-0.68	768.6360000000001	442.913
-1.02	-0.68	767.6360000000001	447.836
-1.02	-0.68	766.637	437.749
-1.02	-0.68	765.637	432.667
-1.02	-0.68	764.637	452.592
-1.02	-0.68	763.638	430.009
-1.02	-0.68	762.637	472.423
-1.02	-0.68	761.637	459.841
-1.02	-0.68	760.6360000000001	444.765
-1.02	-0.68	759.6360000000001	477.161
-1.02	-0.68	758.635	439.60699999999997
-1.02	-0.68	757.6339999999999	427.04
-1.02	-0.68	756.633	441.944
-1.02	-0.68	755.6310000000001	444.35900000000004
-1.02	-0.68	754.6289999999999	446.774
-1.02	-0.68	753.628	434.215
-1.02	-0.68	752.6260000000001	441.621
-1.02	-0.68	751.623	431.56199999999995
-1.02	-0.68	750.6210000000001	441.459
-1.02	-0.68	749.6189999999999	486.264
-1.02	-0.68	748.6160000000001	471.216
-1.02	-0.68	747.613	391.36199999999997
-1.02	-0.68	746.61	408.73699999999997
-1.02	-0.68	745.607	441.056
-1.02	-0.68	744.6030000000001	455.92400000000004
-1.02	-0.68	743.5989999999999	465.80400000000003
-1.02	-0.68	742.596	430.852
-1.02	-0.68	741.592	460.653
-1.02	-0.68	740.587	425.715
-1.02	-0.68	739.5830000000001	450.529
-1.02	-0.68	738.579	452.935
-1.02	-0.68	737.574	467.781
-1.02	-0.68	736.569	410.477
-1.02	-0.68	735.564	440.25
-1.02	-0.68	734.558	430.222
-1.02	-0.68	733.553	464.952
-1.02	-0.68	732.547	405.205
-1.02	-0.68	731.541	454.84
-1.02	-0.68	730.535	452.272
-1.02	-0.68	729.529	397.529
-1.02	-0.68	728.523	419.81300000000005
-1.02	-0.68	727.5160000000001	417.25300000000004
-1.02	-0.68	726.5089999999999	439.525
-1.02	-0.68	725.503	394.755
-1.02	-0.68	724.495	397.165
-1.02	-0.68	723.488	444.24699999999996
-1.02	-0.68	722.4810000000001	444.166
-1.02	-0.68	721.4730000000001	411.833
-1.02	-0.68	720.465	434.08099999999996
-1.02	-0.68	719.457	441.44199999999995
-1.02	-0.68	718.449	446.32
-1.02	-0.68	717.44	446.23800000000006
-1.02	-0.68	716.432	411.455
-1.02	-0.68	715.423	431.20599999999996
-1.02	-0.68	714.414	398.916
-1.02	-0.68	713.405	418.661
-1.02	-0.68	712.395	411.154
-1.02	-0.68	711.3860000000001	433.366
-1.02	-0.68	710.3760000000001	411.00300000000004
-1.02	-0.68	709.3660000000001	405.977
-1.02	-0.68	708.3560000000001	420.75300000000004
-1.02	-0.68	707.346	405.82800000000003
-1.02	-0.68	706.335	428.02099999999996
-1.02	-0.68	705.325	395.785
-1.02	-0.68	704.314	413.024
-1.02	-0.68	703.303	378.33
-1.02	-0.68	702.2919999999999	415.345
-1.02	-0.68	701.28	442.459
-1.02	-0.68	700.2689999999999	402.836
-1.02	-0.68	699.257	417.588
-1.02	-0.68	698.245	419.981
-1.02	-0.68	697.2330000000001	452.015
-1.02	-0.68	696.22	442.05300000000005
-1.02	-0.68	695.2080000000001	432.096
-1.02	-0.68	694.195	466.57800000000003
-1.02	-0.68	693.182	417.12800000000004
-1.02	-0.68	692.169	397.309
-1.02	-0.68	691.1560000000001	439.181
-1.02	-0.68	690.143	441.56699999999995
-1.02	-0.68	689.1289999999999	389.691
-1.02	-0.68	688.115	401.949
-1.02	-0.68	687.1010000000001	458.582
-1.02	-0.68	686.087	463.42800000000005
-1.02	-0.68	685.073	465.80699999999996
-1.02	-0.68	684.058	441.08
-1.02	-0.68	683.043	463.173
-1.02	-0.68	682.028	475.404
-1.02	-0.68	681.013	403.89599999999996
-1.02	-0.68	679.998	448.14300000000003
-1.02	-0.68	678.9830000000001	472.68
-1.02	-0.68	677.967	433.21
-1.02	-0.68	676.951	415.904
-1.02	-0.68	675.935	457.656
-1.02	-0.68	674.919	469.87199999999996
-1.02	-0.68	673.9019999999999	440.27099999999996
-1.02	-0.68	672.8860000000001	452.485
-1.02	-0.68	671.8689999999999	430.274
-1.02	-0.68	670.852	467.069
-1.02	-0.68	669.835	471.898
-1.02	-0.68	668.817	449.695
-1.02	-0.68	667.8	439.785
-1.02	-0.68	666.7819999999999	427.42199999999997
-1.02	-0.68	665.7639999999999	415.06300000000005
-1.02	-0.68	664.7460000000001	429.72
-1.02	-0.68	663.7280000000001	454.19199999999995
-1.02	-0.68	662.709	444.29
-1.02	-0.68	661.691	454.025
-1.02	-0.68	660.672	458.849
-1.02	-0.68	659.653	439.13800000000003
-1.02	-0.68	658.6339999999999	448.869
-1.02	-0.68	657.6139999999999	480.667
-1.02	-0.68	656.595	485.483
-1.02	-0.68	655.575	522.1659999999999
-1.02	-0.68	654.555	492.657
-1.02	-0.68	653.535	490.116
-1.02	-0.68	652.514	524.327
-1.02	-0.68	651.494	531.58
-1.02	-0.68	650.4730000000001	453.10699999999997
-1.02	-0.68	649.452	455.472
-1.02	-0.68	648.431	452.94
-1.02	-0.68	647.41	399.00300000000004
-1.02	-0.68	646.388	474.8
-1.02	-0.68	645.366	442.902
-1.02	-0.68	644.345	455.05300000000005
-1.02	-0.68	643.323	440.292
-1.02	-0.68	642.3	457.33099999999996
-1.02	-0.68	641.278	442.575
-1.02	-0.68	640.255	474.275
-1.02	-0.68	639.232	425.30199999999996
-1.02	-0.68	638.2090000000001	459.43800000000005
-1.02	-0.68	637.186	481.343
-1.02	-0.68	636.163	429.95300000000003
-1.02	-0.68	635.139	442.086
-1.02	-0.68	634.116	507.939
-1.02	-0.68	633.092	466.339
-1.02	-0.68	632.068	385.69599999999997
-1.02	-0.68	631.043	424.676
-1.02	-0.68	630.019	478.282
-1.02	-0.68	628.994	422.079
-1.02	-0.68	627.969	414.68300000000005
-1.02	-0.68	626.944	482.895
-1.02	-0.68	625.919	441.353
-1.02	-0.68	624.893	409.57800000000003
-1.02	-0.68	623.868	468.00300000000004
-1.02	-0.68	622.842	389.93
-1.02	-0.68	621.816	411.788
-1.02	-0.68	620.79	409.276
-1.02	-0.68	619.763	450.608
-1.02	-0.68	618.737	460.265
-1.02	-0.68	617.71	440.702
-1.02	-0.68	616.683	440.621
-1.02	-0.68	615.656	413.76599999999996
-1.02	-0.68	614.629	452.625
-1.02	-0.68	613.601	389.283
-1.02	-0.68	612.573	467.05400000000003
-1.02	-0.68	611.545	425.621
-1.02	-0.68	610.5169999999999	410.95300000000003
-1.02	-0.68	609.489	410.87699999999995
-1.02	-0.68	608.461	461.847
-1.02	-0.68	607.432	481.204
-1.02	-0.68	606.403	403.35900000000004
-1.02	-0.68	605.374	434.86699999999996
-1.02	-0.68	604.345	434.787
-1.02	-0.68	603.315	432.278
-1.02	-0.68	602.286	415.202
-1.02	-0.68	601.256	446.684
-1.02	-0.68	600.226	436.89300000000003
