-11.48	4.37	1799.66	3401.65
-11.48	4.37	1798.84	3413.3
-11.48	4.37	1798.03	3528.82
-11.48	4.37	1797.21	3552.66
-11.48	4.37	1796.39	3402.41
-11.48	4.37	1795.57	3331.6
-11.48	4.37	1794.75	3419.58
-11.48	4.37	1793.93	3617.42
-11.48	4.37	1793.11	3665.65
-11.48	4.37	1792.29	3536.86
-11.48	4.37	1791.47	3478.29
-11.48	4.37	1790.65	3477.7
-11.48	4.37	1789.84	3769.93
-11.48	4.37	1789.02	3543.62
-11.48	4.37	1788.2	3448.5
-11.48	4.37	1787.38	3639.98
-11.48	4.37	1786.56	3560.11
-11.48	4.37	1785.73	3657.03
-11.48	4.37	1784.91	3671.65
-11.48	4.37	1784.09	3451.68
-11.48	4.37	1783.27	3636.9
-11.48	4.37	1782.45	3794.65
-11.48	4.37	1781.63	3626.54
-11.48	4.37	1780.81	3510.24
-11.48	4.37	1779.99	3661.84
-11.48	4.37	1779.17	3697.74
-11.48	4.37	1778.35	3739.72
-11.48	4.37	1777.52	3638.69
-11.48	4.37	1776.7	3604.61
-11.48	4.37	1775.88	3658.74
-11.48	4.37	1775.06	3794.96
-11.48	4.37	1774.24	3809.52
-11.48	4.37	1773.41	3459.3
-11.48	4.37	1772.59	3714.02
-11.48	4.37	1771.77	3841.02
-11.48	4.37	1770.95	3837.33
-11.48	4.37	1770.12	3684.79
-11.48	4.37	1769.3	3656.83
-11.48	4.37	1768.48	3732.13
-11.48	4.37	1767.65	3974.4
-11.48	4.37	1766.83	3767.3
-11.48	4.37	1766.01	3672.57
-11.48	4.37	1765.18	3647.67
-11.48	4.37	1764.36	3914.06
-11.48	4.37	1763.53	4077.21
-11.48	4.37	1762.71	3921.83
-11.48	4.37	1761.88	3681.59
-11.48	4.37	1761.06	3878.06
-11.48	4.37	1760.24	4083.55
-11.48	4.37	1759.41	3997.99
-11.48	4.37	1758.59	3770.02
-11.48	4.37	1757.76	3929.97
-11.48	4.37	1756.94	4026.25
-11.48	4.37	1756.11	4043.74
-11.48	4.37	1755.28	4097.57
-11.48	4.37	1754.46	3881.89
-11.48	4.37	1753.63	4029.58
-11.48	4.37	1752.81	4074.3
-11.48	4.37	1751.98	4064.53
-11.48	4.37	1751.16	3979.12
-11.48	4.37	1750.33	3948.19
-11.48	4.37	1749.5	4310.51
-11.48	4.37	1748.68	4209.97
-11.48	4.37	1747.85	4100.4
-11.48	4.37	1747.02	3869.93
-11.48	4.37	1746.2	4147.38
-11.48	4.37	1745.37	4237.34
-11.48	4.37	1744.54	4179.21
-11.48	4.37	1743.71	3982.12
-11.48	4.37	1742.89	3942.17
-11.48	4.37	1742.06	4183.13
-11.48	4.37	1741.23	4149.2
-11.48	4.37	1740.4	3937.15
-11.48	4.37	1739.57	3945.53
-11.48	4.37	1738.75	4116.91
-11.48	4.37	1737.92	4378.75
-11.48	4.37	1737.09	4263.35
-11.48	4.37	1736.26	4190.23
-11.48	4.37	1735.43	4005.53
-11.48	4.37	1734.6	4273.25
-11.48	4.37	1733.77	4387.1
-11.48	4.37	1732.94	4205.47
-11.48	4.37	1732.11	4231.89
-11.48	4.37	1731.28	4291.44
-11.48	4.37	1730.45	4432.33
-11.48	4.37	1729.62	4289.99
-11.48	4.37	1728.8	4192.87
-11.48	4.37	1727.96	4246.37
-11.48	4.37	1727.13	4486.54
-11.48	4.37	1726.3	4398.47
-11.48	4.37	1725.47	4457.92
-11.48	4.37	1724.64	4282.61
-11.48	4.37	1723.81	4384.19
-11.48	4.37	1722.98	4539.89
-11.48	4.37	1722.15	4560.18
-11.48	4.37	1721.32	4285.72
-11.48	4.37	1720.49	4432.33
-11.48	4.37	1719.66	4642.04
-11.48	4.37	1718.82	4668.3
-11.48	4.37	1717.99	4493.19
-11.48	4.37	1717.16	4423.31
-11.48	4.37	1716.33	4665.92
-11.48	4.37	1715.5	4833.35
-11.48	4.37	1714.66	4673.35
-11.48	4.37	1713.83	4495.38
-11.48	4.37	1713.0	4566.67
-11.48	4.37	1712.17	4658.96
-11.48	4.37	1711.33	4835.25
-11.48	4.37	1710.5	4600.36
-11.48	4.37	1709.67	4551.57
-11.48	4.37	1708.83	4721.79
-11.48	4.37	1708.0	4915.94
-11.48	4.37	1707.17	4819.14
-11.48	4.37	1706.33	4551.47
-11.48	4.37	1705.5	4673.61
-11.48	4.37	1704.66	4870.64
-11.48	4.37	1703.83	4836.85
-11.48	4.37	1703.0	4857.0
-11.48	4.37	1702.16	4664.44
-11.48	4.37	1701.33	4957.18
-11.48	4.37	1700.49	5100.09
-11.48	4.37	1699.66	5009.39
-11.48	4.37	1698.82	4694.2
-11.48	4.37	1697.99	4917.89
-11.48	4.37	1697.15	4866.18
-11.48	4.37	1696.32	4979.06
-11.48	4.37	1695.48	4903.42
-11.48	4.37	1694.64	4830.79
-11.48	4.37	1693.81	5024.37
-11.48	4.37	1692.97	5074.34
-11.48	4.37	1692.14	5112.35
-11.48	4.37	1691.3	4968.0
-11.48	4.37	1690.46	5035.89
-11.48	4.37	1689.63	5369.71
-11.48	4.37	1688.79	5320.99
-11.48	4.37	1687.95	5087.09
-11.48	4.37	1687.12	5041.42
-11.48	4.37	1686.28	5252.58
-11.48	4.37	1685.44	5233.77
-11.48	4.37	1684.6	5256.76
-11.48	4.37	1683.77	5058.88
-11.48	4.37	1682.93	5228.11
-11.48	4.37	1682.09	5391.32
-11.48	4.37	1681.25	5500.77
-11.48	4.37	1680.41	5341.76
-11.48	4.37	1679.58	5126.14
-11.48	4.37	1678.74	5333.98
-11.48	4.37	1677.9	5532.8
-11.48	4.37	1677.06	5397.73
-11.48	4.37	1676.22	5361.05
-11.48	4.37	1675.38	5619.35
-11.48	4.37	1674.54	5672.02
-11.48	4.37	1673.7	5665.09
-11.48	4.37	1672.86	5559.9
-11.48	4.37	1672.02	5627.43
-11.48	4.37	1671.18	5900.36
-11.48	4.37	1670.34	5908.28
-11.48	4.37	1669.5	5838.82
-11.48	4.37	1668.66	5608.72
-11.48	4.37	1667.82	5848.73
-11.48	4.37	1666.98	6079.74
-11.48	4.37	1666.14	5834.84
-11.48	4.37	1665.3	5685.18
-11.48	4.37	1664.46	5945.82
-11.48	4.37	1663.62	6173.68
-11.48	4.37	1662.78	6398.5
-11.48	4.37	1661.94	6121.06
-11.48	4.37	1661.1	6114.08
-11.48	4.37	1660.25	6264.52
-11.48	4.37	1659.41	6524.8
-11.48	4.37	1658.57	6345.53
-11.48	4.37	1657.73	6246.47
-11.48	4.37	1656.89	6557.08
-11.48	4.37	1656.04	6621.26
-11.48	4.37	1655.2	6783.33
-11.48	4.37	1654.36	6672.4
-11.48	4.37	1653.52	6775.08
-11.48	4.37	1652.67	6767.99
-11.48	4.37	1651.83	6912.14
-11.48	4.37	1650.99	6996.94
-11.48	4.37	1650.14	6794.17
-11.48	4.37	1649.3	6855.25
-11.48	4.37	1648.46	7357.84
-11.48	4.37	1647.61	7235.11
-11.48	4.37	1646.77	6854.7
-11.48	4.37	1645.92	7111.2
-11.48	4.37	1645.08	7509.76
-11.48	4.37	1644.24	7549.93
-11.48	4.37	1643.39	7362.14
-11.48	4.37	1642.55	7189.22
-11.48	4.37	1641.7	7546.06
-11.48	4.37	1640.86	7834.73
-11.48	4.37	1640.01	7744.64
-11.48	4.37	1639.17	7586.56
-11.48	4.37	1638.32	7741.99
-11.48	4.37	1637.48	7959.47
-11.48	4.37	1636.63	8014.27
-11.48	4.37	1635.78	7714.38
-11.48	4.37	1634.94	7798.76
-11.48	4.37	1634.09	8116.53
-11.48	4.37	1633.25	8552.36
-11.48	4.37	1632.4	8078.31
-11.48	4.37	1631.55	8183.25
-11.48	4.37	1630.71	8276.33
-11.48	4.37	1629.86	8605.56
-11.48	4.37	1629.01	8784.14
-11.48	4.37	1628.16	8151.09
-11.48	4.37	1627.32	8188.05
-11.48	4.37	1626.47	8853.39
-11.48	4.37	1625.62	9093.74
-11.48	4.37	1624.77	8844.46
-11.48	4.37	1623.93	8551.03
-11.48	4.37	1623.08	8876.81
-11.48	4.37	1622.23	9382.28
-11.48	4.37	1621.38	9094.81
-11.48	4.37	1620.53	8942.97
-11.48	4.37	1619.69	9038.66
-11.48	4.37	1618.84	9864.83
-11.48	4.37	1617.99	9542.13
-11.48	4.37	1617.14	9357.93
-11.48	4.37	1616.29	9394.6
-11.48	4.37	1615.44	9725.62
-11.48	4.37	1614.59	10085.9
-11.48	4.37	1613.74	9642.84
-11.48	4.37	1612.89	9541.15
-11.48	4.37	1612.04	9839.56
-11.48	4.37	1611.19	10296.7
-11.48	4.37	1610.34	10233.2
-11.48	4.37	1609.49	9896.25
-11.48	4.37	1608.64	9873.97
-11.48	4.37	1607.79	10327.8
-11.48	4.37	1606.94	10458.3
-11.48	4.37	1606.09	10021.7
-11.48	4.37	1605.24	10028.8
-11.48	4.37	1604.39	10435.3
-11.48	4.37	1603.54	10832.9
-11.48	4.37	1602.68	10229.1
-11.48	4.37	1601.83	10045.4
-11.48	4.37	1600.98	10513.3
-11.48	4.37	1600.13	10881.2
-11.48	4.37	1599.28	10894.0
-11.48	4.37	1598.42	10249.7
-11.48	4.37	1597.57	10520.7
-11.48	4.37	1596.72	10976.4
-11.48	4.37	1595.87	11455.4
-11.48	4.37	1595.01	10884.7
-11.48	4.37	1594.16	10824.2
-11.48	4.37	1593.31	10998.2
-11.48	4.37	1592.45	11620.4
-11.48	4.37	1591.6	11551.0
-11.48	4.37	1590.75	10948.6
-11.48	4.37	1589.89	11248.3
-11.48	4.37	1589.04	11884.7
-11.48	4.37	1588.19	11824.1
-11.48	4.37	1587.33	11391.8
-11.48	4.37	1586.48	11454.2
-11.48	4.37	1585.62	11660.0
-11.48	4.37	1584.77	11974.0
-11.48	4.37	1583.91	11407.4
-11.48	4.37	1583.06	10952.2
-11.48	4.37	1582.2	11283.6
-11.48	4.37	1581.35	11468.8
-11.48	4.37	1580.49	11504.8
-11.48	4.37	1579.64	10792.7
-11.48	4.37	1578.78	10954.4
-11.48	4.37	1577.93	11265.2
-11.48	4.37	1577.07	11517.3
-11.48	4.37	1576.21	11089.0
-11.48	4.37	1575.36	10911.9
-11.48	4.37	1574.5	11239.9
-11.48	4.37	1573.65	11541.5
-11.48	4.37	1572.79	11183.5
-11.48	4.37	1571.93	10723.5
-11.48	4.37	1571.08	11103.8
-11.48	4.37	1570.22	11571.5
-11.48	4.37	1569.36	11534.6
-11.48	4.37	1568.5	10885.2
-11.48	4.37	1567.65	10787.1
-11.48	4.37	1566.79	11455.7
-11.48	4.37	1565.93	11692.7
-11.48	4.37	1565.07	11119.6
-11.48	4.37	1564.21	10992.4
-11.48	4.37	1563.36	11203.2
-11.48	4.37	1562.5	11702.2
-11.48	4.37	1561.64	11266.3
-11.48	4.37	1560.78	10891.7
-11.48	4.37	1559.92	11355.6
-11.48	4.37	1559.06	11583.5
-11.48	4.37	1558.2	11840.5
-11.48	4.37	1557.34	11294.4
-11.48	4.37	1556.49	11196.5
-11.48	4.37	1555.63	11918.8
-11.48	4.37	1554.77	12129.0
-11.48	4.37	1553.91	11589.0
-11.48	4.37	1553.05	11278.9
-11.48	4.37	1552.19	11619.9
-11.48	4.37	1551.33	12184.6
-11.48	4.37	1550.47	11926.8
-11.48	4.37	1549.6	11393.2
-11.48	4.37	1548.74	11864.6
-11.48	4.37	1547.88	12240.1
-11.48	4.37	1547.02	12368.6
-11.48	4.37	1546.16	11539.2
-11.48	4.37	1545.3	11583.6
-11.48	4.37	1544.44	12173.6
-11.48	4.37	1543.58	12194.7
-11.48	4.37	1542.71	11644.4
-11.48	4.37	1541.85	11593.0
-11.48	4.37	1540.99	11820.1
-11.48	4.37	1540.13	12247.2
-11.48	4.37	1539.27	12045.1
-11.48	4.37	1538.4	11524.2
-11.48	4.37	1537.54	11733.8
-11.48	4.37	1536.68	12424.2
-11.48	4.37	1535.81	12201.9
-11.48	4.37	1534.95	11496.0
-11.48	4.37	1534.09	11352.1
-11.48	4.37	1533.23	12198.5
-11.48	4.37	1532.36	12199.3
-11.48	4.37	1531.5	11893.3
-11.48	4.37	1530.63	11625.0
-11.48	4.37	1529.77	12181.4
-11.48	4.37	1528.91	12402.1
-11.48	4.37	1528.04	12319.0
-11.48	4.37	1527.18	11628.5
-11.48	4.37	1526.31	12398.6
-11.48	4.37	1525.45	12549.6
-11.48	4.37	1524.58	12171.7
-11.48	4.37	1523.72	12007.8
-11.48	4.37	1522.85	11843.9
-11.48	4.37	1521.99	12494.8
-11.48	4.37	1521.12	12561.9
-11.48	4.37	1520.26	11921.5
-11.48	4.37	1519.39	11983.0
-11.48	4.37	1518.52	12483.3
-11.48	4.37	1517.66	13133.5
-11.48	4.37	1516.79	12487.6
-11.48	4.37	1515.93	12321.0
-11.48	4.37	1515.06	12434.3
-11.48	4.37	1514.19	12908.1
-11.48	4.37	1513.33	12761.6
-11.48	4.37	1512.46	12185.6
-11.48	4.37	1511.59	12365.1
-11.48	4.37	1510.72	13144.2
-11.48	4.37	1509.86	13009.3
-11.48	4.37	1508.99	12491.3
-11.48	4.37	1508.12	12074.3
-11.48	4.37	1507.25	12728.9
-11.48	4.37	1506.38	13075.2
-11.48	4.37	1505.52	12874.3
-11.48	4.37	1504.65	12063.0
-11.48	4.37	1503.78	12558.9
-11.48	4.37	1502.91	13296.4
-11.48	4.37	1502.04	12672.6
-11.48	4.37	1501.17	12086.4
-11.48	4.37	1500.3	12164.8
-11.48	4.37	1499.44	12723.5
-11.48	4.37	1498.57	12753.0
-11.48	4.37	1497.7	12003.3
-11.48	4.37	1496.83	11673.5
-11.48	4.37	1495.96	12645.8
-11.48	4.37	1495.09	12468.3
-11.48	4.37	1494.22	11951.9
-11.48	4.37	1493.35	11642.4
-11.48	4.37	1492.48	12237.8
-11.48	4.37	1491.61	12445.3
-11.48	4.37	1490.73	11978.1
-11.48	4.37	1489.86	11516.7
-11.48	4.37	1488.99	11879.2
-11.48	4.37	1488.12	12301.9
-11.48	4.37	1487.25	12124.7
-11.48	4.37	1486.38	11523.1
-11.48	4.37	1485.51	11472.3
-11.48	4.37	1484.63	11943.5
-11.48	4.37	1483.76	12259.7
-11.48	4.37	1482.89	11583.9
-11.48	4.37	1482.02	11458.7
-11.48	4.37	1481.15	12049.9
-11.48	4.37	1480.27	12130.9
-11.48	4.37	1479.4	11782.2
-11.48	4.37	1478.53	11195.8
-11.48	4.37	1477.65	11809.6
-11.48	4.37	1476.78	12199.8
-11.48	4.37	1475.91	11768.3
-11.48	4.37	1475.03	11282.5
-11.48	4.37	1474.16	11478.0
-11.48	4.37	1473.29	11991.1
-11.48	4.37	1472.41	12103.4
-11.48	4.37	1471.54	11420.6
-11.48	4.37	1470.67	11347.1
-11.48	4.37	1469.79	11885.5
-11.48	4.37	1468.92	11757.7
-11.48	4.37	1468.04	11535.6
-11.48	4.37	1467.17	11225.0
-11.48	4.37	1466.29	11563.0
-11.48	4.37	1465.42	11798.1
-11.48	4.37	1464.54	11453.3
-11.48	4.37	1463.67	11134.4
-11.48	4.37	1462.79	11355.1
-11.48	4.37	1461.91	12069.7
-11.48	4.37	1461.04	11442.5
-11.48	4.37	1460.16	11049.6
-11.48	4.37	1459.29	11390.1
-11.48	4.37	1458.41	11656.3
-11.48	4.37	1457.53	11600.1
-11.48	4.37	1456.66	11307.2
-11.48	4.37	1455.78	11196.9
-11.48	4.37	1454.9	12024.5
-11.48	4.37	1454.03	12221.9
-11.48	4.37	1453.15	11496.0
-11.48	4.37	1452.27	11402.8
-11.48	4.37	1451.39	11990.5
-11.48	4.37	1450.52	12179.3
-11.48	4.37	1449.64	11972.1
-11.48	4.37	1448.76	11753.6
-11.48	4.37	1447.88	12107.5
-11.48	4.37	1447.0	12654.7
-11.48	4.37	1446.13	12040.6
-11.48	4.37	1445.25	11563.4
-11.48	4.37	1444.37	11737.8
-11.48	4.37	1443.49	12469.6
-11.48	4.37	1442.61	12316.7
-11.48	4.37	1441.73	11671.9
-11.48	4.37	1440.85	11610.2
-11.48	4.37	1439.97	11923.7
-11.48	4.37	1439.09	12126.2
-11.48	4.37	1438.21	11561.6
-11.48	4.37	1437.33	11622.0
-11.48	4.37	1436.45	12097.2
-11.48	4.37	1435.57	12160.4
-11.48	4.37	1434.69	11627.4
-11.48	4.37	1433.81	11585.6
-11.48	4.37	1432.93	11717.0
-11.48	4.37	1432.05	12081.0
-11.48	4.37	1431.17	11712.9
-11.48	4.37	1430.29	11350.6
-11.48	4.37	1429.41	11396.8
-11.48	4.37	1428.52	12149.2
-11.48	4.37	1427.64	11770.0
-11.48	4.37	1426.76	11308.7
-11.48	4.37	1425.88	11162.2
-11.48	4.37	1425.0	11735.5
-11.48	4.37	1424.11	11835.5
-11.48	4.37	1423.23	11320.7
-11.48	4.37	1422.35	11049.6
-11.48	4.37	1421.47	11464.0
-11.48	4.37	1420.58	11878.2
-11.48	4.37	1419.7	11210.9
-11.48	4.37	1418.82	10846.6
-11.48	4.37	1417.93	11181.5
-11.48	4.37	1417.05	11754.0
-11.48	4.37	1416.17	11319.1
-11.48	4.37	1415.28	10949.4
-11.48	4.37	1414.4	11196.4
-11.48	4.37	1413.51	11584.6
-11.48	4.37	1412.63	11486.5
-11.48	4.37	1411.75	11165.1
-11.48	4.37	1410.86	11154.7
-11.48	4.37	1409.98	11618.9
-11.48	4.37	1409.09	11441.8
-11.48	4.37	1408.21	10877.7
-11.48	4.37	1407.32	11031.1
-11.48	4.37	1406.44	11613.7
-11.48	4.37	1405.55	11535.4
-11.48	4.37	1404.66	11084.6
-11.48	4.37	1403.78	10840.0
-11.48	4.37	1402.89	11137.2
-11.48	4.37	1402.01	11722.1
-11.48	4.37	1401.12	11353.3
-11.48	4.37	1400.23	10635.0
-11.48	4.37	1399.35	11067.4
-11.48	4.37	1398.46	11488.4
-11.48	4.37	1397.57	11280.6
-11.48	4.37	1396.69	10672.7
-11.48	4.37	1395.8	11020.3
-11.48	4.37	1394.91	11353.6
-11.48	4.37	1394.02	11140.4
-11.48	4.37	1393.14	10507.6
-11.48	4.37	1392.25	10649.4
-11.48	4.37	1391.36	11185.2
-11.48	4.37	1390.47	11219.9
-11.48	4.37	1389.58	10494.6
-11.48	4.37	1388.7	10430.9
-11.48	4.37	1387.81	10884.8
-11.48	4.37	1386.92	11231.7
-11.48	4.37	1386.03	10585.7
-11.48	4.37	1385.14	10361.8
-11.48	4.37	1384.25	10829.5
-11.48	4.37	1383.36	11097.4
-11.48	4.37	1382.47	10859.4
-11.48	4.37	1381.58	10374.2
-11.48	4.37	1380.69	10644.9
-11.48	4.37	1379.8	10918.3
-11.48	4.37	1378.91	10877.1
-11.48	4.37	1378.02	10232.2
-11.48	4.37	1377.13	10676.8
-11.48	4.37	1376.24	10868.6
-11.48	4.37	1375.35	10863.9
-11.48	4.37	1374.46	10365.4
-11.48	4.37	1373.57	10809.6
-11.48	4.37	1372.68	10964.8
-11.48	4.37	1371.78	11178.9
-11.48	4.37	1370.89	10624.5
-11.48	4.37	1370.0	10673.1
-11.48	4.37	1369.11	11203.8
-11.48	4.37	1368.22	11339.2
-11.48	4.37	1367.33	10642.3
-11.48	4.37	1366.43	10525.6
-11.48	4.37	1365.54	11061.6
-11.48	4.37	1364.65	11547.0
-11.48	4.37	1363.76	10839.3
-11.48	4.37	1362.86	10708.6
-11.48	4.37	1361.97	11062.2
-11.48	4.37	1361.08	11345.8
-11.48	4.37	1360.18	11119.9
-11.48	4.37	1359.29	10645.2
-11.48	4.37	1358.4	11116.1
-11.48	4.37	1357.5	11354.6
-11.48	4.37	1356.61	11363.8
-11.48	4.37	1355.71	10799.9
-11.48	4.37	1354.82	11094.3
-11.48	4.37	1353.92	11771.5
-11.48	4.37	1353.03	11702.4
-11.48	4.37	1352.13	11200.3
-11.48	4.37	1351.24	11357.5
-11.48	4.37	1350.34	12078.9
-11.48	4.37	1349.45	11948.3
-11.48	4.37	1348.55	11614.0
-11.48	4.37	1347.66	11768.3
-11.48	4.37	1346.76	12201.6
-11.48	4.37	1345.87	12294.3
-11.48	4.37	1344.97	12233.6
-11.48	4.37	1344.07	11796.3
-11.48	4.37	1343.18	12488.7
-11.48	4.37	1342.28	12946.6
-11.48	4.37	1341.38	12227.8
-11.48	4.37	1340.49	12220.1
-11.48	4.37	1339.59	12583.1
-11.48	4.37	1338.69	13232.9
-11.48	4.37	1337.8	12904.6
-11.48	4.37	1336.9	12348.1
-11.48	4.37	1336.0	12797.1
-11.48	4.37	1335.1	13265.4
-11.48	4.37	1334.2	13232.5
-11.48	4.37	1333.31	12319.9
-11.48	4.37	1332.41	12637.8
-11.48	4.37	1331.51	13345.2
-11.48	4.37	1330.61	12970.1
-11.48	4.37	1329.71	12350.3
-11.48	4.37	1328.81	12242.4
-11.48	4.37	1327.91	12738.0
-11.48	4.37	1327.02	13024.9
-11.48	4.37	1326.12	12110.9
-11.48	4.37	1325.22	12300.6
-11.48	4.37	1324.32	12656.9
-11.48	4.37	1323.42	12776.9
-11.48	4.37	1322.52	11949.7
-11.48	4.37	1321.62	12128.1
-11.48	4.37	1320.72	12461.9
-11.48	4.37	1319.82	12668.0
-11.48	4.37	1318.91	11955.2
-11.48	4.37	1318.01	11825.4
-11.48	4.37	1317.11	12300.6
-11.48	4.37	1316.21	12697.9
-11.48	4.37	1315.31	12179.8
-11.48	4.37	1314.41	11653.5
-11.48	4.37	1313.51	12067.4
-11.48	4.37	1312.61	12589.2
-11.48	4.37	1311.7	12199.0
-11.48	4.37	1310.8	11645.3
-11.48	4.37	1309.9	11698.7
-11.48	4.37	1309.0	12195.3
-11.48	4.37	1308.09	11813.7
-11.48	4.37	1307.19	11293.8
-11.48	4.37	1306.29	11471.8
-11.48	4.37	1305.39	12117.6
-11.48	4.37	1304.48	11896.8
-11.48	4.37	1303.58	11313.5
-11.48	4.37	1302.68	11364.1
-11.48	4.37	1301.77	11987.4
-11.48	4.37	1300.87	11716.9
-11.48	4.37	1299.96	11264.1
-11.48	4.37	1299.06	11311.9
-11.48	4.37	1298.16	11992.8
-11.48	4.37	1297.25	11642.4
-11.48	4.37	1296.35	11322.5
-11.48	4.37	1295.44	11096.7
-11.48	4.37	1294.54	11616.9
-11.48	4.37	1293.63	12012.6
-11.48	4.37	1292.73	11287.0
-11.48	4.37	1291.82	10978.5
-11.48	4.37	1290.92	11490.1
-11.48	4.37	1290.01	11454.9
-11.48	4.37	1289.1	11160.4
-11.48	4.37	1288.2	10899.0
-11.48	4.37	1287.29	11277.8
-11.48	4.37	1286.39	11537.9
-11.48	4.37	1285.48	11312.5
-11.48	4.37	1284.57	10781.1
-11.48	4.37	1283.67	11085.2
-11.48	4.37	1282.76	11507.7
-11.48	4.37	1281.85	11230.1
-11.48	4.37	1280.94	10806.6
-11.48	4.37	1280.04	11215.2
-11.48	4.37	1279.13	11824.7
-11.48	4.37	1278.22	11260.8
-11.48	4.37	1277.31	10768.7
-11.48	4.37	1276.41	11097.2
-11.48	4.37	1275.5	11486.1
-11.48	4.37	1274.59	11087.8
-11.48	4.37	1273.68	10579.5
-11.48	4.37	1272.77	10770.3
-11.48	4.37	1271.86	11114.9
-11.48	4.37	1270.95	11203.7
-11.48	4.37	1270.04	10316.4
-11.48	4.37	1269.13	10614.2
-11.48	4.37	1268.23	11021.9
-11.48	4.37	1267.32	10874.3
-11.48	4.37	1266.41	10213.0
-11.48	4.37	1265.5	10200.2
-11.48	4.37	1264.59	10799.9
-11.48	4.37	1263.67	10512.4
-11.48	4.37	1262.76	10181.1
-11.48	4.37	1261.85	10165.6
-11.48	4.37	1260.94	10523.3
-11.48	4.37	1260.03	10463.9
-11.48	4.37	1259.12	10039.5
-11.48	4.37	1258.21	9884.09
-11.48	4.37	1257.3	10323.9
-11.48	4.37	1256.39	10401.6
-11.48	4.37	1255.47	9994.03
-11.48	4.37	1254.56	9663.3
-11.48	4.37	1253.65	10165.9
-11.48	4.37	1252.74	10197.0
-11.48	4.37	1251.83	9902.05
-11.48	4.37	1250.91	9683.89
-11.48	4.37	1250.0	10158.8
-11.48	4.37	1249.09	10113.2
-11.48	4.37	1248.17	9826.63
-11.48	4.37	1247.26	9545.68
-11.48	4.37	1246.35	9664.42
-11.48	4.37	1245.43	9922.69
-11.48	4.37	1244.52	9507.8
-11.48	4.37	1243.61	9030.14
-11.48	4.37	1242.69	9466.16
-11.48	4.37	1241.78	9806.32
-11.48	4.37	1240.86	9484.7
-11.48	4.37	1239.95	9026.51
-11.48	4.37	1239.03	9240.84
-11.48	4.37	1238.12	9485.15
-11.48	4.37	1237.2	9497.14
-11.48	4.37	1236.29	8878.1
-11.48	4.37	1235.37	9095.03
-11.48	4.37	1234.46	9339.2
-11.48	4.37	1233.54	9291.13
-11.48	4.37	1232.63	8855.46
-11.48	4.37	1231.71	8873.0
-11.48	4.37	1230.8	9651.88
-11.48	4.37	1229.88	9284.58
-11.48	4.37	1228.96	8991.06
-11.48	4.37	1228.05	9183.12
-11.48	4.37	1227.13	9459.65
-11.48	4.37	1226.21	9509.78
-11.48	4.37	1225.3	9082.86
-11.48	4.37	1224.38	9040.37
-11.48	4.37	1223.46	9605.57
-11.48	4.37	1222.54	9426.79
-11.48	4.37	1221.63	9120.03
-11.48	4.37	1220.71	9183.79
-11.48	4.37	1219.79	9503.49
-11.48	4.37	1218.87	9722.34
-11.48	4.37	1217.95	9225.2
-11.48	4.37	1217.03	9076.61
-11.48	4.37	1216.12	9910.39
-11.48	4.37	1215.2	9772.61
-11.48	4.37	1214.28	9248.61
-11.48	4.37	1213.36	9075.64
-11.48	4.37	1212.44	9732.09
-11.48	4.37	1211.52	10067.5
-11.48	4.37	1210.6	9269.26
-11.48	4.37	1209.68	9466.03
-11.48	4.37	1208.76	9586.63
-11.48	4.37	1207.84	10019.6
-11.48	4.37	1206.92	9330.63
-11.48	4.37	1206.0	9445.76
-11.48	4.37	1205.08	9699.34
-11.48	4.37	1204.16	9914.82
-11.48	4.37	1203.24	9381.04
-11.48	4.37	1202.31	9243.68
-11.48	4.37	1201.39	9749.47
-11.48	4.37	1200.47	9747.74
-11.48	4.37	1199.55	9545.29
-11.48	4.37	1198.63	9332.07
-11.48	4.37	1197.71	9791.38
-11.48	4.37	1196.78	9862.85
-11.48	4.37	1195.86	9373.2
-11.48	4.37	1194.94	9260.43
-11.48	4.37	1194.02	9657.11
-11.48	4.37	1193.09	9812.53
-11.48	4.37	1192.17	9480.34
-11.48	4.37	1191.25	9188.89
-11.48	4.37	1190.32	9674.65
-11.48	4.37	1189.4	9721.67
-11.48	4.37	1188.48	9359.95
-11.48	4.37	1187.55	8987.53
-11.48	4.37	1186.63	9416.17
-11.48	4.37	1185.71	9760.78
-11.48	4.37	1184.78	9456.11
-11.48	4.37	1183.86	8927.09
-11.48	4.37	1182.93	9382.46
-11.48	4.37	1182.01	9772.8
-11.48	4.37	1181.08	9330.49
-11.48	4.37	1180.16	8993.74
-11.48	4.37	1179.23	9302.87
-11.48	4.37	1178.31	9684.83
-11.48	4.37	1177.38	9161.82
-11.48	4.37	1176.46	8865.84
-11.48	4.37	1175.53	9080.28
-11.48	4.37	1174.6	9270.34
-11.48	4.37	1173.68	9212.02
-11.48	4.37	1172.75	8643.68
-11.48	4.37	1171.82	8941.64
-11.48	4.37	1170.9	9363.59
-11.48	4.37	1169.97	9135.37
-11.48	4.37	1169.04	8680.7
-11.48	4.37	1168.12	9191.45
-11.48	4.37	1167.19	9354.26
-11.48	4.37	1166.26	8886.32
-11.48	4.37	1165.33	9067.99
-11.48	4.37	1164.41	9141.83
-11.48	4.37	1163.48	9299.14
-11.48	4.37	1162.55	9251.71
-11.48	4.37	1161.62	8660.32
-11.48	4.37	1160.69	9041.11
-11.48	4.37	1159.76	9249.48
-11.48	4.37	1158.84	8911.41
-11.48	4.37	1157.91	8624.58
-11.48	4.37	1156.98	8945.92
-11.48	4.37	1156.05	9022.34
-11.48	4.37	1155.12	8784.06
-11.48	4.37	1154.19	8271.58
-11.48	4.37	1153.26	8557.79
-11.48	4.37	1152.33	8886.91
-11.48	4.37	1151.4	8509.07
-11.48	4.37	1150.47	8136.73
-11.48	4.37	1149.54	8307.23
-11.48	4.37	1148.61	8681.83
-11.48	4.37	1147.68	8548.69
-11.48	4.37	1146.75	8026.23
-11.48	4.37	1145.81	8175.15
-11.48	4.37	1144.88	8681.04
-11.48	4.37	1143.95	8306.44
-11.48	4.37	1143.02	7980.28
-11.48	4.37	1142.09	8067.4
-11.48	4.37	1141.16	8441.5
-11.48	4.37	1140.22	8271.05
-11.48	4.37	1139.29	7894.17
-11.48	4.37	1138.36	7949.07
-11.48	4.37	1137.43	8360.46
-11.48	4.37	1136.49	8222.29
-11.48	4.37	1135.56	7808.18
-11.48	4.37	1134.63	7956.82
-11.48	4.37	1133.69	8397.38
-11.48	4.37	1132.76	7945.96
-11.48	4.37	1131.83	7738.37
-11.48	4.37	1130.89	7980.62
-11.48	4.37	1129.96	8096.98
-11.48	4.37	1129.02	7980.46
-11.48	4.37	1128.09	7548.25
-11.48	4.37	1127.16	7677.99
-11.48	4.37	1126.22	8179.49
-11.48	4.37	1125.29	7776.89
-11.48	4.37	1124.35	7438.6
-11.48	4.37	1123.42	7696.6
-11.48	4.37	1122.48	8117.55
-11.48	4.37	1121.55	7592.31
-11.48	4.37	1120.61	7465.38
-11.48	4.37	1119.67	7637.7
-11.48	4.37	1118.74	7882.07
-11.48	4.37	1117.8	7683.05
-11.48	4.37	1116.87	7305.21
-11.48	4.37	1115.93	7496.12
-11.48	4.37	1114.99	7828.42
-11.48	4.37	1114.06	7656.24
-11.48	4.37	1113.12	7358.71
-11.48	4.37	1112.18	7477.45
-11.48	4.37	1111.24	7793.51
-11.48	4.37	1110.31	7525.45
-11.48	4.37	1109.37	7289.49
-11.48	4.37	1108.43	7549.43
-11.48	4.37	1107.49	7897.24
-11.48	4.37	1106.55	7608.04
-11.48	4.37	1105.62	7529.42
-11.48	4.37	1104.68	7613.32
-11.48	4.37	1103.74	7979.51
-11.48	4.37	1102.8	7354.97
-11.48	4.37	1101.86	7422.88
-11.48	4.37	1100.92	7655.81
-11.48	4.37	1099.98	8101.58
-11.48	4.37	1099.04	7778.16
-11.48	4.37	1098.1	7508.06
-11.48	4.37	1097.16	8020.11
-11.48	4.37	1096.22	8114.43
-11.48	4.37	1095.28	8083.73
-11.48	4.37	1094.34	7787.18
-11.48	4.37	1093.4	8056.93
-11.48	4.37	1092.46	8438.2
-11.48	4.37	1091.52	8070.0
-11.48	4.37	1090.58	7752.41
-11.48	4.37	1089.64	8152.13
-11.48	4.37	1088.7	8479.99
-11.48	4.37	1087.76	7889.0
-11.48	4.37	1086.81	7638.04
-11.48	4.37	1085.87	8045.45
-11.48	4.37	1084.93	8025.44
-11.48	4.37	1083.99	7652.53
-11.48	4.37	1083.05	7330.15
-11.48	4.37	1082.1	7559.61
-11.48	4.37	1081.16	7587.44
-11.48	4.37	1080.22	7236.08
-11.48	4.37	1079.28	6959.08
-11.48	4.37	1078.33	7191.09
-11.48	4.37	1077.39	7242.81
-11.48	4.37	1076.45	6987.15
-11.48	4.37	1075.5	6858.74
-11.48	4.37	1074.56	7183.31
-11.48	4.37	1073.61	7179.38
-11.48	4.37	1072.67	6921.26
-11.48	4.37	1071.73	6816.78
-11.48	4.37	1070.78	7088.19
-11.48	4.37	1069.84	6869.93
-11.48	4.37	1068.89	6805.2
-11.48	4.37	1067.95	6576.48
-11.48	4.37	1067.0	7046.1
-11.48	4.37	1066.06	7031.62
-11.48	4.37	1065.11	6810.92
-11.48	4.37	1064.16	6799.13
-11.48	4.37	1063.22	6953.85
-11.48	4.37	1062.27	6788.77
-11.48	4.37	1061.33	6491.64
-11.48	4.37	1060.38	6799.55
-11.48	4.37	1059.43	7028.12
-11.48	4.37	1058.49	6968.77
-11.48	4.37	1057.54	6537.17
-11.48	4.37	1056.59	6744.54
-11.48	4.37	1055.65	6870.02
-11.48	4.37	1054.7	6866.15
-11.48	4.37	1053.75	6577.35
-11.48	4.37	1052.8	6694.88
-11.48	4.37	1051.85	6994.34
-11.48	4.37	1050.91	6819.06
-11.48	4.37	1049.96	6335.37
-11.48	4.37	1049.01	6481.85
-11.48	4.37	1048.06	6865.48
-11.48	4.37	1047.11	6832.63
-11.48	4.37	1046.16	6328.21
-11.48	4.37	1045.21	6577.31
-11.48	4.37	1044.27	6934.31
-11.48	4.37	1043.32	6574.96
-11.48	4.37	1042.37	6331.58
-11.48	4.37	1041.42	6483.11
-11.48	4.37	1040.47	6816.18
-11.48	4.37	1039.52	6604.46
-11.48	4.37	1038.57	6555.93
-11.48	4.37	1037.62	6646.82
-11.48	4.37	1036.67	7092.7
-11.48	4.37	1035.71	6615.51
-11.48	4.37	1034.76	6251.54
-11.48	4.37	1033.81	6631.55
-11.48	4.37	1032.86	6585.68
-11.48	4.37	1031.91	6552.97
-11.48	4.37	1030.96	6320.62
-11.48	4.37	1030.01	6592.65
-11.48	4.37	1029.05	6662.38
-11.48	4.37	1028.1	6501.02
-11.48	4.37	1027.15	6116.59
-11.48	4.37	1026.2	6335.96
-11.48	4.37	1025.24	6573.63
-11.48	4.37	1024.29	6417.66
-11.48	4.37	1023.34	6075.48
-11.48	4.37	1022.39	6606.82
-11.48	4.37	1021.43	6553.19
-11.48	4.37	1020.48	6355.38
-11.48	4.37	1019.52	6181.23
-11.48	4.37	1018.57	6512.98
-11.48	4.37	1017.62	6671.66
-11.48	4.37	1016.66	6484.44
-11.48	4.37	1015.71	6354.92
-11.48	4.37	1014.75	6652.36
-11.48	4.37	1013.8	6564.75
-11.48	4.37	1012.84	6380.31
-11.48	4.37	1011.89	6476.02
-11.48	4.37	1010.93	6728.72
-11.48	4.37	1009.98	6795.55
-11.48	4.37	1009.02	6485.61
-11.48	4.37	1008.07	6798.34
-11.48	4.37	1007.11	7058.65
-11.48	4.37	1006.16	6890.04
-11.48	4.37	1005.2	6645.67
-11.48	4.37	1004.24	6866.66
-11.48	4.37	1003.29	7037.91
-11.48	4.37	1002.33	6872.03
-11.48	4.37	1001.37	6400.55
-11.48	4.37	1000.41	6869.57
-11.48	4.37	999.4580000000001	7155.6
-11.48	4.37	998.5	6809.66
-11.48	4.37	997.543	6667.46
-11.48	4.37	996.585	6812.43
-11.48	4.37	995.627	7142.64
-11.48	4.37	994.669	6799.55
-11.48	4.37	993.71	6553.11
-11.48	4.37	992.752	6820.58
-11.48	4.37	991.793	6973.22
-11.48	4.37	990.834	6698.2
-11.48	4.37	989.875	6702.21
-11.48	4.37	988.916	6873.03
-11.48	4.37	987.957	7103.72
-11.48	4.37	986.997	6669.94
-11.48	4.37	986.0369999999999	6645.3
-11.48	4.37	985.078	7016.55
-11.48	4.37	984.118	7033.52
-11.48	4.37	983.1569999999999	6959.35
-11.48	4.37	982.197	7044.01
-11.48	4.37	981.2360000000001	7349.85
-11.48	4.37	980.2760000000001	7299.09
-11.48	4.37	979.315	6785.24
-11.48	4.37	978.3539999999999	6919.29
-11.48	4.37	977.3919999999999	7336.77
-11.48	4.37	976.431	7278.24
-11.48	4.37	975.4689999999999	6704.97
-11.48	4.37	974.508	6981.9
-11.48	4.37	973.546	7315.9
-11.48	4.37	972.584	7101.51
-11.48	4.37	971.6210000000001	6788.48
-11.48	4.37	970.659	6950.9
-11.48	4.37	969.696	7419.72
-11.48	4.37	968.7330000000001	7083.42
-11.48	4.37	967.77	6705.72
-11.48	4.37	966.807	6940.71
-11.48	4.37	965.8439999999999	7505.21
-11.48	4.37	964.88	7044.6
-11.48	4.37	963.9169999999999	6846.17
-11.48	4.37	962.953	7145.81
-11.48	4.37	961.9889999999999	7533.52
-11.48	4.37	961.025	7005.82
-11.48	4.37	960.06	6880.13
-11.48	4.37	959.096	7358.39
-11.48	4.37	958.1310000000001	7507.37
-11.48	4.37	957.166	6915.28
-11.48	4.37	956.201	7048.74
-11.48	4.37	955.2360000000001	7329.78
-11.48	4.37	954.27	7426.87
-11.48	4.37	953.305	7063.06
-11.48	4.37	952.3389999999999	7222.28
-11.48	4.37	951.373	7415.09
-11.48	4.37	950.4069999999999	7566.43
-11.48	4.37	949.441	7179.57
-11.48	4.37	948.4739999999999	7134.3
-11.48	4.37	947.508	7751.14
-11.48	4.37	946.541	7527.37
-11.48	4.37	945.574	7156.3
-11.48	4.37	944.607	7485.88
-11.48	4.37	943.6389999999999	7867.03
-11.48	4.37	942.672	7521.94
-11.48	4.37	941.704	7164.06
-11.48	4.37	940.7360000000001	7441.74
-11.48	4.37	939.768	7783.88
-11.48	4.37	938.8	7477.79
-11.48	4.37	937.832	7233.77
-11.48	4.37	936.863	7766.77
-11.48	4.37	935.8939999999999	7915.05
-11.48	4.37	934.926	7616.89
-11.48	4.37	933.956	7437.51
-11.48	4.37	932.987	7663.15
-11.48	4.37	932.018	7968.66
-11.48	4.37	931.048	7585.62
-11.48	4.37	930.078	7586.83
-11.48	4.37	929.1080000000001	7871.56
-11.48	4.37	928.138	7913.95
-11.48	4.37	927.168	7546.65
-11.48	4.37	926.198	7656.06
-11.48	4.37	925.227	8182.68
-11.48	4.37	924.2560000000001	7928.84
-11.48	4.37	923.285	7641.62
-11.48	4.37	922.314	7658.26
-11.48	4.37	921.3430000000001	7991.46
-11.48	4.37	920.3710000000001	8080.08
-11.48	4.37	919.3989999999999	7605.23
-11.48	4.37	918.427	7812.22
-11.48	4.37	917.455	7929.11
-11.48	4.37	916.4830000000001	7703.97
-11.48	4.37	915.5110000000001	7283.51
-11.48	4.37	914.538	7721.75
-11.48	4.37	913.565	7699.79
-11.48	4.37	912.5930000000001	7217.9
-11.48	4.37	911.6189999999999	7293.67
-11.48	4.37	910.6460000000001	7572.33
-11.48	4.37	909.673	7727.62
-11.48	4.37	908.699	7294.85
-11.48	4.37	907.725	7011.14
-11.48	4.37	906.7510000000001	7602.79
-11.48	4.37	905.7769999999999	7483.37
-11.48	4.37	904.803	7251.09
-11.48	4.37	903.828	7242.08
-11.48	4.37	902.8539999999999	7674.25
-11.48	4.37	901.8789999999999	7488.22
-11.48	4.37	900.904	7217.65
-11.48	4.37	899.928	7288.12
-11.48	4.37	898.953	7858.37
-11.48	4.37	897.977	7567.37
-11.48	4.37	897.002	7222.68
-11.48	4.37	896.0260000000001	7526.21
-11.48	4.37	895.05	7775.85
-11.48	4.37	894.073	7648.97
-11.48	4.37	893.097	7291.7
-11.48	4.37	892.12	7671.8
-11.48	4.37	891.1439999999999	7946.82
-11.48	4.37	890.1669999999999	7487.34
-11.48	4.37	889.189	7304.34
-11.48	4.37	888.212	7847.86
-11.48	4.37	887.235	7889.92
-11.48	4.37	886.257	7400.1
-11.48	4.37	885.279	7559.82
-11.48	4.37	884.301	8166.81
-11.48	4.37	883.323	8073.33
-11.48	4.37	882.3439999999999	7655.37
-11.48	4.37	881.3660000000001	7802.16
-11.48	4.37	880.387	8191.55
-11.48	4.37	879.408	8034.29
-11.48	4.37	878.429	7660.04
-11.48	4.37	877.45	7842.46
-11.48	4.37	876.47	8392.37
-11.48	4.37	875.4910000000001	7870.25
-11.48	4.37	874.5110000000001	7519.27
-11.48	4.37	873.5310000000001	9119.96
-11.48	4.37	872.551	10722.6
-11.48	4.37	871.57	8211.36
-11.48	4.37	870.59	7687.2
-11.48	4.37	869.6089999999999	8080.93
-11.48	4.37	868.628	7921.44
-11.48	4.37	867.6469999999999	7601.48
-11.48	4.37	866.666	7564.43
-11.48	4.37	865.684	8013.94
-11.48	4.37	864.703	8106.72
-11.48	4.37	863.721	7715.65
-11.48	4.37	862.7389999999999	7910.29
-11.48	4.37	861.757	8321.22
-11.48	4.37	860.775	7884.51
-11.48	4.37	859.7919999999999	7704.97
-11.48	4.37	858.81	7929.99
-11.48	4.37	857.827	8071.0
-11.48	4.37	856.8439999999999	7942.38
-11.48	4.37	855.86	7592.58
-11.48	4.37	854.877	8132.71
-11.48	4.37	853.8939999999999	8319.33
-11.48	4.37	852.91	7911.2
-11.48	4.37	851.926	7747.15
-11.48	4.37	850.942	8129.35
-11.48	4.37	849.9580000000001	8417.43
-11.48	4.37	848.9730000000001	8055.29
-11.48	4.37	847.988	8124.93
-11.48	4.37	847.0039999999999	8557.55
-11.48	4.37	846.0189999999999	8624.52
-11.48	4.37	845.034	8313.36
-11.48	4.37	844.048	8573.19
-11.48	4.37	843.063	8964.82
-11.48	4.37	842.077	8686.74
-11.48	4.37	841.091	8396.08
-11.48	4.37	840.105	8589.78
-11.48	4.37	839.1189999999999	9014.08
-11.48	4.37	838.132	8612.01
-11.48	4.37	837.1460000000001	8372.25
-11.48	4.37	836.159	8788.76
-11.48	4.37	835.172	8946.74
-11.48	4.37	834.185	8476.59
-11.48	4.37	833.198	8386.42
-11.48	4.37	832.21	8865.92
-11.48	4.37	831.222	8871.9
-11.48	4.37	830.235	8417.28
-11.48	4.37	829.247	8466.36
-11.48	4.37	828.258	9087.16
-11.48	4.37	827.27	8948.92
-11.48	4.37	826.2810000000001	8476.92
-11.48	4.37	825.293	8685.24
-11.48	4.37	824.304	9146.28
-11.48	4.37	823.315	8631.53
-11.48	4.37	822.325	8334.29
-11.48	4.37	821.336	8926.53
-11.48	4.37	820.346	8957.75
-11.48	4.37	819.3560000000001	8574.74
-11.48	4.37	818.3660000000001	8502.48
-11.48	4.37	817.3760000000001	8748.36
-11.48	4.37	816.3860000000001	8953.76
-11.48	4.37	815.395	8371.64
-11.48	4.37	814.405	8476.1
-11.48	4.37	813.414	8638.55
-11.48	4.37	812.423	8674.82
-11.48	4.37	811.431	8156.23
-11.48	4.37	810.44	8429.59
-11.48	4.37	809.448	8781.01
-11.48	4.37	808.456	8398.8
-11.48	4.37	807.4639999999999	8152.81
-11.48	4.37	806.472	8589.76
-11.48	4.37	805.48	8469.79
-11.48	4.37	804.487	8223.92
-11.48	4.37	803.495	8177.09
-11.48	4.37	802.502	8737.1
-11.48	4.37	801.5089999999999	8652.43
-11.48	4.37	800.5160000000001	7983.86
-11.48	4.37	799.5219999999999	7984.92
-11.48	4.37	798.528	8391.07
-11.48	4.37	797.535	8392.05
-11.48	4.37	796.541	8103.8
-11.48	4.37	795.547	8122.44
-11.48	4.37	794.552	8520.72
-11.48	4.37	793.558	8167.24
-11.48	4.37	792.563	7846.56
-11.48	4.37	791.568	8282.37
-11.48	4.37	790.573	8562.25
-11.48	4.37	789.578	8203.99
-11.48	4.37	788.582	8084.46
-11.48	4.37	787.587	8467.17
-11.48	4.37	786.591	8420.44
-11.48	4.37	785.595	7909.35
-11.48	4.37	784.5989999999999	7985.71
-11.48	4.37	783.602	8403.29
-11.48	4.37	782.6060000000001	8271.3
-11.48	4.37	781.6089999999999	7956.26
-11.48	4.37	780.612	8167.97
-11.48	4.37	779.615	8688.01
-11.48	4.37	778.618	8297.86
-11.48	4.37	777.6210000000001	8008.1
-11.48	4.37	776.623	8332.42
-11.48	4.37	775.625	8270.77
-11.48	4.37	774.627	8111.44
-11.48	4.37	773.6289999999999	7902.07
-11.48	4.37	772.6310000000001	8298.79
-11.48	4.37	771.632	8369.89
-11.48	4.37	770.6339999999999	7797.62
-11.48	4.37	769.635	7886.3
-11.48	4.37	768.6360000000001	8397.84
-11.48	4.37	767.6360000000001	8378.79
-11.48	4.37	766.637	7962.02
-11.48	4.37	765.637	8453.26
-11.48	4.37	764.637	8809.29
-11.48	4.37	763.638	8512.67
-11.48	4.37	762.637	8251.16
-11.48	4.37	761.637	8662.01
-11.48	4.37	760.6360000000001	8917.8
-11.48	4.37	759.6360000000001	8531.44
-11.48	4.37	758.635	8462.44
-11.48	4.37	757.6339999999999	8947.87
-11.48	4.37	756.633	9068.58
-11.48	4.37	755.6310000000001	8607.59
-11.48	4.37	754.6289999999999	8915.51
-11.48	4.37	753.628	9250.77
-11.48	4.37	752.6260000000001	9069.44
-11.48	4.37	751.623	8850.76
-11.48	4.37	750.6210000000001	9038.69
-11.48	4.37	749.6189999999999	9383.66
-11.48	4.37	748.6160000000001	8960.59
-11.48	4.37	747.613	8958.95
-11.48	4.37	746.61	9348.6
-11.48	4.37	745.607	9511.36
-11.48	4.37	744.6030000000001	8929.13
-11.48	4.37	743.5989999999999	9134.24
-11.48	4.37	742.596	9541.01
-11.48	4.37	741.592	9213.07
-11.48	4.37	740.587	8773.22
-11.48	4.37	739.5830000000001	8883.63
-11.48	4.37	738.579	9160.73
-11.48	4.37	737.574	8997.32
-11.48	4.37	736.569	8776.75
-11.48	4.37	735.564	9200.47
-11.48	4.37	734.558	9454.93
-11.48	4.37	733.553	9095.16
-11.48	4.37	732.547	9242.66
-11.48	4.37	731.541	9810.14
-11.48	4.37	730.535	9681.6
-11.48	4.37	729.529	9250.0
-11.48	4.37	728.523	9546.4
-11.48	4.37	727.5160000000001	9939.55
-11.48	4.37	726.5089999999999	9311.97
-11.48	4.37	725.503	8945.3
-11.48	4.37	724.495	9536.93
-11.48	4.37	723.488	9718.84
-11.48	4.37	722.4810000000001	9081.83
-11.48	4.37	721.4730000000001	8988.37
-11.48	4.37	720.465	9319.11
-11.48	4.37	719.457	9116.52
-11.48	4.37	718.449	8613.98
-11.48	4.37	717.44	8704.12
-11.48	4.37	716.432	8915.69
-11.48	4.37	715.423	8651.37
-11.48	4.37	714.414	8337.59
-11.48	4.37	713.405	8586.27
-11.48	4.37	712.395	8574.79
-11.48	4.37	711.3860000000001	8397.39
-11.48	4.37	710.3760000000001	8227.49
-11.48	4.37	709.3660000000001	8508.19
-11.48	4.37	708.3560000000001	8531.38
-11.48	4.37	707.346	8381.34
-11.48	4.37	706.335	8449.08
-11.48	4.37	705.325	8828.47
-11.48	4.37	704.314	8272.85
-11.48	4.37	703.303	8113.08
-11.48	4.37	702.2919999999999	8311.85
-11.48	4.37	701.28	8705.82
-11.48	4.37	700.2689999999999	8143.22
-11.48	4.37	699.257	7929.22
-11.48	4.37	698.245	8347.75
-11.48	4.37	697.2330000000001	8454.9
-11.48	4.37	696.22	8073.03
-11.48	4.37	695.2080000000001	8167.85
-11.48	4.37	694.195	8544.05
-11.48	4.37	693.182	8490.65
-11.48	4.37	692.169	8304.01
-11.48	4.37	691.1560000000001	8480.13
-11.48	4.37	690.143	8976.88
-11.48	4.37	689.1289999999999	8620.07
-11.48	4.37	688.115	8406.42
-11.48	4.37	687.1010000000001	8735.25
-11.48	4.37	686.087	9155.17
-11.48	4.37	685.073	8406.71
-11.48	4.37	684.058	8634.33
-11.48	4.37	683.043	8906.22
-11.48	4.37	682.028	8803.59
-11.48	4.37	681.013	8319.27
-11.48	4.37	679.998	8810.2
-11.48	4.37	678.9830000000001	9010.46
-11.48	4.37	677.967	8651.9
-11.48	4.37	676.951	8416.51
-11.48	4.37	675.935	9162.96
-11.48	4.37	674.919	9146.52
-11.48	4.37	673.9019999999999	8766.06
-11.48	4.37	672.8860000000001	8892.32
-11.48	4.37	671.8689999999999	9611.09
-11.48	4.37	670.852	9439.7
-11.48	4.37	669.835	9039.8
-11.48	4.37	668.817	9369.88
-11.48	4.37	667.8	9778.46
-11.48	4.37	666.7819999999999	9332.05
-11.48	4.37	665.7639999999999	8952.11
-11.48	4.37	664.7460000000001	9375.27
-11.48	4.37	663.7280000000001	9464.38
-11.48	4.37	662.709	9030.63
-11.48	4.37	661.691	9068.23
-11.48	4.37	660.672	9567.13
-11.48	4.37	659.653	9376.46
-11.48	4.37	658.6339999999999	8871.91
-11.48	4.37	657.6139999999999	9167.01
-11.48	4.37	656.595	9378.64
-11.48	4.37	655.575	8969.97
-11.48	4.37	654.555	8779.59
-11.48	4.37	653.535	9172.52
-11.48	4.37	652.514	9097.32
-11.48	4.37	651.494	8777.19
-11.48	4.37	650.4730000000001	8873.54
-11.48	4.37	649.452	9462.06
-11.48	4.37	648.431	9014.73
-11.48	4.37	647.41	8726.67
-11.48	4.37	646.388	9261.04
-11.48	4.37	645.366	9349.88
-11.48	4.37	644.345	9037.45
-11.48	4.37	643.323	8769.16
-11.48	4.37	642.3	9158.84
-11.48	4.37	641.278	9127.81
-11.48	4.37	640.255	8776.54
-11.48	4.37	639.232	8738.25
-11.48	4.37	638.2090000000001	9139.87
-11.48	4.37	637.186	8920.73
-11.48	4.37	636.163	8533.1
-11.48	4.37	635.139	8700.06
-11.48	4.37	634.116	8739.97
-11.48	4.37	633.092	8660.23
-11.48	4.37	632.068	8424.29
-11.48	4.37	631.043	8935.27
-11.48	4.37	630.019	8757.93
-11.48	4.37	628.994	8146.37
-11.48	4.37	627.969	8720.55
-11.48	4.37	626.944	8801.86
-11.48	4.37	625.919	8449.11
-11.48	4.37	624.893	8196.44
-11.48	4.37	623.868	8526.43
-11.48	4.37	622.842	8668.64
-11.48	4.37	621.816	8092.0
-11.48	4.37	620.79	8097.82
-11.48	4.37	619.763	8403.22
-11.48	4.37	618.737	8296.95
-11.48	4.37	617.71	7915.59
-11.48	4.37	616.683	8030.98
-11.48	4.37	615.656	8253.42
-11.48	4.37	614.629	7718.96
-11.48	4.37	613.601	7695.64
-11.48	4.37	612.573	8158.84
-11.48	4.37	611.545	7923.85
-11.48	4.37	610.5169999999999	7652.47
-11.48	4.37	609.489	7792.07
-11.48	4.37	608.461	8116.35
-11.48	4.37	607.432	7806.2
-11.48	4.37	606.403	7622.52
-11.48	4.37	605.374	7856.77
-11.48	4.37	604.345	8022.92
-11.48	4.37	603.315	7710.58
-11.48	4.37	602.286	7347.37
-11.48	4.37	601.256	7824.26
-11.48	4.37	600.226	7711.16
