-11.48	12.37	1799.66	2072.16
-11.48	12.37	1798.84	2050.42
-11.48	12.37	1798.03	2141.74
-11.48	12.37	1797.21	2068.06
-11.48	12.37	1796.39	2095.2
-11.48	12.37	1795.57	2024.61
-11.48	12.37	1794.75	2204.41
-11.48	12.37	1793.93	2088.03
-11.48	12.37	1793.11	2072.42
-11.48	12.37	1792.29	1968.31
-11.48	12.37	1791.47	2029.0
-11.48	12.37	1790.65	2019.51
-11.48	12.37	1789.84	2040.52
-11.48	12.37	1789.02	2018.83
-11.48	12.37	1788.2	2055.07
-11.48	12.37	1787.38	2027.29
-11.48	12.37	1786.56	2222.02
-11.48	12.37	1785.73	2169.84
-11.48	12.37	1784.91	2062.83
-11.48	12.37	1784.09	2044.2
-11.48	12.37	1783.27	2046.9
-11.48	12.37	1782.45	2168.37
-11.48	12.37	1781.63	2149.74
-11.48	12.37	1780.81	2039.77
-11.48	12.37	1779.99	2030.3
-11.48	12.37	1779.17	2166.91
-11.48	12.37	1778.35	2081.34
-11.48	12.37	1777.52	2041.44
-11.48	12.37	1776.7	2056.3
-11.48	12.37	1775.88	2131.99
-11.48	12.37	1775.06	2165.08
-11.48	12.37	1774.24	2131.27
-11.48	12.37	1773.41	2121.79
-11.48	12.37	1772.59	2136.62
-11.48	12.37	1771.77	2197.04
-11.48	12.37	1770.95	2233.12
-11.48	12.37	1770.12	2150.73
-11.48	12.37	1769.3	2065.32
-11.48	12.37	1768.48	2201.62
-11.48	12.37	1767.65	2091.95
-11.48	12.37	1766.83	2252.49
-11.48	12.37	1766.01	2085.17
-11.48	12.37	1765.18	2109.09
-11.48	12.37	1764.36	2221.0
-11.48	12.37	1763.53	2166.02
-11.48	12.37	1762.71	2220.25
-11.48	12.37	1761.88	2165.29
-11.48	12.37	1761.06	2189.18
-11.48	12.37	1760.24	2237.31
-11.48	12.37	1759.41	2233.9
-11.48	12.37	1758.59	2209.28
-11.48	12.37	1757.76	2108.91
-11.48	12.37	1756.94	2232.77
-11.48	12.37	1756.11	2262.68
-11.48	12.37	1755.28	2150.24
-11.48	12.37	1754.46	2240.72
-11.48	12.37	1753.63	2285.75
-11.48	12.37	1752.81	2288.39
-11.48	12.37	1751.98	2224.45
-11.48	12.37	1751.16	2224.07
-11.48	12.37	1750.33	2187.39
-11.48	12.37	1749.5	2253.56
-11.48	12.37	1748.68	2410.45
-11.48	12.37	1747.85	2307.23
-11.48	12.37	1747.02	2303.82
-11.48	12.37	1746.2	2309.47
-11.48	12.37	1745.37	2357.44
-11.48	12.37	1744.54	2357.04
-11.48	12.37	1743.71	2290.17
-11.48	12.37	1742.89	2268.64
-11.48	12.37	1742.06	2340.74
-11.48	12.37	1741.23	2343.36
-11.48	12.37	1740.4	2364.1
-11.48	12.37	1739.57	2239.93
-11.48	12.37	1738.75	2257.66
-11.48	12.37	1737.92	2365.91
-11.48	12.37	1737.09	2350.43
-11.48	12.37	1736.26	2271.59
-11.48	12.37	1735.43	2280.26
-11.48	12.37	1734.6	2331.14
-11.48	12.37	1733.77	2300.59
-11.48	12.37	1732.94	2321.3
-11.48	12.37	1732.11	2329.95
-11.48	12.37	1731.28	2338.6
-11.48	12.37	1730.45	2365.32
-11.48	12.37	1729.62	2416.13
-11.48	12.37	1728.8	2343.43
-11.48	12.37	1727.96	2306.89
-11.48	12.37	1727.13	2414.9
-11.48	12.37	1726.3	2513.84
-11.48	12.37	1725.47	2402.04
-11.48	12.37	1724.64	2362.51
-11.48	12.37	1723.81	2488.49
-11.48	12.37	1722.98	2497.09
-11.48	12.37	1722.15	2610.97
-11.48	12.37	1721.32	2427.07
-11.48	12.37	1720.49	2435.68
-11.48	12.37	1719.66	2609.64
-11.48	12.37	1718.82	2549.08
-11.48	12.37	1717.99	2548.65
-11.48	12.37	1717.16	2458.06
-11.48	12.37	1716.33	2604.86
-11.48	12.37	1715.5	2739.6
-11.48	12.37	1714.66	2555.92
-11.48	12.37	1713.83	2408.35
-11.48	12.37	1713.0	2458.98
-11.48	12.37	1712.17	2650.68
-11.48	12.37	1711.33	2641.23
-11.48	12.37	1710.5	2619.77
-11.48	12.37	1709.67	2640.33
-11.48	12.37	1708.83	2594.88
-11.48	12.37	1708.0	2612.44
-11.48	12.37	1707.17	2659.98
-11.48	12.37	1706.33	2548.59
-11.48	12.37	1705.5	2614.1
-11.48	12.37	1704.66	2700.58
-11.48	12.37	1703.83	2727.09
-11.48	12.37	1703.0	2744.61
-11.48	12.37	1702.16	2789.08
-11.48	12.37	1701.33	2695.75
-11.48	12.37	1700.49	2824.07
-11.48	12.37	1699.66	2802.63
-11.48	12.37	1698.82	2748.26
-11.48	12.37	1697.99	2681.94
-11.48	12.37	1697.15	2884.99
-11.48	12.37	1696.32	2881.51
-11.48	12.37	1695.48	2698.52
-11.48	12.37	1694.64	2754.9
-11.48	12.37	1693.81	2802.28
-11.48	12.37	1692.97	2927.39
-11.48	12.37	1692.14	2852.15
-11.48	12.37	1691.3	2797.86
-11.48	12.37	1690.46	2973.72
-11.48	12.37	1689.63	2976.2
-11.48	12.37	1688.79	2844.23
-11.48	12.37	1687.95	2885.57
-11.48	12.37	1687.12	2929.88
-11.48	12.37	1686.28	2929.38
-11.48	12.37	1685.44	3069.2
-11.48	12.37	1684.6	2922.41
-11.48	12.37	1683.77	2936.84
-11.48	12.37	1682.93	2855.77
-11.48	12.37	1682.09	2917.93
-11.48	12.37	1681.25	3009.91
-11.48	12.37	1680.41	2973.61
-11.48	12.37	1679.58	2824.0
-11.48	12.37	1678.74	3068.01
-11.48	12.37	1677.9	3097.29
-11.48	12.37	1677.06	2983.51
-11.48	12.37	1676.22	3039.62
-11.48	12.37	1675.38	2988.45
-11.48	12.37	1674.54	3145.83
-11.48	12.37	1673.7	3181.03
-11.48	12.37	1672.86	3165.6
-11.48	12.37	1672.02	3063.83
-11.48	12.37	1671.18	3131.77
-11.48	12.37	1670.34	3280.06
-11.48	12.37	1669.5	3178.32
-11.48	12.37	1668.66	3067.69
-11.48	12.37	1667.82	3239.71
-11.48	12.37	1666.98	3378.96
-11.48	12.37	1666.14	3179.13
-11.48	12.37	1665.3	3142.9
-11.48	12.37	1664.46	3228.58
-11.48	12.37	1663.62	3338.01
-11.48	12.37	1662.78	3289.89
-11.48	12.37	1661.94	3387.39
-11.48	12.37	1661.1	3223.41
-11.48	12.37	1660.25	3347.61
-11.48	12.37	1659.41	3566.81
-11.48	12.37	1658.57	3334.59
-11.48	12.37	1657.73	3289.49
-11.48	12.37	1656.89	3440.32
-11.48	12.37	1656.04	3505.02
-11.48	12.37	1655.2	3519.26
-11.48	12.37	1654.36	3480.09
-11.48	12.37	1653.52	3411.27
-11.48	12.37	1652.67	3710.24
-11.48	12.37	1651.83	3685.88
-11.48	12.37	1650.99	3611.13
-11.48	12.37	1650.14	3539.37
-11.48	12.37	1649.3	3701.78
-11.48	12.37	1648.46	3938.21
-11.48	12.37	1647.61	3795.32
-11.48	12.37	1646.77	3782.82
-11.48	12.37	1645.92	3719.98
-11.48	12.37	1645.08	3991.78
-11.48	12.37	1644.24	3937.81
-11.48	12.37	1643.39	3943.05
-11.48	12.37	1642.55	3767.75
-11.48	12.37	1641.7	4228.75
-11.48	12.37	1640.86	4136.31
-11.48	12.37	1640.01	4256.89
-11.48	12.37	1639.17	4105.32
-11.48	12.37	1638.32	4187.42
-11.48	12.37	1637.48	4296.1
-11.48	12.37	1636.63	4375.18
-11.48	12.37	1635.78	4288.72
-11.48	12.37	1634.94	4211.15
-11.48	12.37	1634.09	4665.46
-11.48	12.37	1633.25	4803.5
-11.48	12.37	1632.4	4764.28
-11.48	12.37	1631.55	4671.92
-11.48	12.37	1630.71	4715.41
-11.48	12.37	1629.86	5018.68
-11.48	12.37	1629.01	5068.0
-11.48	12.37	1628.16	4919.57
-11.48	12.37	1627.32	4927.59
-11.48	12.37	1626.47	5165.7
-11.48	12.37	1625.62	5344.75
-11.48	12.37	1624.77	5225.87
-11.48	12.37	1623.93	5204.33
-11.48	12.37	1623.08	5359.69
-11.48	12.37	1622.23	5373.52
-11.48	12.37	1621.38	5490.48
-11.48	12.37	1620.53	5374.62
-11.48	12.37	1619.69	5317.73
-11.48	12.37	1618.84	5446.42
-11.48	12.37	1617.99	5548.57
-11.48	12.37	1617.14	5494.62
-11.48	12.37	1616.29	5561.39
-11.48	12.37	1615.44	5672.29
-11.48	12.37	1614.59	5733.13
-11.48	12.37	1613.74	5911.64
-11.48	12.37	1612.89	5722.34
-11.48	12.37	1612.04	5797.84
-11.48	12.37	1611.19	5808.61
-11.48	12.37	1610.34	5925.24
-11.48	12.37	1609.49	5841.9
-11.48	12.37	1608.64	5823.26
-11.48	12.37	1607.79	6110.29
-11.48	12.37	1606.94	6179.77
-11.48	12.37	1606.09	6014.18
-11.48	12.37	1605.24	5986.71
-11.48	12.37	1604.39	6067.92
-11.48	12.37	1603.54	6246.01
-11.48	12.37	1602.68	6227.33
-11.48	12.37	1601.83	6014.9
-11.48	12.37	1600.98	6157.69
-11.48	12.37	1600.13	6479.43
-11.48	12.37	1599.28	6715.97
-11.48	12.37	1598.42	6304.13
-11.48	12.37	1597.57	6335.31
-11.48	12.37	1596.72	6612.82
-11.48	12.37	1595.87	6825.72
-11.48	12.37	1595.01	6628.14
-11.48	12.37	1594.16	6621.14
-11.48	12.37	1593.31	6482.27
-11.48	12.37	1592.45	6932.38
-11.48	12.37	1591.6	6746.63
-11.48	12.37	1590.75	6660.53
-11.48	12.37	1589.89	6630.1
-11.48	12.37	1589.04	6713.88
-11.48	12.37	1588.19	6809.33
-11.48	12.37	1587.33	6767.19
-11.48	12.37	1586.48	6648.97
-11.48	12.37	1585.62	6820.46
-11.48	12.37	1584.77	6942.16
-11.48	12.37	1583.91	6671.87
-11.48	12.37	1583.06	6644.4
-11.48	12.37	1582.2	6578.94
-11.48	12.37	1581.35	6799.99
-11.48	12.37	1580.49	6766.67
-11.48	12.37	1579.64	6671.99
-11.48	12.37	1578.78	6530.59
-11.48	12.37	1577.93	6608.35
-11.48	12.37	1577.07	6715.29
-11.48	12.37	1576.21	6579.79
-11.48	12.37	1575.36	6470.63
-11.48	12.37	1574.5	6668.04
-11.48	12.37	1573.65	6830.35
-11.48	12.37	1572.79	6656.99
-11.48	12.37	1571.93	6428.25
-11.48	12.37	1571.08	6619.69
-11.48	12.37	1570.22	6843.16
-11.48	12.37	1569.36	6769.08
-11.48	12.37	1568.5	6552.13
-11.48	12.37	1567.65	6510.19
-11.48	12.37	1566.79	6751.01
-11.48	12.37	1565.93	6968.43
-11.48	12.37	1565.07	6809.88
-11.48	12.37	1564.21	6529.02
-11.48	12.37	1563.36	6702.68
-11.48	12.37	1562.5	6914.13
-11.48	12.37	1561.64	6802.29
-11.48	12.37	1560.78	6681.75
-11.48	12.37	1559.92	6657.32
-11.48	12.37	1559.06	6990.87
-11.48	12.37	1558.2	7184.63
-11.48	12.37	1557.34	7183.4
-11.48	12.37	1556.49	6966.9
-11.48	12.37	1555.63	7297.27
-11.48	12.37	1554.77	7377.43
-11.48	12.37	1553.91	7294.76
-11.48	12.37	1553.05	7139.43
-11.48	12.37	1552.19	7472.44
-11.48	12.37	1551.33	7665.86
-11.48	12.37	1550.47	7629.67
-11.48	12.37	1549.6	7523.78
-11.48	12.37	1548.74	7429.55
-11.48	12.37	1547.88	7709.95
-11.48	12.37	1547.02	7723.14
-11.48	12.37	1546.16	7605.69
-11.48	12.37	1545.3	7470.87
-11.48	12.37	1544.44	7756.88
-11.48	12.37	1543.58	7584.36
-11.48	12.37	1542.71	7623.66
-11.48	12.37	1541.85	7253.99
-11.48	12.37	1540.99	7275.95
-11.48	12.37	1540.13	7770.5
-11.48	12.37	1539.27	7673.49
-11.48	12.37	1538.4	7228.71
-11.48	12.37	1537.54	7169.51
-11.48	12.37	1536.68	7452.22
-11.48	12.37	1535.81	7242.36
-11.48	12.37	1534.95	7064.43
-11.48	12.37	1534.09	7109.54
-11.48	12.37	1533.23	7192.29
-11.48	12.37	1532.36	7356.06
-11.48	12.37	1531.5	7042.19
-11.48	12.37	1530.63	6873.13
-11.48	12.37	1529.77	7143.93
-11.48	12.37	1528.91	7197.66
-11.48	12.37	1528.04	7158.82
-11.48	12.37	1527.18	6972.5
-11.48	12.37	1526.31	6910.58
-11.48	12.37	1525.45	7149.34
-11.48	12.37	1524.58	6977.57
-11.48	12.37	1523.72	6982.14
-11.48	12.37	1522.85	6902.93
-11.48	12.37	1521.99	7075.07
-11.48	12.37	1521.12	7177.84
-11.48	12.37	1520.26	6882.03
-11.48	12.37	1519.39	6722.03
-11.48	12.37	1518.52	6810.37
-11.48	12.37	1517.66	7089.18
-11.48	12.37	1516.79	6906.14
-11.48	12.37	1515.93	6630.83
-11.48	12.37	1515.06	6817.21
-11.48	12.37	1514.19	6968.91
-11.48	12.37	1513.33	6993.66
-11.48	12.37	1512.46	6727.17
-11.48	12.37	1511.59	6849.98
-11.48	12.37	1510.72	7093.81
-11.48	12.37	1509.86	7086.82
-11.48	12.37	1508.99	6978.98
-11.48	12.37	1508.12	6833.73
-11.48	12.37	1507.25	6864.23
-11.48	12.37	1506.38	7096.33
-11.48	12.37	1505.52	6861.86
-11.48	12.37	1504.65	6719.61
-11.48	12.37	1503.78	6778.9
-11.48	12.37	1502.91	6792.12
-11.48	12.37	1502.04	6649.94
-11.48	12.37	1501.17	6418.63
-11.48	12.37	1500.3	6388.76
-11.48	12.37	1499.44	6517.08
-11.48	12.37	1498.57	6544.71
-11.48	12.37	1497.7	6534.95
-11.48	12.37	1496.83	6392.97
-11.48	12.37	1495.96	6434.98
-11.48	12.37	1495.09	6494.21
-11.48	12.37	1494.22	6363.8
-11.48	12.37	1493.35	6259.29
-11.48	12.37	1492.48	6473.61
-11.48	12.37	1491.61	6544.28
-11.48	12.37	1490.73	6457.02
-11.48	12.37	1489.86	6272.18
-11.48	12.37	1488.99	6302.67
-11.48	12.37	1488.12	6407.75
-11.48	12.37	1487.25	6481.24
-11.48	12.37	1486.38	6408.41
-11.48	12.37	1485.51	6134.83
-11.48	12.37	1484.63	6351.71
-11.48	12.37	1483.76	6425.15
-11.48	12.37	1482.89	6171.78
-11.48	12.37	1482.02	6010.21
-11.48	12.37	1481.15	6043.56
-11.48	12.37	1480.27	6320.43
-11.48	12.37	1479.4	5944.07
-11.48	12.37	1478.53	5914.4
-11.48	12.37	1477.65	6027.92
-11.48	12.37	1476.78	6341.82
-11.48	12.37	1475.91	6260.57
-11.48	12.37	1475.03	6056.28
-11.48	12.37	1474.16	5886.39
-11.48	12.37	1473.29	6068.49
-11.48	12.37	1472.41	6124.65
-11.48	12.37	1471.54	6089.27
-11.48	12.37	1470.67	5936.65
-11.48	12.37	1469.79	6104.31
-11.48	12.37	1468.92	6191.88
-11.48	12.37	1468.04	5822.1
-11.48	12.37	1467.17	6041.13
-11.48	12.37	1466.29	5908.66
-11.48	12.37	1465.42	6147.59
-11.48	12.37	1464.54	5900.9
-11.48	12.37	1463.67	5682.84
-11.48	12.37	1462.79	5958.81
-11.48	12.37	1461.91	5960.63
-11.48	12.37	1461.04	5968.16
-11.48	12.37	1460.16	5850.13
-11.48	12.37	1459.29	5863.38
-11.48	12.37	1458.41	5982.18
-11.48	12.37	1457.53	6129.46
-11.48	12.37	1456.66	5726.3
-11.48	12.37	1455.78	5622.66
-11.48	12.37	1454.9	5812.69
-11.48	12.37	1454.03	5905.74
-11.48	12.37	1453.15	5765.08
-11.48	12.37	1452.27	5684.3
-11.48	12.37	1451.39	5754.53
-11.48	12.37	1450.52	5878.86
-11.48	12.37	1449.64	5743.99
-11.48	12.37	1448.76	5612.02
-11.48	12.37	1447.88	5687.91
-11.48	12.37	1447.0	5877.63
-11.48	12.37	1446.13	6033.13
-11.48	12.37	1445.25	5702.02
-11.48	12.37	1444.37	5874.57
-11.48	12.37	1443.49	6166.52
-11.48	12.37	1442.61	6125.63
-11.48	12.37	1441.73	5840.24
-11.48	12.37	1440.85	5927.35
-11.48	12.37	1439.97	6051.39
-11.48	12.37	1439.09	6144.12
-11.48	12.37	1438.21	5929.95
-11.48	12.37	1437.33	5772.67
-11.48	12.37	1436.45	5961.97
-11.48	12.37	1435.57	5818.94
-11.48	12.37	1434.69	5880.4
-11.48	12.37	1433.81	5640.91
-11.48	12.37	1432.93	5849.98
-11.48	12.37	1432.05	5908.56
-11.48	12.37	1431.17	5691.89
-11.48	12.37	1430.29	5546.21
-11.48	12.37	1429.41	5522.56
-11.48	12.37	1428.52	5615.19
-11.48	12.37	1427.64	5622.72
-11.48	12.37	1426.76	5451.64
-11.48	12.37	1425.88	5371.33
-11.48	12.37	1425.0	5540.44
-11.48	12.37	1424.11	5513.97
-11.48	12.37	1423.23	5184.39
-11.48	12.37	1422.35	5279.79
-11.48	12.37	1421.47	5287.37
-11.48	12.37	1420.58	5379.89
-11.48	12.37	1419.7	5220.42
-11.48	12.37	1418.82	5058.17
-11.48	12.37	1417.93	5255.39
-11.48	12.37	1417.05	5432.74
-11.48	12.37	1416.17	5293.17
-11.48	12.37	1415.28	5111.22
-11.48	12.37	1414.4	5164.07
-11.48	12.37	1413.51	5482.69
-11.48	12.37	1412.63	5391.27
-11.48	12.37	1411.75	5364.89
-11.48	12.37	1410.86	5287.65
-11.48	12.37	1409.98	5608.85
-11.48	12.37	1409.09	5466.62
-11.48	12.37	1408.21	5587.13
-11.48	12.37	1407.32	5340.46
-11.48	12.37	1406.44	5565.42
-11.48	12.37	1405.55	5688.67
-11.48	12.37	1404.66	5645.34
-11.48	12.37	1403.78	5458.09
-11.48	12.37	1402.89	5626.45
-11.48	12.37	1402.01	5822.95
-11.48	12.37	1401.12	5641.41
-11.48	12.37	1400.23	5437.37
-11.48	12.37	1399.35	5568.96
-11.48	12.37	1398.46	5813.26
-11.48	12.37	1397.57	5707.95
-11.48	12.37	1396.69	5509.68
-11.48	12.37	1395.8	5480.54
-11.48	12.37	1394.91	5614.82
-11.48	12.37	1394.02	5664.54
-11.48	12.37	1393.14	5593.15
-11.48	12.37	1392.25	5600.62
-11.48	12.37	1391.36	5661.58
-11.48	12.37	1390.47	5835.12
-11.48	12.37	1389.58	5668.06
-11.48	12.37	1388.7	5557.33
-11.48	12.37	1387.81	5578.87
-11.48	12.37	1386.92	5749.48
-11.48	12.37	1386.03	5737.23
-11.48	12.37	1385.14	5584.39
-11.48	12.37	1384.25	5766.15
-11.48	12.37	1383.36	5922.56
-11.48	12.37	1382.47	5738.85
-11.48	12.37	1381.58	5625.45
-11.48	12.37	1380.69	5728.42
-11.48	12.37	1379.8	6016.74
-11.48	12.37	1378.91	5833.14
-11.48	12.37	1378.02	5801.24
-11.48	12.37	1377.13	5847.96
-11.48	12.37	1376.24	6037.81
-11.48	12.37	1375.35	5989.05
-11.48	12.37	1374.46	5802.81
-11.48	12.37	1373.57	5832.65
-11.48	12.37	1372.68	6098.11
-11.48	12.37	1371.78	6085.83
-11.48	12.37	1370.89	6042.71
-11.48	12.37	1370.0	5968.76
-11.48	12.37	1369.11	6107.88
-11.48	12.37	1368.22	6008.72
-11.48	12.37	1367.33	5968.44
-11.48	12.37	1366.43	5936.58
-11.48	12.37	1365.54	6201.65
-11.48	12.37	1364.65	6130.55
-11.48	12.37	1363.76	6129.48
-11.48	12.37	1362.86	6008.03
-11.48	12.37	1361.97	6242.11
-11.48	12.37	1361.08	6406.14
-11.48	12.37	1360.18	6293.1
-11.48	12.37	1359.29	6264.02
-11.48	12.37	1358.4	6218.17
-11.48	12.37	1357.5	6460.4
-11.48	12.37	1356.61	6380.98
-11.48	12.37	1355.71	6363.09
-11.48	12.37	1354.82	6384.34
-11.48	12.37	1353.92	6313.35
-11.48	12.37	1353.03	6348.58
-11.48	12.37	1352.13	6372.61
-11.48	12.37	1351.24	6421.78
-11.48	12.37	1350.34	6644.08
-11.48	12.37	1349.45	6620.58
-11.48	12.37	1348.55	6365.37
-11.48	12.37	1347.66	6353.09
-11.48	12.37	1346.76	6759.44
-11.48	12.37	1345.87	6788.96
-11.48	12.37	1344.97	6695.7
-11.48	12.37	1344.07	6588.54
-11.48	12.37	1343.18	6693.36
-11.48	12.37	1342.28	6909.69
-11.48	12.37	1341.38	6699.39
-11.48	12.37	1340.49	6653.61
-11.48	12.37	1339.59	6736.06
-11.48	12.37	1338.69	6751.6
-11.48	12.37	1337.8	6783.85
-11.48	12.37	1336.9	6632.25
-11.48	12.37	1336.0	6842.75
-11.48	12.37	1335.1	6866.61
-11.48	12.37	1334.2	6843.14
-11.48	12.37	1333.31	6638.74
-11.48	12.37	1332.41	6740.55
-11.48	12.37	1331.51	6847.89
-11.48	12.37	1330.61	6852.26
-11.48	12.37	1329.71	6592.37
-11.48	12.37	1328.81	6760.87
-11.48	12.37	1327.91	7068.33
-11.48	12.37	1327.02	6925.31
-11.48	12.37	1326.12	6846.27
-11.48	12.37	1325.22	6728.34
-11.48	12.37	1324.32	6885.55
-11.48	12.37	1323.42	7170.5
-11.48	12.37	1322.52	6760.92
-11.48	12.37	1321.62	6743.07
-11.48	12.37	1320.72	7050.11
-11.48	12.37	1319.82	7076.64
-11.48	12.37	1318.91	6792.27
-11.48	12.37	1318.01	6860.46
-11.48	12.37	1317.11	6967.48
-11.48	12.37	1316.21	7160.46
-11.48	12.37	1315.31	6890.14
-11.48	12.37	1314.41	6941.63
-11.48	12.37	1313.51	7020.82
-11.48	12.37	1312.61	7177.62
-11.48	12.37	1311.7	6918.58
-11.48	12.37	1310.8	6914.59
-11.48	12.37	1309.9	6913.38
-11.48	12.37	1309.0	7081.16
-11.48	12.37	1308.09	6999.6
-11.48	12.37	1307.19	6760.2
-11.48	12.37	1306.29	6831.0
-11.48	12.37	1305.39	6918.4
-11.48	12.37	1304.48	6986.38
-11.48	12.37	1303.58	6619.85
-11.48	12.37	1302.68	6826.21
-11.48	12.37	1301.77	7010.37
-11.48	12.37	1300.87	6857.01
-11.48	12.37	1299.96	6720.3
-11.48	12.37	1299.06	6672.11
-11.48	12.37	1298.16	6897.64
-11.48	12.37	1297.25	6719.53
-11.48	12.37	1296.35	6674.13
-11.48	12.37	1295.44	6554.14
-11.48	12.37	1294.54	6611.01
-11.48	12.37	1293.63	6775.58
-11.48	12.37	1292.73	6429.18
-11.48	12.37	1291.82	6461.19
-11.48	12.37	1290.92	6573.24
-11.48	12.37	1290.01	6740.46
-11.48	12.37	1289.1	6482.62
-11.48	12.37	1288.2	6216.6
-11.48	12.37	1287.29	6364.48
-11.48	12.37	1286.39	6564.71
-11.48	12.37	1285.48	6329.15
-11.48	12.37	1284.57	6104.69
-11.48	12.37	1283.67	6142.22
-11.48	12.37	1282.76	6243.12
-11.48	12.37	1281.85	6021.56
-11.48	12.37	1280.94	5860.69
-11.48	12.37	1280.04	5881.7
-11.48	12.37	1279.13	6101.02
-11.48	12.37	1278.22	6014.58
-11.48	12.37	1277.31	5685.86
-11.48	12.37	1276.41	5982.18
-11.48	12.37	1275.5	5986.63
-11.48	12.37	1274.59	6046.12
-11.48	12.37	1273.68	5731.39
-11.48	12.37	1272.77	5724.88
-11.48	12.37	1271.86	5921.91
-11.48	12.37	1270.95	5907.12
-11.48	12.37	1270.04	5576.13
-11.48	12.37	1269.13	5690.62
-11.48	12.37	1268.23	5871.02
-11.48	12.37	1267.32	5949.69
-11.48	12.37	1266.41	5783.78
-11.48	12.37	1265.5	5541.02
-11.48	12.37	1264.59	5985.0
-11.48	12.37	1263.67	5742.28
-11.48	12.37	1262.76	5584.77
-11.48	12.37	1261.85	5476.72
-11.48	12.37	1260.94	5640.44
-11.48	12.37	1260.03	5620.24
-11.48	12.37	1259.12	5418.96
-11.48	12.37	1258.21	5426.23
-11.48	12.37	1257.3	5529.51
-11.48	12.37	1256.39	5575.15
-11.48	12.37	1255.47	5184.83
-11.48	12.37	1254.56	5463.54
-11.48	12.37	1253.65	5520.13
-11.48	12.37	1252.74	5538.34
-11.48	12.37	1251.83	5351.05
-11.48	12.37	1250.91	5144.65
-11.48	12.37	1250.0	5236.87
-11.48	12.37	1249.09	5496.11
-11.48	12.37	1248.17	5303.48
-11.48	12.37	1247.26	5089.02
-11.48	12.37	1246.35	5230.45
-11.48	12.37	1245.43	5371.83
-11.48	12.37	1244.52	5272.38
-11.48	12.37	1243.61	5194.86
-11.48	12.37	1242.69	5109.16
-11.48	12.37	1241.78	5299.68
-11.48	12.37	1240.86	5200.32
-11.48	12.37	1239.95	4961.57
-11.48	12.37	1239.03	4988.03
-11.48	12.37	1238.12	5134.72
-11.48	12.37	1237.2	5152.94
-11.48	12.37	1236.29	5072.81
-11.48	12.37	1235.37	5129.27
-11.48	12.37	1234.46	5248.52
-11.48	12.37	1233.54	4985.49
-11.48	12.37	1232.63	5020.1
-11.48	12.37	1231.71	5079.25
-11.48	12.37	1230.8	5083.82
-11.48	12.37	1229.88	5017.44
-11.48	12.37	1228.96	5090.21
-11.48	12.37	1228.05	5089.31
-11.48	12.37	1227.13	5276.57
-11.48	12.37	1226.21	5144.77
-11.48	12.37	1225.3	5018.47
-11.48	12.37	1224.38	4990.33
-11.48	12.37	1223.46	5142.05
-11.48	12.37	1222.54	5165.66
-11.48	12.37	1221.63	4930.48
-11.48	12.37	1220.71	4965.02
-11.48	12.37	1219.79	5282.74
-11.48	12.37	1218.87	5132.07
-11.48	12.37	1217.95	5109.38
-11.48	12.37	1217.03	5086.71
-11.48	12.37	1216.12	5262.69
-11.48	12.37	1215.2	5234.55
-11.48	12.37	1214.28	5146.58
-11.48	12.37	1213.36	5297.98
-11.48	12.37	1212.44	5313.36
-11.48	12.37	1211.52	5252.6
-11.48	12.37	1210.6	5276.14
-11.48	12.37	1209.68	5356.74
-11.48	12.37	1208.76	5412.86
-11.48	12.37	1207.84	5390.17
-11.48	12.37	1206.92	5313.16
-11.48	12.37	1206.0	5320.37
-11.48	12.37	1205.08	5528.51
-11.48	12.37	1204.16	5513.96
-11.48	12.37	1203.24	5279.55
-11.48	12.37	1202.31	5332.89
-11.48	12.37	1201.39	5527.32
-11.48	12.37	1200.47	5686.41
-11.48	12.37	1199.55	5319.22
-11.48	12.37	1198.63	5377.94
-11.48	12.37	1197.71	5539.68
-11.48	12.37	1196.78	5511.59
-11.48	12.37	1195.86	5364.25
-11.48	12.37	1194.94	5241.34
-11.48	12.37	1194.02	5462.61
-11.48	12.37	1193.09	5616.06
-11.48	12.37	1192.17	5441.71
-11.48	12.37	1191.25	5253.89
-11.48	12.37	1190.32	5447.91
-11.48	12.37	1189.4	5514.63
-11.48	12.37	1188.48	5383.73
-11.48	12.37	1187.55	5179.81
-11.48	12.37	1186.63	5308.77
-11.48	12.37	1185.71	5288.89
-11.48	12.37	1184.78	5131.08
-11.48	12.37	1183.86	5208.59
-11.48	12.37	1182.93	5350.98
-11.48	12.37	1182.01	5290.56
-11.48	12.37	1181.08	5057.17
-11.48	12.37	1180.16	5077.89
-11.48	12.37	1179.23	5231.01
-11.48	12.37	1178.31	5205.77
-11.48	12.37	1177.38	4969.86
-11.48	12.37	1176.46	4855.56
-11.48	12.37	1175.53	4927.6
-11.48	12.37	1174.6	5032.01
-11.48	12.37	1173.68	5023.02
-11.48	12.37	1172.75	4835.93
-11.48	12.37	1171.82	4759.52
-11.48	12.37	1170.9	4904.35
-11.48	12.37	1169.97	4809.08
-11.48	12.37	1169.04	4603.28
-11.48	12.37	1168.12	4739.97
-11.48	12.37	1167.19	4873.92
-11.48	12.37	1166.26	4724.82
-11.48	12.37	1165.33	4670.08
-11.48	12.37	1164.41	4596.51
-11.48	12.37	1163.48	4687.28
-11.48	12.37	1162.55	4629.89
-11.48	12.37	1161.62	4583.29
-11.48	12.37	1160.69	4590.56
-11.48	12.37	1159.76	4648.97
-11.48	12.37	1158.84	4658.91
-11.48	12.37	1157.91	4496.62
-11.48	12.37	1156.98	4692.23
-11.48	12.37	1156.05	4885.08
-11.48	12.37	1155.12	4620.64
-11.48	12.37	1154.19	4609.07
-11.48	12.37	1153.26	4608.25
-11.48	12.37	1152.33	4792.91
-11.48	12.37	1151.4	4687.24
-11.48	12.37	1150.47	4552.05
-11.48	12.37	1149.54	4656.03
-11.48	12.37	1148.61	4808.31
-11.48	12.37	1147.68	4702.72
-11.48	12.37	1146.75	4548.82
-11.48	12.37	1145.81	4778.91
-11.48	12.37	1144.88	4834.43
-11.48	12.37	1143.95	4852.36
-11.48	12.37	1143.02	4628.78
-11.48	12.37	1142.09	4576.98
-11.48	12.37	1141.16	4994.62
-11.48	12.37	1140.22	4730.91
-11.48	12.37	1139.29	4537.01
-11.48	12.37	1138.36	4804.3
-11.48	12.37	1137.43	4881.18
-11.48	12.37	1136.49	4842.79
-11.48	12.37	1135.56	4544.5
-11.48	12.37	1134.63	4605.31
-11.48	12.37	1133.69	4692.89
-11.48	12.37	1132.76	4622.42
-11.48	12.37	1131.83	4576.08
-11.48	12.37	1130.89	4612.75
-11.48	12.37	1129.96	4638.7
-11.48	12.37	1129.02	4536.18
-11.48	12.37	1128.09	4551.43
-11.48	12.37	1127.16	4505.14
-11.48	12.37	1126.22	4686.22
-11.48	12.37	1125.29	4559.7
-11.48	12.37	1124.35	4342.31
-11.48	12.37	1123.42	4365.59
-11.48	12.37	1122.48	4562.61
-11.48	12.37	1121.55	4468.27
-11.48	12.37	1120.61	4227.0
-11.48	12.37	1119.67	4279.67
-11.48	12.37	1118.74	4409.79
-11.48	12.37	1117.8	4270.14
-11.48	12.37	1116.87	4127.87
-11.48	12.37	1115.93	4308.67
-11.48	12.37	1114.99	4150.42
-11.48	12.37	1114.06	4029.6
-11.48	12.37	1113.12	3842.11
-11.48	12.37	1112.18	4070.85
-11.48	12.37	1111.24	4110.13
-11.48	12.37	1110.31	3946.73
-11.48	12.37	1109.37	3882.04
-11.48	12.37	1108.43	4033.3
-11.48	12.37	1107.49	4051.23
-11.48	12.37	1106.55	4018.54
-11.48	12.37	1105.62	3812.67
-11.48	12.37	1104.68	3902.56
-11.48	12.37	1103.74	4072.32
-11.48	12.37	1102.8	3893.18
-11.48	12.37	1101.86	3895.15
-11.48	12.37	1100.92	3859.85
-11.48	12.37	1099.98	3992.24
-11.48	12.37	1099.04	3925.0
-11.48	12.37	1098.1	3817.88
-11.48	12.37	1097.16	3891.68
-11.48	12.37	1096.22	4055.88
-11.48	12.37	1095.28	3855.73
-11.48	12.37	1094.34	3878.97
-11.48	12.37	1093.4	3958.02
-11.48	12.37	1092.46	3893.53
-11.48	12.37	1091.52	3839.69
-11.48	12.37	1090.58	3761.96
-11.48	12.37	1089.64	3718.79
-11.48	12.37	1088.7	3853.58
-11.48	12.37	1087.76	3759.95
-11.48	12.37	1086.81	3589.37
-11.48	12.37	1085.87	3671.02
-11.48	12.37	1084.93	3749.98
-11.48	12.37	1083.99	3749.31
-11.48	12.37	1083.05	3570.9
-11.48	12.37	1082.1	3652.49
-11.48	12.37	1081.16	3667.75
-11.48	12.37	1080.22	3598.15
-11.48	12.37	1079.28	3385.42
-11.48	12.37	1078.33	3649.88
-11.48	12.37	1077.39	3537.92
-11.48	12.37	1076.45	3399.51
-11.48	12.37	1075.5	3396.26
-11.48	12.37	1074.56	3512.19
-11.48	12.37	1073.61	3614.85
-11.48	12.37	1072.67	3510.94
-11.48	12.37	1071.73	3436.19
-11.48	12.37	1070.78	3554.68
-11.48	12.37	1069.84	3548.76
-11.48	12.37	1068.89	3495.2
-11.48	12.37	1067.95	3523.68
-11.48	12.37	1067.0	3650.01
-11.48	12.37	1066.06	3575.31
-11.48	12.37	1065.11	3490.07
-11.48	12.37	1064.16	3460.36
-11.48	12.37	1063.22	3692.33
-11.48	12.37	1062.27	3564.83
-11.48	12.37	1061.33	3606.47
-11.48	12.37	1060.38	3489.59
-11.48	12.37	1059.43	3536.51
-11.48	12.37	1058.49	3538.52
-11.48	12.37	1057.54	3437.56
-11.48	12.37	1056.59	3355.11
-11.48	12.37	1055.65	3515.51
-11.48	12.37	1054.7	3433.08
-11.48	12.37	1053.75	3316.38
-11.48	12.37	1052.8	3384.37
-11.48	12.37	1051.85	3367.94
-11.48	12.37	1050.91	3449.08
-11.48	12.37	1049.96	3277.1
-11.48	12.37	1049.01	3389.86
-11.48	12.37	1048.06	3365.53
-11.48	12.37	1047.11	3362.3
-11.48	12.37	1046.16	3216.79
-11.48	12.37	1045.21	3232.02
-11.48	12.37	1044.27	3239.35
-11.48	12.37	1043.32	3388.86
-11.48	12.37	1042.37	3335.6
-11.48	12.37	1041.42	3206.02
-11.48	12.37	1040.47	3360.72
-11.48	12.37	1039.52	3344.33
-11.48	12.37	1038.57	3254.29
-11.48	12.37	1037.62	3356.29
-11.48	12.37	1036.67	3387.24
-11.48	12.37	1035.71	3260.43
-11.48	12.37	1034.76	3159.95
-11.48	12.37	1033.81	3374.91
-11.48	12.37	1032.86	3392.7
-11.48	12.37	1031.91	3421.0
-11.48	12.37	1030.96	3328.44
-11.48	12.37	1030.01	3438.16
-11.48	12.37	1029.05	3387.65
-11.48	12.37	1028.1	3310.9
-11.48	12.37	1027.15	3357.56
-11.48	12.37	1026.2	3430.45
-11.48	12.37	1025.24	3421.96
-11.48	12.37	1024.29	3274.42
-11.48	12.37	1023.34	3334.17
-11.48	12.37	1022.39	3378.16
-11.48	12.37	1021.43	3419.51
-11.48	12.37	1020.48	3363.84
-11.48	12.37	1019.52	3376.34
-11.48	12.37	1018.57	3349.53
-11.48	12.37	1017.62	3561.19
-11.48	12.37	1016.66	3316.89
-11.48	12.37	1015.71	3447.27
-11.48	12.37	1014.75	3470.23
-11.48	12.37	1013.8	3574.35
-11.48	12.37	1012.84	3424.47
-11.48	12.37	1011.89	3465.74
-11.48	12.37	1010.93	3554.1
-11.48	12.37	1009.98	3537.77
-11.48	12.37	1009.02	3537.13
-11.48	12.37	1008.07	3630.67
-11.48	12.37	1007.11	3582.94
-11.48	12.37	1006.16	3791.48
-11.48	12.37	1005.2	3649.63
-11.48	12.37	1004.24	3777.05
-11.48	12.37	1003.29	3692.75
-11.48	12.37	1002.33	3799.21
-11.48	12.37	1001.37	3741.06
-11.48	12.37	1000.41	3795.24
-11.48	12.37	999.4580000000001	3909.47
-11.48	12.37	998.5	3786.04
-11.48	12.37	997.543	3727.93
-11.48	12.37	996.585	4027.43
-11.48	12.37	995.627	4024.09
-11.48	12.37	994.669	3999.89
-11.48	12.37	993.71	3712.21
-11.48	12.37	992.752	3886.3
-11.48	12.37	991.793	3896.03
-11.48	12.37	990.834	3884.9
-11.48	12.37	989.875	3819.03
-11.48	12.37	988.916	3826.17
-11.48	12.37	987.957	3942.75
-11.48	12.37	986.997	3874.3
-11.48	12.37	986.0369999999999	3772.01
-11.48	12.37	985.078	3826.02
-11.48	12.37	984.118	3846.17
-11.48	12.37	983.1569999999999	3710.09
-11.48	12.37	982.197	3662.57
-11.48	12.37	981.2360000000001	3773.83
-11.48	12.37	980.2760000000001	3770.55
-11.48	12.37	979.315	3686.61
-11.48	12.37	978.3539999999999	3613.12
-11.48	12.37	977.3919999999999	3786.72
-11.48	12.37	976.431	3848.45
-11.48	12.37	975.4689999999999	3655.37
-11.48	12.37	974.508	3579.33
-11.48	12.37	973.546	3796.99
-11.48	12.37	972.584	3801.51
-11.48	12.37	971.6210000000001	3605.97
-11.48	12.37	970.659	3730.01
-11.48	12.37	969.696	3721.54
-11.48	12.37	968.7330000000001	3627.4
-11.48	12.37	967.77	3517.71
-11.48	12.37	966.807	3610.52
-11.48	12.37	965.8439999999999	3788.94
-11.48	12.37	964.88	3546.95
-11.48	12.37	963.9169999999999	3577.44
-11.48	12.37	962.953	3602.74
-11.48	12.37	961.9889999999999	3659.14
-11.48	12.37	961.025	3565.14
-11.48	12.37	960.06	3515.24
-11.48	12.37	959.096	3540.53
-11.48	12.37	958.1310000000001	3558.03
-11.48	12.37	957.166	3319.02
-11.48	12.37	956.201	3440.18
-11.48	12.37	955.2360000000001	3514.67
-11.48	12.37	954.27	3436.35
-11.48	12.37	953.305	3321.81
-11.48	12.37	952.3389999999999	3292.74
-11.48	12.37	951.373	3514.73
-11.48	12.37	950.4069999999999	3495.98
-11.48	12.37	949.441	3391.86
-11.48	12.37	948.4739999999999	3401.6
-11.48	12.37	947.508	3550.99
-11.48	12.37	946.541	3446.92
-11.48	12.37	945.574	3332.54
-11.48	12.37	944.607	3499.96
-11.48	12.37	943.6389999999999	3625.97
-11.48	12.37	942.672	3346.24
-11.48	12.37	941.704	3374.06
-11.48	12.37	940.7360000000001	3593.01
-11.48	12.37	939.768	3638.85
-11.48	12.37	938.8	3524.58
-11.48	12.37	937.832	3482.64
-11.48	12.37	936.863	3556.86
-11.48	12.37	935.8939999999999	3649.13
-11.48	12.37	934.926	3599.45
-11.48	12.37	933.956	3345.98
-11.48	12.37	932.987	3618.78
-11.48	12.37	932.018	3597.5
-11.48	12.37	931.048	3485.98
-11.48	12.37	930.078	3505.97
-11.48	12.37	929.1080000000001	3482.15
-11.48	12.37	928.138	3674.79
-11.48	12.37	927.168	3480.89
-11.48	12.37	926.198	3521.48
-11.48	12.37	925.227	3492.51
-11.48	12.37	924.2560000000001	3561.41
-11.48	12.37	923.285	3524.72
-11.48	12.37	922.314	3426.27
-11.48	12.37	921.3430000000001	3603.24
-11.48	12.37	920.3710000000001	3499.65
-11.48	12.37	919.3989999999999	3447.57
-11.48	12.37	918.427	3570.42
-11.48	12.37	917.455	3487.47
-11.48	12.37	916.4830000000001	3463.7
-11.48	12.37	915.5110000000001	3344.81
-11.48	12.37	914.538	3521.57
-11.48	12.37	913.565	3508.08
-11.48	12.37	912.5930000000001	3484.32
-11.48	12.37	911.6189999999999	3470.85
-11.48	12.37	910.6460000000001	3557.56
-11.48	12.37	909.673	3538.94
-11.48	12.37	908.699	3456.13
-11.48	12.37	907.725	3383.62
-11.48	12.37	906.7510000000001	3493.38
-11.48	12.37	905.7769999999999	3646.73
-11.48	12.37	904.803	3533.17
-11.48	12.37	903.828	3424.79
-11.48	12.37	902.8539999999999	3701.18
-11.48	12.37	901.8789999999999	3587.68
-11.48	12.37	900.904	3463.96
-11.48	12.37	899.928	3606.89
-11.48	12.37	898.953	3724.14
-11.48	12.37	897.977	3795.22
-11.48	12.37	897.002	3635.68
-11.48	12.37	896.0260000000001	3778.48
-11.48	12.37	895.05	3872.56
-11.48	12.37	894.073	3864.17
-11.48	12.37	893.097	3763.62
-11.48	12.37	892.12	3860.22
-11.48	12.37	891.1439999999999	3908.15
-11.48	12.37	890.1669999999999	3761.58
-11.48	12.37	889.189	3742.99
-11.48	12.37	888.212	3806.27
-11.48	12.37	887.235	3808.13
-11.48	12.37	886.257	3523.61
-11.48	12.37	885.279	3622.68
-11.48	12.37	884.301	3596.47
-11.48	12.37	883.323	3767.04
-11.48	12.37	882.3439999999999	3564.5
-11.48	12.37	881.3660000000001	3673.71
-11.48	12.37	880.387	3823.75
-11.48	12.37	879.408	3534.47
-11.48	12.37	878.429	3403.61
-11.48	12.37	877.45	3688.92
-11.48	12.37	876.47	3739.3
-11.48	12.37	875.4910000000001	3804.97
-11.48	12.37	874.5110000000001	3615.47
-11.48	12.37	873.5310000000001	3609.72
-11.48	12.37	872.551	3823.31
-11.48	12.37	871.57	3720.61
-11.48	12.37	870.59	3630.7
-11.48	12.37	869.6089999999999	3737.11
-11.48	12.37	868.628	3662.52
-11.48	12.37	867.6469999999999	3577.76
-11.48	12.37	866.666	3778.39
-11.48	12.37	865.684	3798.09
-11.48	12.37	864.703	3769.38
-11.48	12.37	863.721	3659.2
-11.48	12.37	862.7389999999999	3561.79
-11.48	12.37	861.757	3769.88
-11.48	12.37	860.775	3621.58
-11.48	12.37	859.7919999999999	3557.31
-11.48	12.37	858.81	3691.51
-11.48	12.37	857.827	3688.29
-11.48	12.37	856.8439999999999	3682.54
-11.48	12.37	855.86	3582.7
-11.48	12.37	854.877	3660.86
-11.48	12.37	853.8939999999999	3789.83
-11.48	12.37	852.91	3687.49
-11.48	12.37	851.926	3806.24
-11.48	12.37	850.942	3828.42
-11.48	12.37	849.9580000000001	3703.26
-11.48	12.37	848.9730000000001	3768.62
-11.48	12.37	847.988	3877.11
-11.48	12.37	847.0039999999999	3970.34
-11.48	12.37	846.0189999999999	3979.77
-11.48	12.37	845.034	3816.64
-11.48	12.37	844.048	3881.91
-11.48	12.37	843.063	4023.26
-11.48	12.37	842.077	3923.62
-11.48	12.37	841.091	3717.5
-11.48	12.37	840.105	3770.07
-11.48	12.37	839.1189999999999	3921.48
-11.48	12.37	838.132	3887.82
-11.48	12.37	837.1460000000001	3737.61
-11.48	12.37	836.159	3810.4
-11.48	12.37	835.172	3786.91
-11.48	12.37	834.185	3608.95
-11.48	12.37	833.198	3653.87
-11.48	12.37	832.21	3751.94
-11.48	12.37	831.222	3794.29
-11.48	12.37	830.235	3550.65
-11.48	12.37	829.247	3749.89
-11.48	12.37	828.258	3726.44
-11.48	12.37	827.27	3761.18
-11.48	12.37	826.2810000000001	3659.34
-11.48	12.37	825.293	3689.01
-11.48	12.37	824.304	3814.74
-11.48	12.37	823.315	3710.42
-11.48	12.37	822.325	3474.73
-11.48	12.37	821.336	3878.36
-11.48	12.37	820.346	3779.13
-11.48	12.37	819.3560000000001	3586.49
-11.48	12.37	818.3660000000001	3671.7
-11.48	12.37	817.3760000000001	3787.17
-11.48	12.37	816.3860000000001	3619.87
-11.48	12.37	815.395	3601.55
-11.48	12.37	814.405	3583.23
-11.48	12.37	813.414	3516.98
-11.48	12.37	812.423	3672.73
-11.48	12.37	811.431	3563.62
-11.48	12.37	810.44	3638.62
-11.48	12.37	809.448	3713.59
-11.48	12.37	808.456	3675.1
-11.48	12.37	807.4639999999999	3435.02
-11.48	12.37	806.472	3625.89
-11.48	12.37	805.48	3610.12
-11.48	12.37	804.487	3473.44
-11.48	12.37	803.495	3492.96
-11.48	12.37	802.502	3567.86
-11.48	12.37	801.5089999999999	3544.55
-11.48	12.37	800.5160000000001	3531.32
-11.48	12.37	799.5219999999999	3399.82
-11.48	12.37	798.528	3618.1
-11.48	12.37	797.535	3592.28
-11.48	12.37	796.541	3528.75
-11.48	12.37	795.547	3553.25
-11.48	12.37	794.552	3537.52
-11.48	12.37	793.558	3423.76
-11.48	12.37	792.563	3546.28
-11.48	12.37	791.568	3455.18
-11.48	12.37	790.573	3582.68
-11.48	12.37	789.578	3499.13
-11.48	12.37	788.582	3536.17
-11.48	12.37	787.587	3588.25
-11.48	12.37	786.591	3595.13
-11.48	12.37	785.595	3446.38
-11.48	12.37	784.5989999999999	3533.59
-11.48	12.37	783.602	3723.64
-11.48	12.37	782.6060000000001	3625.12
-11.48	12.37	781.6089999999999	3546.7
-11.48	12.37	780.612	3658.91
-11.48	12.37	779.615	3695.85
-11.48	12.37	778.618	3564.82
-11.48	12.37	777.6210000000001	3591.74
-11.48	12.37	776.623	3809.11
-11.48	12.37	775.625	3803.4
-11.48	12.37	774.627	3607.31
-11.48	12.37	773.6289999999999	3599.14
-11.48	12.37	772.6310000000001	3771.27
-11.48	12.37	771.632	3823.16
-11.48	12.37	770.6339999999999	3689.79
-11.48	12.37	769.635	3801.74
-11.48	12.37	768.6360000000001	3846.09
-11.48	12.37	767.6360000000001	3922.94
-11.48	12.37	766.637	3812.17
-11.48	12.37	765.637	3976.53
-11.48	12.37	764.637	4048.32
-11.48	12.37	763.638	4000.08
-11.48	12.37	762.637	3961.86
-11.48	12.37	761.637	4118.58
-11.48	12.37	760.6360000000001	3990.39
-11.48	12.37	759.6360000000001	3857.26
-11.48	12.37	758.635	3739.16
-11.48	12.37	757.6339999999999	3935.76
-11.48	12.37	756.633	3875.12
-11.48	12.37	755.6310000000001	3876.91
-11.48	12.37	754.6289999999999	3908.65
-11.48	12.37	753.628	4097.59
-11.48	12.37	752.6260000000001	4071.89
-11.48	12.37	751.623	3983.84
-11.48	12.37	750.6210000000001	4282.4
-11.48	12.37	749.6189999999999	4331.49
-11.48	12.37	748.6160000000001	4201.06
-11.48	12.37	747.613	4192.81
-11.48	12.37	746.61	4286.75
-11.48	12.37	745.607	4343.28
-11.48	12.37	744.6030000000001	4038.54
-11.48	12.37	743.5989999999999	4142.42
-11.48	12.37	742.596	4141.66
-11.48	12.37	741.592	4016.4
-11.48	12.37	740.587	3833.93
-11.48	12.37	739.5830000000001	3922.83
-11.48	12.37	738.579	4044.06
-11.48	12.37	737.574	3787.04
-11.48	12.37	736.569	3846.05
-11.48	12.37	735.564	3922.45
-11.48	12.37	734.558	3904.33
-11.48	12.37	733.553	3856.37
-11.48	12.37	732.547	3940.19
-11.48	12.37	731.541	4262.57
-11.48	12.37	730.535	4105.24
-11.48	12.37	729.529	4010.07
-11.48	12.37	728.523	4168.32
-11.48	12.37	727.5160000000001	4122.85
-11.48	12.37	726.5089999999999	4077.4
-11.48	12.37	725.503	3977.35
-11.48	12.37	724.495	4018.82
-11.48	12.37	723.488	4037.93
-11.48	12.37	722.4810000000001	3858.54
-11.48	12.37	721.4730000000001	3872.71
-11.48	12.37	720.465	3948.9
-11.48	12.37	719.457	3950.66
-11.48	12.37	718.449	3825.95
-11.48	12.37	717.44	3758.32
-11.48	12.37	716.432	3869.17
-11.48	12.37	715.423	3749.51
-11.48	12.37	714.414	3699.26
-11.48	12.37	713.405	3837.31
-11.48	12.37	712.395	3829.18
-11.48	12.37	711.3860000000001	3771.52
-11.48	12.37	710.3760000000001	3691.6
-11.48	12.37	709.3660000000001	3950.85
-11.48	12.37	708.3560000000001	3870.92
-11.48	12.37	707.346	3766.28
-11.48	12.37	706.335	3871.98
-11.48	12.37	705.325	4064.21
-11.48	12.37	704.314	3954.65
-11.48	12.37	703.303	3741.26
-11.48	12.37	702.2919999999999	3888.92
-11.48	12.37	701.28	3898.09
-11.48	12.37	700.2689999999999	3813.35
-11.48	12.37	699.257	3659.45
-11.48	12.37	698.245	3957.71
-11.48	12.37	697.2330000000001	3789.02
-11.48	12.37	696.22	3699.42
-11.48	12.37	695.2080000000001	3666.64
-11.48	12.37	694.195	3769.65
-11.48	12.37	693.182	3781.3
-11.48	12.37	692.169	3684.36
-11.48	12.37	691.1560000000001	3703.43
-11.48	12.37	690.143	3890.23
-11.48	12.37	689.1289999999999	3618.21
-11.48	12.37	688.115	3624.94
-11.48	12.37	687.1010000000001	3747.55
-11.48	12.37	686.087	3852.86
-11.48	12.37	685.073	3625.41
-11.48	12.37	684.058	3770.13
-11.48	12.37	683.043	3843.35
-11.48	12.37	682.028	3781.06
-11.48	12.37	681.013	3630.14
-11.48	12.37	679.998	3750.12
-11.48	12.37	678.9830000000001	3902.07
-11.48	12.37	677.967	3669.98
-11.48	12.37	676.951	3605.32
-11.48	12.37	675.935	3705.54
-11.48	12.37	674.919	3768.82
-11.48	12.37	673.9019999999999	3492.65
-11.48	12.37	672.8860000000001	3560.86
-11.48	12.37	671.8689999999999	3646.26
-11.48	12.37	670.852	3608.72
-11.48	12.37	669.835	3475.33
-11.48	12.37	668.817	3624.59
-11.48	12.37	667.8	3709.92
-11.48	12.37	666.7819999999999	3556.94
-11.48	12.37	665.7639999999999	3529.27
-11.48	12.37	664.7460000000001	3634.21
-11.48	12.37	663.7280000000001	3616.35
-11.48	12.37	662.709	3586.23
-11.48	12.37	661.691	3546.3
-11.48	12.37	660.672	3695.33
-11.48	12.37	659.653	3675.02
-11.48	12.37	658.6339999999999	3617.93
-11.48	12.37	657.6139999999999	3658.96
-11.48	12.37	656.595	3839.73
-11.48	12.37	655.575	3564.45
-11.48	12.37	654.555	3588.31
-11.48	12.37	653.535	3825.35
-11.48	12.37	652.514	3687.44
-11.48	12.37	651.494	3674.51
-11.48	12.37	650.4730000000001	3678.74
-11.48	12.37	649.452	3957.22
-11.48	12.37	648.431	3731.24
-11.48	12.37	647.41	3647.33
-11.48	12.37	646.388	3756.79
-11.48	12.37	645.366	3939.62
-11.48	12.37	644.345	3792.11
-11.48	12.37	643.323	3593.28
-11.48	12.37	642.3	4030.38
-11.48	12.37	641.278	4012.52
-11.48	12.37	640.255	3759.98
-11.48	12.37	639.232	3881.5
-11.48	12.37	638.2090000000001	4017.63
-11.48	12.37	637.186	3821.42
-11.48	12.37	636.163	3732.78
-11.48	12.37	635.139	3959.24
-11.48	12.37	634.116	4046.42
-11.48	12.37	633.092	3808.84
-11.48	12.37	632.068	3756.88
-11.48	12.37	631.043	3958.76
-11.48	12.37	630.019	3828.7
-11.48	12.37	628.994	3676.73
-11.48	12.37	627.969	3788.26
-11.48	12.37	626.944	3872.92
-11.48	12.37	625.919	3752.72
-11.48	12.37	624.893	3581.37
-11.48	12.37	623.868	3661.15
-11.48	12.37	622.842	3662.91
-11.48	12.37	621.816	3569.64
-11.48	12.37	620.79	3505.64
-11.48	12.37	619.763	3656.01
-11.48	12.37	618.737	3555.49
-11.48	12.37	617.71	3418.48
-11.48	12.37	616.683	3466.54
-11.48	12.37	615.656	3543.79
-11.48	12.37	614.629	3453.09
-11.48	12.37	613.601	3488.95
-11.48	12.37	612.573	3551.55
-11.48	12.37	611.545	3553.33
-11.48	12.37	610.5169999999999	3353.28
-11.48	12.37	609.489	3442.61
-11.48	12.37	608.461	3536.78
-11.48	12.37	607.432	3550.7
-11.48	12.37	606.403	3440.7
-11.48	12.37	605.374	3614.99
-11.48	12.37	604.345	3665.33
-11.48	12.37	603.315	3399.94
-11.48	12.37	602.286	3457.59
-11.48	12.37	601.256	3544.34
-11.48	12.37	600.226	3480.58
