-11.48	20.37	1799.66	2118.01
-11.48	20.37	1798.84	2077.93
-11.48	20.37	1798.03	2089.8
-11.48	20.37	1797.21	2187.19
-11.48	20.37	1796.39	2110.47
-11.48	20.37	1795.57	2158.97
-11.48	20.37	1794.75	2103.65
-11.48	20.37	1793.93	2167.4
-11.48	20.37	1793.11	2267.76
-11.48	20.37	1792.29	2148.36
-11.48	20.37	1791.47	2181.56
-11.48	20.37	1790.65	2208.65
-11.48	20.37	1789.84	2189.97
-11.48	20.37	1789.02	2220.1
-11.48	20.37	1788.2	2119.1
-11.48	20.37	1787.38	2204.11
-11.48	20.37	1786.56	2337.85
-11.48	20.37	1785.73	2197.27
-11.48	20.37	1784.91	2166.43
-11.48	20.37	1784.09	2226.99
-11.48	20.37	1783.27	2260.12
-11.48	20.37	1782.45	2256.69
-11.48	20.37	1781.63	2177.14
-11.48	20.37	1780.81	2207.22
-11.48	20.37	1779.99	2194.67
-11.48	20.37	1779.17	2246.04
-11.48	20.37	1778.35	2300.43
-11.48	20.37	1777.52	2196.6
-11.48	20.37	1776.7	2177.98
-11.48	20.37	1775.88	2268.85
-11.48	20.37	1775.06	2320.16
-11.48	20.37	1774.24	2289.36
-11.48	20.37	1773.41	2252.5
-11.48	20.37	1772.59	2325.06
-11.48	20.37	1771.77	2330.74
-11.48	20.37	1770.95	2339.46
-11.48	20.37	1770.12	2287.43
-11.48	20.37	1769.3	2271.85
-11.48	20.37	1768.48	2265.4
-11.48	20.37	1767.65	2371.28
-11.48	20.37	1766.83	2270.7
-11.48	20.37	1766.01	2291.56
-11.48	20.37	1765.18	2272.97
-11.48	20.37	1764.36	2324.16
-11.48	20.37	1763.53	2536.12
-11.48	20.37	1762.71	2302.14
-11.48	20.37	1761.88	2250.2
-11.48	20.37	1761.06	2316.52
-11.48	20.37	1760.24	2431.33
-11.48	20.37	1759.41	2376.36
-11.48	20.37	1758.59	2330.5
-11.48	20.37	1757.76	2384.65
-11.48	20.37	1756.94	2369.1
-11.48	20.37	1756.11	2456.54
-11.48	20.37	1755.28	2319.84
-11.48	20.37	1754.46	2334.58
-11.48	20.37	1753.63	2313.0
-11.48	20.37	1752.81	2473.03
-11.48	20.37	1751.98	2469.59
-11.48	20.37	1751.16	2435.88
-11.48	20.37	1750.33	2423.37
-11.48	20.37	1749.5	2486.48
-11.48	20.37	1748.68	2549.57
-11.48	20.37	1747.85	2527.98
-11.48	20.37	1747.02	2364.28
-11.48	20.37	1746.2	2421.32
-11.48	20.37	1745.37	2493.44
-11.48	20.37	1744.54	2520.22
-11.48	20.37	1743.71	2498.64
-11.48	20.37	1742.89	2585.82
-11.48	20.37	1742.06	2588.4
-11.48	20.37	1741.23	2533.61
-11.48	20.37	1740.4	2626.78
-11.48	20.37	1739.57	2550.86
-11.48	20.37	1738.75	2508.17
-11.48	20.37	1737.92	2661.65
-11.48	20.37	1737.09	2591.81
-11.48	20.37	1736.26	2531.03
-11.48	20.37	1735.43	2527.59
-11.48	20.37	1734.6	2590.49
-11.48	20.37	1733.77	2635.27
-11.48	20.37	1732.94	2541.37
-11.48	20.37	1732.11	2489.7
-11.48	20.37	1731.28	2597.77
-11.48	20.37	1730.45	2567.2
-11.48	20.37	1729.62	2654.13
-11.48	20.37	1728.8	2641.63
-11.48	20.37	1727.96	2556.86
-11.48	20.37	1727.13	2658.8
-11.48	20.37	1726.3	2652.33
-11.48	20.37	1725.47	2606.73
-11.48	20.37	1724.64	2561.14
-11.48	20.37	1723.81	2747.27
-11.48	20.37	1722.98	2782.9
-11.48	20.37	1722.15	2743.32
-11.48	20.37	1721.32	2709.78
-11.48	20.37	1720.49	2640.15
-11.48	20.37	1719.66	2784.02
-11.48	20.37	1718.82	2813.61
-11.48	20.37	1717.99	2756.02
-11.48	20.37	1717.16	2659.4
-11.48	20.37	1716.33	2767.11
-11.48	20.37	1715.5	2793.67
-11.48	20.37	1714.66	2847.26
-11.48	20.37	1713.83	2798.73
-11.48	20.37	1713.0	2723.19
-11.48	20.37	1712.17	2773.76
-11.48	20.37	1711.33	2947.37
-11.48	20.37	1710.5	2850.84
-11.48	20.37	1709.67	2841.36
-11.48	20.37	1708.83	2840.87
-11.48	20.37	1708.0	2957.36
-11.48	20.37	1707.17	2896.88
-11.48	20.37	1706.33	2884.4
-11.48	20.37	1705.5	2949.86
-11.48	20.37	1704.66	3081.24
-11.48	20.37	1703.83	3098.7
-11.48	20.37	1703.0	2840.49
-11.48	20.37	1702.16	2974.82
-11.48	20.37	1701.33	3127.07
-11.48	20.37	1700.49	3228.36
-11.48	20.37	1699.66	3099.06
-11.48	20.37	1698.82	2993.75
-11.48	20.37	1697.99	3092.02
-11.48	20.37	1697.15	3256.09
-11.48	20.37	1696.32	3189.71
-11.48	20.37	1695.48	3078.47
-11.48	20.37	1694.64	3113.84
-11.48	20.37	1693.81	3200.04
-11.48	20.37	1692.97	3256.31
-11.48	20.37	1692.14	3127.2
-11.48	20.37	1691.3	3261.18
-11.48	20.37	1690.46	3245.68
-11.48	20.37	1689.63	3325.81
-11.48	20.37	1688.79	3289.39
-11.48	20.37	1687.95	3273.9
-11.48	20.37	1687.12	3261.39
-11.48	20.37	1686.28	3419.1
-11.48	20.37	1685.44	3475.25
-11.48	20.37	1684.6	3337.34
-11.48	20.37	1683.77	3366.62
-11.48	20.37	1682.93	3428.71
-11.48	20.37	1682.09	3446.03
-11.48	20.37	1681.25	3445.44
-11.48	20.37	1680.41	3304.67
-11.48	20.37	1679.58	3375.68
-11.48	20.37	1678.74	3467.53
-11.48	20.37	1677.9	3529.54
-11.48	20.37	1677.06	3412.7
-11.48	20.37	1676.22	3483.64
-11.48	20.37	1675.38	3408.56
-11.48	20.37	1674.54	3604.59
-11.48	20.37	1673.7	3550.36
-11.48	20.37	1672.86	3505.09
-11.48	20.37	1672.02	3608.7
-11.48	20.37	1671.18	3575.34
-11.48	20.37	1670.34	3708.67
-11.48	20.37	1669.5	3743.75
-11.48	20.37	1668.66	3630.05
-11.48	20.37	1667.82	3569.93
-11.48	20.37	1666.98	3807.27
-11.48	20.37	1666.14	3770.94
-11.48	20.37	1665.3	3797.06
-11.48	20.37	1664.46	3674.52
-11.48	20.37	1663.62	3941.41
-11.48	20.37	1662.78	3830.78
-11.48	20.37	1661.94	3827.15
-11.48	20.37	1661.1	3728.46
-11.48	20.37	1660.25	3911.99
-11.48	20.37	1659.41	4086.54
-11.48	20.37	1658.57	3970.04
-11.48	20.37	1657.73	3901.08
-11.48	20.37	1656.89	4126.01
-11.48	20.37	1656.04	4241.05
-11.48	20.37	1655.2	4186.91
-11.48	20.37	1654.36	4147.63
-11.48	20.37	1653.52	3983.77
-11.48	20.37	1652.67	4205.53
-11.48	20.37	1651.83	4498.38
-11.48	20.37	1650.99	4346.4
-11.48	20.37	1650.14	4158.91
-11.48	20.37	1649.3	4341.96
-11.48	20.37	1648.46	4406.41
-11.48	20.37	1647.61	4325.66
-11.48	20.37	1646.77	4191.62
-11.48	20.37	1645.92	4223.48
-11.48	20.37	1645.08	4406.36
-11.48	20.37	1644.24	4571.41
-11.48	20.37	1643.39	4612.07
-11.48	20.37	1642.55	4593.52
-11.48	20.37	1641.7	4646.0
-11.48	20.37	1640.86	4796.11
-11.48	20.37	1640.01	4801.2
-11.48	20.37	1639.17	4714.61
-11.48	20.37	1638.32	4911.94
-11.48	20.37	1637.48	4940.66
-11.48	20.37	1636.63	5247.26
-11.48	20.37	1635.78	4950.8
-11.48	20.37	1634.94	5041.56
-11.48	20.37	1634.09	5291.85
-11.48	20.37	1633.25	5344.12
-11.48	20.37	1632.4	5484.98
-11.48	20.37	1631.55	5321.62
-11.48	20.37	1630.71	5571.69
-11.48	20.37	1629.86	5617.97
-11.48	20.37	1629.01	5915.13
-11.48	20.37	1628.16	5627.85
-11.48	20.37	1627.32	5806.88
-11.48	20.37	1626.47	5982.89
-11.48	20.37	1625.62	5996.62
-11.48	20.37	1624.77	6057.52
-11.48	20.37	1623.93	6044.69
-11.48	20.37	1623.08	6205.81
-11.48	20.37	1622.23	6464.14
-11.48	20.37	1621.38	6392.3
-11.48	20.37	1620.53	6123.06
-11.48	20.37	1619.69	6195.67
-11.48	20.37	1618.84	6618.77
-11.48	20.37	1617.99	6594.08
-11.48	20.37	1617.14	6386.83
-11.48	20.37	1616.29	6547.66
-11.48	20.37	1615.44	6634.85
-11.48	20.37	1614.59	6754.38
-11.48	20.37	1613.74	6676.71
-11.48	20.37	1612.89	6707.93
-11.48	20.37	1612.04	6871.51
-11.48	20.37	1611.19	7114.44
-11.48	20.37	1610.34	7083.82
-11.48	20.37	1609.49	6965.0
-11.48	20.37	1608.64	6893.26
-11.48	20.37	1607.79	7309.43
-11.48	20.37	1606.94	7161.25
-11.48	20.37	1606.09	7227.6
-11.48	20.37	1605.24	6950.23
-11.48	20.37	1604.39	7269.17
-11.48	20.37	1603.54	7417.69
-11.48	20.37	1602.68	7384.12
-11.48	20.37	1601.83	7280.12
-11.48	20.37	1600.98	7425.62
-11.48	20.37	1600.13	7532.92
-11.48	20.37	1599.28	7534.57
-11.48	20.37	1598.42	7480.47
-11.48	20.37	1597.57	7455.72
-11.48	20.37	1596.72	7756.49
-11.48	20.37	1595.87	7787.42
-11.48	20.37	1595.01	7431.37
-11.48	20.37	1594.16	7356.82
-11.48	20.37	1593.31	7540.18
-11.48	20.37	1592.45	7609.21
-11.48	20.37	1591.6	7651.84
-11.48	20.37	1590.75	7509.94
-11.48	20.37	1589.89	7397.37
-11.48	20.37	1589.04	7609.84
-11.48	20.37	1588.19	7819.32
-11.48	20.37	1587.33	7475.52
-11.48	20.37	1586.48	7401.07
-11.48	20.37	1585.62	7630.95
-11.48	20.37	1584.77	7691.08
-11.48	20.37	1583.91	7619.56
-11.48	20.37	1583.06	7550.99
-11.48	20.37	1582.2	7631.56
-11.48	20.37	1581.35	7872.9
-11.48	20.37	1580.49	7772.17
-11.48	20.37	1579.64	7496.12
-11.48	20.37	1578.78	7696.45
-11.48	20.37	1577.93	7712.66
-11.48	20.37	1577.07	8029.72
-11.48	20.37	1576.21	7663.28
-11.48	20.37	1575.36	7746.65
-11.48	20.37	1574.5	8048.94
-11.48	20.37	1573.65	7910.37
-11.48	20.37	1572.79	7917.76
-11.48	20.37	1571.93	7960.17
-11.48	20.37	1571.08	8186.37
-11.48	20.37	1570.22	8319.14
-11.48	20.37	1569.36	8291.46
-11.48	20.37	1568.5	8050.93
-11.48	20.37	1567.65	8291.53
-11.48	20.37	1566.79	8771.07
-11.48	20.37	1565.93	8842.42
-11.48	20.37	1565.07	8753.48
-11.48	20.37	1564.21	8559.69
-11.48	20.37	1563.36	8925.25
-11.48	20.37	1562.5	9107.2
-11.48	20.37	1561.64	8846.47
-11.48	20.37	1560.78	8769.25
-11.48	20.37	1559.92	8860.9
-11.48	20.37	1559.06	8795.34
-11.48	20.37	1558.2	8857.85
-11.48	20.37	1557.34	8620.66
-11.48	20.37	1556.49	8296.29
-11.48	20.37	1555.63	8894.0
-11.48	20.37	1554.77	8837.22
-11.48	20.37	1553.91	8608.92
-11.48	20.37	1553.05	8430.11
-11.48	20.37	1552.19	8434.47
-11.48	20.37	1551.33	8639.34
-11.48	20.37	1550.47	8478.06
-11.48	20.37	1549.6	8247.11
-11.48	20.37	1548.74	8219.55
-11.48	20.37	1547.88	8572.42
-11.48	20.37	1547.02	8422.87
-11.48	20.37	1546.16	8232.73
-11.48	20.37	1545.3	8155.85
-11.48	20.37	1544.44	8386.6
-11.48	20.37	1543.58	8466.39
-11.48	20.37	1542.71	7957.27
-11.48	20.37	1541.85	8005.21
-11.48	20.37	1540.99	8206.83
-11.48	20.37	1540.13	8231.51
-11.48	20.37	1539.27	8041.66
-11.48	20.37	1538.4	7846.08
-11.48	20.37	1537.54	8154.81
-11.48	20.37	1536.68	8304.07
-11.48	20.37	1535.81	8070.88
-11.48	20.37	1534.95	8046.32
-11.48	20.37	1534.09	8013.08
-11.48	20.37	1533.23	8283.87
-11.48	20.37	1532.36	8218.75
-11.48	20.37	1531.5	8084.19
-11.48	20.37	1530.63	8001.77
-11.48	20.37	1529.77	8292.63
-11.48	20.37	1528.91	8250.7
-11.48	20.37	1528.04	8200.1
-11.48	20.37	1527.18	7918.17
-11.48	20.37	1526.31	8061.38
-11.48	20.37	1525.45	8273.92
-11.48	20.37	1524.58	8194.45
-11.48	20.37	1523.72	7932.94
-11.48	20.37	1522.85	7868.01
-11.48	20.37	1521.99	8057.32
-11.48	20.37	1521.12	8119.48
-11.48	20.37	1520.26	7745.53
-11.48	20.37	1519.39	7851.03
-11.48	20.37	1518.52	7892.98
-11.48	20.37	1517.66	7943.57
-11.48	20.37	1516.79	7777.7
-11.48	20.37	1515.93	7692.68
-11.48	20.37	1515.06	7968.31
-11.48	20.37	1514.19	8134.24
-11.48	20.37	1513.33	7818.48
-11.48	20.37	1512.46	7577.8
-11.48	20.37	1511.59	7786.95
-11.48	20.37	1510.72	7808.67
-11.48	20.37	1509.86	7945.66
-11.48	20.37	1508.99	7742.58
-11.48	20.37	1508.12	7680.74
-11.48	20.37	1507.25	7656.37
-11.48	20.37	1506.38	7683.85
-11.48	20.37	1505.52	7503.99
-11.48	20.37	1504.65	7436.48
-11.48	20.37	1503.78	7593.52
-11.48	20.37	1502.91	7923.18
-11.48	20.37	1502.04	7662.83
-11.48	20.37	1501.17	7491.76
-11.48	20.37	1500.3	7312.12
-11.48	20.37	1499.44	7742.27
-11.48	20.37	1498.57	7559.77
-11.48	20.37	1497.7	7420.46
-11.48	20.37	1496.83	7266.83
-11.48	20.37	1495.96	7659.32
-11.48	20.37	1495.09	7344.78
-11.48	20.37	1494.22	7208.47
-11.48	20.37	1493.35	7034.88
-11.48	20.37	1492.48	7340.97
-11.48	20.37	1491.61	7233.45
-11.48	20.37	1490.73	6988.16
-11.48	20.37	1489.86	6786.01
-11.48	20.37	1488.99	6833.63
-11.48	20.37	1488.12	6921.41
-11.48	20.37	1487.25	6882.91
-11.48	20.37	1486.38	6744.03
-11.48	20.37	1485.51	6737.13
-11.48	20.37	1484.63	6893.68
-11.48	20.37	1483.76	6800.74
-11.48	20.37	1482.89	6616.1
-11.48	20.37	1482.02	6612.09
-11.48	20.37	1481.15	6662.53
-11.48	20.37	1480.27	6793.17
-11.48	20.37	1479.4	6505.54
-11.48	20.37	1478.53	6618.97
-11.48	20.37	1477.65	6660.78
-11.48	20.37	1476.78	6782.75
-11.48	20.37	1475.91	6618.4
-11.48	20.37	1475.03	6353.94
-11.48	20.37	1474.16	6576.05
-11.48	20.37	1473.29	6666.47
-11.48	20.37	1472.41	6665.31
-11.48	20.37	1471.54	6452.51
-11.48	20.37	1470.67	6531.46
-11.48	20.37	1469.79	6667.57
-11.48	20.37	1468.92	6583.51
-11.48	20.37	1468.04	6659.54
-11.48	20.37	1467.17	6418.35
-11.48	20.37	1466.29	6691.52
-11.48	20.37	1465.42	6796.06
-11.48	20.37	1464.54	6706.34
-11.48	20.37	1463.67	6688.05
-11.48	20.37	1462.79	6624.07
-11.48	20.37	1461.91	6640.06
-11.48	20.37	1461.04	6684.57
-11.48	20.37	1460.16	6683.41
-11.48	20.37	1459.29	6636.6
-11.48	20.37	1458.41	6966.37
-11.48	20.37	1457.53	6953.76
-11.48	20.37	1456.66	6895.52
-11.48	20.37	1455.78	6797.38
-11.48	20.37	1454.9	7089.83
-11.48	20.37	1454.03	7094.3
-11.48	20.37	1453.15	7058.87
-11.48	20.37	1452.27	7071.89
-11.48	20.37	1451.39	7161.83
-11.48	20.37	1450.52	7354.27
-11.48	20.37	1449.64	7233.39
-11.48	20.37	1448.76	7195.12
-11.48	20.37	1447.88	7333.36
-11.48	20.37	1447.0	7448.79
-11.48	20.37	1446.13	7450.34
-11.48	20.37	1445.25	7431.98
-11.48	20.37	1444.37	7311.21
-11.48	20.37	1443.49	7679.7
-11.48	20.37	1442.61	7672.68
-11.48	20.37	1441.73	7455.26
-11.48	20.37	1440.85	7371.52
-11.48	20.37	1439.97	7606.16
-11.48	20.37	1439.09	7746.93
-11.48	20.37	1438.21	7478.5
-11.48	20.37	1437.33	7244.25
-11.48	20.37	1436.45	7464.54
-11.48	20.37	1435.57	7429.17
-11.48	20.37	1434.69	7300.1
-11.48	20.37	1433.81	7165.41
-11.48	20.37	1432.93	7189.71
-11.48	20.37	1432.05	7256.57
-11.48	20.37	1431.17	7150.32
-11.48	20.37	1430.29	6944.82
-11.48	20.37	1429.41	7000.35
-11.48	20.37	1428.52	7098.39
-11.48	20.37	1427.64	7051.79
-11.48	20.37	1426.76	7061.9
-11.48	20.37	1425.88	7001.15
-11.48	20.37	1425.0	7249.33
-11.48	20.37	1424.11	7120.56
-11.48	20.37	1423.23	7040.0
-11.48	20.37	1422.35	6860.33
-11.48	20.37	1421.47	7031.89
-11.48	20.37	1420.58	7104.29
-11.48	20.37	1419.7	6964.33
-11.48	20.37	1418.82	6634.78
-11.48	20.37	1417.93	7024.17
-11.48	20.37	1417.05	7068.22
-11.48	20.37	1416.17	6942.51
-11.48	20.37	1415.28	6853.62
-11.48	20.37	1414.4	6917.48
-11.48	20.37	1413.51	6907.79
-11.48	20.37	1412.63	6971.61
-11.48	20.37	1411.75	6600.12
-11.48	20.37	1410.86	6675.27
-11.48	20.37	1409.98	6866.25
-11.48	20.37	1409.09	6822.68
-11.48	20.37	1408.21	6750.88
-11.48	20.37	1407.32	6696.05
-11.48	20.37	1406.44	6875.59
-11.48	20.37	1405.55	7080.49
-11.48	20.37	1404.66	6836.51
-11.48	20.37	1403.78	6733.72
-11.48	20.37	1402.89	6997.79
-11.48	20.37	1402.01	7027.6
-11.48	20.37	1401.12	6854.32
-11.48	20.37	1400.23	6858.76
-11.48	20.37	1399.35	6877.31
-11.48	20.37	1398.46	6991.7
-11.48	20.37	1397.57	7044.04
-11.48	20.37	1396.69	6817.35
-11.48	20.37	1395.8	6909.15
-11.48	20.37	1394.91	7186.86
-11.48	20.37	1394.02	7072.93
-11.48	20.37	1393.14	6863.3
-11.48	20.37	1392.25	7033.86
-11.48	20.37	1391.36	7091.76
-11.48	20.37	1390.47	7279.12
-11.48	20.37	1389.58	6965.46
-11.48	20.37	1388.7	7031.78
-11.48	20.37	1387.81	7345.65
-11.48	20.37	1386.92	7406.25
-11.48	20.37	1386.03	7188.41
-11.48	20.37	1385.14	7187.16
-11.48	20.37	1384.25	7295.55
-11.48	20.37	1383.36	7583.8
-11.48	20.37	1382.47	7388.56
-11.48	20.37	1381.58	7288.92
-11.48	20.37	1380.69	7551.74
-11.48	20.37	1379.8	7704.91
-11.48	20.37	1378.91	7470.47
-11.48	20.37	1378.02	7429.86
-11.48	20.37	1377.13	7479.09
-11.48	20.37	1376.24	7803.4
-11.48	20.37	1375.35	7580.33
-11.48	20.37	1374.46	7368.55
-11.48	20.37	1373.57	7622.57
-11.48	20.37	1372.68	7789.54
-11.48	20.37	1371.78	7855.49
-11.48	20.37	1370.89	7534.46
-11.48	20.37	1370.0	7692.95
-11.48	20.37	1369.11	7789.71
-11.48	20.37	1368.22	7945.3
-11.48	20.37	1367.33	7817.82
-11.48	20.37	1366.43	7712.79
-11.48	20.37	1365.54	7871.11
-11.48	20.37	1364.65	8158.2
-11.48	20.37	1363.76	7960.77
-11.48	20.37	1362.86	7771.8
-11.48	20.37	1361.97	8198.72
-11.48	20.37	1361.08	8230.87
-11.48	20.37	1360.18	8176.27
-11.48	20.37	1359.29	7923.05
-11.48	20.37	1358.4	8184.6
-11.48	20.37	1357.5	8507.59
-11.48	20.37	1356.61	8665.49
-11.48	20.37	1355.71	8146.76
-11.48	20.37	1354.82	8304.67
-11.48	20.37	1353.92	8540.77
-11.48	20.37	1353.03	8522.52
-11.48	20.37	1352.13	8280.76
-11.48	20.37	1351.24	8329.59
-11.48	20.37	1350.34	8766.61
-11.48	20.37	1349.45	8812.55
-11.48	20.37	1348.55	8598.83
-11.48	20.37	1347.66	8714.56
-11.48	20.37	1346.76	8701.88
-11.48	20.37	1345.87	8697.56
-11.48	20.37	1344.97	8676.51
-11.48	20.37	1344.07	8560.63
-11.48	20.37	1343.18	8963.53
-11.48	20.37	1342.28	9001.0
-11.48	20.37	1341.38	8985.48
-11.48	20.37	1340.49	8772.07
-11.48	20.37	1339.59	9024.15
-11.48	20.37	1338.69	9446.11
-11.48	20.37	1337.8	9174.22
-11.48	20.37	1336.9	8960.92
-11.48	20.37	1336.0	9226.71
-11.48	20.37	1335.1	9542.53
-11.48	20.37	1334.2	9217.91
-11.48	20.37	1333.31	9124.44
-11.48	20.37	1332.41	9362.19
-11.48	20.37	1331.51	9455.16
-11.48	20.37	1330.61	9478.54
-11.48	20.37	1329.71	9129.19
-11.48	20.37	1328.81	9147.06
-11.48	20.37	1327.91	9342.88
-11.48	20.37	1327.02	9452.45
-11.48	20.37	1326.12	9197.85
-11.48	20.37	1325.22	8973.9
-11.48	20.37	1324.32	9133.5
-11.48	20.37	1323.42	9320.81
-11.48	20.37	1322.52	8885.86
-11.48	20.37	1321.62	8662.13
-11.48	20.37	1320.72	8996.59
-11.48	20.37	1319.82	9089.41
-11.48	20.37	1318.91	8801.92
-11.48	20.37	1318.01	8442.36
-11.48	20.37	1317.11	8696.17
-11.48	20.37	1316.21	8786.19
-11.48	20.37	1315.31	8665.38
-11.48	20.37	1314.41	8325.52
-11.48	20.37	1313.51	8520.93
-11.48	20.37	1312.61	8594.29
-11.48	20.37	1311.7	8451.42
-11.48	20.37	1310.8	8233.77
-11.48	20.37	1309.9	8229.56
-11.48	20.37	1309.0	8651.99
-11.48	20.37	1308.09	8423.34
-11.48	20.37	1307.19	8288.93
-11.48	20.37	1306.29	8326.24
-11.48	20.37	1305.39	8385.68
-11.48	20.37	1304.48	8472.79
-11.48	20.37	1303.58	8031.27
-11.48	20.37	1302.68	8248.46
-11.48	20.37	1301.77	8249.78
-11.48	20.37	1300.87	8204.07
-11.48	20.37	1299.96	8083.72
-11.48	20.37	1299.06	8367.1
-11.48	20.37	1298.16	8357.34
-11.48	20.37	1297.25	8449.85
-11.48	20.37	1296.35	8064.23
-11.48	20.37	1295.44	8040.71
-11.48	20.37	1294.54	8252.02
-11.48	20.37	1293.63	8457.73
-11.48	20.37	1292.73	8169.04
-11.48	20.37	1291.82	8035.06
-11.48	20.37	1290.92	8309.72
-11.48	20.37	1290.01	8330.35
-11.48	20.37	1289.1	8044.63
-11.48	20.37	1288.2	7985.28
-11.48	20.37	1287.29	8108.02
-11.48	20.37	1286.39	8236.23
-11.48	20.37	1285.48	7992.1
-11.48	20.37	1284.57	7601.92
-11.48	20.37	1283.67	7818.37
-11.48	20.37	1282.76	8001.67
-11.48	20.37	1281.85	7879.01
-11.48	20.37	1280.94	7478.1
-11.48	20.37	1280.04	7534.64
-11.48	20.37	1279.13	7646.24
-11.48	20.37	1278.22	7622.87
-11.48	20.37	1277.31	7412.27
-11.48	20.37	1276.41	7700.03
-11.48	20.37	1275.5	7695.92
-11.48	20.37	1274.59	7589.99
-11.48	20.37	1273.68	7393.3
-11.48	20.37	1272.77	7524.05
-11.48	20.37	1271.86	7607.99
-11.48	20.37	1270.95	7680.91
-11.48	20.37	1270.04	7401.85
-11.48	20.37	1269.13	7452.78
-11.48	20.37	1268.23	7569.66
-11.48	20.37	1267.32	7631.54
-11.48	20.37	1266.41	7404.89
-11.48	20.37	1265.5	7483.26
-11.48	20.37	1264.59	7564.34
-11.48	20.37	1263.67	7823.9
-11.48	20.37	1262.76	7542.46
-11.48	20.37	1261.85	7414.85
-11.48	20.37	1260.94	7795.07
-11.48	20.37	1260.03	7936.4
-11.48	20.37	1259.12	7627.7
-11.48	20.37	1258.21	7379.46
-11.48	20.37	1257.3	7943.18
-11.48	20.37	1256.39	7919.84
-11.48	20.37	1255.47	7904.74
-11.48	20.37	1254.56	7960.92
-11.48	20.37	1253.65	8466.58
-11.48	20.37	1252.74	8426.72
-11.48	20.37	1251.83	8430.72
-11.48	20.37	1250.91	8525.11
-11.48	20.37	1250.0	8846.81
-11.48	20.37	1249.09	8790.48
-11.48	20.37	1248.17	8704.06
-11.48	20.37	1247.26	8874.99
-11.48	20.37	1246.35	8917.22
-11.48	20.37	1245.43	9036.05
-11.48	20.37	1244.52	8574.8
-11.48	20.37	1243.61	8488.49
-11.48	20.37	1242.69	8755.04
-11.48	20.37	1241.78	8521.05
-11.48	20.37	1240.86	8114.9
-11.48	20.37	1239.95	7927.58
-11.48	20.37	1239.03	8068.31
-11.48	20.37	1238.12	8075.08
-11.48	20.37	1237.2	7715.74
-11.48	20.37	1236.29	7648.82
-11.48	20.37	1235.37	7535.49
-11.48	20.37	1234.46	7635.2
-11.48	20.37	1233.54	7399.05
-11.48	20.37	1232.63	7266.72
-11.48	20.37	1231.71	7208.12
-11.48	20.37	1230.8	7234.14
-11.48	20.37	1229.88	7202.85
-11.48	20.37	1228.96	7027.0
-11.48	20.37	1228.05	6979.39
-11.48	20.37	1227.13	7218.13
-11.48	20.37	1226.21	7026.01
-11.48	20.37	1225.3	6997.51
-11.48	20.37	1224.38	6786.41
-11.48	20.37	1223.46	6896.94
-11.48	20.37	1222.54	6784.02
-11.48	20.37	1221.63	6447.76
-11.48	20.37	1220.71	6462.97
-11.48	20.37	1219.79	6578.92
-11.48	20.37	1218.87	6498.8
-11.48	20.37	1217.95	6247.22
-11.48	20.37	1217.03	6273.34
-11.48	20.37	1216.12	6427.33
-11.48	20.37	1215.2	6276.56
-11.48	20.37	1214.28	6147.61
-11.48	20.37	1213.36	6141.08
-11.48	20.37	1212.44	6123.68
-11.48	20.37	1211.52	6418.94
-11.48	20.37	1210.6	6116.08
-11.48	20.37	1209.68	6269.92
-11.48	20.37	1208.76	6342.18
-11.48	20.37	1207.84	6303.02
-11.48	20.37	1206.92	6052.0
-11.48	20.37	1206.0	6219.32
-11.48	20.37	1205.08	6348.56
-11.48	20.37	1204.16	6640.65
-11.48	20.37	1203.24	6197.02
-11.48	20.37	1202.31	6339.77
-11.48	20.37	1201.39	6531.3
-11.48	20.37	1200.47	6568.13
-11.48	20.37	1199.55	6390.65
-11.48	20.37	1198.63	6465.46
-11.48	20.37	1197.71	6551.09
-11.48	20.37	1196.78	6541.8
-11.48	20.37	1195.86	6649.06
-11.48	20.37	1194.94	6184.46
-11.48	20.37	1194.02	6538.33
-11.48	20.37	1193.09	6550.72
-11.48	20.37	1192.17	6557.69
-11.48	20.37	1191.25	6147.59
-11.48	20.37	1190.32	6495.8
-11.48	20.37	1189.4	6491.94
-11.48	20.37	1188.48	6485.38
-11.48	20.37	1187.55	6370.57
-11.48	20.37	1186.63	6558.85
-11.48	20.37	1185.71	6595.56
-11.48	20.37	1184.78	6415.87
-11.48	20.37	1183.86	6328.2
-11.48	20.37	1182.93	6462.27
-11.48	20.37	1182.01	6563.86
-11.48	20.37	1181.08	6359.98
-11.48	20.37	1180.16	6656.12
-11.48	20.37	1179.23	6776.53
-11.48	20.37	1178.31	6940.12
-11.48	20.37	1177.38	7014.52
-11.48	20.37	1176.46	7105.1
-11.48	20.37	1175.53	7651.95
-11.48	20.37	1174.6	7612.8
-11.48	20.37	1173.68	7768.0
-11.48	20.37	1172.75	8060.78
-11.48	20.37	1171.82	8283.29
-11.48	20.37	1170.9	8416.71
-11.48	20.37	1169.97	8550.08
-11.48	20.37	1169.04	8392.15
-11.48	20.37	1168.12	8401.45
-11.48	20.37	1167.19	8548.23
-11.48	20.37	1166.26	8368.83
-11.48	20.37	1165.33	8213.74
-11.48	20.37	1164.41	8107.21
-11.48	20.37	1163.48	7973.77
-11.48	20.37	1162.55	7536.03
-11.48	20.37	1161.62	7367.74
-11.48	20.37	1160.69	7350.28
-11.48	20.37	1159.76	7289.75
-11.48	20.37	1158.84	6960.1
-11.48	20.37	1157.91	6800.1
-11.48	20.37	1156.98	6642.85
-11.48	20.37	1156.05	6786.93
-11.48	20.37	1155.12	6481.81
-11.48	20.37	1154.19	6262.84
-11.48	20.37	1153.26	6425.74
-11.48	20.37	1152.33	6247.18
-11.48	20.37	1151.4	6154.69
-11.48	20.37	1150.47	5997.75
-11.48	20.37	1149.54	6050.42
-11.48	20.37	1148.61	6189.03
-11.48	20.37	1147.68	6037.53
-11.48	20.37	1146.75	5767.93
-11.48	20.37	1145.81	5871.61
-11.48	20.37	1144.88	5983.31
-11.48	20.37	1143.95	6057.4
-11.48	20.37	1143.02	5900.69
-11.48	20.37	1142.09	5918.42
-11.48	20.37	1141.16	6086.36
-11.48	20.37	1140.22	6224.74
-11.48	20.37	1139.29	6078.84
-11.48	20.37	1138.36	6252.02
-11.48	20.37	1137.43	6390.3
-11.48	20.37	1136.49	6335.56
-11.48	20.37	1135.56	6240.65
-11.48	20.37	1134.63	6467.26
-11.48	20.37	1133.69	6637.54
-11.48	20.37	1132.76	6531.92
-11.48	20.37	1131.83	6378.13
-11.48	20.37	1130.89	6585.82
-11.48	20.37	1129.96	6780.05
-11.48	20.37	1129.02	6457.7
-11.48	20.37	1128.09	6477.95
-11.48	20.37	1127.16	6559.74
-11.48	20.37	1126.22	6569.27
-11.48	20.37	1125.29	6421.02
-11.48	20.37	1124.35	6280.83
-11.48	20.37	1123.42	6255.66
-11.48	20.37	1122.48	6358.79
-11.48	20.37	1121.55	6010.24
-11.48	20.37	1120.61	5878.25
-11.48	20.37	1119.67	6066.88
-11.48	20.37	1118.74	5870.82
-11.48	20.37	1117.8	5741.59
-11.48	20.37	1116.87	5684.5
-11.48	20.37	1115.93	5611.41
-11.48	20.37	1114.99	5741.2
-11.48	20.37	1114.06	5641.44
-11.48	20.37	1113.12	5352.28
-11.48	20.37	1112.18	5548.73
-11.48	20.37	1111.24	5593.08
-11.48	20.37	1110.31	5234.75
-11.48	20.37	1109.37	5241.82
-11.48	20.37	1108.43	5467.47
-11.48	20.37	1107.49	5525.14
-11.48	20.37	1106.55	5454.87
-11.48	20.37	1105.62	5176.81
-11.48	20.37	1104.68	5503.54
-11.48	20.37	1103.74	5534.52
-11.48	20.37	1102.8	5331.15
-11.48	20.37	1101.86	5370.14
-11.48	20.37	1100.92	5457.03
-11.48	20.37	1099.98	5706.24
-11.48	20.37	1099.04	5513.63
-11.48	20.37	1098.1	5499.35
-11.48	20.37	1097.16	5671.27
-11.48	20.37	1096.22	5523.98
-11.48	20.37	1095.28	5709.14
-11.48	20.37	1094.34	5652.29
-11.48	20.37	1093.4	5606.09
-11.48	20.37	1092.46	5695.45
-11.48	20.37	1091.52	5574.86
-11.48	20.37	1090.58	5302.88
-11.48	20.37	1089.64	5323.19
-11.48	20.37	1088.7	5473.62
-11.48	20.37	1087.76	5281.46
-11.48	20.37	1086.81	5086.71
-11.48	20.37	1085.87	5128.28
-11.48	20.37	1084.93	5260.06
-11.48	20.37	1083.99	4993.78
-11.48	20.37	1083.05	4987.58
-11.48	20.37	1082.1	5050.35
-11.48	20.37	1081.16	5147.58
-11.48	20.37	1080.22	4921.28
-11.48	20.37	1079.28	4893.89
-11.48	20.37	1078.33	5036.15
-11.48	20.37	1077.39	5098.85
-11.48	20.37	1076.45	5026.4
-11.48	20.37	1075.5	5049.35
-11.48	20.37	1074.56	5090.83
-11.48	20.37	1073.61	5291.18
-11.48	20.37	1072.67	4938.09
-11.48	20.37	1071.73	4990.15
-11.48	20.37	1070.78	5063.37
-11.48	20.37	1069.84	4914.27
-11.48	20.37	1068.89	4894.87
-11.48	20.37	1067.95	4915.16
-11.48	20.37	1067.0	4956.61
-11.48	20.37	1066.06	5048.28
-11.48	20.37	1065.11	4690.44
-11.48	20.37	1064.16	4681.67
-11.48	20.37	1063.22	4828.84
-11.48	20.37	1062.27	4772.49
-11.48	20.37	1061.33	4742.57
-11.48	20.37	1060.38	4802.48
-11.48	20.37	1059.43	4851.81
-11.48	20.37	1058.49	4792.84
-11.48	20.37	1057.54	4686.38
-11.48	20.37	1056.59	4846.57
-11.48	20.37	1055.65	4827.23
-11.48	20.37	1054.7	4831.64
-11.48	20.37	1053.75	4730.52
-11.48	20.37	1052.8	4848.38
-11.48	20.37	1051.85	4974.11
-11.48	20.37	1050.91	4978.49
-11.48	20.37	1049.96	4732.41
-11.48	20.37	1049.01	5045.25
-11.48	20.37	1048.06	5104.96
-11.48	20.37	1047.11	4906.42
-11.48	20.37	1046.16	4815.97
-11.48	20.37	1045.21	4915.2
-11.48	20.37	1044.27	5032.84
-11.48	20.37	1043.32	4966.11
-11.48	20.37	1042.37	4770.4
-11.48	20.37	1041.42	5035.4
-11.48	20.37	1040.47	5097.66
-11.48	20.37	1039.52	4870.46
-11.48	20.37	1038.57	4856.44
-11.48	20.37	1037.62	4929.22
-11.48	20.37	1036.67	4841.55
-11.48	20.37	1035.71	4861.72
-11.48	20.37	1034.76	4695.23
-11.48	20.37	1033.81	4923.06
-11.48	20.37	1032.86	4838.09
-11.48	20.37	1031.91	4718.98
-11.48	20.37	1030.96	4733.9
-11.48	20.37	1030.01	4777.7
-11.48	20.37	1029.05	4789.98
-11.48	20.37	1028.1	4594.83
-11.48	20.37	1027.15	4575.63
-11.48	20.37	1026.2	4635.18
-11.48	20.37	1025.24	4613.35
-11.48	20.37	1024.29	4588.91
-11.48	20.37	1023.34	4679.9
-11.48	20.37	1022.39	4637.1
-11.48	20.37	1021.43	4793.61
-11.48	20.37	1020.48	4509.59
-11.48	20.37	1019.52	4634.61
-11.48	20.37	1018.57	4832.97
-11.48	20.37	1017.62	4701.08
-11.48	20.37	1016.66	4498.5
-11.48	20.37	1015.71	4644.39
-11.48	20.37	1014.75	4740.46
-11.48	20.37	1013.8	4799.84
-11.48	20.37	1012.84	4644.51
-11.48	20.37	1011.89	4614.88
-11.48	20.37	1010.93	4716.12
-11.48	20.37	1009.98	4655.09
-11.48	20.37	1009.02	4565.31
-11.48	20.37	1008.07	4572.34
-11.48	20.37	1007.11	4801.66
-11.48	20.37	1006.16	4693.59
-11.48	20.37	1005.2	4559.42
-11.48	20.37	1004.24	4631.79
-11.48	20.37	1003.29	4654.48
-11.48	20.37	1002.33	4617.06
-11.48	20.37	1001.37	4415.08
-11.48	20.37	1000.41	4651.98
-11.48	20.37	999.4580000000001	4724.26
-11.48	20.37	998.5	4491.03
-11.48	20.37	997.543	4448.46
-11.48	20.37	996.585	4405.9
-11.48	20.37	995.627	4506.88
-11.48	20.37	994.669	4279.07
-11.48	20.37	993.71	4408.74
-11.48	20.37	992.752	4488.81
-11.48	20.37	991.793	4636.64
-11.48	20.37	990.834	4526.3
-11.48	20.37	989.875	4400.36
-11.48	20.37	988.916	4488.19
-11.48	20.37	987.957	4628.1
-11.48	20.37	986.997	4533.48
-11.48	20.37	986.0369999999999	4527.45
-11.48	20.37	985.078	4604.77
-11.48	20.37	984.118	4585.72
-11.48	20.37	983.1569999999999	4483.35
-11.48	20.37	982.197	4643.94
-11.48	20.37	981.2360000000001	4945.01
-11.48	20.37	980.2760000000001	4814.02
-11.48	20.37	979.315	4649.24
-11.48	20.37	978.3539999999999	4697.83
-11.48	20.37	977.3919999999999	4741.2
-11.48	20.37	976.431	4714.35
-11.48	20.37	975.4689999999999	4666.7
-11.48	20.37	974.508	4710.05
-11.48	20.37	973.546	4979.49
-11.48	20.37	972.584	4796.7
-11.48	20.37	971.6210000000001	4707.51
-11.48	20.37	970.659	4737.83
-11.48	20.37	969.696	4794.12
-11.48	20.37	968.7330000000001	4780.27
-11.48	20.37	967.77	4685.95
-11.48	20.37	966.807	4853.83
-11.48	20.37	965.8439999999999	4754.34
-11.48	20.37	964.88	4706.78
-11.48	20.37	963.9169999999999	4643.67
-11.48	20.37	962.953	4801.05
-11.48	20.37	961.9889999999999	4717.2
-11.48	20.37	961.025	4693.02
-11.48	20.37	960.06	4572.93
-11.48	20.37	959.096	4548.78
-11.48	20.37	958.1310000000001	4612.74
-11.48	20.37	957.166	4570.46
-11.48	20.37	956.201	4517.83
-11.48	20.37	955.2360000000001	4527.37
-11.48	20.37	954.27	4547.27
-11.48	20.37	953.305	4427.36
-11.48	20.37	952.3389999999999	4478.33
-11.48	20.37	951.373	4614.7
-11.48	20.37	950.4069999999999	4631.98
-11.48	20.37	949.441	4483.67
-11.48	20.37	948.4739999999999	4459.59
-11.48	20.37	947.508	4507.92
-11.48	20.37	946.541	4468.32
-11.48	20.37	945.574	4353.76
-11.48	20.37	944.607	4521.0
-11.48	20.37	943.6389999999999	4566.7
-11.48	20.37	942.672	4467.69
-11.48	20.37	941.704	4472.05
-11.48	20.37	940.7360000000001	4649.47
-11.48	20.37	939.768	4604.73
-11.48	20.37	938.8	4544.51
-11.48	20.37	937.832	4515.3
-11.48	20.37	936.863	4759.69
-11.48	20.37	935.8939999999999	4810.45
-11.48	20.37	934.926	4801.84
-11.48	20.37	933.956	4813.88
-11.48	20.37	932.987	4882.65
-11.48	20.37	932.018	4977.19
-11.48	20.37	931.048	4865.42
-11.48	20.37	930.078	4789.78
-11.48	20.37	929.1080000000001	4989.96
-11.48	20.37	928.138	5001.94
-11.48	20.37	927.168	4805.22
-11.48	20.37	926.198	4876.49
-11.48	20.37	925.227	5022.42
-11.48	20.37	924.2560000000001	4982.88
-11.48	20.37	923.285	4765.71
-11.48	20.37	922.314	4849.8
-11.48	20.37	921.3430000000001	5083.14
-11.48	20.37	920.3710000000001	5005.02
-11.48	20.37	919.3989999999999	4788.0
-11.48	20.37	918.427	5090.67
-11.48	20.37	917.455	5143.76
-11.48	20.37	916.4830000000001	5129.98
-11.48	20.37	915.5110000000001	5131.62
-11.48	20.37	914.538	5248.94
-11.48	20.37	913.565	5615.5
-11.48	20.37	912.5930000000001	5249.61
-11.48	20.37	911.6189999999999	5454.19
-11.48	20.37	910.6460000000001	5602.19
-11.48	20.37	909.673	5631.99
-11.48	20.37	908.699	5361.37
-11.48	20.37	907.725	5095.97
-11.48	20.37	906.7510000000001	5328.63
-11.48	20.37	905.7769999999999	5219.88
-11.48	20.37	904.803	5077.82
-11.48	20.37	903.828	5030.72
-11.48	20.37	902.8539999999999	5088.81
-11.48	20.37	901.8789999999999	4816.05
-11.48	20.37	900.904	4679.29
-11.48	20.37	899.928	4780.99
-11.48	20.37	898.953	4898.02
-11.48	20.37	897.977	4807.45
-11.48	20.37	897.002	4527.3
-11.48	20.37	896.0260000000001	4641.76
-11.48	20.37	895.05	4858.63
-11.48	20.37	894.073	4670.81
-11.48	20.37	893.097	4554.75
-11.48	20.37	892.12	4679.36
-11.48	20.37	891.1439999999999	4670.84
-11.48	20.37	890.1669999999999	4600.9
-11.48	20.37	889.189	4382.6
-11.48	20.37	888.212	4635.05
-11.48	20.37	887.235	4590.73
-11.48	20.37	886.257	4500.41
-11.48	20.37	885.279	4481.69
-11.48	20.37	884.301	4542.23
-11.48	20.37	883.323	4561.85
-11.48	20.37	882.3439999999999	4555.92
-11.48	20.37	881.3660000000001	4514.22
-11.48	20.37	880.387	4464.87
-11.48	20.37	879.408	4647.93
-11.48	20.37	878.429	4565.39
-11.48	20.37	877.45	4569.67
-11.48	20.37	876.47	4655.62
-11.48	20.37	875.4910000000001	4486.35
-11.48	20.37	874.5110000000001	4526.36
-11.48	20.37	873.5310000000001	4568.91
-11.48	20.37	872.551	4733.87
-11.48	20.37	871.57	4541.75
-11.48	20.37	870.59	4505.23
-11.48	20.37	869.6089999999999	4710.9
-11.48	20.37	868.628	4857.87
-11.48	20.37	867.6469999999999	4693.9
-11.48	20.37	866.666	4611.52
-11.48	20.37	865.684	4837.4
-11.48	20.37	864.703	4872.18
-11.48	20.37	863.721	4764.35
-11.48	20.37	862.7389999999999	4839.86
-11.48	20.37	861.757	4971.35
-11.48	20.37	860.775	4988.27
-11.48	20.37	859.7919999999999	5109.5
-11.48	20.37	858.81	5016.99
-11.48	20.37	857.827	5303.51
-11.48	20.37	856.8439999999999	5127.07
-11.48	20.37	855.86	5133.77
-11.48	20.37	854.877	5132.84
-11.48	20.37	853.8939999999999	5190.37
-11.48	20.37	852.91	5110.64
-11.48	20.37	851.926	4997.92
-11.48	20.37	850.942	5129.11
-11.48	20.37	849.9580000000001	5120.56
-11.48	20.37	848.9730000000001	4868.22
-11.48	20.37	847.988	5022.22
-11.48	20.37	847.0039999999999	5023.85
-11.48	20.37	846.0189999999999	5068.62
-11.48	20.37	845.034	4940.82
-11.48	20.37	844.048	4962.76
-11.48	20.37	843.063	5055.71
-11.48	20.37	842.077	4854.43
-11.48	20.37	841.091	4851.01
-11.48	20.37	840.105	5025.07
-11.48	20.37	839.1189999999999	4965.86
-11.48	20.37	838.132	5058.73
-11.48	20.37	837.1460000000001	4875.37
-11.48	20.37	836.159	4955.55
-11.48	20.37	835.172	5023.04
-11.48	20.37	834.185	4898.03
-11.48	20.37	833.198	4846.5
-11.48	20.37	832.21	4903.85
-11.48	20.37	831.222	4913.08
-11.48	20.37	830.235	4593.32
-11.48	20.37	829.247	4645.62
-11.48	20.37	828.258	4910.41
-11.48	20.37	827.27	4605.99
-11.48	20.37	826.2810000000001	4567.22
-11.48	20.37	825.293	4619.49
-11.48	20.37	824.304	4803.19
-11.48	20.37	823.315	4708.8
-11.48	20.37	822.325	4510.83
-11.48	20.37	821.336	4800.57
-11.48	20.37	820.346	4809.8
-11.48	20.37	819.3560000000001	4657.39
-11.48	20.37	818.3660000000001	4732.3
-11.48	20.37	817.3760000000001	4817.28
-11.48	20.37	816.3860000000001	4604.36
-11.48	20.37	815.395	4729.71
-11.48	20.37	814.405	4516.89
-11.48	20.37	813.414	4788.54
-11.48	20.37	812.423	4553.08
-11.48	20.37	811.431	4340.4
-11.48	20.37	810.44	4574.12
-11.48	20.37	809.448	4767.41
-11.48	20.37	808.456	4494.31
-11.48	20.37	807.4639999999999	4498.54
-11.48	20.37	806.472	4595.99
-11.48	20.37	805.48	4622.86
-11.48	20.37	804.487	4377.7
-11.48	20.37	803.495	4465.04
-11.48	20.37	802.502	4486.89
-11.48	20.37	801.5089999999999	4596.84
-11.48	20.37	800.5160000000001	4480.22
-11.48	20.37	799.5219999999999	4627.88
-11.48	20.37	798.528	4762.9
-11.48	20.37	797.535	4621.16
-11.48	20.37	796.541	4539.84
-11.48	20.37	795.547	4531.47
-11.48	20.37	794.552	4756.92
-11.48	20.37	793.558	4635.39
-11.48	20.37	792.563	4594.34
-11.48	20.37	791.568	4520.63
-11.48	20.37	790.573	4725.82
-11.48	20.37	789.578	4426.04
-11.48	20.37	788.582	4673.87
-11.48	20.37	787.587	4610.24
-11.48	20.37	786.591	4561.7
-11.48	20.37	785.595	4593.5
-11.48	20.37	784.5989999999999	4660.42
-11.48	20.37	783.602	4712.26
-11.48	20.37	782.6060000000001	4673.77
-11.48	20.37	781.6089999999999	4655.36
-11.48	20.37	780.612	4659.53
-11.48	20.37	779.615	4906.91
-11.48	20.37	778.618	4735.54
-11.48	20.37	777.6210000000001	4536.67
-11.48	20.37	776.623	4606.01
-11.48	20.37	775.625	4810.62
-11.48	20.37	774.627	4922.48
-11.48	20.37	773.6289999999999	4693.66
-11.48	20.37	772.6310000000001	4823.02
-11.48	20.37	771.632	4927.29
-11.48	20.37	770.6339999999999	4768.69
-11.48	20.37	769.635	4742.79
-11.48	20.37	768.6360000000001	4929.6
-11.48	20.37	767.6360000000001	4976.24
-11.48	20.37	766.637	4690.16
-11.48	20.37	765.637	4946.91
-11.48	20.37	764.637	5096.03
-11.48	20.37	763.638	4900.1
-11.48	20.37	762.637	4741.73
-11.48	20.37	761.637	4928.3
-11.48	20.37	760.6360000000001	5144.79
-11.48	20.37	759.6360000000001	4973.97
-11.48	20.37	758.635	4898.13
-11.48	20.37	757.6339999999999	5116.99
-11.48	20.37	756.633	5131.04
-11.48	20.37	755.6310000000001	4987.81
-11.48	20.37	754.6289999999999	5096.72
-11.48	20.37	753.628	5183.13
-11.48	20.37	752.6260000000001	5284.48
-11.48	20.37	751.623	5198.7
-11.48	20.37	750.6210000000001	5312.48
-11.48	20.37	749.6189999999999	5530.95
-11.48	20.37	748.6160000000001	5347.93
-11.48	20.37	747.613	5284.64
-11.48	20.37	746.61	5408.28
-11.48	20.37	745.607	5449.66
-11.48	20.37	744.6030000000001	5072.46
-11.48	20.37	743.5989999999999	5228.46
-11.48	20.37	742.596	5521.38
-11.48	20.37	741.592	5286.31
-11.48	20.37	740.587	5133.48
-11.48	20.37	739.5830000000001	5381.45
-11.48	20.37	738.579	5241.1
-11.48	20.37	737.574	5220.24
-11.48	20.37	736.569	5229.23
-11.48	20.37	735.564	5283.0
-11.48	20.37	734.558	5314.36
-11.48	20.37	733.553	5052.32
-11.48	20.37	732.547	5118.51
-11.48	20.37	731.541	5477.97
-11.48	20.37	730.535	5288.1
-11.48	20.37	729.529	5170.36
-11.48	20.37	728.523	5201.71
-11.48	20.37	727.5160000000001	5300.1
-11.48	20.37	726.5089999999999	5204.77
-11.48	20.37	725.503	5057.34
-11.48	20.37	724.495	5120.95
-11.48	20.37	723.488	5060.45
-11.48	20.37	722.4810000000001	5029.74
-11.48	20.37	721.4730000000001	4899.81
-11.48	20.37	720.465	4931.16
-11.48	20.37	719.457	5098.9
-11.48	20.37	718.449	4887.2
-11.48	20.37	717.44	4913.58
-11.48	20.37	716.432	4982.08
-11.48	20.37	715.423	5067.9
-11.48	20.37	714.414	4898.49
-11.48	20.37	713.405	5021.46
-11.48	20.37	712.395	5196.39
-11.48	20.37	711.3860000000001	4940.37
-11.48	20.37	710.3760000000001	4788.43
-11.48	20.37	709.3660000000001	4881.62
-11.48	20.37	708.3560000000001	4895.58
-11.48	20.37	707.346	4674.45
-11.48	20.37	706.335	4723.07
-11.48	20.37	705.325	4915.15
-11.48	20.37	704.314	4718.87
-11.48	20.37	703.303	4495.45
-11.48	20.37	702.2919999999999	4776.47
-11.48	20.37	701.28	4822.56
-11.48	20.37	700.2689999999999	4707.99
-11.48	20.37	699.257	4761.49
-11.48	20.37	698.245	4943.43
-11.48	20.37	697.2330000000001	4910.41
-11.48	20.37	696.22	4635.39
-11.48	20.37	695.2080000000001	4750.58
-11.48	20.37	694.195	4794.15
-11.48	20.37	693.182	4706.88
-11.48	20.37	692.169	4560.42
-11.48	20.37	691.1560000000001	4557.11
-11.48	20.37	690.143	4662.35
-11.48	20.37	689.1289999999999	4481.45
-11.48	20.37	688.115	4443.64
-11.48	20.37	687.1010000000001	4615.41
-11.48	20.37	686.087	4530.75
-11.48	20.37	685.073	4382.04
-11.48	20.37	684.058	4524.15
-11.48	20.37	683.043	4634.19
-11.48	20.37	682.028	4756.5
-11.48	20.37	681.013	4519.2
-11.48	20.37	679.998	4678.42
-11.48	20.37	678.9830000000001	4815.43
-11.48	20.37	677.967	4526.55
-11.48	20.37	676.951	4538.03
-11.48	20.37	675.935	4689.75
-11.48	20.37	674.919	4787.29
-11.48	20.37	673.9019999999999	4648.67
-11.48	20.37	672.8860000000001	4591.25
-11.48	20.37	671.8689999999999	4637.12
-11.48	20.37	670.852	4773.93
-11.48	20.37	669.835	4598.55
-11.48	20.37	668.817	4759.89
-11.48	20.37	667.8	4849.92
-11.48	20.37	666.7819999999999	4706.56
-11.48	20.37	665.7639999999999	4695.87
-11.48	20.37	664.7460000000001	4768.67
-11.48	20.37	663.7280000000001	4802.16
-11.48	20.37	662.709	4779.19
-11.48	20.37	661.691	4761.13
-11.48	20.37	660.672	4887.85
-11.48	20.37	659.653	4717.67
-11.48	20.37	658.6339999999999	4768.31
-11.48	20.37	657.6139999999999	4867.98
-11.48	20.37	656.595	4948.0
-11.48	20.37	655.575	4812.26
-11.48	20.37	654.555	4794.21
-11.48	20.37	653.535	4834.99
-11.48	20.37	652.514	4856.15
-11.48	20.37	651.494	4737.67
-11.48	20.37	650.4730000000001	4947.44
-11.48	20.37	649.452	5115.49
-11.48	20.37	648.431	4899.1
-11.48	20.37	647.41	4822.31
-11.48	20.37	646.388	4921.76
-11.48	20.37	645.366	5070.12
-11.48	20.37	644.345	4956.65
-11.48	20.37	643.323	4782.07
-11.48	20.37	642.3	5133.35
-11.48	20.37	641.278	4912.34
-11.48	20.37	640.255	4845.43
-11.48	20.37	639.232	4783.43
-11.48	20.37	638.2090000000001	5085.58
-11.48	20.37	637.186	4916.05
-11.48	20.37	636.163	4753.91
-11.48	20.37	635.139	5068.12
-11.48	20.37	634.116	4959.73
-11.48	20.37	633.092	4700.01
-11.48	20.37	632.068	4804.11
-11.48	20.37	631.043	4883.77
-11.48	20.37	630.019	4865.79
-11.48	20.37	628.994	4508.68
-11.48	20.37	627.969	4637.14
-11.48	20.37	626.944	4782.61
-11.48	20.37	625.919	4625.67
-11.48	20.37	624.893	4571.18
-11.48	20.37	623.868	4826.28
-11.48	20.37	622.842	4620.68
-11.48	20.37	621.816	4471.19
-11.48	20.37	620.79	4467.93
-11.48	20.37	619.763	4627.86
-11.48	20.37	618.737	4651.36
-11.48	20.37	617.71	4472.76
-11.48	20.37	616.683	4566.87
-11.48	20.37	615.656	4656.09
-11.48	20.37	614.629	4504.35
-11.48	20.37	613.601	4454.86
-11.48	20.37	612.573	4519.72
-11.48	20.37	611.545	4521.31
-11.48	20.37	610.5169999999999	4449.96
-11.48	20.37	609.489	4354.32
-11.48	20.37	608.461	4506.66
-11.48	20.37	607.432	4274.94
-11.48	20.37	606.403	4325.18
-11.48	20.37	605.374	4438.56
-11.48	20.37	604.345	4457.18
-11.48	20.37	603.315	4347.07
-11.48	20.37	602.286	4207.86
-11.48	20.37	601.256	4418.29
-11.48	20.37	600.226	4368.93
