-11.48	0.37	1799.66	2130.23
-11.48	0.37	1798.84	2215.44
-11.48	0.37	1798.03	2190.62
-11.48	0.37	1797.21	2324.66
-11.48	0.37	1796.39	2272.34
-11.48	0.37	1795.57	2149.81
-11.48	0.37	1794.75	2323.48
-11.48	0.37	1793.93	2240.67
-11.48	0.37	1793.11	2252.5
-11.48	0.37	1792.29	2184.98
-11.48	0.37	1791.47	2230.38
-11.48	0.37	1790.65	2330.67
-11.48	0.37	1789.84	2275.38
-11.48	0.37	1789.02	2174.36
-11.48	0.37	1788.2	2213.63
-11.48	0.37	1787.38	2258.98
-11.48	0.37	1786.56	2240.31
-11.48	0.37	1785.73	2377.07
-11.48	0.37	1784.91	2233.46
-11.48	0.37	1784.09	2211.76
-11.48	0.37	1783.27	2342.36
-11.48	0.37	1782.45	2372.42
-11.48	0.37	1781.63	2347.66
-11.48	0.37	1780.81	2268.11
-11.48	0.37	1779.99	2292.07
-11.48	0.37	1779.17	2261.25
-11.48	0.37	1778.35	2245.66
-11.48	0.37	1777.52	2254.4
-11.48	0.37	1776.7	2345.28
-11.48	0.37	1775.88	2277.97
-11.48	0.37	1775.06	2247.18
-11.48	0.37	1774.24	2249.84
-11.48	0.37	1773.41	2200.82
-11.48	0.37	1772.59	2394.96
-11.48	0.37	1771.77	2361.13
-11.48	0.37	1770.95	2287.81
-11.48	0.37	1770.12	2323.88
-11.48	0.37	1769.3	2296.15
-11.48	0.37	1768.48	2301.84
-11.48	0.37	1767.65	2258.94
-11.48	0.37	1766.83	2279.81
-11.48	0.37	1766.01	2327.98
-11.48	0.37	1765.18	2312.42
-11.48	0.37	1764.36	2363.61
-11.48	0.37	1763.53	2351.07
-11.48	0.37	1762.71	2329.44
-11.48	0.37	1761.88	2377.57
-11.48	0.37	1761.06	2434.78
-11.48	0.37	1760.24	2379.8
-11.48	0.37	1759.41	2455.17
-11.48	0.37	1758.59	2330.5
-11.48	0.37	1757.76	2375.56
-11.48	0.37	1756.94	2411.51
-11.48	0.37	1756.11	2480.77
-11.48	0.37	1755.28	2186.58
-11.48	0.37	1754.46	2431.48
-11.48	0.37	1753.63	2482.54
-11.48	0.37	1752.81	2351.96
-11.48	0.37	1751.98	2360.64
-11.48	0.37	1751.16	2381.42
-11.48	0.37	1750.33	2505.06
-11.48	0.37	1749.5	2480.43
-11.48	0.37	1748.68	2377.18
-11.48	0.37	1747.85	2394.92
-11.48	0.37	1747.02	2439.87
-11.48	0.37	1746.2	2533.16
-11.48	0.37	1745.37	2351.39
-11.48	0.37	1744.54	2502.09
-11.48	0.37	1743.71	2371.75
-11.48	0.37	1742.89	2464.99
-11.48	0.37	1742.06	2521.96
-11.48	0.37	1741.23	2600.04
-11.48	0.37	1740.4	2460.72
-11.48	0.37	1739.57	2433.13
-11.48	0.37	1738.75	2432.72
-11.48	0.37	1737.92	2556.03
-11.48	0.37	1737.09	2543.53
-11.48	0.37	1736.26	2528.01
-11.48	0.37	1735.43	2533.62
-11.48	0.37	1734.6	2578.42
-11.48	0.37	1733.77	2559.9
-11.48	0.37	1732.94	2514.24
-11.48	0.37	1732.11	2540.94
-11.48	0.37	1731.28	2576.67
-11.48	0.37	1730.45	2747.99
-11.48	0.37	1729.62	2557.72
-11.48	0.37	1728.8	2485.0
-11.48	0.37	1727.96	2565.89
-11.48	0.37	1727.13	2553.41
-11.48	0.37	1726.3	2646.31
-11.48	0.37	1725.47	2579.63
-11.48	0.37	1724.64	2534.05
-11.48	0.37	1723.81	2732.22
-11.48	0.37	1722.98	2695.65
-11.48	0.37	1722.15	2604.96
-11.48	0.37	1721.32	2505.26
-11.48	0.37	1720.49	2595.05
-11.48	0.37	1719.66	2775.0
-11.48	0.37	1718.82	2732.44
-11.48	0.37	1717.99	2719.96
-11.48	0.37	1717.16	2632.35
-11.48	0.37	1716.33	2740.06
-11.48	0.37	1715.5	2793.67
-11.48	0.37	1714.66	2850.26
-11.48	0.37	1713.83	2732.66
-11.48	0.37	1713.0	2738.2
-11.48	0.37	1712.17	2902.84
-11.48	0.37	1711.33	2773.29
-11.48	0.37	1710.5	2871.85
-11.48	0.37	1709.67	2751.34
-11.48	0.37	1708.83	2990.87
-11.48	0.37	1708.0	3032.35
-11.48	0.37	1707.17	2833.91
-11.48	0.37	1706.33	2863.41
-11.48	0.37	1705.5	2958.85
-11.48	0.37	1704.66	3018.3
-11.48	0.37	1703.83	2930.88
-11.48	0.37	1703.0	2801.54
-11.48	0.37	1702.16	2831.02
-11.48	0.37	1701.33	3025.23
-11.48	0.37	1700.49	3081.62
-11.48	0.37	1699.66	2979.29
-11.48	0.37	1698.82	3023.69
-11.48	0.37	1697.99	2906.44
-11.48	0.37	1697.15	3028.64
-11.48	0.37	1696.32	3049.07
-11.48	0.37	1695.48	2916.92
-11.48	0.37	1694.64	2928.39
-11.48	0.37	1693.81	3059.48
-11.48	0.37	1692.97	3130.72
-11.48	0.37	1692.14	3031.53
-11.48	0.37	1691.3	2947.32
-11.48	0.37	1690.46	3078.32
-11.48	0.37	1689.63	3254.1
-11.48	0.37	1688.79	3050.38
-11.48	0.37	1687.95	3115.58
-11.48	0.37	1687.12	3103.1
-11.48	0.37	1686.28	3162.3
-11.48	0.37	1685.44	3251.33
-11.48	0.37	1684.6	3056.74
-11.48	0.37	1683.77	3062.19
-11.48	0.37	1682.93	3184.02
-11.48	0.37	1682.09	3222.26
-11.48	0.37	1681.25	3218.73
-11.48	0.37	1680.41	3164.49
-11.48	0.37	1679.58	3226.58
-11.48	0.37	1678.74	3354.23
-11.48	0.37	1677.9	3371.55
-11.48	0.37	1677.06	3287.52
-11.48	0.37	1676.22	3209.48
-11.48	0.37	1675.38	3310.23
-11.48	0.37	1674.54	3291.8
-11.48	0.37	1673.7	3413.35
-11.48	0.37	1672.86	3278.76
-11.48	0.37	1672.02	3293.09
-11.48	0.37	1671.18	3435.42
-11.48	0.37	1670.34	3387.22
-11.48	0.37	1669.5	3377.71
-11.48	0.37	1668.66	3311.67
-11.48	0.37	1667.82	3436.06
-11.48	0.37	1666.98	3503.88
-11.48	0.37	1666.14	3393.25
-11.48	0.37	1665.3	3279.68
-11.48	0.37	1664.46	3401.01
-11.48	0.37	1663.62	3412.32
-11.48	0.37	1662.78	3578.16
-11.48	0.37	1661.94	3461.67
-11.48	0.37	1661.1	3520.5
-11.48	0.37	1660.25	3721.88
-11.48	0.37	1659.41	3733.13
-11.48	0.37	1658.57	3631.53
-11.48	0.37	1657.73	3654.66
-11.48	0.37	1656.89	3630.29
-11.48	0.37	1656.04	3668.25
-11.48	0.37	1655.2	3712.14
-11.48	0.37	1654.36	3705.57
-11.48	0.37	1653.52	3693.07
-11.48	0.37	1652.67	3725.07
-11.48	0.37	1651.83	3911.25
-11.48	0.37	1650.99	3762.34
-11.48	0.37	1650.14	3737.98
-11.48	0.37	1649.3	4024.83
-11.48	0.37	1648.46	4030.07
-11.48	0.37	1647.61	3970.13
-11.48	0.37	1646.77	3948.71
-11.48	0.37	1645.92	3912.5
-11.48	0.37	1645.08	4169.46
-11.48	0.37	1644.24	4319.74
-11.48	0.37	1643.39	4212.44
-11.48	0.37	1642.55	4155.48
-11.48	0.37	1641.7	4332.33
-11.48	0.37	1640.86	4307.92
-11.48	0.37	1640.01	4381.13
-11.48	0.37	1639.17	4179.26
-11.48	0.37	1638.32	4435.82
-11.48	0.37	1637.48	4609.51
-11.48	0.37	1636.63	4667.85
-11.48	0.37	1635.78	4463.11
-11.48	0.37	1634.94	4580.55
-11.48	0.37	1634.09	4612.27
-11.48	0.37	1633.25	4717.83
-11.48	0.37	1632.4	4590.02
-11.48	0.37	1631.55	4562.65
-11.48	0.37	1630.71	4818.76
-11.48	0.37	1629.86	5015.73
-11.48	0.37	1629.01	4944.03
-11.48	0.37	1628.16	4801.53
-11.48	0.37	1627.32	4836.12
-11.48	0.37	1626.47	5100.8
-11.48	0.37	1625.62	5117.63
-11.48	0.37	1624.77	5090.21
-11.48	0.37	1623.93	5006.78
-11.48	0.37	1623.08	5265.35
-11.48	0.37	1622.23	5358.78
-11.48	0.37	1621.38	5310.71
-11.48	0.37	1620.53	5118.27
-11.48	0.37	1619.69	5305.94
-11.48	0.37	1618.84	5573.08
-11.48	0.37	1617.99	5548.57
-11.48	0.37	1617.14	5297.33
-11.48	0.37	1616.29	5423.02
-11.48	0.37	1615.44	5731.17
-11.48	0.37	1614.59	5683.1
-11.48	0.37	1613.74	5599.73
-11.48	0.37	1612.89	5507.57
-11.48	0.37	1612.04	5665.47
-11.48	0.37	1611.19	5679.2
-11.48	0.37	1610.34	5707.64
-11.48	0.37	1609.49	5574.36
-11.48	0.37	1608.64	5726.26
-11.48	0.37	1607.79	5860.47
-11.48	0.37	1606.94	5985.83
-11.48	0.37	1606.09	5820.27
-11.48	0.37	1605.24	5828.09
-11.48	0.37	1604.39	5988.62
-11.48	0.37	1603.54	6140.3
-11.48	0.37	1602.68	5998.32
-11.48	0.37	1601.83	6003.16
-11.48	0.37	1600.98	6189.97
-11.48	0.37	1600.13	6376.72
-11.48	0.37	1599.28	6337.49
-11.48	0.37	1598.42	6263.06
-11.48	0.37	1597.57	6279.59
-11.48	0.37	1596.72	6398.74
-11.48	0.37	1595.87	6538.38
-11.48	0.37	1595.01	6229.45
-11.48	0.37	1594.16	6363.21
-11.48	0.37	1593.31	6617.07
-11.48	0.37	1592.45	6624.73
-11.48	0.37	1591.6	6488.83
-11.48	0.37	1590.75	6329.55
-11.48	0.37	1589.89	6384.11
-11.48	0.37	1589.04	6669.96
-11.48	0.37	1588.19	6569.28
-11.48	0.37	1587.33	6576.93
-11.48	0.37	1586.48	6400.22
-11.48	0.37	1585.62	6726.83
-11.48	0.37	1584.77	6649.61
-11.48	0.37	1583.91	6642.62
-11.48	0.37	1583.06	6389.97
-11.48	0.37	1582.2	6608.18
-11.48	0.37	1581.35	6706.44
-11.48	0.37	1580.49	6512.37
-11.48	0.37	1579.64	6330.06
-11.48	0.37	1578.78	6469.23
-11.48	0.37	1577.93	6614.19
-11.48	0.37	1577.07	6691.92
-11.48	0.37	1576.21	6375.36
-11.48	0.37	1575.36	6330.47
-11.48	0.37	1574.5	6510.39
-11.48	0.37	1573.65	6485.92
-11.48	0.37	1572.79	6551.93
-11.48	0.37	1571.93	6448.67
-11.48	0.37	1571.08	6430.06
-11.48	0.37	1570.22	6551.47
-11.48	0.37	1569.36	6486.18
-11.48	0.37	1568.5	6318.86
-11.48	0.37	1567.65	6247.8
-11.48	0.37	1566.79	6482.84
-11.48	0.37	1565.93	6467.15
-11.48	0.37	1565.07	6387.36
-11.48	0.37	1564.21	6191.06
-11.48	0.37	1563.36	6356.04
-11.48	0.37	1562.5	6570.47
-11.48	0.37	1561.64	6380.06
-11.48	0.37	1560.78	6009.21
-11.48	0.37	1559.92	6252.7
-11.48	0.37	1559.06	6420.43
-11.48	0.37	1558.2	6273.82
-11.48	0.37	1557.34	6208.74
-11.48	0.37	1556.49	6388.02
-11.48	0.37	1555.63	6072.81
-11.48	0.37	1554.77	6435.26
-11.48	0.37	1553.91	6370.19
-11.48	0.37	1553.05	6107.47
-11.48	0.37	1552.19	6347.65
-11.48	0.37	1551.33	6625.53
-11.48	0.37	1550.47	6386.15
-11.48	0.37	1549.6	6265.94
-11.48	0.37	1548.74	6134.17
-11.48	0.37	1547.88	6469.97
-11.48	0.37	1547.02	6457.24
-11.48	0.37	1546.16	6464.84
-11.48	0.37	1545.3	6431.8
-11.48	0.37	1544.44	6793.43
-11.48	0.37	1543.58	6652.99
-11.48	0.37	1542.71	6559.02
-11.48	0.37	1541.85	6499.88
-11.48	0.37	1540.99	6579.96
-11.48	0.37	1540.13	6993.45
-11.48	0.37	1539.27	6815.41
-11.48	0.37	1538.4	6564.97
-11.48	0.37	1537.54	6850.73
-11.48	0.37	1536.68	7000.22
-11.48	0.37	1535.81	7022.19
-11.48	0.37	1534.95	6896.43
-11.48	0.37	1534.09	6854.7
-11.48	0.37	1533.23	7125.69
-11.48	0.37	1532.36	6971.03
-11.48	0.37	1531.5	6703.54
-11.48	0.37	1530.63	6826.83
-11.48	0.37	1529.77	6990.58
-11.48	0.37	1528.91	7134.02
-11.48	0.37	1528.04	7008.41
-11.48	0.37	1527.18	6816.34
-11.48	0.37	1526.31	6968.41
-11.48	0.37	1525.45	7166.68
-11.48	0.37	1524.58	6893.74
-11.48	0.37	1523.72	6805.86
-11.48	0.37	1522.85	6804.68
-11.48	0.37	1521.99	7239.74
-11.48	0.37	1521.12	6955.43
-11.48	0.37	1520.26	6905.13
-11.48	0.37	1519.39	6820.2
-11.48	0.37	1518.52	6925.84
-11.48	0.37	1517.66	7112.27
-11.48	0.37	1516.79	6831.1
-11.48	0.37	1515.93	6789.53
-11.48	0.37	1515.06	6900.87
-11.48	0.37	1514.19	7032.37
-11.48	0.37	1513.33	6699.49
-11.48	0.37	1512.46	6614.72
-11.48	0.37	1511.59	6573.21
-11.48	0.37	1510.72	6828.62
-11.48	0.37	1509.86	6691.99
-11.48	0.37	1508.99	6526.59
-11.48	0.37	1508.12	6427.51
-11.48	0.37	1507.25	6688.52
-11.48	0.37	1506.38	6497.29
-11.48	0.37	1505.52	6490.41
-11.48	0.37	1504.65	6365.49
-11.48	0.37	1503.78	6433.47
-11.48	0.37	1502.91	6527.34
-11.48	0.37	1502.04	6192.42
-11.48	0.37	1501.17	6176.96
-11.48	0.37	1500.3	6242.06
-11.48	0.37	1499.44	6384.78
-11.48	0.37	1498.57	6346.3
-11.48	0.37	1497.7	6106.57
-11.48	0.37	1496.83	6094.02
-11.48	0.37	1495.96	6288.4
-11.48	0.37	1495.09	6149.38
-11.48	0.37	1494.22	6093.73
-11.48	0.37	1493.35	5946.18
-11.48	0.37	1492.48	6042.8
-11.48	0.37	1491.61	6308.81
-11.48	0.37	1490.73	5974.68
-11.48	0.37	1489.86	5907.62
-11.48	0.37	1488.99	6067.32
-11.48	0.37	1488.12	6132.28
-11.48	0.37	1487.25	6030.8
-11.48	0.37	1486.38	5900.67
-11.48	0.37	1485.51	6028.71
-11.48	0.37	1484.63	6228.4
-11.48	0.37	1483.76	6169.98
-11.48	0.37	1482.89	6039.92
-11.48	0.37	1482.02	5981.55
-11.48	0.37	1481.15	6120.93
-11.48	0.37	1480.27	6125.6
-11.48	0.37	1479.4	5992.77
-11.48	0.37	1478.53	6017.51
-11.48	0.37	1477.65	6065.15
-11.48	0.37	1476.78	6296.01
-11.48	0.37	1475.91	6180.42
-11.48	0.37	1475.03	6041.97
-11.48	0.37	1474.16	6143.94
-11.48	0.37	1473.29	6325.99
-11.48	0.37	1472.41	6207.61
-11.48	0.37	1471.54	6054.95
-11.48	0.37	1470.67	6311.27
-11.48	0.37	1469.79	6473.15
-11.48	0.37	1468.92	6432.0
-11.48	0.37	1468.04	6216.53
-11.48	0.37	1467.17	6364.05
-11.48	0.37	1466.29	6340.09
-11.48	0.37	1465.42	6470.4
-11.48	0.37	1464.54	6183.66
-11.48	0.37	1463.67	6094.06
-11.48	0.37	1462.79	6367.11
-11.48	0.37	1461.91	6383.13
-11.48	0.37	1461.04	6187.94
-11.48	0.37	1460.16	6189.72
-11.48	0.37	1459.29	6319.9
-11.48	0.37	1458.41	6504.23
-11.48	0.37	1457.53	6505.95
-11.48	0.37	1456.66	6196.84
-11.48	0.37	1455.78	6229.98
-11.48	0.37	1454.9	6223.2
-11.48	0.37	1454.03	6504.29
-11.48	0.37	1453.15	6129.85
-11.48	0.37	1452.27	6174.37
-11.48	0.37	1451.39	6401.2
-11.48	0.37	1450.52	6274.77
-11.48	0.37	1449.64	6245.2
-11.48	0.37	1448.76	6130.23
-11.48	0.37	1447.88	6331.29
-11.48	0.37	1447.0	6506.66
-11.48	0.37	1446.13	6326.25
-11.48	0.37	1445.25	6211.34
-11.48	0.37	1444.37	6261.47
-11.48	0.37	1443.49	6556.19
-11.48	0.37	1442.61	6475.43
-11.48	0.37	1441.73	6204.18
-11.48	0.37	1440.85	6316.82
-11.48	0.37	1439.97	6466.37
-11.48	0.37	1439.09	6510.72
-11.48	0.37	1438.21	6395.93
-11.48	0.37	1437.33	6249.94
-11.48	0.37	1436.45	6331.22
-11.48	0.37	1435.57	6429.52
-11.48	0.37	1434.69	6397.17
-11.48	0.37	1433.81	6194.5
-11.48	0.37	1432.93	6423.34
-11.48	0.37	1432.05	6439.25
-11.48	0.37	1431.17	6426.78
-11.48	0.37	1430.29	6261.12
-11.48	0.37	1429.41	6155.09
-11.48	0.37	1428.52	6372.38
-11.48	0.37	1427.64	6175.63
-11.48	0.37	1426.76	6197.24
-11.48	0.37	1425.88	6136.64
-11.48	0.37	1425.0	6297.11
-11.48	0.37	1424.11	6151.51
-11.48	0.37	1423.23	5858.64
-11.48	0.37	1422.35	6087.05
-11.48	0.37	1421.47	5989.71
-11.48	0.37	1420.58	6039.63
-11.48	0.37	1419.7	5922.51
-11.48	0.37	1418.82	5859.21
-11.48	0.37	1417.93	6093.09
-11.48	0.37	1417.05	5893.96
-11.48	0.37	1416.17	5994.78
-11.48	0.37	1415.28	5739.17
-11.48	0.37	1414.4	5964.41
-11.48	0.37	1413.51	6209.38
-11.48	0.37	1412.63	6047.15
-11.48	0.37	1411.75	5712.56
-11.48	0.37	1410.86	5847.22
-11.48	0.37	1409.98	6151.37
-11.48	0.37	1409.09	5944.07
-11.48	0.37	1408.21	5886.54
-11.48	0.37	1407.32	6006.95
-11.48	0.37	1406.44	6087.8
-11.48	0.37	1405.55	6315.41
-11.48	0.37	1404.66	5950.19
-11.48	0.37	1403.78	6045.11
-11.48	0.37	1402.89	6108.95
-11.48	0.37	1402.01	6082.5
-11.48	0.37	1401.12	6036.31
-11.48	0.37	1400.23	6055.0
-11.48	0.37	1399.35	6138.54
-11.48	0.37	1398.46	6258.7
-11.48	0.37	1397.57	6223.78
-11.48	0.37	1396.69	6256.52
-11.48	0.37	1395.8	6314.6
-11.48	0.37	1394.91	6423.38
-11.48	0.37	1394.02	6306.77
-11.48	0.37	1393.14	6215.55
-11.48	0.37	1392.25	6442.55
-11.48	0.37	1391.36	6585.01
-11.48	0.37	1390.47	6744.3
-11.48	0.37	1389.58	6557.38
-11.48	0.37	1388.7	6609.7
-11.48	0.37	1387.81	6839.25
-11.48	0.37	1386.92	6658.03
-11.48	0.37	1386.03	6676.56
-11.48	0.37	1385.14	6382.96
-11.48	0.37	1384.25	6727.65
-11.48	0.37	1383.36	6948.54
-11.48	0.37	1382.47	6674.72
-11.48	0.37	1381.58	6625.78
-11.48	0.37	1380.69	7003.9
-11.48	0.37	1379.8	7011.11
-11.48	0.37	1378.91	6788.02
-11.48	0.37	1378.02	6632.4
-11.48	0.37	1377.13	6659.31
-11.48	0.37	1376.24	7000.6
-11.48	0.37	1375.35	7019.03
-11.48	0.37	1374.46	6745.62
-11.48	0.37	1373.57	6803.36
-11.48	0.37	1372.68	6990.11
-11.48	0.37	1371.78	7075.83
-11.48	0.37	1370.89	6883.92
-11.48	0.37	1370.0	6879.92
-11.48	0.37	1369.11	7271.15
-11.48	0.37	1368.22	7152.17
-11.48	0.37	1367.33	7033.23
-11.48	0.37	1366.43	7222.52
-11.48	0.37	1365.54	7277.28
-11.48	0.37	1364.65	7477.65
-11.48	0.37	1363.76	7459.55
-11.48	0.37	1362.86	7147.48
-11.48	0.37	1361.97	7325.38
-11.48	0.37	1361.08	7626.36
-11.48	0.37	1360.18	7485.12
-11.48	0.37	1359.29	7349.52
-11.48	0.37	1358.4	7376.21
-11.48	0.37	1357.5	7506.37
-11.48	0.37	1356.61	7449.13
-11.48	0.37	1355.71	7117.93
-11.48	0.37	1354.82	7306.77
-11.48	0.37	1353.92	7568.2
-11.48	0.37	1353.03	7396.43
-11.48	0.37	1352.13	7314.11
-11.48	0.37	1351.24	7536.3
-11.48	0.37	1350.34	7677.42
-11.48	0.37	1349.45	7631.4
-11.48	0.37	1348.55	7596.56
-11.48	0.37	1347.66	7695.72
-11.48	0.37	1346.76	7705.54
-11.48	0.37	1345.87	7748.84
-11.48	0.37	1344.97	7747.49
-11.48	0.37	1344.07	7394.67
-11.48	0.37	1343.18	7569.08
-11.48	0.37	1342.28	7774.1
-11.48	0.37	1341.38	7722.55
-11.48	0.37	1340.49	7615.28
-11.48	0.37	1339.59	7920.51
-11.48	0.37	1338.69	7972.07
-11.48	0.37	1337.8	7697.65
-11.48	0.37	1336.9	7757.59
-11.48	0.37	1336.0	7981.81
-11.48	0.37	1335.1	8033.32
-11.48	0.37	1334.2	7937.26
-11.48	0.37	1333.31	7818.96
-11.48	0.37	1332.41	7859.34
-11.48	0.37	1331.51	8139.01
-11.48	0.37	1330.61	7859.37
-11.48	0.37	1329.71	7705.01
-11.48	0.37	1328.81	8034.61
-11.48	0.37	1327.91	8149.99
-11.48	0.37	1327.02	7998.44
-11.48	0.37	1326.12	7899.75
-11.48	0.37	1325.22	7867.8
-11.48	0.37	1324.32	8238.76
-11.48	0.37	1323.42	7973.39
-11.48	0.37	1322.52	7841.44
-11.48	0.37	1321.62	7940.05
-11.48	0.37	1320.72	8121.92
-11.48	0.37	1319.82	8081.63
-11.48	0.37	1318.91	8216.23
-11.48	0.37	1318.01	7870.66
-11.48	0.37	1317.11	8157.86
-11.48	0.37	1316.21	8422.76
-11.48	0.37	1315.31	8271.5
-11.48	0.37	1314.41	8109.2
-11.48	0.37	1313.51	8254.74
-11.48	0.37	1312.61	8400.23
-11.48	0.37	1311.7	8376.58
-11.48	0.37	1310.8	7937.23
-11.48	0.37	1309.9	7941.38
-11.48	0.37	1309.0	8289.06
-11.48	0.37	1308.09	8248.83
-11.48	0.37	1307.19	7895.67
-11.48	0.37	1306.29	8065.96
-11.48	0.37	1305.39	8507.5
-11.48	0.37	1304.48	7957.95
-11.48	0.37	1303.58	8003.6
-11.48	0.37	1302.68	8029.86
-11.48	0.37	1301.77	8150.18
-11.48	0.37	1300.87	7866.62
-11.48	0.37	1299.96	7807.16
-11.48	0.37	1299.06	7825.15
-11.48	0.37	1298.16	8042.18
-11.48	0.37	1297.25	8013.12
-11.48	0.37	1296.35	7649.68
-11.48	0.37	1295.44	7819.66
-11.48	0.37	1294.54	7989.57
-11.48	0.37	1293.63	7758.91
-11.48	0.37	1292.73	7713.36
-11.48	0.37	1291.82	7562.9
-11.48	0.37	1290.92	7716.17
-11.48	0.37	1290.01	7471.92
-11.48	0.37	1289.1	7409.89
-11.48	0.37	1288.2	7328.57
-11.48	0.37	1287.29	7498.33
-11.48	0.37	1286.39	7643.2
-11.48	0.37	1285.48	7385.39
-11.48	0.37	1284.57	7191.08
-11.48	0.37	1283.67	7269.76
-11.48	0.37	1282.76	7458.67
-11.48	0.37	1281.85	7173.51
-11.48	0.37	1280.94	7056.52
-11.48	0.37	1280.04	7289.45
-11.48	0.37	1279.13	7222.06
-11.48	0.37	1278.22	7229.06
-11.48	0.37	1277.31	7189.24
-11.48	0.37	1276.41	7163.2
-11.48	0.37	1275.5	7302.32
-11.48	0.37	1274.59	7196.46
-11.48	0.37	1273.68	6881.52
-11.48	0.37	1272.77	7290.21
-11.48	0.37	1271.86	7341.19
-11.48	0.37	1270.95	7309.65
-11.48	0.37	1270.04	7162.64
-11.48	0.37	1269.13	7065.16
-11.48	0.37	1268.23	7300.3
-11.48	0.37	1267.32	7021.46
-11.48	0.37	1266.41	6973.51
-11.48	0.37	1265.5	6931.08
-11.48	0.37	1264.59	6984.79
-11.48	0.37	1263.67	6876.46
-11.48	0.37	1262.76	6691.29
-11.48	0.37	1261.85	6651.68
-11.48	0.37	1260.94	6760.3
-11.48	0.37	1260.03	6907.3
-11.48	0.37	1259.12	6508.24
-11.48	0.37	1258.21	6441.25
-11.48	0.37	1257.3	6626.63
-11.48	0.37	1256.39	6556.91
-11.48	0.37	1255.47	6361.08
-11.48	0.37	1254.56	6324.32
-11.48	0.37	1253.65	6493.14
-11.48	0.37	1252.74	6667.39
-11.48	0.37	1251.83	6419.62
-11.48	0.37	1250.91	6193.86
-11.48	0.37	1250.0	6598.13
-11.48	0.37	1249.09	6334.08
-11.48	0.37	1248.17	6352.13
-11.48	0.37	1247.26	6214.13
-11.48	0.37	1246.35	6330.73
-11.48	0.37	1245.43	6548.54
-11.48	0.37	1244.52	6462.57
-11.48	0.37	1243.61	6360.21
-11.48	0.37	1242.69	6422.0
-11.48	0.37	1241.78	6658.78
-11.48	0.37	1240.86	6449.81
-11.48	0.37	1239.95	6454.14
-11.48	0.37	1239.03	6690.79
-11.48	0.37	1238.12	6673.22
-11.48	0.37	1237.2	6603.74
-11.48	0.37	1236.29	6384.03
-11.48	0.37	1235.37	6658.76
-11.48	0.37	1234.46	6698.55
-11.48	0.37	1233.54	6397.04
-11.48	0.37	1232.63	6652.51
-11.48	0.37	1231.71	6730.49
-11.48	0.37	1230.8	6860.29
-11.48	0.37	1229.88	6779.96
-11.48	0.37	1228.96	6792.4
-11.48	0.37	1228.05	7063.94
-11.48	0.37	1227.13	7065.42
-11.48	0.37	1226.21	7118.7
-11.48	0.37	1225.3	6899.37
-11.48	0.37	1224.38	7124.37
-11.48	0.37	1223.46	7403.79
-11.48	0.37	1222.54	7271.7
-11.48	0.37	1221.63	7049.77
-11.48	0.37	1220.71	7209.22
-11.48	0.37	1219.79	7352.27
-11.48	0.37	1218.87	7291.08
-11.48	0.37	1217.95	7197.24
-11.48	0.37	1217.03	7217.74
-11.48	0.37	1216.12	7387.9
-11.48	0.37	1215.2	7283.21
-11.48	0.37	1214.28	7137.75
-11.48	0.37	1213.36	6856.36
-11.48	0.37	1212.44	7295.67
-11.48	0.37	1211.52	7212.82
-11.48	0.37	1210.6	6885.35
-11.48	0.37	1209.68	6990.13
-11.48	0.37	1208.76	7092.15
-11.48	0.37	1207.84	7343.56
-11.48	0.37	1206.92	6758.25
-11.48	0.37	1206.0	7188.88
-11.48	0.37	1205.08	7266.36
-11.48	0.37	1204.16	7178.2
-11.48	0.37	1203.24	6989.63
-11.48	0.37	1202.31	7308.64
-11.48	0.37	1201.39	7467.45
-11.48	0.37	1200.47	7414.58
-11.48	0.37	1199.55	7378.01
-11.48	0.37	1198.63	7322.46
-11.48	0.37	1197.71	7535.38
-11.48	0.37	1196.78	7599.11
-11.48	0.37	1195.86	7408.03
-11.48	0.37	1194.94	7536.8
-11.48	0.37	1194.02	7947.33
-11.48	0.37	1193.09	7937.8
-11.48	0.37	1192.17	7524.68
-11.48	0.37	1191.25	7534.18
-11.48	0.37	1190.32	7511.19
-11.48	0.37	1189.4	7647.93
-11.48	0.37	1188.48	7384.02
-11.48	0.37	1187.55	7282.58
-11.48	0.37	1186.63	7338.12
-11.48	0.37	1185.71	7426.09
-11.48	0.37	1184.78	7202.98
-11.48	0.37	1183.86	7128.69
-11.48	0.37	1182.93	7465.41
-11.48	0.37	1182.01	7566.82
-11.48	0.37	1181.08	7265.46
-11.48	0.37	1180.16	7234.44
-11.48	0.37	1179.23	7357.45
-11.48	0.37	1178.31	7639.81
-11.48	0.37	1177.38	7500.7
-11.48	0.37	1176.46	7685.71
-11.48	0.37	1175.53	7832.85
-11.48	0.37	1174.6	7912.46
-11.48	0.37	1173.68	7673.53
-11.48	0.37	1172.75	7553.44
-11.48	0.37	1171.82	7819.21
-11.48	0.37	1170.9	7874.48
-11.48	0.37	1169.97	7681.58
-11.48	0.37	1169.04	7618.2
-11.48	0.37	1168.12	7872.99
-11.48	0.37	1167.19	7912.03
-11.48	0.37	1166.26	7818.99
-11.48	0.37	1165.33	7793.35
-11.48	0.37	1164.41	7818.91
-11.48	0.37	1163.48	8253.93
-11.48	0.37	1162.55	7945.43
-11.48	0.37	1161.62	8030.19
-11.48	0.37	1160.69	8228.0
-11.48	0.37	1159.76	8242.7
-11.48	0.37	1158.84	8052.83
-11.48	0.37	1157.91	7992.2
-11.48	0.37	1156.98	8122.62
-11.48	0.37	1156.05	8422.46
-11.48	0.37	1155.12	8036.37
-11.48	0.37	1154.19	7615.45
-11.48	0.37	1153.26	7829.18
-11.48	0.37	1152.33	7803.6
-11.48	0.37	1151.4	7487.76
-11.48	0.37	1150.47	7069.92
-11.48	0.37	1149.54	7235.24
-11.48	0.37	1148.61	7013.69
-11.48	0.37	1147.68	6695.53
-11.48	0.37	1146.75	6511.75
-11.48	0.37	1145.81	6585.76
-11.48	0.37	1144.88	6477.22
-11.48	0.37	1143.95	6154.01
-11.48	0.37	1143.02	6075.1
-11.48	0.37	1142.09	6226.95
-11.48	0.37	1141.16	6072.95
-11.48	0.37	1140.22	5884.14
-11.48	0.37	1139.29	5829.46
-11.48	0.37	1138.36	5989.28
-11.48	0.37	1137.43	5822.03
-11.48	0.37	1136.49	5735.24
-11.48	0.37	1135.56	5798.53
-11.48	0.37	1134.63	5719.8
-11.48	0.37	1133.69	5917.0
-11.48	0.37	1132.76	5886.49
-11.48	0.37	1131.83	5609.65
-11.48	0.37	1130.89	5761.25
-11.48	0.37	1129.96	5894.06
-11.48	0.37	1129.02	5724.41
-11.48	0.37	1128.09	5688.61
-11.48	0.37	1127.16	5853.47
-11.48	0.37	1126.22	5999.54
-11.48	0.37	1125.29	5835.34
-11.48	0.37	1124.35	5836.98
-11.48	0.37	1123.42	6194.17
-11.48	0.37	1122.48	6353.44
-11.48	0.37	1121.55	6354.99
-11.48	0.37	1120.61	6436.69
-11.48	0.37	1119.67	6764.13
-11.48	0.37	1118.74	6912.5
-11.48	0.37	1117.8	7044.8
-11.48	0.37	1116.87	7145.01
-11.48	0.37	1115.93	7333.27
-11.48	0.37	1114.99	7449.41
-11.48	0.37	1114.06	7520.14
-11.48	0.37	1113.12	7249.32
-11.48	0.37	1112.18	7408.09
-11.48	0.37	1111.24	7510.79
-11.48	0.37	1110.31	7253.45
-11.48	0.37	1109.37	7185.5
-11.48	0.37	1108.43	7077.59
-11.48	0.37	1107.49	6900.42
-11.48	0.37	1106.55	6574.09
-11.48	0.37	1105.62	6607.56
-11.48	0.37	1104.68	6712.93
-11.48	0.37	1103.74	6453.39
-11.48	0.37	1102.8	6092.75
-11.48	0.37	1101.86	6054.39
-11.48	0.37	1100.92	6146.48
-11.48	0.37	1099.98	6076.19
-11.48	0.37	1099.04	5737.16
-11.48	0.37	1098.1	5677.6
-11.48	0.37	1097.16	5737.77
-11.48	0.37	1096.22	5752.71
-11.48	0.37	1095.28	5408.66
-11.48	0.37	1094.34	5362.5
-11.48	0.37	1093.4	5544.95
-11.48	0.37	1092.46	5456.26
-11.48	0.37	1091.52	5208.17
-11.48	0.37	1090.58	5199.27
-11.48	0.37	1089.64	5360.38
-11.48	0.37	1088.7	5014.17
-11.48	0.37	1087.76	5138.07
-11.48	0.37	1086.81	5007.07
-11.48	0.37	1085.87	5152.17
-11.48	0.37	1084.93	5127.36
-11.48	0.37	1083.99	4707.21
-11.48	0.37	1083.05	4724.94
-11.48	0.37	1082.1	4957.51
-11.48	0.37	1081.16	4818.72
-11.48	0.37	1080.22	4743.62
-11.48	0.37	1079.28	4626.13
-11.48	0.37	1078.33	4776.39
-11.48	0.37	1077.39	4703.98
-11.48	0.37	1076.45	4507.07
-11.48	0.37	1075.5	4673.16
-11.48	0.37	1074.56	4669.68
-11.48	0.37	1073.61	4541.73
-11.48	0.37	1072.67	4493.26
-11.48	0.37	1071.73	4434.22
-11.48	0.37	1070.78	4475.78
-11.48	0.37	1069.84	4506.73
-11.48	0.37	1068.89	4320.72
-11.48	0.37	1067.95	4330.53
-11.48	0.37	1067.0	4401.17
-11.48	0.37	1066.06	4418.89
-11.48	0.37	1065.11	4344.07
-11.48	0.37	1064.16	4322.15
-11.48	0.37	1063.22	4540.75
-11.48	0.37	1062.27	4370.82
-11.48	0.37	1061.33	4248.5
-11.48	0.37	1060.38	4342.84
-11.48	0.37	1059.43	4421.3
-11.48	0.37	1058.49	4349.21
-11.48	0.37	1057.54	4337.87
-11.48	0.37	1056.59	4426.85
-11.48	0.37	1055.65	4502.6
-11.48	0.37	1054.7	4409.43
-11.48	0.37	1053.75	4197.58
-11.48	0.37	1052.8	4188.91
-11.48	0.37	1051.85	4430.81
-11.48	0.37	1050.91	4350.91
-11.48	0.37	1049.96	4176.12
-11.48	0.37	1049.01	4265.0
-11.48	0.37	1048.06	4377.56
-11.48	0.37	1047.11	4158.07
-11.48	0.37	1046.16	4199.48
-11.48	0.37	1045.21	4280.39
-11.48	0.37	1044.27	4324.4
-11.48	0.37	1043.32	4160.37
-11.48	0.37	1042.37	4151.72
-11.48	0.37	1041.42	4200.99
-11.48	0.37	1040.47	4276.56
-11.48	0.37	1039.52	4125.82
-11.48	0.37	1038.57	4238.2
-11.48	0.37	1037.62	4321.61
-11.48	0.37	1036.67	4297.17
-11.48	0.37	1035.71	4249.07
-11.48	0.37	1034.76	4066.92
-11.48	0.37	1033.81	4168.7
-11.48	0.37	1032.86	4249.42
-11.48	0.37	1031.91	4311.72
-11.48	0.37	1030.96	4195.36
-11.48	0.37	1030.01	4310.18
-11.48	0.37	1029.05	4146.59
-11.48	0.37	1028.1	4103.84
-11.48	0.37	1027.15	4226.48
-11.48	0.37	1026.2	4293.97
-11.48	0.37	1025.24	4203.98
-11.48	0.37	1024.29	4116.64
-11.48	0.37	1023.34	4194.6
-11.48	0.37	1022.39	4340.73
-11.48	0.37	1021.43	4366.17
-11.48	0.37	1020.48	4215.94
-11.48	0.37	1019.52	4335.77
-11.48	0.37	1018.57	4505.35
-11.48	0.37	1017.62	4420.69
-11.48	0.37	1016.66	4385.84
-11.48	0.37	1015.71	4479.36
-11.48	0.37	1014.75	4599.03
-11.48	0.37	1013.8	4553.69
-11.48	0.37	1012.84	4466.48
-11.48	0.37	1011.89	4468.29
-11.48	0.37	1010.93	4598.35
-11.48	0.37	1009.98	4516.41
-11.48	0.37	1009.02	4363.86
-11.48	0.37	1008.07	4601.11
-11.48	0.37	1007.11	4404.14
-11.48	0.37	1006.16	4371.97
-11.48	0.37	1005.2	4269.23
-11.48	0.37	1004.24	4461.89
-11.48	0.37	1003.29	4424.5
-11.48	0.37	1002.33	4285.22
-11.48	0.37	1001.37	4373.28
-11.48	0.37	1000.41	4393.39
-11.48	0.37	999.4580000000001	4293.36
-11.48	0.37	998.5	4235.15
-11.48	0.37	997.543	4137.79
-11.48	0.37	996.585	4217.97
-11.48	0.37	995.627	4295.5
-11.48	0.37	994.669	4025.98
-11.48	0.37	993.71	3975.69
-11.48	0.37	992.752	4068.88
-11.48	0.37	991.793	4185.5
-11.48	0.37	990.834	4116.95
-11.48	0.37	989.875	4006.73
-11.48	0.37	988.916	4042.5
-11.48	0.37	987.957	4049.59
-11.48	0.37	986.997	3861.27
-11.48	0.37	986.0369999999999	4063.76
-11.48	0.37	985.078	4013.55
-11.48	0.37	984.118	4012.83
-11.48	0.37	983.1569999999999	3913.17
-11.48	0.37	982.197	3946.31
-11.48	0.37	981.2360000000001	4138.2
-11.48	0.37	980.2760000000001	4064.59
-11.48	0.37	979.315	3962.39
-11.48	0.37	978.3539999999999	4070.93
-11.48	0.37	977.3919999999999	4169.03
-11.48	0.37	976.431	4079.87
-11.48	0.37	975.4689999999999	4055.74
-11.48	0.37	974.508	4070.61
-11.48	0.37	973.546	4228.41
-11.48	0.37	972.584	4162.69
-11.48	0.37	971.6210000000001	4089.2
-11.48	0.37	970.659	4083.27
-11.48	0.37	969.696	4266.92
-11.48	0.37	968.7330000000001	4138.92
-11.48	0.37	967.77	4044.72
-11.48	0.37	966.807	4178.96
-11.48	0.37	965.8439999999999	4227.52
-11.48	0.37	964.88	4117.78
-11.48	0.37	963.9169999999999	4122.23
-11.48	0.37	962.953	4191.52
-11.48	0.37	961.9889999999999	4227.07
-11.48	0.37	961.025	4270.39
-11.48	0.37	960.06	4290.36
-11.48	0.37	959.096	4328.47
-11.48	0.37	958.1310000000001	4418.39
-11.48	0.37	957.166	4370.95
-11.48	0.37	956.201	4517.83
-11.48	0.37	955.2360000000001	4436.72
-11.48	0.37	954.27	4451.46
-11.48	0.37	953.305	4347.09
-11.48	0.37	952.3389999999999	4361.84
-11.48	0.37	951.373	4350.71
-11.48	0.37	950.4069999999999	4259.35
-11.48	0.37	949.441	4266.35
-11.48	0.37	948.4739999999999	4076.74
-11.48	0.37	947.508	4267.4
-11.48	0.37	946.541	4108.89
-11.48	0.37	945.574	4074.54
-11.48	0.37	944.607	4200.47
-11.48	0.37	943.6389999999999	4127.35
-11.48	0.37	942.672	4155.03
-11.48	0.37	941.704	4120.69
-11.48	0.37	940.7360000000001	4042.46
-11.48	0.37	939.768	4080.47
-11.48	0.37	938.8	3927.39
-11.48	0.37	937.832	3872.47
-11.48	0.37	936.863	4065.36
-11.48	0.37	935.8939999999999	4136.88
-11.48	0.37	934.926	3847.15
-11.48	0.37	933.956	4114.75
-11.48	0.37	932.987	4095.96
-11.48	0.37	932.018	3979.17
-11.48	0.37	931.048	3981.03
-11.48	0.37	930.078	4075.7
-11.48	0.37	929.1080000000001	4373.95
-11.48	0.37	928.138	4187.61
-11.48	0.37	927.168	4192.01
-11.48	0.37	926.198	4379.31
-11.48	0.37	925.227	4308.98
-11.48	0.37	924.2560000000001	4287.6
-11.48	0.37	923.285	4183.84
-11.48	0.37	922.314	4298.92
-11.48	0.37	921.3430000000001	4223.51
-11.48	0.37	920.3710000000001	4179.0
-11.48	0.37	919.3989999999999	4106.21
-11.48	0.37	918.427	4133.76
-11.48	0.37	917.455	4189.6
-11.48	0.37	916.4830000000001	3962.55
-11.48	0.37	915.5110000000001	4146.95
-11.48	0.37	914.538	3981.69
-11.48	0.37	913.565	3865.32
-11.48	0.37	912.5930000000001	3890.32
-11.48	0.37	911.6189999999999	3845.94
-11.48	0.37	910.6460000000001	4030.18
-11.48	0.37	909.673	3934.43
-11.48	0.37	908.699	3887.51
-11.48	0.37	907.725	4007.46
-11.48	0.37	906.7510000000001	4068.34
-11.48	0.37	905.7769999999999	4036.81
-11.48	0.37	904.803	3905.22
-11.48	0.37	903.828	3981.48
-11.48	0.37	902.8539999999999	4170.56
-11.48	0.37	901.8789999999999	4013.38
-11.48	0.37	900.904	4043.42
-11.48	0.37	899.928	3993.98
-11.48	0.37	898.953	3993.26
-11.48	0.37	897.977	4015.6
-11.48	0.37	897.002	3943.14
-11.48	0.37	896.0260000000001	4124.3
-11.48	0.37	895.05	4202.95
-11.48	0.37	894.073	3933.32
-11.48	0.37	893.097	3822.51
-11.48	0.37	892.12	4057.32
-11.48	0.37	891.1439999999999	4028.44
-11.48	0.37	890.1669999999999	3835.79
-11.48	0.37	889.189	4034.65
-11.48	0.37	888.212	4136.24
-11.48	0.37	887.235	4053.66
-11.48	0.37	886.257	4078.49
-11.48	0.37	885.279	4192.8
-11.48	0.37	884.301	4194.6
-11.48	0.37	883.323	4198.95
-11.48	0.37	882.3439999999999	4162.42
-11.48	0.37	881.3660000000001	4478.45
-11.48	0.37	880.387	4403.57
-11.48	0.37	879.408	4264.86
-11.48	0.37	878.429	4284.52
-11.48	0.37	877.45	4388.41
-11.48	0.37	876.47	4362.09
-11.48	0.37	875.4910000000001	4049.96
-11.48	0.37	874.5110000000001	4181.91
-11.48	0.37	873.5310000000001	4255.13
-11.48	0.37	872.551	4221.2
-11.48	0.37	871.57	4044.48
-11.48	0.37	870.59	4071.79
-11.48	0.37	869.6089999999999	4239.3
-11.48	0.37	868.628	4185.01
-11.48	0.37	867.6469999999999	4033.9
-11.48	0.37	866.666	4122.35
-11.48	0.37	865.684	4210.76
-11.48	0.37	864.703	4024.07
-11.48	0.37	863.721	4048.81
-11.48	0.37	862.7389999999999	4160.09
-11.48	0.37	861.757	4149.16
-11.48	0.37	860.775	4115.32
-11.48	0.37	859.7919999999999	4132.39
-11.48	0.37	858.81	4200.33
-11.48	0.37	857.827	4225.0
-11.48	0.37	856.8439999999999	4056.39
-11.48	0.37	855.86	4045.48
-11.48	0.37	854.877	4209.99
-11.48	0.37	853.8939999999999	4074.51
-11.48	0.37	852.91	3900.96
-11.48	0.37	851.926	3991.73
-11.48	0.37	850.942	4034.19
-11.48	0.37	849.9580000000001	4043.62
-11.48	0.37	848.9730000000001	3936.23
-11.48	0.37	847.988	3960.9
-11.48	0.37	847.0039999999999	4112.5
-11.48	0.37	846.0189999999999	3954.39
-11.48	0.37	845.034	3938.44
-11.48	0.37	844.048	4110.26
-11.48	0.37	843.063	4076.53
-11.48	0.37	842.077	3999.71
-11.48	0.37	841.091	3930.51
-11.48	0.37	840.105	4048.96
-11.48	0.37	839.1189999999999	4033.02
-11.48	0.37	838.132	3933.44
-11.48	0.37	837.1460000000001	3975.8
-11.48	0.37	836.159	4053.62
-11.48	0.37	835.172	4063.02
-11.48	0.37	834.185	3854.61
-11.48	0.37	833.198	3934.93
-11.48	0.37	832.21	4096.25
-11.48	0.37	831.222	4072.72
-11.48	0.37	830.235	3879.64
-11.48	0.37	829.247	4015.58
-11.48	0.37	828.258	4078.09
-11.48	0.37	827.27	4107.7
-11.48	0.37	826.2810000000001	4008.33
-11.48	0.37	825.293	4075.87
-11.48	0.37	824.304	4097.88
-11.48	0.37	823.315	4039.0
-11.48	0.37	822.325	3995.31
-11.48	0.37	821.336	4166.39
-11.48	0.37	820.346	4137.84
-11.48	0.37	819.3560000000001	3929.98
-11.48	0.37	818.3660000000001	4116.14
-11.48	0.37	817.3760000000001	4117.91
-11.48	0.37	816.3860000000001	4192.89
-11.48	0.37	815.395	4035.65
-11.48	0.37	814.405	4103.05
-11.48	0.37	813.414	4066.98
-11.48	0.37	812.423	4149.48
-11.48	0.37	811.431	4083.16
-11.48	0.37	810.44	4031.98
-11.48	0.37	809.448	4074.11
-11.48	0.37	808.456	3896.92
-11.48	0.37	807.4639999999999	3974.34
-11.48	0.37	806.472	3948.42
-11.48	0.37	805.48	3932.58
-11.48	0.37	804.487	3853.78
-11.48	0.37	803.495	3923.6
-11.48	0.37	802.502	3950.58
-11.48	0.37	801.5089999999999	3856.71
-11.48	0.37	800.5160000000001	3825.81
-11.48	0.37	799.5219999999999	3812.53
-11.48	0.37	798.528	3902.41
-11.48	0.37	797.535	3944.47
-11.48	0.37	796.541	3760.14
-11.48	0.37	795.547	3917.88
-11.48	0.37	794.552	3927.23
-11.48	0.37	793.558	3939.08
-11.48	0.37	792.563	3785.05
-11.48	0.37	791.568	3977.85
-11.48	0.37	790.573	3972.1
-11.48	0.37	789.578	3858.34
-11.48	0.37	788.582	3862.66
-11.48	0.37	787.587	4030.19
-11.48	0.37	786.591	3911.46
-11.48	0.37	785.595	3827.91
-11.48	0.37	784.5989999999999	3932.62
-11.48	0.37	783.602	3967.03
-11.48	0.37	782.6060000000001	3876.0
-11.48	0.37	781.6089999999999	3902.88
-11.48	0.37	780.612	3859.54
-11.48	0.37	779.615	4016.8
-11.48	0.37	778.618	3918.29
-11.48	0.37	777.6210000000001	4032.87
-11.48	0.37	776.623	3839.18
-11.48	0.37	775.625	4051.45
-11.48	0.37	774.627	3755.11
-11.48	0.37	773.6289999999999	3884.66
-11.48	0.37	772.6310000000001	3959.08
-11.48	0.37	771.632	3973.38
-11.48	0.37	770.6339999999999	3960.14
-11.48	0.37	769.635	4024.49
-11.48	0.37	768.6360000000001	4056.28
-11.48	0.37	767.6360000000001	3993.0
-11.48	0.37	766.637	3899.72
-11.48	0.37	765.637	3971.53
-11.48	0.37	764.637	3970.81
-11.48	0.37	763.638	3937.58
-11.48	0.37	762.637	4039.35
-11.48	0.37	761.637	4043.61
-11.48	0.37	760.6360000000001	4020.38
-11.48	0.37	759.6360000000001	4024.64
-11.48	0.37	758.635	4048.88
-11.48	0.37	757.6339999999999	4270.4
-11.48	0.37	756.633	4247.15
-11.48	0.37	755.6310000000001	4121.56
-11.48	0.37	754.6289999999999	4320.48
-11.48	0.37	753.628	4404.54
-11.48	0.37	752.6260000000001	4303.93
-11.48	0.37	751.623	4377.98
-11.48	0.37	750.6210000000001	4494.4
-11.48	0.37	749.6189999999999	4593.33
-11.48	0.37	748.6160000000001	4437.91
-11.48	0.37	747.613	4442.08
-11.48	0.37	746.61	4575.86
-11.48	0.37	745.607	4442.95
-11.48	0.37	744.6030000000001	4275.22
-11.48	0.37	743.5989999999999	4321.76
-11.48	0.37	742.596	4320.97
-11.48	0.37	741.592	4315.2
-11.48	0.37	740.587	4219.81
-11.48	0.37	739.5830000000001	4273.8
-11.48	0.37	738.579	4295.41
-11.48	0.37	737.574	4112.99
-11.48	0.37	736.569	4079.9
-11.48	0.37	735.564	4357.73
-11.48	0.37	734.558	4438.99
-11.48	0.37	733.553	4341.21
-11.48	0.37	732.547	4310.59
-11.48	0.37	731.541	4655.28
-11.48	0.37	730.535	4490.42
-11.48	0.37	729.529	4477.17
-11.48	0.37	728.523	4535.97
-11.48	0.37	727.5160000000001	4607.16
-11.48	0.37	726.5089999999999	4571.56
-11.48	0.37	725.503	4434.17
-11.48	0.37	724.495	4701.44
-11.48	0.37	723.488	4566.56
-11.48	0.37	722.4810000000001	4570.69
-11.48	0.37	721.4730000000001	4423.48
-11.48	0.37	720.465	4618.62
-11.48	0.37	719.457	4325.14
-11.48	0.37	718.449	4252.44
-11.48	0.37	717.44	4291.32
-11.48	0.37	716.432	4402.08
-11.48	0.37	715.423	4255.06
-11.48	0.37	714.414	4207.2
-11.48	0.37	713.405	4228.72
-11.48	0.37	712.395	4255.19
-11.48	0.37	711.3860000000001	4090.97
-11.48	0.37	710.3760000000001	4065.46
-11.48	0.37	709.3660000000001	4143.93
-11.48	0.37	708.3560000000001	4103.57
-11.48	0.37	707.346	4045.91
-11.48	0.37	706.335	4047.64
-11.48	0.37	705.325	4200.26
-11.48	0.37	704.314	4048.63
-11.48	0.37	703.303	3845.12
-11.48	0.37	702.2919999999999	3987.81
-11.48	0.37	701.28	4135.39
-11.48	0.37	700.2689999999999	3961.63
-11.48	0.37	699.257	3983.14
-11.48	0.37	698.245	4078.76
-11.48	0.37	697.2330000000001	3974.27
-11.48	0.37	696.22	4020.46
-11.48	0.37	695.2080000000001	3940.71
-11.48	0.37	694.195	4018.99
-11.48	0.37	693.182	3963.95
-11.48	0.37	692.169	3963.22
-11.48	0.37	691.1560000000001	3831.73
-11.48	0.37	690.143	4006.17
-11.48	0.37	689.1289999999999	3862.38
-11.48	0.37	688.115	3886.33
-11.48	0.37	687.1010000000001	3900.41
-11.48	0.37	686.087	4000.76
-11.48	0.37	685.073	3906.37
-11.48	0.37	684.058	3883.48
-11.48	0.37	683.043	4062.61
-11.48	0.37	682.028	3884.52
-11.48	0.37	681.013	3800.07
-11.48	0.37	679.998	3981.58
-11.48	0.37	678.9830000000001	4096.56
-11.48	0.37	677.967	3960.43
-11.48	0.37	676.951	3949.86
-11.48	0.37	675.935	4158.27
-11.48	0.37	674.919	3928.72
-11.48	0.37	673.9019999999999	3888.65
-11.48	0.37	672.8860000000001	4089.58
-11.48	0.37	671.8689999999999	4118.34
-11.48	0.37	670.852	4129.87
-11.48	0.37	669.835	4008.68
-11.48	0.37	668.817	4175.04
-11.48	0.37	667.8	4051.43
-11.48	0.37	666.7819999999999	4006.47
-11.48	0.37	665.7639999999999	4128.53
-11.48	0.37	664.7460000000001	4176.88
-11.48	0.37	663.7280000000001	4033.72
-11.48	0.37	662.709	3934.79
-11.48	0.37	661.691	4115.68
-11.48	0.37	660.672	4068.3
-11.48	0.37	659.653	4025.84
-11.48	0.37	658.6339999999999	4022.65
-11.48	0.37	657.6139999999999	4218.1
-11.48	0.37	656.595	4114.34
-11.48	0.37	655.575	4047.4
-11.48	0.37	654.555	4083.42
-11.48	0.37	653.535	4259.11
-11.48	0.37	652.514	4250.97
-11.48	0.37	651.494	4188.95
-11.48	0.37	650.4730000000001	4298.39
-11.48	0.37	649.452	4295.15
-11.48	0.37	648.431	4250.29
-11.48	0.37	647.41	4261.75
-11.48	0.37	646.388	4353.96
-11.48	0.37	645.366	4362.95
-11.48	0.37	644.345	4230.03
-11.48	0.37	643.323	4336.88
-11.48	0.37	642.3	4468.15
-11.48	0.37	641.278	4371.96
-11.48	0.37	640.255	4224.47
-11.48	0.37	639.232	4267.69
-11.48	0.37	638.2090000000001	4254.68
-11.48	0.37	637.186	4175.71
-11.48	0.37	636.163	4023.48
-11.48	0.37	635.139	4227.91
-11.48	0.37	634.116	4236.9
-11.48	0.37	633.092	4179.96
-11.48	0.37	632.068	4088.87
-11.48	0.37	631.043	4178.42
-11.48	0.37	630.019	4116.64
-11.48	0.37	628.994	3981.7
-11.48	0.37	627.969	4041.94
-11.48	0.37	626.944	4050.95
-11.48	0.37	625.919	3950.23
-11.48	0.37	624.893	4000.7
-11.48	0.37	623.868	3999.96
-11.48	0.37	622.842	4008.97
-11.48	0.37	621.816	3969.25
-11.48	0.37	620.79	3997.75
-11.48	0.37	619.763	4011.62
-11.48	0.37	618.737	3884.25
-11.48	0.37	617.71	3995.54
-11.48	0.37	616.683	3958.28
-11.48	0.37	615.656	4135.23
-11.48	0.37	614.629	3881.38
-11.48	0.37	613.601	4026.65
-11.48	0.37	612.573	4016.17
-11.48	0.37	611.545	3981.38
-11.48	0.37	610.5169999999999	3829.88
-11.48	0.37	609.489	4111.2
-11.48	0.37	608.461	4146.9
-11.48	0.37	607.432	4124.26
-11.48	0.37	606.403	4118.64
-11.48	0.37	605.374	4275.79
-11.48	0.37	604.345	4379.45
-11.48	0.37	603.315	4315.5
-11.48	0.37	602.286	4404.54
-11.48	0.37	601.256	4551.81
-11.48	0.37	600.226	4439.32
