-1.59	20.48	1799.66	3487.23
-1.59	20.48	1798.84	3422.47
-1.59	20.48	1798.03	3479.94
-1.59	20.48	1797.21	3500.73
-1.59	20.48	1796.39	3439.06
-1.59	20.48	1795.57	3349.92
-1.59	20.48	1794.75	3498.96
-1.59	20.48	1793.93	3589.95
-1.59	20.48	1793.11	3503.88
-1.59	20.48	1792.29	3451.41
-1.59	20.48	1791.47	3456.93
-1.59	20.48	1790.65	3517.36
-1.59	20.48	1789.84	3611.32
-1.59	20.48	1789.02	3458.23
-1.59	20.48	1788.2	3335.68
-1.59	20.48	1787.38	3478.4
-1.59	20.48	1786.56	3645.46
-1.59	20.48	1785.73	3617.41
-1.59	20.48	1784.91	3549.77
-1.59	20.48	1784.09	3424.26
-1.59	20.48	1783.27	3563.8
-1.59	20.48	1782.45	3718.51
-1.59	20.48	1781.63	3498.65
-1.59	20.48	1780.81	3525.46
-1.59	20.48	1779.99	3579.65
-1.59	20.48	1779.17	3646.0
-1.59	20.48	1778.35	3675.82
-1.59	20.48	1777.52	3669.11
-1.59	20.48	1776.7	3498.14
-1.59	20.48	1775.88	3582.71
-1.59	20.48	1775.06	3749.35
-1.59	20.48	1774.24	3681.83
-1.59	20.48	1773.41	3586.97
-1.59	20.48	1772.59	3601.56
-1.59	20.48	1771.77	3795.44
-1.59	20.48	1770.95	3700.61
-1.59	20.48	1770.12	3575.43
-1.59	20.48	1769.3	3562.68
-1.59	20.48	1768.48	3665.32
-1.59	20.48	1767.65	3913.67
-1.59	20.48	1766.83	3700.51
-1.59	20.48	1766.01	3687.75
-1.59	20.48	1765.18	3693.19
-1.59	20.48	1764.36	4020.25
-1.59	20.48	1763.53	3840.59
-1.59	20.48	1762.71	3812.64
-1.59	20.48	1761.88	3717.98
-1.59	20.48	1761.06	3735.55
-1.59	20.48	1760.24	3938.03
-1.59	20.48	1759.41	3955.55
-1.59	20.48	1758.59	3745.77
-1.59	20.48	1757.76	3751.2
-1.59	20.48	1756.94	3953.54
-1.59	20.48	1756.11	3983.16
-1.59	20.48	1755.28	3912.83
-1.59	20.48	1754.46	3751.69
-1.59	20.48	1753.63	3881.23
-1.59	20.48	1752.81	3983.49
-1.59	20.48	1751.98	4070.58
-1.59	20.48	1751.16	3797.56
-1.59	20.48	1750.33	3908.86
-1.59	20.48	1749.5	3962.64
-1.59	20.48	1748.68	4067.83
-1.59	20.48	1747.85	3937.11
-1.59	20.48	1747.02	3863.88
-1.59	20.48	1746.2	4005.3
-1.59	20.48	1745.37	4297.79
-1.59	20.48	1744.54	4043.23
-1.59	20.48	1743.71	4045.56
-1.59	20.48	1742.89	4020.71
-1.59	20.48	1742.06	4128.76
-1.59	20.48	1741.23	4194.5
-1.59	20.48	1740.4	4121.32
-1.59	20.48	1739.57	4072.32
-1.59	20.48	1738.75	4192.36
-1.59	20.48	1737.92	4321.41
-1.59	20.48	1737.09	4209.04
-1.59	20.48	1736.26	4012.24
-1.59	20.48	1735.43	4174.44
-1.59	20.48	1734.6	4237.06
-1.59	20.48	1733.77	4302.67
-1.59	20.48	1732.94	4139.15
-1.59	20.48	1732.11	4144.48
-1.59	20.48	1731.28	4300.48
-1.59	20.48	1730.45	4350.98
-1.59	20.48	1729.62	4190.57
-1.59	20.48	1728.8	4219.98
-1.59	20.48	1727.96	4225.29
-1.59	20.48	1727.13	4432.34
-1.59	20.48	1726.3	4542.98
-1.59	20.48	1725.47	4202.07
-1.59	20.48	1724.64	4339.79
-1.59	20.48	1723.81	4381.18
-1.59	20.48	1722.98	4455.65
-1.59	20.48	1722.15	4385.71
-1.59	20.48	1721.32	4291.73
-1.59	20.48	1720.49	4242.89
-1.59	20.48	1719.66	4575.89
-1.59	20.48	1718.82	4545.06
-1.59	20.48	1717.99	4454.12
-1.59	20.48	1717.16	4339.17
-1.59	20.48	1716.33	4440.59
-1.59	20.48	1715.5	4647.11
-1.59	20.48	1714.66	4544.2
-1.59	20.48	1713.83	4426.31
-1.59	20.48	1713.0	4485.61
-1.59	20.48	1712.17	4715.99
-1.59	20.48	1711.33	4571.13
-1.59	20.48	1710.5	4576.35
-1.59	20.48	1709.67	4491.56
-1.59	20.48	1708.83	4640.79
-1.59	20.48	1708.0	4849.96
-1.59	20.48	1707.17	4675.2
-1.59	20.48	1706.33	4455.53
-1.59	20.48	1705.5	4517.72
-1.59	20.48	1704.66	4741.75
-1.59	20.48	1703.83	4803.88
-1.59	20.48	1703.0	4656.25
-1.59	20.48	1702.16	4721.36
-1.59	20.48	1701.33	4717.56
-1.59	20.48	1700.49	4908.42
-1.59	20.48	1699.66	4895.61
-1.59	20.48	1698.82	4634.32
-1.59	20.48	1697.99	4660.47
-1.59	20.48	1697.15	4824.28
-1.59	20.48	1696.32	4922.2
-1.59	20.48	1695.48	4855.55
-1.59	20.48	1694.64	4654.31
-1.59	20.48	1693.81	4976.52
-1.59	20.48	1692.97	5017.53
-1.59	20.48	1692.14	4992.76
-1.59	20.48	1691.3	4785.66
-1.59	20.48	1690.46	4760.93
-1.59	20.48	1689.63	5217.31
-1.59	20.48	1688.79	5010.27
-1.59	20.48	1687.95	4800.32
-1.59	20.48	1687.12	4808.46
-1.59	20.48	1686.28	5130.15
-1.59	20.48	1685.44	5203.91
-1.59	20.48	1684.6	5044.82
-1.59	20.48	1683.77	5070.82
-1.59	20.48	1682.93	5093.83
-1.59	20.48	1682.09	5319.71
-1.59	20.48	1681.25	5226.33
-1.59	20.48	1680.41	5106.14
-1.59	20.48	1679.58	4985.99
-1.59	20.48	1678.74	5262.42
-1.59	20.48	1677.9	5476.16
-1.59	20.48	1677.06	5361.96
-1.59	20.48	1676.22	5226.95
-1.59	20.48	1675.38	5506.13
-1.59	20.48	1674.54	5615.42
-1.59	20.48	1673.7	5721.69
-1.59	20.48	1672.86	5348.46
-1.59	20.48	1672.02	5517.27
-1.59	20.48	1671.18	5534.19
-1.59	20.48	1670.34	5836.84
-1.59	20.48	1669.5	5588.84
-1.59	20.48	1668.66	5406.39
-1.59	20.48	1667.82	5694.04
-1.59	20.48	1666.98	5996.46
-1.59	20.48	1666.14	5814.03
-1.59	20.48	1665.3	5554.35
-1.59	20.48	1664.46	5639.61
-1.59	20.48	1663.62	5885.36
-1.59	20.48	1662.78	6018.09
-1.59	20.48	1661.94	5770.44
-1.59	20.48	1661.1	5769.46
-1.59	20.48	1660.25	6017.98
-1.59	20.48	1659.41	6111.99
-1.59	20.48	1658.57	6107.98
-1.59	20.48	1657.73	6020.84
-1.59	20.48	1656.89	6111.83
-1.59	20.48	1656.04	6345.25
-1.59	20.48	1655.2	6442.09
-1.59	20.48	1654.36	6304.51
-1.59	20.48	1653.52	6404.29
-1.59	20.48	1652.67	6613.77
-1.59	20.48	1651.83	6766.84
-1.59	20.48	1650.99	6567.04
-1.59	20.48	1650.14	6491.81
-1.59	20.48	1649.3	6674.46
-1.59	20.48	1648.46	7129.67
-1.59	20.48	1647.61	6835.13
-1.59	20.48	1646.77	6807.31
-1.59	20.48	1645.92	6900.92
-1.59	20.48	1645.08	7056.69
-1.59	20.48	1644.24	7342.68
-1.59	20.48	1643.39	7039.48
-1.59	20.48	1642.55	6943.56
-1.59	20.48	1641.7	7196.87
-1.59	20.48	1640.86	7745.96
-1.59	20.48	1640.01	7519.81
-1.59	20.48	1639.17	7284.87
-1.59	20.48	1638.32	7481.76
-1.59	20.48	1637.48	7486.39
-1.59	20.48	1636.63	7792.56
-1.59	20.48	1635.78	7619.8
-1.59	20.48	1634.94	7668.73
-1.59	20.48	1634.09	8075.17
-1.59	20.48	1633.25	8144.69
-1.59	20.48	1632.4	8205.32
-1.59	20.48	1631.55	8056.26
-1.59	20.48	1630.71	8199.56
-1.59	20.48	1629.86	8806.31
-1.59	20.48	1629.01	8766.43
-1.59	20.48	1628.16	8342.91
-1.59	20.48	1627.32	8748.68
-1.59	20.48	1626.47	9130.7
-1.59	20.48	1625.62	9282.52
-1.59	20.48	1624.77	9198.35
-1.59	20.48	1623.93	8907.81
-1.59	20.48	1623.08	9395.68
-1.59	20.48	1622.23	9671.15
-1.59	20.48	1621.38	9840.43
-1.59	20.48	1620.53	9426.22
-1.59	20.48	1619.69	9412.82
-1.59	20.48	1618.84	10088.7
-1.59	20.48	1617.99	10337.3
-1.59	20.48	1617.14	9796.67
-1.59	20.48	1616.29	9721.39
-1.59	20.48	1615.44	10320.2
-1.59	20.48	1614.59	10624.5
-1.59	20.48	1613.74	10216.6
-1.59	20.48	1612.89	10367.9
-1.59	20.48	1612.04	10625.0
-1.59	20.48	1611.19	11014.3
-1.59	20.48	1610.34	10806.6
-1.59	20.48	1609.49	10463.7
-1.59	20.48	1608.64	10300.2
-1.59	20.48	1607.79	10997.9
-1.59	20.48	1606.94	11175.3
-1.59	20.48	1606.09	10867.8
-1.59	20.48	1605.24	11045.2
-1.59	20.48	1604.39	10870.0
-1.59	20.48	1603.54	11508.3
-1.59	20.48	1602.68	11280.2
-1.59	20.48	1601.83	10829.2
-1.59	20.48	1600.98	11420.2
-1.59	20.48	1600.13	11594.3
-1.59	20.48	1599.28	11727.3
-1.59	20.48	1598.42	11297.0
-1.59	20.48	1597.57	11268.6
-1.59	20.48	1596.72	11859.1
-1.59	20.48	1595.87	12053.5
-1.59	20.48	1595.01	11591.2
-1.59	20.48	1594.16	11369.4
-1.59	20.48	1593.31	11894.9
-1.59	20.48	1592.45	12475.9
-1.59	20.48	1591.6	12051.9
-1.59	20.48	1590.75	11478.7
-1.59	20.48	1589.89	11828.2
-1.59	20.48	1589.04	12136.5
-1.59	20.48	1588.19	12758.0
-1.59	20.48	1587.33	12267.0
-1.59	20.48	1586.48	11904.9
-1.59	20.48	1585.62	12567.1
-1.59	20.48	1584.77	12731.7
-1.59	20.48	1583.91	12308.3
-1.59	20.48	1583.06	11964.0
-1.59	20.48	1582.2	12608.2
-1.59	20.48	1581.35	12395.5
-1.59	20.48	1580.49	12729.5
-1.59	20.48	1579.64	12084.4
-1.59	20.48	1578.78	12038.5
-1.59	20.48	1577.93	12819.4
-1.59	20.48	1577.07	12779.2
-1.59	20.48	1576.21	12286.4
-1.59	20.48	1575.36	12006.9
-1.59	20.48	1574.5	12600.4
-1.59	20.48	1573.65	12729.6
-1.59	20.48	1572.79	12409.3
-1.59	20.48	1571.93	12272.9
-1.59	20.48	1571.08	12355.4
-1.59	20.48	1570.22	12878.3
-1.59	20.48	1569.36	13056.9
-1.59	20.48	1568.5	12559.0
-1.59	20.48	1567.65	12492.7
-1.59	20.48	1566.79	12980.2
-1.59	20.48	1565.93	13260.7
-1.59	20.48	1565.07	12640.7
-1.59	20.48	1564.21	12554.0
-1.59	20.48	1563.36	12793.6
-1.59	20.48	1562.5	13379.8
-1.59	20.48	1561.64	13022.2
-1.59	20.48	1560.78	12763.7
-1.59	20.48	1559.92	12898.4
-1.59	20.48	1559.06	13149.4
-1.59	20.48	1558.2	13475.9
-1.59	20.48	1557.34	12644.4
-1.59	20.48	1556.49	12377.5
-1.59	20.48	1555.63	13064.7
-1.59	20.48	1554.77	13111.9
-1.59	20.48	1553.91	12510.7
-1.59	20.48	1553.05	11953.3
-1.59	20.48	1552.19	12677.9
-1.59	20.48	1551.33	12867.5
-1.59	20.48	1550.47	12104.0
-1.59	20.48	1549.6	12125.2
-1.59	20.48	1548.74	12204.4
-1.59	20.48	1547.88	12446.3
-1.59	20.48	1547.02	12423.8
-1.59	20.48	1546.16	11884.6
-1.59	20.48	1545.3	11786.8
-1.59	20.48	1544.44	12170.7
-1.59	20.48	1543.58	12377.5
-1.59	20.48	1542.71	11815.5
-1.59	20.48	1541.85	11717.8
-1.59	20.48	1540.99	12124.6
-1.59	20.48	1540.13	12389.3
-1.59	20.48	1539.27	11955.2
-1.59	20.48	1538.4	11692.3
-1.59	20.48	1537.54	12029.4
-1.59	20.48	1536.68	12574.9
-1.59	20.48	1535.81	12436.6
-1.59	20.48	1534.95	11895.7
-1.59	20.48	1534.09	12081.9
-1.59	20.48	1533.23	12424.4
-1.59	20.48	1532.36	12865.1
-1.59	20.48	1531.5	12229.0
-1.59	20.48	1530.63	12122.8
-1.59	20.48	1529.77	12589.4
-1.59	20.48	1528.91	12980.7
-1.59	20.48	1528.04	12533.0
-1.59	20.48	1527.18	12131.7
-1.59	20.48	1526.31	12603.9
-1.59	20.48	1525.45	13035.3
-1.59	20.48	1524.58	12689.1
-1.59	20.48	1523.72	12423.9
-1.59	20.48	1522.85	12101.1
-1.59	20.48	1521.99	12630.6
-1.59	20.48	1521.12	12723.7
-1.59	20.48	1520.26	11803.1
-1.59	20.48	1519.39	11786.7
-1.59	20.48	1518.52	11931.9
-1.59	20.48	1517.66	12429.2
-1.59	20.48	1516.79	11991.2
-1.59	20.48	1515.93	11391.9
-1.59	20.48	1515.06	11715.9
-1.59	20.48	1514.19	12002.3
-1.59	20.48	1513.33	11942.6
-1.59	20.48	1512.46	11297.5
-1.59	20.48	1511.59	11517.5
-1.59	20.48	1510.72	11832.6
-1.59	20.48	1509.86	12052.5
-1.59	20.48	1508.99	11186.0
-1.59	20.48	1508.12	11374.2
-1.59	20.48	1507.25	11896.5
-1.59	20.48	1506.38	12240.0
-1.59	20.48	1505.52	11722.5
-1.59	20.48	1504.65	11398.0
-1.59	20.48	1503.78	11966.0
-1.59	20.48	1502.91	12234.4
-1.59	20.48	1502.04	12068.3
-1.59	20.48	1501.17	11798.7
-1.59	20.48	1500.3	12300.0
-1.59	20.48	1499.44	13002.5
-1.59	20.48	1498.57	13017.5
-1.59	20.48	1497.7	12730.6
-1.59	20.48	1496.83	12475.5
-1.59	20.48	1495.96	13177.5
-1.59	20.48	1495.09	13543.0
-1.59	20.48	1494.22	12897.1
-1.59	20.48	1493.35	12578.9
-1.59	20.48	1492.48	12998.9
-1.59	20.48	1491.61	13499.2
-1.59	20.48	1490.73	13094.9
-1.59	20.48	1489.86	12679.3
-1.59	20.48	1488.99	12846.4
-1.59	20.48	1488.12	12993.4
-1.59	20.48	1487.25	12672.7
-1.59	20.48	1486.38	12108.3
-1.59	20.48	1485.51	12100.4
-1.59	20.48	1484.63	12431.0
-1.59	20.48	1483.76	12423.1
-1.59	20.48	1482.89	12128.6
-1.59	20.48	1482.02	12026.2
-1.59	20.48	1481.15	12138.7
-1.59	20.48	1480.27	12520.5
-1.59	20.48	1479.4	12022.8
-1.59	20.48	1478.53	11485.1
-1.59	20.48	1477.65	12153.2
-1.59	20.48	1476.78	12523.3
-1.59	20.48	1475.91	11942.9
-1.59	20.48	1475.03	11749.1
-1.59	20.48	1474.16	11990.3
-1.59	20.48	1473.29	12179.9
-1.59	20.48	1472.41	12157.8
-1.59	20.48	1471.54	11901.1
-1.59	20.48	1470.67	11432.9
-1.59	20.48	1469.79	12480.2
-1.59	20.48	1468.92	12398.0
-1.59	20.48	1468.04	12213.0
-1.59	20.48	1467.17	11919.4
-1.59	20.48	1466.29	12177.3
-1.59	20.48	1465.42	12558.0
-1.59	20.48	1464.54	12178.8
-1.59	20.48	1463.67	11751.2
-1.59	20.48	1462.79	12108.9
-1.59	20.48	1461.91	12386.6
-1.59	20.48	1461.04	12213.2
-1.59	20.48	1460.16	11922.8
-1.59	20.48	1459.29	11943.6
-1.59	20.48	1458.41	12389.4
-1.59	20.48	1457.53	12455.7
-1.59	20.48	1456.66	12259.6
-1.59	20.48	1455.78	11966.7
-1.59	20.48	1454.9	12668.8
-1.59	20.48	1454.03	12965.8
-1.59	20.48	1453.15	12299.6
-1.59	20.48	1452.27	12243.3
-1.59	20.48	1451.39	12460.6
-1.59	20.48	1450.52	12848.6
-1.59	20.48	1449.64	12544.5
-1.59	20.48	1448.76	11990.0
-1.59	20.48	1447.88	12389.3
-1.59	20.48	1447.0	12631.9
-1.59	20.48	1446.13	12444.8
-1.59	20.48	1445.25	11987.3
-1.59	20.48	1444.37	12090.5
-1.59	20.48	1443.49	12648.8
-1.59	20.48	1442.61	12470.2
-1.59	20.48	1441.73	12027.4
-1.59	20.48	1440.85	11812.1
-1.59	20.48	1439.97	12233.5
-1.59	20.48	1439.09	12711.7
-1.59	20.48	1438.21	12263.4
-1.59	20.48	1437.33	12019.8
-1.59	20.48	1436.45	12463.6
-1.59	20.48	1435.57	12634.7
-1.59	20.48	1434.69	12121.4
-1.59	20.48	1433.81	11704.8
-1.59	20.48	1432.93	12049.1
-1.59	20.48	1432.05	12523.8
-1.59	20.48	1431.17	12209.5
-1.59	20.48	1430.29	11515.1
-1.59	20.48	1429.41	11487.6
-1.59	20.48	1428.52	12010.3
-1.59	20.48	1427.64	11923.1
-1.59	20.48	1426.76	11235.0
-1.59	20.48	1425.88	11272.7
-1.59	20.48	1425.0	11474.8
-1.59	20.48	1424.11	11410.5
-1.59	20.48	1423.23	10731.4
-1.59	20.48	1422.35	10704.0
-1.59	20.48	1421.47	11138.3
-1.59	20.48	1420.58	11127.9
-1.59	20.48	1419.7	10486.1
-1.59	20.48	1418.82	10252.2
-1.59	20.48	1417.93	10541.9
-1.59	20.48	1417.05	10956.0
-1.59	20.48	1416.17	10512.8
-1.59	20.48	1415.28	9984.85
-1.59	20.48	1414.4	10353.6
-1.59	20.48	1413.51	10705.2
-1.59	20.48	1412.63	10398.0
-1.59	20.48	1411.75	9878.97
-1.59	20.48	1410.86	10191.0
-1.59	20.48	1409.98	10581.9
-1.59	20.48	1409.09	10455.8
-1.59	20.48	1408.21	9906.0
-1.59	20.48	1407.32	10325.1
-1.59	20.48	1406.44	10645.2
-1.59	20.48	1405.55	10852.2
-1.59	20.48	1404.66	10652.8
-1.59	20.48	1403.78	10365.9
-1.59	20.48	1402.89	10739.3
-1.59	20.48	1402.01	11174.8
-1.59	20.48	1401.12	10732.8
-1.59	20.48	1400.23	10443.3
-1.59	20.48	1399.35	10638.8
-1.59	20.48	1398.46	10882.2
-1.59	20.48	1397.57	10739.4
-1.59	20.48	1396.69	10489.5
-1.59	20.48	1395.8	10645.5
-1.59	20.48	1394.91	11060.6
-1.59	20.48	1394.02	10864.3
-1.59	20.48	1393.14	10575.2
-1.59	20.48	1392.25	10750.7
-1.59	20.48	1391.36	11024.7
-1.59	20.48	1390.47	11281.8
-1.59	20.48	1389.58	10866.1
-1.59	20.48	1388.7	10757.3
-1.59	20.48	1387.81	11396.9
-1.59	20.48	1386.92	11577.7
-1.59	20.48	1386.03	11100.4
-1.59	20.48	1385.14	11073.2
-1.59	20.48	1384.25	11074.1
-1.59	20.48	1383.36	11510.6
-1.59	20.48	1382.47	11101.1
-1.59	20.48	1381.58	10719.8
-1.59	20.48	1380.69	11268.6
-1.59	20.48	1379.8	11519.5
-1.59	20.48	1378.91	11256.3
-1.59	20.48	1378.02	10928.6
-1.59	20.48	1377.13	11252.3
-1.59	20.48	1376.24	11797.7
-1.59	20.48	1375.35	11610.4
-1.59	20.48	1374.46	11218.4
-1.59	20.48	1373.57	11342.7
-1.59	20.48	1372.68	11873.7
-1.59	20.48	1371.78	11613.6
-1.59	20.48	1370.89	11286.3
-1.59	20.48	1370.0	11416.1
-1.59	20.48	1369.11	12027.9
-1.59	20.48	1368.22	12166.0
-1.59	20.48	1367.33	11595.0
-1.59	20.48	1366.43	11324.1
-1.59	20.48	1365.54	12061.6
-1.59	20.48	1364.65	12123.9
-1.59	20.48	1363.76	11715.7
-1.59	20.48	1362.86	11596.1
-1.59	20.48	1361.97	11815.2
-1.59	20.48	1361.08	12006.3
-1.59	20.48	1360.18	11688.0
-1.59	20.48	1359.29	11277.5
-1.59	20.48	1358.4	11725.9
-1.59	20.48	1357.5	12048.2
-1.59	20.48	1356.61	11839.2
-1.59	20.48	1355.71	11389.8
-1.59	20.48	1354.82	11877.0
-1.59	20.48	1353.92	12232.6
-1.59	20.48	1353.03	11984.6
-1.59	20.48	1352.13	11331.6
-1.59	20.48	1351.24	11734.6
-1.59	20.48	1350.34	11936.4
-1.59	20.48	1349.45	11906.4
-1.59	20.48	1348.55	11471.6
-1.59	20.48	1347.66	11369.1
-1.59	20.48	1346.76	11942.1
-1.59	20.48	1345.87	12001.4
-1.59	20.48	1344.97	11552.9
-1.59	20.48	1344.07	11414.2
-1.59	20.48	1343.18	11925.3
-1.59	20.48	1342.28	11973.4
-1.59	20.48	1341.38	11762.3
-1.59	20.48	1340.49	11710.0
-1.59	20.48	1339.59	12050.8
-1.59	20.48	1338.69	12371.9
-1.59	20.48	1337.8	11815.3
-1.59	20.48	1336.9	11880.1
-1.59	20.48	1336.0	12259.6
-1.59	20.48	1335.1	12516.4
-1.59	20.48	1334.2	12255.3
-1.59	20.48	1333.31	11844.0
-1.59	20.48	1332.41	12050.6
-1.59	20.48	1331.51	12460.3
-1.59	20.48	1330.61	12257.8
-1.59	20.48	1329.71	11844.0
-1.59	20.48	1328.81	11933.7
-1.59	20.48	1327.91	12526.7
-1.59	20.48	1327.02	12168.6
-1.59	20.48	1326.12	11655.1
-1.59	20.48	1325.22	11536.3
-1.59	20.48	1324.32	12131.7
-1.59	20.48	1323.42	12318.5
-1.59	20.48	1322.52	11852.4
-1.59	20.48	1321.62	11900.4
-1.59	20.48	1320.72	12289.8
-1.59	20.48	1319.82	12143.3
-1.59	20.48	1318.91	12049.5
-1.59	20.48	1318.01	11764.4
-1.59	20.48	1317.11	12378.3
-1.59	20.48	1316.21	12351.2
-1.59	20.48	1315.31	12135.4
-1.59	20.48	1314.41	11797.7
-1.59	20.48	1313.51	12280.9
-1.59	20.48	1312.61	12500.5
-1.59	20.48	1311.7	11913.5
-1.59	20.48	1310.8	11725.7
-1.59	20.48	1309.9	11770.8
-1.59	20.48	1309.0	12056.8
-1.59	20.48	1308.09	12040.9
-1.59	20.48	1307.19	11365.8
-1.59	20.48	1306.29	11901.0
-1.59	20.48	1305.39	12328.0
-1.59	20.48	1304.48	11938.3
-1.59	20.48	1303.58	11598.6
-1.59	20.48	1302.68	11375.2
-1.59	20.48	1301.77	12250.2
-1.59	20.48	1300.87	11894.0
-1.59	20.48	1299.96	11673.4
-1.59	20.48	1299.06	11452.9
-1.59	20.48	1298.16	11929.2
-1.59	20.48	1297.25	12037.7
-1.59	20.48	1296.35	11626.5
-1.59	20.48	1295.44	11536.1
-1.59	20.48	1294.54	11829.6
-1.59	20.48	1293.63	11971.2
-1.59	20.48	1292.73	11524.5
-1.59	20.48	1291.82	11500.4
-1.59	20.48	1290.92	11931.8
-1.59	20.48	1290.01	11926.9
-1.59	20.48	1289.1	11408.8
-1.59	20.48	1288.2	11119.8
-1.59	20.48	1287.29	11424.1
-1.59	20.48	1286.39	11673.1
-1.59	20.48	1285.48	11119.4
-1.59	20.48	1284.57	10709.4
-1.59	20.48	1283.67	10952.9
-1.59	20.48	1282.76	11281.7
-1.59	20.48	1281.85	10714.8
-1.59	20.48	1280.94	10668.8
-1.59	20.48	1280.04	10760.6
-1.59	20.48	1279.13	10965.3
-1.59	20.48	1278.22	10858.7
-1.59	20.48	1277.31	10578.7
-1.59	20.48	1276.41	10571.4
-1.59	20.48	1275.5	11265.9
-1.59	20.48	1274.59	11013.5
-1.59	20.48	1273.68	10587.8
-1.59	20.48	1272.77	10577.7
-1.59	20.48	1271.86	10707.9
-1.59	20.48	1270.95	10700.5
-1.59	20.48	1270.04	10055.2
-1.59	20.48	1269.13	10201.9
-1.59	20.48	1268.23	10463.9
-1.59	20.48	1267.32	10286.2
-1.59	20.48	1266.41	9803.58
-1.59	20.48	1265.5	9939.21
-1.59	20.48	1264.59	10203.9
-1.59	20.48	1263.67	10279.0
-1.59	20.48	1262.76	9642.93
-1.59	20.48	1261.85	9619.27
-1.59	20.48	1260.94	9946.94
-1.59	20.48	1260.03	9818.96
-1.59	20.48	1259.12	9433.1
-1.59	20.48	1258.21	9362.86
-1.59	20.48	1257.3	9646.46
-1.59	20.48	1256.39	9502.17
-1.59	20.48	1255.47	9349.69
-1.59	20.48	1254.56	9158.89
-1.59	20.48	1253.65	9450.55
-1.59	20.48	1252.74	9687.31
-1.59	20.48	1251.83	9334.89
-1.59	20.48	1250.91	9048.35
-1.59	20.48	1250.0	9298.74
-1.59	20.48	1249.09	9683.22
-1.59	20.48	1248.17	9333.79
-1.59	20.48	1247.26	8932.47
-1.59	20.48	1246.35	9059.54
-1.59	20.48	1245.43	9378.12
-1.59	20.48	1244.52	9097.39
-1.59	20.48	1243.61	8792.14
-1.59	20.48	1242.69	8765.98
-1.59	20.48	1241.78	9098.05
-1.59	20.48	1240.86	8623.45
-1.59	20.48	1239.95	8564.52
-1.59	20.48	1239.03	8836.33
-1.59	20.48	1238.12	8993.27
-1.59	20.48	1237.2	8483.49
-1.59	20.48	1236.29	8318.09
-1.59	20.48	1235.37	8535.13
-1.59	20.48	1234.46	8746.62
-1.59	20.48	1233.54	8816.07
-1.59	20.48	1232.63	8241.25
-1.59	20.48	1231.71	8556.4
-1.59	20.48	1230.8	8748.64
-1.59	20.48	1229.88	8779.84
-1.59	20.48	1228.96	8273.63
-1.59	20.48	1228.05	8310.36
-1.59	20.48	1227.13	8887.0
-1.59	20.48	1226.21	8498.28
-1.59	20.48	1225.3	8357.75
-1.59	20.48	1224.38	8386.26
-1.59	20.48	1223.46	8959.75
-1.59	20.48	1222.54	8756.56
-1.59	20.48	1221.63	8463.54
-1.59	20.48	1220.71	8641.8
-1.59	20.48	1219.79	8806.39
-1.59	20.48	1218.87	8802.11
-1.59	20.48	1217.95	8414.02
-1.59	20.48	1217.03	8543.17
-1.59	20.48	1216.12	8865.48
-1.59	20.48	1215.2	8755.09
-1.59	20.48	1214.28	8647.45
-1.59	20.48	1213.36	8322.28
-1.59	20.48	1212.44	8570.98
-1.59	20.48	1211.52	8376.44
-1.59	20.48	1210.6	8043.33
-1.59	20.48	1209.68	8044.63
-1.59	20.48	1208.76	8472.54
-1.59	20.48	1207.84	8557.98
-1.59	20.48	1206.92	8173.47
-1.59	20.48	1206.0	7943.89
-1.59	20.48	1205.08	8338.93
-1.59	20.48	1204.16	8245.15
-1.59	20.48	1203.24	8002.11
-1.59	20.48	1202.31	7870.43
-1.59	20.48	1201.39	8061.69
-1.59	20.48	1200.47	8361.41
-1.59	20.48	1199.55	7774.03
-1.59	20.48	1198.63	7759.1
-1.59	20.48	1197.71	7947.53
-1.59	20.48	1196.78	8103.37
-1.59	20.48	1195.86	7828.17
-1.59	20.48	1194.94	7523.25
-1.59	20.48	1194.02	7879.59
-1.59	20.48	1193.09	8048.88
-1.59	20.48	1192.17	7828.05
-1.59	20.48	1191.25	7758.96
-1.59	20.48	1190.32	7849.65
-1.59	20.48	1189.4	7910.53
-1.59	20.48	1188.48	7776.5
-1.59	20.48	1187.55	7618.16
-1.59	20.48	1186.63	7960.45
-1.59	20.48	1185.71	8126.77
-1.59	20.48	1184.78	7816.98
-1.59	20.48	1183.86	7537.05
-1.59	20.48	1182.93	7998.08
-1.59	20.48	1182.01	7985.85
-1.59	20.48	1181.08	7768.2
-1.59	20.48	1180.16	7620.89
-1.59	20.48	1179.23	7735.73
-1.59	20.48	1178.31	7915.36
-1.59	20.48	1177.38	7832.93
-1.59	20.48	1176.46	7672.21
-1.59	20.48	1175.53	7911.16
-1.59	20.48	1174.6	8174.31
-1.59	20.48	1173.68	7776.1
-1.59	20.48	1172.75	7477.87
-1.59	20.48	1171.82	7646.53
-1.59	20.48	1170.9	7842.11
-1.59	20.48	1169.97	7662.7
-1.59	20.48	1169.04	7456.4
-1.59	20.48	1168.12	7695.04
-1.59	20.48	1167.19	7955.16
-1.59	20.48	1166.26	7732.74
-1.59	20.48	1165.33	7488.84
-1.59	20.48	1164.41	7740.78
-1.59	20.48	1163.48	7704.39
-1.59	20.48	1162.55	7719.18
-1.59	20.48	1161.62	7532.01
-1.59	20.48	1160.69	7689.52
-1.59	20.48	1159.76	8005.81
-1.59	20.48	1158.84	7571.06
-1.59	20.48	1157.91	7349.06
-1.59	20.48	1156.98	7398.88
-1.59	20.48	1156.05	7741.89
-1.59	20.48	1155.12	7503.84
-1.59	20.48	1154.19	7158.3
-1.59	20.48	1153.26	7329.1
-1.59	20.48	1152.33	7475.65
-1.59	20.48	1151.4	7380.26
-1.59	20.48	1150.47	7145.16
-1.59	20.48	1149.54	7294.35
-1.59	20.48	1148.61	7564.36
-1.59	20.48	1147.68	7434.11
-1.59	20.48	1146.75	7078.33
-1.59	20.48	1145.81	7498.59
-1.59	20.48	1144.88	7529.47
-1.59	20.48	1143.95	7501.29
-1.59	20.48	1143.02	7387.26
-1.59	20.48	1142.09	7509.36
-1.59	20.48	1141.16	7778.95
-1.59	20.48	1140.22	7501.33
-1.59	20.48	1139.29	7355.2
-1.59	20.48	1138.36	7611.27
-1.59	20.48	1137.43	7923.54
-1.59	20.48	1136.49	7560.33
-1.59	20.48	1135.56	7400.89
-1.59	20.48	1134.63	7627.3
-1.59	20.48	1133.69	7867.02
-1.59	20.48	1132.76	7330.0
-1.59	20.48	1131.83	7234.98
-1.59	20.48	1130.89	7311.33
-1.59	20.48	1129.96	7473.31
-1.59	20.48	1129.02	7233.8
-1.59	20.48	1128.09	7138.86
-1.59	20.48	1127.16	7204.47
-1.59	20.48	1126.22	7318.21
-1.59	20.48	1125.29	7164.47
-1.59	20.48	1124.35	6992.07
-1.59	20.48	1123.42	7177.97
-1.59	20.48	1122.48	7288.95
-1.59	20.48	1121.55	7186.1
-1.59	20.48	1120.61	7163.45
-1.59	20.48	1119.67	7106.08
-1.59	20.48	1118.74	7462.72
-1.59	20.48	1117.8	6994.06
-1.59	20.48	1116.87	7048.89
-1.59	20.48	1115.93	7317.26
-1.59	20.48	1114.99	7580.19
-1.59	20.48	1114.06	7328.0
-1.59	20.48	1113.12	7006.52
-1.59	20.48	1112.18	7269.37
-1.59	20.48	1111.24	7628.15
-1.59	20.48	1110.31	7381.45
-1.59	20.48	1109.37	7233.49
-1.59	20.48	1108.43	7472.13
-1.59	20.48	1107.49	7564.08
-1.59	20.48	1106.55	7240.29
-1.59	20.48	1105.62	7196.37
-1.59	20.48	1104.68	7317.63
-1.59	20.48	1103.74	7569.35
-1.59	20.48	1102.8	7280.41
-1.59	20.48	1101.86	7034.17
-1.59	20.48	1100.92	7442.86
-1.59	20.48	1099.98	7720.99
-1.59	20.48	1099.04	7371.02
-1.59	20.48	1098.1	7148.88
-1.59	20.48	1097.16	7591.84
-1.59	20.48	1096.22	7731.45
-1.59	20.48	1095.28	7458.84
-1.59	20.48	1094.34	7428.27
-1.59	20.48	1093.4	7474.79
-1.59	20.48	1092.46	7651.52
-1.59	20.48	1091.52	7190.46
-1.59	20.48	1090.58	6973.98
-1.59	20.48	1089.64	7203.83
-1.59	20.48	1088.7	7125.53
-1.59	20.48	1087.76	6741.89
-1.59	20.48	1086.81	6453.97
-1.59	20.48	1085.87	6598.81
-1.59	20.48	1084.93	6788.71
-1.59	20.48	1083.99	6400.1
-1.59	20.48	1083.05	6125.7
-1.59	20.48	1082.1	6302.33
-1.59	20.48	1081.16	6293.25
-1.59	20.48	1080.22	6125.08
-1.59	20.48	1079.28	6004.69
-1.59	20.48	1078.33	6215.67
-1.59	20.48	1077.39	6344.41
-1.59	20.48	1076.45	5847.8
-1.59	20.48	1075.5	5934.18
-1.59	20.48	1074.56	6166.2
-1.59	20.48	1073.61	6207.47
-1.59	20.48	1072.67	5875.4
-1.59	20.48	1071.73	5776.4
-1.59	20.48	1070.78	6032.11
-1.59	20.48	1069.84	5946.35
-1.59	20.48	1068.89	5929.41
-1.59	20.48	1067.95	5843.7
-1.59	20.48	1067.0	5982.84
-1.59	20.48	1066.06	6032.02
-1.59	20.48	1065.11	5814.13
-1.59	20.48	1064.16	5575.18
-1.59	20.48	1063.22	5968.0
-1.59	20.48	1062.27	5885.01
-1.59	20.48	1061.33	5627.67
-1.59	20.48	1060.38	5663.65
-1.59	20.48	1059.43	5897.7
-1.59	20.48	1058.49	5843.84
-1.59	20.48	1057.54	5636.86
-1.59	20.48	1056.59	5738.8
-1.59	20.48	1055.65	5951.55
-1.59	20.48	1054.7	5942.57
-1.59	20.48	1053.75	5770.02
-1.59	20.48	1052.8	5790.09
-1.59	20.48	1051.85	6121.37
-1.59	20.48	1050.91	5814.39
-1.59	20.48	1049.96	5802.81
-1.59	20.48	1049.01	5833.4
-1.59	20.48	1048.06	6088.0
-1.59	20.48	1047.11	5984.15
-1.59	20.48	1046.16	5769.68
-1.59	20.48	1045.21	5760.75
-1.59	20.48	1044.27	6144.22
-1.59	20.48	1043.32	5919.31
-1.59	20.48	1042.37	5755.02
-1.59	20.48	1041.42	5940.88
-1.59	20.48	1040.47	6029.3
-1.59	20.48	1039.52	5815.09
-1.59	20.48	1038.57	5921.91
-1.59	20.48	1037.62	5786.7
-1.59	20.48	1036.67	5996.05
-1.59	20.48	1035.71	5913.47
-1.59	20.48	1034.76	5631.12
-1.59	20.48	1033.81	5871.93
-1.59	20.48	1032.86	6010.16
-1.59	20.48	1031.91	5888.22
-1.59	20.48	1030.96	5472.09
-1.59	20.48	1030.01	5744.28
-1.59	20.48	1029.05	5948.08
-1.59	20.48	1028.1	5513.79
-1.59	20.48	1027.15	5520.68
-1.59	20.48	1026.2	5766.41
-1.59	20.48	1025.24	5775.87
-1.59	20.48	1024.29	5517.71
-1.59	20.48	1023.34	5375.07
-1.59	20.48	1022.39	5549.83
-1.59	20.48	1021.43	5703.56
-1.59	20.48	1020.48	5422.0
-1.59	20.48	1019.52	5339.76
-1.59	20.48	1018.57	5519.65
-1.59	20.48	1017.62	5670.65
-1.59	20.48	1016.66	5483.61
-1.59	20.48	1015.71	5309.74
-1.59	20.48	1014.75	5644.03
-1.59	20.48	1013.8	5559.22
-1.59	20.48	1012.84	5330.45
-1.59	20.48	1011.89	5394.93
-1.59	20.48	1010.93	5660.92
-1.59	20.48	1009.98	5544.77
-1.59	20.48	1009.02	5501.92
-1.59	20.48	1008.07	5477.39
-1.59	20.48	1007.11	5764.09
-1.59	20.48	1006.16	5786.59
-1.59	20.48	1005.2	5453.53
-1.59	20.48	1004.24	5512.67
-1.59	20.48	1003.29	5788.7
-1.59	20.48	1002.33	5798.11
-1.59	20.48	1001.37	5708.25
-1.59	20.48	1000.41	5782.97
-1.59	20.48	999.4580000000001	5862.89
-1.59	20.48	998.5	5927.12
-1.59	20.48	997.543	5795.52
-1.59	20.48	996.585	6232.98
-1.59	20.48	995.627	6341.47
-1.59	20.48	994.669	6123.77
-1.59	20.48	993.71	6177.45
-1.59	20.48	992.752	6280.68
-1.59	20.48	991.793	6433.41
-1.59	20.48	990.834	6239.31
-1.59	20.48	989.875	6152.17
-1.59	20.48	988.916	6429.94
-1.59	20.48	987.957	6275.04
-1.59	20.48	986.997	6070.69
-1.59	20.48	986.0369999999999	5915.9
-1.59	20.48	985.078	6253.43
-1.59	20.48	984.118	6067.42
-1.59	20.48	983.1569999999999	5894.49
-1.59	20.48	982.197	5880.42
-1.59	20.48	981.2360000000001	6095.38
-1.59	20.48	980.2760000000001	5826.26
-1.59	20.48	979.315	5622.28
-1.59	20.48	978.3539999999999	5678.5
-1.59	20.48	977.3919999999999	5890.74
-1.59	20.48	976.431	5731.06
-1.59	20.48	975.4689999999999	5561.04
-1.59	20.48	974.508	5596.44
-1.59	20.48	973.546	5766.96
-1.59	20.48	972.584	5695.76
-1.59	20.48	971.6210000000001	5596.02
-1.59	20.48	970.659	5748.26
-1.59	20.48	969.696	5806.96
-1.59	20.48	968.7330000000001	5741.0
-1.59	20.48	967.77	5690.64
-1.59	20.48	966.807	5700.0
-1.59	20.48	965.8439999999999	6038.94
-1.59	20.48	964.88	5775.79
-1.59	20.48	963.9169999999999	5678.77
-1.59	20.48	962.953	5815.21
-1.59	20.48	961.9889999999999	5798.61
-1.59	20.48	961.025	5717.19
-1.59	20.48	960.06	5550.25
-1.59	20.48	959.096	5676.25
-1.59	20.48	958.1310000000001	5708.92
-1.59	20.48	957.166	5529.11
-1.59	20.48	956.201	5393.41
-1.59	20.48	955.2360000000001	5677.35
-1.59	20.48	954.27	5557.2
-1.59	20.48	953.305	5362.02
-1.59	20.48	952.3389999999999	5270.45
-1.59	20.48	951.373	5618.91
-1.59	20.48	950.4069999999999	5623.07
-1.59	20.48	949.441	5275.37
-1.59	20.48	948.4739999999999	5245.96
-1.59	20.48	947.508	5607.1
-1.59	20.48	946.541	5580.23
-1.59	20.48	945.574	5377.57
-1.59	20.48	944.607	5547.2
-1.59	20.48	943.6389999999999	5453.16
-1.59	20.48	942.672	5328.15
-1.59	20.48	941.704	5337.52
-1.59	20.48	940.7360000000001	5406.3
-1.59	20.48	939.768	5591.28
-1.59	20.48	938.8	5404.36
-1.59	20.48	937.832	5325.93
-1.59	20.48	936.863	5350.78
-1.59	20.48	935.8939999999999	5636.28
-1.59	20.48	934.926	5578.5
-1.59	20.48	933.956	5345.31
-1.59	20.48	932.987	5514.58
-1.59	20.48	932.018	5676.06
-1.59	20.48	931.048	5342.42
-1.59	20.48	930.078	5380.12
-1.59	20.48	929.1080000000001	5636.9
-1.59	20.48	928.138	5695.15
-1.59	20.48	927.168	5477.7
-1.59	20.48	926.198	5502.47
-1.59	20.48	925.227	5692.07
-1.59	20.48	924.2560000000001	5693.62
-1.59	20.48	923.285	5504.64
-1.59	20.48	922.314	5596.32
-1.59	20.48	921.3430000000001	5631.34
-1.59	20.48	920.3710000000001	5537.69
-1.59	20.48	919.3989999999999	5433.78
-1.59	20.48	918.427	5630.87
-1.59	20.48	917.455	5655.57
-1.59	20.48	916.4830000000001	5525.98
-1.59	20.48	915.5110000000001	5406.71
-1.59	20.48	914.538	5706.49
-1.59	20.48	913.565	5749.15
-1.59	20.48	912.5930000000001	5586.23
-1.59	20.48	911.6189999999999	5544.11
-1.59	20.48	910.6460000000001	5702.36
-1.59	20.48	909.673	5883.67
-1.59	20.48	908.699	5528.27
-1.59	20.48	907.725	5617.12
-1.59	20.48	906.7510000000001	5854.82
-1.59	20.48	905.7769999999999	5935.88
-1.59	20.48	904.803	5750.07
-1.59	20.48	903.828	5805.47
-1.59	20.48	902.8539999999999	5968.57
-1.59	20.48	901.8789999999999	5995.7
-1.59	20.48	900.904	5797.19
-1.59	20.48	899.928	5901.25
-1.59	20.48	898.953	6089.85
-1.59	20.48	897.977	5952.93
-1.59	20.48	897.002	5662.33
-1.59	20.48	896.0260000000001	5971.27
-1.59	20.48	895.05	6108.5
-1.59	20.48	894.073	5756.57
-1.59	20.48	893.097	5747.85
-1.59	20.48	892.12	5667.45
-1.59	20.48	891.1439999999999	5799.52
-1.59	20.48	890.1669999999999	5509.31
-1.59	20.48	889.189	5191.07
-1.59	20.48	888.212	5471.51
-1.59	20.48	887.235	5611.18
-1.59	20.48	886.257	5392.82
-1.59	20.48	885.279	5363.72
-1.59	20.48	884.301	5633.7
-1.59	20.48	883.323	5604.56
-1.59	20.48	882.3439999999999	5409.35
-1.59	20.48	881.3660000000001	5485.02
-1.59	20.48	880.387	5685.81
-1.59	20.48	879.408	5654.14
-1.59	20.48	878.429	5517.79
-1.59	20.48	877.45	5659.75
-1.59	20.48	876.47	5816.97
-1.59	20.48	875.4910000000001	5560.72
-1.59	20.48	874.5110000000001	5503.58
-1.59	20.48	873.5310000000001	5716.87
-1.59	20.48	872.551	5917.33
-1.59	20.48	871.57	5658.7
-1.59	20.48	870.59	5591.38
-1.59	20.48	869.6089999999999	5837.64
-1.59	20.48	868.628	5999.7
-1.59	20.48	867.6469999999999	5674.99
-1.59	20.48	866.666	5684.15
-1.59	20.48	865.684	5846.15
-1.59	20.48	864.703	5995.36
-1.59	20.48	863.721	5711.62
-1.59	20.48	862.7389999999999	5835.33
-1.59	20.48	861.757	6121.92
-1.59	20.48	860.775	5952.83
-1.59	20.48	859.7919999999999	5776.18
-1.59	20.48	858.81	5866.72
-1.59	20.48	857.827	6203.96
-1.59	20.48	856.8439999999999	5976.49
-1.59	20.48	855.86	5934.73
-1.59	20.48	854.877	5938.73
-1.59	20.48	853.8939999999999	6085.08
-1.59	20.48	852.91	5941.66
-1.59	20.48	851.926	5836.41
-1.59	20.48	850.942	6058.91
-1.59	20.48	849.9580000000001	6007.01
-1.59	20.48	848.9730000000001	5820.53
-1.59	20.48	847.988	5870.26
-1.59	20.48	847.0039999999999	6156.05
-1.59	20.48	846.0189999999999	6043.26
-1.59	20.48	845.034	5747.79
-1.59	20.48	844.048	6013.16
-1.59	20.48	843.063	6105.92
-1.59	20.48	842.077	5947.57
-1.59	20.48	841.091	5847.59
-1.59	20.48	840.105	6125.42
-1.59	20.48	839.1189999999999	6109.09
-1.59	20.48	838.132	5859.61
-1.59	20.48	837.1460000000001	5802.8
-1.59	20.48	836.159	5920.82
-1.59	20.48	835.172	5879.22
-1.59	20.48	834.185	5812.3
-1.59	20.48	833.198	5628.93
-1.59	20.48	832.21	5989.94
-1.59	20.48	831.222	5806.6
-1.59	20.48	830.235	5610.68
-1.59	20.48	829.247	5756.42
-1.59	20.48	828.258	6038.71
-1.59	20.48	827.27	5832.74
-1.59	20.48	826.2810000000001	5750.75
-1.59	20.48	825.293	5843.26
-1.59	20.48	824.304	6026.74
-1.59	20.48	823.315	5755.2
-1.59	20.48	822.325	5799.64
-1.59	20.48	821.336	6063.88
-1.59	20.48	820.346	5923.84
-1.59	20.48	819.3560000000001	5937.91
-1.59	20.48	818.3660000000001	5805.52
-1.59	20.48	817.3760000000001	5905.46
-1.59	20.48	816.3860000000001	6113.9
-1.59	20.48	815.395	5701.4
-1.59	20.48	814.405	5728.12
-1.59	20.48	813.414	6007.12
-1.59	20.48	812.423	5741.17
-1.59	20.48	811.431	5702.3
-1.59	20.48	810.44	5658.39
-1.59	20.48	809.448	5949.81
-1.59	20.48	808.456	5736.99
-1.59	20.48	807.4639999999999	5781.31
-1.59	20.48	806.472	5694.59
-1.59	20.48	805.48	6013.5
-1.59	20.48	804.487	5705.11
-1.59	20.48	803.495	5620.97
-1.59	20.48	802.502	5816.34
-1.59	20.48	801.5089999999999	5878.21
-1.59	20.48	800.5160000000001	5560.01
-1.59	20.48	799.5219999999999	5820.71
-1.59	20.48	798.528	6078.8
-1.59	20.48	797.535	5800.98
-1.59	20.48	796.541	5684.23
-1.59	20.48	795.547	5959.81
-1.59	20.48	794.552	6097.0
-1.59	20.48	793.558	5804.3
-1.59	20.48	792.563	5853.51
-1.59	20.48	791.568	6196.7
-1.59	20.48	790.573	6142.81
-1.59	20.48	789.578	6011.07
-1.59	20.48	788.582	5942.16
-1.59	20.48	787.587	6242.4
-1.59	20.48	786.591	6243.78
-1.59	20.48	785.595	6097.05
-1.59	20.48	784.5989999999999	6100.96
-1.59	20.48	783.602	6340.73
-1.59	20.48	782.6060000000001	6113.79
-1.59	20.48	781.6089999999999	6034.92
-1.59	20.48	780.612	6159.21
-1.59	20.48	779.615	6326.08
-1.59	20.48	778.618	6094.29
-1.59	20.48	777.6210000000001	5985.4
-1.59	20.48	776.623	6139.68
-1.59	20.48	775.625	6266.34
-1.59	20.48	774.627	6094.85
-1.59	20.48	773.6289999999999	6153.85
-1.59	20.48	772.6310000000001	6528.35
-1.59	20.48	771.632	6389.46
-1.59	20.48	770.6339999999999	6142.97
-1.59	20.48	769.635	6289.52
-1.59	20.48	768.6360000000001	6418.49
-1.59	20.48	767.6360000000001	6384.79
-1.59	20.48	766.637	6353.61
-1.59	20.48	765.637	6520.01
-1.59	20.48	764.637	6828.89
-1.59	20.48	763.638	6760.14
-1.59	20.48	762.637	6893.88
-1.59	20.48	761.637	7115.05
-1.59	20.48	760.6360000000001	7198.7
-1.59	20.48	759.6360000000001	7142.43
-1.59	20.48	758.635	7188.58
-1.59	20.48	757.6339999999999	7289.66
-1.59	20.48	756.633	7383.2
-1.59	20.48	755.6310000000001	6999.91
-1.59	20.48	754.6289999999999	7108.45
-1.59	20.48	753.628	7454.02
-1.59	20.48	752.6260000000001	7138.29
-1.59	20.48	751.623	7014.75
-1.59	20.48	750.6210000000001	7427.49
-1.59	20.48	749.6189999999999	7428.63
-1.59	20.48	748.6160000000001	6896.21
-1.59	20.48	747.613	6977.21
-1.59	20.48	746.61	7187.78
-1.59	20.48	745.607	7159.06
-1.59	20.48	744.6030000000001	6784.04
-1.59	20.48	743.5989999999999	6974.6
-1.59	20.48	742.596	7155.13
-1.59	20.48	741.592	7128.92
-1.59	20.48	740.587	6597.34
-1.59	20.48	739.5830000000001	6603.6
-1.59	20.48	738.579	6818.91
-1.59	20.48	737.574	6596.21
-1.59	20.48	736.569	6450.71
-1.59	20.48	735.564	7031.56
-1.59	20.48	734.558	6985.51
-1.59	20.48	733.553	6782.83
-1.59	20.48	732.547	6687.13
-1.59	20.48	731.541	6787.81
-1.59	20.48	730.535	7002.76
-1.59	20.48	729.529	6792.78
-1.59	20.48	728.523	6841.22
-1.59	20.48	727.5160000000001	6941.79
-1.59	20.48	726.5089999999999	6960.39
-1.59	20.48	725.503	6673.6
-1.59	20.48	724.495	6915.64
-1.59	20.48	723.488	6792.76
-1.59	20.48	722.4810000000001	6523.53
-1.59	20.48	721.4730000000001	6433.02
-1.59	20.48	720.465	6550.91
-1.59	20.48	719.457	6527.39
-1.59	20.48	718.449	6312.95
-1.59	20.48	717.44	6180.4
-1.59	20.48	716.432	6414.74
-1.59	20.48	715.423	6495.34
-1.59	20.48	714.414	6263.72
-1.59	20.48	713.405	6354.23
-1.59	20.48	712.395	6494.25
-1.59	20.48	711.3860000000001	6294.95
-1.59	20.48	710.3760000000001	6308.65
-1.59	20.48	709.3660000000001	6567.42
-1.59	20.48	708.3560000000001	6467.21
-1.59	20.48	707.346	6320.03
-1.59	20.48	706.335	6613.29
-1.59	20.48	705.325	6592.29
-1.59	20.48	704.314	6279.45
-1.59	20.48	703.303	6060.7
-1.59	20.48	702.2919999999999	6227.7
-1.59	20.48	701.28	6364.99
-1.59	20.48	700.2689999999999	6376.17
-1.59	20.48	699.257	6155.09
-1.59	20.48	698.245	6257.72
-1.59	20.48	697.2330000000001	6380.08
-1.59	20.48	696.22	6329.51
-1.59	20.48	695.2080000000001	6207.36
-1.59	20.48	694.195	6564.18
-1.59	20.48	693.182	6387.73
-1.59	20.48	692.169	6275.51
-1.59	20.48	691.1560000000001	6506.29
-1.59	20.48	690.143	6786.31
-1.59	20.48	689.1289999999999	6555.69
-1.59	20.48	688.115	6522.43
-1.59	20.48	687.1010000000001	6501.51
-1.59	20.48	686.087	6655.61
-1.59	20.48	685.073	6282.24
-1.59	20.48	684.058	6394.43
-1.59	20.48	683.043	6521.37
-1.59	20.48	682.028	6379.77
-1.59	20.48	681.013	6235.76
-1.59	20.48	679.998	6544.86
-1.59	20.48	678.9830000000001	6583.05
-1.59	20.48	677.967	6542.46
-1.59	20.48	676.951	6204.1
-1.59	20.48	675.935	6596.65
-1.59	20.48	674.919	6831.6
-1.59	20.48	673.9019999999999	6481.08
-1.59	20.48	672.8860000000001	6536.45
-1.59	20.48	671.8689999999999	6916.35
-1.59	20.48	670.852	6843.78
-1.59	20.48	669.835	6704.89
-1.59	20.48	668.817	6988.71
-1.59	20.48	667.8	7137.3
-1.59	20.48	666.7819999999999	6882.97
-1.59	20.48	665.7639999999999	6722.06
-1.59	20.48	664.7460000000001	7040.05
-1.59	20.48	663.7280000000001	6965.1
-1.59	20.48	662.709	6718.35
-1.59	20.48	661.691	6574.77
-1.59	20.48	660.672	7052.04
-1.59	20.48	659.653	7067.92
-1.59	20.48	658.6339999999999	6715.86
-1.59	20.48	657.6139999999999	6844.6
-1.59	20.48	656.595	7135.12
-1.59	20.48	655.575	6734.22
-1.59	20.48	654.555	6659.45
-1.59	20.48	653.535	6937.59
-1.59	20.48	652.514	7009.82
-1.59	20.48	651.494	6633.72
-1.59	20.48	650.4730000000001	6801.5
-1.59	20.48	649.452	7206.74
-1.59	20.48	648.431	7183.38
-1.59	20.48	647.41	7135.55
-1.59	20.48	646.388	7467.08
-1.59	20.48	645.366	7999.15
-1.59	20.48	644.345	7581.77
-1.59	20.48	643.323	7370.01
-1.59	20.48	642.3	7818.64
-1.59	20.48	641.278	7584.91
-1.59	20.48	640.255	7197.25
-1.59	20.48	639.232	7335.25
-1.59	20.48	638.2090000000001	7341.22
-1.59	20.48	637.186	7083.32
-1.59	20.48	636.163	6708.25
-1.59	20.48	635.139	7051.4
-1.59	20.48	634.116	7079.4
-1.59	20.48	633.092	6765.58
-1.59	20.48	632.068	6720.39
-1.59	20.48	631.043	7043.76
-1.59	20.48	630.019	7032.7
-1.59	20.48	628.994	6663.0
-1.59	20.48	627.969	6778.85
-1.59	20.48	626.944	7201.97
-1.59	20.48	625.919	7110.42
-1.59	20.48	624.893	6870.18
-1.59	20.48	623.868	7244.29
-1.59	20.48	622.842	7172.28
-1.59	20.48	621.816	6868.82
-1.59	20.48	620.79	6831.01
-1.59	20.48	619.763	6946.66
-1.59	20.48	618.737	6796.83
-1.59	20.48	617.71	6600.79
-1.59	20.48	616.683	6777.28
-1.59	20.48	615.656	6934.23
-1.59	20.48	614.629	6643.37
-1.59	20.48	613.601	6498.6
-1.59	20.48	612.573	6842.82
-1.59	20.48	611.545	6812.37
-1.59	20.48	610.5169999999999	6400.16
-1.59	20.48	609.489	6578.89
-1.59	20.48	608.461	6852.35
-1.59	20.48	607.432	6676.1
-1.59	20.48	606.403	6550.95
-1.59	20.48	605.374	6668.78
-1.59	20.48	604.345	6898.3
-1.59	20.48	603.315	6625.03
-1.59	20.48	602.286	6628.66
-1.59	20.48	601.256	6977.01
-1.59	20.48	600.226	6932.04
