-11.48	-1.63	1799.66	2481.71
-11.48	-1.63	1798.84	2569.91
-11.48	-1.63	1798.03	2566.42
-11.48	-1.63	1797.21	2520.16
-11.48	-1.63	1796.39	2434.22
-11.48	-1.63	1795.57	2461.29
-11.48	-1.63	1794.75	2518.89
-11.48	-1.63	1793.93	2594.78
-11.48	-1.63	1793.11	2560.77
-11.48	-1.63	1792.29	2465.73
-11.48	-1.63	1791.47	2395.14
-11.48	-1.63	1790.65	2693.7
-11.48	-1.63	1789.84	2687.14
-11.48	-1.63	1789.02	2564.7
-11.48	-1.63	1788.2	2518.53
-11.48	-1.63	1787.38	2545.54
-11.48	-1.63	1786.56	2630.46
-11.48	-1.63	1785.73	2608.68
-11.48	-1.63	1784.91	2586.91
-11.48	-1.63	1784.09	2577.34
-11.48	-1.63	1783.27	2665.23
-11.48	-1.63	1782.45	2646.51
-11.48	-1.63	1781.63	2639.97
-11.48	-1.63	1780.81	2648.66
-11.48	-1.63	1779.99	2620.82
-11.48	-1.63	1779.17	2605.16
-11.48	-1.63	1778.35	2717.3
-11.48	-1.63	1777.52	2625.57
-11.48	-1.63	1776.7	2600.79
-11.48	-1.63	1775.88	2761.55
-11.48	-1.63	1775.06	2745.87
-11.48	-1.63	1774.24	2635.96
-11.48	-1.63	1773.41	2650.71
-11.48	-1.63	1772.59	2738.4
-11.48	-1.63	1771.77	2853.41
-11.48	-1.63	1770.95	2719.25
-11.48	-1.63	1770.12	2794.73
-11.48	-1.63	1769.3	2694.03
-11.48	-1.63	1768.48	2660.17
-11.48	-1.63	1767.65	2820.64
-11.48	-1.63	1766.83	2868.73
-11.48	-1.63	1766.01	2710.42
-11.48	-1.63	1765.18	2770.65
-11.48	-1.63	1764.36	2888.52
-11.48	-1.63	1763.53	2845.56
-11.48	-1.63	1762.71	2666.12
-11.48	-1.63	1761.88	2844.59
-11.48	-1.63	1761.06	2938.11
-11.48	-1.63	1760.24	2952.77
-11.48	-1.63	1759.41	2864.36
-11.48	-1.63	1758.59	2794.18
-11.48	-1.63	1757.76	2808.85
-11.48	-1.63	1756.94	2881.09
-11.48	-1.63	1756.11	2935.12
-11.48	-1.63	1755.28	2898.28
-11.48	-1.63	1754.46	2867.51
-11.48	-1.63	1753.63	2988.13
-11.48	-1.63	1752.81	2890.76
-11.48	-1.63	1751.98	2838.82
-11.48	-1.63	1751.16	2841.36
-11.48	-1.63	1750.33	2928.62
-11.48	-1.63	1749.5	3006.77
-11.48	-1.63	1748.68	2966.94
-11.48	-1.63	1747.85	2869.68
-11.48	-1.63	1747.02	2793.6
-11.48	-1.63	1746.2	3016.82
-11.48	-1.63	1745.37	2970.98
-11.48	-1.63	1744.54	2888.88
-11.48	-1.63	1743.71	2824.95
-11.48	-1.63	1742.89	2972.49
-11.48	-1.63	1742.06	3023.33
-11.48	-1.63	1741.23	3056.03
-11.48	-1.63	1740.4	2877.38
-11.48	-1.63	1739.57	2943.3
-11.48	-1.63	1738.75	3093.72
-11.48	-1.63	1737.92	3135.44
-11.48	-1.63	1737.09	3050.43
-11.48	-1.63	1736.26	3022.76
-11.48	-1.63	1735.43	3013.2
-11.48	-1.63	1734.6	3085.06
-11.48	-1.63	1733.77	3144.84
-11.48	-1.63	1732.94	3053.87
-11.48	-1.63	1732.11	3164.87
-11.48	-1.63	1731.28	3197.49
-11.48	-1.63	1730.45	3239.13
-11.48	-1.63	1729.62	3127.11
-11.48	-1.63	1728.8	3123.57
-11.48	-1.63	1727.96	3144.12
-11.48	-1.63	1727.13	3297.15
-11.48	-1.63	1726.3	3341.75
-11.48	-1.63	1725.47	3353.22
-11.48	-1.63	1724.64	3199.17
-11.48	-1.63	1723.81	3189.6
-11.48	-1.63	1722.98	3276.3
-11.48	-1.63	1722.15	3320.87
-11.48	-1.63	1721.32	3206.02
-11.48	-1.63	1720.49	3208.48
-11.48	-1.63	1719.66	3346.23
-11.48	-1.63	1718.82	3303.58
-11.48	-1.63	1717.99	3315.04
-11.48	-1.63	1717.16	3284.43
-11.48	-1.63	1716.33	3368.0
-11.48	-1.63	1715.5	3364.42
-11.48	-1.63	1714.66	3402.89
-11.48	-1.63	1713.83	3300.22
-11.48	-1.63	1713.0	3452.78
-11.48	-1.63	1712.17	3515.23
-11.48	-1.63	1711.33	3433.6
-11.48	-1.63	1710.5	3363.99
-11.48	-1.63	1709.67	3294.41
-11.48	-1.63	1708.83	3524.84
-11.48	-1.63	1708.0	3569.23
-11.48	-1.63	1707.17	3577.62
-11.48	-1.63	1706.33	3460.08
-11.48	-1.63	1705.5	3411.53
-11.48	-1.63	1704.66	3785.61
-11.48	-1.63	1703.83	3644.12
-11.48	-1.63	1703.0	3619.53
-11.48	-1.63	1702.16	3633.89
-11.48	-1.63	1701.33	3741.1
-11.48	-1.63	1700.49	3767.42
-11.48	-1.63	1699.66	3763.78
-11.48	-1.63	1698.82	3685.31
-11.48	-1.63	1697.99	3771.48
-11.48	-1.63	1697.15	3857.63
-11.48	-1.63	1696.32	3752.25
-11.48	-1.63	1695.48	3841.36
-11.48	-1.63	1694.64	3900.53
-11.48	-1.63	1693.81	3863.98
-11.48	-1.63	1692.97	3947.04
-11.48	-1.63	1692.14	3862.66
-11.48	-1.63	1691.3	3927.77
-11.48	-1.63	1690.46	3732.83
-11.48	-1.63	1689.63	3917.46
-11.48	-1.63	1688.79	3913.81
-11.48	-1.63	1687.95	3883.27
-11.48	-1.63	1687.12	3846.77
-11.48	-1.63	1686.28	4108.89
-11.48	-1.63	1685.44	4078.34
-11.48	-1.63	1684.6	3928.39
-11.48	-1.63	1683.77	3990.4
-11.48	-1.63	1682.93	4010.61
-11.48	-1.63	1682.09	4066.61
-11.48	-1.63	1681.25	4074.87
-11.48	-1.63	1680.41	4041.36
-11.48	-1.63	1679.58	4255.38
-11.48	-1.63	1678.74	4120.49
-11.48	-1.63	1677.9	4206.24
-11.48	-1.63	1677.06	4265.13
-11.48	-1.63	1676.22	4076.66
-11.48	-1.63	1675.38	4257.72
-11.48	-1.63	1674.54	4405.94
-11.48	-1.63	1673.7	4405.19
-11.48	-1.63	1672.86	4410.4
-11.48	-1.63	1672.02	4439.42
-11.48	-1.63	1671.18	4596.44
-11.48	-1.63	1670.34	4583.75
-11.48	-1.63	1669.5	4282.4
-11.48	-1.63	1668.66	4415.57
-11.48	-1.63	1667.82	4590.33
-11.48	-1.63	1666.98	4803.71
-11.48	-1.63	1666.14	4505.5
-11.48	-1.63	1665.3	4430.39
-11.48	-1.63	1664.46	4744.77
-11.48	-1.63	1663.62	4779.63
-11.48	-1.63	1662.78	4695.6
-11.48	-1.63	1661.94	4668.05
-11.48	-1.63	1661.1	4563.28
-11.48	-1.63	1660.25	5022.91
-11.48	-1.63	1659.41	4843.86
-11.48	-1.63	1658.57	5012.29
-11.48	-1.63	1657.73	4803.61
-11.48	-1.63	1656.89	4912.62
-11.48	-1.63	1656.04	5066.11
-11.48	-1.63	1655.2	5002.93
-11.48	-1.63	1654.36	4877.47
-11.48	-1.63	1653.52	5090.21
-11.48	-1.63	1652.67	5089.34
-11.48	-1.63	1651.83	5257.5
-11.48	-1.63	1650.99	5046.1
-11.48	-1.63	1650.14	4932.59
-11.48	-1.63	1649.3	5284.44
-11.48	-1.63	1648.46	5446.52
-11.48	-1.63	1647.61	5149.31
-11.48	-1.63	1646.77	5281.73
-11.48	-1.63	1645.92	5307.49
-11.48	-1.63	1645.08	5596.79
-11.48	-1.63	1644.24	5705.38
-11.48	-1.63	1643.39	5485.34
-11.48	-1.63	1642.55	5448.89
-11.48	-1.63	1641.7	5729.09
-11.48	-1.63	1640.86	5704.44
-11.48	-1.63	1640.01	5736.0
-11.48	-1.63	1639.17	5717.28
-11.48	-1.63	1638.32	5816.84
-11.48	-1.63	1637.48	6031.69
-11.48	-1.63	1636.63	6039.53
-11.48	-1.63	1635.78	5855.24
-11.48	-1.63	1634.94	6075.88
-11.48	-1.63	1634.09	6181.21
-11.48	-1.63	1633.25	6289.46
-11.48	-1.63	1632.4	6379.95
-11.48	-1.63	1631.55	6257.78
-11.48	-1.63	1630.71	6489.97
-11.48	-1.63	1629.86	6707.32
-11.48	-1.63	1629.01	6741.59
-11.48	-1.63	1628.16	6525.0
-11.48	-1.63	1627.32	6869.11
-11.48	-1.63	1626.47	6770.58
-11.48	-1.63	1625.62	7028.99
-11.48	-1.63	1624.77	6986.5
-11.48	-1.63	1623.93	6991.2
-11.48	-1.63	1623.08	7426.33
-11.48	-1.63	1622.23	7295.36
-11.48	-1.63	1621.38	7232.23
-11.48	-1.63	1620.53	7242.78
-11.48	-1.63	1619.69	7453.66
-11.48	-1.63	1618.84	7590.82
-11.48	-1.63	1617.99	7583.63
-11.48	-1.63	1617.14	7582.34
-11.48	-1.63	1616.29	7513.32
-11.48	-1.63	1615.44	7835.83
-11.48	-1.63	1614.59	7896.29
-11.48	-1.63	1613.74	7906.71
-11.48	-1.63	1612.89	7749.43
-11.48	-1.63	1612.04	8024.61
-11.48	-1.63	1611.19	8076.17
-11.48	-1.63	1610.34	7883.65
-11.48	-1.63	1609.49	7991.09
-11.48	-1.63	1608.64	7927.99
-11.48	-1.63	1607.79	8487.99
-11.48	-1.63	1606.94	8289.65
-11.48	-1.63	1606.09	8182.46
-11.48	-1.63	1605.24	8122.31
-11.48	-1.63	1604.39	8435.18
-11.48	-1.63	1603.54	8451.35
-11.48	-1.63	1602.68	8505.69
-11.48	-1.63	1601.83	8430.84
-11.48	-1.63	1600.98	8573.21
-11.48	-1.63	1600.13	8876.94
-11.48	-1.63	1599.28	8922.36
-11.48	-1.63	1598.42	8756.55
-11.48	-1.63	1597.57	8664.13
-11.48	-1.63	1596.72	9131.84
-11.48	-1.63	1595.87	9171.33
-11.48	-1.63	1595.01	9202.0
-11.48	-1.63	1594.16	8836.98
-11.48	-1.63	1593.31	9072.83
-11.48	-1.63	1592.45	9203.13
-11.48	-1.63	1591.6	9356.81
-11.48	-1.63	1590.75	8898.28
-11.48	-1.63	1589.89	9060.75
-11.48	-1.63	1589.04	9354.92
-11.48	-1.63	1588.19	9485.06
-11.48	-1.63	1587.33	9129.26
-11.48	-1.63	1586.48	9083.8
-11.48	-1.63	1585.62	9330.95
-11.48	-1.63	1584.77	9458.07
-11.48	-1.63	1583.91	9105.45
-11.48	-1.63	1583.06	9136.05
-11.48	-1.63	1582.2	9111.09
-11.48	-1.63	1581.35	9173.85
-11.48	-1.63	1580.49	9160.58
-11.48	-1.63	1579.64	8992.43
-11.48	-1.63	1578.78	9008.41
-11.48	-1.63	1577.93	9497.67
-11.48	-1.63	1577.07	9233.16
-11.48	-1.63	1576.21	8954.13
-11.48	-1.63	1575.36	8888.35
-11.48	-1.63	1574.5	9009.44
-11.48	-1.63	1573.65	9072.11
-11.48	-1.63	1572.79	8802.05
-11.48	-1.63	1571.93	8820.97
-11.48	-1.63	1571.08	9038.26
-11.48	-1.63	1570.22	8972.54
-11.48	-1.63	1569.36	9049.74
-11.48	-1.63	1568.5	8803.24
-11.48	-1.63	1567.65	8833.8
-11.48	-1.63	1566.79	8823.54
-11.48	-1.63	1565.93	9052.26
-11.48	-1.63	1565.07	8575.73
-11.48	-1.63	1564.21	8830.64
-11.48	-1.63	1563.36	8945.64
-11.48	-1.63	1562.5	9188.75
-11.48	-1.63	1561.64	8994.98
-11.48	-1.63	1560.78	8632.42
-11.48	-1.63	1559.92	8884.18
-11.48	-1.63	1559.06	9068.92
-11.48	-1.63	1558.2	9143.02
-11.48	-1.63	1557.34	8841.78
-11.48	-1.63	1556.49	8846.08
-11.48	-1.63	1555.63	9083.05
-11.48	-1.63	1554.77	9218.16
-11.48	-1.63	1553.91	9140.98
-11.48	-1.63	1553.05	9139.4
-11.48	-1.63	1552.19	9387.79
-11.48	-1.63	1551.33	9278.65
-11.48	-1.63	1550.47	9120.16
-11.48	-1.63	1549.6	8938.49
-11.48	-1.63	1548.74	9047.32
-11.48	-1.63	1547.88	9214.19
-11.48	-1.63	1547.02	9334.55
-11.48	-1.63	1546.16	8935.24
-11.48	-1.63	1545.3	8991.75
-11.48	-1.63	1544.44	9524.16
-11.48	-1.63	1543.58	9481.9
-11.48	-1.63	1542.71	9256.89
-11.48	-1.63	1541.85	9058.07
-11.48	-1.63	1540.99	9572.7
-11.48	-1.63	1540.13	9484.06
-11.48	-1.63	1539.27	9215.73
-11.48	-1.63	1538.4	9330.08
-11.48	-1.63	1537.54	9435.7
-11.48	-1.63	1536.68	9520.99
-11.48	-1.63	1535.81	9290.5
-11.48	-1.63	1534.95	9016.63
-11.48	-1.63	1534.09	9258.34
-11.48	-1.63	1533.23	9398.62
-11.48	-1.63	1532.36	9281.2
-11.48	-1.63	1531.5	9192.77
-11.48	-1.63	1530.63	9269.32
-11.48	-1.63	1529.77	9435.54
-11.48	-1.63	1528.91	9514.92
-11.48	-1.63	1528.04	9322.38
-11.48	-1.63	1527.18	9416.2
-11.48	-1.63	1526.31	9550.48
-11.48	-1.63	1525.45	9595.09
-11.48	-1.63	1524.58	9399.77
-11.48	-1.63	1523.72	9276.77
-11.48	-1.63	1522.85	9289.62
-11.48	-1.63	1521.99	9692.47
-11.48	-1.63	1521.12	9627.26
-11.48	-1.63	1520.26	9287.7
-11.48	-1.63	1519.39	9358.29
-11.48	-1.63	1518.52	9472.15
-11.48	-1.63	1517.66	9629.28
-11.48	-1.63	1516.79	9506.4
-11.48	-1.63	1515.93	9305.66
-11.48	-1.63	1515.06	9699.3
-11.48	-1.63	1514.19	9818.78
-11.48	-1.63	1513.33	9563.29
-11.48	-1.63	1512.46	9394.4
-11.48	-1.63	1511.59	9554.22
-11.48	-1.63	1510.72	9786.06
-11.48	-1.63	1509.86	9663.32
-11.48	-1.63	1508.99	9477.24
-11.48	-1.63	1508.12	9510.18
-11.48	-1.63	1507.25	9701.53
-11.48	-1.63	1506.38	9938.89
-11.48	-1.63	1505.52	9738.49
-11.48	-1.63	1504.65	9710.9
-11.48	-1.63	1503.78	10040.3
-11.48	-1.63	1502.91	10182.4
-11.48	-1.63	1502.04	10128.9
-11.48	-1.63	1501.17	9914.21
-11.48	-1.63	1500.3	10145.5
-11.48	-1.63	1499.44	10353.7
-11.48	-1.63	1498.57	10282.9
-11.48	-1.63	1497.7	10266.7
-11.48	-1.63	1496.83	10081.0
-11.48	-1.63	1495.96	10530.5
-11.48	-1.63	1495.09	10367.7
-11.48	-1.63	1494.22	10475.1
-11.48	-1.63	1493.35	10341.2
-11.48	-1.63	1492.48	10821.9
-11.48	-1.63	1491.61	10848.7
-11.48	-1.63	1490.73	10643.0
-11.48	-1.63	1489.86	10543.6
-11.48	-1.63	1488.99	10794.3
-11.48	-1.63	1488.12	10927.3
-11.48	-1.63	1487.25	10928.3
-11.48	-1.63	1486.38	10556.4
-11.48	-1.63	1485.51	10586.1
-11.48	-1.63	1484.63	10733.4
-11.48	-1.63	1483.76	10909.3
-11.48	-1.63	1482.89	10732.5
-11.48	-1.63	1482.02	10323.7
-11.48	-1.63	1481.15	10852.0
-11.48	-1.63	1480.27	10721.2
-11.48	-1.63	1479.4	10647.8
-11.48	-1.63	1478.53	10333.7
-11.48	-1.63	1477.65	10423.6
-11.48	-1.63	1476.78	10811.2
-11.48	-1.63	1475.91	10085.0
-11.48	-1.63	1475.03	10157.7
-11.48	-1.63	1474.16	10264.7
-11.48	-1.63	1473.29	10408.8
-11.48	-1.63	1472.41	10464.3
-11.48	-1.63	1471.54	10070.6
-11.48	-1.63	1470.67	10154.6
-11.48	-1.63	1469.79	10453.1
-11.48	-1.63	1468.92	10294.1
-11.48	-1.63	1468.04	10037.9
-11.48	-1.63	1467.17	10013.3
-11.48	-1.63	1466.29	10203.0
-11.48	-1.63	1465.42	10358.4
-11.48	-1.63	1464.54	9942.41
-11.48	-1.63	1463.67	9706.52
-11.48	-1.63	1462.79	9950.39
-11.48	-1.63	1461.91	9817.35
-11.48	-1.63	1461.04	9593.02
-11.48	-1.63	1460.16	9474.35
-11.48	-1.63	1459.29	9435.62
-11.48	-1.63	1458.41	9662.2
-11.48	-1.63	1457.53	9460.87
-11.48	-1.63	1456.66	8905.99
-11.48	-1.63	1455.78	9029.91
-11.48	-1.63	1454.9	9079.65
-11.48	-1.63	1454.03	8815.86
-11.48	-1.63	1453.15	8620.54
-11.48	-1.63	1452.27	8784.31
-11.48	-1.63	1451.39	8628.95
-11.48	-1.63	1450.52	8849.62
-11.48	-1.63	1449.64	8608.87
-11.48	-1.63	1448.76	8425.15
-11.48	-1.63	1447.88	8341.13
-11.48	-1.63	1447.0	8630.01
-11.48	-1.63	1446.13	8446.38
-11.48	-1.63	1445.25	8191.68
-11.48	-1.63	1444.37	8443.45
-11.48	-1.63	1443.49	8422.07
-11.48	-1.63	1442.61	8494.55
-11.48	-1.63	1441.73	8191.68
-11.48	-1.63	1440.85	8303.98
-11.48	-1.63	1439.97	8214.42
-11.48	-1.63	1439.09	8161.84
-11.48	-1.63	1438.21	7981.42
-11.48	-1.63	1437.33	7891.97
-11.48	-1.63	1436.45	8112.15
-11.48	-1.63	1435.57	7988.62
-11.48	-1.63	1434.69	7916.25
-11.48	-1.63	1433.81	7744.54
-11.48	-1.63	1432.93	8078.13
-11.48	-1.63	1432.05	7917.81
-11.48	-1.63	1431.17	7797.26
-11.48	-1.63	1430.29	7781.72
-11.48	-1.63	1429.41	7837.1
-11.48	-1.63	1428.52	8167.54
-11.48	-1.63	1427.64	7854.22
-11.48	-1.63	1426.76	7679.93
-11.48	-1.63	1425.88	7755.12
-11.48	-1.63	1425.0	7923.81
-11.48	-1.63	1424.11	7990.44
-11.48	-1.63	1423.23	7819.07
-11.48	-1.63	1422.35	7780.89
-11.48	-1.63	1421.47	7884.32
-11.48	-1.63	1420.58	7999.05
-11.48	-1.63	1419.7	7714.55
-11.48	-1.63	1418.82	7758.5
-11.48	-1.63	1417.93	8017.52
-11.48	-1.63	1417.05	7993.49
-11.48	-1.63	1416.17	8009.07
-11.48	-1.63	1415.28	7586.22
-11.48	-1.63	1414.4	7907.3
-11.48	-1.63	1413.51	8019.03
-11.48	-1.63	1412.63	7867.8
-11.48	-1.63	1411.75	7736.41
-11.48	-1.63	1410.86	7870.72
-11.48	-1.63	1409.98	7965.42
-11.48	-1.63	1409.09	7913.18
-11.48	-1.63	1408.21	7750.8
-11.48	-1.63	1407.32	7853.95
-11.48	-1.63	1406.44	8010.7
-11.48	-1.63	1405.55	7938.73
-11.48	-1.63	1404.66	7731.29
-11.48	-1.63	1403.78	7600.13
-11.48	-1.63	1402.89	8036.17
-11.48	-1.63	1402.01	7983.99
-11.48	-1.63	1401.12	7866.95
-11.48	-1.63	1400.23	7699.19
-11.48	-1.63	1399.35	7923.42
-11.48	-1.63	1398.46	7984.07
-11.48	-1.63	1397.57	7723.35
-11.48	-1.63	1396.69	7885.47
-11.48	-1.63	1395.8	8036.25
-11.48	-1.63	1394.91	8229.25
-11.48	-1.63	1394.02	8117.96
-11.48	-1.63	1393.14	8124.99
-11.48	-1.63	1392.25	8202.42
-11.48	-1.63	1391.36	8277.01
-11.48	-1.63	1390.47	8357.19
-11.48	-1.63	1389.58	8271.31
-11.48	-1.63	1388.7	8205.15
-11.48	-1.63	1387.81	8524.44
-11.48	-1.63	1386.92	8573.59
-11.48	-1.63	1386.03	8383.66
-11.48	-1.63	1385.14	8348.46
-11.48	-1.63	1384.25	8566.29
-11.48	-1.63	1383.36	8494.53
-11.48	-1.63	1382.47	8330.04
-11.48	-1.63	1381.58	8280.82
-11.48	-1.63	1380.69	8492.9
-11.48	-1.63	1379.8	8499.84
-11.48	-1.63	1378.91	8565.76
-11.48	-1.63	1378.02	8429.49
-11.48	-1.63	1377.13	8565.58
-11.48	-1.63	1376.24	8639.88
-11.48	-1.63	1375.35	8764.66
-11.48	-1.63	1374.46	8533.04
-11.48	-1.63	1373.57	8789.66
-11.48	-1.63	1372.68	8841.42
-11.48	-1.63	1371.78	9055.83
-11.48	-1.63	1370.89	8695.33
-11.48	-1.63	1370.0	8890.07
-11.48	-1.63	1369.11	9398.67
-11.48	-1.63	1368.22	9363.4
-11.48	-1.63	1367.33	8991.89
-11.48	-1.63	1366.43	8998.73
-11.48	-1.63	1365.54	9324.89
-11.48	-1.63	1364.65	9454.89
-11.48	-1.63	1363.76	8966.02
-11.48	-1.63	1362.86	8835.67
-11.48	-1.63	1361.97	9301.58
-11.48	-1.63	1361.08	9238.39
-11.48	-1.63	1360.18	9222.78
-11.48	-1.63	1359.29	9016.94
-11.48	-1.63	1358.4	9250.33
-11.48	-1.63	1357.5	9341.01
-11.48	-1.63	1356.61	9247.1
-11.48	-1.63	1355.71	8993.87
-11.48	-1.63	1354.82	9283.01
-11.48	-1.63	1353.92	9516.14
-11.48	-1.63	1353.03	9419.48
-11.48	-1.63	1352.13	9442.97
-11.48	-1.63	1351.24	9377.08
-11.48	-1.63	1350.34	9975.89
-11.48	-1.63	1349.45	9753.56
-11.48	-1.63	1348.55	9687.64
-11.48	-1.63	1347.66	10029.3
-11.48	-1.63	1346.76	10270.3
-11.48	-1.63	1345.87	10215.5
-11.48	-1.63	1344.97	10021.2
-11.48	-1.63	1344.07	10239.8
-11.48	-1.63	1343.18	10168.3
-11.48	-1.63	1342.28	10470.5
-11.48	-1.63	1341.38	10203.8
-11.48	-1.63	1340.49	10436.2
-11.48	-1.63	1339.59	10504.0
-11.48	-1.63	1338.69	10761.3
-11.48	-1.63	1337.8	10511.5
-11.48	-1.63	1336.9	10153.1
-11.48	-1.63	1336.0	10471.6
-11.48	-1.63	1335.1	10929.2
-11.48	-1.63	1334.2	10373.3
-11.48	-1.63	1333.31	10466.1
-11.48	-1.63	1332.41	10503.2
-11.48	-1.63	1331.51	10877.1
-11.48	-1.63	1330.61	10883.5
-11.48	-1.63	1329.71	10636.8
-11.48	-1.63	1328.81	10726.7
-11.48	-1.63	1327.91	10872.2
-11.48	-1.63	1327.02	10923.1
-11.48	-1.63	1326.12	10632.1
-11.48	-1.63	1325.22	10797.0
-11.48	-1.63	1324.32	11045.2
-11.48	-1.63	1323.42	10748.8
-11.48	-1.63	1322.52	10785.8
-11.48	-1.63	1321.62	10686.7
-11.48	-1.63	1320.72	10926.4
-11.48	-1.63	1319.82	10755.2
-11.48	-1.63	1318.91	10747.7
-11.48	-1.63	1318.01	10609.8
-11.48	-1.63	1317.11	11096.4
-11.48	-1.63	1316.21	10819.8
-11.48	-1.63	1315.31	10476.7
-11.48	-1.63	1314.41	10494.3
-11.48	-1.63	1313.51	10739.2
-11.48	-1.63	1312.61	10754.0
-11.48	-1.63	1311.7	10508.1
-11.48	-1.63	1310.8	10470.3
-11.48	-1.63	1309.9	10546.0
-11.48	-1.63	1309.0	10405.7
-11.48	-1.63	1308.09	10337.4
-11.48	-1.63	1307.19	10141.7
-11.48	-1.63	1306.29	10358.6
-11.48	-1.63	1305.39	10282.1
-11.48	-1.63	1304.48	10216.6
-11.48	-1.63	1303.58	9785.86
-11.48	-1.63	1302.68	9723.27
-11.48	-1.63	1301.77	9926.29
-11.48	-1.63	1300.87	9927.32
-11.48	-1.63	1299.96	9579.88
-11.48	-1.63	1299.06	9522.9
-11.48	-1.63	1298.16	9844.69
-11.48	-1.63	1297.25	9743.45
-11.48	-1.63	1296.35	9310.62
-11.48	-1.63	1295.44	9264.77
-11.48	-1.63	1294.54	9528.36
-11.48	-1.63	1293.63	9573.65
-11.48	-1.63	1292.73	9339.99
-11.48	-1.63	1291.82	8995.96
-11.48	-1.63	1290.92	9402.96
-11.48	-1.63	1290.01	9448.24
-11.48	-1.63	1289.1	8991.22
-11.48	-1.63	1288.2	9122.09
-11.48	-1.63	1287.29	9343.95
-11.48	-1.63	1286.39	9386.44
-11.48	-1.63	1285.48	9172.44
-11.48	-1.63	1284.57	9217.7
-11.48	-1.63	1283.67	9516.58
-11.48	-1.63	1282.76	9559.01
-11.48	-1.63	1281.85	9292.77
-11.48	-1.63	1280.94	9307.67
-11.48	-1.63	1280.04	9509.89
-11.48	-1.63	1279.13	9742.35
-11.48	-1.63	1278.22	9506.55
-11.48	-1.63	1277.31	9353.44
-11.48	-1.63	1276.41	9481.19
-11.48	-1.63	1275.5	9685.96
-11.48	-1.63	1274.59	9420.07
-11.48	-1.63	1273.68	9242.31
-11.48	-1.63	1272.77	9403.0
-11.48	-1.63	1271.86	9569.13
-11.48	-1.63	1270.95	9380.44
-11.48	-1.63	1270.04	9381.54
-11.48	-1.63	1269.13	9421.13
-11.48	-1.63	1268.23	9595.39
-11.48	-1.63	1267.32	9516.75
-11.48	-1.63	1266.41	9330.99
-11.48	-1.63	1265.5	9170.01
-11.48	-1.63	1264.59	9566.66
-11.48	-1.63	1263.67	9337.05
-11.48	-1.63	1262.76	8882.36
-11.48	-1.63	1261.85	9116.89
-11.48	-1.63	1260.94	9365.06
-11.48	-1.63	1260.03	9256.38
-11.48	-1.63	1259.12	9029.77
-11.48	-1.63	1258.21	9039.15
-11.48	-1.63	1257.3	9207.61
-11.48	-1.63	1256.39	9195.02
-11.48	-1.63	1255.47	8963.09
-11.48	-1.63	1254.56	8808.0
-11.48	-1.63	1253.65	9066.83
-11.48	-1.63	1252.74	9144.71
-11.48	-1.63	1251.83	8745.81
-11.48	-1.63	1250.91	8842.89
-11.48	-1.63	1250.0	9065.93
-11.48	-1.63	1249.09	9269.71
-11.48	-1.63	1248.17	8945.0
-11.48	-1.63	1247.26	8965.32
-11.48	-1.63	1246.35	9185.44
-11.48	-1.63	1245.43	9339.81
-11.48	-1.63	1244.52	9091.92
-11.48	-1.63	1243.61	9065.7
-11.48	-1.63	1242.69	9323.93
-11.48	-1.63	1241.78	9275.8
-11.48	-1.63	1240.86	9093.72
-11.48	-1.63	1239.95	8720.34
-11.48	-1.63	1239.03	9057.71
-11.48	-1.63	1238.12	9157.23
-11.48	-1.63	1237.2	8767.64
-11.48	-1.63	1236.29	8375.46
-11.48	-1.63	1235.37	8513.28
-11.48	-1.63	1234.46	8711.12
-11.48	-1.63	1233.54	8229.06
-11.48	-1.63	1232.63	8063.82
-11.48	-1.63	1231.71	8425.39
-11.48	-1.63	1230.8	8331.13
-11.48	-1.63	1229.88	8105.94
-11.48	-1.63	1228.96	8131.78
-11.48	-1.63	1228.05	8315.81
-11.48	-1.63	1227.13	8224.36
-11.48	-1.63	1226.21	7958.44
-11.48	-1.63	1225.3	7921.6
-11.48	-1.63	1224.38	8015.6
-11.48	-1.63	1223.46	8087.76
-11.48	-1.63	1222.54	7702.18
-11.48	-1.63	1221.63	7572.79
-11.48	-1.63	1220.71	7601.41
-11.48	-1.63	1219.79	7747.11
-11.48	-1.63	1218.87	7612.34
-11.48	-1.63	1217.95	7398.67
-11.48	-1.63	1217.03	7634.15
-11.48	-1.63	1216.12	7747.09
-11.48	-1.63	1215.2	7713.07
-11.48	-1.63	1214.28	7545.78
-11.48	-1.63	1213.36	7723.95
-11.48	-1.63	1212.44	7771.53
-11.48	-1.63	1211.52	7707.63
-11.48	-1.63	1210.6	7502.4
-11.48	-1.63	1209.68	7560.86
-11.48	-1.63	1208.76	7782.35
-11.48	-1.63	1207.84	7691.32
-11.48	-1.63	1206.92	7760.58
-11.48	-1.63	1206.0	7647.86
-11.48	-1.63	1205.08	7945.2
-11.48	-1.63	1204.16	7894.93
-11.48	-1.63	1203.24	7603.09
-11.48	-1.63	1202.31	7666.88
-11.48	-1.63	1201.39	7749.65
-11.48	-1.63	1200.47	7737.42
-11.48	-1.63	1199.55	7429.54
-11.48	-1.63	1198.63	7490.61
-11.48	-1.63	1197.71	7497.42
-11.48	-1.63	1196.78	7664.18
-11.48	-1.63	1195.86	7272.5
-11.48	-1.63	1194.94	7428.4
-11.48	-1.63	1194.02	7586.95
-11.48	-1.63	1193.09	7507.05
-11.48	-1.63	1192.17	7484.05
-11.48	-1.63	1191.25	7520.64
-11.48	-1.63	1190.32	7698.02
-11.48	-1.63	1189.4	7642.51
-11.48	-1.63	1188.48	7587.03
-11.48	-1.63	1187.55	7580.27
-11.48	-1.63	1186.63	8063.27
-11.48	-1.63	1185.71	7961.74
-11.48	-1.63	1184.78	7746.65
-11.48	-1.63	1183.86	7850.75
-11.48	-1.63	1182.93	8222.5
-11.48	-1.63	1182.01	8069.65
-11.48	-1.63	1181.08	8127.69
-11.48	-1.63	1180.16	8185.7
-11.48	-1.63	1179.23	8313.95
-11.48	-1.63	1178.31	8396.22
-11.48	-1.63	1177.38	8132.74
-11.48	-1.63	1176.46	8198.81
-11.48	-1.63	1175.53	8324.26
-11.48	-1.63	1174.6	8611.65
-11.48	-1.63	1173.68	8361.8
-11.48	-1.63	1172.75	8406.2
-11.48	-1.63	1171.82	8488.35
-11.48	-1.63	1170.9	8508.43
-11.48	-1.63	1169.97	8331.61
-11.48	-1.63	1169.04	8254.62
-11.48	-1.63	1168.12	8490.43
-11.48	-1.63	1167.19	8707.28
-11.48	-1.63	1166.26	8533.24
-11.48	-1.63	1165.33	8270.33
-11.48	-1.63	1164.41	8398.19
-11.48	-1.63	1163.48	8604.13
-11.48	-1.63	1162.55	8411.38
-11.48	-1.63	1161.62	8253.7
-11.48	-1.63	1160.69	8241.47
-11.48	-1.63	1159.76	8374.6
-11.48	-1.63	1158.84	7972.09
-11.48	-1.63	1157.91	7863.04
-11.48	-1.63	1156.98	7856.26
-11.48	-1.63	1156.05	7854.87
-11.48	-1.63	1155.12	7579.14
-11.48	-1.63	1154.19	7550.91
-11.48	-1.63	1153.26	7657.11
-11.48	-1.63	1152.33	7642.31
-11.48	-1.63	1151.4	7321.13
-11.48	-1.63	1150.47	7075.3
-11.48	-1.63	1149.54	7313.16
-11.48	-1.63	1148.61	7338.72
-11.48	-1.63	1147.68	7353.54
-11.48	-1.63	1146.75	7121.3
-11.48	-1.63	1145.81	7353.61
-11.48	-1.63	1144.88	7322.78
-11.48	-1.63	1143.95	7007.47
-11.48	-1.63	1143.02	7239.68
-11.48	-1.63	1142.09	7461.07
-11.48	-1.63	1141.16	7537.54
-11.48	-1.63	1140.22	7415.51
-11.48	-1.63	1139.29	7188.95
-11.48	-1.63	1138.36	7292.24
-11.48	-1.63	1137.43	7491.98
-11.48	-1.63	1136.49	7195.85
-11.48	-1.63	1135.56	7028.44
-11.48	-1.63	1134.63	7139.71
-11.48	-1.63	1133.69	7114.33
-11.48	-1.63	1132.76	7032.73
-11.48	-1.63	1131.83	6801.2
-11.48	-1.63	1130.89	6845.5
-11.48	-1.63	1129.96	6892.47
-11.48	-1.63	1129.02	6810.96
-11.48	-1.63	1128.09	6788.34
-11.48	-1.63	1127.16	6864.72
-11.48	-1.63	1126.22	7010.61
-11.48	-1.63	1125.29	6832.86
-11.48	-1.63	1124.35	6681.91
-11.48	-1.63	1123.42	6822.41
-11.48	-1.63	1122.48	6805.16
-11.48	-1.63	1121.55	6782.57
-11.48	-1.63	1120.61	6693.19
-11.48	-1.63	1119.67	6729.4
-11.48	-1.63	1118.74	6837.71
-11.48	-1.63	1117.8	6807.12
-11.48	-1.63	1116.87	6528.23
-11.48	-1.63	1115.93	6959.54
-11.48	-1.63	1114.99	6944.95
-11.48	-1.63	1114.06	6858.32
-11.48	-1.63	1113.12	6713.02
-11.48	-1.63	1112.18	6845.21
-11.48	-1.63	1111.24	7124.05
-11.48	-1.63	1110.31	6728.11
-11.48	-1.63	1109.37	6849.56
-11.48	-1.63	1108.43	6922.98
-11.48	-1.63	1107.49	6932.41
-11.48	-1.63	1106.55	7003.12
-11.48	-1.63	1105.62	6895.3
-11.48	-1.63	1104.68	7253.7
-11.48	-1.63	1103.74	7212.46
-11.48	-1.63	1102.8	7227.15
-11.48	-1.63	1101.86	6927.67
-11.48	-1.63	1100.92	7533.36
-11.48	-1.63	1099.98	7398.95
-11.48	-1.63	1099.04	7195.39
-11.48	-1.63	1098.1	7058.42
-11.48	-1.63	1097.16	7203.47
-11.48	-1.63	1096.22	7207.51
-11.48	-1.63	1095.28	6794.06
-11.48	-1.63	1094.34	6702.45
-11.48	-1.63	1093.4	6765.06
-11.48	-1.63	1092.46	6957.86
-11.48	-1.63	1091.52	6478.32
-11.48	-1.63	1090.58	6466.54
-11.48	-1.63	1089.64	6409.61
-11.48	-1.63	1088.7	6456.27
-11.48	-1.63	1087.76	6237.38
-11.48	-1.63	1086.81	6246.89
-11.48	-1.63	1085.87	6508.56
-11.48	-1.63	1084.93	6382.66
-11.48	-1.63	1083.99	6113.53
-11.48	-1.63	1083.05	6152.23
-11.48	-1.63	1082.1	6201.53
-11.48	-1.63	1081.16	6256.12
-11.48	-1.63	1080.22	6005.76
-11.48	-1.63	1079.28	6129.29
-11.48	-1.63	1078.33	6374.7
-11.48	-1.63	1077.39	6251.66
-11.48	-1.63	1076.45	6269.09
-11.48	-1.63	1075.5	6249.43
-11.48	-1.63	1074.56	6370.15
-11.48	-1.63	1073.61	6557.04
-11.48	-1.63	1072.67	6351.99
-11.48	-1.63	1071.73	6504.4
-11.48	-1.63	1070.78	6601.18
-11.48	-1.63	1069.84	6605.29
-11.48	-1.63	1068.89	6487.69
-11.48	-1.63	1067.95	6592.35
-11.48	-1.63	1067.0	6593.82
-11.48	-1.63	1066.06	6590.0
-11.48	-1.63	1065.11	6472.49
-11.48	-1.63	1064.16	6627.3
-11.48	-1.63	1063.22	6768.84
-11.48	-1.63	1062.27	6749.13
-11.48	-1.63	1061.33	6457.29
-11.48	-1.63	1060.38	6590.86
-11.48	-1.63	1059.43	6653.08
-11.48	-1.63	1058.49	6467.04
-11.48	-1.63	1057.54	6521.33
-11.48	-1.63	1056.59	6316.9
-11.48	-1.63	1055.65	6381.76
-11.48	-1.63	1054.7	6438.67
-11.48	-1.63	1053.75	6052.32
-11.48	-1.63	1052.8	6264.91
-11.48	-1.63	1051.85	6263.79
-11.48	-1.63	1050.91	6086.0
-11.48	-1.63	1049.96	5892.45
-11.48	-1.63	1049.01	6060.1
-11.48	-1.63	1048.06	6064.28
-11.48	-1.63	1047.11	6036.85
-11.48	-1.63	1046.16	5909.31
-11.48	-1.63	1045.21	5984.64
-11.48	-1.63	1044.27	6254.83
-11.48	-1.63	1043.32	5940.37
-11.48	-1.63	1042.37	6026.19
-11.48	-1.63	1041.42	6167.25
-11.48	-1.63	1040.47	6274.05
-11.48	-1.63	1039.52	6115.05
-11.48	-1.63	1038.57	6119.22
-11.48	-1.63	1037.62	6178.62
-11.48	-1.63	1036.67	6103.88
-11.48	-1.63	1035.71	6092.27
-11.48	-1.63	1034.76	5999.17
-11.48	-1.63	1033.81	6189.97
-11.48	-1.63	1032.86	6162.58
-11.48	-1.63	1031.91	5982.81
-11.48	-1.63	1030.96	5973.86
-11.48	-1.63	1030.01	6041.08
-11.48	-1.63	1029.05	6173.93
-11.48	-1.63	1028.1	5839.37
-11.48	-1.63	1027.15	5982.7
-11.48	-1.63	1026.2	6078.75
-11.48	-1.63	1025.24	6111.77
-11.48	-1.63	1024.29	5921.77
-11.48	-1.63	1023.34	5983.67
-11.48	-1.63	1022.39	6087.51
-11.48	-1.63	1021.43	6041.84
-11.48	-1.63	1020.48	5710.4
-11.48	-1.63	1019.52	5879.77
-11.48	-1.63	1018.57	6067.42
-11.48	-1.63	1017.62	5854.08
-11.48	-1.63	1016.66	5722.03
-11.48	-1.63	1015.71	5925.33
-11.48	-1.63	1014.75	5942.6
-11.48	-1.63	1013.8	6033.18
-11.48	-1.63	1012.84	5786.0
-11.48	-1.63	1011.89	5955.11
-11.48	-1.63	1010.93	6139.86
-11.48	-1.63	1009.98	5934.66
-11.48	-1.63	1009.02	5805.4
-11.48	-1.63	1008.07	5958.69
-11.48	-1.63	1007.11	5996.85
-11.48	-1.63	1006.16	6110.82
-11.48	-1.63	1005.2	5869.21
-11.48	-1.63	1004.24	6001.46
-11.48	-1.63	1003.29	6185.94
-11.48	-1.63	1002.33	6001.92
-11.48	-1.63	1001.37	5880.67
-11.48	-1.63	1000.41	6112.08
-11.48	-1.63	999.4580000000001	6079.65
-11.48	-1.63	998.5	5981.95
-11.48	-1.63	997.543	5866.01
-11.48	-1.63	996.585	5948.48
-11.48	-1.63	995.627	6150.97
-11.48	-1.63	994.669	5980.27
-11.48	-1.63	993.71	5872.23
-11.48	-1.63	992.752	5993.77
-11.48	-1.63	991.793	6110.04
-11.48	-1.63	990.834	5929.04
-11.48	-1.63	989.875	5766.35
-11.48	-1.63	988.916	6166.7
-11.48	-1.63	987.957	6121.29
-11.48	-1.63	986.997	5870.07
-11.48	-1.63	986.0369999999999	5840.36
-11.48	-1.63	985.078	6232.59
-11.48	-1.63	984.118	6062.21
-11.48	-1.63	983.1569999999999	5779.93
-11.48	-1.63	982.197	5989.75
-11.48	-1.63	981.2360000000001	6084.97
-11.48	-1.63	980.2760000000001	6086.48
-11.48	-1.63	979.315	6051.56
-11.48	-1.63	978.3539999999999	6021.86
-11.48	-1.63	977.3919999999999	6075.39
-11.48	-1.63	976.431	5879.28
-11.48	-1.63	975.4689999999999	6044.61
-11.48	-1.63	974.508	6022.73
-11.48	-1.63	973.546	6151.59
-11.48	-1.63	972.584	5973.79
-11.48	-1.63	971.6210000000001	6055.85
-11.48	-1.63	970.659	6197.63
-11.48	-1.63	969.696	6406.87
-11.48	-1.63	968.7330000000001	6208.38
-11.48	-1.63	967.77	6152.75
-11.48	-1.63	966.807	6442.35
-11.48	-1.63	965.8439999999999	6547.59
-11.48	-1.63	964.88	6414.09
-11.48	-1.63	963.9169999999999	6464.82
-11.48	-1.63	962.953	6668.56
-11.48	-1.63	961.9889999999999	6719.23
-11.48	-1.63	961.025	6396.51
-11.48	-1.63	960.06	6273.52
-11.48	-1.63	959.096	6658.58
-11.48	-1.63	958.1310000000001	6556.32
-11.48	-1.63	957.166	6358.22
-11.48	-1.63	956.201	6455.52
-11.48	-1.63	955.2360000000001	6521.7
-11.48	-1.63	954.27	6419.53
-11.48	-1.63	953.305	6226.78
-11.48	-1.63	952.3389999999999	6461.22
-11.48	-1.63	951.373	6382.41
-11.48	-1.63	950.4069999999999	6326.92
-11.48	-1.63	949.441	6206.77
-11.48	-1.63	948.4739999999999	6298.78
-11.48	-1.63	947.508	6225.23
-11.48	-1.63	946.541	6146.53
-11.48	-1.63	945.574	6013.57
-11.48	-1.63	944.607	6097.79
-11.48	-1.63	943.6389999999999	6411.99
-11.48	-1.63	942.672	6056.83
-11.48	-1.63	941.704	5996.32
-11.48	-1.63	940.7360000000001	6173.47
-11.48	-1.63	939.768	6032.9
-11.48	-1.63	938.8	5985.33
-11.48	-1.63	937.832	6007.49
-11.48	-1.63	936.863	6104.49
-11.48	-1.63	935.8939999999999	6263.39
-11.48	-1.63	934.926	5986.18
-11.48	-1.63	933.956	6145.04
-11.48	-1.63	932.987	6360.6
-11.48	-1.63	932.018	6284.66
-11.48	-1.63	931.048	6335.1
-11.48	-1.63	930.078	6385.51
-11.48	-1.63	929.1080000000001	6572.52
-11.48	-1.63	928.138	6648.64
-11.48	-1.63	927.168	6590.76
-11.48	-1.63	926.198	6545.78
-11.48	-1.63	925.227	6817.61
-11.48	-1.63	924.2560000000001	6759.73
-11.48	-1.63	923.285	6549.96
-11.48	-1.63	922.314	6754.71
-11.48	-1.63	921.3430000000001	6750.92
-11.48	-1.63	920.3710000000001	6515.53
-11.48	-1.63	919.3989999999999	6267.37
-11.48	-1.63	918.427	6490.03
-11.48	-1.63	917.455	6478.57
-11.48	-1.63	916.4830000000001	6287.12
-11.48	-1.63	915.5110000000001	6190.86
-11.48	-1.63	914.538	6238.58
-11.48	-1.63	913.565	6394.22
-11.48	-1.63	912.5930000000001	6321.12
-11.48	-1.63	911.6189999999999	6199.23
-11.48	-1.63	910.6460000000001	6208.39
-11.48	-1.63	909.673	6345.95
-11.48	-1.63	908.699	6147.09
-11.48	-1.63	907.725	6215.29
-11.48	-1.63	906.7510000000001	6350.21
-11.48	-1.63	905.7769999999999	6238.71
-11.48	-1.63	904.803	6083.63
-11.48	-1.63	903.828	6115.88
-11.48	-1.63	902.8539999999999	6335.36
-11.48	-1.63	901.8789999999999	6234.2
-11.48	-1.63	900.904	6158.72
-11.48	-1.63	899.928	6488.3
-11.48	-1.63	898.953	6579.4
-11.48	-1.63	897.977	6286.07
-11.48	-1.63	897.002	6164.51
-11.48	-1.63	896.0260000000001	6376.02
-11.48	-1.63	895.05	6477.31
-11.48	-1.63	894.073	6371.15
-11.48	-1.63	893.097	6367.44
-11.48	-1.63	892.12	6501.96
-11.48	-1.63	891.1439999999999	6342.1
-11.48	-1.63	890.1669999999999	6369.1
-11.48	-1.63	889.189	6357.72
-11.48	-1.63	888.212	6548.41
-11.48	-1.63	887.235	6501.19
-11.48	-1.63	886.257	6101.12
-11.48	-1.63	885.279	6273.86
-11.48	-1.63	884.301	6472.1
-11.48	-1.63	883.323	6473.49
-11.48	-1.63	882.3439999999999	6431.43
-11.48	-1.63	881.3660000000001	6512.02
-11.48	-1.63	880.387	6684.53
-11.48	-1.63	879.408	6606.71
-11.48	-1.63	878.429	6692.33
-11.48	-1.63	877.45	6834.08
-11.48	-1.63	876.47	6807.31
-11.48	-1.63	875.4910000000001	6721.87
-11.48	-1.63	874.5110000000001	6766.58
-11.48	-1.63	873.5310000000001	6890.35
-11.48	-1.63	872.551	6855.95
-11.48	-1.63	871.57	6905.71
-11.48	-1.63	870.59	6674.99
-11.48	-1.63	869.6089999999999	6887.91
-11.48	-1.63	868.628	6868.82
-11.48	-1.63	867.6469999999999	6589.81
-11.48	-1.63	866.666	6777.16
-11.48	-1.63	865.684	6783.57
-11.48	-1.63	864.703	6810.36
-11.48	-1.63	863.721	6638.51
-11.48	-1.63	862.7389999999999	6871.54
-11.48	-1.63	861.757	7038.29
-11.48	-1.63	860.775	7054.83
-11.48	-1.63	859.7919999999999	6982.31
-11.48	-1.63	858.81	7087.89
-11.48	-1.63	857.827	7185.81
-11.48	-1.63	856.8439999999999	7207.4
-11.48	-1.63	855.86	7089.12
-11.48	-1.63	854.877	7486.97
-11.48	-1.63	853.8939999999999	7546.62
-11.48	-1.63	852.91	7339.4
-11.48	-1.63	851.926	7442.25
-11.48	-1.63	850.942	7560.3
-11.48	-1.63	849.9580000000001	7381.13
-11.48	-1.63	848.9730000000001	7400.1
-11.48	-1.63	847.988	7264.19
-11.48	-1.63	847.0039999999999	7422.8
-11.48	-1.63	846.0189999999999	7269.17
-11.48	-1.63	845.034	7194.26
-11.48	-1.63	844.048	7317.27
-11.48	-1.63	843.063	7249.99
-11.48	-1.63	842.077	7121.86
-11.48	-1.63	841.091	7006.46
-11.48	-1.63	840.105	7375.35
-11.48	-1.63	839.1189999999999	7024.19
-11.48	-1.63	838.132	7081.21
-11.48	-1.63	837.1460000000001	7196.48
-11.48	-1.63	836.159	7402.93
-11.48	-1.63	835.172	7133.08
-11.48	-1.63	834.185	7022.88
-11.48	-1.63	833.198	7102.63
-11.48	-1.63	832.21	7288.69
-11.48	-1.63	831.222	7155.74
-11.48	-1.63	830.235	7136.72
-11.48	-1.63	829.247	7186.03
-11.48	-1.63	828.258	7379.52
-11.48	-1.63	827.27	7158.13
-11.48	-1.63	826.2810000000001	7032.91
-11.48	-1.63	825.293	7357.8
-11.48	-1.63	824.304	7171.92
-11.48	-1.63	823.315	6882.48
-11.48	-1.63	822.325	6792.78
-11.48	-1.63	821.336	7064.42
-11.48	-1.63	820.346	6919.14
-11.48	-1.63	819.3560000000001	6981.03
-11.48	-1.63	818.3660000000001	6964.61
-11.48	-1.63	817.3760000000001	7087.05
-11.48	-1.63	816.3860000000001	7037.8
-11.48	-1.63	815.395	6928.0
-11.48	-1.63	814.405	7141.22
-11.48	-1.63	813.414	7437.63
-11.48	-1.63	812.423	7310.16
-11.48	-1.63	811.431	7273.52
-11.48	-1.63	810.44	7292.37
-11.48	-1.63	809.448	7636.43
-11.48	-1.63	808.456	7335.08
-11.48	-1.63	807.4639999999999	7220.34
-11.48	-1.63	806.472	7418.08
-11.48	-1.63	805.48	7426.81
-11.48	-1.63	804.487	7304.56
-11.48	-1.63	803.495	7199.97
-11.48	-1.63	802.502	7430.31
-11.48	-1.63	801.5089999999999	7373.57
-11.48	-1.63	800.5160000000001	7326.92
-11.48	-1.63	799.5219999999999	7307.97
-11.48	-1.63	798.528	7419.87
-11.48	-1.63	797.535	7340.53
-11.48	-1.63	796.541	7256.19
-11.48	-1.63	795.547	7435.93
-11.48	-1.63	794.552	7499.94
-11.48	-1.63	793.558	7287.42
-11.48	-1.63	792.563	7303.69
-11.48	-1.63	791.568	7634.05
-11.48	-1.63	790.573	7486.94
-11.48	-1.63	789.578	7161.54
-11.48	-1.63	788.582	7343.57
-11.48	-1.63	787.587	7533.07
-11.48	-1.63	786.591	7255.53
-11.48	-1.63	785.595	6895.27
-11.48	-1.63	784.5989999999999	7257.91
-11.48	-1.63	783.602	7447.28
-11.48	-1.63	782.6060000000001	7265.3
-11.48	-1.63	781.6089999999999	7088.39
-11.48	-1.63	780.612	7435.69
-11.48	-1.63	779.615	7281.38
-11.48	-1.63	778.618	6921.57
-11.48	-1.63	777.6210000000001	7085.73
-11.48	-1.63	776.623	7172.15
-11.48	-1.63	775.625	7043.06
-11.48	-1.63	774.627	6753.69
-11.48	-1.63	773.6289999999999	6845.12
-11.48	-1.63	772.6310000000001	6986.61
-11.48	-1.63	771.632	7047.93
-11.48	-1.63	770.6339999999999	6991.57
-11.48	-1.63	769.635	7152.98
-11.48	-1.63	768.6360000000001	7469.47
-11.48	-1.63	767.6360000000001	7235.43
-11.48	-1.63	766.637	7291.64
-11.48	-1.63	765.637	7475.38
-11.48	-1.63	764.637	7699.06
-11.48	-1.63	763.638	7295.15
-11.48	-1.63	762.637	7388.8
-11.48	-1.63	761.637	7489.92
-11.48	-1.63	760.6360000000001	7733.42
-11.48	-1.63	759.6360000000001	7639.57
-11.48	-1.63	758.635	7640.68
-11.48	-1.63	757.6339999999999	7761.65
-11.48	-1.63	756.633	7498.06
-11.48	-1.63	755.6310000000001	7346.91
-11.48	-1.63	754.6289999999999	7709.97
-11.48	-1.63	753.628	7745.99
-11.48	-1.63	752.6260000000001	7796.97
-11.48	-1.63	751.623	7720.71
-11.48	-1.63	750.6210000000001	7911.35
-11.48	-1.63	749.6189999999999	7787.71
-11.48	-1.63	748.6160000000001	7858.59
-11.48	-1.63	747.613	7944.4
-11.48	-1.63	746.61	8072.55
-11.48	-1.63	745.607	8076.06
-11.48	-1.63	744.6030000000001	7511.53
-11.48	-1.63	743.5989999999999	7709.43
-11.48	-1.63	742.596	7849.97
-11.48	-1.63	741.592	7512.39
-11.48	-1.63	740.587	7473.67
-11.48	-1.63	739.5830000000001	7514.62
-11.48	-1.63	738.579	7508.26
-11.48	-1.63	737.574	7360.09
-11.48	-1.63	736.569	7336.35
-11.48	-1.63	735.564	7571.3
-11.48	-1.63	734.558	7507.74
-11.48	-1.63	733.553	7392.0
-11.48	-1.63	732.547	7485.11
-11.48	-1.63	731.541	7968.41
-11.48	-1.63	730.535	7621.53
-11.48	-1.63	729.529	7590.32
-11.48	-1.63	728.523	7775.24
-11.48	-1.63	727.5160000000001	7736.56
-11.48	-1.63	726.5089999999999	7804.67
-11.48	-1.63	725.503	7803.24
-11.48	-1.63	724.495	8052.52
-11.48	-1.63	723.488	8051.05
-11.48	-1.63	722.4810000000001	7930.47
-11.48	-1.63	721.4730000000001	8087.8
-11.48	-1.63	720.465	8252.51
-11.48	-1.63	719.457	8131.95
-11.48	-1.63	718.449	8090.79
-11.48	-1.63	717.44	8295.07
-11.48	-1.63	716.432	8199.36
-11.48	-1.63	715.423	8073.95
-11.48	-1.63	714.414	8032.83
-11.48	-1.63	713.405	8246.88
-11.48	-1.63	712.395	8346.92
-11.48	-1.63	711.3860000000001	8236.43
-11.48	-1.63	710.3760000000001	8217.59
-11.48	-1.63	709.3660000000001	8520.56
-11.48	-1.63	708.3560000000001	8449.7
-11.48	-1.63	707.346	8519.91
-11.48	-1.63	706.335	8763.29
-11.48	-1.63	705.325	8759.21
-11.48	-1.63	704.314	8386.62
-11.48	-1.63	703.303	8367.77
-11.48	-1.63	702.2919999999999	8561.55
-11.48	-1.63	701.28	8456.16
-11.48	-1.63	700.2689999999999	7982.58
-11.48	-1.63	699.257	7751.31
-11.48	-1.63	698.245	7870.95
-11.48	-1.63	697.2330000000001	7696.6
-11.48	-1.63	696.22	7487.74
-11.48	-1.63	695.2080000000001	7538.22
-11.48	-1.63	694.195	7373.9
-11.48	-1.63	693.182	7426.85
-11.48	-1.63	692.169	7274.95
-11.48	-1.63	691.1560000000001	7424.13
-11.48	-1.63	690.143	7442.5
-11.48	-1.63	689.1289999999999	7446.06
-11.48	-1.63	688.115	7641.97
-11.48	-1.63	687.1010000000001	7773.71
-11.48	-1.63	686.087	7925.11
-11.48	-1.63	685.073	7992.66
-11.48	-1.63	684.058	8008.44
-11.48	-1.63	683.043	8260.73
-11.48	-1.63	682.028	8232.12
-11.48	-1.63	681.013	8213.37
-11.48	-1.63	679.998	8435.93
-11.48	-1.63	678.9830000000001	8550.09
-11.48	-1.63	677.967	8201.46
-11.48	-1.63	676.951	8103.97
-11.48	-1.63	675.935	8385.44
-11.48	-1.63	674.919	8285.5
-11.48	-1.63	673.9019999999999	8062.61
-11.48	-1.63	672.8860000000001	7952.92
-11.48	-1.63	671.8689999999999	8067.02
-11.48	-1.63	670.852	7841.84
-11.48	-1.63	669.835	7597.07
-11.48	-1.63	668.817	7765.23
-11.48	-1.63	667.8	7741.69
-11.48	-1.63	666.7819999999999	7293.2
-11.48	-1.63	665.7639999999999	7505.53
-11.48	-1.63	664.7460000000001	7641.66
-11.48	-1.63	663.7280000000001	7451.21
-11.48	-1.63	662.709	7521.02
-11.48	-1.63	661.691	7468.1
-11.48	-1.63	660.672	7523.16
-11.48	-1.63	659.653	7615.0
-11.48	-1.63	658.6339999999999	7576.81
-11.48	-1.63	657.6139999999999	7732.37
-11.48	-1.63	656.595	7814.31
-11.48	-1.63	655.575	7690.3
-11.48	-1.63	654.555	7831.04
-11.48	-1.63	653.535	7947.23
-11.48	-1.63	652.514	7891.86
-11.48	-1.63	651.494	7696.88
-11.48	-1.63	650.4730000000001	7808.13
-11.48	-1.63	649.452	7965.86
-11.48	-1.63	648.431	7817.5
-11.48	-1.63	647.41	7874.81
-11.48	-1.63	646.388	7878.25
-11.48	-1.63	645.366	8278.1
-11.48	-1.63	644.345	8022.14
-11.48	-1.63	643.323	8010.88
-11.48	-1.63	642.3	7992.28
-11.48	-1.63	641.278	7971.25
-11.48	-1.63	640.255	7859.77
-11.48	-1.63	639.232	7982.98
-11.48	-1.63	638.2090000000001	8086.59
-11.48	-1.63	637.186	7843.21
-11.48	-1.63	636.163	7846.65
-11.48	-1.63	635.139	8228.67
-11.48	-1.63	634.116	8158.77
-11.48	-1.63	633.092	7913.11
-11.48	-1.63	632.068	8041.03
-11.48	-1.63	631.043	8190.87
-11.48	-1.63	630.019	7962.42
-11.48	-1.63	628.994	7929.23
-11.48	-1.63	627.969	8042.42
-11.48	-1.63	626.944	8040.94
-11.48	-1.63	625.919	7846.82
-11.48	-1.63	624.893	7784.42
-11.48	-1.63	623.868	8063.3
-11.48	-1.63	622.842	7969.2
-11.48	-1.63	621.816	7711.89
-11.48	-1.63	620.79	7961.39
-11.48	-1.63	619.763	8003.76
-11.48	-1.63	618.737	7926.79
-11.48	-1.63	617.71	7803.59
-11.48	-1.63	616.683	7772.94
-11.48	-1.63	615.656	7837.22
-11.48	-1.63	614.629	7507.25
-11.48	-1.63	613.601	7503.43
-11.48	-1.63	612.573	7694.22
-11.48	-1.63	611.545	7515.26
-11.48	-1.63	610.5169999999999	7450.64
-11.48	-1.63	609.489	7575.69
-11.48	-1.63	608.461	7856.26
-11.48	-1.63	607.432	7614.21
-11.48	-1.63	606.403	7797.47
-11.48	-1.63	605.374	8055.98
-11.48	-1.63	604.345	8180.8
-11.48	-1.63	603.315	8130.72
-11.48	-1.63	602.286	8129.21
-11.48	-1.63	601.256	8212.68
-11.48	-1.63	600.226	8157.76
