11.7	19.77	1799.66	910.7739999999999
11.7	19.77	1798.84	877.007
11.7	19.77	1798.03	913.5219999999999
11.7	19.77	1797.21	885.875
11.7	19.77	1796.39	897.942
11.7	19.77	1795.57	882.5219999999999
11.7	19.77	1794.75	851.841
11.7	19.77	1793.93	931.067
11.7	19.77	1793.11	866.814
11.7	19.77	1792.29	900.2360000000001
11.7	19.77	1791.47	839.061
11.7	19.77	1790.65	857.2230000000001
11.7	19.77	1789.84	924.181
11.7	19.77	1789.02	878.2810000000001
11.7	19.77	1788.2	865.936
11.7	19.77	1787.38	853.596
11.7	19.77	1786.56	893.076
11.7	19.77	1785.73	850.26
11.7	19.77	1784.91	883.633
11.7	19.77	1784.09	859.112
11.7	19.77	1783.27	816.323
11.7	19.77	1782.45	895.367
11.7	19.77	1781.63	937.845
11.7	19.77	1780.81	946.82
11.7	19.77	1779.99	812.727
11.7	19.77	1779.17	879.545
11.7	19.77	1778.35	903.7389999999999
11.7	19.77	1777.52	927.926
11.7	19.77	1776.7	842.596
11.7	19.77	1775.88	842.454
11.7	19.77	1775.06	881.842
11.7	19.77	1774.24	954.6610000000001
11.7	19.77	1773.41	902.823
11.7	19.77	1772.59	887.4739999999999
11.7	19.77	1771.77	929.8660000000001
11.7	19.77	1770.95	960.092
11.7	19.77	1770.12	984.2310000000001
11.7	19.77	1769.3	862.575
11.7	19.77	1768.48	871.54
11.7	19.77	1767.65	953.37
11.7	19.77	1766.83	892.495
11.7	19.77	1766.01	925.73
11.7	19.77	1765.18	861.846
11.7	19.77	1764.36	955.7589999999999
11.7	19.77	1763.53	913.1260000000001
11.7	19.77	1762.71	919.038
11.7	19.77	1761.88	840.034
11.7	19.77	1761.06	891.438
11.7	19.77	1760.24	894.318
11.7	19.77	1759.41	976.0060000000001
11.7	19.77	1758.59	884.924
11.7	19.77	1757.76	912.044
11.7	19.77	1756.94	978.54
11.7	19.77	1756.11	1017.75
11.7	19.77	1755.28	990.322
11.7	19.77	1754.46	902.3430000000001
11.7	19.77	1753.63	953.6569999999999
11.7	19.77	1752.81	968.63
11.7	19.77	1751.98	904.9110000000001
11.7	19.77	1751.16	956.198
11.7	19.77	1750.33	968.138
11.7	19.77	1749.5	967.9739999999999
11.7	19.77	1748.68	916.395
11.7	19.77	1747.85	940.431
11.7	19.77	1747.02	928.178
11.7	19.77	1746.2	900.815
11.7	19.77	1745.37	961.1089999999999
11.7	19.77	1744.54	951.8810000000001
11.7	19.77	1743.71	1024.23
11.7	19.77	1742.89	891.1419999999999
11.7	19.77	1742.06	963.4780000000001
11.7	19.77	1741.23	1026.73
11.7	19.77	1740.4	1014.48
11.7	19.77	1739.57	1020.34
11.7	19.77	1738.75	974.898
11.7	19.77	1737.92	1038.11
11.7	19.77	1737.09	995.688
11.7	19.77	1736.26	1004.57
11.7	19.77	1735.43	977.253
11.7	19.77	1734.6	1001.21
11.7	19.77	1733.77	1058.33
11.7	19.77	1732.94	1018.96
11.7	19.77	1732.11	1082.09
11.7	19.77	1731.28	1051.77
11.7	19.77	1730.45	1015.43
11.7	19.77	1729.62	1033.33
11.7	19.77	1728.8	1033.16
11.7	19.77	1727.96	1026.96
11.7	19.77	1727.13	1159.27
11.7	19.77	1726.3	1071.77
11.7	19.77	1725.47	1128.78
11.7	19.77	1724.64	1017.23
11.7	19.77	1723.81	1038.12
11.7	19.77	1722.98	1095.11
11.7	19.77	1722.15	1076.88
11.7	19.77	1721.32	1124.81
11.7	19.77	1720.49	1109.59
11.7	19.77	1719.66	1094.37
11.7	19.77	1718.82	1154.3
11.7	19.77	1717.99	1154.1
11.7	19.77	1717.16	1105.83
11.7	19.77	1716.33	1147.7
11.7	19.77	1715.5	1087.43
11.7	19.77	1714.66	1147.31
11.7	19.77	1713.83	1072.04
11.7	19.77	1713.0	1047.84
11.7	19.77	1712.17	1128.72
11.7	19.77	1711.33	1119.52
11.7	19.77	1710.5	1116.33
11.7	19.77	1709.67	1092.14
11.7	19.77	1708.83	1067.95
11.7	19.77	1708.0	1154.75
11.7	19.77	1707.17	1136.56
11.7	19.77	1706.33	1049.42
11.7	19.77	1705.5	1103.2
11.7	19.77	1704.66	1159.96
11.7	19.77	1703.83	1141.78
11.7	19.77	1703.0	1180.54
11.7	19.77	1702.16	1156.37
11.7	19.77	1701.33	1123.23
11.7	19.77	1700.49	1149.99
11.7	19.77	1699.66	1185.73
11.7	19.77	1698.82	1164.57
11.7	19.77	1697.99	1206.28
11.7	19.77	1697.15	1250.96
11.7	19.77	1696.32	1193.9
11.7	19.77	1695.48	1187.71
11.7	19.77	1694.64	1181.53
11.7	19.77	1693.81	1223.19
11.7	19.77	1692.97	1234.95
11.7	19.77	1692.14	1204.84
11.7	19.77	1691.3	1246.48
11.7	19.77	1690.46	1195.46
11.7	19.77	1689.63	1299.85
11.7	19.77	1688.79	1278.71
11.7	19.77	1687.95	1281.48
11.7	19.77	1687.12	1242.44
11.7	19.77	1686.28	1388.54
11.7	19.77	1685.44	1304.71
11.7	19.77	1684.6	1349.26
11.7	19.77	1683.77	1277.4
11.7	19.77	1682.93	1283.16
11.7	19.77	1682.09	1297.85
11.7	19.77	1681.25	1351.33
11.7	19.77	1680.41	1276.53
11.7	19.77	1679.58	1228.6
11.7	19.77	1678.74	1341.69
11.7	19.77	1677.9	1383.2
11.7	19.77	1677.06	1335.28
11.7	19.77	1676.22	1263.53
11.7	19.77	1675.38	1275.23
11.7	19.77	1674.54	1301.82
11.7	19.77	1673.7	1325.43
11.7	19.77	1672.86	1286.49
11.7	19.77	1672.02	1360.71
11.7	19.77	1671.18	1342.61
11.7	19.77	1670.34	1372.15
11.7	19.77	1669.5	1282.64
11.7	19.77	1668.66	1294.32
11.7	19.77	1667.82	1407.15
11.7	19.77	1666.98	1499.11
11.7	19.77	1666.14	1397.75
11.7	19.77	1665.3	1480.76
11.7	19.77	1664.46	1447.81
11.7	19.77	1663.62	1489.17
11.7	19.77	1662.78	1569.16
11.7	19.77	1661.94	1453.01
11.7	19.77	1661.1	1449.79
11.7	19.77	1660.25	1488.16
11.7	19.77	1659.41	1606.7
11.7	19.77	1658.57	1600.49
11.7	19.77	1657.73	1511.15
11.7	19.77	1656.89	1493.08
11.7	19.77	1656.04	1712.45
11.7	19.77	1655.2	1661.71
11.7	19.77	1654.36	1637.69
11.7	19.77	1653.52	1598.85
11.7	19.77	1652.67	1622.3
11.7	19.77	1651.83	1740.64
11.7	19.77	1650.99	1743.31
11.7	19.77	1650.14	1701.51
11.7	19.77	1649.3	1713.07
11.7	19.77	1648.46	1772.05
11.7	19.77	1647.61	1902.1
11.7	19.77	1646.77	1878.08
11.7	19.77	1645.92	1904.42
11.7	19.77	1645.08	1904.09
11.7	19.77	1644.24	2099.18
11.7	19.77	1643.39	1962.65
11.7	19.77	1642.55	2065.9
11.7	19.77	1641.7	2062.59
11.7	19.77	1640.86	2112.54
11.7	19.77	1640.01	2195.0
11.7	19.77	1639.17	2099.98
11.7	19.77	1638.32	2070.05
11.7	19.77	1637.48	2232.32
11.7	19.77	1636.63	2137.34
11.7	19.77	1635.78	2131.06
11.7	19.77	1634.94	2222.31
11.7	19.77	1634.09	2266.25
11.7	19.77	1633.25	2268.81
11.7	19.77	1632.4	2303.87
11.7	19.77	1631.55	2158.77
11.7	19.77	1630.71	2208.6
11.7	19.77	1629.86	2432.58
11.7	19.77	1629.01	2503.01
11.7	19.77	1628.16	2239.93
11.7	19.77	1627.32	2192.33
11.7	19.77	1626.47	2439.77
11.7	19.77	1625.62	2510.14
11.7	19.77	1624.77	2530.36
11.7	19.77	1623.93	2470.95
11.7	19.77	1623.08	2458.74
11.7	19.77	1622.23	2608.65
11.7	19.77	1621.38	2519.79
11.7	19.77	1620.53	2545.87
11.7	19.77	1619.69	2436.43
11.7	19.77	1618.84	2648.1
11.7	19.77	1617.99	2744.83
11.7	19.77	1617.14	2741.42
11.7	19.77	1616.29	2593.75
11.7	19.77	1615.44	2743.42
11.7	19.77	1614.59	2919.54
11.7	19.77	1613.74	3010.26
11.7	19.77	1612.89	2989.15
11.7	19.77	1612.04	3009.23
11.7	19.77	1611.19	3167.53
11.7	19.77	1610.34	3231.68
11.7	19.77	1609.49	3125.29
11.7	19.77	1608.64	3207.06
11.7	19.77	1607.79	3350.52
11.7	19.77	1606.94	3252.98
11.7	19.77	1606.09	3287.67
11.7	19.77	1605.24	3128.48
11.7	19.77	1604.39	3057.46
11.7	19.77	1603.54	3206.7
11.7	19.77	1602.68	3267.81
11.7	19.77	1601.83	3132.21
11.7	19.77	1600.98	3143.41
11.7	19.77	1600.13	3139.94
11.7	19.77	1599.28	3189.28
11.7	19.77	1598.42	3012.72
11.7	19.77	1597.57	3067.93
11.7	19.77	1596.72	3140.72
11.7	19.77	1595.87	3163.64
11.7	19.77	1595.01	3101.53
11.7	19.77	1594.16	3004.28
11.7	19.77	1593.31	2956.88
11.7	19.77	1592.45	3020.83
11.7	19.77	1591.6	3169.71
11.7	19.77	1590.75	2984.64
11.7	19.77	1589.89	2919.71
11.7	19.77	1589.04	3050.96
11.7	19.77	1588.19	3103.14
11.7	19.77	1587.33	3158.22
11.7	19.77	1586.48	3143.04
11.7	19.77	1585.62	3075.2
11.7	19.77	1584.77	3177.07
11.7	19.77	1583.91	3223.32
11.7	19.77	1583.06	3167.2
11.7	19.77	1582.2	3169.58
11.7	19.77	1581.35	3274.29
11.7	19.77	1580.49	3241.57
11.7	19.77	1579.64	3293.62
11.7	19.77	1578.78	3152.8
11.7	19.77	1577.93	3274.96
11.7	19.77	1577.07	3350.34
11.7	19.77	1576.21	3320.56
11.7	19.77	1575.36	3246.99
11.7	19.77	1574.5	3342.78
11.7	19.77	1573.65	3310.09
11.7	19.77	1572.79	3297.85
11.7	19.77	1571.93	3095.95
11.7	19.77	1571.08	3124.59
11.7	19.77	1570.22	3325.32
11.7	19.77	1569.36	3275.17
11.7	19.77	1568.5	3280.44
11.7	19.77	1567.65	3081.63
11.7	19.77	1566.79	3282.23
11.7	19.77	1565.93	3252.52
11.7	19.77	1565.07	3278.19
11.7	19.77	1564.21	3260.14
11.7	19.77	1563.36	3373.19
11.7	19.77	1562.5	3296.88
11.7	19.77	1561.64	3386.59
11.7	19.77	1560.78	3429.67
11.7	19.77	1559.92	3379.6
11.7	19.77	1559.06	3579.84
11.7	19.77	1558.2	3704.35
11.7	19.77	1557.34	3569.88
11.7	19.77	1556.49	3560.54
11.7	19.77	1555.63	3650.09
11.7	19.77	1554.77	3896.63
11.7	19.77	1553.91	3672.09
11.7	19.77	1553.05	3642.39
11.7	19.77	1552.19	3728.96
11.7	19.77	1551.33	3853.27
11.7	19.77	1550.47	3852.61
11.7	19.77	1549.6	3674.74
11.7	19.77	1548.74	3758.34
11.7	19.77	1547.88	3966.78
11.7	19.77	1547.02	4064.81
11.7	19.77	1546.16	3933.48
11.7	19.77	1545.3	3857.34
11.7	19.77	1544.44	3975.65
11.7	19.77	1543.58	4003.98
11.7	19.77	1542.71	4012.0
11.7	19.77	1541.85	3779.27
11.7	19.77	1540.99	3885.92
11.7	19.77	1540.13	3830.16
11.7	19.77	1539.27	3925.16
11.7	19.77	1538.4	3599.86
11.7	19.77	1537.54	3720.96
11.7	19.77	1536.68	3763.78
11.7	19.77	1535.81	3818.17
11.7	19.77	1534.95	3759.58
11.7	19.77	1534.09	3637.31
11.7	19.77	1533.23	3821.99
11.7	19.77	1532.36	4029.77
11.7	19.77	1531.5	3814.88
11.7	19.77	1530.63	3698.47
11.7	19.77	1529.77	3880.12
11.7	19.77	1528.91	4047.24
11.7	19.77	1528.04	4191.16
11.7	19.77	1527.18	3846.3
11.7	19.77	1526.31	3787.81
11.7	19.77	1525.45	4084.92
11.7	19.77	1524.58	3962.82
11.7	19.77	1523.72	3832.09
11.7	19.77	1522.85	3889.22
11.7	19.77	1521.99	3957.88
11.7	19.77	1521.12	3945.64
11.7	19.77	1520.26	3947.85
11.7	19.77	1519.39	3831.67
11.7	19.77	1518.52	3810.8
11.7	19.77	1517.66	3908.28
11.7	19.77	1516.79	3982.65
11.7	19.77	1515.93	3739.58
11.7	19.77	1515.06	3658.15
11.7	19.77	1514.19	3911.36
11.7	19.77	1513.33	3841.47
11.7	19.77	1512.46	3662.03
11.7	19.77	1511.59	3837.26
11.7	19.77	1510.72	3741.47
11.7	19.77	1509.86	3919.51
11.7	19.77	1508.99	3864.09
11.7	19.77	1508.12	3880.71
11.7	19.77	1507.25	3940.53
11.7	19.77	1506.38	4014.73
11.7	19.77	1505.52	3962.2
11.7	19.77	1504.65	3757.11
11.7	19.77	1503.78	3860.08
11.7	19.77	1502.91	4023.47
11.7	19.77	1502.04	4094.71
11.7	19.77	1501.17	3852.33
11.7	19.77	1500.3	3765.37
11.7	19.77	1499.44	3853.88
11.7	19.77	1498.57	3948.1
11.7	19.77	1497.7	3636.92
11.7	19.77	1496.83	3627.67
11.7	19.77	1495.96	3592.55
11.7	19.77	1495.09	3862.04
11.7	19.77	1494.22	3657.39
11.7	19.77	1493.35	3530.36
11.7	19.77	1492.48	3592.94
11.7	19.77	1491.61	3675.59
11.7	19.77	1490.73	3603.18
11.7	19.77	1489.86	3393.01
11.7	19.77	1488.99	3487.13
11.7	19.77	1488.12	3698.88
11.7	19.77	1487.25	3612.17
11.7	19.77	1486.38	3545.56
11.7	19.77	1485.51	3372.87
11.7	19.77	1484.63	3627.5
11.7	19.77	1483.76	3701.42
11.7	19.77	1482.89	3574.65
11.7	19.77	1482.02	3605.55
11.7	19.77	1481.15	3590.6
11.7	19.77	1480.27	3738.97
11.7	19.77	1479.4	3563.58
11.7	19.77	1478.53	3468.45
11.7	19.77	1477.65	3522.25
11.7	19.77	1476.78	3610.4
11.7	19.77	1475.91	3667.03
11.7	19.77	1475.03	3397.35
11.7	19.77	1474.16	3433.97
11.7	19.77	1473.29	3484.87
11.7	19.77	1472.41	3555.79
11.7	19.77	1471.54	3400.72
11.7	19.77	1470.67	3300.05
11.7	19.77	1469.79	3556.8
11.7	19.77	1468.92	3387.52
11.7	19.77	1468.04	3295.47
11.7	19.77	1467.17	3209.17
11.7	19.77	1466.29	3320.05
11.7	19.77	1465.42	3453.74
11.7	19.77	1464.54	3204.65
11.7	19.77	1463.67	3172.68
11.7	19.77	1462.79	3015.1
11.7	19.77	1461.91	3359.99
11.7	19.77	1461.04	3228.12
11.7	19.77	1460.16	3107.7
11.7	19.77	1459.29	3095.75
11.7	19.77	1458.41	3331.99
11.7	19.77	1457.53	3194.51
11.7	19.77	1456.66	3145.47
11.7	19.77	1455.78	3065.09
11.7	19.77	1454.9	3286.92
11.7	19.77	1454.03	3377.56
11.7	19.77	1453.15	3374.12
11.7	19.77	1452.27	3279.51
11.7	19.77	1451.39	3230.51
11.7	19.77	1450.52	3600.23
11.7	19.77	1449.64	3753.39
11.7	19.77	1448.76	3430.99
11.7	19.77	1447.88	3703.69
11.7	19.77	1447.0	3825.44
11.7	19.77	1446.13	4001.22
11.7	19.77	1445.25	3980.61
11.7	19.77	1444.37	3837.67
11.7	19.77	1443.49	3862.61
11.7	19.77	1442.61	3981.38
11.7	19.77	1441.73	3847.05
11.7	19.77	1440.85	3664.44
11.7	19.77	1439.97	3635.38
11.7	19.77	1439.09	3788.21
11.7	19.77	1438.21	3656.85
11.7	19.77	1437.33	3542.58
11.7	19.77	1436.45	3496.52
11.7	19.77	1435.57	3555.55
11.7	19.77	1434.69	3591.84
11.7	19.77	1433.81	3375.46
11.7	19.77	1432.93	3400.42
11.7	19.77	1432.05	3572.95
11.7	19.77	1431.17	3558.14
11.7	19.77	1430.29	3290.85
11.7	19.77	1429.41	3290.28
11.7	19.77	1428.52	3394.63
11.7	19.77	1427.64	3385.54
11.7	19.77	1426.76	3158.15
11.7	19.77	1425.88	3185.95
11.7	19.77	1425.0	3284.59
11.7	19.77	1424.11	3332.18
11.7	19.77	1423.23	3136.13
11.7	19.77	1422.35	3030.78
11.7	19.77	1421.47	3030.25
11.7	19.77	1420.58	3111.84
11.7	19.77	1419.7	3080.16
11.7	19.77	1418.82	2969.23
11.7	19.77	1417.93	3022.49
11.7	19.77	1417.05	3010.64
11.7	19.77	1416.17	3111.97
11.7	19.77	1415.28	2947.37
11.7	19.77	1414.4	3045.84
11.7	19.77	1413.51	3135.79
11.7	19.77	1412.63	3205.92
11.7	19.77	1411.75	3160.14
11.7	19.77	1410.86	3100.24
11.7	19.77	1409.98	3328.58
11.7	19.77	1409.09	3582.26
11.7	19.77	1408.21	3381.09
11.7	19.77	1407.32	3335.31
11.7	19.77	1406.44	3580.39
11.7	19.77	1405.55	3624.94
11.7	19.77	1404.66	3508.58
11.7	19.77	1403.78	3197.53
11.7	19.77	1402.89	3236.48
11.7	19.77	1402.01	3467.25
11.7	19.77	1401.12	3153.55
11.7	19.77	1400.23	3040.19
11.7	19.77	1399.35	3059.4
11.7	19.77	1398.46	3078.6
11.7	19.77	1397.57	3137.26
11.7	19.77	1396.69	2911.25
11.7	19.77	1395.8	2899.48
11.7	19.77	1394.91	2949.68
11.7	19.77	1394.02	2954.8
11.7	19.77	1393.14	2900.78
11.7	19.77	1392.25	2829.88
11.7	19.77	1391.36	2998.3
11.7	19.77	1390.47	2907.71
11.7	19.77	1389.58	2853.73
11.7	19.77	1388.7	2780.07
11.7	19.77	1387.81	2999.03
11.7	19.77	1386.92	3158.84
11.7	19.77	1386.03	3031.73
11.7	19.77	1385.14	3048.07
11.7	19.77	1384.25	3089.71
11.7	19.77	1383.36	3257.83
11.7	19.77	1382.47	3285.37
11.7	19.77	1381.58	3178.02
11.7	19.77	1380.69	3331.98
11.7	19.77	1379.8	3320.16
11.7	19.77	1378.91	3440.35
11.7	19.77	1378.02	3436.94
11.7	19.77	1377.13	3377.38
11.7	19.77	1376.24	3522.76
11.7	19.77	1375.35	3541.79
11.7	19.77	1374.46	3386.84
11.7	19.77	1373.57	3397.47
11.7	19.77	1372.68	3607.26
11.7	19.77	1371.78	3755.27
11.7	19.77	1370.89	3538.7
11.7	19.77	1370.0	3434.35
11.7	19.77	1369.11	3621.56
11.7	19.77	1368.22	3814.3
11.7	19.77	1367.33	3667.93
11.7	19.77	1366.43	3462.77
11.7	19.77	1365.54	3588.22
11.7	19.77	1364.65	3694.02
11.7	19.77	1363.76	3570.17
11.7	19.77	1362.86	3516.35
11.7	19.77	1361.97	3440.16
11.7	19.77	1361.08	3627.07
11.7	19.77	1360.18	3436.16
11.7	19.77	1359.29	3407.58
11.7	19.77	1358.4	3303.49
11.7	19.77	1357.5	3487.5
11.7	19.77	1356.61	3595.94
11.7	19.77	1355.71	3508.64
11.7	19.77	1354.82	3393.43
11.7	19.77	1353.92	3594.06
11.7	19.77	1353.03	3559.9
11.7	19.77	1352.13	3570.45
11.7	19.77	1351.24	3511.17
11.7	19.77	1350.34	3630.64
11.7	19.77	1349.45	3881.32
11.7	19.77	1348.55	3704.75
11.7	19.77	1347.66	3665.03
11.7	19.77	1346.76	3731.37
11.7	19.77	1345.87	3853.49
11.7	19.77	1344.97	3822.13
11.7	19.77	1344.07	3877.25
11.7	19.77	1343.18	4018.81
11.7	19.77	1342.28	4104.54
11.7	19.77	1341.38	4112.19
11.7	19.77	1340.49	3983.25
11.7	19.77	1339.59	4238.95
11.7	19.77	1338.69	4522.43
11.7	19.77	1337.8	4451.99
11.7	19.77	1336.9	4220.02
11.7	19.77	1336.0	4230.42
11.7	19.77	1335.1	4485.85
11.7	19.77	1334.2	4557.45
11.7	19.77	1333.31	4253.25
11.7	19.77	1332.41	4411.14
11.7	19.77	1331.51	4427.06
11.7	19.77	1330.61	4479.15
11.7	19.77	1329.71	4386.57
11.7	19.77	1328.81	4205.03
11.7	19.77	1327.91	4362.79
11.7	19.77	1327.02	4514.93
11.7	19.77	1326.12	4172.25
11.7	19.77	1325.22	4107.6
11.7	19.77	1324.32	4270.82
11.7	19.77	1323.42	4408.98
11.7	19.77	1322.52	4252.66
11.7	19.77	1321.62	4171.37
11.7	19.77	1320.72	4220.62
11.7	19.77	1319.82	4361.47
11.7	19.77	1318.91	4352.38
11.7	19.77	1318.01	4246.16
11.7	19.77	1317.11	4447.97
11.7	19.77	1316.21	4580.36
11.7	19.77	1315.31	4352.11
11.7	19.77	1314.41	4373.53
11.7	19.77	1313.51	4400.49
11.7	19.77	1312.61	4604.88
11.7	19.77	1311.7	4579.12
11.7	19.77	1310.8	4406.49
11.7	19.77	1309.9	4486.08
11.7	19.77	1309.0	4704.15
11.7	19.77	1308.09	4562.06
11.7	19.77	1307.19	4439.41
11.7	19.77	1306.29	4438.63
11.7	19.77	1305.39	4534.75
11.7	19.77	1304.48	4558.86
11.7	19.77	1303.58	4256.41
11.7	19.77	1302.68	4020.47
11.7	19.77	1301.77	4169.15
11.7	19.77	1300.87	4126.93
11.7	19.77	1299.96	3838.59
11.7	19.77	1299.06	3746.67
11.7	19.77	1298.16	3834.48
11.7	19.77	1297.25	3908.44
11.7	19.77	1296.35	3824.84
11.7	19.77	1295.44	3522.99
11.7	19.77	1294.54	3743.38
11.7	19.77	1293.63	3822.83
11.7	19.77	1292.73	3612.27
11.7	19.77	1291.82	3608.88
11.7	19.77	1290.92	3787.69
11.7	19.77	1290.01	3842.23
11.7	19.77	1289.1	3684.25
11.7	19.77	1288.2	3551.16
11.7	19.77	1287.29	3696.75
11.7	19.77	1286.39	3665.76
11.7	19.77	1285.48	3670.63
11.7	19.77	1284.57	3454.92
11.7	19.77	1283.67	3534.26
11.7	19.77	1282.76	3693.5
11.7	19.77	1281.85	3618.45
11.7	19.77	1280.94	3452.49
11.7	19.77	1280.04	3501.47
11.7	19.77	1279.13	3635.82
11.7	19.77	1278.22	3522.27
11.7	19.77	1277.31	3364.71
11.7	19.77	1276.41	3499.01
11.7	19.77	1275.5	3553.45
11.7	19.77	1274.59	3486.77
11.7	19.77	1273.68	3271.54
11.7	19.77	1272.77	3174.68
11.7	19.77	1271.86	3190.63
11.7	19.77	1270.95	3313.82
11.7	19.77	1270.04	3208.75
11.7	19.77	1269.13	3062.49
11.7	19.77	1268.23	3303.83
11.7	19.77	1267.32	3311.49
11.7	19.77	1266.41	3308.16
11.7	19.77	1265.5	3244.39
11.7	19.77	1264.59	3466.3
11.7	19.77	1263.67	3677.15
11.7	19.77	1262.76	3627.08
11.7	19.77	1261.85	3579.77
11.7	19.77	1260.94	3653.25
11.7	19.77	1260.03	3990.15
11.7	19.77	1259.12	3959.27
11.7	19.77	1258.21	3818.66
11.7	19.77	1257.3	4053.87
11.7	19.77	1256.39	4365.79
11.7	19.77	1255.47	4156.64
11.7	19.77	1254.56	4084.63
11.7	19.77	1253.65	3911.24
11.7	19.77	1252.74	4124.3
11.7	19.77	1251.83	3934.52
11.7	19.77	1250.91	3602.35
11.7	19.77	1250.0	3889.31
11.7	19.77	1249.09	3891.36
11.7	19.77	1248.17	3835.92
11.7	19.77	1247.26	3397.24
11.7	19.77	1246.35	3467.81
11.7	19.77	1245.43	3617.71
11.7	19.77	1244.52	3466.58
11.7	19.77	1243.61	3178.74
11.7	19.77	1242.69	3156.3
11.7	19.77	1241.78	3128.4
11.7	19.77	1240.86	3021.21
11.7	19.77	1239.95	2911.34
11.7	19.77	1239.03	2798.76
11.7	19.77	1238.12	2932.17
11.7	19.77	1237.2	2833.29
11.7	19.77	1236.29	2701.67
11.7	19.77	1235.37	2725.78
11.7	19.77	1234.46	2834.53
11.7	19.77	1233.54	2825.84
11.7	19.77	1232.63	2737.99
11.7	19.77	1231.71	2748.42
11.7	19.77	1230.8	2938.95
11.7	19.77	1229.88	2913.88
11.7	19.77	1228.96	2793.34
11.7	19.77	1228.05	2773.76
11.7	19.77	1227.13	2966.88
11.7	19.77	1226.21	2999.07
11.7	19.77	1225.3	2949.47
11.7	19.77	1224.38	2943.5
11.7	19.77	1223.46	3131.01
11.7	19.77	1222.54	3283.03
11.7	19.77	1221.63	3029.11
11.7	19.77	1220.71	3134.8
11.7	19.77	1219.79	3210.49
11.7	19.77	1218.87	3098.3
11.7	19.77	1217.95	3046.03
11.7	19.77	1217.03	2767.89
11.7	19.77	1216.12	3001.42
11.7	19.77	1215.2	3066.18
11.7	19.77	1214.28	2785.46
11.7	19.77	1213.36	2787.69
11.7	19.77	1212.44	2915.0
11.7	19.77	1211.52	2879.15
11.7	19.77	1210.6	2756.32
11.7	19.77	1209.68	2687.88
11.7	19.77	1208.76	2880.34
11.7	19.77	1207.84	2901.56
11.7	19.77	1206.92	2762.52
11.7	19.77	1206.0	2628.95
11.7	19.77	1205.08	2753.4
11.7	19.77	1204.16	2934.81
11.7	19.77	1203.24	2934.29
11.7	19.77	1202.31	2686.8
11.7	19.77	1201.39	2865.41
11.7	19.77	1200.47	2959.86
11.7	19.77	1199.55	2712.5
11.7	19.77	1198.63	2709.31
11.7	19.77	1197.71	2803.74
11.7	19.77	1196.78	2835.77
11.7	19.77	1195.86	2813.59
11.7	19.77	1194.94	2693.84
11.7	19.77	1194.02	2855.95
11.7	19.77	1193.09	3009.86
11.7	19.77	1192.17	2749.3
11.7	19.77	1191.25	2884.22
11.7	19.77	1190.32	2786.23
11.7	19.77	1189.4	2940.05
11.7	19.77	1188.48	2871.86
11.7	19.77	1187.55	2782.05
11.7	19.77	1186.63	2897.91
11.7	19.77	1185.71	2859.52
11.7	19.77	1184.78	2761.64
11.7	19.77	1183.86	2663.79
11.7	19.77	1182.93	2674.14
11.7	19.77	1182.01	2681.77
11.7	19.77	1181.08	2648.86
11.7	19.77	1180.16	2607.86
11.7	19.77	1179.23	2518.23
11.7	19.77	1178.31	2615.04
11.7	19.77	1177.38	2665.9
11.7	19.77	1176.46	2446.68
11.7	19.77	1175.53	2475.95
11.7	19.77	1174.6	2510.6
11.7	19.77	1173.68	2642.42
11.7	19.77	1172.75	2598.77
11.7	19.77	1171.82	2598.31
11.7	19.77	1170.9	2935.06
11.7	19.77	1169.97	2902.17
11.7	19.77	1169.04	2982.56
11.7	19.77	1168.12	2833.74
11.7	19.77	1167.19	2946.46
11.7	19.77	1166.26	3018.71
11.7	19.77	1165.33	2956.19
11.7	19.77	1164.41	2963.75
11.7	19.77	1163.48	3062.9
11.7	19.77	1162.55	3056.97
11.7	19.77	1161.62	2800.6
11.7	19.77	1160.69	2891.65
11.7	19.77	1159.76	2891.14
11.7	19.77	1158.84	2753.36
11.7	19.77	1157.91	2736.72
11.7	19.77	1156.98	2722.79
11.7	19.77	1156.05	2703.47
11.7	19.77	1155.12	2794.44
11.7	19.77	1154.19	2535.79
11.7	19.77	1153.26	2634.82
11.7	19.77	1152.33	2715.0
11.7	19.77	1151.4	2684.95
11.7	19.77	1150.47	2628.04
11.7	19.77	1149.54	2772.66
11.7	19.77	1148.61	3124.06
11.7	19.77	1147.68	3096.65
11.7	19.77	1146.75	2959.15
11.7	19.77	1145.81	2883.45
11.7	19.77	1144.88	3068.16
11.7	19.77	1143.95	2952.21
11.7	19.77	1143.02	2908.75
11.7	19.77	1142.09	2808.97
11.7	19.77	1141.16	2875.53
11.7	19.77	1140.22	2845.52
11.7	19.77	1139.29	2641.22
11.7	19.77	1138.36	2546.92
11.7	19.77	1137.43	2613.48
11.7	19.77	1136.49	2535.3
11.7	19.77	1135.56	2323.16
11.7	19.77	1134.63	2250.41
11.7	19.77	1133.69	2338.41
11.7	19.77	1132.76	2297.82
11.7	19.77	1131.83	2267.96
11.7	19.77	1130.89	2195.27
11.7	19.77	1129.96	2280.54
11.7	19.77	1129.02	2296.19
11.7	19.77	1128.09	2143.26
11.7	19.77	1127.16	2212.44
11.7	19.77	1126.22	2241.47
11.7	19.77	1125.29	2313.28
11.7	19.77	1124.35	2152.44
11.7	19.77	1123.42	2272.35
11.7	19.77	1122.48	2247.89
11.7	19.77	1121.55	2242.15
11.7	19.77	1120.61	2062.73
11.7	19.77	1119.67	2222.65
11.7	19.77	1118.74	2123.43
11.7	19.77	1117.8	2195.16
11.7	19.77	1116.87	2063.94
11.7	19.77	1115.93	1946.11
11.7	19.77	1114.99	2148.61
11.7	19.77	1114.06	1977.44
11.7	19.77	1113.12	2113.16
11.7	19.77	1112.18	2000.74
11.7	19.77	1111.24	2035.06
11.7	19.77	1110.31	2024.03
11.7	19.77	1109.37	2026.34
11.7	19.77	1108.43	2055.3
11.7	19.77	1107.49	2052.27
11.7	19.77	1106.55	2057.23
11.7	19.77	1105.62	1928.98
11.7	19.77	1104.68	1941.96
11.7	19.77	1103.74	2098.75
11.7	19.77	1102.8	2010.5
11.7	19.77	1101.86	1959.56
11.7	19.77	1100.92	1956.55
11.7	19.77	1099.98	1980.15
11.7	19.77	1099.04	1958.51
11.7	19.77	1098.1	1891.65
11.7	19.77	1097.16	1909.93
11.7	19.77	1096.22	1992.04
11.7	19.77	1095.28	1903.93
11.7	19.77	1094.34	1768.0
11.7	19.77	1093.4	1911.23
11.7	19.77	1092.46	1871.02
11.7	19.77	1091.52	1883.97
11.7	19.77	1090.58	1854.41
11.7	19.77	1089.64	1816.9
11.7	19.77	1088.7	1880.31
11.7	19.77	1087.76	1765.8
11.7	19.77	1086.81	1805.31
11.7	19.77	1085.87	1791.71
11.7	19.77	1084.93	1865.7
11.7	19.77	1083.99	1886.6
11.7	19.77	1083.05	1843.81
11.7	19.77	1082.1	1819.61
11.7	19.77	1081.16	1880.28
11.7	19.77	1080.22	1874.65
11.7	19.77	1079.28	1892.87
11.7	19.77	1078.33	1993.25
11.7	19.77	1077.39	2075.05
11.7	19.77	1076.45	2045.54
11.7	19.77	1075.5	1970.99
11.7	19.77	1074.56	2018.32
11.7	19.77	1073.61	2115.94
11.7	19.77	1072.67	2152.64
11.7	19.77	1071.73	2078.13
11.7	19.77	1070.78	2194.22
11.7	19.77	1069.84	2156.78
11.7	19.77	1068.89	2196.08
11.7	19.77	1067.95	2140.13
11.7	19.77	1067.0	2168.85
11.7	19.77	1066.06	2335.06
11.7	19.77	1065.11	2109.9
11.7	19.77	1064.16	2117.46
11.7	19.77	1063.22	2138.22
11.7	19.77	1062.27	2071.78
11.7	19.77	1061.33	2087.26
11.7	19.77	1060.38	1901.97
11.7	19.77	1059.43	1946.53
11.7	19.77	1058.49	2059.73
11.7	19.77	1057.54	1893.03
11.7	19.77	1056.59	1876.86
11.7	19.77	1055.65	2034.88
11.7	19.77	1054.7	1989.65
11.7	19.77	1053.75	1873.21
11.7	19.77	1052.8	1912.45
11.7	19.77	1051.85	1935.84
11.7	19.77	1050.91	1948.68
11.7	19.77	1049.96	1900.87
11.7	19.77	1049.01	1760.83
11.7	19.77	1048.06	1797.41
11.7	19.77	1047.11	1789.18
11.7	19.77	1046.16	1791.5
11.7	19.77	1045.21	1709.52
11.7	19.77	1044.27	1788.22
11.7	19.77	1043.32	1722.08
11.7	19.77	1042.37	1674.38
11.7	19.77	1041.42	1755.68
11.7	19.77	1040.47	1734.31
11.7	19.77	1039.52	1747.16
11.7	19.77	1038.57	1686.34
11.7	19.77	1037.62	1670.25
11.7	19.77	1036.67	1680.47
11.7	19.77	1035.71	1709.1
11.7	19.77	1034.76	1714.05
11.7	19.77	1033.81	1674.31
11.7	19.77	1032.86	1723.95
11.7	19.77	1031.91	1639.56
11.7	19.77	1030.96	1620.87
11.7	19.77	1030.01	1581.19
11.7	19.77	1029.05	1657.06
11.7	19.77	1028.1	1609.5
11.7	19.77	1027.15	1493.71
11.7	19.77	1026.2	1632.55
11.7	19.77	1025.24	1595.52
11.7	19.77	1024.29	1597.85
11.7	19.77	1023.34	1566.09
11.7	19.77	1022.39	1594.66
11.7	19.77	1021.43	1633.71
11.7	19.77	1020.48	1565.25
11.7	19.77	1019.52	1538.75
11.7	19.77	1018.57	1624.97
11.7	19.77	1017.62	1684.95
11.7	19.77	1016.66	1611.29
11.7	19.77	1015.71	1524.55
11.7	19.77	1014.75	1689.28
11.7	19.77	1013.8	1723.02
11.7	19.77	1012.84	1539.44
11.7	19.77	1011.89	1586.28
11.7	19.77	1010.93	1709.01
11.7	19.77	1009.98	1700.85
11.7	19.77	1009.02	1776.41
11.7	19.77	1008.07	1713.32
11.7	19.77	1007.11	1885.62
11.7	19.77	1006.16	1934.96
11.7	19.77	1005.2	1790.83
11.7	19.77	1004.24	1808.8
11.7	19.77	1003.29	1865.97
11.7	19.77	1002.33	1949.25
11.7	19.77	1001.37	1961.97
11.7	19.77	1000.41	1966.84
11.7	19.77	999.4580000000001	2159.74
11.7	19.77	998.5	2094.07
11.7	19.77	997.543	2059.76
11.7	19.77	996.585	2304.74
11.7	19.77	995.627	2471.35
11.7	19.77	994.669	2517.87
11.7	19.77	993.71	2457.42
11.7	19.77	992.752	2642.16
11.7	19.77	991.793	2725.14
11.7	19.77	990.834	2667.29
11.7	19.77	989.875	2440.01
11.7	19.77	988.916	2653.3
11.7	19.77	987.957	2785.72
11.7	19.77	986.997	2602.84
11.7	19.77	986.0369999999999	2446.07
11.7	19.77	985.078	2555.02
11.7	19.77	984.118	2757.68
11.7	19.77	983.1569999999999	2509.85
11.7	19.77	982.197	2368.83
11.7	19.77	981.2360000000001	2404.84
11.7	19.77	980.2760000000001	2331.55
11.7	19.77	979.315	2227.06
11.7	19.77	978.3539999999999	2120.01
11.7	19.77	977.3919999999999	2137.83
11.7	19.77	976.431	2028.23
11.7	19.77	975.4689999999999	1884.88
11.7	19.77	974.508	1866.34
11.7	19.77	973.546	1879.0
11.7	19.77	972.584	1863.08
11.7	19.77	971.6210000000001	1745.83
11.7	19.77	970.659	1807.86
11.7	19.77	969.696	1817.92
11.7	19.77	968.7330000000001	1835.77
11.7	19.77	967.77	1671.89
11.7	19.77	966.807	1718.31
11.7	19.77	965.8439999999999	1821.8
11.7	19.77	964.88	1808.5
11.7	19.77	963.9169999999999	1735.54
11.7	19.77	962.953	1724.85
11.7	19.77	961.9889999999999	1802.34
11.7	19.77	961.025	1838.32
11.7	19.77	960.06	1799.1
11.7	19.77	959.096	1801.37
11.7	19.77	958.1310000000001	1902.11
11.7	19.77	957.166	1722.99
11.7	19.77	956.201	1613.88
11.7	19.77	955.2360000000001	1776.76
11.7	19.77	954.27	1797.16
11.7	19.77	953.305	1760.59
11.7	19.77	952.3389999999999	1664.49
11.7	19.77	951.373	1785.83
11.7	19.77	950.4069999999999	1808.8
11.7	19.77	949.441	1715.34
11.7	19.77	948.4739999999999	1686.57
11.7	19.77	947.508	1781.96
11.7	19.77	946.541	1799.74
11.7	19.77	945.574	1664.98
11.7	19.77	944.607	1602.64
11.7	19.77	943.6389999999999	1723.82
11.7	19.77	942.672	1695.09
11.7	19.77	941.704	1643.11
11.7	19.77	940.7360000000001	1699.64
11.7	19.77	939.768	1673.51
11.7	19.77	938.8	1662.88
11.7	19.77	937.832	1574.8
11.7	19.77	936.863	1716.48
11.7	19.77	935.8939999999999	1721.34
11.7	19.77	934.926	1692.64
11.7	19.77	933.956	1638.16
11.7	19.77	932.987	1668.82
11.7	19.77	932.018	1763.94
11.7	19.77	931.048	1688.84
11.7	19.77	930.078	1629.25
11.7	19.77	929.1080000000001	1654.73
11.7	19.77	928.138	1778.13
11.7	19.77	927.168	1656.71
11.7	19.77	926.198	1653.83
11.7	19.77	925.227	1694.74
11.7	19.77	924.2560000000001	1766.54
11.7	19.77	923.285	1634.91
11.7	19.77	922.314	1668.08
11.7	19.77	921.3430000000001	1732.13
11.7	19.77	920.3710000000001	1726.67
11.7	19.77	919.3989999999999	1574.56
11.7	19.77	918.427	1664.31
11.7	19.77	917.455	1684.58
11.7	19.77	916.4830000000001	1653.42
11.7	19.77	915.5110000000001	1604.27
11.7	19.77	914.538	1652.82
11.7	19.77	913.565	1711.64
11.7	19.77	912.5930000000001	1626.53
11.7	19.77	911.6189999999999	1654.5
11.7	19.77	910.6460000000001	1762.08
11.7	19.77	909.673	1761.76
11.7	19.77	908.699	1638.2
11.7	19.77	907.725	1702.08
11.7	19.77	906.7510000000001	1758.24
11.7	19.77	905.7769999999999	1873.41
11.7	19.77	904.803	1950.05
11.7	19.77	903.828	2013.83
11.7	19.77	902.8539999999999	2367.42
11.7	19.77	901.8789999999999	2538.81
11.7	19.77	900.904	2681.94
11.7	19.77	899.928	2973.7
11.7	19.77	898.953	2944.97
11.7	19.77	897.977	3136.63
11.7	19.77	897.002	2774.8
11.7	19.77	896.0260000000001	2638.53
11.7	19.77	895.05	2381.93
11.7	19.77	894.073	2171.52
11.7	19.77	893.097	2007.27
11.7	19.77	892.12	1965.95
11.7	19.77	891.1439999999999	1876.01
11.7	19.77	890.1669999999999	1668.4
11.7	19.77	889.189	1655.31
11.7	19.77	888.212	1693.38
11.7	19.77	887.235	1682.84
11.7	19.77	886.257	1697.88
11.7	19.77	885.279	1613.21
11.7	19.77	884.301	1651.26
11.7	19.77	883.323	1676.51
11.7	19.77	882.3439999999999	1579.11
11.7	19.77	881.3660000000001	1612.04
11.7	19.77	880.387	1680.71
11.7	19.77	879.408	1634.44
11.7	19.77	878.429	1646.91
11.7	19.77	877.45	1776.81
11.7	19.77	876.47	1853.06
11.7	19.77	875.4910000000001	1936.94
11.7	19.77	874.5110000000001	1916.18
11.7	19.77	873.5310000000001	2051.03
11.7	19.77	872.551	2124.63
11.7	19.77	871.57	1986.54
11.7	19.77	870.59	1917.34
11.7	19.77	869.6089999999999	1983.27
11.7	19.77	868.628	2036.43
11.7	19.77	867.6469999999999	1867.88
11.7	19.77	866.666	1775.82
11.7	19.77	865.684	1818.8
11.7	19.77	864.703	1790.46
11.7	19.77	863.721	1701.01
11.7	19.77	862.7389999999999	1698.15
11.7	19.77	861.757	1725.85
11.7	19.77	860.775	1702.63
11.7	19.77	859.7919999999999	1572.55
11.7	19.77	858.81	1735.08
11.7	19.77	857.827	1739.86
11.7	19.77	856.8439999999999	1574.23
11.7	19.77	855.86	1647.69
11.7	19.77	854.877	1609.25
11.7	19.77	853.8939999999999	1794.51
11.7	19.77	852.91	1669.66
11.7	19.77	851.926	1638.87
11.7	19.77	850.942	1694.46
11.7	19.77	849.9580000000001	1711.93
11.7	19.77	848.9730000000001	1739.56
11.7	19.77	847.988	1614.83
11.7	19.77	847.0039999999999	1683.08
11.7	19.77	846.0189999999999	1634.55
11.7	19.77	845.034	1598.72
11.7	19.77	844.048	1656.79
11.7	19.77	843.063	1659.03
11.7	19.77	842.077	1610.53
11.7	19.77	841.091	1625.46
11.7	19.77	840.105	1782.35
11.7	19.77	839.1189999999999	1723.73
11.7	19.77	838.132	1710.74
11.7	19.77	837.1460000000001	1619.21
11.7	19.77	836.159	1699.99
11.7	19.77	835.172	1735.14
11.7	19.77	834.185	1663.91
11.7	19.77	833.198	1663.61
11.7	19.77	832.21	1670.9
11.7	19.77	831.222	1751.6
11.7	19.77	830.235	1632.34
11.7	19.77	829.247	1687.71
11.7	19.77	828.258	1722.82
11.7	19.77	827.27	1818.62
11.7	19.77	826.2810000000001	1578.04
11.7	19.77	825.293	1721.88
11.7	19.77	824.304	1719.04
11.7	19.77	823.315	1655.54
11.7	19.77	822.325	1650.18
11.7	19.77	821.336	1533.66
11.7	19.77	820.346	1631.9
11.7	19.77	819.3560000000001	1603.82
11.7	19.77	818.3660000000001	1527.77
11.7	19.77	817.3760000000001	1719.37
11.7	19.77	816.3860000000001	1681.2
11.7	19.77	815.395	1521.89
11.7	19.77	814.405	1592.27
11.7	19.77	813.414	1682.8
11.7	19.77	812.423	1639.61
11.7	19.77	811.431	1513.21
11.7	19.77	810.44	1591.11
11.7	19.77	809.448	1580.73
11.7	19.77	808.456	1645.98
11.7	19.77	807.4639999999999	1577.64
11.7	19.77	806.472	1627.75
11.7	19.77	805.48	1710.59
11.7	19.77	804.487	1700.2
11.7	19.77	803.495	1725.07
11.7	19.77	802.502	1757.49
11.7	19.77	801.5089999999999	1694.23
11.7	19.77	800.5160000000001	1789.57
11.7	19.77	799.5219999999999	1587.92
11.7	19.77	798.528	1658.08
11.7	19.77	797.535	1680.42
11.7	19.77	796.541	1577.0
11.7	19.77	795.547	1616.94
11.7	19.77	794.552	1687.05
11.7	19.77	793.558	1749.58
11.7	19.77	792.563	1706.54
11.7	19.77	791.568	1736.38
11.7	19.77	790.573	1836.56
11.7	19.77	789.578	1838.74
11.7	19.77	788.582	1815.8
11.7	19.77	787.587	1802.91
11.7	19.77	786.591	1877.9
11.7	19.77	785.595	1789.71
11.7	19.77	784.5989999999999	1794.4
11.7	19.77	783.602	1781.53
11.7	19.77	782.6060000000001	1818.83
11.7	19.77	781.6089999999999	1698.1
11.7	19.77	780.612	1755.47
11.7	19.77	779.615	1918.13
11.7	19.77	778.618	1937.84
11.7	19.77	777.6210000000001	1827.2
11.7	19.77	776.623	2009.8
11.7	19.77	775.625	2039.5
11.7	19.77	774.627	2121.8
11.7	19.77	773.6289999999999	2028.74
11.7	19.77	772.6310000000001	2173.61
11.7	19.77	771.632	2190.74
11.7	19.77	770.6339999999999	1930.0
11.7	19.77	769.635	1977.21
11.7	19.77	768.6360000000001	1991.86
11.7	19.77	767.6360000000001	1953.97
11.7	19.77	766.637	1918.59
11.7	19.77	765.637	1905.73
11.7	19.77	764.637	1952.9
11.7	19.77	763.638	1990.04
11.7	19.77	762.637	1939.69
11.7	19.77	761.637	2071.79
11.7	19.77	760.6360000000001	2083.9
11.7	19.77	759.6360000000001	2063.53
11.7	19.77	758.635	2095.63
11.7	19.77	757.6339999999999	2282.54
11.7	19.77	756.633	2314.59
11.7	19.77	755.6310000000001	2249.26
11.7	19.77	754.6289999999999	2263.82
11.7	19.77	753.628	2315.81
11.7	19.77	752.6260000000001	2233.05
11.7	19.77	751.623	2202.71
11.7	19.77	750.6210000000001	2297.08
11.7	19.77	749.6189999999999	2426.34
11.7	19.77	748.6160000000001	2420.91
11.7	19.77	747.613	2263.42
11.7	19.77	746.61	2387.62
11.7	19.77	745.607	2290.0
11.7	19.77	744.6030000000001	2152.56
11.7	19.77	743.5989999999999	1972.82
11.7	19.77	742.596	2029.74
11.7	19.77	741.592	1987.03
11.7	19.77	740.587	1877.13
11.7	19.77	739.5830000000001	1971.37
11.7	19.77	738.579	1766.94
11.7	19.77	737.574	1853.71
11.7	19.77	736.569	1783.71
11.7	19.77	735.564	1838.1
11.7	19.77	734.558	1800.47
11.7	19.77	733.553	1755.38
11.7	19.77	732.547	1628.28
11.7	19.77	731.541	1742.31
11.7	19.77	730.535	1729.57
11.7	19.77	729.529	1682.04
11.7	19.77	728.523	1674.28
11.7	19.77	727.5160000000001	1832.93
11.7	19.77	726.5089999999999	1730.78
11.7	19.77	725.503	1670.88
11.7	19.77	724.495	1722.7
11.7	19.77	723.488	1925.9
11.7	19.77	722.4810000000001	1848.62
11.7	19.77	721.4730000000001	1875.57
11.7	19.77	720.465	1964.53
11.7	19.77	719.457	1917.05
11.7	19.77	718.449	1966.29
11.7	19.77	717.44	1901.47
11.7	19.77	716.432	2037.45
11.7	19.77	715.423	2042.03
11.7	19.77	714.414	1982.19
11.7	19.77	713.405	2031.37
11.7	19.77	712.395	2147.41
11.7	19.77	711.3860000000001	2082.63
11.7	19.77	710.3760000000001	2074.82
11.7	19.77	709.3660000000001	2195.74
11.7	19.77	708.3560000000001	2304.24
11.7	19.77	707.346	2264.22
11.7	19.77	706.335	2154.95
11.7	19.77	705.325	2295.55
11.7	19.77	704.314	2230.83
11.7	19.77	703.303	2178.49
11.7	19.77	702.2919999999999	2086.61
11.7	19.77	701.28	2157.92
11.7	19.77	700.2689999999999	2031.48
11.7	19.77	699.257	1914.97
11.7	19.77	698.245	2141.91
11.7	19.77	697.2330000000001	2176.09
11.7	19.77	696.22	2086.79
11.7	19.77	695.2080000000001	2172.82
11.7	19.77	694.195	2160.08
11.7	19.77	693.182	2088.11
11.7	19.77	692.169	2075.39
11.7	19.77	691.1560000000001	2089.81
11.7	19.77	690.143	1983.35
11.7	19.77	689.1289999999999	2002.72
11.7	19.77	688.115	1935.77
11.7	19.77	687.1010000000001	1967.46
11.7	19.77	686.087	2043.52
11.7	19.77	685.073	1929.77
11.7	19.77	684.058	1934.35
11.7	19.77	683.043	2022.68
11.7	19.77	682.028	1901.61
11.7	19.77	681.013	1908.65
11.7	19.77	679.998	1903.38
11.7	19.77	678.9830000000001	1947.34
11.7	19.77	677.967	2035.6
11.7	19.77	676.951	1919.56
11.7	19.77	675.935	1975.79
11.7	19.77	674.919	2120.58
11.7	19.77	673.9019999999999	1950.47
11.7	19.77	672.8860000000001	2006.67
11.7	19.77	671.8689999999999	1994.01
11.7	19.77	670.852	2175.56
11.7	19.77	669.835	2035.06
11.7	19.77	668.817	1941.31
11.7	19.77	667.8	1953.24
11.7	19.77	666.7819999999999	1967.62
11.7	19.77	665.7639999999999	1920.59
11.7	19.77	664.7460000000001	1893.23
11.7	19.77	663.7280000000001	2020.54
11.7	19.77	662.709	1936.71
11.7	19.77	661.691	1882.36
11.7	19.77	660.672	2043.96
11.7	19.77	659.653	2004.34
11.7	19.77	658.6339999999999	1950.0
11.7	19.77	657.6139999999999	1905.5
11.7	19.77	656.595	1907.6
11.7	19.77	655.575	1931.77
11.7	19.77	654.555	1909.35
11.7	19.77	653.535	1852.64
11.7	19.77	652.514	1906.2
11.7	19.77	651.494	1851.96
11.7	19.77	650.4730000000001	1998.57
11.7	19.77	649.452	2010.44
11.7	19.77	648.431	2049.25
11.7	19.77	647.41	1884.86
11.7	19.77	646.388	1845.36
11.7	19.77	645.366	1974.71
11.7	19.77	644.345	1871.59
11.7	19.77	643.323	1888.37
11.7	19.77	642.3	1963.83
11.7	19.77	641.278	2036.82
11.7	19.77	640.255	1987.56
11.7	19.77	639.232	1923.64
11.7	19.77	638.2090000000001	2121.23
11.7	19.77	637.186	2081.75
11.7	19.77	636.163	2032.51
11.7	19.77	635.139	2227.53
11.7	19.77	634.116	2290.61
11.7	19.77	633.092	2104.63
11.7	19.77	632.068	2099.36
11.7	19.77	631.043	2069.68
11.7	19.77	630.019	1993.66
11.7	19.77	628.994	1973.77
11.7	19.77	627.969	2075.86
11.7	19.77	626.944	2136.45
11.7	19.77	625.919	2050.71
11.7	19.77	624.893	2008.88
11.7	19.77	623.868	2010.95
11.7	19.77	622.842	2059.32
11.7	19.77	621.816	1868.88
11.7	19.77	620.79	1810.07
11.7	19.77	619.763	1877.94
11.7	19.77	618.737	1802.1
11.7	19.77	617.71	1782.29
11.7	19.77	616.683	1847.69
11.7	19.77	615.656	1859.51
11.7	19.77	614.629	1752.1
11.7	19.77	613.601	1744.48
11.7	19.77	612.573	1839.02
11.7	19.77	611.545	1848.41
11.7	19.77	610.5169999999999	1711.9
11.7	19.77	609.489	1789.38
11.7	19.77	608.461	1806.07
11.7	19.77	607.432	1868.92
11.7	19.77	606.403	1688.76
11.7	19.77	605.374	1705.46
11.7	19.77	604.345	1848.45
11.7	19.77	603.315	1784.97
11.7	19.77	602.286	1631.67
11.7	19.77	601.256	1764.89
11.7	19.77	600.226	1750.0
