-16.7	6.27	1799.64	730.45
-16.7	6.27	1798.82	724.215
-16.7	6.27	1798.0	659.932
-16.7	6.27	1797.18	745.3530000000001
-16.7	6.27	1796.37	662.7639999999999
-16.7	6.27	1795.55	693.189
-16.7	6.27	1794.73	729.71
-16.7	6.27	1793.91	784.535
-16.7	6.27	1793.09	714.203
-16.7	6.27	1792.27	640.8430000000001
-16.7	6.27	1791.45	723.115
-16.7	6.27	1790.63	747.398
-16.7	6.27	1789.81	738.1210000000001
-16.7	6.27	1788.99	753.2439999999999
-16.7	6.27	1788.17	725.676
-16.7	6.27	1787.35	670.679
-16.7	6.27	1786.53	737.622
-16.7	6.27	1785.71	740.545
-16.7	6.27	1784.89	670.3389999999999
-16.7	6.27	1784.07	712.877
-16.7	6.27	1783.25	752.3539999999999
-16.7	6.27	1782.43	676.09
-16.7	6.27	1781.61	682.066
-16.7	6.27	1780.79	651.506
-16.7	6.27	1779.97	739.67
-16.7	6.27	1779.14	766.935
-16.7	6.27	1778.32	705.948
-16.7	6.27	1777.5	769.7180000000001
-16.7	6.27	1776.68	699.625
-16.7	6.27	1775.86	751.21
-16.7	6.27	1775.03	751.0830000000001
-16.7	6.27	1774.21	723.5930000000001
-16.7	6.27	1773.39	714.3510000000001
-16.7	6.27	1772.57	741.584
-16.7	6.27	1771.74	787.04
-16.7	6.27	1770.92	768.677
-16.7	6.27	1770.1	741.2080000000001
-16.7	6.27	1769.28	671.2260000000001
-16.7	6.27	1768.45	698.443
-16.7	6.27	1767.63	734.7589999999999
-16.7	6.27	1766.81	683.028
-16.7	6.27	1765.98	676.842
-16.7	6.27	1765.16	755.6289999999999
-16.7	6.27	1764.33	767.637
-16.7	6.27	1763.51	731.1039999999999
-16.7	6.27	1762.69	737.046
-16.7	6.27	1761.86	724.791
-16.7	6.27	1761.04	748.925
-16.7	6.27	1760.21	791.24
-16.7	6.27	1759.39	833.541
-16.7	6.27	1758.56	736.423
-16.7	6.27	1757.74	748.418
-16.7	6.27	1756.91	751.321
-16.7	6.27	1756.09	726.962
-16.7	6.27	1755.26	732.8960000000001
-16.7	6.27	1754.44	720.659
-16.7	6.27	1753.61	744.757
-16.7	6.27	1752.78	738.577
-16.7	6.27	1751.96	786.875
-16.7	6.27	1751.13	747.405
-16.7	6.27	1750.31	762.405
-16.7	6.27	1749.48	777.4
-16.7	6.27	1748.65	777.2689999999999
-16.7	6.27	1747.83	740.85
-16.7	6.27	1747.0	789.0989999999999
-16.7	6.27	1746.17	752.691
-16.7	6.27	1745.34	785.809
-16.7	6.27	1744.52	746.3919999999999
-16.7	6.27	1743.69	740.2230000000001
-16.7	6.27	1742.86	806.555
-16.7	6.27	1742.03	803.398
-16.7	6.27	1741.21	754.945
-16.7	6.27	1740.38	724.6239999999999
-16.7	6.27	1739.55	739.595
-16.7	6.27	1738.72	724.3789999999999
-16.7	6.27	1737.89	790.6460000000001
-16.7	6.27	1737.07	793.529
-16.7	6.27	1736.24	699.877
-16.7	6.27	1735.41	787.2280000000001
-16.7	6.27	1734.58	778.047
-16.7	6.27	1733.75	729.672
-16.7	6.27	1732.92	777.783
-16.7	6.27	1732.09	789.7080000000001
-16.7	6.27	1731.26	744.3689999999999
-16.7	6.27	1730.43	759.308
-16.7	6.27	1729.6	756.1669999999999
-16.7	6.27	1728.77	759.051
-16.7	6.27	1727.94	755.91
-16.7	6.27	1727.11	761.804
-16.7	6.27	1726.28	818.8760000000001
-16.7	6.27	1725.45	800.676
-16.7	6.27	1724.62	767.435
-16.7	6.27	1723.79	752.26
-16.7	6.27	1722.96	845.3960000000001
-16.7	6.27	1722.13	836.2289999999999
-16.7	6.27	1721.3	781.952
-16.7	6.27	1720.46	826.924
-16.7	6.27	1719.63	793.712
-16.7	6.27	1718.8	811.613
-16.7	6.27	1717.97	754.3710000000001
-16.7	6.27	1717.14	805.327
-16.7	6.27	1716.3	778.1510000000001
-16.7	6.27	1715.47	856.1210000000001
-16.7	6.27	1714.64	732.835
-16.7	6.27	1713.81	735.7130000000001
-16.7	6.27	1712.97	819.6560000000001
-16.7	6.27	1712.14	816.5139999999999
-16.7	6.27	1711.31	867.3989999999999
-16.7	6.27	1710.48	762.221
-16.7	6.27	1709.64	747.09
-16.7	6.27	1708.81	824.959
-16.7	6.27	1707.98	809.822
-16.7	6.27	1707.14	833.675
-16.7	6.27	1706.31	800.552
-16.7	6.27	1705.47	815.405
-16.7	6.27	1704.64	830.253
-16.7	6.27	1703.81	863.076
-16.7	6.27	1702.97	823.9780000000001
-16.7	6.27	1702.14	799.8710000000001
-16.7	6.27	1701.3	742.825
-16.7	6.27	1700.47	826.552
-16.7	6.27	1699.63	850.365
-16.7	6.27	1698.8	772.3839999999999
-16.7	6.27	1697.96	754.293
-16.7	6.27	1697.13	763.143
-16.7	6.27	1696.29	786.95
-16.7	6.27	1695.46	801.775
-16.7	6.27	1694.62	831.551
-16.7	6.27	1693.78	843.372
-16.7	6.27	1692.95	843.2280000000001
-16.7	6.27	1692.11	828.1360000000001
-16.7	6.27	1691.28	836.9630000000001
-16.7	6.27	1690.44	809.923
-16.7	6.27	1689.6	809.785
-16.7	6.27	1688.77	863.424
-16.7	6.27	1687.93	785.612
-16.7	6.27	1687.09	818.331
-16.7	6.27	1686.25	815.206
-16.7	6.27	1685.42	907.62
-16.7	6.27	1684.58	791.047
-16.7	6.27	1683.74	835.681
-16.7	6.27	1682.9	766.905
-16.7	6.27	1682.07	859.265
-16.7	6.27	1681.23	880.0
-16.7	6.27	1680.39	853.007
-16.7	6.27	1679.55	823.0419999999999
-16.7	6.27	1678.71	831.846
-16.7	6.27	1677.87	858.533
-16.7	6.27	1677.04	843.4839999999999
-16.7	6.27	1676.2	807.581
-16.7	6.27	1675.36	801.4839999999999
-16.7	6.27	1674.52	890.717
-16.7	6.27	1673.68	848.867
-16.7	6.27	1672.84	905.303
-16.7	6.27	1672.0	857.51
-16.7	6.27	1671.16	902.018
-16.7	6.27	1670.32	910.793
-16.7	6.27	1669.48	889.806
-16.7	6.27	1668.64	830.1460000000001
-16.7	6.27	1667.8	862.7289999999999
-16.7	6.27	1666.96	913.1469999999999
-16.7	6.27	1666.12	865.408
-16.7	6.27	1665.28	889.048
-16.7	6.27	1664.44	829.438
-16.7	6.27	1663.6	864.966
-16.7	6.27	1662.75	879.677
-16.7	6.27	1661.91	817.128
-16.7	6.27	1661.07	903.1439999999999
-16.7	6.27	1660.23	858.435
-16.7	6.27	1659.39	968.173
-16.7	6.27	1658.55	846.2639999999999
-16.7	6.27	1657.7	914.403
-16.7	6.27	1656.86	863.7860000000001
-16.7	6.27	1656.02	896.284
-16.7	6.27	1655.18	946.576
-16.7	6.27	1654.33	875.211
-16.7	6.27	1653.49	883.96
-16.7	6.27	1652.65	940.16
-16.7	6.27	1651.81	934.068
-16.7	6.27	1650.96	913.155
-16.7	6.27	1650.12	930.785
-16.7	6.27	1649.28	975.0830000000001
-16.7	6.27	1648.43	1046.03
-16.7	6.27	1647.59	992.5260000000001
-16.7	6.27	1646.74	939.0360000000001
-16.7	6.27	1645.9	944.799
-16.7	6.27	1645.06	962.405
-16.7	6.27	1644.21	1048.1
-16.7	6.27	1643.37	941.355
-16.7	6.27	1642.52	923.436
-16.7	6.27	1641.68	985.422
-16.7	6.27	1640.83	1100.64
-16.7	6.27	1639.99	1041.29
-16.7	6.27	1639.14	1017.45
-16.7	6.27	1638.3	1076.42
-16.7	6.27	1637.45	1017.1
-16.7	6.27	1636.61	1070.14
-16.7	6.27	1635.76	1067.0
-16.7	6.27	1634.91	1063.87
-16.7	6.27	1634.07	1128.69
-16.7	6.27	1633.22	1087.13
-16.7	6.27	1632.38	1163.74
-16.7	6.27	1631.53	1119.25
-16.7	6.27	1630.68	1136.77
-16.7	6.27	1629.84	1195.62
-16.7	6.27	1628.99	1236.74
-16.7	6.27	1628.14	1186.36
-16.7	6.27	1627.29	1162.55
-16.7	6.27	1626.45	1236.1
-16.7	6.27	1625.6	1191.65
-16.7	6.27	1624.75	1235.68
-16.7	6.27	1623.9	1211.88
-16.7	6.27	1623.06	1297.17
-16.7	6.27	1622.21	1273.37
-16.7	6.27	1621.36	1296.73
-16.7	6.27	1620.51	1302.4
-16.7	6.27	1619.66	1263.87
-16.7	6.27	1618.81	1343.19
-16.7	6.27	1617.96	1328.23
-16.7	6.27	1617.12	1339.78
-16.7	6.27	1616.27	1298.34
-16.7	6.27	1615.42	1330.5
-16.7	6.27	1614.57	1424.45
-16.7	6.27	1613.72	1415.37
-16.7	6.27	1612.87	1326.87
-16.7	6.27	1612.02	1391.36
-16.7	6.27	1611.17	1376.41
-16.7	6.27	1610.32	1343.83
-16.7	6.27	1609.47	1405.34
-16.7	6.27	1608.62	1355.13
-16.7	6.27	1607.77	1360.78
-16.7	6.27	1606.92	1422.25
-16.7	6.27	1606.06	1313.3
-16.7	6.27	1605.21	1392.39
-16.7	6.27	1604.36	1409.77
-16.7	6.27	1603.51	1447.71
-16.7	6.27	1602.66	1406.35
-16.7	6.27	1601.81	1356.21
-16.7	6.27	1600.96	1391.2
-16.7	6.27	1600.1	1317.59
-16.7	6.27	1599.25	1334.97
-16.7	6.27	1598.4	1331.81
-16.7	6.27	1597.55	1404.91
-16.7	6.27	1596.69	1433.99
-16.7	6.27	1595.84	1410.29
-16.7	6.27	1594.99	1392.46
-16.7	6.27	1594.14	1368.77
-16.7	6.27	1593.28	1409.56
-16.7	6.27	1592.43	1394.67
-16.7	6.27	1591.58	1479.39
-16.7	6.27	1590.72	1420.55
-16.7	6.27	1589.87	1311.96
-16.7	6.27	1589.02	1463.99
-16.7	6.27	1588.16	1402.26
-16.7	6.27	1587.31	1387.38
-16.7	6.27	1586.45	1313.98
-16.7	6.27	1585.6	1410.32
-16.7	6.27	1584.74	1415.92
-16.7	6.27	1583.89	1447.86
-16.7	6.27	1583.03	1356.95
-16.7	6.27	1582.18	1368.41
-16.7	6.27	1581.32	1429.57
-16.7	6.27	1580.47	1411.79
-16.7	6.27	1579.61	1294.65
-16.7	6.27	1578.76	1306.11
-16.7	6.27	1577.9	1408.14
-16.7	6.27	1577.05	1346.56
-16.7	6.27	1576.19	1305.44
-16.7	6.27	1575.33	1252.66
-16.7	6.27	1574.48	1281.63
-16.7	6.27	1573.62	1225.95
-16.7	6.27	1572.76	1313.3
-16.7	6.27	1571.91	1228.45
-16.7	6.27	1571.05	1339.1
-16.7	6.27	1570.19	1370.96
-16.7	6.27	1569.34	1303.65
-16.7	6.27	1568.48	1245.1
-16.7	6.27	1567.62	1201.16
-16.7	6.27	1566.76	1241.76
-16.7	6.27	1565.91	1372.7
-16.7	6.27	1565.05	1174.31
-16.7	6.27	1564.19	1162.46
-16.7	6.27	1563.33	1220.52
-16.7	6.27	1562.47	1325.15
-16.7	6.27	1561.62	1205.54
-16.7	6.27	1560.76	1214.06
-16.7	6.27	1559.9	1240.05
-16.7	6.27	1559.04	1263.12
-16.7	6.27	1558.18	1190.16
-16.7	6.27	1557.32	1163.77
-16.7	6.27	1556.46	1198.48
-16.7	6.27	1555.6	1238.99
-16.7	6.27	1554.74	1113.73
-16.7	6.27	1553.88	1192.04
-16.7	6.27	1553.02	1136.61
-16.7	6.27	1552.16	1252.67
-16.7	6.27	1551.3	1296.04
-16.7	6.27	1550.44	1208.66
-16.7	6.27	1549.58	1202.64
-16.7	6.27	1548.72	1155.96
-16.7	6.27	1547.86	1239.97
-16.7	6.27	1547.0	1242.66
-16.7	6.27	1546.14	1219.23
-16.7	6.27	1545.28	1146.46
-16.7	6.27	1544.41	1178.18
-16.7	6.27	1543.55	1221.5
-16.7	6.27	1542.69	1198.08
-16.7	6.27	1541.83	1174.67
-16.7	6.27	1540.97	1203.47
-16.7	6.27	1540.1	1249.65
-16.7	6.27	1539.24	1217.55
-16.7	6.27	1538.38	1101.4
-16.7	6.27	1537.52	1150.48
-16.7	6.27	1536.65	1196.64
-16.7	6.27	1535.79	1248.58
-16.7	6.27	1534.93	1204.91
-16.7	6.27	1534.06	1233.67
-16.7	6.27	1533.2	1178.44
-16.7	6.27	1532.34	1212.98
-16.7	6.27	1531.47	1201.19
-16.7	6.27	1530.61	1154.68
-16.7	6.27	1529.75	1189.2
-16.7	6.27	1528.88	1212.14
-16.7	6.27	1528.02	1154.08
-16.7	6.27	1527.15	1119.18
-16.7	6.27	1526.29	1240.43
-16.7	6.27	1525.42	1188.18
-16.7	6.27	1524.56	1248.67
-16.7	6.27	1523.69	1161.76
-16.7	6.27	1522.83	1190.45
-16.7	6.27	1521.96	1210.47
-16.7	6.27	1521.1	1184.27
-16.7	6.27	1520.23	1160.96
-16.7	6.27	1519.37	1152.09
-16.7	6.27	1518.5	1186.54
-16.7	6.27	1517.63	1229.63
-16.7	6.27	1516.77	1226.53
-16.7	6.27	1515.9	1174.38
-16.7	6.27	1515.03	1260.73
-16.7	6.27	1514.17	1194.17
-16.7	6.27	1513.3	1162.24
-16.7	6.27	1512.43	1167.81
-16.7	6.27	1511.57	1170.49
-16.7	6.27	1510.7	1178.93
-16.7	6.27	1509.83	1190.26
-16.7	6.27	1508.96	1149.71
-16.7	6.27	1508.1	1235.94
-16.7	6.27	1507.23	1157.96
-16.7	6.27	1506.36	1143.36
-16.7	6.27	1505.49	1189.23
-16.7	6.27	1504.62	1177.51
-16.7	6.27	1503.76	1157.16
-16.7	6.27	1502.89	1179.98
-16.7	6.27	1502.02	1151.0
-16.7	6.27	1501.15	1124.91
-16.7	6.27	1500.28	1124.72
-16.7	6.27	1499.41	1228.06
-16.7	6.27	1498.54	1213.47
-16.7	6.27	1497.67	1092.51
-16.7	6.27	1496.8	1092.32
-16.7	6.27	1495.93	1152.48
-16.7	6.27	1495.06	1137.92
-16.7	6.27	1494.19	1131.97
-16.7	6.27	1493.32	1140.4
-16.7	6.27	1492.45	1163.18
-16.7	6.27	1491.58	1223.28
-16.7	6.27	1490.71	1145.55
-16.7	6.27	1489.84	1145.35
-16.7	6.27	1488.97	1082.01
-16.7	6.27	1488.1	1190.87
-16.7	6.27	1487.23	1147.62
-16.7	6.27	1486.35	1075.71
-16.7	6.27	1485.48	1141.49
-16.7	6.27	1484.61	1164.23
-16.7	6.27	1483.74	1184.1
-16.7	6.27	1482.87	1112.23
-16.7	6.27	1481.99	1123.51
-16.7	6.27	1481.12	1263.73
-16.7	6.27	1480.25	1108.79
-16.7	6.27	1479.38	1097.14
-16.7	6.27	1478.5	1096.95
-16.7	6.27	1477.63	1171.22
-16.7	6.27	1476.76	1130.93
-16.7	6.27	1475.88	1150.77
-16.7	6.27	1475.01	1116.23
-16.7	6.27	1474.14	1199.02
-16.7	6.27	1473.26	1207.4
-16.7	6.27	1472.39	1155.7
-16.7	6.27	1471.51	1135.48
-16.7	6.27	1470.64	1080.95
-16.7	6.27	1469.77	1117.93
-16.7	6.27	1468.89	1172.05
-16.7	6.27	1468.02	1114.68
-16.7	6.27	1467.14	1108.77
-16.7	6.27	1466.27	1165.73
-16.7	6.27	1465.39	1205.52
-16.7	6.27	1464.52	1079.64
-16.7	6.27	1463.64	1073.74
-16.7	6.27	1462.77	1110.67
-16.7	6.27	1461.89	1176.13
-16.7	6.27	1461.01	1210.18
-16.7	6.27	1460.14	1075.85
-16.7	6.27	1459.26	1141.28
-16.7	6.27	1458.39	1181.03
-16.7	6.27	1457.51	1166.56
-16.7	6.27	1456.63	1149.25
-16.7	6.27	1455.76	1074.92
-16.7	6.27	1454.88	1151.7
-16.7	6.27	1454.0	1148.65
-16.7	6.27	1453.12	1131.35
-16.7	6.27	1452.25	1102.66
-16.7	6.27	1451.37	1139.51
-16.7	6.27	1450.49	1207.67
-16.7	6.27	1449.61	1127.72
-16.7	6.27	1448.74	1027.87
-16.7	6.27	1447.86	1081.78
-16.7	6.27	1446.98	1149.9
-16.7	6.27	1446.1	1129.78
-16.7	6.27	1445.22	1126.74
-16.7	6.27	1444.34	1081.03
-16.7	6.27	1443.46	1163.33
-16.7	6.27	1442.58	1163.13
-16.7	6.27	1441.71	1145.86
-16.7	6.27	1440.83	1117.24
-16.7	6.27	1439.95	1151.15
-16.7	6.27	1439.07	1142.43
-16.7	6.27	1438.19	1093.92
-16.7	6.27	1437.31	1093.73
-16.7	6.27	1436.43	1141.83
-16.7	6.27	1435.55	1118.91
-16.7	6.27	1434.67	1203.9
-16.7	6.27	1433.79	1084.46
-16.7	6.27	1432.9	1124.01
-16.7	6.27	1432.02	1115.3
-16.7	6.27	1431.14	1083.89
-16.7	6.27	1430.26	1148.95
-16.7	6.27	1429.38	1140.25
-16.7	6.27	1428.5	1202.44
-16.7	6.27	1427.62	1182.38
-16.7	6.27	1426.74	1204.86
-16.7	6.27	1425.85	1167.8
-16.7	6.27	1424.97	1229.94
-16.7	6.27	1424.09	1258.06
-16.7	6.27	1423.21	1119.03
-16.7	6.27	1422.32	1124.5
-16.7	6.27	1421.44	1169.62
-16.7	6.27	1420.56	1209.05
-16.7	6.27	1419.67	1174.87
-16.7	6.27	1418.79	1055.78
-16.7	6.27	1417.91	1180.12
-16.7	6.27	1417.02	1157.28
-16.7	6.27	1416.14	1154.25
-16.7	6.27	1415.26	1145.56
-16.7	6.27	1414.37	1117.08
-16.7	6.27	1413.49	1187.58
-16.7	6.27	1412.6	1153.45
-16.7	6.27	1411.72	1124.98
-16.7	6.27	1410.84	1170.0
-16.7	6.27	1409.95	1161.32
-16.7	6.27	1409.07	1175.25
-16.7	6.27	1408.18	1084.65
-16.7	6.27	1407.3	1101.41
-16.7	6.27	1406.41	1180.28
-16.7	6.27	1405.52	1143.37
-16.7	6.27	1404.64	1185.52
-16.7	6.27	1403.75	1114.76
-16.7	6.27	1402.87	1148.42
-16.7	6.27	1401.98	1230.04
-16.7	6.27	1401.09	1198.79
-16.7	6.27	1400.21	1125.26
-16.7	6.27	1399.32	1195.56
-16.7	6.27	1398.43	1229.18
-16.7	6.27	1397.55	1181.05
-16.7	6.27	1396.66	1113.2
-16.7	6.27	1395.77	1186.27
-16.7	6.27	1394.89	1188.88
-16.7	6.27	1394.0	1278.81
-16.7	6.27	1393.11	1160.31
-16.7	6.27	1392.22	1177.0
-16.7	6.27	1391.34	1252.81
-16.7	6.27	1390.45	1241.33
-16.7	6.27	1389.56	1224.23
-16.7	6.27	1388.67	1274.66
-16.7	6.27	1387.78	1302.57
-16.7	6.27	1386.89	1271.4
-16.7	6.27	1386.0	1245.87
-16.7	6.27	1385.11	1169.73
-16.7	6.27	1384.23	1267.93
-16.7	6.27	1383.34	1267.71
-16.7	6.27	1382.45	1264.68
-16.7	6.27	1381.56	1216.69
-16.7	6.27	1380.67	1255.81
-16.7	6.27	1379.78	1227.5
-16.7	6.27	1378.89	1322.77
-16.7	6.27	1378.0	1308.5
-16.7	6.27	1377.11	1226.86
-16.7	6.27	1376.22	1299.62
-16.7	6.27	1375.32	1274.14
-16.7	6.27	1374.43	1234.63
-16.7	6.27	1373.54	1310.17
-16.7	6.27	1372.65	1366.04
-16.7	6.27	1371.76	1424.69
-16.7	6.27	1370.87	1267.42
-16.7	6.27	1369.98	1247.57
-16.7	6.27	1369.08	1303.42
-16.7	6.27	1368.19	1364.85
-16.7	6.27	1367.3	1280.55
-16.7	6.27	1366.41	1367.17
-16.7	6.27	1365.52	1350.13
-16.7	6.27	1364.62	1380.7
-16.7	6.27	1363.73	1397.26
-16.7	6.27	1362.84	1341.02
-16.7	6.27	1361.94	1307.2
-16.7	6.27	1361.05	1458.1
-16.7	6.27	1360.16	1337.52
-16.7	6.27	1359.26	1354.07
-16.7	6.27	1358.37	1384.61
-16.7	6.27	1357.48	1431.91
-16.7	6.27	1356.58	1501.56
-16.7	6.27	1355.69	1411.84
-16.7	6.27	1354.79	1414.39
-16.7	6.27	1353.9	1528.72
-16.7	6.27	1353.0	1385.95
-16.7	6.27	1352.11	1385.71
-16.7	6.27	1351.21	1444.12
-16.7	6.27	1350.32	1508.11
-16.7	6.27	1349.42	1560.9
-16.7	6.27	1348.53	1429.41
-16.7	6.27	1347.63	1429.16
-16.7	6.27	1346.74	1448.44
-16.7	6.27	1345.84	1512.37
-16.7	6.27	1344.94	1548.37
-16.7	6.27	1344.05	1528.58
-16.7	6.27	1343.15	1575.72
-16.7	6.27	1342.26	1575.45
-16.7	6.27	1341.36	1572.38
-16.7	6.27	1340.46	1560.96
-16.7	6.27	1339.56	1507.73
-16.7	6.27	1338.67	1669.08
-16.7	6.27	1337.77	1551.78
-16.7	6.27	1336.87	1559.87
-16.7	6.27	1335.97	1526.17
-16.7	6.27	1335.08	1617.79
-16.7	6.27	1334.18	1623.08
-16.7	6.27	1333.28	1611.66
-16.7	6.27	1332.38	1580.77
-16.7	6.27	1331.48	1694.57
-16.7	6.27	1330.59	1697.06
-16.7	6.27	1329.69	1574.37
-16.7	6.27	1328.79	1613.03
-16.7	6.27	1327.89	1723.97
-16.7	6.27	1326.99	1732.01
-16.7	6.27	1326.09	1634.42
-16.7	6.27	1325.19	1628.58
-16.7	6.27	1324.29	1686.65
-16.7	6.27	1323.39	1705.8
-16.7	6.27	1322.49	1699.94
-16.7	6.27	1321.59	1632.99
-16.7	6.27	1320.69	1741.0
-16.7	6.27	1319.79	1879.51
-16.7	6.27	1318.89	1698.75
-16.7	6.27	1317.99	1634.62
-16.7	6.27	1317.09	1714.81
-16.7	6.27	1316.19	1789.41
-16.7	6.27	1315.29	1572.74
-16.7	6.27	1314.38	1688.95
-16.7	6.27	1313.48	1666.47
-16.7	6.27	1312.58	1743.8
-16.7	6.27	1311.68	1735.18
-16.7	6.27	1310.78	1679.45
-16.7	6.27	1309.87	1720.72
-16.7	6.27	1308.97	1659.47
-16.7	6.27	1308.07	1686.87
-16.7	6.27	1307.17	1611.8
-16.7	6.27	1306.26	1641.98
-16.7	6.27	1305.36	1705.37
-16.7	6.27	1304.46	1669.08
-16.7	6.27	1303.55	1555.32
-16.7	6.27	1302.65	1610.39
-16.7	6.27	1301.75	1576.91
-16.7	6.27	1300.84	1568.34
-16.7	6.27	1299.94	1540.41
-16.7	6.27	1299.03	1465.48
-16.7	6.27	1298.13	1539.87
-16.7	6.27	1297.23	1586.59
-16.7	6.27	1296.32	1489.58
-16.7	6.27	1295.42	1536.29
-16.7	6.27	1294.51	1563.65
-16.7	6.27	1293.61	1566.14
-16.7	6.27	1292.7	1488.54
-16.7	6.27	1291.8	1444.1
-16.7	6.27	1290.89	1548.75
-16.7	6.27	1289.98	1611.96
-16.7	6.27	1289.08	1454.37
-16.7	6.27	1288.17	1506.54
-16.7	6.27	1287.27	1495.24
-16.7	6.27	1286.36	1481.19
-16.7	6.27	1285.45	1519.54
-16.7	6.27	1284.55	1431.04
-16.7	6.27	1283.64	1494.19
-16.7	6.27	1282.73	1510.47
-16.7	6.27	1281.83	1435.8
-16.7	6.27	1280.92	1377.68
-16.7	6.27	1280.01	1377.44
-16.7	6.27	1279.1	1410.25
-16.7	6.27	1278.2	1390.73
-16.7	6.27	1277.29	1310.63
-16.7	6.27	1276.38	1390.24
-16.7	6.27	1275.47	1359.72
-16.7	6.27	1274.56	1420.02
-16.7	6.27	1273.65	1392.26
-16.7	6.27	1272.75	1345.24
-16.7	6.27	1271.84	1485.28
-16.7	6.27	1270.93	1438.27
-16.7	6.27	1270.02	1363.78
-16.7	6.27	1269.11	1303.06
-16.7	6.27	1268.2	1399.03
-16.7	6.27	1267.29	1352.07
-16.7	6.27	1266.38	1390.3
-16.7	6.27	1265.47	1326.87
-16.7	6.27	1264.56	1301.92
-16.7	6.27	1263.65	1403.3
-16.7	6.27	1262.74	1372.85
-16.7	6.27	1261.83	1336.92
-16.7	6.27	1260.92	1366.87
-16.7	6.27	1260.01	1328.21
-16.7	6.27	1259.1	1308.77
-16.7	6.27	1258.18	1275.62
-16.7	6.27	1257.27	1374.14
-16.7	6.27	1256.36	1351.96
-16.7	6.27	1255.45	1296.89
-16.7	6.27	1254.54	1359.71
-16.7	6.27	1253.62	1315.62
-16.7	6.27	1252.71	1200.29
-16.7	6.27	1251.8	1315.15
-16.7	6.27	1250.89	1238.22
-16.7	6.27	1249.97	1306.47
-16.7	6.27	1249.06	1306.24
-16.7	6.27	1248.15	1322.44
-16.7	6.27	1247.24	1264.72
-16.7	6.27	1246.32	1269.97
-16.7	6.27	1245.41	1401.1
-16.7	6.27	1244.49	1296.88
-16.7	6.27	1243.58	1168.08
-16.7	6.27	1242.67	1277.28
-16.7	6.27	1241.75	1271.59
-16.7	6.27	1240.84	1227.62
-16.7	6.27	1239.92	1161.79
-16.7	6.27	1239.01	1317.38
-16.7	6.27	1238.09	1216.04
-16.7	6.27	1237.18	1232.22
-16.7	6.27	1236.26	1136.39
-16.7	6.27	1235.35	1226.32
-16.7	6.27	1234.43	1247.95
-16.7	6.27	1233.52	1239.54
-16.7	6.27	1232.6	1244.78
-16.7	6.27	1231.69	1187.25
-16.7	6.27	1230.77	1271.63
-16.7	6.27	1229.85	1260.49
-16.7	6.27	1228.94	1213.9
-16.7	6.27	1228.02	1232.77
-16.7	6.27	1227.1	1257.1
-16.7	6.27	1226.19	1270.51
-16.7	6.27	1225.27	1232.12
-16.7	6.27	1224.35	1226.45
-16.7	6.27	1223.43	1318.89
-16.7	6.27	1222.52	1261.44
-16.7	6.27	1221.6	1225.8
-16.7	6.27	1220.68	1239.21
-16.7	6.27	1219.76	1298.89
-16.7	6.27	1218.84	1285.05
-16.7	6.27	1217.93	1282.1
-16.7	6.27	1217.01	1205.67
-16.7	6.27	1216.09	1292.54
-16.7	6.27	1215.17	1300.47
-16.7	6.27	1214.25	1229.52
-16.7	6.27	1213.33	1226.58
-16.7	6.27	1212.41	1234.52
-16.7	6.27	1211.49	1266.93
-16.7	6.27	1210.57	1223.21
-16.7	6.27	1209.65	1231.15
-16.7	6.27	1208.73	1298.86
-16.7	6.27	1207.81	1230.71
-16.7	6.27	1206.89	1230.5
-16.7	6.27	1205.97	1197.69
-16.7	6.27	1205.05	1197.48
-16.7	6.27	1204.13	1232.56
-16.7	6.27	1203.21	1169.91
-16.7	6.27	1202.29	1196.84
-16.7	6.27	1201.37	1299.74
-16.7	6.27	1200.45	1193.71
-16.7	6.27	1199.52	1217.91
-16.7	6.27	1198.6	1196.0
-16.7	6.27	1197.68	1274.42
-16.7	6.27	1196.76	1320.28
-16.7	6.27	1195.84	1198.07
-16.7	6.27	1194.91	1159.92
-16.7	6.27	1193.99	1251.84
-16.7	6.27	1193.07	1243.49
-16.7	6.27	1192.14	1254.11
-16.7	6.27	1191.22	1270.13
-16.7	6.27	1190.3	1256.37
-16.7	6.27	1189.37	1261.56
-16.7	6.27	1188.45	1226.15
-16.7	6.27	1187.53	1242.17
-16.7	6.27	1186.6	1228.42
-16.7	6.27	1185.68	1290.43
-16.7	6.27	1184.76	1146.85
-16.7	6.27	1183.83	1127.71
-16.7	6.27	1182.91	1316.78
-16.7	6.27	1181.98	1303.03
-16.7	6.27	1181.06	1197.39
-16.7	6.27	1180.13	1275.55
-16.7	6.27	1179.21	1269.92
-16.7	6.27	1178.28	1277.8
-16.7	6.27	1177.36	1339.69
-16.7	6.27	1176.43	1298.95
-16.7	6.27	1175.5	1277.12
-16.7	6.27	1174.58	1336.28
-16.7	6.27	1173.65	1379.23
-16.7	6.27	1172.72	1308.82
-16.7	6.27	1171.8	1233.04
-16.7	6.27	1170.87	1383.89
-16.7	6.27	1169.94	1305.43
-16.7	6.27	1169.02	1307.9
-16.7	6.27	1168.09	1393.94
-16.7	6.27	1167.16	1393.7
-16.7	6.27	1166.24	1361.11
-16.7	6.27	1165.31	1331.22
-16.7	6.27	1164.38	1411.82
-16.7	6.27	1163.45	1486.99
-16.7	6.27	1162.52	1405.93
-16.7	6.27	1161.6	1349.13
-16.7	6.27	1160.67	1400.05
-16.7	6.27	1159.74	1448.25
-16.7	6.27	1158.81	1310.73
-16.7	6.27	1157.88	1240.53
-16.7	6.27	1156.95	1377.53
-16.7	6.27	1156.02	1441.85
-16.7	6.27	1155.09	1360.9
-16.7	6.27	1154.16	1306.88
-16.7	6.27	1153.23	1408.82
-16.7	6.27	1152.3	1373.62
-16.7	6.27	1151.37	1260.5
-16.7	6.27	1150.44	1303.27
-16.7	6.27	1149.51	1362.14
-16.7	6.27	1148.58	1415.63
-16.7	6.27	1147.65	1316.0
-16.7	6.27	1146.72	1267.43
-16.7	6.27	1145.79	1361.18
-16.7	6.27	1144.86	1269.67
-16.7	6.27	1143.92	1285.55
-16.7	6.27	1142.99	1347.03
-16.7	6.27	1142.06	1298.5
-16.7	6.27	1141.13	1295.59
-16.7	6.27	1140.2	1346.32
-16.7	6.27	1139.26	1244.18
-16.7	6.27	1138.33	1270.77
-16.7	6.27	1137.4	1251.78
-16.7	6.27	1136.47	1246.2
-16.7	6.27	1135.53	1312.97
-16.7	6.27	1134.6	1221.65
-16.7	6.27	1133.67	1352.68
-16.7	6.27	1132.73	1264.06
-16.7	6.27	1131.8	1250.45
-16.7	6.27	1130.87	1258.26
-16.7	6.27	1129.93	1263.39
-16.7	6.27	1129.0	1247.11
-16.7	6.27	1128.06	1214.78
-16.7	6.27	1127.13	1249.34
-16.7	6.27	1126.19	1227.72
-16.7	6.27	1125.26	1264.94
-16.7	6.27	1124.32	1205.89
-16.7	6.27	1123.39	1176.27
-16.7	6.27	1122.45	1253.58
-16.7	6.27	1121.52	1181.2
-16.7	6.27	1120.58	1095.49
-16.7	6.27	1119.65	1258.25
-16.7	6.27	1118.71	1343.5
-16.7	6.27	1117.78	1220.42
-16.7	6.27	1116.84	1222.87
-16.7	6.27	1115.9	1193.29
-16.7	6.27	1114.97	1214.43
-16.7	6.27	1114.03	1118.14
-16.7	6.27	1113.09	1141.96
-16.7	6.27	1112.15	1144.42
-16.7	6.27	1111.22	1256.24
-16.7	6.27	1110.28	1146.68
-16.7	6.27	1109.34	1135.81
-16.7	6.27	1108.4	1255.57
-16.7	6.27	1107.47	1247.35
-16.7	6.27	1106.53	1196.49
-16.7	6.27	1105.59	1174.97
-16.7	6.27	1104.65	1102.83
-16.7	6.27	1103.71	1243.8
-16.7	6.27	1102.77	1195.64
-16.7	6.27	1101.83	1078.28
-16.7	6.27	1100.9	1216.51
-16.7	6.27	1099.96	1147.1
-16.7	6.27	1099.02	1072.38
-16.7	6.27	1098.08	1186.6
-16.7	6.27	1097.14	1175.75
-16.7	6.27	1096.2	1183.51
-16.7	6.27	1095.26	1140.76
-16.7	6.27	1094.32	1169.8
-16.7	6.27	1093.38	1124.4
-16.7	6.27	1092.44	1158.75
-16.7	6.27	1091.49	1235.6
-16.7	6.27	1090.55	1153.03
-16.7	6.27	1089.61	1256.41
-16.7	6.27	1088.67	1272.13
-16.7	6.27	1087.73	1263.93
-16.7	6.27	1086.79	1213.27
-16.7	6.27	1085.85	1260.83
-16.7	6.27	1084.9	1236.72
-16.7	6.27	1083.96	1260.38
-16.7	6.27	1083.02	1244.24
-16.7	6.27	1082.08	1238.71
-16.7	6.27	1081.13	1302.14
-16.7	6.27	1080.19	1158.72
-16.7	6.27	1079.25	1206.23
-16.7	6.27	1078.31	1298.79
-16.7	6.27	1077.36	1290.61
-16.7	6.27	1076.42	1266.53
-16.7	6.27	1075.48	1298.09
-16.7	6.27	1074.53	1271.38
-16.7	6.27	1073.59	1263.2
-16.7	6.27	1072.64	1180.9
-16.7	6.27	1071.7	1159.51
-16.7	6.27	1070.75	1262.53
-16.7	6.27	1069.81	1275.53
-16.7	6.27	1068.86	1198.58
-16.7	6.27	1067.92	1222.17
-16.7	6.27	1066.97	1219.31
-16.7	6.27	1066.03	1126.53
-16.7	6.27	1065.08	1144.84
-16.7	6.27	1064.14	1099.7
-16.7	6.27	1063.19	1207.87
-16.7	6.27	1062.25	1260.5
-16.7	6.27	1061.3	1080.61
-16.7	6.27	1060.35	1096.27
-16.7	6.27	1059.41	1199.08
-16.7	6.27	1058.46	1140.77
-16.7	6.27	1057.51	1087.76
-16.7	6.27	1056.57	1177.32
-16.7	6.27	1055.62	1219.34
-16.7	6.27	1054.67	1184.81
-16.7	6.27	1053.72	1081.71
-16.7	6.27	1052.78	1131.63
-16.7	6.27	1051.83	1197.37
-16.7	6.27	1050.88	1186.6
-16.7	6.27	1049.93	1065.12
-16.7	6.27	1048.98	1088.65
-16.7	6.27	1048.03	1185.97
-16.7	6.27	1047.09	1204.2
-16.7	6.27	1046.14	1151.3
-16.7	6.27	1045.19	1156.36
-16.7	6.27	1044.24	1214.09
-16.7	6.27	1043.29	1119.08
-16.7	6.27	1042.34	1082.02
-16.7	6.27	1041.39	1108.15
-16.7	6.27	1040.44	1207.96
-16.7	6.27	1039.49	1194.59
-16.7	6.27	1038.54	1144.39
-16.7	6.27	1037.59	1162.6
-16.7	6.27	1036.64	1193.95
-16.7	6.27	1035.69	1112.22
-16.7	6.27	1034.74	1143.57
-16.7	6.27	1033.79	1182.79
-16.7	6.27	1032.83	1179.95
-16.7	6.27	1031.88	1148.21
-16.7	6.27	1030.93	1150.63
-16.7	6.27	1029.98	1216.09
-16.7	6.27	1029.03	1197.49
-16.7	6.27	1028.07	1176.27
-16.7	6.27	1027.12	1128.81
-16.7	6.27	1026.17	1183.72
-16.7	6.27	1025.22	1175.64
-16.7	6.27	1024.26	1128.2
-16.7	6.27	1023.31	1093.9
-16.7	6.27	1022.36	1172.38
-16.7	6.27	1021.4	1151.19
-16.7	6.27	1020.45	1119.53
-16.7	6.27	1019.5	1153.4
-16.7	6.27	1018.54	1129.61
-16.7	6.27	1017.59	1118.92
-16.7	6.27	1016.64	1155.4
-16.7	6.27	1015.68	1097.57
-16.7	6.27	1014.73	1175.94
-16.7	6.27	1013.77	1194.06
-16.7	6.27	1012.82	1086.51
-16.7	6.27	1011.86	1060.13
-16.7	6.27	1010.91	1185.57
-16.7	6.27	1009.95	1109.47
-16.7	6.27	1009.0	1075.26
-16.7	6.27	1008.04	1046.3
-16.7	6.27	1007.08	1127.18
-16.7	6.27	1006.13	1142.67
-16.7	6.27	1005.17	1037.89
-16.7	6.27	1004.22	1056.0
-16.7	6.27	1003.26	1118.53
-16.7	6.27	1002.3	1105.27
-16.7	6.27	1001.34	1092.01
-16.7	6.27	1000.39	1097.04
-16.7	6.27	999.431	1073.33
-16.7	6.27	998.4730000000001	1088.81
-16.7	6.27	997.515	1091.22
-16.7	6.27	996.558	1080.59
-16.7	6.27	995.6	1041.25
-16.7	6.27	994.6410000000001	1085.42
-16.7	6.27	993.683	1080.01
-16.7	6.27	992.725	1118.94
-16.7	6.27	991.7660000000001	1058.76
-16.7	6.27	990.807	1063.78
-16.7	6.27	989.8480000000001	1066.2
-16.7	6.27	988.8889999999999	1094.67
-16.7	6.27	987.93	1097.08
-16.7	6.27	986.97	1086.47
-16.7	6.27	986.01	1005.52
-16.7	6.27	985.05	1096.49
-16.7	6.27	984.09	1067.65
-16.7	6.27	983.13	1057.05
-16.7	6.27	982.17	1041.24
-16.7	6.27	981.209	1093.1
-16.7	6.27	980.248	1098.11
-16.7	6.27	979.288	1071.9
-16.7	6.27	978.326	1066.5
-16.7	6.27	977.365	1074.11
-16.7	6.27	976.404	1089.52
-16.7	6.27	975.442	1011.33
-16.7	6.27	974.48	1099.53
-16.7	6.27	973.518	1099.33
-16.7	6.27	972.556	1130.31
-16.7	6.27	971.5939999999999	1153.49
-16.7	6.27	970.632	1145.49
-16.7	6.27	969.669	1160.87
-16.7	6.27	968.706	1165.85
-16.7	6.27	967.743	1077.37
-16.7	6.27	966.78	1090.16
-16.7	6.27	965.817	1105.53
-16.7	6.27	964.8530000000001	1128.69
-16.7	6.27	963.8889999999999	1102.54
-16.7	6.27	962.926	1120.5
-16.7	6.27	961.961	1078.81
-16.7	6.27	960.997	1026.75
-16.7	6.27	960.033	1047.31
-16.7	6.27	959.068	1135.24
-16.7	6.27	958.1039999999999	1067.66
-16.7	6.27	957.1389999999999	1033.79
-16.7	6.27	956.174	1043.96
-16.7	6.27	955.2080000000001	1064.5
-16.7	6.27	954.243	1103.15
-16.7	6.27	953.2769999999999	1090.0
-16.7	6.27	952.312	1025.09
-16.7	6.27	951.346	1182.79
-16.7	6.27	950.38	1154.11
-16.7	6.27	949.413	996.08
-16.7	6.27	948.447	1081.26
-16.7	6.27	947.48	1137.97
-16.7	6.27	946.513	1088.63
-16.7	6.27	945.546	1047.07
-16.7	6.27	944.579	1077.9
-16.7	6.27	943.612	1100.96
-16.7	6.27	942.6439999999999	1015.5
-16.7	6.27	941.677	1038.56
-16.7	6.27	940.709	1064.21
-16.7	6.27	939.7410000000001	1128.58
-16.7	6.27	938.773	1112.88
-16.7	6.27	937.804	1042.98
-16.7	6.27	936.836	1109.9
-16.7	6.27	935.867	1073.57
-16.7	6.27	934.898	1130.14
-16.7	6.27	933.929	1080.92
-16.7	6.27	932.96	1137.47
-16.7	6.27	931.99	1165.64
-16.7	6.27	931.0210000000001	1168.0
-16.7	6.27	930.051	1152.33
-16.7	6.27	929.081	1180.47
-16.7	6.27	928.1110000000001	1200.87
-16.7	6.27	927.1410000000001	1110.48
-16.7	6.27	926.17	1164.37
-16.7	6.27	925.199	1177.04
-16.7	6.27	924.2289999999999	1117.6
-16.7	6.27	923.258	1078.78
-16.7	6.27	922.2860000000001	1122.35
-16.7	6.27	921.315	1168.47
-16.7	6.27	920.3439999999999	1155.39
-16.7	6.27	919.372	1090.87
-16.7	6.27	918.4	1108.68
-16.7	6.27	917.428	1201.06
-16.7	6.27	916.456	1136.56
-16.7	6.27	915.4830000000001	1077.22
-16.7	6.27	914.5110000000001	1192.7
-16.7	6.27	913.538	1177.07
-16.7	6.27	912.565	1166.57
-16.7	6.27	911.592	1197.19
-16.7	6.27	910.6189999999999	1173.86
-16.7	6.27	909.645	1207.03
-16.7	6.27	908.671	1163.16
-16.7	6.27	907.698	1250.24
-16.7	6.27	906.7239999999999	1167.88
-16.7	6.27	905.75	1152.27
-16.7	6.27	904.775	1159.76
-16.7	6.27	903.801	1182.64
-16.7	6.27	902.826	1177.29
-16.7	6.27	901.8510000000001	1123.23
-16.7	6.27	900.8760000000001	1151.23
-16.7	6.27	899.9010000000001	1212.54
-16.7	6.27	898.925	1199.51
-16.7	6.27	897.95	1153.17
-16.7	6.27	896.9739999999999	1073.53
-16.7	6.27	895.998	1214.23
-16.7	6.27	895.0219999999999	1206.33
-16.7	6.27	894.046	1136.97
-16.7	6.27	893.069	1129.08
-16.7	6.27	892.0930000000001	1164.71
-16.7	6.27	891.1160000000001	1151.71
-16.7	6.27	890.1389999999999	1169.41
-16.7	6.27	889.1619999999999	1092.45
-16.7	6.27	888.184	1135.73
-16.7	6.27	887.207	1184.12
-16.7	6.27	886.2289999999999	1081.63
-16.7	6.27	885.2510000000001	1122.34
-16.7	6.27	884.273	1145.14
-16.7	6.27	883.295	1093.82
-16.7	6.27	882.317	1124.28
-16.7	6.27	881.3380000000001	1062.76
-16.7	6.27	880.3589999999999	1185.18
-16.7	6.27	879.38	1072.59
-16.7	6.27	878.4010000000001	1082.61
-16.7	6.27	877.422	1084.97
-16.7	6.27	876.442	1097.54
-16.7	6.27	875.4630000000001	1107.55
-16.7	6.27	874.4830000000001	1076.73
-16.7	6.27	873.503	1094.39
-16.7	6.27	872.523	1086.54
-16.7	6.27	871.5419999999999	1129.69
-16.7	6.27	870.562	1078.5
-16.7	6.27	869.581	1108.89
-16.7	6.27	868.6	1123.98
-16.7	6.27	867.6189999999999	1075.36
-16.7	6.27	866.638	1072.62
-16.7	6.27	865.6569999999999	1204.89
-16.7	6.27	864.675	1148.64
-16.7	6.27	863.693	1148.43
-16.7	6.27	862.711	1120.22
-16.7	6.27	861.7289999999999	1170.92
-16.7	6.27	860.747	1183.43
-16.7	6.27	859.7639999999999	1061.08
-16.7	6.27	858.7819999999999	1050.71
-16.7	6.27	857.799	1093.76
-16.7	6.27	856.816	1119.0
-16.7	6.27	855.8330000000001	1098.45
-16.7	6.27	854.8489999999999	1060.12
-16.7	6.27	853.8660000000001	1174.31
-16.7	6.27	852.882	1026.7
-16.7	6.27	851.898	1102.74
-16.7	6.27	850.914	1021.24
-16.7	6.27	849.93	1115.04
-16.7	6.27	848.945	1071.66
-16.7	6.27	847.961	1089.24
-16.7	6.27	846.9760000000001	1142.35
-16.7	6.27	845.9910000000001	1093.92
-16.7	6.27	845.0060000000001	1050.58
-16.7	6.27	844.02	1088.45
-16.7	6.27	843.035	1100.94
-16.7	6.27	842.049	1093.13
-16.7	6.27	841.063	1194.36
-16.7	6.27	840.077	1118.09
-16.7	6.27	839.091	1204.07
-16.7	6.27	838.1039999999999	1072.06
-16.7	6.27	837.118	1099.74
-16.7	6.27	836.1310000000001	1157.81
-16.7	6.27	835.1439999999999	1134.8
-16.7	6.27	834.1569999999999	1121.93
-16.7	6.27	833.17	1139.45
-16.7	6.27	832.182	1194.94
-16.7	6.27	831.195	1040.32
-16.7	6.27	830.207	1116.06
-16.7	6.27	829.2189999999999	1080.43
-16.7	6.27	828.23	1158.66
-16.7	6.27	827.242	1138.21
-16.7	6.27	826.253	1092.49
-16.7	6.27	825.265	1112.51
-16.7	6.27	824.2760000000001	1124.95
-16.7	6.27	823.2869999999999	1109.58
-16.7	6.27	822.297	1046.2
-16.7	6.27	821.308	1114.23
-16.7	6.27	820.318	1050.88
-16.7	6.27	819.328	1093.62
-16.7	6.27	818.3380000000001	1095.95
-16.7	6.27	817.3480000000001	1113.42
-16.7	6.27	816.3580000000001	1067.78
-16.7	6.27	815.367	1019.63
-16.7	6.27	814.377	1077.49
-16.7	6.27	813.3860000000001	1079.81
-16.7	6.27	812.395	1064.48
-16.7	6.27	811.403	1086.99
-16.7	6.27	810.4119999999999	1175.04
-16.7	6.27	809.42	1164.74
-16.7	6.27	808.428	1187.22
-16.7	6.27	807.436	1113.92
-16.7	6.27	806.444	1174.19
-16.7	6.27	805.452	1123.59
-16.7	6.27	804.459	1073.01
-16.7	6.27	803.467	1090.44
-16.7	6.27	802.4739999999999	1102.83
-16.7	6.27	801.4810000000001	1072.42
-16.7	6.27	800.487	1047.06
-16.7	6.27	799.4939999999999	1061.97
-16.7	6.27	798.5	1129.71
-16.7	6.27	797.507	1119.44
-16.7	6.27	796.513	1028.69
-16.7	6.27	795.518	1046.1
-16.7	6.27	794.5239999999999	1111.28
-16.7	6.27	793.529	1008.02
-16.7	6.27	792.535	995.2669999999999
-16.7	6.27	791.54	1020.21
-16.7	6.27	790.545	1072.79
-16.7	6.27	789.55	1039.94
-16.7	6.27	788.554	994.541
-16.7	6.27	787.559	1102.33
-16.7	6.27	786.563	1084.56
-16.7	6.27	785.567	1004.04
-16.7	6.27	784.571	1028.95
-16.7	6.27	783.574	1116.58
-16.7	6.27	782.578	1003.49
-16.7	6.27	781.581	953.1410000000001
-16.7	6.27	780.584	988.076
-16.7	6.27	779.587	1083.18
-16.7	6.27	778.59	962.6469999999999
-16.7	6.27	777.592	939.913
-16.7	6.27	776.595	999.885
-16.7	6.27	775.597	982.164
-16.7	6.27	774.5989999999999	1054.63
-16.7	6.27	773.6010000000001	1024.38
-16.7	6.27	772.602	1024.2
-16.7	6.27	771.6039999999999	1069.08
-16.7	6.27	770.605	966.2489999999999
-16.7	6.27	769.6060000000001	983.592
-16.7	6.27	768.607	1033.46
-16.7	6.27	767.6080000000001	1045.78
-16.7	6.27	766.6089999999999	1033.08
-16.7	6.27	765.6089999999999	1032.89
-16.7	6.27	764.6089999999999	1075.21
-16.7	6.27	763.6089999999999	1002.52
-16.7	6.27	762.6089999999999	1017.33
-16.7	6.27	761.6089999999999	1029.64
-16.7	6.27	760.6080000000001	1131.9
-16.7	6.27	759.607	1086.72
-16.7	6.27	758.607	1026.58
-16.7	6.27	757.605	1006.41
-16.7	6.27	756.6039999999999	1068.65
-16.7	6.27	755.6030000000001	1023.52
-16.7	6.27	754.6010000000001	1065.76
-16.7	6.27	753.5989999999999	1055.59
-16.7	6.27	752.597	1090.32
-16.7	6.27	751.595	1045.22
-16.7	6.27	750.5930000000001	1102.4
-16.7	6.27	749.59	1032.37
-16.7	6.27	748.587	1097.01
-16.7	6.27	747.585	1101.79
-16.7	6.27	746.581	1114.05
-16.7	6.27	745.578	1128.8
-16.7	6.27	744.575	1011.5
-16.7	6.27	743.571	1081.06
-16.7	6.27	742.567	1090.82
-16.7	6.27	741.563	1152.87
-16.7	6.27	740.559	958.477
-16.7	6.27	739.555	1135.03
-16.7	6.27	738.55	1080.07
-16.7	6.27	737.545	1062.45
-16.7	6.27	736.54	1049.82
-16.7	6.27	735.535	989.935
-16.7	6.27	734.53	1049.44
-16.7	6.27	733.525	1041.79
-16.7	6.27	732.5189999999999	1009.28
-16.7	6.27	731.513	1068.74
-16.7	6.27	730.507	1085.94
-16.7	6.27	729.5010000000001	1033.57
-16.7	6.27	728.4939999999999	1038.35
-16.7	6.27	727.488	1058.03
-16.7	6.27	726.4810000000001	1062.8
-16.7	6.27	725.4739999999999	1005.5
-16.7	6.27	724.467	1099.65
-16.7	6.27	723.46	1064.7
-16.7	6.27	722.452	1052.1
-16.7	6.27	721.444	1051.9
-16.7	6.27	720.436	1056.67
-16.7	6.27	719.428	1140.8
-16.7	6.27	718.42	1011.65
-16.7	6.27	717.4119999999999	1018.91
-16.7	6.27	716.403	1048.46
-16.7	6.27	715.3939999999999	1040.84
-16.7	6.27	714.385	973.7460000000001
-16.7	6.27	713.3760000000001	948.795
-16.7	6.27	712.367	1067.51
-16.7	6.27	711.357	1032.64
-16.7	6.27	710.347	987.888
-16.7	6.27	709.3380000000001	1052.07
-16.7	6.27	708.327	1039.5
-16.7	6.27	707.317	957.65
-16.7	6.27	706.307	994.586
-16.7	6.27	705.296	1073.56
-16.7	6.27	704.285	944.757
-16.7	6.27	703.2739999999999	998.9839999999999
-16.7	6.27	702.263	964.189
-16.7	6.27	701.252	1060.41
-16.7	6.27	700.24	934.179
-16.7	6.27	699.2280000000001	1010.61
-16.7	6.27	698.216	1030.18
-16.7	6.27	697.204	958.365
-16.7	6.27	696.192	1034.75
-16.7	6.27	695.179	1009.86
-16.7	6.27	694.1669999999999	1051.65
-16.7	6.27	693.154	1044.05
-16.7	6.27	692.1410000000001	987.0989999999999
-16.7	6.27	691.127	1068.34
-16.7	6.27	690.1139999999999	1075.54
-16.7	6.27	689.1	991.488
-16.7	6.27	688.086	1050.49
-16.7	6.27	687.072	966.4689999999999
-16.7	6.27	686.058	993.4069999999999
-16.7	6.27	685.044	1005.55
-16.7	6.27	684.029	993.0419999999999
-16.7	6.27	683.015	1069.23
-16.7	6.27	682.0	1061.65
-16.7	6.27	680.985	1017.12
-16.7	6.27	679.9689999999999	1024.32
-16.7	6.27	678.954	1058.6
-16.7	6.27	677.938	1001.79
-16.7	6.27	676.922	1016.37
-16.7	6.27	675.9060000000001	1060.48
-16.7	6.27	674.89	1052.9
-16.7	6.27	673.8739999999999	1003.52
-16.7	6.27	672.857	998.414
-16.7	6.27	671.84	1000.69
-16.7	6.27	670.823	1039.84
-16.7	6.27	669.806	1032.27
-16.7	6.27	668.789	1002.59
-16.7	6.27	667.7710000000001	1024.52
-16.7	6.27	666.753	992.4
-16.7	6.27	665.735	1014.32
-16.7	6.27	664.717	1033.78
-16.7	6.27	663.699	1070.42
-16.7	6.27	662.68	1075.13
-16.7	6.27	661.6619999999999	1043.03
-16.7	6.27	660.643	1087.0
-16.7	6.27	659.6239999999999	1045.09
-16.7	6.27	658.605	1084.15
-16.7	6.27	657.585	1118.28
-16.7	6.27	656.566	1096.01
-16.7	6.27	655.546	1049.23
-16.7	6.27	654.526	1053.94
-16.7	6.27	653.506	1154.22
-16.7	6.27	652.485	1122.15
-16.7	6.27	651.465	1075.4
-16.7	6.27	650.444	1094.8
-16.7	6.27	649.423	1114.19
-16.7	6.27	648.4019999999999	1099.29
-16.7	6.27	647.381	1099.09
-16.7	6.27	646.359	1125.81
-16.7	6.27	645.3380000000001	1103.58
-16.7	6.27	644.316	1135.18
-16.7	6.27	643.294	1083.6
-16.7	6.27	642.271	1085.85
-16.7	6.27	641.249	1139.44
-16.7	6.27	640.226	1107.45
-16.7	6.27	639.2040000000001	1046.14
-16.7	6.27	638.181	1092.38
-16.7	6.27	637.1569999999999	1045.76
-16.7	6.27	636.134	999.1469999999999
-16.7	6.27	635.11	1013.62
-16.7	6.27	634.087	1015.87
-16.7	6.27	633.063	998.595
-16.7	6.27	632.039	1061.88
-16.7	6.27	631.014	1015.31
-16.7	6.27	629.99	949.238
-16.7	6.27	628.965	1005.18
-16.7	6.27	627.94	1039.14
-16.7	6.27	626.915	1053.58
-16.7	6.27	625.89	1068.02
-16.7	6.27	624.864	948.363
-16.7	6.27	623.839	1004.25
-16.7	6.27	622.813	1013.81
-16.7	6.27	621.7869999999999	1013.63
-16.7	6.27	620.761	1045.11
-16.7	6.27	619.734	1037.61
-16.7	6.27	618.7080000000001	991.148
-16.7	6.27	617.681	937.4
-16.7	6.27	616.654	954.2669999999999
-16.7	6.27	615.627	1041.71
-16.7	6.27	614.599	914.98
-16.7	6.27	613.572	1002.4
-16.7	6.27	612.544	1019.24
-16.7	6.27	611.516	1009.33
-16.7	6.27	610.488	938.6210000000001
-16.7	6.27	609.46	987.071
-16.7	6.27	608.431	921.2589999999999
-16.7	6.27	607.403	969.695
-16.7	6.27	606.374	950.077
-16.7	6.27	605.345	1027.64
-16.7	6.27	604.316	1010.45
-16.7	6.27	603.286	954.4069999999999
-16.7	6.27	602.257	949.375
-16.7	6.27	601.227	985.613
-16.7	6.27	600.197	961.16
