-16.7	2.27	1799.64	922.995
-16.7	2.27	1798.82	855.612
-16.7	2.27	1798.0	916.573
-16.7	2.27	1797.18	965.294
-16.7	2.27	1796.37	876.559
-16.7	2.27	1795.55	891.679
-16.7	2.27	1794.73	940.3789999999999
-16.7	2.27	1793.91	1016.54
-16.7	2.27	1793.09	937.01
-16.7	2.27	1792.27	888.025
-16.7	2.27	1791.45	890.926
-16.7	2.27	1790.63	951.788
-16.7	2.27	1789.81	954.677
-16.7	2.27	1788.99	994.1610000000001
-16.7	2.27	1788.17	890.325
-16.7	2.27	1787.35	932.8539999999999
-16.7	2.27	1786.53	926.6
-16.7	2.27	1785.71	950.824
-16.7	2.27	1784.89	962.8510000000001
-16.7	2.27	1784.07	895.666
-16.7	2.27	1783.25	1014.31
-16.7	2.27	1782.43	971.4989999999999
-16.7	2.27	1781.61	983.515
-16.7	2.27	1780.79	919.416
-16.7	2.27	1779.97	919.26
-16.7	2.27	1779.14	1013.45
-16.7	2.27	1778.32	970.678
-16.7	2.27	1777.5	976.5989999999999
-16.7	2.27	1776.68	939.932
-16.7	2.27	1775.86	976.2689999999999
-16.7	2.27	1775.03	960.9
-16.7	2.27	1774.21	896.8910000000001
-16.7	2.27	1773.39	884.58
-16.7	2.27	1772.57	969.53
-16.7	2.27	1771.74	948.095
-16.7	2.27	1770.92	1017.81
-16.7	2.27	1770.1	923.472
-16.7	2.27	1769.28	999.2460000000001
-16.7	2.27	1768.45	956.563
-16.7	2.27	1767.63	986.763
-16.7	2.27	1766.81	931.954
-16.7	2.27	1765.98	904.48
-16.7	2.27	1765.16	958.951
-16.7	2.27	1764.33	1052.85
-16.7	2.27	1763.51	1007.16
-16.7	2.27	1762.69	946.331
-16.7	2.27	1761.86	937.073
-16.7	2.27	1761.04	1012.72
-16.7	2.27	1760.21	1042.86
-16.7	2.27	1759.39	997.2189999999999
-16.7	2.27	1758.56	936.439
-16.7	2.27	1757.74	948.4
-16.7	2.27	1756.91	984.5939999999999
-16.7	2.27	1756.09	981.398
-16.7	2.27	1755.26	947.919
-16.7	2.27	1754.44	956.842
-16.7	2.27	1753.61	929.433
-16.7	2.27	1752.78	1017.06
-16.7	2.27	1751.96	986.62
-16.7	2.27	1751.13	938.038
-16.7	2.27	1750.31	928.803
-16.7	2.27	1749.48	1019.39
-16.7	2.27	1748.65	1019.22
-16.7	2.27	1747.83	982.7610000000001
-16.7	2.27	1747.0	988.6410000000001
-16.7	2.27	1746.17	988.4730000000001
-16.7	2.27	1745.34	997.373
-16.7	2.27	1744.52	982.095
-16.7	2.27	1743.69	981.928
-16.7	2.27	1742.86	963.637
-16.7	2.27	1742.03	984.615
-16.7	2.27	1741.21	954.2510000000001
-16.7	2.27	1740.38	932.954
-16.7	2.27	1739.55	953.927
-16.7	2.27	1738.72	993.003
-16.7	2.27	1737.89	1053.19
-16.7	2.27	1737.07	1031.89
-16.7	2.27	1736.24	986.4639999999999
-16.7	2.27	1735.41	959.1510000000001
-16.7	2.27	1734.58	1043.43
-16.7	2.27	1733.75	1055.31
-16.7	2.27	1732.92	958.663
-16.7	2.27	1732.09	961.5139999999999
-16.7	2.27	1731.26	1012.58
-16.7	2.27	1730.43	1030.49
-16.7	2.27	1729.6	1012.24
-16.7	2.27	1728.77	1030.14
-16.7	2.27	1727.94	1054.06
-16.7	2.27	1727.11	1102.06
-16.7	2.27	1726.28	1110.9
-16.7	2.27	1725.45	1011.38
-16.7	2.27	1724.62	1029.27
-16.7	2.27	1723.79	1029.09
-16.7	2.27	1722.96	977.7719999999999
-16.7	2.27	1722.13	1088.9
-16.7	2.27	1721.3	971.425
-16.7	2.27	1720.46	974.2669999999999
-16.7	2.27	1719.63	1094.36
-16.7	2.27	1718.8	1118.22
-16.7	2.27	1717.97	1036.88
-16.7	2.27	1717.14	919.5160000000001
-16.7	2.27	1716.3	901.3330000000001
-16.7	2.27	1715.47	1042.36
-16.7	2.27	1714.64	1051.2
-16.7	2.27	1713.81	1060.03
-16.7	2.27	1712.97	1065.85
-16.7	2.27	1712.14	1074.68
-16.7	2.27	1711.31	1029.47
-16.7	2.27	1710.48	1026.3
-16.7	2.27	1709.64	984.118
-16.7	2.27	1708.81	1064.95
-16.7	2.27	1707.98	1112.76
-16.7	2.27	1707.14	1073.58
-16.7	2.27	1706.31	1094.39
-16.7	2.27	1705.47	989.278
-16.7	2.27	1704.64	1100.01
-16.7	2.27	1703.81	1087.84
-16.7	2.27	1702.97	1018.74
-16.7	2.27	1702.14	1042.53
-16.7	2.27	1701.3	1087.28
-16.7	2.27	1700.47	1117.04
-16.7	2.27	1699.63	1074.93
-16.7	2.27	1698.8	1050.8
-16.7	2.27	1697.96	1038.65
-16.7	2.27	1697.13	1140.22
-16.7	2.27	1696.29	1068.22
-16.7	2.27	1695.46	1002.22
-16.7	2.27	1694.62	1011.02
-16.7	2.27	1693.78	1061.69
-16.7	2.27	1692.95	1151.22
-16.7	2.27	1692.11	1070.3
-16.7	2.27	1691.28	1058.16
-16.7	2.27	1690.44	1084.88
-16.7	2.27	1689.6	1078.72
-16.7	2.27	1688.77	1150.24
-16.7	2.27	1687.93	1060.43
-16.7	2.27	1687.09	988.568
-16.7	2.27	1686.25	1101.87
-16.7	2.27	1685.42	1110.64
-16.7	2.27	1684.58	1032.84
-16.7	2.27	1683.74	1053.56
-16.7	2.27	1682.9	1095.15
-16.7	2.27	1682.07	1091.98
-16.7	2.27	1681.23	1223.05
-16.7	2.27	1680.39	1031.96
-16.7	2.27	1679.55	1165.98
-16.7	2.27	1678.71	1067.39
-16.7	2.27	1677.87	1162.6
-16.7	2.27	1677.04	1147.5
-16.7	2.27	1676.2	1060.88
-16.7	2.27	1675.36	1090.5
-16.7	2.27	1674.52	1221.38
-16.7	2.27	1673.68	1099.06
-16.7	2.27	1672.84	1092.92
-16.7	2.27	1672.0	1107.62
-16.7	2.27	1671.16	1137.2
-16.7	2.27	1670.32	1190.58
-16.7	2.27	1669.48	1115.98
-16.7	2.27	1668.64	1184.22
-16.7	2.27	1667.8	1154.27
-16.7	2.27	1666.96	1174.9
-16.7	2.27	1666.12	1165.77
-16.7	2.27	1665.28	1085.29
-16.7	2.27	1664.44	1117.81
-16.7	2.27	1663.6	1150.32
-16.7	2.27	1662.75	1159.03
-16.7	2.27	1661.91	1141.01
-16.7	2.27	1661.07	1137.84
-16.7	2.27	1660.23	1176.26
-16.7	2.27	1659.39	1223.58
-16.7	2.27	1658.55	1122.41
-16.7	2.27	1657.7	1169.72
-16.7	2.27	1656.86	1136.87
-16.7	2.27	1656.02	1160.42
-16.7	2.27	1655.18	1249.24
-16.7	2.27	1654.33	1201.56
-16.7	2.27	1653.49	1189.49
-16.7	2.27	1652.65	1301.99
-16.7	2.27	1651.81	1269.15
-16.7	2.27	1650.96	1197.78
-16.7	2.27	1650.12	1164.96
-16.7	2.27	1649.28	1164.76
-16.7	2.27	1648.43	1360.14
-16.7	2.27	1647.59	1285.84
-16.7	2.27	1646.74	1250.07
-16.7	2.27	1645.9	1238.01
-16.7	2.27	1645.06	1208.19
-16.7	2.27	1644.21	1314.57
-16.7	2.27	1643.37	1264.02
-16.7	2.27	1642.52	1186.85
-16.7	2.27	1641.68	1287.26
-16.7	2.27	1640.83	1366.93
-16.7	2.27	1639.99	1331.2
-16.7	2.27	1639.14	1313.22
-16.7	2.27	1638.3	1265.68
-16.7	2.27	1637.45	1339.38
-16.7	2.27	1636.61	1418.97
-16.7	2.27	1635.76	1403.95
-16.7	2.27	1634.91	1279.59
-16.7	2.27	1634.07	1376.88
-16.7	2.27	1633.22	1423.91
-16.7	2.27	1632.38	1432.53
-16.7	2.27	1631.53	1364.36
-16.7	2.27	1630.68	1458.61
-16.7	2.27	1629.84	1511.5
-16.7	2.27	1628.99	1546.66
-16.7	2.27	1628.14	1449.01
-16.7	2.27	1627.29	1525.48
-16.7	2.27	1626.45	1475.07
-16.7	2.27	1625.6	1504.31
-16.7	2.27	1624.75	1560.09
-16.7	2.27	1623.9	1542.13
-16.7	2.27	1623.06	1583.14
-16.7	2.27	1622.21	1688.98
-16.7	2.27	1621.36	1597.33
-16.7	2.27	1620.51	1538.12
-16.7	2.27	1619.66	1564.38
-16.7	2.27	1618.81	1655.42
-16.7	2.27	1617.96	1590.35
-16.7	2.27	1617.12	1545.91
-16.7	2.27	1616.27	1645.74
-16.7	2.27	1615.42	1616.02
-16.7	2.27	1614.57	1586.31
-16.7	2.27	1613.72	1559.56
-16.7	2.27	1612.87	1591.66
-16.7	2.27	1612.02	1585.5
-16.7	2.27	1611.17	1673.46
-16.7	2.27	1610.32	1643.77
-16.7	2.27	1609.47	1584.69
-16.7	2.27	1608.62	1634.39
-16.7	2.27	1607.77	1631.17
-16.7	2.27	1606.92	1695.54
-16.7	2.27	1606.06	1642.36
-16.7	2.27	1605.21	1600.95
-16.7	2.27	1604.36	1682.92
-16.7	2.27	1603.51	1682.63
-16.7	2.27	1602.66	1705.83
-16.7	2.27	1601.81	1579.31
-16.7	2.27	1600.96	1643.61
-16.7	2.27	1600.1	1731.36
-16.7	2.27	1599.25	1684.12
-16.7	2.27	1598.4	1724.9
-16.7	2.27	1597.55	1753.93
-16.7	2.27	1596.69	1782.96
-16.7	2.27	1595.84	1744.54
-16.7	2.27	1594.99	1723.72
-16.7	2.27	1594.14	1644.29
-16.7	2.27	1593.28	1737.78
-16.7	2.27	1592.43	1790.22
-16.7	2.27	1591.58	1699.1
-16.7	2.27	1590.72	1701.74
-16.7	2.27	1589.87	1733.66
-16.7	2.27	1589.02	1709.94
-16.7	2.27	1588.16	1721.35
-16.7	2.27	1587.31	1779.6
-16.7	2.27	1586.45	1659.31
-16.7	2.27	1585.6	1805.32
-16.7	2.27	1584.74	1761.13
-16.7	2.27	1583.89	1822.25
-16.7	2.27	1583.03	1678.64
-16.7	2.27	1582.18	1672.5
-16.7	2.27	1581.32	1762.84
-16.7	2.27	1580.47	1663.16
-16.7	2.27	1579.61	1665.8
-16.7	2.27	1578.76	1621.68
-16.7	2.27	1577.9	1700.28
-16.7	2.27	1577.05	1659.1
-16.7	2.27	1576.19	1685.1
-16.7	2.27	1575.33	1629.33
-16.7	2.27	1574.48	1719.55
-16.7	2.27	1573.62	1681.31
-16.7	2.27	1572.76	1640.16
-16.7	2.27	1571.91	1587.36
-16.7	2.27	1571.05	1654.19
-16.7	2.27	1570.19	1633.48
-16.7	2.27	1569.34	1709.03
-16.7	2.27	1568.48	1603.76
-16.7	2.27	1567.62	1612.23
-16.7	2.27	1566.76	1603.21
-16.7	2.27	1565.91	1600.02
-16.7	2.27	1565.05	1628.89
-16.7	2.27	1564.19	1584.9
-16.7	2.27	1563.33	1666.19
-16.7	2.27	1562.47	1633.87
-16.7	2.27	1561.62	1642.33
-16.7	2.27	1560.76	1642.04
-16.7	2.27	1559.9	1615.56
-16.7	2.27	1559.04	1714.24
-16.7	2.27	1558.18	1577.18
-16.7	2.27	1557.32	1562.36
-16.7	2.27	1556.46	1588.27
-16.7	2.27	1555.6	1608.36
-16.7	2.27	1554.74	1645.88
-16.7	2.27	1553.88	1651.42
-16.7	2.27	1553.02	1592.99
-16.7	2.27	1552.16	1604.34
-16.7	2.27	1551.3	1673.81
-16.7	2.27	1550.44	1609.6
-16.7	2.27	1549.58	1580.28
-16.7	2.27	1548.72	1521.92
-16.7	2.27	1547.86	1588.44
-16.7	2.27	1547.0	1646.24
-16.7	2.27	1546.14	1547.26
-16.7	2.27	1545.28	1523.77
-16.7	2.27	1544.41	1607.66
-16.7	2.27	1543.55	1589.98
-16.7	2.27	1542.69	1601.31
-16.7	2.27	1541.83	1505.32
-16.7	2.27	1540.97	1539.86
-16.7	2.27	1540.1	1620.78
-16.7	2.27	1539.24	1553.82
-16.7	2.27	1538.38	1449.21
-16.7	2.27	1537.52	1492.43
-16.7	2.27	1536.65	1471.89
-16.7	2.27	1535.79	1532.48
-16.7	2.27	1534.93	1480.08
-16.7	2.27	1534.06	1517.47
-16.7	2.27	1533.2	1557.74
-16.7	2.27	1532.34	1618.27
-16.7	2.27	1531.47	1531.16
-16.7	2.27	1530.61	1365.94
-16.7	2.27	1529.75	1510.37
-16.7	2.27	1528.88	1544.83
-16.7	2.27	1528.02	1544.56
-16.7	2.27	1527.15	1393.92
-16.7	2.27	1526.29	1390.78
-16.7	2.27	1525.42	1578.46
-16.7	2.27	1524.56	1474.13
-16.7	2.27	1523.69	1465.2
-16.7	2.27	1522.83	1372.49
-16.7	2.27	1521.96	1461.81
-16.7	2.27	1521.1	1424.01
-16.7	2.27	1520.23	1386.22
-16.7	2.27	1519.37	1368.65
-16.7	2.27	1518.5	1495.44
-16.7	2.27	1517.63	1498.07
-16.7	2.27	1516.77	1419.89
-16.7	2.27	1515.9	1379.25
-16.7	2.27	1515.03	1459.79
-16.7	2.27	1514.17	1482.62
-16.7	2.27	1513.3	1381.42
-16.7	2.27	1512.43	1355.23
-16.7	2.27	1511.57	1453.02
-16.7	2.27	1510.7	1481.59
-16.7	2.27	1509.83	1403.52
-16.7	2.27	1508.96	1452.27
-16.7	2.27	1508.1	1405.92
-16.7	2.27	1507.23	1535.3
-16.7	2.27	1506.36	1480.31
-16.7	2.27	1505.49	1425.35
-16.7	2.27	1504.62	1442.38
-16.7	2.27	1503.76	1519.85
-16.7	2.27	1502.89	1482.17
-16.7	2.27	1502.02	1438.75
-16.7	2.27	1501.15	1372.33
-16.7	2.27	1500.28	1360.59
-16.7	2.27	1499.41	1432.25
-16.7	2.27	1498.54	1538.4
-16.7	2.27	1497.67	1380.01
-16.7	2.27	1496.8	1420.01
-16.7	2.27	1495.93	1474.38
-16.7	2.27	1495.06	1537.34
-16.7	2.27	1494.19	1548.56
-16.7	2.27	1493.32	1436.27
-16.7	2.27	1492.45	1407.3
-16.7	2.27	1491.58	1547.76
-16.7	2.27	1490.71	1478.59
-16.7	2.27	1489.84	1463.98
-16.7	2.27	1488.97	1414.94
-16.7	2.27	1488.1	1520.87
-16.7	2.27	1487.23	1537.82
-16.7	2.27	1486.35	1506.0
-16.7	2.27	1485.48	1508.6
-16.7	2.27	1484.61	1542.75
-16.7	2.27	1483.74	1602.7
-16.7	2.27	1482.87	1605.29
-16.7	2.27	1481.99	1556.28
-16.7	2.27	1481.12	1719.35
-16.7	2.27	1480.25	1647.43
-16.7	2.27	1479.38	1595.58
-16.7	2.27	1478.5	1566.66
-16.7	2.27	1477.63	1649.44
-16.7	2.27	1476.76	1777.99
-16.7	2.27	1475.88	1731.88
-16.7	2.27	1475.01	1574.17
-16.7	2.27	1474.14	1702.67
-16.7	2.27	1473.26	1756.73
-16.7	2.27	1472.39	1730.68
-16.7	2.27	1471.51	1593.1
-16.7	2.27	1470.64	1595.68
-16.7	2.27	1469.77	1775.53
-16.7	2.27	1468.89	1640.87
-16.7	2.27	1468.02	1646.3
-16.7	2.27	1467.14	1540.28
-16.7	2.27	1466.27	1671.44
-16.7	2.27	1465.39	1665.44
-16.7	2.27	1464.52	1596.6
-16.7	2.27	1463.64	1562.06
-16.7	2.27	1462.77	1558.93
-16.7	2.27	1461.89	1644.3
-16.7	2.27	1461.01	1658.29
-16.7	2.27	1460.14	1620.91
-16.7	2.27	1459.26	1555.0
-16.7	2.27	1458.39	1646.02
-16.7	2.27	1457.51	1560.17
-16.7	2.27	1456.63	1545.64
-16.7	2.27	1455.76	1528.26
-16.7	2.27	1454.88	1528.0
-16.7	2.27	1454.0	1661.69
-16.7	2.27	1453.12	1553.12
-16.7	2.27	1452.25	1550.0
-16.7	2.27	1451.37	1467.11
-16.7	2.27	1450.49	1609.27
-16.7	2.27	1449.61	1546.34
-16.7	2.27	1448.74	1454.96
-16.7	2.27	1447.86	1511.64
-16.7	2.27	1446.98	1542.69
-16.7	2.27	1446.1	1610.72
-16.7	2.27	1445.22	1473.87
-16.7	2.27	1444.34	1507.75
-16.7	2.27	1443.46	1575.75
-16.7	2.27	1442.58	1541.35
-16.7	2.27	1441.71	1524.03
-16.7	2.27	1440.83	1421.42
-16.7	2.27	1439.95	1591.71
-16.7	2.27	1439.07	1565.86
-16.7	2.27	1438.19	1559.91
-16.7	2.27	1437.31	1505.66
-16.7	2.27	1436.43	1499.72
-16.7	2.27	1435.55	1615.89
-16.7	2.27	1434.67	1524.75
-16.7	2.27	1433.79	1447.84
-16.7	2.27	1432.9	1484.48
-16.7	2.27	1432.02	1492.74
-16.7	2.27	1431.14	1486.81
-16.7	2.27	1430.26	1429.81
-16.7	2.27	1429.38	1395.52
-16.7	2.27	1428.5	1548.42
-16.7	2.27	1427.62	1590.69
-16.7	2.27	1426.74	1499.69
-16.7	2.27	1425.85	1462.58
-16.7	2.27	1424.97	1510.51
-16.7	2.27	1424.09	1521.58
-16.7	2.27	1423.21	1467.49
-16.7	2.27	1422.32	1484.23
-16.7	2.27	1421.44	1551.94
-16.7	2.27	1420.56	1560.16
-16.7	2.27	1419.67	1457.97
-16.7	2.27	1418.79	1398.28
-16.7	2.27	1417.91	1491.43
-16.7	2.27	1417.02	1576.05
-16.7	2.27	1416.14	1499.39
-16.7	2.27	1415.26	1510.45
-16.7	2.27	1414.37	1431.0
-16.7	2.27	1413.49	1546.68
-16.7	2.27	1412.6	1574.68
-16.7	2.27	1411.72	1486.79
-16.7	2.27	1410.84	1478.05
-16.7	2.27	1409.95	1528.65
-16.7	2.27	1409.07	1488.83
-16.7	2.27	1408.18	1437.73
-16.7	2.27	1407.3	1431.83
-16.7	2.27	1406.41	1533.24
-16.7	2.27	1405.52	1614.84
-16.7	2.27	1404.64	1510.12
-16.7	2.27	1403.75	1538.08
-16.7	2.27	1402.87	1537.81
-16.7	2.27	1401.98	1452.91
-16.7	2.27	1401.09	1486.5
-16.7	2.27	1400.21	1396.0
-16.7	2.27	1399.32	1471.89
-16.7	2.27	1398.43	1606.96
-16.7	2.27	1397.55	1640.5
-16.7	2.27	1396.66	1445.76
-16.7	2.27	1395.77	1484.95
-16.7	2.27	1394.89	1605.84
-16.7	2.27	1394.0	1509.79
-16.7	2.27	1393.11	1492.63
-16.7	2.27	1392.22	1441.68
-16.7	2.27	1391.34	1539.97
-16.7	2.27	1390.45	1629.77
-16.7	2.27	1389.56	1502.84
-16.7	2.27	1388.67	1488.51
-16.7	2.27	1387.78	1552.96
-16.7	2.27	1386.89	1608.95
-16.7	2.27	1386.0	1569.29
-16.7	2.27	1385.11	1484.66
-16.7	2.27	1384.23	1608.11
-16.7	2.27	1383.34	1709.02
-16.7	2.27	1382.45	1630.03
-16.7	2.27	1381.56	1506.11
-16.7	2.27	1380.67	1570.46
-16.7	2.27	1379.78	1595.47
-16.7	2.27	1378.89	1595.19
-16.7	2.27	1378.0	1642.65
-16.7	2.27	1377.11	1650.78
-16.7	2.27	1376.22	1667.34
-16.7	2.27	1375.32	1678.27
-16.7	2.27	1374.43	1627.47
-16.7	2.27	1373.54	1728.19
-16.7	2.27	1372.65	1663.37
-16.7	2.27	1371.76	1783.67
-16.7	2.27	1370.87	1640.36
-16.7	2.27	1369.98	1648.48
-16.7	2.27	1369.08	1757.51
-16.7	2.27	1368.19	1687.14
-16.7	2.27	1367.3	1754.1
-16.7	2.27	1366.41	1686.55
-16.7	2.27	1365.52	1672.25
-16.7	2.27	1364.62	1761.58
-16.7	2.27	1363.73	1744.47
-16.7	2.27	1362.84	1718.97
-16.7	2.27	1361.94	1788.65
-16.7	2.27	1361.05	1844.31
-16.7	2.27	1360.16	1765.64
-16.7	2.27	1359.26	1745.75
-16.7	2.27	1358.37	1717.47
-16.7	2.27	1357.48	1840.23
-16.7	2.27	1356.58	1825.92
-16.7	2.27	1355.69	1688.61
-16.7	2.27	1354.79	1828.08
-16.7	2.27	1353.9	1858.5
-16.7	2.27	1353.0	1860.97
-16.7	2.27	1352.11	1706.99
-16.7	2.27	1351.21	1815.63
-16.7	2.27	1350.32	1943.78
-16.7	2.27	1349.42	1985.33
-16.7	2.27	1348.53	1803.51
-16.7	2.27	1347.63	1839.48
-16.7	2.27	1346.74	1858.7
-16.7	2.27	1345.84	1883.49
-16.7	2.27	1344.94	1863.63
-16.7	2.27	1344.05	1891.2
-16.7	2.27	1343.15	1932.7
-16.7	2.27	1342.26	2004.86
-16.7	2.27	1341.36	1934.81
-16.7	2.27	1340.46	1909.39
-16.7	2.27	1339.56	2067.91
-16.7	2.27	1338.67	2120.49
-16.7	2.27	1337.77	1972.46
-16.7	2.27	1336.87	1894.12
-16.7	2.27	1335.97	1996.84
-16.7	2.27	1335.08	2066.1
-16.7	2.27	1334.18	2007.27
-16.7	2.27	1333.28	1923.42
-16.7	2.27	1332.38	1923.08
-16.7	2.27	1331.48	2017.35
-16.7	2.27	1330.59	2144.97
-16.7	2.27	1329.69	2033.33
-16.7	2.27	1328.79	2030.2
-16.7	2.27	1327.89	2063.21
-16.7	2.27	1326.99	2135.13
-16.7	2.27	1326.09	2001.33
-16.7	2.27	1325.19	2056.57
-16.7	2.27	1324.29	2192.36
-16.7	2.27	1323.39	2289.21
-16.7	2.27	1322.49	2091.6
-16.7	2.27	1321.59	2130.11
-16.7	2.27	1320.69	2154.73
-16.7	2.27	1319.79	2234.86
-16.7	2.27	1318.89	2184.51
-16.7	2.27	1317.99	1951.0
-16.7	2.27	1317.09	2089.4
-16.7	2.27	1316.19	2252.72
-16.7	2.27	1315.29	2138.6
-16.7	2.27	1314.38	2066.12
-16.7	2.27	1313.48	2101.8
-16.7	2.27	1312.58	2198.46
-16.7	2.27	1311.68	2137.1
-16.7	2.27	1310.78	2056.35
-16.7	2.27	1309.87	2028.28
-16.7	2.27	1308.97	2133.2
-16.7	2.27	1308.07	2077.43
-16.7	2.27	1307.17	2085.38
-16.7	2.27	1306.26	2051.78
-16.7	2.27	1305.36	2167.7
-16.7	2.27	1304.46	2087.05
-16.7	2.27	1303.55	2017.49
-16.7	2.27	1302.65	2030.98
-16.7	2.27	1301.75	1933.79
-16.7	2.27	1300.84	2088.35
-16.7	2.27	1299.94	1891.63
-16.7	2.27	1299.03	1985.31
-16.7	2.27	1298.13	2007.08
-16.7	2.27	1297.23	2056.48
-16.7	2.27	1296.32	1912.41
-16.7	2.27	1295.42	1840.24
-16.7	2.27	1294.51	2047.11
-16.7	2.27	1293.61	1941.79
-16.7	2.27	1292.7	1847.55
-16.7	2.27	1291.8	1952.15
-16.7	2.27	1290.89	1982.18
-16.7	2.27	1289.98	1948.71
-16.7	2.27	1289.08	1879.37
-16.7	2.27	1288.17	1956.3
-16.7	2.27	1287.27	1997.34
-16.7	2.27	1286.36	1936.31
-16.7	2.27	1285.45	1933.21
-16.7	2.27	1284.55	1858.42
-16.7	2.27	1283.64	1904.96
-16.7	2.27	1282.73	2023.15
-16.7	2.27	1281.83	1967.68
-16.7	2.27	1280.92	1824.05
-16.7	2.27	1280.01	1947.7
-16.7	2.27	1279.1	1985.92
-16.7	2.27	1278.2	1853.38
-16.7	2.27	1277.29	1764.95
-16.7	2.27	1276.38	1816.94
-16.7	2.27	1275.47	1863.42
-16.7	2.27	1274.56	1857.58
-16.7	2.27	1273.65	1730.69
-16.7	2.27	1272.75	1774.4
-16.7	2.27	1271.84	1826.35
-16.7	2.27	1270.93	1842.53
-16.7	2.27	1270.02	1732.22
-16.7	2.27	1269.11	1773.15
-16.7	2.27	1268.2	1803.08
-16.7	2.27	1267.29	1723.06
-16.7	2.27	1266.38	1711.77
-16.7	2.27	1265.47	1705.98
-16.7	2.27	1264.56	1796.32
-16.7	2.27	1263.65	1804.24
-16.7	2.27	1262.74	1641.92
-16.7	2.27	1261.83	1649.87
-16.7	2.27	1260.92	1619.39
-16.7	2.27	1260.01	1693.2
-16.7	2.27	1259.1	1572.18
-16.7	2.27	1258.18	1541.72
-16.7	2.27	1257.27	1684.08
-16.7	2.27	1256.36	1604.25
-16.7	2.27	1255.45	1672.52
-16.7	2.27	1254.54	1570.79
-16.7	2.27	1253.62	1578.74
-16.7	2.27	1252.71	1622.31
-16.7	2.27	1251.8	1526.13
-16.7	2.27	1250.89	1594.34
-16.7	2.27	1249.97	1506.42
-16.7	2.27	1249.06	1569.13
-16.7	2.27	1248.15	1563.38
-16.7	2.27	1247.24	1511.09
-16.7	2.27	1246.32	1576.52
-16.7	2.27	1245.41	1551.61
-16.7	2.27	1244.49	1548.6
-16.7	2.27	1243.58	1419.76
-16.7	2.27	1242.67	1539.85
-16.7	2.27	1241.75	1542.31
-16.7	2.27	1240.84	1583.05
-16.7	2.27	1239.92	1402.35
-16.7	2.27	1239.01	1549.7
-16.7	2.27	1238.09	1535.76
-16.7	2.27	1237.18	1535.49
-16.7	2.27	1236.26	1453.27
-16.7	2.27	1235.35	1524.02
-16.7	2.27	1234.43	1548.33
-16.7	2.27	1233.52	1477.07
-16.7	2.27	1232.6	1454.97
-16.7	2.27	1231.69	1462.91
-16.7	2.27	1230.77	1547.24
-16.7	2.27	1229.85	1587.89
-16.7	2.27	1228.94	1393.94
-16.7	2.27	1228.02	1513.69
-16.7	2.27	1227.1	1551.6
-16.7	2.27	1226.19	1477.72
-16.7	2.27	1225.27	1439.29
-16.7	2.27	1224.35	1395.43
-16.7	2.27	1223.43	1550.51
-16.7	2.27	1222.52	1520.27
-16.7	2.27	1221.6	1411.04
-16.7	2.27	1220.68	1478.88
-16.7	2.27	1219.76	1484.06
-16.7	2.27	1218.84	1478.35
-16.7	2.27	1217.93	1418.21
-16.7	2.27	1217.01	1496.88
-16.7	2.27	1216.09	1529.27
-16.7	2.27	1215.17	1504.52
-16.7	2.27	1214.25	1528.73
-16.7	2.27	1213.33	1591.02
-16.7	2.27	1212.41	1555.39
-16.7	2.27	1211.49	1707.36
-16.7	2.27	1210.57	1549.4
-16.7	2.27	1209.65	1546.41
-16.7	2.27	1208.73	1578.74
-16.7	2.27	1207.81	1689.85
-16.7	2.27	1206.89	1605.35
-16.7	2.27	1205.97	1629.51
-16.7	2.27	1205.05	1642.8
-16.7	2.27	1204.13	1742.96
-16.7	2.27	1203.21	1617.79
-16.7	2.27	1202.29	1620.21
-16.7	2.27	1201.37	1568.37
-16.7	2.27	1200.45	1595.23
-16.7	2.27	1199.52	1540.69
-16.7	2.27	1198.6	1499.74
-16.7	2.27	1197.68	1559.13
-16.7	2.27	1196.76	1545.3
-16.7	2.27	1195.84	1523.34
-16.7	2.27	1194.91	1430.93
-16.7	2.27	1193.99	1530.93
-16.7	2.27	1193.07	1533.37
-16.7	2.27	1192.14	1519.56
-16.7	2.27	1191.22	1448.87
-16.7	2.27	1190.3	1540.68
-16.7	2.27	1189.37	1526.87
-16.7	2.27	1188.45	1456.23
-16.7	2.27	1187.53	1353.13
-16.7	2.27	1186.6	1488.18
-16.7	2.27	1185.68	1436.52
-16.7	2.27	1184.76	1452.49
-16.7	2.27	1183.83	1349.47
-16.7	2.27	1182.91	1424.94
-16.7	2.27	1181.98	1457.13
-16.7	2.27	1181.06	1427.14
-16.7	2.27	1180.13	1353.92
-16.7	2.27	1179.21	1410.42
-16.7	2.27	1178.28	1502.02
-16.7	2.27	1177.36	1423.42
-16.7	2.27	1176.43	1404.27
-16.7	2.27	1175.5	1385.12
-16.7	2.27	1174.58	1392.97
-16.7	2.27	1173.65	1473.7
-16.7	2.27	1172.72	1422.17
-16.7	2.27	1171.8	1330.18
-16.7	2.27	1170.87	1410.87
-16.7	2.27	1169.94	1429.5
-16.7	2.27	1169.02	1334.86
-16.7	2.27	1168.09	1348.11
-16.7	2.27	1167.16	1382.91
-16.7	2.27	1166.24	1450.05
-16.7	2.27	1165.31	1412.07
-16.7	2.27	1164.38	1401.04
-16.7	2.27	1163.45	1451.97
-16.7	2.27	1162.52	1338.6
-16.7	2.27	1161.6	1308.74
-16.7	2.27	1160.67	1316.58
-16.7	2.27	1159.74	1426.72
-16.7	2.27	1158.81	1402.24
-16.7	2.27	1157.88	1364.32
-16.7	2.27	1156.95	1431.34
-16.7	2.27	1156.02	1388.05
-16.7	2.27	1155.09	1342.08
-16.7	2.27	1154.16	1261.17
-16.7	2.27	1153.23	1295.9
-16.7	2.27	1152.3	1408.57
-16.7	2.27	1151.37	1338.44
-16.7	2.27	1150.44	1359.7
-16.7	2.27	1149.51	1329.9
-16.7	2.27	1148.58	1326.98
-16.7	2.27	1147.65	1361.66
-16.7	2.27	1146.72	1345.31
-16.7	2.27	1145.79	1326.27
-16.7	2.27	1144.86	1387.78
-16.7	2.27	1143.92	1293.6
-16.7	2.27	1142.99	1296.05
-16.7	2.27	1142.06	1274.36
-16.7	2.27	1141.13	1376.06
-16.7	2.27	1140.2	1349.0
-16.7	2.27	1139.26	1295.13
-16.7	2.27	1138.33	1297.58
-16.7	2.27	1137.4	1383.13
-16.7	2.27	1136.47	1401.64
-16.7	2.27	1135.53	1288.85
-16.7	2.27	1134.6	1366.32
-16.7	2.27	1133.67	1376.79
-16.7	2.27	1132.73	1288.17
-16.7	2.27	1131.8	1258.48
-16.7	2.27	1130.87	1317.16
-16.7	2.27	1129.93	1383.84
-16.7	2.27	1129.0	1343.45
-16.7	2.27	1128.06	1335.19
-16.7	2.27	1127.13	1337.62
-16.7	2.27	1126.19	1377.51
-16.7	2.27	1125.26	1398.66
-16.7	2.27	1124.32	1312.85
-16.7	2.27	1123.39	1299.25
-16.7	2.27	1122.45	1365.84
-16.7	2.27	1121.52	1394.99
-16.7	2.27	1120.58	1309.24
-16.7	2.27	1119.65	1317.02
-16.7	2.27	1118.71	1420.96
-16.7	2.27	1117.78	1428.71
-16.7	2.27	1116.84	1372.39
-16.7	2.27	1115.9	1385.49
-16.7	2.27	1114.97	1467.99
-16.7	2.27	1114.03	1385.0
-16.7	2.27	1113.09	1352.74
-16.7	2.27	1112.15	1477.88
-16.7	2.27	1111.22	1434.94
-16.7	2.27	1110.28	1450.68
-16.7	2.27	1109.34	1415.76
-16.7	2.27	1108.4	1455.5
-16.7	2.27	1107.47	1431.25
-16.7	2.27	1106.53	1337.73
-16.7	2.27	1105.59	1358.81
-16.7	2.27	1104.65	1435.81
-16.7	2.27	1103.71	1408.93
-16.7	2.27	1102.77	1371.39
-16.7	2.27	1101.83	1267.32
-16.7	2.27	1100.9	1357.6
-16.7	2.27	1099.96	1336.06
-16.7	2.27	1099.02	1293.25
-16.7	2.27	1098.08	1250.45
-16.7	2.27	1097.14	1332.69
-16.7	2.27	1096.2	1321.81
-16.7	2.27	1095.26	1225.85
-16.7	2.27	1094.32	1254.88
-16.7	2.27	1093.38	1275.92
-16.7	2.27	1092.44	1318.21
-16.7	2.27	1091.49	1288.75
-16.7	2.27	1090.55	1336.34
-16.7	2.27	1089.61	1367.98
-16.7	2.27	1088.67	1373.05
-16.7	2.27	1087.73	1290.49
-16.7	2.27	1086.79	1263.71
-16.7	2.27	1085.85	1319.22
-16.7	2.27	1084.9	1308.37
-16.7	2.27	1083.96	1281.61
-16.7	2.27	1083.02	1310.56
-16.7	2.27	1082.08	1302.37
-16.7	2.27	1081.13	1318.05
-16.7	2.27	1080.19	1309.86
-16.7	2.27	1079.25	1275.16
-16.7	2.27	1078.31	1251.08
-16.7	2.27	1077.36	1322.41
-16.7	2.27	1076.42	1364.57
-16.7	2.27	1075.48	1266.3
-16.7	2.27	1074.53	1297.86
-16.7	2.27	1073.59	1260.56
-16.7	2.27	1072.64	1278.87
-16.7	2.27	1071.7	1275.99
-16.7	2.27	1070.75	1318.11
-16.7	2.27	1069.81	1333.75
-16.7	2.27	1068.86	1291.18
-16.7	2.27	1067.92	1185.14
-16.7	2.27	1066.97	1216.66
-16.7	2.27	1066.03	1269.33
-16.7	2.27	1065.08	1189.79
-16.7	2.27	1064.14	1210.72
-16.7	2.27	1063.19	1300.37
-16.7	2.27	1062.25	1358.28
-16.7	2.27	1061.3	1252.35
-16.7	2.27	1060.35	1157.03
-16.7	2.27	1059.41	1333.78
-16.7	2.27	1058.46	1278.09
-16.7	2.27	1057.51	1214.49
-16.7	2.27	1056.57	1214.28
-16.7	2.27	1055.62	1285.32
-16.7	2.27	1054.67	1287.73
-16.7	2.27	1053.72	1203.07
-16.7	2.27	1052.78	1324.2
-16.7	2.27	1051.83	1273.85
-16.7	2.27	1050.88	1284.17
-16.7	2.27	1049.93	1225.94
-16.7	2.27	1048.98	1299.53
-16.7	2.27	1048.03	1320.38
-16.7	2.27	1047.09	1301.7
-16.7	2.27	1046.14	1209.26
-16.7	2.27	1045.19	1314.4
-16.7	2.27	1044.24	1293.1
-16.7	2.27	1043.29	1321.83
-16.7	2.27	1042.34	1261.04
-16.7	2.27	1041.39	1263.45
-16.7	2.27	1040.44	1336.91
-16.7	2.27	1039.49	1305.1
-16.7	2.27	1038.54	1278.56
-16.7	2.27	1037.59	1291.48
-16.7	2.27	1036.64	1283.36
-16.7	2.27	1035.69	1230.54
-16.7	2.27	1034.74	1238.21
-16.7	2.27	1033.79	1214.33
-16.7	2.27	1032.83	1321.86
-16.7	2.27	1031.88	1229.66
-16.7	2.27	1030.93	1279.35
-16.7	2.27	1029.98	1302.76
-16.7	2.27	1029.03	1250.01
-16.7	2.27	1028.07	1299.67
-16.7	2.27	1027.12	1270.56
-16.7	2.27	1026.17	1270.34
-16.7	2.27	1025.22	1264.86
-16.7	2.27	1024.26	1288.25
-16.7	2.27	1023.31	1172.59
-16.7	2.27	1022.36	1282.54
-16.7	2.27	1021.4	1287.56
-16.7	2.27	1020.45	1253.24
-16.7	2.27	1019.5	1245.15
-16.7	2.27	1018.54	1310.45
-16.7	2.27	1017.59	1289.25
-16.7	2.27	1016.64	1231.38
-16.7	2.27	1015.68	1265.22
-16.7	2.27	1014.73	1325.23
-16.7	2.27	1013.77	1285.71
-16.7	2.27	1012.82	1214.79
-16.7	2.27	1011.86	1245.99
-16.7	2.27	1010.91	1358.3
-16.7	2.27	1009.95	1250.77
-16.7	2.27	1009.0	1255.78
-16.7	2.27	1008.04	1211.09
-16.7	2.27	1007.08	1263.18
-16.7	2.27	1006.13	1221.11
-16.7	2.27	1005.17	1249.65
-16.7	2.27	1004.22	1238.97
-16.7	2.27	1003.26	1275.34
-16.7	2.27	1002.3	1188.88
-16.7	2.27	1001.34	1191.28
-16.7	2.27	1000.39	1238.08
-16.7	2.27	999.431	1177.8
-16.7	2.27	998.4730000000001	1221.97
-16.7	2.27	997.515	1234.81
-16.7	2.27	996.558	1255.47
-16.7	2.27	995.6	1242.19
-16.7	2.27	994.6410000000001	1195.0
-16.7	2.27	993.683	1241.75
-16.7	2.27	992.725	1293.69
-16.7	2.27	991.7660000000001	1243.91
-16.7	2.27	990.807	1256.72
-16.7	2.27	989.8480000000001	1173.08
-16.7	2.27	988.8889999999999	1170.26
-16.7	2.27	987.93	1256.04
-16.7	2.27	986.97	1229.76
-16.7	2.27	986.01	1190.47
-16.7	2.27	985.05	1224.11
-16.7	2.27	984.09	1192.65
-16.7	2.27	983.13	1145.57
-16.7	2.27	982.17	1171.39
-16.7	2.27	981.209	1270.08
-16.7	2.27	980.248	1246.43
-16.7	2.27	979.288	1220.19
-16.7	2.27	978.326	1170.55
-16.7	2.27	977.365	1297.78
-16.7	2.27	976.404	1258.54
-16.7	2.27	975.442	1284.31
-16.7	2.27	974.48	1206.1
-16.7	2.27	973.518	1299.44
-16.7	2.27	972.556	1231.65
-16.7	2.27	971.5939999999999	1252.21
-16.7	2.27	970.632	1249.39
-16.7	2.27	969.669	1267.34
-16.7	2.27	968.706	1254.13
-16.7	2.27	967.743	1251.31
-16.7	2.27	966.78	1269.26
-16.7	2.27	965.817	1318.34
-16.7	2.27	964.8530000000001	1281.77
-16.7	2.27	963.8889999999999	1276.35
-16.7	2.27	962.926	1317.62
-16.7	2.27	961.961	1335.54
-16.7	2.27	960.997	1241.96
-16.7	2.27	960.033	1244.33
-16.7	2.27	959.068	1321.86
-16.7	2.27	958.1039999999999	1303.48
-16.7	2.27	957.1389999999999	1329.16
-16.7	2.27	956.174	1183.85
-16.7	2.27	955.2080000000001	1238.03
-16.7	2.27	954.243	1281.83
-16.7	2.27	953.2769999999999	1276.42
-16.7	2.27	952.312	1227.0
-16.7	2.27	951.346	1340.66
-16.7	2.27	950.38	1335.25
-16.7	2.27	949.413	1161.66
-16.7	2.27	948.447	1293.38
-16.7	2.27	947.48	1267.28
-16.7	2.27	946.513	1243.78
-16.7	2.27	945.546	1230.63
-16.7	2.27	944.579	1201.97
-16.7	2.27	943.612	1258.61
-16.7	2.27	942.6439999999999	1255.8
-16.7	2.27	941.677	1245.24
-16.7	2.27	940.709	1208.86
-16.7	2.27	939.7410000000001	1231.88
-16.7	2.27	938.773	1192.93
-16.7	2.27	937.804	1148.83
-16.7	2.27	936.836	1207.99
-16.7	2.27	935.867	1254.22
-16.7	2.27	934.898	1215.29
-16.7	2.27	933.929	1230.55
-16.7	2.27	932.96	1235.49
-16.7	2.27	931.99	1255.89
-16.7	2.27	931.0210000000001	1139.64
-16.7	2.27	930.051	1273.49
-16.7	2.27	929.081	1239.75
-16.7	2.27	928.1110000000001	1296.22
-16.7	2.27	927.1410000000001	1198.08
-16.7	2.27	926.17	1213.32
-16.7	2.27	925.199	1300.67
-16.7	2.27	924.2289999999999	1238.63
-16.7	2.27	923.258	1307.93
-16.7	2.27	922.2860000000001	1261.35
-16.7	2.27	921.315	1315.17
-16.7	2.27	920.3439999999999	1255.75
-16.7	2.27	919.372	1281.25
-16.7	2.27	918.4	1304.17
-16.7	2.27	917.428	1285.93
-16.7	2.27	916.456	1295.99
-16.7	2.27	915.4830000000001	1154.35
-16.7	2.27	914.5110000000001	1251.82
-16.7	2.27	913.538	1279.87
-16.7	2.27	912.565	1315.61
-16.7	2.27	911.592	1228.02
-16.7	2.27	910.6189999999999	1184.13
-16.7	2.27	909.645	1294.35
-16.7	2.27	908.671	1227.36
-16.7	2.27	907.698	1227.13
-16.7	2.27	906.7239999999999	1267.98
-16.7	2.27	905.75	1293.42
-16.7	2.27	904.775	1208.51
-16.7	2.27	903.801	1205.73
-16.7	2.27	902.826	1215.77
-16.7	2.27	901.8510000000001	1187.34
-16.7	2.27	900.8760000000001	1107.64
-16.7	2.27	899.9010000000001	1212.54
-16.7	2.27	898.925	1248.21
-16.7	2.27	897.95	1196.73
-16.7	2.27	896.9739999999999	1214.45
-16.7	2.27	895.998	1247.53
-16.7	2.27	895.0219999999999	1265.23
-16.7	2.27	894.046	1211.23
-16.7	2.27	893.069	1177.73
-16.7	2.27	892.0930000000001	1203.11
-16.7	2.27	891.1160000000001	1231.05
-16.7	2.27	890.1389999999999	1225.71
-16.7	2.27	889.1619999999999	1187.11
-16.7	2.27	888.184	1133.18
-16.7	2.27	887.207	1260.85
-16.7	2.27	886.2289999999999	1155.78
-16.7	2.27	885.2510000000001	1142.79
-16.7	2.27	884.273	1239.71
-16.7	2.27	883.295	1272.71
-16.7	2.27	882.317	1137.06
-16.7	2.27	881.3380000000001	1200.72
-16.7	2.27	880.3589999999999	1256.7
-16.7	2.27	879.38	1197.73
-16.7	2.27	878.4010000000001	1210.28
-16.7	2.27	877.422	1194.74
-16.7	2.27	876.442	1169.0
-16.7	2.27	875.4630000000001	1161.14
-16.7	2.27	874.4830000000001	1186.44
-16.7	2.27	873.503	1173.47
-16.7	2.27	872.523	1234.47
-16.7	2.27	871.5419999999999	1208.75
-16.7	2.27	870.562	1211.08
-16.7	2.27	869.581	1279.69
-16.7	2.27	868.6	1236.13
-16.7	2.27	867.6189999999999	1212.97
-16.7	2.27	866.638	1189.82
-16.7	2.27	865.6569999999999	1238.0
-16.7	2.27	864.675	1222.5
-16.7	2.27	863.693	1217.18
-16.7	2.27	862.711	1188.96
-16.7	2.27	861.7289999999999	1237.1
-16.7	2.27	860.747	1129.99
-16.7	2.27	859.7639999999999	1188.31
-16.7	2.27	858.7819999999999	1226.26
-16.7	2.27	857.799	1215.86
-16.7	2.27	856.816	1164.77
-16.7	2.27	855.8330000000001	1169.65
-16.7	2.27	854.8489999999999	1230.45
-16.7	2.27	853.8660000000001	1248.02
-16.7	2.27	852.882	1202.05
-16.7	2.27	851.898	1260.27
-16.7	2.27	850.914	1285.45
-16.7	2.27	849.93	1269.97
-16.7	2.27	848.945	1249.43
-16.7	2.27	847.961	1129.87
-16.7	2.27	846.9760000000001	1259.13
-16.7	2.27	845.9910000000001	1218.29
-16.7	2.27	845.0060000000001	1152.09
-16.7	2.27	844.02	1243.22
-16.7	2.27	843.035	1293.73
-16.7	2.27	842.049	1242.77
-16.7	2.27	841.063	1217.18
-16.7	2.27	840.077	1219.5
-16.7	2.27	839.091	1308.0
-16.7	2.27	838.1039999999999	1208.92
-16.7	2.27	837.118	1216.3
-16.7	2.27	836.1310000000001	1218.61
-16.7	2.27	835.1439999999999	1289.32
-16.7	2.27	834.1569999999999	1223.24
-16.7	2.27	833.17	1228.08
-16.7	2.27	832.182	1324.06
-16.7	2.27	831.195	1313.69
-16.7	2.27	830.207	1204.63
-16.7	2.27	829.2189999999999	1212.0
-16.7	2.27	828.23	1297.8
-16.7	2.27	827.242	1229.27
-16.7	2.27	826.253	1246.75
-16.7	2.27	825.265	1309.73
-16.7	2.27	824.2760000000001	1324.66
-16.7	2.27	823.2869999999999	1289.04
-16.7	2.27	822.297	1281.22
-16.7	2.27	821.308	1280.99
-16.7	2.27	820.318	1326.23
-16.7	2.27	819.328	1265.37
-16.7	2.27	818.3380000000001	1290.39
-16.7	2.27	817.3480000000001	1267.43
-16.7	2.27	816.3580000000001	1264.68
-16.7	2.27	815.367	1193.78
-16.7	2.27	814.377	1175.9
-16.7	2.27	813.3860000000001	1248.85
-16.7	2.27	812.395	1263.76
-16.7	2.27	811.403	1248.4
-16.7	2.27	810.4119999999999	1233.04
-16.7	2.27	809.42	1235.34
-16.7	2.27	808.428	1209.9
-16.7	2.27	807.436	1207.16
-16.7	2.27	806.444	1264.9
-16.7	2.27	805.452	1241.99
-16.7	2.27	804.459	1259.4
-16.7	2.27	803.467	1216.36
-16.7	2.27	802.4739999999999	1258.94
-16.7	2.27	801.4810000000001	1288.92
-16.7	2.27	800.487	1266.03
-16.7	2.27	799.4939999999999	1157.59
-16.7	2.27	798.5	1230.35
-16.7	2.27	797.507	1260.31
-16.7	2.27	796.513	1209.78
-16.7	2.27	795.518	1186.93
-16.7	2.27	794.5239999999999	1199.28
-16.7	2.27	793.529	1231.74
-16.7	2.27	792.535	1130.98
-16.7	2.27	791.54	1191.09
-16.7	2.27	790.545	1241.12
-16.7	2.27	789.55	1115.3
-16.7	2.27	788.554	1228.11
-16.7	2.27	787.559	1232.91
-16.7	2.27	786.563	1227.66
-16.7	2.27	785.567	1187.27
-16.7	2.27	784.571	1166.98
-16.7	2.27	783.574	1181.82
-16.7	2.27	782.578	1219.24
-16.7	2.27	781.581	1251.62
-16.7	2.27	780.584	1211.27
-16.7	2.27	779.587	1198.51
-16.7	2.27	778.59	1215.84
-16.7	2.27	777.592	1195.57
-16.7	2.27	776.595	1227.93
-16.7	2.27	775.597	1177.59
-16.7	2.27	774.5989999999999	1229.99
-16.7	2.27	773.6010000000001	1174.66
-16.7	2.27	772.602	1227.03
-16.7	2.27	771.6039999999999	1266.87
-16.7	2.27	770.605	1239.1
-16.7	2.27	769.6060000000001	1158.79
-16.7	2.27	768.607	1273.68
-16.7	2.27	767.6080000000001	1258.44
-16.7	2.27	766.6089999999999	1185.67
-16.7	2.27	765.6089999999999	1210.46
-16.7	2.27	764.6089999999999	1230.24
-16.7	2.27	763.6089999999999	1192.52
-16.7	2.27	762.6089999999999	1217.3
-16.7	2.27	761.6089999999999	1257.06
-16.7	2.27	760.6080000000001	1204.36
-16.7	2.27	759.607	1189.15
-16.7	2.27	758.607	1208.91
-16.7	2.27	757.605	1268.63
-16.7	2.27	756.6039999999999	1278.38
-16.7	2.27	755.6030000000001	1218.24
-16.7	2.27	754.6010000000001	1215.52
-16.7	2.27	753.5989999999999	1242.75
-16.7	2.27	752.597	1245.01
-16.7	2.27	751.595	1204.87
-16.7	2.27	750.5930000000001	1234.58
-16.7	2.27	749.59	1196.95
-16.7	2.27	748.587	1224.16
-16.7	2.27	747.585	1159.12
-16.7	2.27	746.581	1196.3
-16.7	2.27	745.578	1275.82
-16.7	2.27	744.575	1173.44
-16.7	2.27	743.571	1235.49
-16.7	2.27	742.567	1260.17
-16.7	2.27	741.563	1262.43
-16.7	2.27	740.559	1185.03
-16.7	2.27	739.555	1234.59
-16.7	2.27	738.55	1291.6
-16.7	2.27	737.545	1291.37
-16.7	2.27	736.54	1171.72
-16.7	2.27	735.535	1248.61
-16.7	2.27	734.53	1278.22
-16.7	2.27	733.525	1255.61
-16.7	2.27	732.5189999999999	1218.1
-16.7	2.27	731.513	1220.36
-16.7	2.27	730.507	1262.38
-16.7	2.27	729.5010000000001	1202.52
-16.7	2.27	728.4939999999999	1194.85
-16.7	2.27	727.488	1284.04
-16.7	2.27	726.4810000000001	1286.29
-16.7	2.27	725.4739999999999	1231.43
-16.7	2.27	724.467	1251.06
-16.7	2.27	723.46	1253.32
-16.7	2.27	722.452	1243.16
-16.7	2.27	721.444	1267.74
-16.7	2.27	720.436	1277.43
-16.7	2.27	719.428	1306.96
-16.7	2.27	718.42	1234.81
-16.7	2.27	717.4119999999999	1299.04
-16.7	2.27	716.403	1259.15
-16.7	2.27	715.3939999999999	1258.92
-16.7	2.27	714.385	1293.37
-16.7	2.27	713.3760000000001	1231.2
-16.7	2.27	712.367	1297.85
-16.7	2.27	711.357	1257.99
-16.7	2.27	710.347	1173.58
-16.7	2.27	709.3380000000001	1252.58
-16.7	2.27	708.327	1217.7
-16.7	2.27	707.317	1234.8
-16.7	2.27	706.307	1242.0
-16.7	2.27	705.296	1184.87
-16.7	2.27	704.285	1189.6
-16.7	2.27	703.2739999999999	1186.91
-16.7	2.27	702.263	1280.64
-16.7	2.27	701.252	1280.41
-16.7	2.27	700.24	1238.16
-16.7	2.27	699.2280000000001	1121.8
-16.7	2.27	698.216	1148.77
-16.7	2.27	697.204	1291.82
-16.7	2.27	696.192	1244.66
-16.7	2.27	695.179	1219.74
-16.7	2.27	694.1669999999999	1259.01
-16.7	2.27	693.154	1229.16
-16.7	2.27	692.1410000000001	1209.2
-16.7	2.27	691.127	1159.63
-16.7	2.27	690.1139999999999	1238.35
-16.7	2.27	689.1	1238.13
-16.7	2.27	688.086	1200.91
-16.7	2.27	687.072	1291.91
-16.7	2.27	686.058	1294.14
-16.7	2.27	685.044	1207.64
-16.7	2.27	684.029	1209.88
-16.7	2.27	683.015	1273.72
-16.7	2.27	682.0	1266.09
-16.7	2.27	680.985	1283.1
-16.7	2.27	679.9689999999999	1201.61
-16.7	2.27	678.954	1277.71
-16.7	2.27	677.938	1223.32
-16.7	2.27	676.922	1262.47
-16.7	2.27	675.9060000000001	1326.21
-16.7	2.27	674.89	1257.09
-16.7	2.27	673.8739999999999	1158.47
-16.7	2.27	672.857	1173.01
-16.7	2.27	671.84	1199.84
-16.7	2.27	670.823	1283.2
-16.7	2.27	669.806	1221.52
-16.7	2.27	668.789	1186.89
-16.7	2.27	667.7710000000001	1287.41
-16.7	2.27	666.753	1257.7
-16.7	2.27	665.735	1259.92
-16.7	2.27	664.717	1269.51
-16.7	2.27	663.699	1296.28
-16.7	2.27	662.68	1185.59
-16.7	2.27	661.6619999999999	1151.01
-16.7	2.27	660.643	1280.84
-16.7	2.27	659.6239999999999	1214.37
-16.7	2.27	658.605	1221.51
-16.7	2.27	657.585	1245.8
-16.7	2.27	656.566	1338.75
-16.7	2.27	655.546	1237.99
-16.7	2.27	654.526	1220.61
-16.7	2.27	653.506	1200.78
-16.7	2.27	652.485	1266.71
-16.7	2.27	651.465	1234.63
-16.7	2.27	650.444	1239.3
-16.7	2.27	649.423	1253.77
-16.7	2.27	648.4019999999999	1184.98
-16.7	2.27	647.381	1197.0
-16.7	2.27	646.359	1255.52
-16.7	2.27	645.3380000000001	1238.16
-16.7	2.27	644.316	1252.61
-16.7	2.27	643.294	1127.63
-16.7	2.27	642.271	1222.8
-16.7	2.27	641.249	1247.03
-16.7	2.27	640.226	1193.02
-16.7	2.27	639.2040000000001	1178.13
-16.7	2.27	638.181	1209.68
-16.7	2.27	637.1569999999999	1221.68
-16.7	2.27	636.134	1189.69
-16.7	2.27	635.11	1184.59
-16.7	2.27	634.087	1221.0
-16.7	2.27	633.063	1174.39
-16.7	2.27	632.039	1169.29
-16.7	2.27	631.014	1227.65
-16.7	2.27	629.99	1173.74
-16.7	2.27	628.965	1163.76
-16.7	2.27	627.94	1183.06
-16.7	2.27	626.915	1258.45
-16.7	2.27	625.89	1170.43
-16.7	2.27	624.864	1206.79
-16.7	2.27	623.839	1148.06
-16.7	2.27	622.813	1250.21
-16.7	2.27	621.7869999999999	1198.81
-16.7	2.27	620.761	1191.28
-16.7	2.27	619.734	1305.54
-16.7	2.27	618.7080000000001	1215.19
-16.7	2.27	617.681	1190.62
-16.7	2.27	616.654	1251.26
-16.7	2.27	615.627	1219.39
-16.7	2.27	614.599	1248.36
-16.7	2.27	613.572	1192.17
-16.7	2.27	612.544	1213.85
-16.7	2.27	611.516	1223.35
-16.7	2.27	610.488	1135.59
-16.7	2.27	609.46	1218.04
-16.7	2.27	608.431	1232.4
-16.7	2.27	607.403	1185.99
-16.7	2.27	606.374	1178.48
-16.7	2.27	605.345	1209.85
-16.7	2.27	604.316	1292.21
-16.7	2.27	603.286	1163.26
-16.7	2.27	602.257	1187.33
-16.7	2.27	601.227	1208.95
-16.7	2.27	600.197	1264.56
