-16.7	24.27	1799.64	366.75300000000004
-16.7	24.27	1798.82	394.19300000000004
-16.7	24.27	1798.0	488.839
-16.7	24.27	1797.18	470.42800000000005
-16.7	24.27	1796.37	415.37300000000005
-16.7	24.27	1795.55	412.249
-16.7	24.27	1794.73	473.24300000000005
-16.7	24.27	1793.91	509.795
-16.7	24.27	1793.09	433.405
-16.7	24.27	1792.27	439.435
-16.7	24.27	1791.45	448.514
-16.7	24.27	1790.63	405.73
-16.7	24.27	1789.81	445.31300000000005
-16.7	24.27	1788.99	448.287
-16.7	24.27	1788.17	420.77
-16.7	24.27	1787.35	460.33
-16.7	24.27	1786.53	448.06
-16.7	24.27	1785.71	411.414
-16.7	24.27	1784.89	417.439
-16.7	24.27	1784.07	420.414
-16.7	24.27	1783.25	466.033
-16.7	24.27	1782.43	435.5
-16.7	24.27	1781.61	435.426
-16.7	24.27	1780.79	459.708
-16.7	24.27	1779.97	444.411
-16.7	24.27	1779.14	496.07300000000004
-16.7	24.27	1778.32	438.175
-16.7	24.27	1777.5	432.01599999999996
-16.7	24.27	1776.68	501.905
-16.7	24.27	1775.86	431.87
-16.7	24.27	1775.03	453.082
-16.7	24.27	1774.21	449.965
-16.7	24.27	1773.39	413.412
-16.7	24.27	1772.57	465.01
-16.7	24.27	1771.74	449.73699999999997
-16.7	24.27	1770.92	446.62300000000005
-16.7	24.27	1770.1	452.62300000000005
-16.7	24.27	1769.28	431.286
-16.7	24.27	1768.45	431.213
-16.7	24.27	1767.63	482.755
-16.7	24.27	1766.81	452.316
-16.7	24.27	1765.98	449.205
-16.7	24.27	1765.16	470.371
-16.7	24.27	1764.33	452.087
-16.7	24.27	1763.51	485.38
-16.7	24.27	1762.69	415.536
-16.7	24.27	1761.86	442.76
-16.7	24.27	1761.04	500.29400000000004
-16.7	24.27	1760.21	485.05199999999996
-16.7	24.27	1759.39	442.535
-16.7	24.27	1758.56	427.30699999999996
-16.7	24.27	1757.74	448.445
-16.7	24.27	1756.91	496.841
-16.7	24.27	1756.09	475.55400000000003
-16.7	24.27	1755.26	451.246
-16.7	24.27	1754.44	454.19699999999995
-16.7	24.27	1753.61	463.20300000000003
-16.7	24.27	1752.78	457.07
-16.7	24.27	1751.96	469.099
-16.7	24.27	1751.13	484.149
-16.7	24.27	1750.31	474.99
-16.7	24.27	1749.48	465.835
-16.7	24.27	1748.65	444.586
-16.7	24.27	1747.83	435.439
-16.7	24.27	1747.0	441.412
-16.7	24.27	1746.17	459.474
-16.7	24.27	1745.34	495.664
-16.7	24.27	1744.52	462.34
-16.7	24.27	1743.69	465.283
-16.7	24.27	1742.86	425.934
-16.7	24.27	1742.03	443.983
-16.7	24.27	1741.21	428.809
-16.7	24.27	1740.38	446.852
-16.7	24.27	1739.55	407.532
-16.7	24.27	1738.72	425.57300000000004
-16.7	24.27	1737.89	473.784
-16.7	24.27	1737.07	461.635
-16.7	24.27	1736.24	512.841
-16.7	24.27	1735.41	449.413
-16.7	24.27	1734.58	473.463
-16.7	24.27	1733.75	482.42800000000005
-16.7	24.27	1732.92	443.155
-16.7	24.27	1732.09	446.094
-16.7	24.27	1731.26	458.07300000000004
-16.7	24.27	1730.43	503.19199999999995
-16.7	24.27	1729.6	472.981
-16.7	24.27	1728.77	493.985
-16.7	24.27	1727.94	460.774
-16.7	24.27	1727.11	439.61800000000005
-16.7	24.27	1726.28	436.533
-16.7	24.27	1725.45	454.519
-16.7	24.27	1724.62	466.48
-16.7	24.27	1723.79	496.491
-16.7	24.27	1722.96	454.288
-16.7	24.27	1722.13	478.275
-16.7	24.27	1721.3	427.066
-16.7	24.27	1720.46	475.105
-16.7	24.27	1719.63	435.94
-16.7	24.27	1718.8	535.063
-16.7	24.27	1717.97	480.874
-16.7	24.27	1717.14	483.79699999999997
-16.7	24.27	1716.3	471.69800000000004
-16.7	24.27	1715.47	513.672
-16.7	24.27	1714.64	492.561
-16.7	24.27	1713.81	453.44
-16.7	24.27	1712.97	471.37699999999995
-16.7	24.27	1712.14	465.293
-16.7	24.27	1711.31	459.211
-16.7	24.27	1710.48	513.149
-16.7	24.27	1709.64	435.05199999999996
-16.7	24.27	1708.81	491.976
-16.7	24.27	1707.98	488.89300000000003
-16.7	24.27	1707.14	452.82300000000004
-16.7	24.27	1706.31	542.696
-16.7	24.27	1705.47	491.64099999999996
-16.7	24.27	1704.64	497.55199999999996
-16.7	24.27	1703.81	482.483
-16.7	24.27	1702.97	452.439
-16.7	24.27	1702.14	482.319
-16.7	24.27	1701.3	479.24199999999996
-16.7	24.27	1700.47	521.087
-16.7	24.27	1699.63	464.108
-16.7	24.27	1698.8	505.941
-16.7	24.27	1697.96	457.964
-16.7	24.27	1697.13	529.711
-16.7	24.27	1696.29	469.777
-16.7	24.27	1695.46	451.746
-16.7	24.27	1694.62	535.423
-16.7	24.27	1693.78	577.201
-16.7	24.27	1692.95	451.51599999999996
-16.7	24.27	1692.11	529.17
-16.7	24.27	1691.28	526.091
-16.7	24.27	1690.44	481.17199999999997
-16.7	24.27	1689.6	507.983
-16.7	24.27	1688.77	522.835
-16.7	24.27	1687.93	531.707
-16.7	24.27	1687.09	504.73699999999997
-16.7	24.27	1686.25	516.595
-16.7	24.27	1685.42	510.536
-16.7	24.27	1684.58	450.74800000000005
-16.7	24.27	1683.74	468.57800000000003
-16.7	24.27	1682.9	561.005
-16.7	24.27	1682.07	465.435
-16.7	24.27	1681.23	483.254
-16.7	24.27	1680.39	507.032
-16.7	24.27	1679.55	483.09
-16.7	24.27	1678.71	500.89599999999996
-16.7	24.27	1677.87	497.83
-16.7	24.27	1677.04	536.492
-16.7	24.27	1676.2	524.48
-16.7	24.27	1675.36	482.67800000000005
-16.7	24.27	1674.52	545.155
-16.7	24.27	1673.68	533.148
-16.7	24.27	1672.84	458.608
-16.7	24.27	1672.0	503.191
-16.7	24.27	1671.16	515.013
-16.7	24.27	1670.32	503.02
-16.7	24.27	1669.48	508.88599999999997
-16.7	24.27	1668.64	496.897
-16.7	24.27	1667.8	532.512
-16.7	24.27	1666.96	502.67699999999996
-16.7	24.27	1666.12	532.33
-16.7	24.27	1665.28	502.505
-16.7	24.27	1664.44	544.04
-16.7	24.27	1663.6	585.561
-16.7	24.27	1662.75	585.461
-16.7	24.27	1661.91	525.934
-16.7	24.27	1661.07	519.9019999999999
-16.7	24.27	1660.23	546.547
-16.7	24.27	1659.39	528.634
-16.7	24.27	1658.55	522.605
-16.7	24.27	1657.7	525.485
-16.7	24.27	1656.86	534.3
-16.7	24.27	1656.02	540.145
-16.7	24.27	1655.18	548.955
-16.7	24.27	1654.33	519.193
-16.7	24.27	1653.49	504.273
-16.7	24.27	1652.65	563.503
-16.7	24.27	1651.81	560.441
-16.7	24.27	1650.96	569.24
-16.7	24.27	1650.12	551.357
-16.7	24.27	1649.28	625.357
-16.7	24.27	1648.43	560.058
-16.7	24.27	1647.59	512.558
-16.7	24.27	1646.74	539.131
-16.7	24.27	1645.9	494.61300000000006
-16.7	24.27	1645.06	592.25
-16.7	24.27	1644.21	583.266
-16.7	24.27	1643.37	565.405
-16.7	24.27	1642.52	600.825
-16.7	24.27	1641.68	615.519
-16.7	24.27	1640.83	612.455
-16.7	24.27	1639.99	570.935
-16.7	24.27	1639.14	594.499
-16.7	24.27	1638.3	561.868
-16.7	24.27	1637.45	685.954
-16.7	24.27	1636.61	632.625
-16.7	24.27	1635.76	600.004
-16.7	24.27	1634.91	629.453
-16.7	24.27	1634.07	626.391
-16.7	24.27	1633.22	673.551
-16.7	24.27	1632.38	637.992
-16.7	24.27	1631.53	670.367
-16.7	24.27	1630.68	631.868
-16.7	24.27	1629.84	661.2819999999999
-16.7	24.27	1628.99	699.54
-16.7	24.27	1628.14	699.42
-16.7	24.27	1627.29	699.301
-16.7	24.27	1626.45	740.4830000000001
-16.7	24.27	1625.6	672.515
-16.7	24.27	1624.75	687.145
-16.7	24.27	1623.9	663.439
-16.7	24.27	1623.06	781.25
-16.7	24.27	1622.21	754.5880000000001
-16.7	24.27	1621.36	745.617
-16.7	24.27	1620.51	680.664
-16.7	24.27	1619.66	674.6560000000001
-16.7	24.27	1618.81	748.18
-16.7	24.27	1617.96	706.821
-16.7	24.27	1617.12	768.5360000000001
-16.7	24.27	1616.27	691.8580000000001
-16.7	24.27	1615.42	747.668
-16.7	24.27	1614.57	747.54
-16.7	24.27	1613.72	741.5269999999999
-16.7	24.27	1612.87	750.2260000000001
-16.7	24.27	1612.02	714.799
-16.7	24.27	1611.17	788.203
-16.7	24.27	1610.32	732.197
-16.7	24.27	1609.47	732.072
-16.7	24.27	1608.62	743.704
-16.7	24.27	1607.77	723.0039999999999
-16.7	24.27	1606.92	725.818
-16.7	24.27	1606.06	655.181
-16.7	24.27	1605.21	731.445
-16.7	24.27	1604.36	719.571
-16.7	24.27	1603.51	754.686
-16.7	24.27	1602.66	778.045
-16.7	24.27	1601.81	713.33
-16.7	24.27	1600.96	742.558
-16.7	24.27	1600.1	836.335
-16.7	24.27	1599.25	721.7660000000001
-16.7	24.27	1598.4	721.6419999999999
-16.7	24.27	1597.55	712.7189999999999
-16.7	24.27	1596.69	727.26
-16.7	24.27	1595.84	806.299
-16.7	24.27	1594.99	765.12
-16.7	24.27	1594.14	753.2639999999999
-16.7	24.27	1593.28	688.664
-16.7	24.27	1592.43	753.0060000000001
-16.7	24.27	1591.58	761.665
-16.7	24.27	1590.72	755.677
-16.7	24.27	1589.87	699.9060000000001
-16.7	24.27	1589.02	693.93
-16.7	24.27	1588.16	699.666
-16.7	24.27	1587.31	740.523
-16.7	24.27	1586.45	714.058
-16.7	24.27	1585.6	795.863
-16.7	24.27	1584.74	748.919
-16.7	24.27	1583.89	737.09
-16.7	24.27	1583.03	736.9639999999999
-16.7	24.27	1582.18	728.065
-16.7	24.27	1581.32	692.8589999999999
-16.7	24.27	1580.47	701.5089999999999
-16.7	24.27	1579.61	689.699
-16.7	24.27	1578.76	657.439
-16.7	24.27	1577.9	709.9119999999999
-16.7	24.27	1577.05	715.632
-16.7	24.27	1576.19	671.702
-16.7	24.27	1575.33	686.187
-16.7	24.27	1574.48	674.3910000000001
-16.7	24.27	1573.62	720.9780000000001
-16.7	24.27	1572.76	677.078
-16.7	24.27	1571.91	668.2080000000001
-16.7	24.27	1571.05	609.744
-16.7	24.27	1570.19	667.9780000000001
-16.7	24.27	1569.34	659.1139999999999
-16.7	24.27	1568.48	685.2439999999999
-16.7	24.27	1567.62	623.9019999999999
-16.7	24.27	1566.76	693.753
-16.7	24.27	1565.91	649.918
-16.7	24.27	1565.05	681.8589999999999
-16.7	24.27	1564.19	617.6469999999999
-16.7	24.27	1563.33	617.54
-16.7	24.27	1562.47	664.033
-16.7	24.27	1561.62	681.3910000000001
-16.7	24.27	1560.76	625.956
-16.7	24.27	1559.9	605.472
-16.7	24.27	1559.04	660.666
-16.7	24.27	1558.18	613.994
-16.7	24.27	1557.32	625.526
-16.7	24.27	1556.46	660.325
-16.7	24.27	1555.6	668.937
-16.7	24.27	1554.74	654.2819999999999
-16.7	24.27	1553.88	616.373
-16.7	24.27	1553.02	604.64
-16.7	24.27	1552.16	694.635
-16.7	24.27	1551.3	668.362
-16.7	24.27	1550.44	595.611
-16.7	24.27	1549.58	621.653
-16.7	24.27	1548.72	644.781
-16.7	24.27	1547.86	653.382
-16.7	24.27	1547.0	676.497
-16.7	24.27	1546.14	618.322
-16.7	24.27	1545.28	609.509
-16.7	24.27	1544.41	606.502
-16.7	24.27	1543.55	652.82
-16.7	24.27	1542.69	623.698
-16.7	24.27	1541.83	649.695
-16.7	24.27	1540.97	678.582
-16.7	24.27	1540.1	626.276
-16.7	24.27	1539.24	617.471
-16.7	24.27	1538.38	643.451
-16.7	24.27	1537.52	643.34
-16.7	24.27	1536.65	628.742
-16.7	24.27	1535.79	657.6030000000001
-16.7	24.27	1534.93	622.732
-16.7	24.27	1534.06	590.77
-16.7	24.27	1533.2	651.472
-16.7	24.27	1532.34	633.99
-16.7	24.27	1531.47	575.992
-16.7	24.27	1530.61	616.408
-16.7	24.27	1529.75	633.663
-16.7	24.27	1528.88	662.4830000000001
-16.7	24.27	1528.02	616.089
-16.7	24.27	1527.15	592.8480000000001
-16.7	24.27	1526.29	667.923
-16.7	24.27	1525.42	633.117
-16.7	24.27	1524.56	638.788
-16.7	24.27	1523.69	601.109
-16.7	24.27	1522.83	627.01
-16.7	24.27	1521.96	644.236
-16.7	24.27	1521.1	615.24
-16.7	24.27	1520.23	623.798
-16.7	24.27	1519.37	632.3530000000001
-16.7	24.27	1518.5	629.357
-16.7	24.27	1517.63	675.431
-16.7	24.27	1516.77	611.8240000000001
-16.7	24.27	1515.9	637.687
-16.7	24.27	1515.03	608.7280000000001
-16.7	24.27	1514.17	646.121
-16.7	24.27	1513.3	602.75
-16.7	24.27	1512.43	605.529
-16.7	24.27	1511.57	640.02
-16.7	24.27	1510.7	683.1469999999999
-16.7	24.27	1509.83	636.9169999999999
-16.7	24.27	1508.96	671.385
-16.7	24.27	1508.1	590.602
-16.7	24.27	1507.23	613.544
-16.7	24.27	1506.36	650.878
-16.7	24.27	1505.49	598.934
-16.7	24.27	1504.62	595.952
-16.7	24.27	1503.76	644.784
-16.7	24.27	1502.89	587.112
-16.7	24.27	1502.02	630.173
-16.7	24.27	1501.15	569.6469999999999
-16.7	24.27	1500.28	604.067
-16.7	24.27	1499.41	678.7389999999999
-16.7	24.27	1498.54	646.991
-16.7	24.27	1497.67	575.004
-16.7	24.27	1496.8	618.0219999999999
-16.7	24.27	1495.93	632.286
-16.7	24.27	1495.06	635.05
-16.7	24.27	1494.19	620.575
-16.7	24.27	1493.32	600.36
-16.7	24.27	1492.45	628.977
-16.7	24.27	1491.58	640.354
-16.7	24.27	1490.71	614.404
-16.7	24.27	1489.84	611.427
-16.7	24.27	1488.97	628.5419999999999
-16.7	24.27	1488.1	525.129
-16.7	24.27	1487.23	588.158
-16.7	24.27	1486.35	576.582
-16.7	24.27	1485.48	653.92
-16.7	24.27	1484.61	630.866
-16.7	24.27	1483.74	662.295
-16.7	24.27	1482.87	662.18
-16.7	24.27	1481.99	610.476
-16.7	24.27	1481.12	650.489
-16.7	24.27	1480.25	564.424
-16.7	24.27	1479.38	618.753
-16.7	24.27	1478.5	595.7330000000001
-16.7	24.27	1477.63	678.675
-16.7	24.27	1476.76	624.158
-16.7	24.27	1475.88	666.99
-16.7	24.27	1475.01	578.148
-16.7	24.27	1474.14	623.8340000000001
-16.7	24.27	1473.26	583.6709999999999
-16.7	24.27	1472.39	615.0369999999999
-16.7	24.27	1471.51	603.49
-16.7	24.27	1470.64	591.946
-16.7	24.27	1469.77	663.323
-16.7	24.27	1468.89	654.632
-16.7	24.27	1468.02	611.646
-16.7	24.27	1467.14	657.263
-16.7	24.27	1466.27	651.435
-16.7	24.27	1465.39	625.612
-16.7	24.27	1464.52	639.784
-16.7	24.27	1463.64	591.127
-16.7	24.27	1462.77	628.1419999999999
-16.7	24.27	1461.89	596.631
-16.7	24.27	1461.01	593.674
-16.7	24.27	1460.14	616.401
-16.7	24.27	1459.26	624.854
-16.7	24.27	1458.39	707.4739999999999
-16.7	24.27	1457.51	650.307
-16.7	24.27	1456.63	621.677
-16.7	24.27	1455.76	601.611
-16.7	24.27	1454.88	649.969
-16.7	24.27	1454.0	658.4069999999999
-16.7	24.27	1453.12	635.495
-16.7	24.27	1452.25	601.194
-16.7	24.27	1451.37	646.67
-16.7	24.27	1450.49	669.3439999999999
-16.7	24.27	1449.61	646.445
-16.7	24.27	1448.74	686.195
-16.7	24.27	1447.86	671.842
-16.7	24.27	1446.98	623.339
-16.7	24.27	1446.1	643.151
-16.7	24.27	1445.22	577.597
-16.7	24.27	1444.34	642.928
-16.7	24.27	1443.46	631.439
-16.7	24.27	1442.58	622.798
-16.7	24.27	1441.71	602.7869999999999
-16.7	24.27	1440.83	631.111
-16.7	24.27	1439.95	625.316
-16.7	24.27	1439.07	602.4730000000001
-16.7	24.27	1438.19	619.4169999999999
-16.7	24.27	1437.31	590.9
-16.7	24.27	1436.43	587.957
-16.7	24.27	1435.55	650.3330000000001
-16.7	24.27	1434.67	604.79
-16.7	24.27	1433.79	624.557
-16.7	24.27	1432.9	664.186
-16.7	24.27	1432.02	612.988
-16.7	24.27	1431.14	663.955
-16.7	24.27	1430.26	621.286
-16.7	24.27	1429.38	618.342
-16.7	24.27	1428.5	657.938
-16.7	24.27	1427.62	640.811
-16.7	24.27	1426.74	646.369
-16.7	24.27	1425.85	632.085
-16.7	24.27	1424.97	697.1560000000001
-16.7	24.27	1424.09	668.7
-16.7	24.27	1423.21	637.4209999999999
-16.7	24.27	1422.32	637.311
-16.7	24.27	1421.44	634.368
-16.7	24.27	1420.56	648.415
-16.7	24.27	1419.67	631.316
-16.7	24.27	1418.79	656.681
-16.7	24.27	1417.91	648.077
-16.7	24.27	1417.02	715.873
-16.7	24.27	1416.14	625.219
-16.7	24.27	1415.26	659.053
-16.7	24.27	1414.37	647.626
-16.7	24.27	1413.49	684.2719999999999
-16.7	24.27	1412.6	638.92
-16.7	24.27	1411.72	644.462
-16.7	24.27	1410.84	624.567
-16.7	24.27	1409.95	664.0169999999999
-16.7	24.27	1409.07	711.929
-16.7	24.27	1408.18	672.26
-16.7	24.27	1407.3	601.54
-16.7	24.27	1406.41	660.732
-16.7	24.27	1405.52	683.202
-16.7	24.27	1404.64	640.743
-16.7	24.27	1403.75	618.054
-16.7	24.27	1402.87	592.552
-16.7	24.27	1401.98	702.475
-16.7	24.27	1401.09	603.628
-16.7	24.27	1400.21	685.309
-16.7	24.27	1399.32	696.4680000000001
-16.7	24.27	1398.43	668.155
-16.7	24.27	1397.55	730.051
-16.7	24.27	1396.66	665.1039999999999
-16.7	24.27	1395.77	695.9839999999999
-16.7	24.27	1394.89	656.421
-16.7	24.27	1394.0	653.49
-16.7	24.27	1393.11	656.192
-16.7	24.27	1392.22	695.4989999999999
-16.7	24.27	1391.34	639.072
-16.7	24.27	1390.45	734.664
-16.7	24.27	1389.56	678.25
-16.7	24.27	1388.67	666.8760000000001
-16.7	24.27	1387.78	748.347
-16.7	24.27	1386.89	658.205
-16.7	24.27	1386.0	708.7130000000001
-16.7	24.27	1385.11	655.164
-16.7	24.27	1384.23	697.22
-16.7	24.27	1383.34	756.127
-16.7	24.27	1382.45	691.357
-16.7	24.27	1381.56	679.9960000000001
-16.7	24.27	1380.67	671.45
-16.7	24.27	1379.78	769.645
-16.7	24.27	1378.89	707.725
-16.7	24.27	1378.0	671.0989999999999
-16.7	24.27	1377.11	732.745
-16.7	24.27	1376.22	794.3710000000001
-16.7	24.27	1375.32	738.1030000000001
-16.7	24.27	1374.43	740.78
-16.7	24.27	1373.54	706.985
-16.7	24.27	1372.65	715.2769999999999
-16.7	24.27	1371.76	734.784
-16.7	24.27	1370.87	712.2230000000001
-16.7	24.27	1369.98	751.3480000000001
-16.7	24.27	1369.08	765.2330000000001
-16.7	24.27	1368.19	742.679
-16.7	24.27	1367.3	759.3610000000001
-16.7	24.27	1366.41	767.6339999999999
-16.7	24.27	1365.52	831.925
-16.7	24.27	1364.62	854.184
-16.7	24.27	1363.73	770.0319999999999
-16.7	24.27	1362.84	761.4989999999999
-16.7	24.27	1361.94	794.955
-16.7	24.27	1361.05	780.823
-16.7	24.27	1360.16	780.687
-16.7	24.27	1359.26	769.36
-16.7	24.27	1358.37	788.806
-16.7	24.27	1357.48	785.8710000000001
-16.7	24.27	1356.58	802.5110000000001
-16.7	24.27	1355.69	796.78
-16.7	24.27	1354.79	816.207
-16.7	24.27	1353.9	830.038
-16.7	24.27	1353.0	835.482
-16.7	24.27	1352.11	840.923
-16.7	24.27	1351.21	843.57
-16.7	24.27	1350.32	857.3860000000001
-16.7	24.27	1349.42	893.5360000000001
-16.7	24.27	1348.53	862.67
-16.7	24.27	1347.63	893.2239999999999
-16.7	24.27	1346.74	915.395
-16.7	24.27	1345.84	870.5889999999999
-16.7	24.27	1344.94	836.959
-16.7	24.27	1344.05	906.547
-16.7	24.27	1343.15	847.822
-16.7	24.27	1342.26	928.5369999999999
-16.7	24.27	1341.36	894.92
-16.7	24.27	1340.46	891.9760000000001
-16.7	24.27	1339.56	928.05
-16.7	24.27	1338.67	886.091
-16.7	24.27	1337.77	888.722
-16.7	24.27	1336.87	944.2760000000001
-16.7	24.27	1335.97	935.7560000000001
-16.7	24.27	1335.08	938.377
-16.7	24.27	1334.18	915.94
-16.7	24.27	1333.28	904.6460000000001
-16.7	24.27	1332.38	971.2810000000001
-16.7	24.27	1331.48	962.763
-16.7	24.27	1330.59	959.813
-16.7	24.27	1329.69	923.4839999999999
-16.7	24.27	1328.79	940.0089999999999
-16.7	24.27	1327.89	975.992
-16.7	24.27	1326.99	959.1410000000001
-16.7	24.27	1326.09	889.482
-16.7	24.27	1325.19	917.118
-16.7	24.27	1324.29	1005.87
-16.7	24.27	1323.39	1002.92
-16.7	24.27	1322.49	966.6339999999999
-16.7	24.27	1321.59	863.709
-16.7	24.27	1320.69	1021.83
-16.7	24.27	1319.79	957.798
-16.7	24.27	1318.89	957.63
-16.7	24.27	1317.99	949.137
-16.7	24.27	1317.09	1004.47
-16.7	24.27	1316.19	937.707
-16.7	24.27	1315.29	909.805
-16.7	24.27	1314.38	926.285
-16.7	24.27	1313.48	1034.26
-16.7	24.27	1312.58	984.18
-16.7	24.27	1311.68	961.8330000000001
-16.7	24.27	1310.78	870.209
-16.7	24.27	1309.87	980.8919999999999
-16.7	24.27	1308.97	972.409
-16.7	24.27	1308.07	911.3
-16.7	24.27	1307.17	916.679
-16.7	24.27	1306.26	913.75
-16.7	24.27	1305.36	949.579
-16.7	24.27	1304.46	932.805
-16.7	24.27	1303.55	938.176
-16.7	24.27	1302.65	863.303
-16.7	24.27	1301.75	874.2180000000001
-16.7	24.27	1300.84	898.9580000000001
-16.7	24.27	1299.94	901.566
-16.7	24.27	1299.03	785.2760000000001
-16.7	24.27	1298.13	956.541
-16.7	24.27	1297.23	892.8
-16.7	24.27	1296.32	876.061
-16.7	24.27	1295.42	870.3810000000001
-16.7	24.27	1294.51	889.567
-16.7	24.27	1293.61	789.9739999999999
-16.7	24.27	1292.7	789.835
-16.7	24.27	1291.8	853.204
-16.7	24.27	1290.89	877.9
-16.7	24.27	1289.98	850.1439999999999
-16.7	24.27	1289.08	858.2739999999999
-16.7	24.27	1288.17	819.4939999999999
-16.7	24.27	1287.27	841.42
-16.7	24.27	1286.36	879.888
-16.7	24.27	1285.45	813.547
-16.7	24.27	1284.55	736.199
-16.7	24.27	1283.64	796.72
-16.7	24.27	1282.73	848.95
-16.7	24.27	1281.83	763.37
-16.7	24.27	1280.92	793.545
-16.7	24.27	1280.01	798.915
-16.7	24.27	1279.1	812.547
-16.7	24.27	1278.2	760.08
-16.7	24.27	1277.29	762.7
-16.7	24.27	1276.38	765.319
-16.7	24.27	1275.47	734.9069999999999
-16.7	24.27	1274.56	759.546
-16.7	24.27	1273.65	729.1460000000001
-16.7	24.27	1272.75	773.034
-16.7	24.27	1271.84	797.653
-16.7	24.27	1270.93	800.263
-16.7	24.27	1270.02	747.88
-16.7	24.27	1269.11	736.752
-16.7	24.27	1268.2	673.405
-16.7	24.27	1267.29	681.5310000000001
-16.7	24.27	1266.38	675.916
-16.7	24.27	1265.47	717.0039999999999
-16.7	24.27	1264.56	686.665
-16.7	24.27	1263.65	763.437
-16.7	24.27	1262.74	713.88
-16.7	24.27	1261.83	678.067
-16.7	24.27	1260.92	754.8
-16.7	24.27	1260.01	749.179
-16.7	24.27	1259.1	685.941
-16.7	24.27	1258.18	694.05
-16.7	24.27	1257.27	740.555
-16.7	24.27	1256.36	745.909
-16.7	24.27	1255.45	669.007
-16.7	24.27	1254.54	671.63
-16.7	24.27	1253.62	737.293
-16.7	24.27	1252.71	698.798
-16.7	24.27	1251.8	684.975
-16.7	24.27	1250.89	714.988
-16.7	24.27	1249.97	654.606
-16.7	24.27	1249.06	679.137
-16.7	24.27	1248.15	687.2310000000001
-16.7	24.27	1247.24	662.4730000000001
-16.7	24.27	1246.32	689.7260000000001
-16.7	24.27	1245.41	714.2330000000001
-16.7	24.27	1244.49	675.803
-16.7	24.27	1243.58	683.89
-16.7	24.27	1242.67	719.326
-16.7	24.27	1241.75	719.199
-16.7	24.27	1240.84	710.87
-16.7	24.27	1239.92	675.2080000000001
-16.7	24.27	1239.01	724.2860000000001
-16.7	24.27	1238.09	590.257
-16.7	24.27	1237.18	650.261
-16.7	24.27	1236.26	710.2439999999999
-16.7	24.27	1235.35	669.1510000000001
-16.7	24.27	1234.43	685.4169999999999
-16.7	24.27	1233.52	666.184
-16.7	24.27	1232.6	685.175
-16.7	24.27	1231.69	652.303
-16.7	24.27	1230.77	676.747
-16.7	24.27	1229.85	662.9860000000001
-16.7	24.27	1228.94	632.863
-16.7	24.27	1228.02	616.387
-16.7	24.27	1227.1	692.6310000000001
-16.7	24.27	1226.19	637.981
-16.7	24.27	1225.27	605.1569999999999
-16.7	24.27	1224.35	624.129
-16.7	24.27	1223.43	604.944
-16.7	24.27	1222.52	637.531
-16.7	24.27	1221.6	645.59
-16.7	24.27	1220.68	610.071
-16.7	24.27	1219.76	626.3009999999999
-16.7	24.27	1218.84	664.307
-16.7	24.27	1217.93	694.132
-16.7	24.27	1217.01	604.197
-16.7	24.27	1216.09	669.3969999999999
-16.7	24.27	1215.17	674.72
-16.7	24.27	1214.25	603.877
-16.7	24.27	1213.33	644.566
-16.7	24.27	1212.41	658.048
-16.7	24.27	1211.49	663.3689999999999
-16.7	24.27	1210.57	606.169
-16.7	24.27	1209.65	606.062
-16.7	24.27	1208.73	703.7769999999999
-16.7	24.27	1207.81	652.033
-16.7	24.27	1206.89	581.294
-16.7	24.27	1205.97	608.35
-16.7	24.27	1205.05	738.58
-16.7	24.27	1204.13	629.854
-16.7	24.27	1203.21	599.884
-16.7	24.27	1202.29	651.3430000000001
-16.7	24.27	1201.37	632.2330000000001
-16.7	24.27	1200.45	680.955
-16.7	24.27	1199.52	623.872
-16.7	24.27	1198.6	604.778
-16.7	24.27	1197.68	650.7669999999999
-16.7	24.27	1196.76	620.831
-16.7	24.27	1195.84	615.3
-16.7	24.27	1194.91	658.552
-16.7	24.27	1193.99	644.888
-16.7	24.27	1193.07	620.3919999999999
-16.7	24.27	1192.14	612.156
-16.7	24.27	1191.22	612.048
-16.7	24.27	1190.3	582.155
-16.7	24.27	1189.37	636.196
-16.7	24.27	1188.45	711.872
-16.7	24.27	1187.53	657.6210000000001
-16.7	24.27	1186.6	660.211
-16.7	24.27	1185.68	676.326
-16.7	24.27	1184.76	624.814
-16.7	24.27	1183.83	643.634
-16.7	24.27	1182.91	681.3739999999999
-16.7	24.27	1181.98	605.559
-16.7	24.27	1181.06	616.263
-16.7	24.27	1180.13	621.559
-16.7	24.27	1179.21	651.1709999999999
-16.7	24.27	1178.28	626.742
-16.7	24.27	1177.36	615.827
-16.7	24.27	1176.43	564.408
-16.7	24.27	1175.5	607.509
-16.7	24.27	1174.58	637.097
-16.7	24.27	1173.65	604.595
-16.7	24.27	1172.72	582.899
-16.7	24.27	1171.8	604.381
-16.7	24.27	1170.87	615.064
-16.7	24.27	1169.94	579.8919999999999
-16.7	24.27	1169.02	595.969
-16.7	24.27	1168.09	639.003
-16.7	24.27	1167.16	611.933
-16.7	24.27	1166.24	584.872
-16.7	24.27	1165.31	638.664
-16.7	24.27	1164.38	643.939
-16.7	24.27	1163.45	624.9680000000001
-16.7	24.27	1162.52	646.404
-16.7	24.27	1161.6	613.975
-16.7	24.27	1160.67	578.865
-16.7	24.27	1159.74	635.293
-16.7	24.27	1158.81	651.3290000000001
-16.7	24.27	1157.88	626.995
-16.7	24.27	1156.95	624.193
-16.7	24.27	1156.02	616.012
-16.7	24.27	1155.09	645.488
-16.7	24.27	1154.16	602.349
-16.7	24.27	1153.23	610.308
-16.7	24.27	1152.3	639.768
-16.7	24.27	1151.37	596.653
-16.7	24.27	1150.44	591.173
-16.7	24.27	1149.51	634.055
-16.7	24.27	1148.58	609.766
-16.7	24.27	1147.65	604.2869999999999
-16.7	24.27	1146.72	571.957
-16.7	24.27	1145.79	590.648
-16.7	24.27	1144.86	606.649
-16.7	24.27	1143.92	622.645
-16.7	24.27	1142.99	579.601
-16.7	24.27	1142.06	638.521
-16.7	24.27	1141.13	614.266
-16.7	24.27	1140.2	600.747
-16.7	24.27	1139.26	573.826
-16.7	24.27	1138.33	635.386
-16.7	24.27	1137.4	635.274
-16.7	24.27	1136.47	597.641
-16.7	24.27	1135.53	589.496
-16.7	24.27	1134.6	575.996
-16.7	24.27	1133.67	642.8580000000001
-16.7	24.27	1132.73	570.435
-16.7	24.27	1131.8	564.979
-16.7	24.27	1130.87	580.941
-16.7	24.27	1129.93	631.695
-16.7	24.27	1129.0	545.944
-16.7	24.27	1128.06	626.119
-16.7	24.27	1127.13	577.8530000000001
-16.7	24.27	1126.19	639.27
-16.7	24.27	1125.26	596.368
-16.7	24.27	1124.32	614.979
-16.7	24.27	1123.39	625.563
-16.7	24.27	1122.45	657.5260000000001
-16.7	24.27	1121.52	636.03
-16.7	24.27	1120.58	601.182
-16.7	24.27	1119.65	582.375
-16.7	24.27	1118.71	560.903
-16.7	24.27	1117.78	579.497
-16.7	24.27	1116.84	579.394
-16.7	24.27	1115.9	597.9780000000001
-16.7	24.27	1114.97	611.217
-16.7	24.27	1114.03	613.7769999999999
-16.7	24.27	1113.09	552.3009999999999
-16.7	24.27	1112.15	605.555
-16.7	24.27	1111.22	573.442
-16.7	24.27	1110.28	610.673
-16.7	24.27	1109.34	618.563
-16.7	24.27	1108.4	567.804
-16.7	24.27	1107.47	613.013
-16.7	24.27	1106.53	602.244
-16.7	24.27	1105.59	596.808
-16.7	24.27	1104.65	612.685
-16.7	24.27	1103.71	588.606
-16.7	24.27	1102.77	561.872
-16.7	24.27	1101.83	583.071
-16.7	24.27	1100.9	612.249
-16.7	24.27	1099.96	577.5409999999999
-16.7	24.27	1099.02	598.726
-16.7	24.27	1098.08	582.656
-16.7	24.27	1097.14	582.552
-16.7	24.27	1096.2	598.406
-16.7	24.27	1095.26	640.845
-16.7	24.27	1094.32	579.5830000000001
-16.7	24.27	1093.38	598.086
-16.7	24.27	1092.44	582.034
-16.7	24.27	1091.49	571.3009999999999
-16.7	24.27	1090.55	600.424
-16.7	24.27	1089.61	592.3480000000001
-16.7	24.27	1088.67	645.3580000000001
-16.7	24.27	1087.73	573.549
-16.7	24.27	1086.79	578.757
-16.7	24.27	1085.85	607.852
-16.7	24.27	1084.9	583.8580000000001
-16.7	24.27	1083.96	567.8340000000001
-16.7	24.27	1083.02	602.221
-16.7	24.27	1082.08	618.028
-16.7	24.27	1081.13	530.4019999999999
-16.7	24.27	1080.19	588.641
-16.7	24.27	1079.25	546.119
-16.7	24.27	1078.31	593.732
-16.7	24.27	1077.36	622.778
-16.7	24.27	1076.42	556.425
-16.7	24.27	1075.48	633.1519999999999
-16.7	24.27	1074.53	588.011
-16.7	24.27	1073.59	574.665
-16.7	24.27	1072.64	587.8009999999999
-16.7	24.27	1071.7	542.693
-16.7	24.27	1070.75	582.298
-16.7	24.27	1069.81	613.95
-16.7	24.27	1068.86	595.32
-16.7	24.27	1067.92	555.5319999999999
-16.7	24.27	1066.97	589.817
-16.7	24.27	1066.03	616.156
-16.7	24.27	1065.08	589.607
-16.7	24.27	1064.14	544.562
-16.7	24.27	1063.19	507.462
-16.7	24.27	1062.25	586.648
-16.7	24.27	1061.3	560.123
-16.7	24.27	1060.35	607.572
-16.7	24.27	1059.41	604.822
-16.7	24.27	1058.46	580.948
-16.7	24.27	1057.51	578.2040000000001
-16.7	24.27	1056.57	543.784
-16.7	24.27	1055.62	614.947
-16.7	24.27	1054.67	633.308
-16.7	24.27	1053.72	546.131
-16.7	24.27	1052.78	614.617
-16.7	24.27	1051.83	635.606
-16.7	24.27	1050.88	590.6659999999999
-16.7	24.27	1049.93	524.649
-16.7	24.27	1048.98	587.818
-16.7	24.27	1048.03	635.1519999999999
-16.7	24.27	1047.09	590.243
-16.7	24.27	1046.14	576.965
-16.7	24.27	1045.19	590.0319999999999
-16.7	24.27	1044.24	603.095
-16.7	24.27	1043.29	605.62
-16.7	24.27	1042.34	579.185
-16.7	24.27	1041.39	589.61
-16.7	24.27	1040.44	615.822
-16.7	24.27	1039.49	602.556
-16.7	24.27	1038.54	607.7090000000001
-16.7	24.27	1037.59	604.97
-16.7	24.27	1036.64	591.7130000000001
-16.7	24.27	1035.69	586.3480000000001
-16.7	24.27	1034.74	515.263
-16.7	24.27	1033.79	575.625
-16.7	24.27	1032.83	554.498
-16.7	24.27	1031.88	585.929
-16.7	24.27	1030.93	575.316
-16.7	24.27	1029.98	580.466
-16.7	24.27	1029.03	622.379
-16.7	24.27	1028.07	532.997
-16.7	24.27	1027.12	588.029
-16.7	24.27	1026.17	624.669
-16.7	24.27	1025.22	595.691
-16.7	24.27	1024.26	540.487
-16.7	24.27	1023.31	566.622
-16.7	24.27	1022.36	587.503
-16.7	24.27	1021.4	537.5740000000001
-16.7	24.27	1020.45	571.562
-16.7	24.27	1019.5	634.372
-16.7	24.27	1018.54	503.213
-16.7	24.27	1017.59	545.05
-16.7	24.27	1016.64	605.212
-16.7	24.27	1015.68	500.32300000000004
-16.7	24.27	1014.73	581.423
-16.7	24.27	1013.77	597.031
-16.7	24.27	1012.82	581.215
-16.7	24.27	1011.86	547.082
-16.7	24.27	1010.91	594.092
-16.7	24.27	1009.95	607.069
-16.7	24.27	1009.0	572.95
-16.7	24.27	1008.04	541.4580000000001
-16.7	24.27	1007.08	601.512
-16.7	24.27	1006.13	580.486
-16.7	24.27	1005.17	590.839
-16.7	24.27	1004.22	603.803
-16.7	24.27	1003.26	582.7869999999999
-16.7	24.27	1002.3	540.876
-16.7	24.27	1001.34	579.966
-16.7	24.27	1000.39	572.026
-16.7	24.27	999.431	592.815
-16.7	24.27	998.4730000000001	556.154
-16.7	24.27	997.515	506.45300000000003
-16.7	24.27	996.558	524.633
-16.7	24.27	995.6	568.903
-16.7	24.27	994.6410000000001	574.019
-16.7	24.27	993.683	521.742
-16.7	24.27	992.725	573.813
-16.7	24.27	991.7660000000001	576.318
-16.7	24.27	990.807	537.105
-16.7	24.27	989.8480000000001	552.649
-16.7	24.27	988.8889999999999	635.9540000000001
-16.7	24.27	987.93	555.057
-16.7	24.27	986.97	539.3240000000001
-16.7	24.27	986.01	536.623
-16.7	24.27	985.05	622.475
-16.7	24.27	984.09	567.678
-16.7	24.27	983.13	551.955
-16.7	24.27	982.17	596.1080000000001
-16.7	24.27	981.209	577.783
-16.7	24.27	980.248	585.485
-16.7	24.27	979.288	567.168
-16.7	24.27	978.326	572.269
-16.7	24.27	977.365	574.7669999999999
-16.7	24.27	976.404	579.864
-16.7	24.27	975.442	504.365
-16.7	24.27	974.48	571.8580000000001
-16.7	24.27	973.518	608.139
-16.7	24.27	972.556	574.25
-16.7	24.27	971.5939999999999	535.178
-16.7	24.27	970.632	581.836
-16.7	24.27	969.669	568.747
-16.7	24.27	968.706	571.241
-16.7	24.27	967.743	514.024
-16.7	24.27	966.78	576.227
-16.7	24.27	965.817	516.435
-16.7	24.27	964.8530000000001	573.425
-16.7	24.27	963.8889999999999	531.814
-16.7	24.27	962.926	526.531
-16.7	24.27	961.961	573.115
-16.7	24.27	960.997	510.785
-16.7	24.27	960.033	585.871
-16.7	24.27	959.068	565.03
-16.7	24.27	958.1039999999999	583.069
-16.7	24.27	957.1389999999999	533.736
-16.7	24.27	956.174	507.735
-16.7	24.27	955.2080000000001	473.973
-16.7	24.27	954.243	561.932
-16.7	24.27	953.2769999999999	561.831
-16.7	24.27	952.312	559.141
-16.7	24.27	951.346	535.747
-16.7	24.27	950.38	540.826
-16.7	24.27	949.413	514.857
-16.7	24.27	948.447	530.285
-16.7	24.27	947.48	615.536
-16.7	24.27	946.513	540.437
-16.7	24.27	945.546	519.6569999999999
-16.7	24.27	944.579	607.4490000000001
-16.7	24.27	943.612	591.8330000000001
-16.7	24.27	942.6439999999999	514.2080000000001
-16.7	24.27	941.677	539.95
-16.7	24.27	940.709	560.5169999999999
-16.7	24.27	939.7410000000001	552.668
-16.7	24.27	938.773	493.18
-16.7	24.27	937.804	521.49
-16.7	24.27	936.836	598.83
-16.7	24.27	935.867	562.5930000000001
-16.7	24.27	934.898	505.726
-16.7	24.27	933.929	564.97
-16.7	24.27	932.96	598.399
-16.7	24.27	931.99	593.133
-16.7	24.27	931.0210000000001	585.2909999999999
-16.7	24.27	930.051	559.406
-16.7	24.27	929.081	582.502
-16.7	24.27	928.1110000000001	548.8969999999999
-16.7	24.27	927.1410000000001	556.5269999999999
-16.7	24.27	926.17	589.915
-16.7	24.27	925.199	561.4780000000001
-16.7	24.27	924.2289999999999	545.9259999999999
-16.7	24.27	923.258	527.804
-16.7	24.27	922.2860000000001	568.896
-16.7	24.27	921.315	573.941
-16.7	24.27	920.3439999999999	550.678
-16.7	24.27	919.372	537.715
-16.7	24.27	918.4	504.17699999999996
-16.7	24.27	917.428	514.374
-16.7	24.27	916.456	539.995
-16.7	24.27	915.4830000000001	552.752
-16.7	24.27	914.5110000000001	573.216
-16.7	24.27	913.538	555.123
-16.7	24.27	912.565	555.0219999999999
-16.7	24.27	911.592	534.369
-16.7	24.27	910.6189999999999	549.685
-16.7	24.27	909.645	572.6990000000001
-16.7	24.27	908.671	575.163
-16.7	24.27	907.698	575.059
-16.7	24.27	906.7239999999999	528.753
-16.7	24.27	905.75	559.453
-16.7	24.27	904.775	556.7869999999999
-16.7	24.27	903.801	515.64
-16.7	24.27	902.826	592.494
-16.7	24.27	901.8510000000001	594.951
-16.7	24.27	900.8760000000001	574.332
-16.7	24.27	899.9010000000001	561.411
-16.7	24.27	898.925	551.057
-16.7	24.27	897.95	586.8340000000001
-16.7	24.27	896.9739999999999	532.923
-16.7	24.27	895.998	604.553
-16.7	24.27	895.0219999999999	545.536
-16.7	24.27	894.046	550.559
-16.7	24.27	893.069	570.941
-16.7	24.27	892.0930000000001	573.398
-16.7	24.27	891.1160000000001	580.972
-16.7	24.27	890.1389999999999	560.396
-16.7	24.27	889.1619999999999	532.1519999999999
-16.7	24.27	888.184	519.266
-16.7	24.27	887.207	570.322
-16.7	24.27	886.2289999999999	490.95099999999996
-16.7	24.27	885.2510000000001	544.55
-16.7	24.27	884.273	575.125
-16.7	24.27	883.295	633.8009999999999
-16.7	24.27	882.317	582.582
-16.7	24.27	881.3380000000001	523.7180000000001
-16.7	24.27	880.3589999999999	541.503
-16.7	24.27	879.38	589.927
-16.7	24.27	878.4010000000001	525.987
-16.7	24.27	877.422	553.9730000000001
-16.7	24.27	876.442	541.111
-16.7	24.27	875.4630000000001	579.2919999999999
-16.7	24.27	874.4830000000001	500.091
-16.7	24.27	873.503	558.674
-16.7	24.27	872.523	571.326
-16.7	24.27	871.5419999999999	471.76800000000003
-16.7	24.27	870.562	563.47
-16.7	24.27	869.581	588.86
-16.7	24.27	868.6	540.327
-16.7	24.27	867.6189999999999	535.133
-16.7	24.27	866.638	489.176
-16.7	24.27	865.6569999999999	596.075
-16.7	24.27	864.675	509.37300000000005
-16.7	24.27	863.693	522.013
-16.7	24.27	862.711	529.556
-16.7	24.27	861.7289999999999	577.8240000000001
-16.7	24.27	860.747	514.094
-16.7	24.27	859.7639999999999	597.971
-16.7	24.27	858.7819999999999	590.231
-16.7	24.27	857.799	569.775
-16.7	24.27	856.816	526.437
-16.7	24.27	855.8330000000001	556.854
-16.7	24.27	854.8489999999999	551.669
-16.7	24.27	853.8660000000001	566.82
-16.7	24.27	852.882	523.514
-16.7	24.27	851.898	586.941
-16.7	24.27	850.914	581.754
-16.7	24.27	849.93	561.328
-16.7	24.27	848.945	571.385
-16.7	24.27	847.961	550.969
-16.7	24.27	846.9760000000001	566.1
-16.7	24.27	845.9910000000001	545.693
-16.7	24.27	845.0060000000001	558.2819999999999
-16.7	24.27	844.02	603.85
-16.7	24.27	843.035	585.9830000000001
-16.7	24.27	842.049	542.76
-16.7	24.27	841.063	542.6619999999999
-16.7	24.27	840.077	555.24
-16.7	24.27	839.091	595.697
-16.7	24.27	838.1039999999999	537.297
-16.7	24.27	837.118	554.937
-16.7	24.27	836.1310000000001	539.636
-16.7	24.27	835.1439999999999	559.802
-16.7	24.27	834.1569999999999	549.57
-16.7	24.27	833.17	564.663
-16.7	24.27	832.182	617.725
-16.7	24.27	831.195	539.146
-16.7	24.27	830.207	582.07
-16.7	24.27	829.2189999999999	574.374
-16.7	24.27	828.23	581.859
-16.7	24.27	827.242	553.93
-16.7	24.27	826.253	541.185
-16.7	24.27	825.265	563.842
-16.7	24.27	824.2760000000001	611.7719999999999
-16.7	24.27	823.2869999999999	561.11
-16.7	24.27	822.297	482.66900000000004
-16.7	24.27	821.308	540.693
-16.7	24.27	820.318	568.382
-16.7	24.27	819.328	553.125
-16.7	24.27	818.3380000000001	537.873
-16.7	24.27	817.3480000000001	552.924
-16.7	24.27	816.3580000000001	520.007
-16.7	24.27	815.367	542.627
-16.7	24.27	814.377	615.707
-16.7	24.27	813.3860000000001	552.521
-16.7	24.27	812.395	607.915
-16.7	24.27	811.403	537.188
-16.7	24.27	810.4119999999999	557.263
-16.7	24.27	809.42	542.035
-16.7	24.27	808.428	536.895
-16.7	24.27	807.436	544.3580000000001
-16.7	24.27	806.444	577.015
-16.7	24.27	805.452	556.756
-16.7	24.27	804.459	564.211
-16.7	24.27	803.467	518.778
-16.7	24.27	802.4739999999999	536.309
-16.7	24.27	801.4810000000001	579.007
-16.7	24.27	800.487	563.8
-16.7	24.27	799.4939999999999	533.499
-16.7	24.27	798.5	525.854
-16.7	24.27	797.507	571.039
-16.7	24.27	796.513	538.238
-16.7	24.27	795.518	533.111
-16.7	24.27	794.5239999999999	517.928
-16.7	24.27	793.529	495.21
-16.7	24.27	792.535	530.306
-16.7	24.27	791.54	530.21
-16.7	24.27	790.545	597.947
-16.7	24.27	789.55	575.231
-16.7	24.27	788.554	489.736
-16.7	24.27	787.559	524.8009999999999
-16.7	24.27	786.563	562.364
-16.7	24.27	785.567	481.93800000000005
-16.7	24.27	784.571	567.178
-16.7	24.27	783.574	547.001
-16.7	24.27	782.578	504.25300000000004
-16.7	24.27	781.581	546.802
-16.7	24.27	780.584	516.6080000000001
-16.7	24.27	779.587	564.154
-16.7	24.27	778.59	501.37800000000004
-16.7	24.27	777.592	543.896
-16.7	24.27	776.595	533.773
-16.7	24.27	775.597	551.215
-16.7	24.27	774.5989999999999	581.175
-16.7	24.27	773.6010000000001	563.536
-16.7	24.27	772.602	528.376
-16.7	24.27	771.6039999999999	560.827
-16.7	24.27	770.605	545.705
-16.7	24.27	769.6060000000001	535.595
-16.7	24.27	768.607	565.525
-16.7	24.27	767.6080000000001	532.8969999999999
-16.7	24.27	766.6089999999999	502.783
-16.7	24.27	765.6089999999999	532.703
-16.7	24.27	764.6089999999999	522.6030000000001
-16.7	24.27	763.6089999999999	517.508
-16.7	24.27	762.6089999999999	557.4069999999999
-16.7	24.27	761.6089999999999	574.799
-16.7	24.27	760.6080000000001	524.72
-16.7	24.27	759.607	507.13699999999994
-16.7	24.27	758.607	539.515
-16.7	24.27	757.605	549.406
-16.7	24.27	756.6039999999999	541.815
-16.7	24.27	755.6030000000001	544.212
-16.7	24.27	754.6010000000001	526.641
-16.7	24.27	753.5989999999999	586.437
-16.7	24.27	752.597	551.399
-16.7	24.27	751.595	516.375
-16.7	24.27	750.5930000000001	538.727
-16.7	24.27	749.59	551.097
-16.7	24.27	748.587	536.0369999999999
-16.7	24.27	747.585	540.924
-16.7	24.27	746.581	523.38
-16.7	24.27	745.578	535.743
-16.7	24.27	744.575	480.835
-16.7	24.27	743.571	540.529
-16.7	24.27	742.567	562.844
-16.7	24.27	741.563	565.231
-16.7	24.27	740.559	535.253
-16.7	24.27	739.555	547.601
-16.7	24.27	738.55	554.967
-16.7	24.27	737.545	564.818
-16.7	24.27	736.54	557.251
-16.7	24.27	735.535	539.738
-16.7	24.27	734.53	616.731
-16.7	24.27	733.525	571.864
-16.7	24.27	732.5189999999999	524.5269999999999
-16.7	24.27	731.513	534.372
-16.7	24.27	730.507	504.455
-16.7	24.27	729.5010000000001	509.33099999999996
-16.7	24.27	728.4939999999999	563.888
-16.7	24.27	727.488	538.9490000000001
-16.7	24.27	726.4810000000001	551.266
-16.7	24.27	725.4739999999999	501.51
-16.7	24.27	724.467	590.78
-16.7	24.27	723.46	541.036
-16.7	24.27	722.452	550.862
-16.7	24.27	721.444	540.8380000000001
-16.7	24.27	720.436	533.297
-16.7	24.27	719.428	550.559
-16.7	24.27	718.42	555.418
-16.7	24.27	717.4119999999999	560.274
-16.7	24.27	716.403	575.043
-16.7	24.27	715.3939999999999	545.2
-16.7	24.27	714.385	547.577
-16.7	24.27	713.3760000000001	535.091
-16.7	24.27	712.367	557.284
-16.7	24.27	711.357	559.658
-16.7	24.27	710.347	524.893
-16.7	24.27	709.3380000000001	532.2230000000001
-16.7	24.27	708.327	495.0
-16.7	24.27	707.317	509.75699999999995
-16.7	24.27	706.307	529.456
-16.7	24.27	705.296	559.043
-16.7	24.27	704.285	531.735
-16.7	24.27	703.2739999999999	494.54699999999997
-16.7	24.27	702.263	514.234
-16.7	24.27	701.252	553.689
-16.7	24.27	700.24	499.217
-16.7	24.27	699.2280000000001	526.306
-16.7	24.27	698.216	536.091
-16.7	24.27	697.204	518.703
-16.7	24.27	696.192	513.668
-16.7	24.27	695.179	523.45
-16.7	24.27	694.1669999999999	575.196
-16.7	24.27	693.154	560.281
-16.7	24.27	692.1410000000001	493.54900000000004
-16.7	24.27	691.127	510.73
-16.7	24.27	690.1139999999999	557.506
-16.7	24.27	689.1	530.273
-16.7	24.27	688.086	507.983
-16.7	24.27	687.072	567.061
-16.7	24.27	686.058	525.0509999999999
-16.7	24.27	685.044	490.45099999999996
-16.7	24.27	684.029	566.748
-16.7	24.27	683.015	566.644
-16.7	24.27	682.0	534.518
-16.7	24.27	680.985	541.809
-16.7	24.27	679.9689999999999	556.4830000000001
-16.7	24.27	678.954	544.071
-16.7	24.27	677.938	499.666
-16.7	24.27	676.922	531.567
-16.7	24.27	675.9060000000001	489.64
-16.7	24.27	674.89	509.231
-16.7	24.27	673.8739999999999	533.7330000000001
-16.7	24.27	672.857	592.655
-16.7	24.27	671.84	533.5369999999999
-16.7	24.27	670.823	540.814
-16.7	24.27	669.806	525.967
-16.7	24.27	668.789	570.1030000000001
-16.7	24.27	667.7710000000001	540.515
-16.7	24.27	666.753	513.395
-16.7	24.27	665.735	503.477
-16.7	24.27	664.717	552.495
-16.7	24.27	663.699	545.028
-16.7	24.27	662.68	513.0169999999999
-16.7	24.27	661.6619999999999	537.465
-16.7	24.27	660.643	554.5419999999999
-16.7	24.27	659.6239999999999	532.36
-16.7	24.27	658.605	502.829
-16.7	24.27	657.585	544.4259999999999
-16.7	24.27	656.566	524.711
-16.7	24.27	655.546	531.969
-16.7	24.27	654.526	553.93
-16.7	24.27	653.506	544.026
-16.7	24.27	652.485	568.427
-16.7	24.27	651.465	536.476
-16.7	24.27	650.444	511.885
-16.7	24.27	649.423	538.7280000000001
-16.7	24.27	648.4019999999999	536.18
-16.7	24.27	647.381	516.498
-16.7	24.27	646.359	531.0880000000001
-16.7	24.27	645.3380000000001	521.202
-16.7	24.27	644.316	474.62199999999996
-16.7	24.27	643.294	513.672
-16.7	24.27	642.271	550.261
-16.7	24.27	641.249	542.8240000000001
-16.7	24.27	640.226	528.056
-16.7	24.27	639.2040000000001	564.623
-16.7	24.27	638.181	554.743
-16.7	24.27	637.1569999999999	530.2080000000001
-16.7	24.27	636.134	564.311
-16.7	24.27	635.11	561.764
-16.7	24.27	634.087	551.893
-16.7	24.27	633.063	549.349
-16.7	24.27	632.039	527.278
-16.7	24.27	631.014	517.418
-16.7	24.27	629.99	549.045
-16.7	24.27	628.965	512.3480000000001
-16.7	24.27	627.94	509.814
-16.7	24.27	626.915	534.109
-16.7	24.27	625.89	516.941
-16.7	24.27	624.864	511.97
-16.7	24.27	623.839	536.251
-16.7	24.27	622.813	543.4630000000001
-16.7	24.27	621.7869999999999	484.884
-16.7	24.27	620.761	533.518
-16.7	24.27	619.734	501.755
-16.7	24.27	618.7080000000001	516.274
-16.7	24.27	617.681	545.396
-16.7	24.27	616.654	518.518
-16.7	24.27	615.627	540.327
-16.7	24.27	614.599	525.627
-16.7	24.27	613.572	489.034
-16.7	24.27	612.544	559.488
-16.7	24.27	611.516	510.74300000000005
-16.7	24.27	610.488	493.62699999999995
-16.7	24.27	609.46	539.729
-16.7	24.27	608.431	537.198
-16.7	24.27	607.403	466.62
-16.7	24.27	606.374	495.69199999999995
-16.7	24.27	605.345	558.765
-16.7	24.27	604.316	497.93800000000005
-16.7	24.27	603.286	492.98900000000003
-16.7	24.27	602.257	512.322
-16.7	24.27	601.227	534.076
-16.7	24.27	600.197	507.279
