-16.7	16.27	1799.64	666.268
-16.7	16.27	1798.82	669.211
-16.7	16.27	1798.0	721.0369999999999
-16.7	16.27	1797.18	705.6419999999999
-16.7	16.27	1796.37	696.36
-16.7	16.27	1795.55	656.545
-16.7	16.27	1794.73	656.434
-16.7	16.27	1793.91	735.692
-16.7	16.27	1793.09	744.7239999999999
-16.7	16.27	1792.27	711.0310000000001
-16.7	16.27	1791.45	677.3480000000001
-16.7	16.27	1790.63	716.8919999999999
-16.7	16.27	1789.81	716.7710000000001
-16.7	16.27	1788.99	707.5010000000001
-16.7	16.27	1788.17	682.9889999999999
-16.7	16.27	1787.35	698.1160000000001
-16.7	16.27	1786.53	734.574
-16.7	16.27	1785.71	743.5930000000001
-16.7	16.27	1784.89	661.198
-16.7	16.27	1784.07	715.923
-16.7	16.27	1783.25	740.17
-16.7	16.27	1782.43	755.2719999999999
-16.7	16.27	1781.61	703.3810000000001
-16.7	16.27	1780.79	736.75
-16.7	16.27	1779.97	724.45
-16.7	16.27	1779.14	736.5010000000001
-16.7	16.27	1778.32	763.763
-16.7	16.27	1777.5	687.574
-16.7	16.27	1776.68	745.253
-16.7	16.27	1775.86	757.293
-16.7	16.27	1775.03	729.797
-16.7	16.27	1774.21	753.9960000000001
-16.7	16.27	1773.39	702.192
-16.7	16.27	1772.57	762.8589999999999
-16.7	16.27	1771.74	774.885
-16.7	16.27	1770.92	759.563
-16.7	16.27	1770.1	713.868
-16.7	16.27	1769.28	762.3430000000001
-16.7	16.27	1768.45	728.81
-16.7	16.27	1767.63	756.013
-16.7	16.27	1766.81	755.885
-16.7	16.27	1765.98	701.1239999999999
-16.7	16.27	1765.16	773.837
-16.7	16.27	1764.33	728.194
-16.7	16.27	1763.51	728.07
-16.7	16.27	1762.69	785.576
-16.7	16.27	1761.86	776.345
-16.7	16.27	1761.04	715.572
-16.7	16.27	1760.21	788.209
-16.7	16.27	1759.39	739.579
-16.7	16.27	1758.56	742.4839999999999
-16.7	16.27	1757.74	775.688
-16.7	16.27	1756.91	696.79
-16.7	16.27	1756.09	748.165
-16.7	16.27	1755.26	754.095
-16.7	16.27	1754.44	763.051
-16.7	16.27	1753.61	747.785
-16.7	16.27	1752.78	747.658
-16.7	16.27	1751.96	802.007
-16.7	16.27	1751.13	741.3530000000001
-16.7	16.27	1750.31	768.456
-16.7	16.27	1749.48	756.2260000000001
-16.7	16.27	1748.65	792.3910000000001
-16.7	16.27	1747.83	768.065
-16.7	16.27	1747.0	755.842
-16.7	16.27	1746.17	855.4680000000001
-16.7	16.27	1745.34	770.697
-16.7	16.27	1744.52	831.003
-16.7	16.27	1743.69	812.7339999999999
-16.7	16.27	1742.86	764.2639999999999
-16.7	16.27	1742.03	854.743
-16.7	16.27	1741.21	791.183
-16.7	16.27	1740.38	800.1060000000001
-16.7	16.27	1739.55	796.952
-16.7	16.27	1738.72	808.89
-16.7	16.27	1737.89	781.5930000000001
-16.7	16.27	1737.07	859.908
-16.7	16.27	1736.24	826.578
-16.7	16.27	1735.41	808.341
-16.7	16.27	1734.58	814.235
-16.7	16.27	1733.75	838.2180000000001
-16.7	16.27	1732.92	774.768
-16.7	16.27	1732.09	798.75
-16.7	16.27	1731.26	849.846
-16.7	16.27	1730.43	903.938
-16.7	16.27	1729.6	816.419
-16.7	16.27	1728.77	861.462
-16.7	16.27	1727.94	843.2460000000001
-16.7	16.27	1727.11	852.137
-16.7	16.27	1726.28	909.193
-16.7	16.27	1725.45	851.847
-16.7	16.27	1724.62	845.684
-16.7	16.27	1723.79	812.441
-16.7	16.27	1722.96	920.61
-16.7	16.27	1722.13	863.301
-16.7	16.27	1721.3	830.072
-16.7	16.27	1720.46	863.008
-16.7	16.27	1719.63	820.77
-16.7	16.27	1718.8	889.768
-16.7	16.27	1717.97	928.688
-16.7	16.27	1717.14	820.352
-16.7	16.27	1716.3	901.3330000000001
-16.7	16.27	1715.47	904.184
-16.7	16.27	1714.64	916.044
-16.7	16.27	1713.81	900.873
-16.7	16.27	1712.97	900.72
-16.7	16.27	1712.14	876.552
-16.7	16.27	1711.31	939.432
-16.7	16.27	1710.48	870.253
-16.7	16.27	1709.64	891.107
-16.7	16.27	1708.81	947.953
-16.7	16.27	1707.98	896.803
-16.7	16.27	1707.14	899.6489999999999
-16.7	16.27	1706.31	926.4810000000001
-16.7	16.27	1705.47	968.293
-16.7	16.27	1704.64	971.1260000000001
-16.7	16.27	1703.81	914.0219999999999
-16.7	16.27	1702.97	979.784
-16.7	16.27	1702.14	901.7280000000001
-16.7	16.27	1701.3	913.555
-16.7	16.27	1700.47	1039.18
-16.7	16.27	1699.63	970.135
-16.7	16.27	1698.8	937.039
-16.7	16.27	1697.96	900.961
-16.7	16.27	1697.13	933.7280000000001
-16.7	16.27	1696.29	951.5219999999999
-16.7	16.27	1695.46	960.335
-16.7	16.27	1694.62	927.2689999999999
-16.7	16.27	1693.78	852.3439999999999
-16.7	16.27	1692.95	989.747
-16.7	16.27	1692.11	923.806
-16.7	16.27	1691.28	977.453
-16.7	16.27	1690.44	914.525
-16.7	16.27	1689.6	938.275
-16.7	16.27	1688.77	991.8919999999999
-16.7	16.27	1687.93	961.852
-16.7	16.27	1687.09	952.7280000000001
-16.7	16.27	1686.25	946.5939999999999
-16.7	16.27	1685.42	934.49
-16.7	16.27	1684.58	1038.81
-16.7	16.27	1683.74	964.018
-16.7	16.27	1682.9	963.8539999999999
-16.7	16.27	1682.07	963.69
-16.7	16.27	1681.23	1026.17
-16.7	16.27	1680.39	1023.01
-16.7	16.27	1679.55	1007.93
-16.7	16.27	1678.71	1031.61
-16.7	16.27	1677.87	1076.15
-16.7	16.27	1677.04	1034.24
-16.7	16.27	1676.2	959.561
-16.7	16.27	1675.36	1048.78
-16.7	16.27	1674.52	1090.31
-16.7	16.27	1673.68	1039.49
-16.7	16.27	1672.84	1018.47
-16.7	16.27	1672.0	982.563
-16.7	16.27	1671.16	1098.5
-16.7	16.27	1670.32	1107.24
-16.7	16.27	1669.48	1065.39
-16.7	16.27	1668.64	1044.38
-16.7	16.27	1667.8	1082.87
-16.7	16.27	1666.96	1091.61
-16.7	16.27	1666.12	1085.48
-16.7	16.27	1665.28	1132.87
-16.7	16.27	1664.44	1043.49
-16.7	16.27	1663.6	1070.06
-16.7	16.27	1662.75	1162.01
-16.7	16.27	1661.91	1072.67
-16.7	16.27	1661.07	1111.11
-16.7	16.27	1660.23	1217.85
-16.7	16.27	1659.39	1214.67
-16.7	16.27	1658.55	1175.86
-16.7	16.27	1657.7	1181.6
-16.7	16.27	1656.86	1142.81
-16.7	16.27	1656.02	1178.23
-16.7	16.27	1655.18	1290.79
-16.7	16.27	1654.33	1326.17
-16.7	16.27	1653.49	1266.61
-16.7	16.27	1652.65	1278.26
-16.7	16.27	1651.81	1367.0
-16.7	16.27	1650.96	1322.3
-16.7	16.27	1650.12	1375.43
-16.7	16.27	1649.28	1309.99
-16.7	16.27	1648.43	1472.75
-16.7	16.27	1647.59	1448.79
-16.7	16.27	1646.74	1392.26
-16.7	16.27	1645.9	1406.83
-16.7	16.27	1645.06	1480.62
-16.7	16.27	1644.21	1521.82
-16.7	16.27	1643.37	1503.8
-16.7	16.27	1642.52	1577.54
-16.7	16.27	1641.68	1526.96
-16.7	16.27	1640.83	1565.16
-16.7	16.27	1639.99	1665.47
-16.7	16.27	1639.14	1526.18
-16.7	16.27	1638.3	1661.95
-16.7	16.27	1637.45	1717.84
-16.7	16.27	1636.61	1708.68
-16.7	16.27	1635.76	1737.94
-16.7	16.27	1634.91	1660.81
-16.7	16.27	1634.07	1769.85
-16.7	16.27	1633.22	1793.18
-16.7	16.27	1632.38	1846.04
-16.7	16.27	1631.53	1760.08
-16.7	16.27	1630.68	1845.41
-16.7	16.27	1629.84	1892.33
-16.7	16.27	1628.99	1909.71
-16.7	16.27	1628.14	1873.97
-16.7	16.27	1627.29	1864.8
-16.7	16.27	1626.45	1938.24
-16.7	16.27	1625.6	1985.1
-16.7	16.27	1624.75	1831.4
-16.7	16.27	1623.9	1966.73
-16.7	16.27	1623.06	2040.09
-16.7	16.27	1622.21	1980.79
-16.7	16.27	1621.36	1986.35
-16.7	16.27	1620.51	1897.61
-16.7	16.27	1619.66	1882.55
-16.7	16.27	1618.81	2000.06
-16.7	16.27	1617.96	2082.18
-16.7	16.27	1617.12	1972.87
-16.7	16.27	1616.27	2043.19
-16.7	16.27	1615.42	1933.93
-16.7	16.27	1614.57	1980.69
-16.7	16.27	1613.72	1977.4
-16.7	16.27	1612.87	1874.09
-16.7	16.27	1612.02	1885.54
-16.7	16.27	1611.17	1920.51
-16.7	16.27	1610.32	1917.24
-16.7	16.27	1609.47	1875.75
-16.7	16.27	1608.62	1910.7
-16.7	16.27	1607.77	1883.92
-16.7	16.27	1606.92	1860.09
-16.7	16.27	1606.06	1771.63
-16.7	16.27	1605.21	1750.77
-16.7	16.27	1604.36	1762.22
-16.7	16.27	1603.51	1805.96
-16.7	16.27	1602.66	1761.61
-16.7	16.27	1601.81	1605.73
-16.7	16.27	1600.96	1596.65
-16.7	16.27	1600.1	1781.25
-16.7	16.27	1599.25	1692.92
-16.7	16.27	1598.4	1721.97
-16.7	16.27	1597.55	1616.08
-16.7	16.27	1596.69	1651.0
-16.7	16.27	1595.84	1680.03
-16.7	16.27	1594.99	1717.85
-16.7	16.27	1594.14	1658.94
-16.7	16.27	1593.28	1682.1
-16.7	16.27	1592.43	1711.11
-16.7	16.27	1591.58	1710.82
-16.7	16.27	1590.72	1569.93
-16.7	16.27	1589.87	1666.3
-16.7	16.27	1589.02	1704.08
-16.7	16.27	1588.16	1794.54
-16.7	16.27	1587.31	1688.86
-16.7	16.27	1586.45	1758.81
-16.7	16.27	1585.6	1732.17
-16.7	16.27	1584.74	1831.34
-16.7	16.27	1583.89	1793.0
-16.7	16.27	1583.03	1634.77
-16.7	16.27	1582.18	1842.09
-16.7	16.27	1581.32	1736.53
-16.7	16.27	1580.47	1809.31
-16.7	16.27	1579.61	1820.69
-16.7	16.27	1578.76	1750.25
-16.7	16.27	1577.9	1910.63
-16.7	16.27	1577.05	1954.11
-16.7	16.27	1576.19	1907.05
-16.7	16.27	1575.33	1880.44
-16.7	16.27	1574.48	1801.3
-16.7	16.27	1573.62	1967.37
-16.7	16.27	1572.76	1932.01
-16.7	16.27	1571.91	1949.18
-16.7	16.27	1571.05	2112.22
-16.7	16.27	1570.19	2155.61
-16.7	16.27	1569.34	2161.08
-16.7	16.27	1568.48	2172.37
-16.7	16.27	1567.62	2069.96
-16.7	16.27	1566.76	2066.69
-16.7	16.27	1565.91	2223.71
-16.7	16.27	1565.05	2048.49
-16.7	16.27	1564.19	2091.84
-16.7	16.27	1563.33	2103.13
-16.7	16.27	1562.47	2175.58
-16.7	16.27	1561.62	2105.32
-16.7	16.27	1560.76	2067.11
-16.7	16.27	1559.9	2101.69
-16.7	16.27	1559.04	2124.61
-16.7	16.27	1558.18	2138.79
-16.7	16.27	1557.32	2167.52
-16.7	16.27	1556.46	2143.88
-16.7	16.27	1555.6	2126.06
-16.7	16.27	1554.74	2271.09
-16.7	16.27	1553.88	2198.01
-16.7	16.27	1553.02	2122.05
-16.7	16.27	1552.16	2269.91
-16.7	16.27	1551.3	2356.7
-16.7	16.27	1550.44	2324.34
-16.7	16.27	1549.58	2199.03
-16.7	16.27	1548.72	2245.12
-16.7	16.27	1547.86	2384.12
-16.7	16.27	1547.0	2470.81
-16.7	16.27	1546.14	2325.24
-16.7	16.27	1545.28	2249.38
-16.7	16.27	1544.41	2420.2
-16.7	16.27	1543.55	2315.34
-16.7	16.27	1542.69	2317.84
-16.7	16.27	1541.83	2262.33
-16.7	16.27	1540.97	2163.34
-16.7	16.27	1540.1	2203.56
-16.7	16.27	1539.24	2206.08
-16.7	16.27	1538.38	2072.37
-16.7	16.27	1537.52	2109.69
-16.7	16.27	1536.65	2135.4
-16.7	16.27	1535.79	2129.24
-16.7	16.27	1534.93	2007.23
-16.7	16.27	1534.06	1908.42
-16.7	16.27	1533.2	2006.53
-16.7	16.27	1532.34	1980.13
-16.7	16.27	1531.47	1939.27
-16.7	16.27	1530.61	1930.25
-16.7	16.27	1529.75	1872.05
-16.7	16.27	1528.88	2036.63
-16.7	16.27	1528.02	1932.15
-16.7	16.27	1527.15	1847.95
-16.7	16.27	1526.29	1836.07
-16.7	16.27	1525.42	1827.08
-16.7	16.27	1524.56	1849.88
-16.7	16.27	1523.69	1728.19
-16.7	16.27	1522.83	1774.12
-16.7	16.27	1521.96	1736.26
-16.7	16.27	1521.1	1787.95
-16.7	16.27	1520.23	1614.37
-16.7	16.27	1519.37	1640.07
-16.7	16.27	1518.5	1665.77
-16.7	16.27	1517.63	1668.37
-16.7	16.27	1516.77	1636.34
-16.7	16.27	1515.9	1569.69
-16.7	16.27	1515.03	1658.86
-16.7	16.27	1514.17	1655.68
-16.7	16.27	1513.3	1666.93
-16.7	16.27	1512.43	1534.01
-16.7	16.27	1511.57	1484.73
-16.7	16.27	1510.7	1611.3
-16.7	16.27	1509.83	1541.86
-16.7	16.27	1508.96	1544.47
-16.7	16.27	1508.1	1489.47
-16.7	16.27	1507.23	1520.9
-16.7	16.27	1506.36	1569.59
-16.7	16.27	1505.49	1508.85
-16.7	16.27	1504.62	1566.17
-16.7	16.27	1503.76	1620.59
-16.7	16.27	1502.89	1568.51
-16.7	16.27	1502.02	1573.99
-16.7	16.27	1501.15	1553.58
-16.7	16.27	1500.28	1513.04
-16.7	16.27	1499.41	1564.55
-16.7	16.27	1498.54	1593.04
-16.7	16.27	1497.67	1506.51
-16.7	16.27	1496.8	1468.88
-16.7	16.27	1495.93	1597.96
-16.7	16.27	1495.06	1623.54
-16.7	16.27	1494.19	1571.55
-16.7	16.27	1493.32	1479.36
-16.7	16.27	1492.45	1510.69
-16.7	16.27	1491.58	1493.2
-16.7	16.27	1490.71	1513.04
-16.7	16.27	1489.84	1570.19
-16.7	16.27	1488.97	1495.3
-16.7	16.27	1488.1	1589.74
-16.7	16.27	1487.23	1555.03
-16.7	16.27	1486.35	1609.27
-16.7	16.27	1485.48	1554.49
-16.7	16.27	1484.61	1614.44
-16.7	16.27	1483.74	1777.59
-16.7	16.27	1482.87	1697.02
-16.7	16.27	1481.99	1768.38
-16.7	16.27	1481.12	1845.44
-16.7	16.27	1480.25	1879.5
-16.7	16.27	1479.38	1953.66
-16.7	16.27	1478.5	1824.43
-16.7	16.27	1477.63	1941.53
-16.7	16.27	1476.76	2041.4
-16.7	16.27	1475.88	2092.57
-16.7	16.27	1475.01	1992.04
-16.7	16.27	1474.14	1997.41
-16.7	16.27	1473.26	2002.79
-16.7	16.27	1472.39	2079.68
-16.7	16.27	1471.51	2004.96
-16.7	16.27	1470.64	2016.05
-16.7	16.27	1469.77	1967.09
-16.7	16.27	1468.89	1975.33
-16.7	16.27	1468.02	1923.54
-16.7	16.27	1467.14	1846.05
-16.7	16.27	1466.27	1837.16
-16.7	16.27	1465.39	1896.83
-16.7	16.27	1464.52	1887.94
-16.7	16.27	1463.64	1833.35
-16.7	16.27	1462.77	1935.82
-16.7	16.27	1461.89	1966.89
-16.7	16.27	1461.01	1895.19
-16.7	16.27	1460.14	2017.57
-16.7	16.27	1459.26	2040.05
-16.7	16.27	1458.39	2082.48
-16.7	16.27	1457.51	2176.25
-16.7	16.27	1456.63	2053.25
-16.7	16.27	1455.76	2050.04
-16.7	16.27	1454.88	2166.56
-16.7	16.27	1454.0	2188.99
-16.7	16.27	1453.12	2174.36
-16.7	16.27	1452.25	2034.37
-16.7	16.27	1451.37	2085.3
-16.7	16.27	1450.49	2013.73
-16.7	16.27	1449.61	1910.86
-16.7	16.27	1448.74	1816.57
-16.7	16.27	1447.86	1796.32
-16.7	16.27	1446.98	1838.71
-16.7	16.27	1446.1	1733.09
-16.7	16.27	1445.22	1630.36
-16.7	16.27	1444.34	1715.42
-16.7	16.27	1443.46	1604.2
-16.7	16.27	1442.58	1646.58
-16.7	16.27	1441.71	1583.74
-16.7	16.27	1440.83	1600.52
-16.7	16.27	1439.95	1571.82
-16.7	16.27	1439.07	1506.18
-16.7	16.27	1438.19	1457.62
-16.7	16.27	1437.31	1437.48
-16.7	16.27	1436.43	1508.24
-16.7	16.27	1435.55	1539.22
-16.7	16.27	1434.67	1564.5
-16.7	16.27	1433.79	1513.13
-16.7	16.27	1432.9	1515.71
-16.7	16.27	1432.02	1614.77
-16.7	16.27	1431.14	1557.74
-16.7	16.27	1430.26	1560.31
-16.7	16.27	1429.38	1511.82
-16.7	16.27	1428.5	1616.48
-16.7	16.27	1427.62	1533.98
-16.7	16.27	1426.74	1488.35
-16.7	16.27	1425.85	1595.8
-16.7	16.27	1424.97	1643.7
-16.7	16.27	1424.09	1680.25
-16.7	16.27	1423.21	1614.8
-16.7	16.27	1422.32	1634.35
-16.7	16.27	1421.44	1693.54
-16.7	16.27	1420.56	1764.03
-16.7	16.27	1419.67	1701.44
-16.7	16.27	1418.79	1675.67
-16.7	16.27	1417.91	1737.64
-16.7	16.27	1417.02	1759.97
-16.7	16.27	1416.14	1762.5
-16.7	16.27	1415.26	1711.28
-16.7	16.27	1414.37	1671.39
-16.7	16.27	1413.49	1792.68
-16.7	16.27	1412.6	1823.47
-16.7	16.27	1411.72	1687.47
-16.7	16.27	1410.84	1709.79
-16.7	16.27	1409.95	1717.97
-16.7	16.27	1409.07	1777.0
-16.7	16.27	1408.18	1658.05
-16.7	16.27	1407.3	1643.64
-16.7	16.27	1406.41	1728.07
-16.7	16.27	1405.52	1758.82
-16.7	16.27	1404.64	1761.34
-16.7	16.27	1403.75	1639.68
-16.7	16.27	1402.87	1650.68
-16.7	16.27	1401.98	1780.17
-16.7	16.27	1401.09	1664.21
-16.7	16.27	1400.21	1663.92
-16.7	16.27	1399.32	1626.97
-16.7	16.27	1398.43	1722.54
-16.7	16.27	1397.55	1691.24
-16.7	16.27	1396.66	1696.58
-16.7	16.27	1395.77	1730.1
-16.7	16.27	1394.89	1819.95
-16.7	16.27	1394.0	1805.55
-16.7	16.27	1393.11	1748.91
-16.7	16.27	1392.22	1717.63
-16.7	16.27	1391.34	1897.51
-16.7	16.27	1390.45	1945.03
-16.7	16.27	1389.56	1882.78
-16.7	16.27	1388.67	1865.56
-16.7	16.27	1387.78	2017.16
-16.7	16.27	1386.89	1974.62
-16.7	16.27	1386.0	2069.89
-16.7	16.27	1385.11	1976.74
-16.7	16.27	1384.23	2021.38
-16.7	16.27	1383.34	2119.41
-16.7	16.27	1382.45	2015.05
-16.7	16.27	1381.56	2017.51
-16.7	16.27	1380.67	1946.92
-16.7	16.27	1379.78	1952.2
-16.7	16.27	1378.89	2030.5
-16.7	16.27	1378.0	1900.98
-16.7	16.27	1377.11	1942.76
-16.7	16.27	1376.22	1998.56
-16.7	16.27	1375.32	1989.79
-16.7	16.27	1374.43	1964.19
-16.7	16.27	1373.54	2036.79
-16.7	16.27	1372.65	2140.22
-16.7	16.27	1371.76	2190.33
-16.7	16.27	1370.87	2105.83
-16.7	16.27	1369.98	2161.53
-16.7	16.27	1369.08	2203.2
-16.7	16.27	1368.19	2438.23
-16.7	16.27	1367.3	2238.86
-16.7	16.27	1366.41	2260.88
-16.7	16.27	1365.52	2358.52
-16.7	16.27	1364.62	2344.11
-16.7	16.27	1363.73	2273.69
-16.7	16.27	1362.84	2091.32
-16.7	16.27	1361.94	2186.13
-16.7	16.27	1361.05	2079.4
-16.7	16.27	1360.16	2039.86
-16.7	16.27	1359.26	2017.12
-16.7	16.27	1358.37	1994.39
-16.7	16.27	1357.48	1963.28
-16.7	16.27	1356.58	1937.77
-16.7	16.27	1355.69	1915.07
-16.7	16.27	1354.79	1920.32
-16.7	16.27	1353.9	1981.47
-16.7	16.27	1353.0	1930.83
-16.7	16.27	1352.11	1871.82
-16.7	16.27	1351.21	1863.12
-16.7	16.27	1350.32	2008.02
-16.7	16.27	1349.42	1921.1
-16.7	16.27	1348.53	1937.52
-16.7	16.27	1347.63	1962.3
-16.7	16.27	1346.74	2034.52
-16.7	16.27	1345.84	1967.2
-16.7	16.27	1344.94	1911.06
-16.7	16.27	1344.05	1852.14
-16.7	16.27	1343.15	2024.73
-16.7	16.27	1342.26	2082.93
-16.7	16.27	1341.36	1943.17
-16.7	16.27	1340.46	1870.36
-16.7	16.27	1339.56	1948.07
-16.7	16.27	1338.67	1933.8
-16.7	16.27	1337.77	1880.52
-16.7	16.27	1336.87	1958.19
-16.7	16.27	1335.97	1860.37
-16.7	16.27	1335.08	1846.12
-16.7	16.27	1334.18	1809.61
-16.7	16.27	1333.28	1812.08
-16.7	16.27	1332.38	1892.47
-16.7	16.27	1331.48	1922.74
-16.7	16.27	1330.59	1941.88
-16.7	16.27	1329.69	1872.0
-16.7	16.27	1328.79	1969.01
-16.7	16.27	1327.89	1974.23
-16.7	16.27	1326.99	2010.03
-16.7	16.27	1326.09	1945.74
-16.7	16.27	1325.19	1948.18
-16.7	16.27	1324.29	1933.95
-16.7	16.27	1323.39	1989.17
-16.7	16.27	1322.49	1977.71
-16.7	16.27	1321.59	1944.04
-16.7	16.27	1320.69	1907.6
-16.7	16.27	1319.79	1985.0
-16.7	16.27	1318.89	1795.9
-16.7	16.27	1317.99	1864.97
-16.7	16.27	1317.09	1872.97
-16.7	16.27	1316.19	1833.8
-16.7	16.27	1315.29	1827.93
-16.7	16.27	1314.38	1777.69
-16.7	16.27	1313.48	1802.34
-16.7	16.27	1312.58	1849.15
-16.7	16.27	1311.68	1696.37
-16.7	16.27	1310.78	1740.42
-16.7	16.27	1309.87	1659.76
-16.7	16.27	1308.97	1761.97
-16.7	16.27	1308.07	1717.34
-16.7	16.27	1307.17	1689.35
-16.7	16.27	1306.26	1686.28
-16.7	16.27	1305.36	1658.3
-16.7	16.27	1304.46	1663.55
-16.7	16.27	1303.55	1646.65
-16.7	16.27	1302.65	1715.54
-16.7	16.27	1301.75	1668.21
-16.7	16.27	1300.84	1745.36
-16.7	16.27	1299.94	1642.73
-16.7	16.27	1299.03	1576.08
-16.7	16.27	1298.13	1678.09
-16.7	16.27	1297.23	1702.68
-16.7	16.27	1296.32	1641.58
-16.7	16.27	1295.42	1572.21
-16.7	16.27	1294.51	1536.02
-16.7	16.27	1293.61	1615.86
-16.7	16.27	1292.7	1552.05
-16.7	16.27	1291.8	1549.02
-16.7	16.27	1290.89	1490.77
-16.7	16.27	1289.98	1642.32
-16.7	16.27	1289.08	1490.25
-16.7	16.27	1288.17	1409.97
-16.7	16.27	1287.27	1418.0
-16.7	16.27	1286.36	1494.98
-16.7	16.27	1285.45	1420.26
-16.7	16.27	1284.55	1420.01
-16.7	16.27	1283.64	1466.63
-16.7	16.27	1282.73	1491.18
-16.7	16.27	1281.83	1457.84
-16.7	16.27	1280.92	1347.37
-16.7	16.27	1280.01	1399.48
-16.7	16.27	1279.1	1415.76
-16.7	16.27	1278.2	1343.91
-16.7	16.27	1277.29	1329.91
-16.7	16.27	1276.38	1318.66
-16.7	16.27	1275.47	1392.75
-16.7	16.27	1274.56	1356.72
-16.7	16.27	1273.65	1326.22
-16.7	16.27	1272.75	1317.73
-16.7	16.27	1271.84	1389.02
-16.7	16.27	1270.93	1333.77
-16.7	16.27	1270.02	1262.05
-16.7	16.27	1269.11	1308.56
-16.7	16.27	1268.2	1319.32
-16.7	16.27	1267.29	1335.58
-16.7	16.27	1266.38	1313.37
-16.7	16.27	1265.47	1343.35
-16.7	16.27	1264.56	1414.53
-16.7	16.27	1263.65	1370.34
-16.7	16.27	1262.74	1309.7
-16.7	16.27	1261.83	1334.17
-16.7	16.27	1260.92	1342.17
-16.7	16.27	1260.01	1352.91
-16.7	16.27	1259.1	1267.62
-16.7	16.27	1258.18	1330.49
-16.7	16.27	1257.27	1368.66
-16.7	16.27	1256.36	1327.28
-16.7	16.27	1255.45	1228.34
-16.7	16.27	1254.54	1315.85
-16.7	16.27	1253.62	1260.8
-16.7	16.27	1252.71	1285.24
-16.7	16.27	1251.8	1216.52
-16.7	16.27	1250.89	1213.56
-16.7	16.27	1249.97	1270.87
-16.7	16.27	1249.06	1295.29
-16.7	16.27	1248.15	1325.18
-16.7	16.27	1247.24	1256.51
-16.7	16.27	1246.32	1330.19
-16.7	16.27	1245.41	1403.84
-16.7	16.27	1244.49	1387.17
-16.7	16.27	1243.58	1414.29
-16.7	16.27	1242.67	1414.04
-16.7	16.27	1241.75	1495.83
-16.7	16.27	1240.84	1394.4
-16.7	16.27	1239.92	1372.28
-16.7	16.27	1239.01	1347.44
-16.7	16.27	1238.09	1429.19
-16.7	16.27	1237.18	1423.47
-16.7	16.27	1236.26	1374.05
-16.7	16.27	1235.35	1305.53
-16.7	16.27	1234.43	1381.76
-16.7	16.27	1233.52	1275.03
-16.7	16.27	1232.6	1255.7
-16.7	16.27	1231.69	1266.4
-16.7	16.27	1230.77	1260.71
-16.7	16.27	1229.85	1186.83
-16.7	16.27	1228.94	1151.16
-16.7	16.27	1228.02	1170.04
-16.7	16.27	1227.1	1158.93
-16.7	16.27	1226.19	1199.62
-16.7	16.27	1225.27	1207.59
-16.7	16.27	1224.35	1076.55
-16.7	16.27	1223.43	1228.96
-16.7	16.27	1222.52	1228.75
-16.7	16.27	1221.6	1144.08
-16.7	16.27	1220.68	1233.76
-16.7	16.27	1219.76	1198.14
-16.7	16.27	1218.84	1263.27
-16.7	16.27	1217.93	1298.44
-16.7	16.27	1217.01	1202.95
-16.7	16.27	1216.09	1355.12
-16.7	16.27	1215.17	1379.37
-16.7	16.27	1214.25	1400.89
-16.7	16.27	1213.33	1310.89
-16.7	16.27	1212.41	1424.86
-16.7	16.27	1211.49	1419.17
-16.7	16.27	1210.57	1321.07
-16.7	16.27	1209.65	1312.68
-16.7	16.27	1208.73	1470.05
-16.7	16.27	1207.81	1450.77
-16.7	16.27	1206.89	1298.4
-16.7	16.27	1205.97	1322.62
-16.7	16.27	1205.05	1433.71
-16.7	16.27	1204.13	1395.45
-16.7	16.27	1203.21	1343.63
-16.7	16.27	1202.29	1267.4
-16.7	16.27	1201.37	1250.9
-16.7	16.27	1200.45	1351.06
-16.7	16.27	1199.52	1353.53
-16.7	16.27	1198.6	1261.08
-16.7	16.27	1197.68	1304.25
-16.7	16.27	1196.76	1369.08
-16.7	16.27	1195.84	1344.44
-16.7	16.27	1194.91	1284.58
-16.7	16.27	1193.99	1284.36
-16.7	16.27	1193.07	1300.38
-16.7	16.27	1192.14	1389.54
-16.7	16.27	1191.22	1299.92
-16.7	16.27	1190.3	1340.31
-16.7	16.27	1189.37	1488.97
-16.7	16.27	1188.45	1434.57
-16.7	16.27	1187.53	1474.91
-16.7	16.27	1186.6	1542.3
-16.7	16.27	1185.68	1647.53
-16.7	16.27	1184.76	1625.6
-16.7	16.27	1183.83	1728.08
-16.7	16.27	1182.91	1708.84
-16.7	16.27	1181.98	1724.76
-16.7	16.27	1181.06	1775.81
-16.7	16.27	1180.13	1667.4
-16.7	16.27	1179.21	1742.76
-16.7	16.27	1178.28	1734.35
-16.7	16.27	1177.36	1693.52
-16.7	16.27	1176.43	1633.81
-16.7	16.27	1175.5	1606.52
-16.7	16.27	1174.58	1554.95
-16.7	16.27	1173.65	1651.84
-16.7	16.27	1172.72	1524.71
-16.7	16.27	1171.8	1486.67
-16.7	16.27	1170.87	1505.29
-16.7	16.27	1169.94	1445.68
-16.7	16.27	1169.02	1534.42
-16.7	16.27	1168.09	1488.31
-16.7	16.27	1167.16	1528.48
-16.7	16.27	1166.24	1501.26
-16.7	16.27	1165.31	1495.6
-16.7	16.27	1164.38	1441.45
-16.7	16.27	1163.45	1489.69
-16.7	16.27	1162.52	1449.02
-16.7	16.27	1161.6	1357.21
-16.7	16.27	1160.67	1381.2
-16.7	16.27	1159.74	1362.11
-16.7	16.27	1158.81	1448.0
-16.7	16.27	1157.88	1361.63
-16.7	16.27	1156.95	1374.84
-16.7	16.27	1156.02	1345.01
-16.7	16.27	1155.09	1320.56
-16.7	16.27	1154.16	1325.7
-16.7	16.27	1153.23	1260.94
-16.7	16.27	1152.3	1290.29
-16.7	16.27	1151.37	1241.68
-16.7	16.27	1150.44	1233.4
-16.7	16.27	1149.51	1308.41
-16.7	16.27	1148.58	1171.18
-16.7	16.27	1147.65	1205.89
-16.7	16.27	1146.72	1154.65
-16.7	16.27	1145.79	1124.92
-16.7	16.27	1144.86	1189.14
-16.7	16.27	1143.92	1116.47
-16.7	16.27	1142.99	1124.32
-16.7	16.27	1142.06	1078.51
-16.7	16.27	1141.13	1118.55
-16.7	16.27	1140.2	1086.17
-16.7	16.27	1139.26	1096.71
-16.7	16.27	1138.33	1099.19
-16.7	16.27	1137.4	1115.08
-16.7	16.27	1136.47	1069.32
-16.7	16.27	1135.53	1055.73
-16.7	16.27	1134.6	1093.05
-16.7	16.27	1133.67	1154.47
-16.7	16.27	1132.73	1055.17
-16.7	16.27	1131.8	1052.31
-16.7	16.27	1130.87	1135.11
-16.7	16.27	1129.93	1065.32
-16.7	16.27	1129.0	1091.89
-16.7	16.27	1128.06	1131.83
-16.7	16.27	1127.13	1099.53
-16.7	16.27	1126.19	1085.96
-16.7	16.27	1125.26	1168.67
-16.7	16.27	1124.32	1104.29
-16.7	16.27	1123.39	1112.11
-16.7	16.27	1122.45	1181.41
-16.7	16.27	1121.52	1130.42
-16.7	16.27	1120.58	1146.25
-16.7	16.27	1119.65	1202.15
-16.7	16.27	1118.71	1135.16
-16.7	16.27	1117.78	1175.02
-16.7	16.27	1116.84	1081.36
-16.7	16.27	1115.9	1211.97
-16.7	16.27	1114.97	1185.07
-16.7	16.27	1114.03	1216.88
-16.7	16.27	1113.09	1192.65
-16.7	16.27	1112.15	1179.1
-16.7	16.27	1111.22	1213.56
-16.7	16.27	1110.28	1152.01
-16.7	16.27	1109.34	1127.81
-16.7	16.27	1108.4	1180.93
-16.7	16.27	1107.47	1191.38
-16.7	16.27	1106.53	1156.52
-16.7	16.27	1105.59	1100.37
-16.7	16.27	1104.65	1126.81
-16.7	16.27	1103.71	1198.52
-16.7	16.27	1102.77	1161.02
-16.7	16.27	1101.83	1083.61
-16.7	16.27	1100.9	1240.47
-16.7	16.27	1099.96	1184.36
-16.7	16.27	1099.02	1176.16
-16.7	16.27	1098.08	1181.28
-16.7	16.27	1097.14	1141.16
-16.7	16.27	1096.2	1178.2
-16.7	16.27	1095.26	1108.85
-16.7	16.27	1094.32	1201.7
-16.7	16.27	1093.38	1156.3
-16.7	16.27	1092.44	1156.09
-16.7	16.27	1091.49	1110.72
-16.7	16.27	1090.55	1121.14
-16.7	16.27	1089.61	1131.57
-16.7	16.27	1088.67	1064.97
-16.7	16.27	1087.73	1125.86
-16.7	16.27	1086.79	1032.74
-16.7	16.27	1085.85	1112.18
-16.7	16.27	1084.9	1196.91
-16.7	16.27	1083.96	1093.21
-16.7	16.27	1083.02	1039.96
-16.7	16.27	1082.08	1159.13
-16.7	16.27	1081.13	1108.54
-16.7	16.27	1080.19	1110.99
-16.7	16.27	1079.25	1023.31
-16.7	16.27	1078.31	1102.65
-16.7	16.27	1077.36	1113.05
-16.7	16.27	1076.42	1049.26
-16.7	16.27	1075.48	1059.67
-16.7	16.27	1074.53	1107.16
-16.7	16.27	1073.59	1069.88
-16.7	16.27	1072.64	1051.16
-16.7	16.27	1071.7	908.018
-16.7	16.27	1070.75	1021.67
-16.7	16.27	1069.81	1040.01
-16.7	16.27	1068.86	997.4910000000001
-16.7	16.27	1067.92	978.795
-16.7	16.27	1066.97	1013.0
-16.7	16.27	1066.03	1071.0
-16.7	16.27	1065.08	949.187
-16.7	16.27	1064.14	1015.11
-16.7	16.27	1063.19	1078.36
-16.7	16.27	1062.25	1051.74
-16.7	16.27	1061.3	1027.77
-16.7	16.27	1060.35	956.265
-16.7	16.27	1059.41	964.018
-16.7	16.27	1058.46	1003.46
-16.7	16.27	1057.51	1021.76
-16.7	16.27	1056.57	1021.57
-16.7	16.27	1055.62	1063.62
-16.7	16.27	1054.67	936.7689999999999
-16.7	16.27	1053.72	933.9630000000001
-16.7	16.27	1052.78	997.1039999999999
-16.7	16.27	1051.83	1018.03
-16.7	16.27	1050.88	1025.75
-16.7	16.27	1049.93	1004.48
-16.7	16.27	1048.98	1035.93
-16.7	16.27	1048.03	983.0360000000001
-16.7	16.27	1047.09	982.86
-16.7	16.27	1046.14	956.3389999999999
-16.7	16.27	1045.19	982.5089999999999
-16.7	16.27	1044.24	1035.01
-16.7	16.27	1043.29	1092.75
-16.7	16.27	1042.34	1013.57
-16.7	16.27	1041.39	1023.92
-16.7	16.27	1040.44	1057.95
-16.7	16.27	1039.49	1015.66
-16.7	16.27	1038.54	1018.11
-16.7	16.27	1037.59	994.255
-16.7	16.27	1036.64	1012.49
-16.7	16.27	1035.69	978.1239999999999
-16.7	16.27	1034.74	998.98
-16.7	16.27	1033.79	954.118
-16.7	16.27	1032.83	1019.65
-16.7	16.27	1031.88	938.0110000000001
-16.7	16.27	1030.93	953.605
-16.7	16.27	1029.98	945.555
-16.7	16.27	1029.03	1037.3
-16.7	16.27	1028.07	989.852
-16.7	16.27	1027.12	937.172
-16.7	16.27	1026.17	1013.12
-16.7	16.27	1025.22	1015.56
-16.7	16.27	1024.26	968.153
-16.7	16.27	1023.31	975.85
-16.7	16.27	1022.36	978.298
-16.7	16.27	1021.4	933.543
-16.7	16.27	1020.45	954.3510000000001
-16.7	16.27	1019.5	899.1310000000001
-16.7	16.27	1018.54	993.322
-16.7	16.27	1017.59	980.0419999999999
-16.7	16.27	1016.64	943.187
-16.7	16.27	1015.68	935.159
-16.7	16.27	1014.73	984.753
-16.7	16.27	1013.77	932.206
-16.7	16.27	1012.82	979.164
-16.7	16.27	1011.86	934.4889999999999
-16.7	16.27	1010.91	955.2589999999999
-16.7	16.27	1009.95	923.687
-16.7	16.27	1009.0	928.7539999999999
-16.7	16.27	1008.04	918.125
-16.7	16.27	1007.08	985.957
-16.7	16.27	1006.13	1004.08
-16.7	16.27	1005.17	975.1460000000001
-16.7	16.27	1004.22	946.2189999999999
-16.7	16.27	1003.26	956.503
-16.7	16.27	1002.3	1013.82
-16.7	16.27	1001.34	950.935
-16.7	16.27	1000.39	935.092
-16.7	16.27	999.431	1002.82
-16.7	16.27	998.4730000000001	947.812
-16.7	16.27	997.515	916.315
-16.7	16.27	996.558	913.54
-16.7	16.27	995.6	1017.76
-16.7	16.27	994.6410000000001	923.6489999999999
-16.7	16.27	993.683	975.6569999999999
-16.7	16.27	992.725	949.4
-16.7	16.27	991.7660000000001	975.307
-16.7	16.27	990.807	993.383
-16.7	16.27	989.8480000000001	959.316
-16.7	16.27	988.8889999999999	993.0260000000001
-16.7	16.27	987.93	1065.81
-16.7	16.27	986.97	987.459
-16.7	16.27	986.01	974.257
-16.7	16.27	985.05	1026.17
-16.7	16.27	984.09	976.5110000000001
-16.7	16.27	983.13	989.3530000000001
-16.7	16.27	982.17	955.335
-16.7	16.27	981.209	1074.88
-16.7	16.27	980.248	1017.44
-16.7	16.27	979.288	960.0239999999999
-16.7	16.27	978.326	1063.9
-16.7	16.27	977.365	1037.7
-16.7	16.27	976.404	1073.92
-16.7	16.27	975.442	1006.13
-16.7	16.27	974.48	1104.72
-16.7	16.27	973.518	1094.13
-16.7	16.27	972.556	1044.56
-16.7	16.27	971.5939999999999	1052.17
-16.7	16.27	970.632	1018.21
-16.7	16.27	969.669	1114.12
-16.7	16.27	968.706	1049.01
-16.7	16.27	967.743	1069.59
-16.7	16.27	966.78	1007.1
-16.7	16.27	965.817	1027.68
-16.7	16.27	964.8530000000001	1006.74
-16.7	16.27	963.8889999999999	1029.9
-16.7	16.27	962.926	957.0930000000001
-16.7	16.27	961.961	1058.06
-16.7	16.27	960.997	959.342
-16.7	16.27	960.033	982.5
-16.7	16.27	959.068	966.7719999999999
-16.7	16.27	958.1039999999999	966.5980000000001
-16.7	16.27	957.1389999999999	1020.83
-16.7	16.27	956.174	968.841
-16.7	16.27	955.2080000000001	945.3560000000001
-16.7	16.27	954.243	999.566
-16.7	16.27	953.2769999999999	1012.33
-16.7	16.27	952.312	924.137
-16.7	16.27	951.346	988.674
-16.7	16.27	950.38	1004.02
-16.7	16.27	949.413	954.684
-16.7	16.27	948.447	923.471
-16.7	16.27	947.48	967.2719999999999
-16.7	16.27	946.513	980.0269999999999
-16.7	16.27	945.546	922.972
-16.7	16.27	944.579	930.561
-16.7	16.27	943.612	976.9119999999999
-16.7	16.27	942.6439999999999	953.4810000000001
-16.7	16.27	941.677	966.2260000000001
-16.7	16.27	940.709	937.6389999999999
-16.7	16.27	939.7410000000001	989.1210000000001
-16.7	16.27	938.773	1012.18
-16.7	16.27	937.804	931.9689999999999
-16.7	16.27	936.836	996.33
-16.7	16.27	935.867	975.505
-16.7	16.27	934.898	946.946
-16.7	16.27	933.929	998.3710000000001
-16.7	16.27	932.96	954.3430000000001
-16.7	16.27	931.99	1039.27
-16.7	16.27	931.0210000000001	961.7339999999999
-16.7	16.27	930.051	1015.7
-16.7	16.27	929.081	1038.71
-16.7	16.27	928.1110000000001	1017.91
-16.7	16.27	927.1410000000001	1007.42
-16.7	16.27	926.17	1004.66
-16.7	16.27	925.199	1012.2
-16.7	16.27	924.2289999999999	1060.95
-16.7	16.27	923.258	988.668
-16.7	16.27	922.2860000000001	1055.42
-16.7	16.27	921.315	1057.8
-16.7	16.27	920.3439999999999	1008.72
-16.7	16.27	919.372	977.663
-16.7	16.27	918.4	982.6310000000001
-16.7	16.27	917.428	1085.33
-16.7	16.27	916.456	1025.99
-16.7	16.27	915.4830000000001	984.67
-16.7	16.27	914.5110000000001	1092.45
-16.7	16.27	913.538	1025.43
-16.7	16.27	912.565	945.5939999999999
-16.7	16.27	911.592	1032.77
-16.7	16.27	910.6189999999999	960.664
-16.7	16.27	909.645	952.7860000000001
-16.7	16.27	908.671	1045.05
-16.7	16.27	907.698	947.307
-16.7	16.27	906.7239999999999	1026.71
-16.7	16.27	905.75	1016.25
-16.7	16.27	904.775	969.8860000000001
-16.7	16.27	903.801	1049.24
-16.7	16.27	902.826	1056.74
-16.7	16.27	901.8510000000001	1025.78
-16.7	16.27	900.8760000000001	992.2610000000001
-16.7	16.27	899.9010000000001	1051.04
-16.7	16.27	898.925	1002.15
-16.7	16.27	897.95	1001.97
-16.7	16.27	896.9739999999999	1009.48
-16.7	16.27	895.998	1042.6
-16.7	16.27	895.0219999999999	1050.09
-16.7	16.27	894.046	1078.07
-16.7	16.27	893.069	1029.23
-16.7	16.27	892.0930000000001	1070.0
-16.7	16.27	891.1160000000001	1067.25
-16.7	16.27	890.1389999999999	977.495
-16.7	16.27	889.1619999999999	984.993
-16.7	16.27	888.184	1005.28
-16.7	16.27	887.207	1025.56
-16.7	16.27	886.2289999999999	1015.14
-16.7	16.27	885.2510000000001	974.054
-16.7	16.27	884.273	1042.89
-16.7	16.27	883.295	966.035
-16.7	16.27	882.317	958.194
-16.7	16.27	881.3380000000001	1037.22
-16.7	16.27	880.3589999999999	1067.68
-16.7	16.27	879.38	967.8889999999999
-16.7	16.27	878.4010000000001	1013.67
-16.7	16.27	877.422	985.409
-16.7	16.27	876.442	1051.59
-16.7	16.27	875.4630000000001	1008.02
-16.7	16.27	874.4830000000001	959.3589999999999
-16.7	16.27	873.503	1033.16
-16.7	16.27	872.523	999.82
-16.7	16.27	871.5419999999999	966.488
-16.7	16.27	870.562	971.4119999999999
-16.7	16.27	869.581	1014.57
-16.7	16.27	868.6	983.804
-16.7	16.27	867.6189999999999	1042.24
-16.7	16.27	866.638	993.638
-16.7	16.27	865.6569999999999	990.9110000000001
-16.7	16.27	864.675	1039.12
-16.7	16.27	863.693	1003.28
-16.7	16.27	862.711	992.918
-16.7	16.27	861.7289999999999	1084.38
-16.7	16.27	860.747	1002.74
-16.7	16.27	859.7639999999999	1015.28
-16.7	16.27	858.7819999999999	999.831
-16.7	16.27	857.799	1093.76
-16.7	16.27	856.816	981.666
-16.7	16.27	855.8330000000001	1118.79
-16.7	16.27	854.8489999999999	966.056
-16.7	16.27	853.8660000000001	1115.85
-16.7	16.27	852.882	1120.73
-16.7	16.27	851.898	1074.79
-16.7	16.27	850.914	1097.46
-16.7	16.27	849.93	1120.12
-16.7	16.27	848.945	1081.82
-16.7	16.27	847.961	992.7589999999999
-16.7	16.27	846.9760000000001	1091.58
-16.7	16.27	845.9910000000001	1088.85
-16.7	16.27	845.0060000000001	1065.81
-16.7	16.27	844.02	1085.91
-16.7	16.27	843.035	1106.01
-16.7	16.27	842.049	1080.45
-16.7	16.27	841.063	1080.25
-16.7	16.27	840.077	1062.31
-16.7	16.27	839.091	1107.74
-16.7	16.27	838.1039999999999	1079.66
-16.7	16.27	837.118	1084.54
-16.7	16.27	836.1310000000001	1112.21
-16.7	16.27	835.1439999999999	1071.48
-16.7	16.27	834.1569999999999	1121.93
-16.7	16.27	833.17	1040.7
-16.7	16.27	832.182	1070.89
-16.7	16.27	831.195	1103.6
-16.7	16.27	830.207	1093.28
-16.7	16.27	829.2189999999999	1050.07
-16.7	16.27	828.23	1178.9
-16.7	16.27	827.242	1128.09
-16.7	16.27	826.253	1089.96
-16.7	16.27	825.265	1107.46
-16.7	16.27	824.2760000000001	1175.51
-16.7	16.27	823.2869999999999	1182.88
-16.7	16.27	822.297	1046.2
-16.7	16.27	821.308	1111.71
-16.7	16.27	820.318	1222.65
-16.7	16.27	819.328	1184.55
-16.7	16.27	818.3380000000001	1143.93
-16.7	16.27	817.3480000000001	1216.94
-16.7	16.27	816.3580000000001	1204.09
-16.7	16.27	815.367	1203.88
-16.7	16.27	814.377	1085.06
-16.7	16.27	813.3860000000001	1180.73
-16.7	16.27	812.395	1107.36
-16.7	16.27	811.403	1157.6
-16.7	16.27	810.4119999999999	1081.75
-16.7	16.27	809.42	1182.39
-16.7	16.27	808.428	1099.0
-16.7	16.27	807.436	1055.95
-16.7	16.27	806.444	1055.76
-16.7	16.27	805.452	1110.99
-16.7	16.27	804.459	1080.56
-16.7	16.27	803.467	1108.07
-16.7	16.27	802.4739999999999	1143.12
-16.7	16.27	801.4810000000001	1085.01
-16.7	16.27	800.487	1135.15
-16.7	16.27	799.4939999999999	1124.88
-16.7	16.27	798.5	1074.35
-16.7	16.27	797.507	1054.03
-16.7	16.27	796.513	1021.14
-16.7	16.27	795.518	1093.88
-16.7	16.27	794.5239999999999	1086.14
-16.7	16.27	793.529	1023.1
-16.7	16.27	792.535	977.674
-16.7	16.27	791.54	974.9830000000001
-16.7	16.27	790.545	1035.1
-16.7	16.27	789.55	926.9010000000001
-16.7	16.27	788.554	1012.12
-16.7	16.27	787.559	1014.45
-16.7	16.27	786.563	966.563
-16.7	16.27	785.567	1006.55
-16.7	16.27	784.571	1016.4
-16.7	16.27	783.574	1083.97
-16.7	16.27	782.578	1031.08
-16.7	16.27	781.581	970.698
-16.7	16.27	780.584	1023.19
-16.7	16.27	779.587	1078.16
-16.7	16.27	778.59	1030.33
-16.7	16.27	777.592	1057.72
-16.7	16.27	776.595	1085.09
-16.7	16.27	775.597	1042.3
-16.7	16.27	774.5989999999999	1017.06
-16.7	16.27	773.6010000000001	1066.96
-16.7	16.27	772.602	1019.19
-16.7	16.27	771.6039999999999	1041.54
-16.7	16.27	770.605	1056.37
-16.7	16.27	769.6060000000001	1026.14
-16.7	16.27	768.607	1116.04
-16.7	16.27	767.6080000000001	1095.82
-16.7	16.27	766.6089999999999	1053.09
-16.7	16.27	765.6089999999999	1100.42
-16.7	16.27	764.6089999999999	1160.23
-16.7	16.27	763.6089999999999	1162.52
-16.7	16.27	762.6089999999999	1172.3
-16.7	16.27	761.6089999999999	1167.09
-16.7	16.27	760.6080000000001	1171.88
-16.7	16.27	759.607	1169.16
-16.7	16.27	758.607	1213.91
-16.7	16.27	757.605	1213.69
-16.7	16.27	756.6039999999999	1280.88
-16.7	16.27	755.6030000000001	1145.84
-16.7	16.27	754.6010000000001	1138.14
-16.7	16.27	753.5989999999999	1142.93
-16.7	16.27	752.597	1117.77
-16.7	16.27	751.595	1125.05
-16.7	16.27	750.5930000000001	1132.32
-16.7	16.27	749.59	1164.54
-16.7	16.27	748.587	1169.31
-16.7	16.27	747.585	1074.37
-16.7	16.27	746.581	1059.22
-16.7	16.27	745.578	1158.7
-16.7	16.27	744.575	1058.83
-16.7	16.27	743.571	1066.11
-16.7	16.27	742.567	1045.99
-16.7	16.27	741.563	1045.8
-16.7	16.27	740.559	1008.27
-16.7	16.27	739.555	1080.27
-16.7	16.27	738.55	1095.0
-16.7	16.27	737.545	1079.87
-16.7	16.27	736.54	1014.99
-16.7	16.27	735.535	1114.3
-16.7	16.27	734.53	1106.63
-16.7	16.27	733.525	1039.3
-16.7	16.27	732.5189999999999	991.877
-16.7	16.27	731.513	1051.35
-16.7	16.27	730.507	1073.52
-16.7	16.27	729.5010000000001	981.395
-16.7	16.27	728.4939999999999	1033.38
-16.7	16.27	727.488	1015.81
-16.7	16.27	726.4810000000001	1000.72
-16.7	16.27	725.4739999999999	945.918
-16.7	16.27	724.467	1032.62
-16.7	16.27	723.46	1020.03
-16.7	16.27	722.452	1029.76
-16.7	16.27	721.444	977.477
-16.7	16.27	720.436	1009.54
-16.7	16.27	719.428	999.439
-16.7	16.27	718.42	937.2669999999999
-16.7	16.27	717.4119999999999	954.449
-16.7	16.27	716.403	1003.85
-16.7	16.27	715.3939999999999	988.794
-16.7	16.27	714.385	981.179
-16.7	16.27	713.3760000000001	998.341
-16.7	16.27	712.367	1008.06
-16.7	16.27	711.357	1017.79
-16.7	16.27	710.347	1000.27
-16.7	16.27	709.3380000000001	992.658
-16.7	16.27	708.327	997.426
-16.7	16.27	707.317	967.548
-16.7	16.27	706.307	957.4739999999999
-16.7	16.27	705.296	1004.3
-16.7	16.27	704.285	1028.85
-16.7	16.27	703.2739999999999	1038.55
-16.7	16.27	702.263	1030.94
-16.7	16.27	701.252	1104.91
-16.7	16.27	700.24	1141.77
-16.7	16.27	699.2280000000001	1077.32
-16.7	16.27	698.216	1146.3
-16.7	16.27	697.204	1220.19
-16.7	16.27	696.192	1163.16
-16.7	16.27	695.179	1301.22
-16.7	16.27	694.1669999999999	1244.2
-16.7	16.27	693.154	1325.42
-16.7	16.27	692.1410000000001	1221.53
-16.7	16.27	691.127	1184.3
-16.7	16.27	690.1139999999999	1184.08
-16.7	16.27	689.1	1114.81
-16.7	16.27	688.086	1075.15
-16.7	16.27	687.072	1084.81
-16.7	16.27	686.058	1148.7
-16.7	16.27	685.044	1067.16
-16.7	16.27	684.029	1081.75
-16.7	16.27	683.015	1056.91
-16.7	16.27	682.0	1076.43
-16.7	16.27	680.985	1051.6
-16.7	16.27	679.9689999999999	1078.49
-16.7	16.27	678.954	1075.83
-16.7	16.27	677.938	1031.33
-16.7	16.27	676.922	1023.76
-16.7	16.27	675.9060000000001	1060.48
-16.7	16.27	674.89	1062.74
-16.7	16.27	673.8739999999999	1008.44
-16.7	16.27	672.857	981.2
-16.7	16.27	671.84	1128.54
-16.7	16.27	670.823	1071.79
-16.7	16.27	669.806	1051.93
-16.7	16.27	668.789	1110.72
-16.7	16.27	667.7710000000001	1117.88
-16.7	16.27	666.753	1039.07
-16.7	16.27	665.735	999.585
-16.7	16.27	664.717	1073.07
-16.7	16.27	663.699	1114.61
-16.7	16.27	662.68	1057.94
-16.7	16.27	661.6619999999999	1077.38
-16.7	16.27	660.643	1084.55
-16.7	16.27	659.6239999999999	1106.43
-16.7	16.27	658.605	1096.41
-16.7	16.27	657.585	1049.61
-16.7	16.27	656.566	1091.1
-16.7	16.27	655.546	1095.81
-16.7	16.27	654.526	1026.98
-16.7	16.27	653.506	1078.25
-16.7	16.27	652.485	1158.9
-16.7	16.27	651.465	1046.01
-16.7	16.27	650.444	1072.76
-16.7	16.27	649.423	1165.61
-16.7	16.27	648.4019999999999	1143.36
-16.7	16.27	647.381	1138.25
-16.7	16.27	646.359	1191.89
-16.7	16.27	645.3380000000001	1279.76
-16.7	16.27	644.316	1171.88
-16.7	16.27	643.294	1188.78
-16.7	16.27	642.271	1186.12
-16.7	16.27	641.249	1188.35
-16.7	16.27	640.226	1056.11
-16.7	16.27	639.2040000000001	1141.47
-16.7	16.27	638.181	1163.25
-16.7	16.27	637.1569999999999	1150.82
-16.7	16.27	636.134	1082.21
-16.7	16.27	635.11	1103.99
-16.7	16.27	634.087	1069.6
-16.7	16.27	633.063	1013.24
-16.7	16.27	632.039	1049.67
-16.7	16.27	631.014	1086.09
-16.7	16.27	629.99	1020.0
-16.7	16.27	628.965	1007.62
-16.7	16.27	627.94	1065.97
-16.7	16.27	626.915	1048.71
-16.7	16.27	625.89	987.553
-16.7	16.27	624.864	960.553
-16.7	16.27	623.839	1004.25
-16.7	16.27	622.813	1021.13
-16.7	16.27	621.7869999999999	986.824
-16.7	16.27	620.761	993.951
-16.7	16.27	619.734	1071.71
-16.7	16.27	618.7080000000001	1120.22
-16.7	16.27	617.681	1068.88
-16.7	16.27	616.654	1146.58
-16.7	16.27	615.627	1236.42
-16.7	16.27	614.599	1141.29
-16.7	16.27	613.572	1051.06
-16.7	16.27	612.544	1106.81
-16.7	16.27	611.516	1138.23
-16.7	16.27	610.488	992.117
-16.7	16.27	609.46	979.778
-16.7	16.27	608.431	1069.54
-16.7	16.27	607.403	976.9860000000001
-16.7	16.27	606.374	954.936
-16.7	16.27	605.345	991.201
-16.7	16.27	604.316	1068.74
-16.7	16.27	603.286	985.9780000000001
-16.7	16.27	602.257	1031.93
-16.7	16.27	601.227	1041.45
-16.7	16.27	600.197	1024.27
