-16.7	10.27	1799.64	620.424
-16.7	10.27	1798.82	571.427
-16.7	10.27	1798.0	647.711
-16.7	10.27	1797.18	623.164
-16.7	10.27	1796.37	616.951
-16.7	10.27	1795.55	607.685
-16.7	10.27	1794.73	573.998
-16.7	10.27	1793.91	644.112
-16.7	10.27	1793.09	601.273
-16.7	10.27	1792.27	610.327
-16.7	10.27	1791.45	655.99
-16.7	10.27	1790.63	668.082
-16.7	10.27	1789.81	622.2180000000001
-16.7	10.27	1788.99	634.311
-16.7	10.27	1788.17	612.86
-16.7	10.27	1787.35	594.466
-16.7	10.27	1786.53	569.981
-16.7	10.27	1785.71	563.79
-16.7	10.27	1784.89	621.587
-16.7	10.27	1784.07	621.482
-16.7	10.27	1783.25	581.78
-16.7	10.27	1782.43	673.045
-16.7	10.27	1781.61	675.9760000000001
-16.7	10.27	1780.79	621.062
-16.7	10.27	1779.97	614.869
-16.7	10.27	1779.14	599.549
-16.7	10.27	1778.32	635.962
-16.7	10.27	1777.5	611.515
-16.7	10.27	1776.68	623.5790000000001
-16.7	10.27	1775.86	623.474
-16.7	10.27	1775.03	626.409
-16.7	10.27	1774.21	662.7869999999999
-16.7	10.27	1773.39	617.078
-16.7	10.27	1772.57	613.934
-16.7	10.27	1771.74	622.947
-16.7	10.27	1770.92	671.453
-16.7	10.27	1770.1	589.321
-16.7	10.27	1769.28	610.482
-16.7	10.27	1768.45	640.746
-16.7	10.27	1767.63	652.7819999999999
-16.7	10.27	1766.81	643.564
-16.7	10.27	1765.98	607.033
-16.7	10.27	1765.16	619.069
-16.7	10.27	1764.33	579.521
-16.7	10.27	1763.51	667.398
-16.7	10.27	1762.69	679.4169999999999
-16.7	10.27	1761.86	600.455
-16.7	10.27	1761.04	618.5459999999999
-16.7	10.27	1760.21	694.23
-16.7	10.27	1759.39	645.616
-16.7	10.27	1758.56	639.445
-16.7	10.27	1757.74	657.5169999999999
-16.7	10.27	1756.91	627.111
-16.7	10.27	1756.09	608.83
-16.7	10.27	1755.26	675.3539999999999
-16.7	10.27	1754.44	660.1
-16.7	10.27	1753.61	617.6030000000001
-16.7	10.27	1752.78	626.58
-16.7	10.27	1751.96	635.553
-16.7	10.27	1751.13	614.264
-16.7	10.27	1750.31	596.007
-16.7	10.27	1749.48	556.582
-16.7	10.27	1748.65	632.0980000000001
-16.7	10.27	1747.83	638.038
-16.7	10.27	1747.0	616.7669999999999
-16.7	10.27	1746.17	643.868
-16.7	10.27	1745.34	664.915
-16.7	10.27	1744.52	664.802
-16.7	10.27	1743.69	604.263
-16.7	10.27	1742.86	601.14
-16.7	10.27	1742.03	670.505
-16.7	10.27	1741.21	712.668
-16.7	10.27	1740.38	640.085
-16.7	10.27	1739.55	624.883
-16.7	10.27	1738.72	639.868
-16.7	10.27	1737.89	688.043
-16.7	10.27	1737.07	636.634
-16.7	10.27	1736.24	636.526
-16.7	10.27	1735.41	624.3530000000001
-16.7	10.27	1734.58	663.451
-16.7	10.27	1733.75	708.566
-16.7	10.27	1732.92	624.035
-16.7	10.27	1732.09	626.943
-16.7	10.27	1731.26	666.0139999999999
-16.7	10.27	1730.43	620.7040000000001
-16.7	10.27	1729.6	729.053
-16.7	10.27	1728.77	635.554
-16.7	10.27	1727.94	623.4
-16.7	10.27	1727.11	641.361
-16.7	10.27	1726.28	704.4739999999999
-16.7	10.27	1725.45	644.153
-16.7	10.27	1724.62	638.025
-16.7	10.27	1723.79	680.043
-16.7	10.27	1722.96	682.936
-16.7	10.27	1722.13	646.724
-16.7	10.27	1721.3	676.689
-16.7	10.27	1720.46	700.63
-16.7	10.27	1719.63	730.576
-16.7	10.27	1718.8	748.488
-16.7	10.27	1717.97	703.279
-16.7	10.27	1717.14	640.055
-16.7	10.27	1716.3	709.048
-16.7	10.27	1715.47	681.893
-16.7	10.27	1714.64	705.804
-16.7	10.27	1713.81	687.6669999999999
-16.7	10.27	1712.97	684.548
-16.7	10.27	1712.14	717.452
-16.7	10.27	1711.31	684.315
-16.7	10.27	1710.48	645.187
-16.7	10.27	1709.64	633.076
-16.7	10.27	1708.81	662.967
-16.7	10.27	1707.98	689.8480000000001
-16.7	10.27	1707.14	701.7260000000001
-16.7	10.27	1706.31	674.622
-16.7	10.27	1705.47	623.545
-16.7	10.27	1704.64	671.3960000000001
-16.7	10.27	1703.81	701.2489999999999
-16.7	10.27	1702.97	665.175
-16.7	10.27	1702.14	647.087
-16.7	10.27	1701.3	712.873
-16.7	10.27	1700.47	682.804
-16.7	10.27	1699.63	694.665
-16.7	10.27	1698.8	700.534
-16.7	10.27	1697.96	682.455
-16.7	10.27	1697.13	697.303
-16.7	10.27	1696.29	715.138
-16.7	10.27	1695.46	649.198
-16.7	10.27	1694.62	699.938
-16.7	10.27	1693.78	693.8380000000001
-16.7	10.27	1692.95	765.4839999999999
-16.7	10.27	1692.11	651.746
-16.7	10.27	1691.28	720.3860000000001
-16.7	10.27	1690.44	720.263
-16.7	10.27	1689.6	675.319
-16.7	10.27	1688.77	740.931
-16.7	10.27	1687.93	663.14
-16.7	10.27	1687.09	725.7460000000001
-16.7	10.27	1686.25	713.678
-16.7	10.27	1685.42	728.485
-16.7	10.27	1684.58	728.3610000000001
-16.7	10.27	1683.74	683.4680000000001
-16.7	10.27	1682.9	716.176
-16.7	10.27	1682.07	719.038
-16.7	10.27	1681.23	751.7289999999999
-16.7	10.27	1680.39	671.072
-16.7	10.27	1679.55	709.7239999999999
-16.7	10.27	1678.71	632.0840000000001
-16.7	10.27	1677.87	709.482
-16.7	10.27	1677.04	730.225
-16.7	10.27	1676.2	724.1410000000001
-16.7	10.27	1675.36	715.079
-16.7	10.27	1674.52	774.5369999999999
-16.7	10.27	1673.68	714.835
-16.7	10.27	1672.84	783.207
-16.7	10.27	1672.0	780.096
-16.7	10.27	1671.16	717.446
-16.7	10.27	1670.32	809.5939999999999
-16.7	10.27	1669.48	696.37
-16.7	10.27	1668.64	746.834
-16.7	10.27	1667.8	716.957
-16.7	10.27	1666.96	785.247
-16.7	10.27	1666.12	743.4780000000001
-16.7	10.27	1665.28	746.325
-16.7	10.27	1664.44	778.8989999999999
-16.7	10.27	1663.6	763.904
-16.7	10.27	1662.75	787.549
-16.7	10.27	1661.91	739.873
-16.7	10.27	1661.07	707.067
-16.7	10.27	1660.23	727.7389999999999
-16.7	10.27	1659.39	751.373
-16.7	10.27	1658.55	751.245
-16.7	10.27	1657.7	751.117
-16.7	10.27	1656.86	739.1160000000001
-16.7	10.27	1656.02	789.442
-16.7	10.27	1655.18	750.7330000000001
-16.7	10.27	1654.33	765.438
-16.7	10.27	1653.49	753.443
-16.7	10.27	1652.65	747.382
-16.7	10.27	1651.81	862.9010000000001
-16.7	10.27	1650.96	821.247
-16.7	10.27	1650.12	770.7139999999999
-16.7	10.27	1649.28	803.184
-16.7	10.27	1648.43	853.422
-16.7	10.27	1647.59	844.388
-16.7	10.27	1646.74	799.81
-16.7	10.27	1645.9	829.291
-16.7	10.27	1645.06	772.8860000000001
-16.7	10.27	1644.21	873.419
-16.7	10.27	1643.37	891.0310000000001
-16.7	10.27	1642.52	837.6039999999999
-16.7	10.27	1641.68	849.297
-16.7	10.27	1640.83	911.285
-16.7	10.27	1639.99	922.9630000000001
-16.7	10.27	1639.14	801.539
-16.7	10.27	1638.3	813.2310000000001
-16.7	10.27	1637.45	984.58
-16.7	10.27	1636.61	889.814
-16.7	10.27	1635.76	860.105
-16.7	10.27	1634.91	913.1510000000001
-16.7	10.27	1634.07	983.9069999999999
-16.7	10.27	1633.22	939.426
-16.7	10.27	1632.38	974.71
-16.7	10.27	1631.53	868.2289999999999
-16.7	10.27	1630.68	927.1339999999999
-16.7	10.27	1629.84	1000.78
-16.7	10.27	1628.99	959.285
-16.7	10.27	1628.14	1027.0
-16.7	10.27	1627.29	1000.27
-16.7	10.27	1626.45	1076.8
-16.7	10.27	1625.6	1082.51
-16.7	10.27	1624.75	1041.04
-16.7	10.27	1623.9	1032.02
-16.7	10.27	1623.06	1020.05
-16.7	10.27	1622.21	1037.56
-16.7	10.27	1621.36	1055.06
-16.7	10.27	1620.51	1040.15
-16.7	10.27	1619.66	1039.97
-16.7	10.27	1618.81	1092.81
-16.7	10.27	1617.96	1077.9
-16.7	10.27	1617.12	1039.44
-16.7	10.27	1616.27	1018.65
-16.7	10.27	1615.42	1021.42
-16.7	10.27	1614.57	1144.85
-16.7	10.27	1613.72	1082.86
-16.7	10.27	1612.87	1003.24
-16.7	10.27	1612.02	1026.6
-16.7	10.27	1611.17	1085.25
-16.7	10.27	1610.32	1132.11
-16.7	10.27	1609.47	1052.54
-16.7	10.27	1608.62	1084.69
-16.7	10.27	1607.77	1108.02
-16.7	10.27	1606.92	1084.32
-16.7	10.27	1606.06	1075.32
-16.7	10.27	1605.21	1104.51
-16.7	10.27	1604.36	1086.7
-16.7	10.27	1603.51	1139.37
-16.7	10.27	1602.66	1106.88
-16.7	10.27	1601.81	1053.85
-16.7	10.27	1600.96	1068.34
-16.7	10.27	1600.1	1123.92
-16.7	10.27	1599.25	1232.28
-16.7	10.27	1598.4	1076.6
-16.7	10.27	1597.55	1073.48
-16.7	10.27	1596.69	1129.01
-16.7	10.27	1595.84	1134.68
-16.7	10.27	1594.99	1069.99
-16.7	10.27	1594.14	1046.36
-16.7	10.27	1593.28	1054.98
-16.7	10.27	1592.43	1133.9
-16.7	10.27	1591.58	1121.99
-16.7	10.27	1590.72	1118.87
-16.7	10.27	1589.87	1089.39
-16.7	10.27	1589.02	1095.06
-16.7	10.27	1588.16	1030.47
-16.7	10.27	1587.31	992.243
-16.7	10.27	1586.45	1024.26
-16.7	10.27	1585.6	1076.76
-16.7	10.27	1584.74	1041.46
-16.7	10.27	1583.89	1047.14
-16.7	10.27	1583.03	1087.9
-16.7	10.27	1582.18	997.069
-16.7	10.27	1581.32	1017.36
-16.7	10.27	1580.47	1096.11
-16.7	10.27	1579.61	1069.62
-16.7	10.27	1578.76	1002.23
-16.7	10.27	1577.9	1101.39
-16.7	10.27	1577.05	1054.46
-16.7	10.27	1576.19	957.9060000000001
-16.7	10.27	1575.33	960.6610000000001
-16.7	10.27	1574.48	1053.92
-16.7	10.27	1573.62	1004.12
-16.7	10.27	1572.76	1012.7
-16.7	10.27	1571.91	957.0830000000001
-16.7	10.27	1571.05	956.919
-16.7	10.27	1570.19	1003.43
-16.7	10.27	1569.34	1026.58
-16.7	10.27	1568.48	1014.74
-16.7	10.27	1567.62	1002.91
-16.7	10.27	1566.76	1049.37
-16.7	10.27	1565.91	1002.56
-16.7	10.27	1565.05	914.9739999999999
-16.7	10.27	1564.19	885.682
-16.7	10.27	1563.33	987.482
-16.7	10.27	1562.47	1013.52
-16.7	10.27	1561.62	952.2
-16.7	10.27	1560.76	972.416
-16.7	10.27	1559.9	954.783
-16.7	10.27	1559.04	957.529
-16.7	10.27	1558.18	954.455
-16.7	10.27	1557.32	963.0189999999999
-16.7	10.27	1556.46	968.671
-16.7	10.27	1555.6	1000.5
-16.7	10.27	1554.74	985.785
-16.7	10.27	1553.88	962.3560000000001
-16.7	10.27	1553.02	912.773
-16.7	10.27	1552.16	979.4639999999999
-16.7	10.27	1551.3	1008.35
-16.7	10.27	1550.44	903.586
-16.7	10.27	1549.58	880.191
-16.7	10.27	1548.72	885.8480000000001
-16.7	10.27	1547.86	926.3510000000001
-16.7	10.27	1547.0	885.544
-16.7	10.27	1546.14	955.061
-16.7	10.27	1545.28	891.044
-16.7	10.27	1544.41	1027.28
-16.7	10.27	1543.55	893.638
-16.7	10.27	1542.69	1003.72
-16.7	10.27	1541.83	1015.15
-16.7	10.27	1540.97	951.175
-16.7	10.27	1540.1	968.408
-16.7	10.27	1539.24	997.23
-16.7	10.27	1538.38	875.325
-16.7	10.27	1537.52	941.826
-16.7	10.27	1536.65	982.2280000000001
-16.7	10.27	1535.79	955.9860000000001
-16.7	10.27	1534.93	894.997
-16.7	10.27	1534.06	920.9060000000001
-16.7	10.27	1533.2	969.97
-16.7	10.27	1532.34	990.067
-16.7	10.27	1531.47	955.163
-16.7	10.27	1530.61	868.18
-16.7	10.27	1529.75	960.6210000000001
-16.7	10.27	1528.88	969.1339999999999
-16.7	10.27	1528.02	942.935
-16.7	10.27	1527.15	942.773
-16.7	10.27	1526.29	980.199
-16.7	10.27	1525.42	1023.39
-16.7	10.27	1524.56	1072.36
-16.7	10.27	1523.69	988.362
-16.7	10.27	1522.83	967.965
-16.7	10.27	1521.96	988.0210000000001
-16.7	10.27	1521.1	1022.51
-16.7	10.27	1520.23	950.137
-16.7	10.27	1519.37	877.7860000000001
-16.7	10.27	1518.5	1047.97
-16.7	10.27	1517.63	1085.31
-16.7	10.27	1516.77	1001.43
-16.7	10.27	1515.9	920.4630000000001
-16.7	10.27	1515.03	1001.08
-16.7	10.27	1514.17	1026.87
-16.7	10.27	1513.3	997.8539999999999
-16.7	10.27	1512.43	885.2260000000001
-16.7	10.27	1511.57	913.903
-16.7	10.27	1510.7	1083.81
-16.7	10.27	1509.83	939.525
-16.7	10.27	1508.96	927.837
-16.7	10.27	1508.1	927.677
-16.7	10.27	1507.23	962.0830000000001
-16.7	10.27	1506.36	1097.28
-16.7	10.27	1505.49	961.7510000000001
-16.7	10.27	1504.62	924.158
-16.7	10.27	1503.76	984.446
-16.7	10.27	1502.89	987.154
-16.7	10.27	1502.02	981.2289999999999
-16.7	10.27	1501.15	972.428
-16.7	10.27	1500.28	960.7539999999999
-16.7	10.27	1499.41	972.092
-16.7	10.27	1498.54	980.551
-16.7	10.27	1497.67	876.8810000000001
-16.7	10.27	1496.8	888.2280000000001
-16.7	10.27	1495.93	1017.41
-16.7	10.27	1495.06	1045.96
-16.7	10.27	1494.19	979.704
-16.7	10.27	1493.32	930.702
-16.7	10.27	1492.45	933.413
-16.7	10.27	1491.58	953.352
-16.7	10.27	1490.71	907.2510000000001
-16.7	10.27	1489.84	892.7410000000001
-16.7	10.27	1488.97	924.158
-16.7	10.27	1488.1	1018.69
-16.7	10.27	1487.23	952.529
-16.7	10.27	1486.35	960.97
-16.7	10.27	1485.48	937.8589999999999
-16.7	10.27	1484.61	1012.25
-16.7	10.27	1483.74	971.939
-16.7	10.27	1482.87	920.173
-16.7	10.27	1481.99	983.068
-16.7	10.27	1481.12	896.93
-16.7	10.27	1480.25	968.4019999999999
-16.7	10.27	1479.38	933.8589999999999
-16.7	10.27	1478.5	910.785
-16.7	10.27	1477.63	933.5360000000001
-16.7	10.27	1476.76	982.047
-16.7	10.27	1475.88	924.625
-16.7	10.27	1475.01	950.2239999999999
-16.7	10.27	1474.14	938.613
-16.7	10.27	1473.26	998.535
-16.7	10.27	1472.39	984.058
-16.7	10.27	1471.51	892.3639999999999
-16.7	10.27	1470.64	917.946
-16.7	10.27	1469.77	960.674
-16.7	10.27	1468.89	1003.39
-16.7	10.27	1468.02	871.7389999999999
-16.7	10.27	1467.14	943.029
-16.7	10.27	1466.27	960.0089999999999
-16.7	10.27	1465.39	965.556
-16.7	10.27	1464.52	919.69
-16.7	10.27	1463.64	922.3860000000001
-16.7	10.27	1462.77	927.937
-16.7	10.27	1461.89	964.887
-16.7	10.27	1461.01	967.574
-16.7	10.27	1460.14	961.699
-16.7	10.27	1459.26	975.799
-16.7	10.27	1458.39	952.808
-16.7	10.27	1457.51	964.052
-16.7	10.27	1456.63	932.515
-16.7	10.27	1455.76	898.1389999999999
-16.7	10.27	1454.88	895.133
-16.7	10.27	1454.0	1011.84
-16.7	10.27	1453.12	951.817
-16.7	10.27	1452.25	897.5160000000001
-16.7	10.27	1451.37	917.302
-16.7	10.27	1450.49	965.564
-16.7	10.27	1449.61	1010.96
-16.7	10.27	1448.74	913.9780000000001
-16.7	10.27	1447.86	1007.76
-16.7	10.27	1446.98	962.048
-16.7	10.27	1446.1	978.956
-16.7	10.27	1445.22	930.416
-16.7	10.27	1444.34	1007.06
-16.7	10.27	1443.46	978.446
-16.7	10.27	1442.58	935.6189999999999
-16.7	10.27	1441.71	963.89
-16.7	10.27	1440.83	963.7230000000001
-16.7	10.27	1439.95	1031.77
-16.7	10.27	1439.07	1031.59
-16.7	10.27	1438.19	897.87
-16.7	10.27	1437.31	900.555
-16.7	10.27	1436.43	957.206
-16.7	10.27	1435.55	976.919
-16.7	10.27	1434.67	954.034
-16.7	10.27	1433.79	965.2239999999999
-16.7	10.27	1432.9	911.127
-16.7	10.27	1432.02	953.538
-16.7	10.27	1431.14	1012.96
-16.7	10.27	1430.26	904.9789999999999
-16.7	10.27	1429.38	984.242
-16.7	10.27	1428.5	1023.77
-16.7	10.27	1427.62	1006.58
-16.7	10.27	1426.74	921.36
-16.7	10.27	1425.85	946.71
-16.7	10.27	1424.97	1040.07
-16.7	10.27	1424.09	1020.05
-16.7	10.27	1423.21	1008.54
-16.7	10.27	1422.32	988.539
-16.7	10.27	1421.44	974.2080000000001
-16.7	10.27	1420.56	993.8589999999999
-16.7	10.27	1419.67	948.39
-16.7	10.27	1418.79	953.8860000000001
-16.7	10.27	1417.91	996.171
-16.7	10.27	1417.02	1024.29
-16.7	10.27	1416.14	959.047
-16.7	10.27	1415.26	978.68
-16.7	10.27	1414.37	972.8539999999999
-16.7	10.27	1413.49	981.1669999999999
-16.7	10.27	1412.6	964.034
-16.7	10.27	1411.72	910.1610000000001
-16.7	10.27	1410.84	949.568
-16.7	10.27	1409.95	1014.39
-16.7	10.27	1409.07	1002.92
-16.7	10.27	1408.18	985.793
-16.7	10.27	1407.3	1022.34
-16.7	10.27	1406.41	1064.51
-16.7	10.27	1405.52	1007.86
-16.7	10.27	1404.64	923.0089999999999
-16.7	10.27	1403.75	970.825
-16.7	10.27	1402.87	928.331
-16.7	10.27	1401.98	1038.2
-16.7	10.27	1401.09	944.932
-16.7	10.27	1400.21	1006.81
-16.7	10.27	1399.32	1040.47
-16.7	10.27	1398.43	1074.12
-16.7	10.27	1397.55	995.0110000000001
-16.7	10.27	1396.66	946.928
-16.7	10.27	1395.77	972.123
-16.7	10.27	1394.89	1042.38
-16.7	10.27	1394.0	1036.57
-16.7	10.27	1393.11	1008.23
-16.7	10.27	1392.22	1098.16
-16.7	10.27	1391.34	1112.04
-16.7	10.27	1390.45	959.8480000000001
-16.7	10.27	1389.56	1024.41
-16.7	10.27	1388.67	987.6519999999999
-16.7	10.27	1387.78	1088.76
-16.7	10.27	1386.89	1007.0
-16.7	10.27	1386.0	1077.13
-16.7	10.27	1385.11	1051.64
-16.7	10.27	1384.23	1093.62
-16.7	10.27	1383.34	1093.43
-16.7	10.27	1382.45	1118.54
-16.7	10.27	1381.56	1025.61
-16.7	10.27	1380.67	1092.86
-16.7	10.27	1379.78	1089.86
-16.7	10.27	1378.89	1075.63
-16.7	10.27	1378.0	1058.59
-16.7	10.27	1377.11	1052.8
-16.7	10.27	1376.22	1083.49
-16.7	10.27	1375.32	1038.4
-16.7	10.27	1374.43	1099.95
-16.7	10.27	1373.54	1130.61
-16.7	10.27	1372.65	1133.22
-16.7	10.27	1371.76	1119.0
-16.7	10.27	1370.87	1146.85
-16.7	10.27	1369.98	1127.02
-16.7	10.27	1369.08	1121.22
-16.7	10.27	1368.19	1095.8
-16.7	10.27	1367.3	1104.02
-16.7	10.27	1366.41	1168.26
-16.7	10.27	1365.52	1089.63
-16.7	10.27	1364.62	1221.06
-16.7	10.27	1363.73	1134.05
-16.7	10.27	1362.84	1173.04
-16.7	10.27	1361.94	1170.04
-16.7	10.27	1361.05	1172.63
-16.7	10.27	1360.16	1147.25
-16.7	10.27	1359.26	1216.99
-16.7	10.27	1358.37	1155.24
-16.7	10.27	1357.48	1233.34
-16.7	10.27	1356.58	1140.85
-16.7	10.27	1355.69	1196.57
-16.7	10.27	1354.79	1193.56
-16.7	10.27	1353.9	1210.12
-16.7	10.27	1353.0	1296.53
-16.7	10.27	1352.11	1232.05
-16.7	10.27	1351.21	1270.94
-16.7	10.27	1350.32	1301.44
-16.7	10.27	1349.42	1281.67
-16.7	10.27	1348.53	1256.32
-16.7	10.27	1347.63	1228.18
-16.7	10.27	1346.74	1269.83
-16.7	10.27	1345.84	1241.71
-16.7	10.27	1344.94	1274.97
-16.7	10.27	1344.05	1263.59
-16.7	10.27	1343.15	1182.49
-16.7	10.27	1342.26	1369.1
-16.7	10.27	1341.36	1260.14
-16.7	10.27	1340.46	1368.63
-16.7	10.27	1339.56	1321.01
-16.7	10.27	1338.67	1298.49
-16.7	10.27	1337.77	1287.11
-16.7	10.27	1336.87	1370.45
-16.7	10.27	1335.97	1361.86
-16.7	10.27	1335.08	1434.02
-16.7	10.27	1334.18	1319.62
-16.7	10.27	1333.28	1330.53
-16.7	10.27	1332.38	1416.57
-16.7	10.27	1331.48	1438.58
-16.7	10.27	1330.59	1466.15
-16.7	10.27	1329.69	1349.07
-16.7	10.27	1328.79	1337.71
-16.7	10.27	1327.89	1404.21
-16.7	10.27	1326.99	1412.3
-16.7	10.27	1326.09	1398.15
-16.7	10.27	1325.19	1453.49
-16.7	10.27	1324.29	1400.44
-16.7	10.27	1323.39	1427.98
-16.7	10.27	1322.49	1366.62
-16.7	10.27	1321.59	1363.6
-16.7	10.27	1320.69	1430.01
-16.7	10.27	1319.79	1476.95
-16.7	10.27	1318.89	1368.44
-16.7	10.27	1317.99	1401.5
-16.7	10.27	1317.09	1473.4
-16.7	10.27	1316.19	1453.72
-16.7	10.27	1315.29	1411.86
-16.7	10.27	1314.38	1331.19
-16.7	10.27	1313.48	1350.37
-16.7	10.27	1312.58	1397.26
-16.7	10.27	1311.68	1399.79
-16.7	10.27	1310.78	1377.37
-16.7	10.27	1309.87	1393.75
-16.7	10.27	1308.97	1412.9
-16.7	10.27	1308.07	1376.64
-16.7	10.27	1307.17	1379.17
-16.7	10.27	1306.26	1373.39
-16.7	10.27	1305.36	1398.07
-16.7	10.27	1304.46	1320.32
-16.7	10.27	1303.55	1322.86
-16.7	10.27	1302.65	1339.23
-16.7	10.27	1301.75	1314.09
-16.7	10.27	1300.84	1341.52
-16.7	10.27	1299.94	1194.71
-16.7	10.27	1299.03	1282.99
-16.7	10.27	1298.13	1321.46
-16.7	10.27	1297.23	1299.12
-16.7	10.27	1296.32	1307.18
-16.7	10.27	1295.42	1279.32
-16.7	10.27	1294.51	1312.25
-16.7	10.27	1293.61	1201.53
-16.7	10.27	1292.7	1212.37
-16.7	10.27	1291.8	1206.63
-16.7	10.27	1290.89	1264.4
-16.7	10.27	1289.98	1211.73
-16.7	10.27	1289.08	1233.6
-16.7	10.27	1288.17	1222.34
-16.7	10.27	1287.27	1365.58
-16.7	10.27	1286.36	1202.61
-16.7	10.27	1285.45	1221.7
-16.7	10.27	1284.55	1180.12
-16.7	10.27	1283.64	1235.05
-16.7	10.27	1282.73	1226.57
-16.7	10.27	1281.83	1207.06
-16.7	10.27	1280.92	1132.45
-16.7	10.27	1280.01	1165.31
-16.7	10.27	1279.1	1165.11
-16.7	10.27	1278.2	1151.14
-16.7	10.27	1277.29	1131.66
-16.7	10.27	1276.38	1139.72
-16.7	10.27	1275.47	1134.01
-16.7	10.27	1274.56	1158.58
-16.7	10.27	1273.65	1023.56
-16.7	10.27	1272.75	1166.43
-16.7	10.27	1271.84	1094.71
-16.7	10.27	1270.93	1201.77
-16.7	10.27	1270.02	1083.33
-16.7	10.27	1269.11	1190.35
-16.7	10.27	1268.2	1085.69
-16.7	10.27	1267.29	1134.97
-16.7	10.27	1266.38	1123.78
-16.7	10.27	1265.47	1038.42
-16.7	10.27	1264.56	1101.41
-16.7	10.27	1263.65	1183.6
-16.7	10.27	1262.74	1090.04
-16.7	10.27	1261.83	1026.71
-16.7	10.27	1260.92	1128.08
-16.7	10.27	1260.01	1023.6
-16.7	10.27	1259.1	1061.84
-16.7	10.27	1258.18	1047.93
-16.7	10.27	1257.27	1110.83
-16.7	10.27	1256.36	1053.05
-16.7	10.27	1255.45	989.801
-16.7	10.27	1254.54	1055.42
-16.7	10.27	1253.62	1005.9
-16.7	10.27	1252.71	1137.26
-16.7	10.27	1251.8	1021.98
-16.7	10.27	1250.89	972.4939999999999
-16.7	10.27	1249.97	1007.93
-16.7	10.27	1249.06	1092.64
-16.7	10.27	1248.15	999.36
-16.7	10.27	1247.24	1026.56
-16.7	10.27	1246.32	1009.96
-16.7	10.27	1245.41	1042.62
-16.7	10.27	1244.49	1058.85
-16.7	10.27	1243.58	998.48
-16.7	10.27	1242.67	1050.27
-16.7	10.27	1241.75	1085.64
-16.7	10.27	1240.84	1047.17
-16.7	10.27	1239.92	1025.11
-16.7	10.27	1239.01	945.671
-16.7	10.27	1238.09	1057.54
-16.7	10.27	1237.18	1010.91
-16.7	10.27	1236.26	991.61
-16.7	10.27	1235.35	983.242
-16.7	10.27	1234.43	1073.18
-16.7	10.27	1233.52	1097.57
-16.7	10.27	1232.6	996.3710000000001
-16.7	10.27	1231.69	1001.65
-16.7	10.27	1230.77	1121.55
-16.7	10.27	1229.85	1042.23
-16.7	10.27	1228.94	1036.59
-16.7	10.27	1228.02	1011.86
-16.7	10.27	1227.1	1028.04
-16.7	10.27	1226.19	1112.38
-16.7	10.27	1225.27	978.61
-16.7	10.27	1224.35	1016.59
-16.7	10.27	1223.43	972.815
-16.7	10.27	1222.52	1002.61
-16.7	10.27	1221.6	1046.02
-16.7	10.27	1220.68	1026.77
-16.7	10.27	1219.76	1026.59
-16.7	10.27	1218.84	991.015
-16.7	10.27	1217.93	993.562
-16.7	10.27	1217.01	982.5
-16.7	10.27	1216.09	1036.75
-16.7	10.27	1215.17	1009.36
-16.7	10.27	1214.25	1036.38
-16.7	10.27	1213.33	987.2460000000001
-16.7	10.27	1212.41	1003.39
-16.7	10.27	1211.49	997.7719999999999
-16.7	10.27	1210.57	940.513
-16.7	10.27	1209.65	962.0889999999999
-16.7	10.27	1208.73	986.375
-16.7	10.27	1207.81	959.0319999999999
-16.7	10.27	1206.89	945.2810000000001
-16.7	10.27	1205.97	985.852
-16.7	10.27	1205.05	1012.83
-16.7	10.27	1204.13	928.4910000000001
-16.7	10.27	1203.21	963.6139999999999
-16.7	10.27	1202.29	911.88
-16.7	10.27	1201.37	944.28
-16.7	10.27	1200.45	984.807
-16.7	10.27	1199.52	914.1089999999999
-16.7	10.27	1198.6	894.9630000000001
-16.7	10.27	1197.68	973.439
-16.7	10.27	1196.76	921.757
-16.7	10.27	1195.84	983.937
-16.7	10.27	1194.91	972.923
-16.7	10.27	1193.99	937.5260000000001
-16.7	10.27	1193.07	940.069
-16.7	10.27	1192.14	931.7769999999999
-16.7	10.27	1191.22	896.4060000000001
-16.7	10.27	1190.3	991.0169999999999
-16.7	10.27	1189.37	1001.67
-16.7	10.27	1188.45	912.171
-16.7	10.27	1187.53	920.128
-16.7	10.27	1186.6	930.789
-16.7	10.27	1185.68	914.3919999999999
-16.7	10.27	1184.76	908.821
-16.7	10.27	1183.83	919.477
-16.7	10.27	1182.91	916.6110000000001
-16.7	10.27	1181.98	970.5160000000001
-16.7	10.27	1181.06	970.345
-16.7	10.27	1180.13	905.314
-16.7	10.27	1179.21	918.664
-16.7	10.27	1178.28	948.2180000000001
-16.7	10.27	1177.36	999.3689999999999
-16.7	10.27	1176.43	885.77
-16.7	10.27	1175.5	909.913
-16.7	10.27	1174.58	893.555
-16.7	10.27	1173.65	906.8919999999999
-16.7	10.27	1172.72	850.061
-16.7	10.27	1171.8	971.326
-16.7	10.27	1170.87	968.456
-16.7	10.27	1169.94	903.553
-16.7	10.27	1169.02	906.0889999999999
-16.7	10.27	1168.09	911.321
-16.7	10.27	1167.16	905.768
-16.7	10.27	1166.24	927.17
-16.7	10.27	1165.31	873.11
-16.7	10.27	1164.38	899.898
-16.7	10.27	1163.45	934.758
-16.7	10.27	1162.52	950.753
-16.7	10.27	1161.6	931.7339999999999
-16.7	10.27	1160.67	918.107
-16.7	10.27	1159.74	947.555
-16.7	10.27	1158.81	931.2389999999999
-16.7	10.27	1157.88	874.563
-16.7	10.27	1156.95	947.052
-16.7	10.27	1156.02	901.153
-16.7	10.27	1155.09	922.51
-16.7	10.27	1154.16	825.54
-16.7	10.27	1153.23	927.56
-16.7	10.27	1152.3	954.2760000000001
-16.7	10.27	1151.37	897.6669999999999
-16.7	10.27	1150.44	902.882
-16.7	10.27	1149.51	908.095
-16.7	10.27	1148.58	961.658
-16.7	10.27	1147.65	926.573
-16.7	10.27	1146.72	843.166
-16.7	10.27	1145.79	942.3530000000001
-16.7	10.27	1144.86	901.921
-16.7	10.27	1143.92	901.7610000000001
-16.7	10.27	1142.99	877.451
-16.7	10.27	1142.06	968.513
-16.7	10.27	1141.13	914.693
-16.7	10.27	1140.2	960.123
-16.7	10.27	1139.26	892.9169999999999
-16.7	10.27	1138.33	908.8439999999999
-16.7	10.27	1137.4	962.2919999999999
-16.7	10.27	1136.47	978.201
-16.7	10.27	1135.53	886.924
-16.7	10.27	1134.6	878.7289999999999
-16.7	10.27	1133.67	926.7869999999999
-16.7	10.27	1132.73	891.807
-16.7	10.27	1131.8	886.294
-16.7	10.27	1130.87	918.262
-16.7	10.27	1129.93	918.0989999999999
-16.7	10.27	1129.0	856.383
-16.7	10.27	1128.06	829.4739999999999
-16.7	10.27	1127.13	952.388
-16.7	10.27	1126.19	957.568
-16.7	10.27	1125.26	901.237
-16.7	10.27	1124.32	871.665
-16.7	10.27	1123.39	946.3639999999999
-16.7	10.27	1122.45	890.065
-16.7	10.27	1121.52	844.477
-16.7	10.27	1120.58	871.046
-16.7	10.27	1119.65	905.6189999999999
-16.7	10.27	1118.71	873.4069999999999
-16.7	10.27	1117.78	907.9680000000001
-16.7	10.27	1116.84	801.0060000000001
-16.7	10.27	1115.9	870.2710000000001
-16.7	10.27	1114.97	984.887
-16.7	10.27	1114.03	877.9680000000001
-16.7	10.27	1113.09	875.143
-16.7	10.27	1112.15	864.317
-16.7	10.27	1111.22	960.181
-16.7	10.27	1110.28	904.01
-16.7	10.27	1109.34	935.8439999999999
-16.7	10.27	1108.4	807.721
-16.7	10.27	1107.47	940.841
-16.7	10.27	1106.53	892.707
-16.7	10.27	1105.59	844.591
-16.7	10.27	1104.65	892.39
-16.7	10.27	1103.71	908.211
-16.7	10.27	1102.77	868.1060000000001
-16.7	10.27	1101.83	841.327
-16.7	10.27	1100.9	886.43
-16.7	10.27	1099.96	912.887
-16.7	10.27	1099.02	891.437
-16.7	10.27	1098.08	832.7460000000001
-16.7	10.27	1097.14	869.8389999999999
-16.7	10.27	1096.2	888.301
-16.7	10.27	1095.26	957.279
-16.7	10.27	1094.32	858.7389999999999
-16.7	10.27	1093.38	925.04
-16.7	10.27	1092.44	962.0830000000001
-16.7	10.27	1091.49	866.252
-16.7	10.27	1090.55	831.56
-16.7	10.27	1089.61	807.505
-16.7	10.27	1088.67	945.4630000000001
-16.7	10.27	1087.73	900.154
-16.7	10.27	1086.79	854.8610000000001
-16.7	10.27	1085.85	862.672
-16.7	10.27	1084.9	889.057
-16.7	10.27	1083.96	891.552
-16.7	10.27	1083.02	825.069
-16.7	10.27	1082.08	867.362
-16.7	10.27	1081.13	880.467
-16.7	10.27	1080.19	928.038
-16.7	10.27	1079.25	874.8510000000001
-16.7	10.27	1078.31	872.044
-16.7	10.27	1077.36	940.7919999999999
-16.7	10.27	1076.42	869.0830000000001
-16.7	10.27	1075.48	892.7710000000001
-16.7	10.27	1074.53	919.0989999999999
-16.7	10.27	1073.59	950.7130000000001
-16.7	10.27	1072.64	865.816
-16.7	10.27	1071.7	881.545
-16.7	10.27	1070.75	931.677
-16.7	10.27	1069.81	918.279
-16.7	10.27	1068.86	867.8439999999999
-16.7	10.27	1067.92	899.433
-16.7	10.27	1066.97	925.722
-16.7	10.27	1066.03	870.023
-16.7	10.27	1065.08	843.428
-16.7	10.27	1064.14	898.791
-16.7	10.27	1063.19	1004.35
-16.7	10.27	1062.25	927.538
-16.7	10.27	1061.3	832.258
-16.7	10.27	1060.35	911.357
-16.7	10.27	1059.41	913.836
-16.7	10.27	1058.46	900.4689999999999
-16.7	10.27	1057.51	829.023
-16.7	10.27	1056.57	876.39
-16.7	10.27	1055.62	944.8539999999999
-16.7	10.27	1054.67	931.4910000000001
-16.7	10.27	1053.72	873.2819999999999
-16.7	10.27	1052.78	912.693
-16.7	10.27	1051.83	880.882
-16.7	10.27	1050.88	846.445
-16.7	10.27	1049.93	827.8380000000001
-16.7	10.27	1048.98	890.953
-16.7	10.27	1048.03	903.972
-16.7	10.27	1047.09	835.3
-16.7	10.27	1046.14	845.688
-16.7	10.27	1045.19	887.682
-16.7	10.27	1044.24	869.0880000000001
-16.7	10.27	1043.29	882.0989999999999
-16.7	10.27	1042.34	910.9
-16.7	10.27	1041.39	865.99
-16.7	10.27	1040.44	913.206
-16.7	10.27	1039.49	918.305
-16.7	10.27	1038.54	857.633
-16.7	10.27	1037.59	896.934
-16.7	10.27	1036.64	923.072
-16.7	10.27	1035.69	867.69
-16.7	10.27	1034.74	846.5039999999999
-16.7	10.27	1033.79	891.0360000000001
-16.7	10.27	1032.83	856.7130000000001
-16.7	10.27	1031.88	853.932
-16.7	10.27	1030.93	882.676
-16.7	10.27	1029.98	832.6139999999999
-16.7	10.27	1029.03	892.8639999999999
-16.7	10.27	1028.07	892.705
-16.7	10.27	1027.12	868.919
-16.7	10.27	1026.17	881.8860000000001
-16.7	10.27	1025.22	879.1039999999999
-16.7	10.27	1024.26	915.679
-16.7	10.27	1023.31	873.543
-16.7	10.27	1022.36	915.3510000000001
-16.7	10.27	1021.4	857.4960000000001
-16.7	10.27	1020.45	896.67
-16.7	10.27	1019.5	768.062
-16.7	10.27	1018.54	836.068
-16.7	10.27	1017.59	814.955
-16.7	10.27	1016.64	880.308
-16.7	10.27	1015.68	832.9989999999999
-16.7	10.27	1014.73	882.6110000000001
-16.7	10.27	1013.77	895.546
-16.7	10.27	1012.82	845.6419999999999
-16.7	10.27	1011.86	793.138
-16.7	10.27	1010.91	863.659
-16.7	10.27	1009.95	860.887
-16.7	10.27	1009.0	842.419
-16.7	10.27	1008.04	800.416
-16.7	10.27	1007.08	889.192
-16.7	10.27	1006.13	828.8919999999999
-16.7	10.27	1005.17	881.03
-16.7	10.27	1004.22	917.466
-16.7	10.27	1003.26	919.915
-16.7	10.27	1002.3	854.427
-16.7	10.27	1001.34	835.9860000000001
-16.7	10.27	1000.39	828.0
-16.7	10.27	999.431	914.0319999999999
-16.7	10.27	998.4730000000001	869.48
-16.7	10.27	997.515	871.935
-16.7	10.27	996.558	822.186
-16.7	10.27	995.6	850.745
-16.7	10.27	994.6410000000001	785.362
-16.7	10.27	993.683	772.178
-16.7	10.27	992.725	847.678
-16.7	10.27	991.7660000000001	884.035
-16.7	10.27	990.807	852.5889999999999
-16.7	10.27	989.8480000000001	875.8969999999999
-16.7	10.27	988.8889999999999	867.921
-16.7	10.27	987.93	815.6469999999999
-16.7	10.27	986.97	802.4730000000001
-16.7	10.27	986.01	846.613
-16.7	10.27	985.05	846.461
-16.7	10.27	984.09	848.913
-16.7	10.27	983.13	830.5360000000001
-16.7	10.27	982.17	827.784
-16.7	10.27	981.209	853.6610000000001
-16.7	10.27	980.248	817.078
-16.7	10.27	979.288	868.9639999999999
-16.7	10.27	978.326	874.0110000000001
-16.7	10.27	977.365	855.648
-16.7	10.27	976.404	834.692
-16.7	10.27	975.442	899.538
-16.7	10.27	974.48	847.3889999999999
-16.7	10.27	973.518	839.44
-16.7	10.27	972.556	906.8480000000001
-16.7	10.27	971.5939999999999	813.159
-16.7	10.27	970.632	880.547
-16.7	10.27	969.669	828.448
-16.7	10.27	968.706	786.755
-16.7	10.27	967.743	789.209
-16.7	10.27	966.78	802.045
-16.7	10.27	965.817	848.6139999999999
-16.7	10.27	964.8530000000001	825.1089999999999
-16.7	10.27	963.8889999999999	861.28
-16.7	10.27	962.926	881.875
-16.7	10.27	961.961	886.9019999999999
-16.7	10.27	960.997	881.557
-16.7	10.27	960.033	777.705
-16.7	10.27	959.068	891.6080000000001
-16.7	10.27	958.1039999999999	922.544
-16.7	10.27	957.1389999999999	839.4680000000001
-16.7	10.27	956.174	777.145
-16.7	10.27	955.2080000000001	857.296
-16.7	10.27	954.243	802.7610000000001
-16.7	10.27	953.2769999999999	787.082
-16.7	10.27	952.312	742.933
-16.7	10.27	951.346	859.2660000000001
-16.7	10.27	950.38	864.2869999999999
-16.7	10.27	949.413	830.498
-16.7	10.27	948.447	827.7610000000001
-16.7	10.27	947.48	863.82
-16.7	10.27	946.513	830.049
-16.7	10.27	945.546	809.216
-16.7	10.27	944.579	889.202
-16.7	10.27	943.612	839.938
-16.7	10.27	942.6439999999999	868.21
-16.7	10.27	941.677	824.1339999999999
-16.7	10.27	940.709	831.735
-16.7	10.27	939.7410000000001	834.168
-16.7	10.27	938.773	772.047
-16.7	10.27	937.804	823.54
-16.7	10.27	936.836	885.34
-16.7	10.27	935.867	843.8889999999999
-16.7	10.27	934.898	833.416
-16.7	10.27	933.929	843.585
-16.7	10.27	932.96	889.86
-16.7	10.27	931.99	915.488
-16.7	10.27	931.0210000000001	843.1289999999999
-16.7	10.27	930.051	783.685
-16.7	10.27	929.081	847.9789999999999
-16.7	10.27	928.1110000000001	883.904
-16.7	10.27	927.1410000000001	814.179
-16.7	10.27	926.17	886.1610000000001
-16.7	10.27	925.199	919.4839999999999
-16.7	10.27	924.2289999999999	919.318
-16.7	10.27	923.258	849.6360000000001
-16.7	10.27	922.2860000000001	862.3539999999999
-16.7	10.27	921.315	839.035
-16.7	10.27	920.3439999999999	823.444
-16.7	10.27	919.372	836.159
-16.7	10.27	918.4	828.291
-16.7	10.27	917.428	897.582
-16.7	10.27	916.456	874.278
-16.7	10.27	915.4830000000001	814.988
-16.7	10.27	914.5110000000001	832.834
-16.7	10.27	913.538	873.804
-16.7	10.27	912.565	822.255
-16.7	10.27	911.592	783.571
-16.7	10.27	910.6189999999999	932.409
-16.7	10.27	909.645	873.173
-16.7	10.27	908.671	867.88
-16.7	10.27	907.698	872.857
-16.7	10.27	906.7239999999999	880.4
-16.7	10.27	905.75	890.5060000000001
-16.7	10.27	904.775	777.448
-16.7	10.27	903.801	790.135
-16.7	10.27	902.826	869.5039999999999
-16.7	10.27	901.8510000000001	910.378
-16.7	10.27	900.8760000000001	799.962
-16.7	10.27	899.9010000000001	858.779
-16.7	10.27	898.925	871.439
-16.7	10.27	897.95	894.345
-16.7	10.27	896.9739999999999	814.757
-16.7	10.27	895.998	863.2810000000001
-16.7	10.27	895.0219999999999	881.054
-16.7	10.27	894.046	806.633
-16.7	10.27	893.069	801.3660000000001
-16.7	10.27	892.0930000000001	811.461
-16.7	10.27	891.1160000000001	842.0260000000001
-16.7	10.27	890.1389999999999	829.079
-16.7	10.27	889.1619999999999	821.2539999999999
-16.7	10.27	888.184	823.663
-16.7	10.27	887.207	849.0889999999999
-16.7	10.27	886.2289999999999	856.607
-16.7	10.27	885.2510000000001	802.7639999999999
-16.7	10.27	884.273	807.7310000000001
-16.7	10.27	883.295	876.587
-16.7	10.27	882.317	809.9939999999999
-16.7	10.27	881.3380000000001	858.387
-16.7	10.27	880.3589999999999	845.46
-16.7	10.27	879.38	886.168
-16.7	10.27	878.4010000000001	822.174
-16.7	10.27	877.422	832.2360000000001
-16.7	10.27	876.442	880.582
-16.7	10.27	875.4630000000001	911.045
-16.7	10.27	874.4830000000001	826.681
-16.7	10.27	873.503	839.2869999999999
-16.7	10.27	872.523	867.191
-16.7	10.27	871.5419999999999	836.433
-16.7	10.27	870.562	866.877
-16.7	10.27	869.581	894.7610000000001
-16.7	10.27	868.6	879.306
-16.7	10.27	867.6189999999999	851.1160000000001
-16.7	10.27	866.638	828.0319999999999
-16.7	10.27	865.6569999999999	878.828
-16.7	10.27	864.675	937.247
-16.7	10.27	863.693	832.675
-16.7	10.27	862.711	847.799
-16.7	10.27	861.7289999999999	860.373
-16.7	10.27	860.747	827.132
-16.7	10.27	859.7639999999999	778.635
-16.7	10.27	858.7819999999999	875.17
-16.7	10.27	857.799	869.924
-16.7	10.27	856.816	851.9639999999999
-16.7	10.27	855.8330000000001	867.066
-16.7	10.27	854.8489999999999	821.148
-16.7	10.27	853.8660000000001	823.541
-16.7	10.27	852.882	876.7589999999999
-16.7	10.27	851.898	830.8639999999999
-16.7	10.27	850.914	952.653
-16.7	10.27	849.93	873.742
-16.7	10.27	848.945	845.6489999999999
-16.7	10.27	847.961	830.262
-16.7	10.27	846.9760000000001	924.038
-16.7	10.27	845.9910000000001	847.727
-16.7	10.27	845.0060000000001	834.885
-16.7	10.27	844.02	867.717
-16.7	10.27	843.035	900.5369999999999
-16.7	10.27	842.049	905.446
-16.7	10.27	841.063	796.242
-16.7	10.27	840.077	829.057
-16.7	10.27	839.091	869.4639999999999
-16.7	10.27	838.1039999999999	904.788
-16.7	10.27	837.118	813.4010000000001
-16.7	10.27	836.1310000000001	889.2589999999999
-16.7	10.27	835.1439999999999	876.432
-16.7	10.27	834.1569999999999	871.2080000000001
-16.7	10.27	833.17	858.3889999999999
-16.7	10.27	832.182	840.5110000000001
-16.7	10.27	831.195	827.702
-16.7	10.27	830.207	822.49
-16.7	10.27	829.2189999999999	832.462
-16.7	10.27	828.23	834.841
-16.7	10.27	827.242	827.1010000000001
-16.7	10.27	826.253	819.3639999999999
-16.7	10.27	825.265	834.3860000000001
-16.7	10.27	824.2760000000001	894.905
-16.7	10.27	823.2869999999999	877.05
-16.7	10.27	822.297	859.201
-16.7	10.27	821.308	894.4169999999999
-16.7	10.27	820.318	813.418
-16.7	10.27	819.328	851.1560000000001
-16.7	10.27	818.3380000000001	785.345
-16.7	10.27	817.3480000000001	964.46
-16.7	10.27	816.3580000000001	875.934
-16.7	10.27	815.367	807.6310000000001
-16.7	10.27	814.377	860.475
-16.7	10.27	813.3860000000001	946.0980000000001
-16.7	10.27	812.395	822.325
-16.7	10.27	811.403	847.3960000000001
-16.7	10.27	810.4119999999999	839.677
-16.7	10.27	809.42	887.425
-16.7	10.27	808.428	887.263
-16.7	10.27	807.436	849.299
-16.7	10.27	806.444	894.4989999999999
-16.7	10.27	805.452	871.663
-16.7	10.27	804.459	846.317
-16.7	10.27	803.467	826.0160000000001
-16.7	10.27	802.4739999999999	833.419
-16.7	10.27	801.4810000000001	843.337
-16.7	10.27	800.487	835.633
-16.7	10.27	799.4939999999999	802.7660000000001
-16.7	10.27	798.5	860.4889999999999
-16.7	10.27	797.507	885.488
-16.7	10.27	796.513	847.6
-16.7	10.27	795.518	824.813
-16.7	10.27	794.5239999999999	844.7769999999999
-16.7	10.27	793.529	824.513
-16.7	10.27	792.535	826.8760000000001
-16.7	10.27	791.54	839.289
-16.7	10.27	790.545	874.31
-16.7	10.27	789.55	861.591
-16.7	10.27	788.554	879.0139999999999
-16.7	10.27	787.559	846.21
-16.7	10.27	786.563	843.546
-16.7	10.27	785.567	840.882
-16.7	10.27	784.571	870.8439999999999
-16.7	10.27	783.574	835.557
-16.7	10.27	782.578	890.596
-16.7	10.27	781.581	800.1360000000001
-16.7	10.27	780.584	777.42
-16.7	10.27	779.587	794.83
-16.7	10.27	778.59	874.905
-16.7	10.27	777.592	834.643
-16.7	10.27	776.595	879.5980000000001
-16.7	10.27	775.597	879.438
-16.7	10.27	774.5989999999999	821.6610000000001
-16.7	10.27	773.6010000000001	816.502
-16.7	10.27	772.602	871.444
-16.7	10.27	771.6039999999999	878.796
-16.7	10.27	770.605	853.6030000000001
-16.7	10.27	769.6060000000001	800.8889999999999
-16.7	10.27	768.607	823.2639999999999
-16.7	10.27	767.6080000000001	868.1469999999999
-16.7	10.27	766.6089999999999	822.9630000000001
-16.7	10.27	765.6089999999999	835.318
-16.7	10.27	764.6089999999999	862.671
-16.7	10.27	763.6089999999999	797.512
-16.7	10.27	762.6089999999999	802.3660000000001
-16.7	10.27	761.6089999999999	829.71
-16.7	10.27	760.6080000000001	882.03
-16.7	10.27	759.607	826.908
-16.7	10.27	758.607	856.73
-16.7	10.27	757.605	876.552
-16.7	10.27	756.6039999999999	831.449
-16.7	10.27	755.6030000000001	811.326
-16.7	10.27	754.6010000000001	826.153
-16.7	10.27	753.5989999999999	865.93
-16.7	10.27	752.597	883.237
-16.7	10.27	751.595	818.217
-16.7	10.27	750.5930000000001	895.3839999999999
-16.7	10.27	749.59	867.791
-16.7	10.27	748.587	860.1519999999999
-16.7	10.27	747.585	855.01
-16.7	10.27	746.581	839.9
-16.7	10.27	745.578	879.615
-16.7	10.27	744.575	834.61
-16.7	10.27	743.571	809.548
-16.7	10.27	742.567	841.7760000000001
-16.7	10.27	741.563	834.1519999999999
-16.7	10.27	740.559	861.3839999999999
-16.7	10.27	739.555	868.694
-16.7	10.27	738.55	836.183
-16.7	10.27	737.545	833.5419999999999
-16.7	10.27	736.54	813.487
-16.7	10.27	735.535	878.008
-16.7	10.27	734.53	880.334
-16.7	10.27	733.525	825.4730000000001
-16.7	10.27	732.5189999999999	800.4630000000001
-16.7	10.27	731.513	872.3939999999999
-16.7	10.27	730.507	837.444
-16.7	10.27	729.5010000000001	889.467
-16.7	10.27	728.4939999999999	814.7810000000001
-16.7	10.27	727.488	911.4939999999999
-16.7	10.27	726.4810000000001	841.798
-16.7	10.27	725.4739999999999	844.1260000000001
-16.7	10.27	724.467	861.3480000000001
-16.7	10.27	723.46	846.299
-16.7	10.27	722.452	816.368
-16.7	10.27	721.444	850.951
-16.7	10.27	720.436	907.845
-16.7	10.27	719.428	840.7189999999999
-16.7	10.27	718.42	833.1260000000001
-16.7	10.27	717.4119999999999	815.62
-16.7	10.27	716.403	887.3510000000001
-16.7	10.27	715.3939999999999	857.45
-16.7	10.27	714.385	872.159
-16.7	10.27	713.3760000000001	822.454
-16.7	10.27	712.367	839.6410000000001
-16.7	10.27	711.357	804.818
-16.7	10.27	710.347	846.7610000000001
-16.7	10.27	709.3380000000001	851.557
-16.7	10.27	708.327	891.0010000000001
-16.7	10.27	707.317	796.804
-16.7	10.27	706.307	836.2439999999999
-16.7	10.27	705.296	878.1419999999999
-16.7	10.27	704.285	858.196
-16.7	10.27	703.2739999999999	853.0930000000001
-16.7	10.27	702.263	877.659
-16.7	10.27	701.252	924.4630000000001
-16.7	10.27	700.24	847.681
-16.7	10.27	699.2280000000001	879.6469999999999
-16.7	10.27	698.216	886.8969999999999
-16.7	10.27	697.204	884.2639999999999
-16.7	10.27	696.192	893.98
-16.7	10.27	695.179	925.915
-16.7	10.27	694.1669999999999	893.6519999999999
-16.7	10.27	693.154	863.87
-16.7	10.27	692.1410000000001	839.034
-16.7	10.27	691.127	846.2819999999999
-16.7	10.27	690.1139999999999	962.068
-16.7	10.27	689.1	806.5089999999999
-16.7	10.27	688.086	897.6
-16.7	10.27	687.072	850.591
-16.7	10.27	686.058	872.62
-16.7	10.27	685.044	842.885
-16.7	10.27	684.029	823.0169999999999
-16.7	10.27	683.015	874.6030000000001
-16.7	10.27	682.0	874.443
-16.7	10.27	680.985	825.0269999999999
-16.7	10.27	679.9689999999999	876.584
-16.7	10.27	678.954	935.507
-16.7	10.27	677.938	822.11
-16.7	10.27	676.922	836.725
-16.7	10.27	675.9060000000001	863.637
-16.7	10.27	674.89	971.72
-16.7	10.27	673.8739999999999	851.0210000000001
-16.7	10.27	672.857	826.2739999999999
-16.7	10.27	671.84	833.498
-16.7	10.27	670.823	931.674
-16.7	10.27	669.806	882.347
-16.7	10.27	668.789	914.13
-16.7	10.27	667.7710000000001	938.5310000000001
-16.7	10.27	666.753	903.9680000000001
-16.7	10.27	665.735	874.33
-16.7	10.27	664.717	901.18
-16.7	10.27	663.699	935.3860000000001
-16.7	10.27	662.68	898.3939999999999
-16.7	10.27	661.6619999999999	876.1410000000001
-16.7	10.27	660.643	925.055
-16.7	10.27	659.6239999999999	861.0989999999999
-16.7	10.27	658.605	897.7330000000001
-16.7	10.27	657.585	912.2819999999999
-16.7	10.27	656.566	978.316
-16.7	10.27	655.546	875.174
-16.7	10.27	654.526	840.699
-16.7	10.27	653.506	941.0169999999999
-16.7	10.27	652.485	891.842
-16.7	10.27	651.465	891.678
-16.7	10.27	650.444	879.2669999999999
-16.7	10.27	649.423	967.2610000000001
-16.7	10.27	648.4019999999999	874.047
-16.7	10.27	647.381	864.0939999999999
-16.7	10.27	646.359	917.778
-16.7	10.27	645.3380000000001	888.2460000000001
-16.7	10.27	644.316	892.975
-16.7	10.27	643.294	861.012
-16.7	10.27	642.271	941.558
-16.7	10.27	641.249	909.5980000000001
-16.7	10.27	640.226	853.202
-16.7	10.27	639.2040000000001	897.041
-16.7	10.27	638.181	896.8760000000001
-16.7	10.27	637.1569999999999	889.3810000000001
-16.7	10.27	636.134	896.545
-16.7	10.27	635.11	935.459
-16.7	10.27	634.087	891.331
-16.7	10.27	633.063	854.543
-16.7	10.27	632.039	817.7689999999999
-16.7	10.27	631.014	851.7869999999999
-16.7	10.27	629.99	939.4780000000001
-16.7	10.27	628.965	873.431
-16.7	10.27	627.94	814.727
-16.7	10.27	626.915	936.5189999999999
-16.7	10.27	625.89	897.332
-16.7	10.27	624.864	816.7139999999999
-16.7	10.27	623.839	792.188
-16.7	10.27	622.813	911.4580000000001
-16.7	10.27	621.7869999999999	901.543
-16.7	10.27	620.761	838.0369999999999
-16.7	10.27	619.734	842.753
-16.7	10.27	618.7080000000001	888.868
-16.7	10.27	617.681	835.138
-16.7	10.27	616.654	832.549
-16.7	10.27	615.627	851.867
-16.7	10.27	614.599	880.9110000000001
-16.7	10.27	613.572	895.347
-16.7	10.27	612.544	851.395
-16.7	10.27	611.516	839.077
-16.7	10.27	610.488	863.2389999999999
-16.7	10.27	609.46	824.18
-16.7	10.27	608.431	896.951
-16.7	10.27	607.403	872.482
-16.7	10.27	606.374	792.135
-16.7	10.27	605.345	813.8539999999999
-16.7	10.27	604.316	852.567
-16.7	10.27	603.286	832.9810000000001
-16.7	10.27	602.257	869.248
-16.7	10.27	601.227	903.074
-16.7	10.27	600.197	834.947
