-16.7	22.27	1799.64	473.723
-16.7	22.27	1798.82	458.36400000000003
-16.7	22.27	1798.0	516.336
-16.7	22.27	1797.18	449.045
-16.7	22.27	1796.37	491.728
-16.7	22.27	1795.55	436.67800000000005
-16.7	22.27	1794.73	424.392
-16.7	22.27	1793.91	470.11
-16.7	22.27	1793.09	482.24
-16.7	22.27	1792.27	421.125
-16.7	22.27	1791.45	451.565
-16.7	22.27	1790.63	521.653
-16.7	22.27	1789.81	466.663
-16.7	22.27	1788.99	448.287
-16.7	22.27	1788.17	469.555
-16.7	22.27	1787.35	466.42699999999996
-16.7	22.27	1786.53	460.25199999999995
-16.7	22.27	1785.71	463.222
-16.7	22.27	1784.89	454.00300000000004
-16.7	22.27	1784.07	493.53
-16.7	22.27	1783.25	435.57300000000004
-16.7	22.27	1782.43	517.727
-16.7	22.27	1781.61	447.606
-16.7	22.27	1780.79	474.93
-16.7	22.27	1779.97	438.32300000000004
-16.7	22.27	1779.14	480.856
-16.7	22.27	1778.32	468.603
-16.7	22.27	1777.5	407.67699999999996
-16.7	22.27	1776.68	444.11
-16.7	22.27	1775.86	453.159
-16.7	22.27	1775.03	407.47
-16.7	22.27	1774.21	446.925
-16.7	22.27	1773.39	455.969
-16.7	22.27	1772.57	486.285
-16.7	22.27	1771.74	458.853
-16.7	22.27	1770.92	486.12
-16.7	22.27	1770.1	437.434
-16.7	22.27	1769.28	446.472
-16.7	22.27	1768.45	461.58
-16.7	22.27	1767.63	476.68300000000005
-16.7	22.27	1766.81	485.709
-16.7	22.27	1765.98	473.486
-16.7	22.27	1765.16	461.267
-16.7	22.27	1764.33	467.25800000000004
-16.7	22.27	1763.51	482.347
-16.7	22.27	1762.69	491.36400000000003
-16.7	22.27	1761.86	436.694
-16.7	22.27	1761.04	463.909
-16.7	22.27	1760.21	509.30400000000003
-16.7	22.27	1759.39	469.814
-16.7	22.27	1758.56	512.1619999999999
-16.7	22.27	1757.74	436.325
-16.7	22.27	1756.91	469.57599999999996
-16.7	22.27	1756.09	511.902
-16.7	22.27	1755.26	487.588
-16.7	22.27	1754.44	436.029
-16.7	22.27	1753.61	448.065
-16.7	22.27	1752.78	505.50199999999995
-16.7	22.27	1751.96	469.099
-16.7	22.27	1751.13	432.708
-16.7	22.27	1750.31	447.76199999999994
-16.7	22.27	1749.48	523.308
-16.7	22.27	1748.65	471.805
-16.7	22.27	1747.83	456.606
-16.7	22.27	1747.0	483.73900000000003
-16.7	22.27	1746.17	498.77099999999996
-16.7	22.27	1745.34	510.776
-16.7	22.27	1744.52	450.25300000000004
-16.7	22.27	1743.69	456.219
-16.7	22.27	1742.86	528.641
-16.7	22.27	1742.03	519.49
-16.7	22.27	1741.21	498.264
-16.7	22.27	1740.38	467.98699999999997
-16.7	22.27	1739.55	498.095
-16.7	22.27	1738.72	485.93699999999995
-16.7	22.27	1737.89	467.749
-16.7	22.27	1737.07	449.566
-16.7	22.27	1736.24	482.673
-16.7	22.27	1735.41	470.527
-16.7	22.27	1734.58	467.431
-16.7	22.27	1733.75	551.7769999999999
-16.7	22.27	1732.92	497.41900000000004
-16.7	22.27	1732.09	479.25
-16.7	22.27	1731.26	518.346
-16.7	22.27	1730.43	454.98199999999997
-16.7	22.27	1729.6	482.019
-16.7	22.27	1728.77	463.86400000000003
-16.7	22.27	1727.94	499.925
-16.7	22.27	1727.11	460.69599999999997
-16.7	22.27	1726.28	454.596
-16.7	22.27	1725.45	472.58
-16.7	22.27	1724.62	460.461
-16.7	22.27	1723.79	556.672
-16.7	22.27	1722.96	511.45
-16.7	22.27	1722.13	538.435
-16.7	22.27	1721.3	505.26099999999997
-16.7	22.27	1720.46	478.11199999999997
-16.7	22.27	1719.63	511.102
-16.7	22.27	1718.8	489.974
-16.7	22.27	1717.97	417.759
-16.7	22.27	1717.14	489.80699999999996
-16.7	22.27	1716.3	489.724
-16.7	22.27	1715.47	528.692
-16.7	22.27	1714.64	501.57099999999997
-16.7	22.27	1713.81	498.483
-16.7	22.27	1712.97	480.384
-16.7	22.27	1712.14	522.3290000000001
-16.7	22.27	1711.31	468.215
-16.7	22.27	1710.48	498.145
-16.7	22.27	1709.64	474.05699999999996
-16.7	22.27	1708.81	497.975
-16.7	22.27	1707.98	497.89099999999996
-16.7	22.27	1707.14	512.8
-16.7	22.27	1706.31	527.705
-16.7	22.27	1705.47	485.645
-16.7	22.27	1704.64	521.53
-16.7	22.27	1703.81	500.464
-16.7	22.27	1702.97	476.409
-16.7	22.27	1702.14	500.29400000000004
-16.7	22.27	1701.3	533.1569999999999
-16.7	22.27	1700.47	470.176
-16.7	22.27	1699.63	518.004
-16.7	22.27	1698.8	508.935
-16.7	22.27	1697.96	502.86199999999997
-16.7	22.27	1697.13	565.623
-16.7	22.27	1696.29	523.636
-16.7	22.27	1695.46	484.655
-16.7	22.27	1694.62	460.64300000000003
-16.7	22.27	1693.78	493.462
-16.7	22.27	1692.95	508.329
-16.7	22.27	1692.11	508.24300000000005
-16.7	22.27	1691.28	502.17800000000005
-16.7	22.27	1690.44	540.945
-16.7	22.27	1689.6	522.924
-16.7	22.27	1688.77	513.872
-16.7	22.27	1687.93	501.836
-16.7	22.27	1687.09	492.791
-16.7	22.27	1686.25	468.81800000000004
-16.7	22.27	1685.42	531.435
-16.7	22.27	1684.58	504.47900000000004
-16.7	22.27	1683.74	558.116
-16.7	22.27	1682.9	444.626
-16.7	22.27	1682.07	489.30400000000003
-16.7	22.27	1681.23	525.0169999999999
-16.7	22.27	1680.39	501.06699999999995
-16.7	22.27	1679.55	533.784
-16.7	22.27	1678.71	480.026
-16.7	22.27	1677.87	536.5830000000001
-16.7	22.27	1677.04	539.472
-16.7	22.27	1676.2	515.54
-16.7	22.27	1675.36	521.4119999999999
-16.7	22.27	1674.52	560.05
-16.7	22.27	1673.68	518.255
-16.7	22.27	1672.84	497.32099999999997
-16.7	22.27	1672.0	529.989
-16.7	22.27	1671.16	532.875
-16.7	22.27	1670.32	503.02
-16.7	22.27	1669.48	491.03
-16.7	22.27	1668.64	473.094
-16.7	22.27	1667.8	568.211
-16.7	22.27	1666.96	568.114
-16.7	22.27	1666.12	550.174
-16.7	22.27	1665.28	520.346
-16.7	22.27	1664.44	621.336
-16.7	22.27	1663.6	543.947
-16.7	22.27	1662.75	531.967
-16.7	22.27	1661.91	594.275
-16.7	22.27	1661.07	543.669
-16.7	22.27	1660.23	597.043
-16.7	22.27	1659.39	605.851
-16.7	22.27	1658.55	516.6669999999999
-16.7	22.27	1657.7	564.08
-16.7	22.27	1656.86	543.205
-16.7	22.27	1656.02	513.434
-16.7	22.27	1655.18	551.922
-16.7	22.27	1654.33	522.16
-16.7	22.27	1653.49	602.161
-16.7	22.27	1652.65	545.7080000000001
-16.7	22.27	1651.81	622.712
-16.7	22.27	1650.96	563.31
-16.7	22.27	1650.12	533.571
-16.7	22.27	1649.28	604.611
-16.7	22.27	1648.43	598.581
-16.7	22.27	1647.59	625.144
-16.7	22.27	1646.74	577.641
-16.7	22.27	1645.9	624.93
-16.7	22.27	1645.06	586.327
-16.7	22.27	1644.21	595.109
-16.7	22.27	1643.37	556.524
-16.7	22.27	1642.52	550.51
-16.7	22.27	1641.68	639.192
-16.7	22.27	1640.83	668.67
-16.7	22.27	1639.99	582.768
-16.7	22.27	1639.14	567.88
-16.7	22.27	1638.3	626.927
-16.7	22.27	1637.45	635.69
-16.7	22.27	1636.61	606.019
-16.7	22.27	1635.76	623.65
-16.7	22.27	1634.91	647.185
-16.7	22.27	1634.07	655.938
-16.7	22.27	1633.22	711.955
-16.7	22.27	1632.38	664.575
-16.7	22.27	1631.53	623.117
-16.7	22.27	1630.68	664.347
-16.7	22.27	1629.84	681.947
-16.7	22.27	1628.99	687.7330000000001
-16.7	22.27	1628.14	649.251
-16.7	22.27	1627.29	734.7080000000001
-16.7	22.27	1626.45	817.186
-16.7	22.27	1625.6	769.852
-16.7	22.27	1624.75	752.0260000000001
-16.7	22.27	1623.9	707.668
-16.7	22.27	1623.06	793.0419999999999
-16.7	22.27	1622.21	757.535
-16.7	22.27	1621.36	828.1360000000001
-16.7	22.27	1620.51	704.237
-16.7	22.27	1619.66	733.578
-16.7	22.27	1618.81	748.18
-16.7	22.27	1617.96	742.1619999999999
-16.7	22.27	1617.12	727.312
-16.7	22.27	1616.27	697.7460000000001
-16.7	22.27	1615.42	812.426
-16.7	22.27	1614.57	800.515
-16.7	22.27	1613.72	747.4119999999999
-16.7	22.27	1612.87	717.863
-16.7	22.27	1612.02	767.747
-16.7	22.27	1611.17	785.262
-16.7	22.27	1610.32	752.7810000000001
-16.7	22.27	1609.47	726.192
-16.7	22.27	1608.62	773.1
-16.7	22.27	1607.77	790.602
-16.7	22.27	1606.92	778.712
-16.7	22.27	1606.06	760.95
-16.7	22.27	1605.21	775.508
-16.7	22.27	1604.36	790.06
-16.7	22.27	1603.51	825.163
-16.7	22.27	1602.66	766.301
-16.7	22.27	1601.81	742.686
-16.7	22.27	1600.96	777.778
-16.7	22.27	1600.1	771.7760000000001
-16.7	22.27	1599.25	792.182
-16.7	22.27	1598.4	780.312
-16.7	22.27	1597.55	765.513
-16.7	22.27	1596.69	797.6389999999999
-16.7	22.27	1595.84	762.319
-16.7	22.27	1594.99	776.845
-16.7	22.27	1594.14	782.574
-16.7	22.27	1593.28	800.023
-16.7	22.27	1592.43	776.446
-16.7	22.27	1591.58	717.7230000000001
-16.7	22.27	1590.72	746.89
-16.7	22.27	1589.87	735.048
-16.7	22.27	1589.02	816.905
-16.7	22.27	1588.16	731.868
-16.7	22.27	1587.31	699.546
-16.7	22.27	1586.45	690.6460000000001
-16.7	22.27	1585.6	784.159
-16.7	22.27	1584.74	786.95
-16.7	22.27	1583.89	845.314
-16.7	22.27	1583.03	713.568
-16.7	22.27	1582.18	739.7610000000001
-16.7	22.27	1581.32	739.6339999999999
-16.7	22.27	1580.47	777.5060000000001
-16.7	22.27	1579.61	718.923
-16.7	22.27	1578.76	680.814
-16.7	22.27	1577.9	742.048
-16.7	22.27	1577.05	765.288
-16.7	22.27	1576.19	706.748
-16.7	22.27	1575.33	709.546
-16.7	22.27	1574.48	729.86
-16.7	22.27	1573.62	764.762
-16.7	22.27	1572.76	726.691
-16.7	22.27	1571.91	662.372
-16.7	22.27	1571.05	717.689
-16.7	22.27	1570.19	679.6460000000001
-16.7	22.27	1569.34	717.443
-16.7	22.27	1568.48	667.7489999999999
-16.7	22.27	1567.62	635.564
-16.7	22.27	1566.76	696.668
-16.7	22.27	1565.91	705.2919999999999
-16.7	22.27	1565.05	632.322
-16.7	22.27	1564.19	652.6080000000001
-16.7	22.27	1563.33	699.102
-16.7	22.27	1562.47	748.493
-16.7	22.27	1561.62	736.717
-16.7	22.27	1560.76	713.299
-16.7	22.27	1559.9	681.1560000000001
-16.7	22.27	1559.04	745.068
-16.7	22.27	1558.18	704.201
-16.7	22.27	1557.32	680.805
-16.7	22.27	1556.46	750.502
-16.7	22.27	1555.6	683.4789999999999
-16.7	22.27	1554.74	671.73
-16.7	22.27	1553.88	689.059
-16.7	22.27	1553.02	712.196
-16.7	22.27	1552.16	665.57
-16.7	22.27	1551.3	741.01
-16.7	22.27	1550.44	720.544
-16.7	22.27	1549.58	708.801
-16.7	22.27	1548.72	691.252
-16.7	22.27	1547.86	682.421
-16.7	22.27	1547.0	708.435
-16.7	22.27	1546.14	711.216
-16.7	22.27	1545.28	664.655
-16.7	22.27	1544.41	606.502
-16.7	22.27	1543.55	647.0169999999999
-16.7	22.27	1542.69	614.996
-16.7	22.27	1541.83	640.994
-16.7	22.27	1540.97	704.682
-16.7	22.27	1540.1	646.572
-16.7	22.27	1539.24	681.247
-16.7	22.27	1538.38	681.13
-16.7	22.27	1537.52	625.952
-16.7	22.27	1536.65	680.8960000000001
-16.7	22.27	1535.79	637.3240000000001
-16.7	22.27	1534.93	640.111
-16.7	22.27	1534.06	645.793
-16.7	22.27	1533.2	694.904
-16.7	22.27	1532.34	619.516
-16.7	22.27	1531.47	607.831
-16.7	22.27	1530.61	610.62
-16.7	22.27	1529.75	639.4490000000001
-16.7	22.27	1528.88	616.196
-16.7	22.27	1528.02	610.305
-16.7	22.27	1527.15	618.875
-16.7	22.27	1526.29	601.42
-16.7	22.27	1525.42	662.0260000000001
-16.7	22.27	1524.56	656.1310000000001
-16.7	22.27	1523.69	653.128
-16.7	22.27	1522.83	641.457
-16.7	22.27	1521.96	684.681
-16.7	22.27	1521.1	644.125
-16.7	22.27	1520.23	664.2289999999999
-16.7	22.27	1519.37	641.015
-16.7	22.27	1518.5	626.47
-16.7	22.27	1517.63	620.589
-16.7	22.27	1516.77	614.71
-16.7	22.27	1515.9	660.7710000000001
-16.7	22.27	1515.03	626.038
-16.7	22.27	1514.17	663.428
-16.7	22.27	1513.3	608.518
-16.7	22.27	1512.43	602.646
-16.7	22.27	1511.57	640.02
-16.7	22.27	1510.7	677.382
-16.7	22.27	1509.83	579.278
-16.7	22.27	1508.96	654.096
-16.7	22.27	1508.1	587.721
-16.7	22.27	1507.23	653.871
-16.7	22.27	1506.36	671.038
-16.7	22.27	1505.49	627.729
-16.7	22.27	1504.62	618.984
-16.7	22.27	1503.76	633.27
-16.7	22.27	1502.89	627.404
-16.7	22.27	1502.02	650.316
-16.7	22.27	1501.15	635.819
-16.7	22.27	1500.28	627.0790000000001
-16.7	22.27	1499.41	721.8789999999999
-16.7	22.27	1498.54	661.3689999999999
-16.7	22.27	1497.67	632.504
-16.7	22.27	1496.8	626.646
-16.7	22.27	1495.93	638.034
-16.7	22.27	1495.06	632.1759999999999
-16.7	22.27	1494.19	632.067
-16.7	22.27	1493.32	608.9780000000001
-16.7	22.27	1492.45	683.545
-16.7	22.27	1491.58	628.868
-16.7	22.27	1490.71	643.115
-16.7	22.27	1489.84	648.744
-16.7	22.27	1488.97	622.802
-16.7	22.27	1488.1	677.216
-16.7	22.27	1487.23	674.23
-16.7	22.27	1486.35	616.742
-16.7	22.27	1485.48	605.163
-16.7	22.27	1484.61	676.747
-16.7	22.27	1483.74	690.966
-16.7	22.27	1482.87	639.248
-16.7	22.27	1481.99	613.342
-16.7	22.27	1481.12	659.086
-16.7	22.27	1480.25	676.1619999999999
-16.7	22.27	1479.38	644.535
-16.7	22.27	1478.5	632.967
-16.7	22.27	1477.63	612.812
-16.7	22.27	1476.76	695.7360000000001
-16.7	22.27	1475.88	615.4630000000001
-16.7	22.27	1475.01	643.977
-16.7	22.27	1474.14	669.62
-16.7	22.27	1473.26	629.4490000000001
-16.7	22.27	1472.39	689.413
-16.7	22.27	1471.51	643.531
-16.7	22.27	1470.64	631.981
-16.7	22.27	1469.77	674.7589999999999
-16.7	22.27	1468.89	671.784
-16.7	22.27	1468.02	625.937
-16.7	22.27	1467.14	614.398
-16.7	22.27	1466.27	665.721
-16.7	22.27	1465.39	654.179
-16.7	22.27	1464.52	656.921
-16.7	22.27	1463.64	653.952
-16.7	22.27	1462.77	659.549
-16.7	22.27	1461.89	736.512
-16.7	22.27	1461.01	610.799
-16.7	22.27	1460.14	610.693
-16.7	22.27	1459.26	630.56
-16.7	22.27	1458.39	684.6519999999999
-16.7	22.27	1457.51	638.898
-16.7	22.27	1456.63	638.7869999999999
-16.7	22.27	1455.76	627.2719999999999
-16.7	22.27	1454.88	630.014
-16.7	22.27	1454.0	641.305
-16.7	22.27	1453.12	695.34
-16.7	22.27	1452.25	606.8919999999999
-16.7	22.27	1451.37	649.518
-16.7	22.27	1450.49	640.861
-16.7	22.27	1449.61	649.293
-16.7	22.27	1448.74	623.555
-16.7	22.27	1447.86	651.915
-16.7	22.27	1446.98	683.1110000000001
-16.7	22.27	1446.1	663.072
-16.7	22.27	1445.22	634.504
-16.7	22.27	1444.34	691.29
-16.7	22.27	1443.46	651.349
-16.7	22.27	1442.58	659.768
-16.7	22.27	1441.71	639.75
-16.7	22.27	1440.83	693.653
-16.7	22.27	1439.95	656.582
-16.7	22.27	1439.07	696.2539999999999
-16.7	22.27	1438.19	650.672
-16.7	22.27	1437.31	653.399
-16.7	22.27	1436.43	644.765
-16.7	22.27	1435.55	667.372
-16.7	22.27	1434.67	653.059
-16.7	22.27	1433.79	669.9789999999999
-16.7	22.27	1432.9	632.964
-16.7	22.27	1432.02	649.881
-16.7	22.27	1431.14	700.842
-16.7	22.27	1430.26	700.72
-16.7	22.27	1429.38	709.1080000000001
-16.7	22.27	1428.5	689.133
-16.7	22.27	1427.62	606.785
-16.7	22.27	1426.74	649.2040000000001
-16.7	22.27	1425.85	671.7669999999999
-16.7	22.27	1424.97	677.318
-16.7	22.27	1424.09	651.6990000000001
-16.7	22.27	1423.21	643.087
-16.7	22.27	1422.32	659.97
-16.7	22.27	1421.44	659.8560000000001
-16.7	22.27	1420.56	682.393
-16.7	22.27	1419.67	668.1189999999999
-16.7	22.27	1418.79	642.529
-16.7	22.27	1417.91	665.057
-16.7	22.27	1417.02	718.703
-16.7	22.27	1416.14	735.552
-16.7	22.27	1415.26	687.3389999999999
-16.7	22.27	1414.37	661.7669999999999
-16.7	22.27	1413.49	726.686
-16.7	22.27	1412.6	670.018
-16.7	22.27	1411.72	703.82
-16.7	22.27	1410.84	712.176
-16.7	22.27	1409.95	697.924
-16.7	22.27	1409.07	726.054
-16.7	22.27	1408.18	703.331
-16.7	22.27	1407.3	691.9119999999999
-16.7	22.27	1406.41	734.1460000000001
-16.7	22.27	1405.52	753.78
-16.7	22.27	1404.64	702.841
-16.7	22.27	1403.75	776.095
-16.7	22.27	1402.87	716.705
-16.7	22.27	1401.98	736.329
-16.7	22.27	1401.09	710.814
-16.7	22.27	1400.21	651.466
-16.7	22.27	1399.32	744.403
-16.7	22.27	1398.43	752.732
-16.7	22.27	1397.55	699.045
-16.7	22.27	1396.66	710.196
-16.7	22.27	1395.77	724.1610000000001
-16.7	22.27	1394.89	743.7560000000001
-16.7	22.27	1394.0	757.71
-16.7	22.27	1393.11	712.518
-16.7	22.27	1392.22	799.683
-16.7	22.27	1391.34	760.1289999999999
-16.7	22.27	1390.45	813.4780000000001
-16.7	22.27	1389.56	720.4639999999999
-16.7	22.27	1388.67	734.408
-16.7	22.27	1387.78	798.987
-16.7	22.27	1386.89	798.847
-16.7	22.27	1386.0	762.148
-16.7	22.27	1385.11	770.45
-16.7	22.27	1384.23	697.22
-16.7	22.27	1383.34	772.993
-16.7	22.27	1382.45	682.925
-16.7	22.27	1381.56	741.814
-16.7	22.27	1380.67	761.3510000000001
-16.7	22.27	1379.78	775.263
-16.7	22.27	1378.89	794.7869999999999
-16.7	22.27	1378.0	803.072
-16.7	22.27	1377.11	797.317
-16.7	22.27	1376.22	853.317
-16.7	22.27	1375.32	777.3939999999999
-16.7	22.27	1374.43	827.7660000000001
-16.7	22.27	1373.54	754.678
-16.7	22.27	1372.65	827.477
-16.7	22.27	1371.76	774.047
-16.7	22.27	1370.87	782.324
-16.7	22.27	1369.98	768.17
-16.7	22.27	1369.08	854.93
-16.7	22.27	1368.19	888.4119999999999
-16.7	22.27	1367.3	804.195
-16.7	22.27	1366.41	840.475
-16.7	22.27	1365.52	879.543
-16.7	22.27	1364.62	854.184
-16.7	22.27	1363.73	767.232
-16.7	22.27	1362.84	884.682
-16.7	22.27	1361.94	864.934
-16.7	22.27	1361.05	867.581
-16.7	22.27	1360.16	856.237
-16.7	22.27	1359.26	878.4689999999999
-16.7	22.27	1358.37	886.707
-16.7	22.27	1357.48	928.503
-16.7	22.27	1356.58	886.398
-16.7	22.27	1355.69	827.533
-16.7	22.27	1354.79	863.7260000000001
-16.7	22.27	1353.9	908.291
-16.7	22.27	1353.0	941.664
-16.7	22.27	1352.11	888.4169999999999
-16.7	22.27	1351.21	899.435
-16.7	22.27	1350.32	899.278
-16.7	22.27	1349.42	991.2669999999999
-16.7	22.27	1348.53	918.507
-16.7	22.27	1347.63	935.0939999999999
-16.7	22.27	1346.74	985.166
-16.7	22.27	1345.84	943.138
-16.7	22.27	1344.94	942.9730000000001
-16.7	22.27	1344.05	878.653
-16.7	22.27	1343.15	981.688
-16.7	22.27	1342.26	1067.96
-16.7	22.27	1341.36	922.799
-16.7	22.27	1340.46	944.937
-16.7	22.27	1339.56	1059.04
-16.7	22.27	1338.67	1044.92
-16.7	22.27	1337.77	963.943
-16.7	22.27	1336.87	1005.56
-16.7	22.27	1335.97	946.8960000000001
-16.7	22.27	1335.08	1021.91
-16.7	22.27	1334.18	1005.03
-16.7	22.27	1333.28	1015.99
-16.7	22.27	1332.38	1040.86
-16.7	22.27	1331.48	1090.76
-16.7	22.27	1330.59	1029.36
-16.7	22.27	1329.69	1015.28
-16.7	22.27	1328.79	1076.28
-16.7	22.27	1327.89	1051.07
-16.7	22.27	1326.99	1067.57
-16.7	22.27	1326.09	1003.45
-16.7	22.27	1325.19	1056.08
-16.7	22.27	1324.29	1075.34
-16.7	22.27	1323.39	1077.93
-16.7	22.27	1322.49	1027.74
-16.7	22.27	1321.59	1035.9
-16.7	22.27	1320.69	1085.69
-16.7	22.27	1319.79	1124.37
-16.7	22.27	1318.89	1029.8
-16.7	22.27	1317.99	1018.52
-16.7	22.27	1317.09	979.493
-16.7	22.27	1316.19	1026.48
-16.7	22.27	1315.29	984.697
-16.7	22.27	1314.38	1089.91
-16.7	22.27	1313.48	1117.45
-16.7	22.27	1312.58	1075.67
-16.7	22.27	1311.68	1075.48
-16.7	22.27	1310.78	989.378
-16.7	22.27	1309.87	1052.93
-16.7	22.27	1308.97	1072.14
-16.7	22.27	1308.07	1027.64
-16.7	22.27	1307.17	947.143
-16.7	22.27	1306.26	927.5939999999999
-16.7	22.27	1305.36	980.0319999999999
-16.7	22.27	1304.46	1013.08
-16.7	22.27	1303.55	935.409
-16.7	22.27	1302.65	932.4780000000001
-16.7	22.27	1301.75	998.711
-16.7	22.27	1300.84	981.939
-16.7	22.27	1299.94	937.518
-16.7	22.27	1299.03	942.8839999999999
-16.7	22.27	1298.13	981.423
-16.7	22.27	1297.23	997.835
-16.7	22.27	1296.32	958.9689999999999
-16.7	22.27	1295.42	942.2230000000001
-16.7	22.27	1294.51	950.345
-16.7	22.27	1293.61	1005.42
-16.7	22.27	1292.7	908.587
-16.7	22.27	1291.8	927.755
-16.7	22.27	1290.89	957.96
-16.7	22.27	1289.98	985.3939999999999
-16.7	22.27	1289.08	924.507
-16.7	22.27	1288.17	916.067
-16.7	22.27	1287.27	910.3889999999999
-16.7	22.27	1286.36	893.679
-16.7	22.27	1285.45	868.702
-16.7	22.27	1284.55	882.336
-16.7	22.27	1283.64	873.9110000000001
-16.7	22.27	1282.73	854.4630000000001
-16.7	22.27	1281.83	901.1619999999999
-16.7	22.27	1280.92	818.3430000000001
-16.7	22.27	1280.01	884.317
-16.7	22.27	1279.1	873.1439999999999
-16.7	22.27	1278.2	845.451
-16.7	22.27	1277.29	820.5219999999999
-16.7	22.27	1276.38	787.342
-16.7	22.27	1275.47	811.9760000000001
-16.7	22.27	1274.56	817.337
-16.7	22.27	1273.65	811.691
-16.7	22.27	1272.75	825.303
-16.7	22.27	1271.84	858.164
-16.7	22.27	1270.93	783.762
-16.7	22.27	1270.02	764.378
-16.7	22.27	1269.11	780.738
-16.7	22.27	1268.2	863.058
-16.7	22.27	1267.29	766.7230000000001
-16.7	22.27	1266.38	725.373
-16.7	22.27	1265.47	793.924
-16.7	22.27	1264.56	843.225
-16.7	22.27	1263.65	782.66
-16.7	22.27	1262.74	755.066
-16.7	22.27	1261.83	798.8560000000001
-16.7	22.27	1260.92	837.1419999999999
-16.7	22.27	1260.01	812.297
-16.7	22.27	1259.1	776.485
-16.7	22.27	1258.18	713.253
-16.7	22.27	1257.27	773.4689999999999
-16.7	22.27	1256.36	765.1060000000001
-16.7	22.27	1255.45	737.553
-16.7	22.27	1254.54	745.6469999999999
-16.7	22.27	1253.62	770.183
-16.7	22.27	1252.71	737.163
-16.7	22.27	1251.8	747.993
-16.7	22.27	1250.89	772.5160000000001
-16.7	22.27	1249.97	794.2919999999999
-16.7	22.27	1249.06	772.2439999999999
-16.7	22.27	1248.15	736.515
-16.7	22.27	1247.24	687.11
-16.7	22.27	1246.32	689.7260000000001
-16.7	22.27	1245.41	758.018
-16.7	22.27	1244.49	727.788
-16.7	22.27	1243.58	722.188
-16.7	22.27	1242.67	719.326
-16.7	22.27	1241.75	790.299
-16.7	22.27	1240.84	669.8589999999999
-16.7	22.27	1239.92	727.1469999999999
-16.7	22.27	1239.01	727.0189999999999
-16.7	22.27	1238.09	756.95
-16.7	22.27	1237.18	724.03
-16.7	22.27	1236.26	715.7080000000001
-16.7	22.27	1235.35	770.206
-16.7	22.27	1234.43	767.3389999999999
-16.7	22.27	1233.52	715.329
-16.7	22.27	1232.6	704.284
-16.7	22.27	1231.69	742.37
-16.7	22.27	1230.77	704.0360000000001
-16.7	22.27	1229.85	739.38
-16.7	22.27	1228.94	733.794
-16.7	22.27	1228.02	717.3
-16.7	22.27	1227.1	752.623
-16.7	22.27	1226.19	738.8580000000001
-16.7	22.27	1225.27	695.113
-16.7	22.27	1224.35	673.187
-16.7	22.27	1223.43	713.943
-16.7	22.27	1222.52	686.572
-16.7	22.27	1221.6	724.587
-16.7	22.27	1220.68	697.2239999999999
-16.7	22.27	1219.76	732.5
-16.7	22.27	1218.84	686.087
-16.7	22.27	1217.93	754.018
-16.7	22.27	1217.01	688.567
-16.7	22.27	1216.09	726.541
-16.7	22.27	1215.17	750.8989999999999
-16.7	22.27	1214.25	723.564
-16.7	22.27	1213.33	663.6030000000001
-16.7	22.27	1212.41	704.2739999999999
-16.7	22.27	1211.49	766.681
-16.7	22.27	1210.57	668.688
-16.7	22.27	1209.65	674.0060000000001
-16.7	22.27	1208.73	725.515
-16.7	22.27	1207.81	687.352
-16.7	22.27	1206.89	632.904
-16.7	22.27	1205.97	668.0980000000001
-16.7	22.27	1205.05	695.1339999999999
-16.7	22.27	1204.13	662.432
-16.7	22.27	1203.21	673.173
-16.7	22.27	1202.29	713.763
-16.7	22.27	1201.37	662.081
-16.7	22.27	1200.45	713.5110000000001
-16.7	22.27	1199.52	653.71
-16.7	22.27	1198.6	645.4580000000001
-16.7	22.27	1197.68	672.459
-16.7	22.27	1196.76	691.318
-16.7	22.27	1195.84	699.327
-16.7	22.27	1194.91	655.842
-16.7	22.27	1193.99	642.178
-16.7	22.27	1193.07	745.012
-16.7	22.27	1192.14	709.6669999999999
-16.7	22.27	1191.22	701.4169999999999
-16.7	22.27	1190.3	657.97
-16.7	22.27	1189.37	657.8539999999999
-16.7	22.27	1188.45	714.579
-16.7	22.27	1187.53	622.44
-16.7	22.27	1186.6	671.034
-16.7	22.27	1185.68	749.3689999999999
-16.7	22.27	1184.76	684.32
-16.7	22.27	1183.83	700.425
-16.7	22.27	1182.91	700.301
-16.7	22.27	1181.98	697.4739999999999
-16.7	22.27	1181.06	656.807
-16.7	22.27	1180.13	621.559
-16.7	22.27	1179.21	705.21
-16.7	22.27	1178.28	664.563
-16.7	22.27	1177.36	653.641
-16.7	22.27	1176.43	634.622
-16.7	22.27	1175.5	731.711
-16.7	22.27	1174.58	647.895
-16.7	22.27	1173.65	690.965
-16.7	22.27	1172.72	639.57
-16.7	22.27	1171.8	698.815
-16.7	22.27	1170.87	687.9010000000001
-16.7	22.27	1169.94	695.87
-16.7	22.27	1169.02	633.7230000000001
-16.7	22.27	1168.09	690.2310000000001
-16.7	22.27	1167.16	655.065
-16.7	22.27	1166.24	636.082
-16.7	22.27	1165.31	579.378
-16.7	22.27	1164.38	689.742
-16.7	22.27	1163.45	686.926
-16.7	22.27	1162.52	643.711
-16.7	22.27	1161.6	622.054
-16.7	22.27	1160.67	654.252
-16.7	22.27	1159.74	697.207
-16.7	22.27	1158.81	648.637
-16.7	22.27	1157.88	643.141
-16.7	22.27	1156.95	667.2410000000001
-16.7	22.27	1156.02	699.403
-16.7	22.27	1155.09	691.21
-16.7	22.27	1154.16	623.861
-16.7	22.27	1153.23	642.57
-16.7	22.27	1152.3	618.264
-16.7	22.27	1151.37	658.4680000000001
-16.7	22.27	1150.44	615.357
-16.7	22.27	1149.51	685.1010000000001
-16.7	22.27	1148.58	668.863
-16.7	22.27	1147.65	666.058
-16.7	22.27	1146.72	620.2909999999999
-16.7	22.27	1145.79	689.985
-16.7	22.27	1144.86	638.861
-16.7	22.27	1143.92	601.174
-16.7	22.27	1142.99	649.367
-16.7	22.27	1142.06	654.618
-16.7	22.27	1141.13	673.278
-16.7	22.27	1140.2	646.34
-16.7	22.27	1139.26	624.774
-16.7	22.27	1138.33	680.9630000000001
-16.7	22.27	1137.4	643.315
-16.7	22.27	1136.47	605.681
-16.7	22.27	1135.53	635.048
-16.7	22.27	1134.6	664.405
-16.7	22.27	1133.67	669.6439999999999
-16.7	22.27	1132.73	650.778
-16.7	22.27	1131.8	607.821
-16.7	22.27	1130.87	690.704
-16.7	22.27	1129.93	610.281
-16.7	22.27	1129.0	671.725
-16.7	22.27	1128.06	668.93
-16.7	22.27	1127.13	620.6569999999999
-16.7	22.27	1126.19	660.668
-16.7	22.27	1125.26	663.225
-16.7	22.27	1124.32	671.1289999999999
-16.7	22.27	1123.39	612.196
-16.7	22.27	1122.45	662.872
-16.7	22.27	1121.52	636.03
-16.7	22.27	1120.58	662.6360000000001
-16.7	22.27	1119.65	627.789
-16.7	22.27	1118.71	659.7289999999999
-16.7	22.27	1117.78	632.9069999999999
-16.7	22.27	1116.84	654.155
-16.7	22.27	1115.9	622.004
-16.7	22.27	1114.97	648.5840000000001
-16.7	22.27	1114.03	659.143
-16.7	22.27	1113.09	613.668
-16.7	22.27	1112.15	618.894
-16.7	22.27	1111.22	690.797
-16.7	22.27	1110.28	685.341
-16.7	22.27	1109.34	645.226
-16.7	22.27	1108.4	618.453
-16.7	22.27	1107.47	615.678
-16.7	22.27	1106.53	615.568
-16.7	22.27	1105.59	570.165
-16.7	22.27	1104.65	681.945
-16.7	22.27	1103.71	620.566
-16.7	22.27	1102.77	628.445
-16.7	22.27	1101.83	604.371
-16.7	22.27	1100.9	625.559
-16.7	22.27	1099.96	657.385
-16.7	22.27	1099.02	561.472
-16.7	22.27	1098.08	635.867
-16.7	22.27	1097.14	665.0139999999999
-16.7	22.27	1096.2	625.002
-16.7	22.27	1095.26	600.9590000000001
-16.7	22.27	1094.32	592.876
-16.7	22.27	1093.38	653.908
-16.7	22.27	1092.44	709.6030000000001
-16.7	22.27	1091.49	584.587
-16.7	22.27	1090.55	605.737
-16.7	22.27	1089.61	674.692
-16.7	22.27	1088.67	677.2280000000001
-16.7	22.27	1087.73	613.379
-16.7	22.27	1086.79	599.996
-16.7	22.27	1085.85	623.778
-16.7	22.27	1084.9	626.321
-16.7	22.27	1083.96	586.408
-16.7	22.27	1083.02	636.7090000000001
-16.7	22.27	1082.08	702.908
-16.7	22.27	1081.13	612.614
-16.7	22.27	1080.19	641.672
-16.7	22.27	1079.25	607.0930000000001
-16.7	22.27	1078.31	659.997
-16.7	22.27	1077.36	606.877
-16.7	22.27	1076.42	604.119
-16.7	22.27	1075.48	617.257
-16.7	22.27	1074.53	643.634
-16.7	22.27	1073.59	619.685
-16.7	22.27	1072.64	622.222
-16.7	22.27	1071.7	600.933
-16.7	22.27	1070.75	598.179
-16.7	22.27	1069.81	624.535
-16.7	22.27	1068.86	613.841
-16.7	22.27	1067.92	544.951
-16.7	22.27	1066.97	650.65
-16.7	22.27	1066.03	618.8009999999999
-16.7	22.27	1065.08	586.9630000000001
-16.7	22.27	1064.14	600.075
-16.7	22.27	1063.19	626.398
-16.7	22.27	1062.25	584.006
-16.7	22.27	1061.3	570.691
-16.7	22.27	1060.35	641.913
-16.7	22.27	1059.41	581.052
-16.7	22.27	1058.46	649.605
-16.7	22.27	1057.51	601.966
-16.7	22.27	1056.57	609.7769999999999
-16.7	22.27	1055.62	633.422
-16.7	22.27	1054.67	601.643
-16.7	22.27	1053.72	598.8969999999999
-16.7	22.27	1052.78	611.979
-16.7	22.27	1051.83	617.145
-16.7	22.27	1050.88	667.1360000000001
-16.7	22.27	1049.93	577.378
-16.7	22.27	1048.98	622.086
-16.7	22.27	1048.03	664.1419999999999
-16.7	22.27	1047.09	592.878
-16.7	22.27	1046.14	613.849
-16.7	22.27	1045.19	587.398
-16.7	22.27	1044.24	655.7669999999999
-16.7	22.27	1043.29	589.821
-16.7	22.27	1042.34	579.185
-16.7	22.27	1041.39	600.139
-16.7	22.27	1040.44	631.612
-16.7	22.27	1039.49	576.243
-16.7	22.27	1038.54	578.771
-16.7	22.27	1037.59	578.6669999999999
-16.7	22.27	1036.64	589.0830000000001
-16.7	22.27	1035.69	646.8240000000001
-16.7	22.27	1034.74	575.7280000000001
-16.7	22.27	1033.79	583.51
-16.7	22.27	1032.83	601.8009999999999
-16.7	22.27	1031.88	635.851
-16.7	22.27	1030.93	635.737
-16.7	22.27	1029.98	611.984
-16.7	22.27	1029.03	585.614
-16.7	22.27	1028.07	593.386
-16.7	22.27	1027.12	648.4069999999999
-16.7	22.27	1026.17	606.297
-16.7	22.27	1025.22	637.679
-16.7	22.27	1024.26	600.832
-16.7	22.27	1023.31	553.506
-16.7	22.27	1022.36	653.073
-16.7	22.27	1021.4	605.754
-16.7	22.27	1020.45	576.805
-16.7	22.27	1019.5	581.945
-16.7	22.27	1018.54	618.533
-16.7	22.27	1017.59	628.904
-16.7	22.27	1016.64	558.052
-16.7	22.27	1015.68	610.342
-16.7	22.27	1014.73	623.328
-16.7	22.27	1013.77	610.123
-16.7	22.27	1012.82	500.05400000000003
-16.7	22.27	1011.86	609.905
-16.7	22.27	1010.91	594.092
-16.7	22.27	1009.95	578.286
-16.7	22.27	1009.0	599.112
-16.7	22.27	1008.04	578.078
-16.7	22.27	1007.08	604.128
-16.7	22.27	1006.13	604.019
-16.7	22.27	1005.17	582.996
-16.7	22.27	1004.22	609.03
-16.7	22.27	1003.26	601.081
-16.7	22.27	1002.3	600.9730000000001
-16.7	22.27	1001.34	598.253
-16.7	22.27	1000.39	632.101
-16.7	22.27	999.431	637.211
-16.7	22.27	998.4730000000001	550.932
-16.7	22.27	997.515	616.0980000000001
-16.7	22.27	996.558	589.886
-16.7	22.27	995.6	618.486
-16.7	22.27	994.6410000000001	602.72
-16.7	22.27	993.683	573.9159999999999
-16.7	22.27	992.725	586.854
-16.7	22.27	991.7660000000001	594.572
-16.7	22.27	990.807	565.785
-16.7	22.27	989.8480000000001	599.572
-16.7	22.27	988.8889999999999	549.944
-16.7	22.27	987.93	599.357
-16.7	22.27	986.97	617.487
-16.7	22.27	986.01	617.377
-16.7	22.27	985.05	627.684
-16.7	22.27	984.09	596.323
-16.7	22.27	983.13	596.215
-16.7	22.27	982.17	580.49
-16.7	22.27	981.209	606.4119999999999
-16.7	22.27	980.248	614.109
-16.7	22.27	979.288	621.804
-16.7	22.27	978.326	569.668
-16.7	22.27	977.365	616.379
-16.7	22.27	976.404	577.264
-16.7	22.27	975.442	587.559
-16.7	22.27	974.48	556.262
-16.7	22.27	973.518	608.139
-16.7	22.27	972.556	561.258
-16.7	22.27	971.5939999999999	516.992
-16.7	22.27	970.632	625.994
-16.7	22.27	969.669	568.747
-16.7	22.27	968.706	594.61
-16.7	22.27	967.743	594.503
-16.7	22.27	966.78	586.609
-16.7	22.27	965.817	594.289
-16.7	22.27	964.8530000000001	599.372
-16.7	22.27	963.8889999999999	570.727
-16.7	22.27	962.926	560.25
-16.7	22.27	961.961	643.134
-16.7	22.27	960.997	583.383
-16.7	22.27	960.033	570.317
-16.7	22.27	959.068	536.52
-16.7	22.27	958.1039999999999	575.294
-16.7	22.27	957.1389999999999	546.69
-16.7	22.27	956.174	544.001
-16.7	22.27	955.2080000000001	621.604
-16.7	22.27	954.243	613.7230000000001
-16.7	22.27	953.2769999999999	538.529
-16.7	22.27	952.312	546.198
-16.7	22.27	951.346	623.745
-16.7	22.27	950.38	615.869
-16.7	22.27	949.413	548.491
-16.7	22.27	948.447	576.846
-16.7	22.27	947.48	592.26
-16.7	22.27	946.513	524.922
-16.7	22.27	945.546	529.998
-16.7	22.27	944.579	584.185
-16.7	22.27	943.612	597.002
-16.7	22.27	942.6439999999999	622.734
-16.7	22.27	941.677	576.119
-16.7	22.27	940.709	568.266
-16.7	22.27	939.7410000000001	575.911
-16.7	22.27	938.773	583.554
-16.7	22.27	937.804	557.632
-16.7	22.27	936.836	575.6
-16.7	22.27	935.867	536.786
-16.7	22.27	934.898	626.997
-16.7	22.27	933.929	549.491
-16.7	22.27	932.96	554.5509999999999
-16.7	22.27	931.99	569.924
-16.7	22.27	931.0210000000001	533.724
-16.7	22.27	930.051	564.562
-16.7	22.27	929.081	659.826
-16.7	22.27	928.1110000000001	600.436
-16.7	22.27	927.1410000000001	595.175
-16.7	22.27	926.17	602.7959999999999
-16.7	22.27	925.199	625.867
-16.7	22.27	924.2289999999999	535.625
-16.7	22.27	923.258	525.23
-16.7	22.27	922.2860000000001	599.7869999999999
-16.7	22.27	921.315	597.105
-16.7	22.27	920.3439999999999	558.398
-16.7	22.27	919.372	573.734
-16.7	22.27	918.4	609.643
-16.7	22.27	917.428	540.092
-16.7	22.27	916.456	539.995
-16.7	22.27	915.4830000000001	524.472
-16.7	22.27	914.5110000000001	537.229
-16.7	22.27	913.538	609.0930000000001
-16.7	22.27	912.565	575.5790000000001
-16.7	22.27	911.592	565.198
-16.7	22.27	910.6189999999999	588.214
-16.7	22.27	909.645	575.2669999999999
-16.7	22.27	908.671	603.408
-16.7	22.27	907.698	559.656
-16.7	22.27	906.7239999999999	610.89
-16.7	22.27	905.75	577.418
-16.7	22.27	904.775	538.826
-16.7	22.27	903.801	577.2090000000001
-16.7	22.27	902.826	592.494
-16.7	22.27	901.8510000000001	559.049
-16.7	22.27	900.8760000000001	576.896
-16.7	22.27	899.9010000000001	551.1569999999999
-16.7	22.27	898.925	610.007
-16.7	22.27	897.95	556.082
-16.7	22.27	896.9739999999999	563.668
-16.7	22.27	895.998	568.69
-16.7	22.27	895.0219999999999	604.444
-16.7	22.27	894.046	578.727
-16.7	22.27	893.069	563.261
-16.7	22.27	892.0930000000001	568.278
-16.7	22.27	891.1160000000001	542.582
-16.7	22.27	890.1389999999999	580.867
-16.7	22.27	889.1619999999999	560.295
-16.7	22.27	888.184	598.563
-16.7	22.27	887.207	608.685
-16.7	22.27	886.2289999999999	547.206
-16.7	22.27	885.2510000000001	526.654
-16.7	22.27	884.273	600.686
-16.7	22.27	883.295	534.13
-16.7	22.27	882.317	546.81
-16.7	22.27	881.3380000000001	602.914
-16.7	22.27	880.3589999999999	582.371
-16.7	22.27	879.38	572.0509999999999
-16.7	22.27	878.4010000000001	589.82
-16.7	22.27	877.422	538.656
-16.7	22.27	876.442	579.3969999999999
-16.7	22.27	875.4630000000001	563.981
-16.7	22.27	874.4830000000001	568.981
-16.7	22.27	873.503	525.511
-16.7	22.27	872.523	581.528
-16.7	22.27	871.5419999999999	568.672
-16.7	22.27	870.562	558.371
-16.7	22.27	869.581	596.507
-16.7	22.27	868.6	591.302
-16.7	22.27	867.6189999999999	563.164
-16.7	22.27	866.638	596.183
-16.7	22.27	865.6569999999999	611.359
-16.7	22.27	864.675	603.607
-16.7	22.27	863.693	550.024
-16.7	22.27	862.711	608.481
-16.7	22.27	861.7289999999999	590.552
-16.7	22.27	860.747	582.81
-16.7	22.27	859.7639999999999	552.169
-16.7	22.27	858.7819999999999	582.5980000000001
-16.7	22.27	857.799	656.258
-16.7	22.27	856.816	579.844
-16.7	22.27	855.8330000000001	549.226
-16.7	22.27	854.8489999999999	577.091
-16.7	22.27	853.8660000000001	683.742
-16.7	22.27	852.882	551.469
-16.7	22.27	851.898	551.369
-16.7	22.27	850.914	612.239
-16.7	22.27	849.93	584.188
-16.7	22.27	848.945	548.529
-16.7	22.27	847.961	622.061
-16.7	22.27	846.9760000000001	614.3330000000001
-16.7	22.27	845.9910000000001	631.988
-16.7	22.27	845.0060000000001	565.895
-16.7	22.27	844.02	586.089
-16.7	22.27	843.035	578.373
-16.7	22.27	842.049	593.485
-16.7	22.27	841.063	590.842
-16.7	22.27	840.077	550.169
-16.7	22.27	839.091	631.185
-16.7	22.27	838.1039999999999	577.8480000000001
-16.7	22.27	837.118	587.879
-16.7	22.27	836.1310000000001	635.909
-16.7	22.27	835.1439999999999	643.3919999999999
-16.7	22.27	834.1569999999999	562.2330000000001
-16.7	22.27	833.17	584.92
-16.7	22.27	832.182	655.7
-16.7	22.27	831.195	604.957
-16.7	22.27	830.207	549.1709999999999
-16.7	22.27	829.2189999999999	581.964
-16.7	22.27	828.23	589.448
-16.7	22.27	827.242	569.106
-16.7	22.27	826.253	558.887
-16.7	22.27	825.265	589.127
-16.7	22.27	824.2760000000001	530.876
-16.7	22.27	823.2869999999999	563.637
-16.7	22.27	822.297	563.535
-16.7	22.27	821.308	543.22
-16.7	22.27	820.318	636.5880000000001
-16.7	22.27	819.328	558.1759999999999
-16.7	22.27	818.3380000000001	595.953
-16.7	22.27	817.3480000000001	603.419
-16.7	22.27	816.3580000000001	593.212
-16.7	22.27	815.367	610.771
-16.7	22.27	814.377	542.528
-16.7	22.27	813.3860000000001	608.026
-16.7	22.27	812.395	653.32
-16.7	22.27	811.403	575.018
-16.7	22.27	810.4119999999999	582.4780000000001
-16.7	22.27	809.42	615.1469999999999
-16.7	22.27	808.428	579.746
-16.7	22.27	807.436	534.2769999999999
-16.7	22.27	806.444	607.252
-16.7	22.27	805.452	586.987
-16.7	22.27	804.459	549.0980000000001
-16.7	22.27	803.467	601.883
-16.7	22.27	802.4739999999999	626.953
-16.7	22.27	801.4810000000001	596.629
-16.7	22.27	800.487	521.012
-16.7	22.27	799.4939999999999	566.214
-16.7	22.27	798.5	573.659
-16.7	22.27	797.507	571.039
-16.7	22.27	796.513	570.935
-16.7	22.27	795.518	585.919
-16.7	22.27	794.5239999999999	578.27
-16.7	22.27	793.529	585.706
-16.7	22.27	792.535	580.572
-16.7	22.27	791.54	565.389
-16.7	22.27	790.545	645.683
-16.7	22.27	789.55	585.279
-16.7	22.27	788.554	552.523
-16.7	22.27	787.559	595.109
-16.7	22.27	786.563	562.364
-16.7	22.27	785.567	562.261
-16.7	22.27	784.571	567.178
-16.7	22.27	783.574	529.437
-16.7	22.27	782.578	571.989
-16.7	22.27	781.581	561.851
-16.7	22.27	780.584	594.35
-16.7	22.27	779.587	571.6759999999999
-16.7	22.27	778.59	574.078
-16.7	22.27	777.592	538.884
-16.7	22.27	776.595	551.315
-16.7	22.27	775.597	561.237
-16.7	22.27	774.5989999999999	588.69
-16.7	22.27	773.6010000000001	551.013
-16.7	22.27	772.602	553.4169999999999
-16.7	22.27	771.6039999999999	575.849
-16.7	22.27	770.605	580.751
-16.7	22.27	769.6060000000001	565.628
-16.7	22.27	768.607	558.018
-16.7	22.27	767.6080000000001	557.9159999999999
-16.7	22.27	766.6089999999999	540.304
-16.7	22.27	765.6089999999999	592.726
-16.7	22.27	764.6089999999999	590.117
-16.7	22.27	763.6089999999999	592.509
-16.7	22.27	762.6089999999999	597.4
-16.7	22.27	761.6089999999999	592.293
-16.7	22.27	760.6080000000001	602.179
-16.7	22.27	759.607	582.0830000000001
-16.7	22.27	758.607	584.475
-16.7	22.27	757.605	626.822
-16.7	22.27	756.6039999999999	566.783
-16.7	22.27	755.6030000000001	541.716
-16.7	22.27	754.6010000000001	524.146
-16.7	22.27	753.5989999999999	581.446
-16.7	22.27	752.597	551.399
-16.7	22.27	751.595	583.7280000000001
-16.7	22.27	750.5930000000001	576.139
-16.7	22.27	749.59	583.514
-16.7	22.27	748.587	526.064
-16.7	22.27	747.585	600.75
-16.7	22.27	746.581	565.748
-16.7	22.27	745.578	550.694
-16.7	22.27	744.575	535.645
-16.7	22.27	743.571	582.875
-16.7	22.27	742.567	555.373
-16.7	22.27	741.563	560.251
-16.7	22.27	740.559	567.617
-16.7	22.27	739.555	567.514
-16.7	22.27	738.55	542.523
-16.7	22.27	737.545	579.747
-16.7	22.27	736.54	564.714
-16.7	22.27	735.535	574.56
-16.7	22.27	734.53	557.047
-16.7	22.27	733.525	554.4590000000001
-16.7	22.27	732.5189999999999	559.3290000000001
-16.7	22.27	731.513	598.994
-16.7	22.27	730.507	564.095
-16.7	22.27	729.5010000000001	556.538
-16.7	22.27	728.4939999999999	544.015
-16.7	22.27	727.488	578.687
-16.7	22.27	726.4810000000001	561.198
-16.7	22.27	725.4739999999999	531.303
-16.7	22.27	724.467	570.922
-16.7	22.27	723.46	578.263
-16.7	22.27	722.452	543.418
-16.7	22.27	721.444	565.6469999999999
-16.7	22.27	720.436	582.906
-16.7	22.27	719.428	565.439
-16.7	22.27	718.42	557.8969999999999
-16.7	22.27	717.4119999999999	565.232
-16.7	22.27	716.403	622.137
-16.7	22.27	715.3939999999999	565.025
-16.7	22.27	714.385	505.45599999999996
-16.7	22.27	713.3760000000001	527.659
-16.7	22.27	712.367	564.714
-16.7	22.27	711.357	537.371
-16.7	22.27	710.347	574.411
-16.7	22.27	709.3380000000001	569.355
-16.7	22.27	708.327	596.475
-16.7	22.27	707.317	603.79
-16.7	22.27	706.307	596.257
-16.7	22.27	705.296	556.569
-16.7	22.27	704.285	551.521
-16.7	22.27	703.2739999999999	536.5830000000001
-16.7	22.27	702.263	553.7909999999999
-16.7	22.27	701.252	526.499
-16.7	22.27	700.24	565.944
-16.7	22.27	699.2280000000001	570.7819999999999
-16.7	22.27	698.216	560.7959999999999
-16.7	22.27	697.204	560.693
-16.7	22.27	696.192	565.529
-16.7	22.27	695.179	612.3380000000001
-16.7	22.27	694.1669999999999	634.444
-16.7	22.27	693.154	594.836
-16.7	22.27	692.1410000000001	614.469
-16.7	22.27	691.127	589.683
-16.7	22.27	690.1139999999999	643.845
-16.7	22.27	689.1	609.198
-16.7	22.27	688.086	579.495
-16.7	22.27	687.072	594.181
-16.7	22.27	686.058	618.722
-16.7	22.27	685.044	589.034
-16.7	22.27	684.029	603.71
-16.7	22.27	683.015	652.873
-16.7	22.27	682.0	620.731
-16.7	22.27	680.985	598.452
-16.7	22.27	679.9689999999999	645.126
-16.7	22.27	678.954	627.775
-16.7	22.27	677.938	625.198
-16.7	22.27	676.922	585.7080000000001
-16.7	22.27	675.9060000000001	661.8760000000001
-16.7	22.27	674.89	627.313
-16.7	22.27	673.8739999999999	644.415
-16.7	22.27	672.857	592.655
-16.7	22.27	671.84	626.967
-16.7	22.27	670.823	589.9780000000001
-16.7	22.27	669.806	607.0740000000001
-16.7	22.27	668.789	602.048
-16.7	22.27	667.7710000000001	668.273
-16.7	22.27	666.753	616.565
-16.7	22.27	665.735	599.26
-16.7	22.27	664.717	613.883
-16.7	22.27	663.699	601.495
-16.7	22.27	662.68	628.385
-16.7	22.27	661.6619999999999	613.544
-16.7	22.27	660.643	613.431
-16.7	22.27	659.6239999999999	601.052
-16.7	22.27	658.605	613.206
-16.7	22.27	657.585	659.688
-16.7	22.27	656.566	612.98
-16.7	22.27	655.546	590.804
-16.7	22.27	654.526	598.048
-16.7	22.27	653.506	637.1469999999999
-16.7	22.27	652.485	629.68
-16.7	22.27	651.465	590.369
-16.7	22.27	650.444	595.159
-16.7	22.27	649.423	617.0880000000001
-16.7	22.27	648.4019999999999	604.7330000000001
-16.7	22.27	647.381	611.965
-16.7	22.27	646.359	594.72
-16.7	22.27	645.3380000000001	606.846
-16.7	22.27	644.316	601.841
-16.7	22.27	643.294	611.514
-16.7	22.27	642.271	626.075
-16.7	22.27	641.249	616.179
-16.7	22.27	640.226	628.289
-16.7	22.27	639.2040000000001	620.841
-16.7	22.27	638.181	654.939
-16.7	22.27	637.1569999999999	603.508
-16.7	22.27	636.134	613.169
-16.7	22.27	635.11	610.613
-16.7	22.27	634.087	590.965
-16.7	22.27	633.063	625.0369999999999
-16.7	22.27	632.039	600.511
-16.7	22.27	631.014	651.654
-16.7	22.27	629.99	578.328
-16.7	22.27	628.965	619.697
-16.7	22.27	627.94	604.947
-16.7	22.27	626.915	587.763
-16.7	22.27	625.89	602.285
-16.7	22.27	624.864	607.05
-16.7	22.27	623.839	609.376
-16.7	22.27	622.813	662.878
-16.7	22.27	621.7869999999999	592.094
-16.7	22.27	620.761	606.602
-16.7	22.27	619.734	652.769
-16.7	22.27	618.7080000000001	603.943
-16.7	22.27	617.681	620.875
-16.7	22.27	616.654	623.195
-16.7	22.27	615.627	603.609
-16.7	22.27	614.599	552.395
-16.7	22.27	613.572	581.489
-16.7	22.27	612.544	661.6560000000001
-16.7	22.27	611.516	629.9159999999999
-16.7	22.27	610.488	566.577
-16.7	22.27	609.46	571.3340000000001
-16.7	22.27	608.431	607.69
-16.7	22.27	607.403	612.439
-16.7	22.27	606.374	639.054
-16.7	22.27	605.345	626.789
-16.7	22.27	604.316	646.105
-16.7	22.27	603.286	585.273
-16.7	22.27	602.257	587.592
-16.7	22.27	601.227	604.477
-16.7	22.27	600.197	614.0740000000001
