-16.7	-31.73	1799.64	2503.09
-16.7	-31.73	1798.82	2517.95
-16.7	-31.73	1798.0	2590.85
-16.7	-31.73	1797.18	2599.57
-16.7	-31.73	1796.37	2541.1
-16.7	-31.73	1795.55	2565.1
-16.7	-31.73	1794.73	2586.04
-16.7	-31.73	1793.91	2573.4
-16.7	-31.73	1793.09	2630.95
-16.7	-31.73	1792.27	2517.6
-16.7	-31.73	1791.45	2559.89
-16.7	-31.73	1790.63	2605.21
-16.7	-31.73	1789.81	2702.38
-16.7	-31.73	1788.99	2607.38
-16.7	-31.73	1788.17	2631.34
-16.7	-31.73	1787.35	2630.89
-16.7	-31.73	1786.53	2545.1
-16.7	-31.73	1785.71	2767.14
-16.7	-31.73	1784.89	2480.26
-16.7	-31.73	1784.07	2458.51
-16.7	-31.73	1783.25	2509.88
-16.7	-31.73	1782.43	2591.68
-16.7	-31.73	1781.61	2585.15
-16.7	-31.73	1780.79	2496.43
-16.7	-31.73	1779.97	2623.85
-16.7	-31.73	1779.14	2717.75
-16.7	-31.73	1778.32	2638.18
-16.7	-31.73	1777.5	2579.93
-16.7	-31.73	1776.68	2497.36
-16.7	-31.73	1775.86	2621.63
-16.7	-31.73	1775.03	2624.23
-16.7	-31.73	1774.21	2727.16
-16.7	-31.73	1773.39	2544.31
-16.7	-31.73	1772.57	2546.92
-16.7	-31.73	1771.74	2740.97
-16.7	-31.73	1770.92	2728.35
-16.7	-31.73	1770.1	2609.42
-16.7	-31.73	1769.28	2539.12
-16.7	-31.73	1768.45	2638.9
-16.7	-31.73	1767.63	2738.65
-16.7	-31.73	1766.81	2638.01
-16.7	-31.73	1765.98	2595.07
-16.7	-31.73	1765.16	2719.05
-16.7	-31.73	1764.33	2718.59
-16.7	-31.73	1763.51	2742.4
-16.7	-31.73	1762.69	2669.14
-16.7	-31.73	1761.86	2583.77
-16.7	-31.73	1761.04	2665.2
-16.7	-31.73	1760.21	2701.13
-16.7	-31.73	1759.39	2724.92
-16.7	-31.73	1758.56	2675.97
-16.7	-31.73	1757.74	2705.82
-16.7	-31.73	1756.91	2659.92
-16.7	-31.73	1756.09	2768.51
-16.7	-31.73	1755.26	2631.76
-16.7	-31.73	1754.44	2719.13
-16.7	-31.73	1753.61	2782.24
-16.7	-31.73	1752.78	2824.15
-16.7	-31.73	1751.96	2814.59
-16.7	-31.73	1751.13	2726.36
-16.7	-31.73	1750.31	2868.1
-16.7	-31.73	1749.48	2816.19
-16.7	-31.73	1748.65	2906.44
-16.7	-31.73	1747.83	2797.09
-16.7	-31.73	1747.0	2736.15
-16.7	-31.73	1746.17	2768.93
-16.7	-31.73	1745.34	2856.11
-16.7	-31.73	1744.52	2843.54
-16.7	-31.73	1743.69	2691.99
-16.7	-31.73	1742.86	2884.87
-16.7	-31.73	1742.03	2974.99
-16.7	-31.73	1741.21	2989.58
-16.7	-31.73	1740.38	2804.9
-16.7	-31.73	1739.55	2861.78
-16.7	-31.73	1738.72	2909.59
-16.7	-31.73	1737.89	2921.17
-16.7	-31.73	1737.07	2887.48
-16.7	-31.73	1736.24	2862.86
-16.7	-31.73	1735.41	2850.31
-16.7	-31.73	1734.58	3009.65
-16.7	-31.73	1733.75	2879.49
-16.7	-31.73	1732.92	2933.27
-16.7	-31.73	1732.09	2818.23
-16.7	-31.73	1731.26	2917.2
-16.7	-31.73	1730.43	2925.75
-16.7	-31.73	1729.6	2886.09
-16.7	-31.73	1728.77	2774.15
-16.7	-31.73	1727.94	2797.77
-16.7	-31.73	1727.11	2977.96
-16.7	-31.73	1726.28	2917.24
-16.7	-31.73	1725.45	2850.53
-16.7	-31.73	1724.62	2916.25
-16.7	-31.73	1723.79	2960.89
-16.7	-31.73	1722.96	2975.43
-16.7	-31.73	1722.13	2911.76
-16.7	-31.73	1721.3	2824.05
-16.7	-31.73	1720.46	2808.53
-16.7	-31.73	1719.63	2970.41
-16.7	-31.73	1718.8	2945.85
-16.7	-31.73	1717.97	2951.37
-16.7	-31.73	1717.14	2932.83
-16.7	-31.73	1716.3	2911.3
-16.7	-31.73	1715.47	2934.84
-16.7	-31.73	1714.64	2958.37
-16.7	-31.73	1713.81	2924.84
-16.7	-31.73	1712.97	2912.33
-16.7	-31.73	1712.14	3025.91
-16.7	-31.73	1711.31	2968.37
-16.7	-31.73	1710.48	2997.87
-16.7	-31.73	1709.64	2991.36
-16.7	-31.73	1708.81	3008.85
-16.7	-31.73	1707.98	3023.34
-16.7	-31.73	1707.14	2872.88
-16.7	-31.73	1706.31	2962.34
-16.7	-31.73	1705.47	3000.81
-16.7	-31.73	1704.64	2994.3
-16.7	-31.73	1703.81	3134.64
-16.7	-31.73	1702.97	2987.29
-16.7	-31.73	1702.14	3025.73
-16.7	-31.73	1701.3	2929.37
-16.7	-31.73	1700.47	3195.4
-16.7	-31.73	1699.63	3060.12
-16.7	-31.73	1698.8	2999.72
-16.7	-31.73	1697.96	3133.91
-16.7	-31.73	1697.13	3103.45
-16.7	-31.73	1696.29	3073.0
-16.7	-31.73	1695.46	2985.71
-16.7	-31.73	1694.62	2982.22
-16.7	-31.73	1693.78	3044.51
-16.7	-31.73	1692.95	3178.55
-16.7	-31.73	1692.11	3201.93
-16.7	-31.73	1691.28	3123.67
-16.7	-31.73	1690.44	3126.12
-16.7	-31.73	1689.6	3239.14
-16.7	-31.73	1688.77	3107.13
-16.7	-31.73	1687.93	2999.07
-16.7	-31.73	1687.09	3007.52
-16.7	-31.73	1686.25	3204.09
-16.7	-31.73	1685.42	3185.63
-16.7	-31.73	1684.58	3164.19
-16.7	-31.73	1683.74	3199.47
-16.7	-31.73	1682.9	3234.73
-16.7	-31.73	1682.07	3347.55
-16.7	-31.73	1681.23	3323.12
-16.7	-31.73	1680.39	3158.51
-16.7	-31.73	1679.55	3143.06
-16.7	-31.73	1678.71	3395.96
-16.7	-31.73	1677.87	3353.65
-16.7	-31.73	1677.04	3308.37
-16.7	-31.73	1676.2	3283.96
-16.7	-31.73	1675.36	3304.26
-16.7	-31.73	1674.52	3339.44
-16.7	-31.73	1673.68	3303.13
-16.7	-31.73	1672.84	3237.06
-16.7	-31.73	1672.0	3352.62
-16.7	-31.73	1671.16	3390.75
-16.7	-31.73	1670.32	3515.19
-16.7	-31.73	1669.48	3416.38
-16.7	-31.73	1668.64	3299.76
-16.7	-31.73	1667.8	3456.86
-16.7	-31.73	1666.96	3483.04
-16.7	-31.73	1666.12	3360.52
-16.7	-31.73	1665.28	3288.59
-16.7	-31.73	1664.44	3436.67
-16.7	-31.73	1663.6	3676.85
-16.7	-31.73	1662.75	3497.91
-16.7	-31.73	1661.91	3327.94
-16.7	-31.73	1661.07	3621.49
-16.7	-31.73	1660.23	3570.38
-16.7	-31.73	1659.39	3608.37
-16.7	-31.73	1658.55	3483.05
-16.7	-31.73	1657.7	3547.77
-16.7	-31.73	1656.86	3564.97
-16.7	-31.73	1656.02	3792.89
-16.7	-31.73	1655.18	3649.81
-16.7	-31.73	1654.33	3580.95
-16.7	-31.73	1653.49	3577.37
-16.7	-31.73	1652.65	3630.14
-16.7	-31.73	1651.81	3884.54
-16.7	-31.73	1650.96	3720.81
-16.7	-31.73	1650.12	3657.93
-16.7	-31.73	1649.28	3683.98
-16.7	-31.73	1648.43	3840.4
-16.7	-31.73	1647.59	3747.9
-16.7	-31.73	1646.74	3699.86
-16.7	-31.73	1645.9	3702.19
-16.7	-31.73	1645.06	3891.08
-16.7	-31.73	1644.21	3792.71
-16.7	-31.73	1643.37	3871.99
-16.7	-31.73	1642.52	3732.22
-16.7	-31.73	1641.68	3802.6
-16.7	-31.73	1640.83	3943.97
-16.7	-31.73	1639.99	3931.47
-16.7	-31.73	1639.14	3794.74
-16.7	-31.73	1638.3	3882.81
-16.7	-31.73	1637.45	4035.89
-16.7	-31.73	1636.61	4052.94
-16.7	-31.73	1635.76	3972.44
-16.7	-31.73	1634.91	4089.97
-16.7	-31.73	1634.07	4109.95
-16.7	-31.73	1633.22	4280.59
-16.7	-31.73	1632.38	4102.64
-16.7	-31.73	1631.53	4140.33
-16.7	-31.73	1630.68	4242.97
-16.7	-31.73	1629.84	4289.47
-16.7	-31.73	1628.99	4359.58
-16.7	-31.73	1628.14	4172.91
-16.7	-31.73	1627.29	4361.04
-16.7	-31.73	1626.45	4525.5
-16.7	-31.73	1625.6	4613.22
-16.7	-31.73	1624.75	4408.94
-16.7	-31.73	1623.9	4493.69
-16.7	-31.73	1623.06	4663.91
-16.7	-31.73	1622.21	4910.71
-16.7	-31.73	1621.36	4629.9
-16.7	-31.73	1620.51	4546.6
-16.7	-31.73	1619.66	4757.94
-16.7	-31.73	1618.81	4951.54
-16.7	-31.73	1617.96	5044.93
-16.7	-31.73	1617.12	4817.34
-16.7	-31.73	1616.27	4704.64
-16.7	-31.73	1615.42	5171.86
-16.7	-31.73	1614.57	5103.28
-16.7	-31.73	1613.72	5017.07
-16.7	-31.73	1612.87	4854.4
-16.7	-31.73	1612.02	4974.17
-16.7	-31.73	1611.17	5114.49
-16.7	-31.73	1610.32	5078.33
-16.7	-31.73	1609.47	4983.38
-16.7	-31.73	1608.62	4953.13
-16.7	-31.73	1607.77	5125.69
-16.7	-31.73	1606.92	4989.63
-16.7	-31.73	1606.06	5035.79
-16.7	-31.73	1605.21	4814.61
-16.7	-31.73	1604.36	4849.03
-16.7	-31.73	1603.51	5209.39
-16.7	-31.73	1602.66	5052.89
-16.7	-31.73	1601.81	4823.05
-16.7	-31.73	1600.96	4936.69
-16.7	-31.73	1600.1	5035.62
-16.7	-31.73	1599.25	5002.48
-16.7	-31.73	1598.4	4787.48
-16.7	-31.73	1597.55	5088.76
-16.7	-31.73	1596.69	5049.76
-16.7	-31.73	1595.84	5216.02
-16.7	-31.73	1594.99	4971.81
-16.7	-31.73	1594.14	4777.51
-16.7	-31.73	1593.28	4975.97
-16.7	-31.73	1592.43	5089.38
-16.7	-31.73	1591.58	5009.41
-16.7	-31.73	1590.72	4826.96
-16.7	-31.73	1589.87	4943.27
-16.7	-31.73	1589.02	5147.38
-16.7	-31.73	1588.16	5049.89
-16.7	-31.73	1587.31	5028.53
-16.7	-31.73	1586.45	5065.72
-16.7	-31.73	1585.6	5044.36
-16.7	-31.73	1584.74	5040.57
-16.7	-31.73	1583.89	5039.71
-16.7	-31.73	1583.03	4842.9
-16.7	-31.73	1582.18	5052.6
-16.7	-31.73	1581.32	5300.22
-16.7	-31.73	1580.47	4951.48
-16.7	-31.73	1579.61	4971.09
-16.7	-31.73	1578.76	5014.07
-16.7	-31.73	1577.9	5197.26
-16.7	-31.73	1577.05	5178.84
-16.7	-31.73	1576.19	4818.73
-16.7	-31.73	1575.33	4963.9
-16.7	-31.73	1574.48	4971.81
-16.7	-31.73	1573.62	5105.23
-16.7	-31.73	1572.76	4867.96
-16.7	-31.73	1571.91	4773.75
-16.7	-31.73	1571.05	4872.12
-16.7	-31.73	1570.19	5060.88
-16.7	-31.73	1569.34	4975.44
-16.7	-31.73	1568.48	4849.2
-16.7	-31.73	1567.62	4860.02
-16.7	-31.73	1566.76	5074.89
-16.7	-31.73	1565.91	4864.18
-16.7	-31.73	1565.05	4860.43
-16.7	-31.73	1564.19	5043.14
-16.7	-31.73	1563.33	4940.32
-16.7	-31.73	1562.47	5201.59
-16.7	-31.73	1561.62	4982.3
-16.7	-31.73	1560.76	4835.88
-16.7	-31.73	1559.9	5350.28
-16.7	-31.73	1559.04	5096.15
-16.7	-31.73	1558.18	5089.46
-16.7	-31.73	1557.32	5068.21
-16.7	-31.73	1556.46	5177.88
-16.7	-31.73	1555.6	5235.16
-16.7	-31.73	1554.74	5376.75
-16.7	-31.73	1553.88	5166.49
-16.7	-31.73	1553.02	5060.95
-16.7	-31.73	1552.16	5382.69
-16.7	-31.73	1551.3	5381.77
-16.7	-31.73	1550.44	5270.43
-16.7	-31.73	1549.58	5092.33
-16.7	-31.73	1548.72	5396.41
-16.7	-31.73	1547.86	5317.08
-16.7	-31.73	1547.0	5229.06
-16.7	-31.73	1546.14	5097.53
-16.7	-31.73	1545.28	5201.14
-16.7	-31.73	1544.41	5426.59
-16.7	-31.73	1543.55	5306.7
-16.7	-31.73	1542.69	5056.31
-16.7	-31.73	1541.83	5351.28
-16.7	-31.73	1540.97	5350.36
-16.7	-31.73	1540.1	5416.13
-16.7	-31.73	1539.24	5432.59
-16.7	-31.73	1538.38	5280.93
-16.7	-31.73	1537.52	5491.57
-16.7	-31.73	1536.65	5444.27
-16.7	-31.73	1535.79	5556.31
-16.7	-31.73	1534.93	5422.12
-16.7	-31.73	1534.06	5580.46
-16.7	-31.73	1533.2	5576.6
-16.7	-31.73	1532.34	5593.01
-16.7	-31.73	1531.47	5586.26
-16.7	-31.73	1530.61	5565.04
-16.7	-31.73	1529.75	5876.57
-16.7	-31.73	1528.88	6031.77
-16.7	-31.73	1528.02	5880.33
-16.7	-31.73	1527.15	5885.1
-16.7	-31.73	1526.29	6014.2
-16.7	-31.73	1525.42	6203.96
-16.7	-31.73	1524.56	6194.22
-16.7	-31.73	1523.69	6213.38
-16.7	-31.73	1522.83	6512.82
-16.7	-31.73	1521.96	6693.7
-16.7	-31.73	1521.1	6706.98
-16.7	-31.73	1520.23	6598.97
-16.7	-31.73	1519.37	6886.58
-16.7	-31.73	1518.5	7035.51
-16.7	-31.73	1517.63	7149.76
-16.7	-31.73	1516.77	7073.49
-16.7	-31.73	1515.9	7101.13
-16.7	-31.73	1515.03	7290.31
-16.7	-31.73	1514.17	7297.7
-16.7	-31.73	1513.3	7282.02
-16.7	-31.73	1512.43	7006.84
-16.7	-31.73	1511.57	7141.13
-16.7	-31.73	1510.7	7399.32
-16.7	-31.73	1509.83	7184.77
-16.7	-31.73	1508.96	7002.0
-16.7	-31.73	1508.1	6606.1
-16.7	-31.73	1507.23	6812.35
-16.7	-31.73	1506.36	6822.7
-16.7	-31.73	1505.49	6533.57
-16.7	-31.73	1504.62	6293.48
-16.7	-31.73	1503.76	6263.61
-16.7	-31.73	1502.89	6587.74
-16.7	-31.73	1502.02	6143.47
-16.7	-31.73	1501.15	6021.58
-16.7	-31.73	1500.28	5776.03
-16.7	-31.73	1499.41	5953.35
-16.7	-31.73	1498.54	5900.56
-16.7	-31.73	1497.67	5597.66
-16.7	-31.73	1496.8	5608.19
-16.7	-31.73	1495.93	5931.99
-16.7	-31.73	1495.06	5758.55
-16.7	-31.73	1494.19	5432.91
-16.7	-31.73	1493.32	5509.52
-16.7	-31.73	1492.45	5769.93
-16.7	-31.73	1491.58	5731.6
-16.7	-31.73	1490.71	5457.86
-16.7	-31.73	1489.84	5637.76
-16.7	-31.73	1488.97	5613.83
-16.7	-31.73	1488.1	5919.9
-16.7	-31.73	1487.23	5563.11
-16.7	-31.73	1486.35	5418.72
-16.7	-31.73	1485.48	5584.13
-16.7	-31.73	1484.61	5809.7
-16.7	-31.73	1483.74	5699.75
-16.7	-31.73	1482.87	5578.37
-16.7	-31.73	1481.99	5482.82
-16.7	-31.73	1481.12	5688.2
-16.7	-31.73	1480.25	5758.84
-16.7	-31.73	1479.38	5545.86
-16.7	-31.73	1478.5	5642.28
-16.7	-31.73	1477.63	5475.22
-16.7	-31.73	1476.76	5803.53
-16.7	-31.73	1475.88	5710.92
-16.7	-31.73	1475.01	5357.89
-16.7	-31.73	1474.14	5791.93
-16.7	-31.73	1473.26	5948.29
-16.7	-31.73	1472.39	5792.79
-16.7	-31.73	1471.51	5754.6
-16.7	-31.73	1470.64	5890.87
-16.7	-31.73	1469.77	6107.14
-16.7	-31.73	1468.89	5911.7
-16.7	-31.73	1468.02	5876.38
-16.7	-31.73	1467.14	5761.05
-16.7	-31.73	1466.27	5960.06
-16.7	-31.73	1465.39	6230.41
-16.7	-31.73	1464.52	6037.96
-16.7	-31.73	1463.64	5839.88
-16.7	-31.73	1462.77	6115.82
-16.7	-31.73	1461.89	6263.2
-16.7	-31.73	1461.01	6147.95
-16.7	-31.73	1460.14	6158.3
-16.7	-31.73	1459.26	6131.55
-16.7	-31.73	1458.39	6395.79
-16.7	-31.73	1457.51	6272.04
-16.7	-31.73	1456.63	6350.8
-16.7	-31.73	1455.76	6232.8
-16.7	-31.73	1454.88	6565.26
-16.7	-31.73	1454.0	6518.51
-16.7	-31.73	1453.12	6431.89
-16.7	-31.73	1452.25	6356.7
-16.7	-31.73	1451.37	6432.51
-16.7	-31.73	1450.49	6613.68
-16.7	-31.73	1449.61	6296.43
-16.7	-31.73	1448.74	6158.67
-16.7	-31.73	1447.86	6410.97
-16.7	-31.73	1446.98	6557.86
-16.7	-31.73	1446.1	6169.7
-16.7	-31.73	1445.22	6063.35
-16.7	-31.73	1444.34	6247.21
-16.7	-31.73	1443.46	6234.75
-16.7	-31.73	1442.58	6082.95
-16.7	-31.73	1441.71	5999.43
-16.7	-31.73	1440.83	5933.01
-16.7	-31.73	1439.95	6054.2
-16.7	-31.73	1439.07	5950.84
-16.7	-31.73	1438.19	5782.17
-16.7	-31.73	1437.31	5835.14
-16.7	-31.73	1436.43	5905.14
-16.7	-31.73	1435.55	5705.32
-16.7	-31.73	1434.67	5630.51
-16.7	-31.73	1433.79	5464.87
-16.7	-31.73	1432.9	5497.98
-16.7	-31.73	1432.02	5531.09
-16.7	-31.73	1431.14	5623.76
-16.7	-31.73	1430.26	5412.85
-16.7	-31.73	1429.38	5573.59
-16.7	-31.73	1428.5	5632.17
-16.7	-31.73	1427.62	5483.75
-16.7	-31.73	1426.74	5221.98
-16.7	-31.73	1425.85	5442.16
-16.7	-31.73	1424.97	5486.56
-16.7	-31.73	1424.09	5346.77
-16.7	-31.73	1423.21	5175.86
-16.7	-31.73	1422.32	5157.97
-16.7	-31.73	1421.44	5434.61
-16.7	-31.73	1420.56	5354.38
-16.7	-31.73	1419.67	5231.72
-16.7	-31.73	1418.79	5094.94
-16.7	-31.73	1417.91	5408.19
-16.7	-31.73	1417.02	5444.03
-16.7	-31.73	1416.14	5445.91
-16.7	-31.73	1415.26	5312.03
-16.7	-31.73	1414.37	5415.74
-16.7	-31.73	1413.49	5553.35
-16.7	-31.73	1412.6	5575.0
-16.7	-31.73	1411.72	5350.73
-16.7	-31.73	1410.84	5604.15
-16.7	-31.73	1409.95	5741.63
-16.7	-31.73	1409.07	5692.6
-16.7	-31.73	1408.18	5618.17
-16.7	-31.73	1407.3	5628.49
-16.7	-31.73	1406.41	6003.06
-16.7	-31.73	1405.52	5685.82
-16.7	-31.73	1404.64	5735.64
-16.7	-31.73	1403.75	5678.2
-16.7	-31.73	1402.87	5905.76
-16.7	-31.73	1401.98	5901.92
-16.7	-31.73	1401.09	5703.44
-16.7	-31.73	1400.21	5803.97
-16.7	-31.73	1399.32	5865.0
-16.7	-31.73	1398.43	5985.2
-16.7	-31.73	1397.55	6057.45
-16.7	-31.73	1396.66	5740.75
-16.7	-31.73	1395.77	5829.92
-16.7	-31.73	1394.89	5950.05
-16.7	-31.73	1394.0	5847.61
-16.7	-31.73	1393.11	5801.53
-16.7	-31.73	1392.22	5797.7
-16.7	-31.73	1391.34	5850.18
-16.7	-31.73	1390.45	5846.35
-16.7	-31.73	1389.56	5631.44
-16.7	-31.73	1388.67	5633.27
-16.7	-31.73	1387.78	5663.24
-16.7	-31.73	1386.89	6005.42
-16.7	-31.73	1386.0	5605.02
-16.7	-31.73	1385.11	5643.41
-16.7	-31.73	1384.23	5957.3
-16.7	-31.73	1383.34	6026.53
-16.7	-31.73	1382.45	5817.51
-16.7	-31.73	1381.56	5757.49
-16.7	-31.73	1380.67	5787.39
-16.7	-31.73	1379.78	6013.9
-16.7	-31.73	1378.89	6029.71
-16.7	-31.73	1378.0	5759.09
-16.7	-31.73	1377.11	5937.77
-16.7	-31.73	1376.22	5858.13
-16.7	-31.73	1375.32	5859.92
-16.7	-31.73	1374.43	5794.36
-16.7	-31.73	1373.54	5821.4
-16.7	-31.73	1372.65	6047.59
-16.7	-31.73	1371.76	5968.01
-16.7	-31.73	1370.87	5950.15
-16.7	-31.73	1369.98	5803.33
-16.7	-31.73	1369.08	5987.31
-16.7	-31.73	1368.19	6089.96
-16.7	-31.73	1367.3	5884.35
-16.7	-31.73	1366.41	5838.5
-16.7	-31.73	1365.52	5787.06
-16.7	-31.73	1364.62	5951.29
-16.7	-31.73	1363.73	5773.84
-16.7	-31.73	1362.84	5739.24
-16.7	-31.73	1361.94	5897.78
-16.7	-31.73	1361.05	5927.54
-16.7	-31.73	1360.16	5859.35
-16.7	-31.73	1359.26	5824.75
-16.7	-31.73	1358.37	5991.57
-16.7	-31.73	1357.48	6035.27
-16.7	-31.73	1356.58	5941.94
-16.7	-31.73	1355.69	5809.5
-16.7	-31.73	1354.79	5928.68
-16.7	-31.73	1353.9	6246.25
-16.7	-31.73	1353.0	6105.44
-16.7	-31.73	1352.11	5883.67
-16.7	-31.73	1351.21	6153.59
-16.7	-31.73	1350.32	6213.96
-16.7	-31.73	1349.42	6466.97
-16.7	-31.73	1348.53	6122.45
-16.7	-31.73	1347.63	6389.34
-16.7	-31.73	1346.74	6823.6
-16.7	-31.73	1345.84	6649.4
-16.7	-31.73	1344.94	6704.04
-16.7	-31.73	1344.05	6725.18
-16.7	-31.73	1343.15	6891.34
-16.7	-31.73	1342.26	7166.19
-16.7	-31.73	1341.36	7212.33
-16.7	-31.73	1340.46	7099.57
-16.7	-31.73	1339.56	7179.15
-16.7	-31.73	1338.67	7386.88
-16.7	-31.73	1337.77	7106.99
-16.7	-31.73	1336.87	7027.75
-16.7	-31.73	1335.97	7073.87
-16.7	-31.73	1335.08	7306.53
-16.7	-31.73	1334.18	7107.59
-16.7	-31.73	1333.28	6905.93
-16.7	-31.73	1332.38	6865.76
-16.7	-31.73	1331.48	7131.68
-16.7	-31.73	1330.59	6824.41
-16.7	-31.73	1329.69	6706.39
-16.7	-31.73	1328.79	6938.82
-16.7	-31.73	1327.89	6798.58
-16.7	-31.73	1326.99	6588.88
-16.7	-31.73	1326.09	6723.93
-16.7	-31.73	1325.19	6581.01
-16.7	-31.73	1324.29	6929.97
-16.7	-31.73	1323.39	6900.98
-16.7	-31.73	1322.49	6647.0
-16.7	-31.73	1321.59	6640.28
-16.7	-31.73	1320.69	6969.55
-16.7	-31.73	1319.79	6732.35
-16.7	-31.73	1318.89	6747.82
-16.7	-31.73	1317.99	6491.32
-16.7	-31.73	1317.09	7011.84
-16.7	-31.73	1316.19	6866.35
-16.7	-31.73	1315.29	6676.53
-16.7	-31.73	1314.38	6550.56
-16.7	-31.73	1313.48	6871.06
-16.7	-31.73	1312.58	6883.71
-16.7	-31.73	1311.68	6685.71
-16.7	-31.73	1310.78	6496.08
-16.7	-31.73	1309.87	6627.95
-16.7	-31.73	1308.97	6474.41
-16.7	-31.73	1308.07	6575.76
-16.7	-31.73	1307.17	6317.06
-16.7	-31.73	1306.26	6487.62
-16.7	-31.73	1305.36	6588.92
-16.7	-31.73	1304.46	6247.3
-16.7	-31.73	1303.55	6307.09
-16.7	-31.73	1302.65	6358.56
-16.7	-31.73	1301.75	6540.03
-16.7	-31.73	1300.84	6483.56
-16.7	-31.73	1299.94	6051.0
-16.7	-31.73	1299.03	6215.85
-16.7	-31.73	1298.13	6449.74
-16.7	-31.73	1297.23	6233.01
-16.7	-31.73	1296.32	6154.54
-16.7	-31.73	1295.42	6175.56
-16.7	-31.73	1294.51	6240.78
-16.7	-31.73	1293.61	6192.73
-16.7	-31.73	1292.7	6119.84
-16.7	-31.73	1291.8	6262.35
-16.7	-31.73	1290.89	6393.76
-16.7	-31.73	1289.98	6243.59
-16.7	-31.73	1289.08	6195.58
-16.7	-31.73	1288.17	6213.81
-16.7	-31.73	1287.27	6405.83
-16.7	-31.73	1286.36	6374.36
-16.7	-31.73	1285.45	6309.81
-16.7	-31.73	1284.55	6361.09
-16.7	-31.73	1283.64	6660.47
-16.7	-31.73	1282.73	6609.69
-16.7	-31.73	1281.83	6542.38
-16.7	-31.73	1280.92	6431.02
-16.7	-31.73	1280.01	6567.64
-16.7	-31.73	1279.1	6558.22
-16.7	-31.73	1278.2	6551.56
-16.7	-31.73	1277.29	6297.09
-16.7	-31.73	1276.38	6664.88
-16.7	-31.73	1275.47	6922.44
-16.7	-31.73	1274.56	6767.11
-16.7	-31.73	1273.65	6466.01
-16.7	-31.73	1272.75	6682.2
-16.7	-31.73	1271.84	6774.55
-16.7	-31.73	1270.93	6710.11
-16.7	-31.73	1270.02	6356.98
-16.7	-31.73	1269.11	6636.27
-16.7	-31.73	1268.2	6588.38
-16.7	-31.73	1267.29	6675.16
-16.7	-31.73	1266.38	6506.38
-16.7	-31.73	1265.47	6436.56
-16.7	-31.73	1264.56	6594.73
-16.7	-31.73	1263.65	6318.95
-16.7	-31.73	1262.74	6197.03
-16.7	-31.73	1261.83	6138.29
-16.7	-31.73	1260.92	6205.83
-16.7	-31.73	1260.01	6042.83
-16.7	-31.73	1259.1	5874.4
-16.7	-31.73	1258.18	5645.67
-16.7	-31.73	1257.27	5781.82
-16.7	-31.73	1256.36	5920.66
-16.7	-31.73	1255.45	5524.79
-16.7	-31.73	1254.54	5414.16
-16.7	-31.73	1253.62	5676.33
-16.7	-31.73	1252.71	5765.77
-16.7	-31.73	1251.8	5509.94
-16.7	-31.73	1250.89	5415.83
-16.7	-31.73	1249.97	5409.4
-16.7	-31.73	1249.06	5772.66
-16.7	-31.73	1248.15	5582.73
-16.7	-31.73	1247.24	5579.0
-16.7	-31.73	1246.32	5728.56
-16.7	-31.73	1245.41	5845.22
-16.7	-31.73	1244.49	5685.5
-16.7	-31.73	1243.58	5780.24
-16.7	-31.73	1242.67	5847.6
-16.7	-31.73	1241.75	6136.44
-16.7	-31.73	1240.84	5968.58
-16.7	-31.73	1239.92	5921.05
-16.7	-31.73	1239.01	5966.47
-16.7	-31.73	1238.09	6285.14
-16.7	-31.73	1237.18	5997.16
-16.7	-31.73	1236.26	5851.32
-16.7	-31.73	1235.35	6025.09
-16.7	-31.73	1234.43	6078.64
-16.7	-31.73	1233.52	6104.87
-16.7	-31.73	1232.6	5877.22
-16.7	-31.73	1231.69	6012.65
-16.7	-31.73	1230.77	6025.23
-16.7	-31.73	1229.85	6046.0
-16.7	-31.73	1228.94	5720.32
-16.7	-31.73	1228.02	5754.76
-16.7	-31.73	1227.1	5819.2
-16.7	-31.73	1226.19	5796.36
-16.7	-31.73	1225.27	5596.34
-16.7	-31.73	1224.35	5587.18
-16.7	-31.73	1223.43	5793.29
-16.7	-31.73	1222.52	5743.23
-16.7	-31.73	1221.6	5510.67
-16.7	-31.73	1220.68	5575.07
-16.7	-31.73	1219.76	5669.39
-16.7	-31.73	1218.84	5673.83
-16.7	-31.73	1217.93	5525.84
-16.7	-31.73	1217.01	5587.46
-16.7	-31.73	1216.09	5855.87
-16.7	-31.73	1215.17	5890.2
-16.7	-31.73	1214.25	5532.82
-16.7	-31.73	1213.33	5580.8
-16.7	-31.73	1212.41	5753.84
-16.7	-31.73	1211.49	5701.17
-16.7	-31.73	1210.57	5605.02
-16.7	-31.73	1209.65	5465.43
-16.7	-31.73	1208.73	5676.41
-16.7	-31.73	1207.81	5770.5
-16.7	-31.73	1206.89	5668.97
-16.7	-31.73	1205.97	5548.47
-16.7	-31.73	1205.05	5718.56
-16.7	-31.73	1204.13	5736.56
-16.7	-31.73	1203.21	5583.53
-16.7	-31.73	1202.29	5441.42
-16.7	-31.73	1201.37	5717.23
-16.7	-31.73	1200.45	5732.5
-16.7	-31.73	1199.52	5498.21
-16.7	-31.73	1198.6	5594.87
-16.7	-31.73	1197.68	5783.69
-16.7	-31.73	1196.76	5942.62
-16.7	-31.73	1195.84	5735.57
-16.7	-31.73	1194.91	5802.31
-16.7	-31.73	1193.99	5869.02
-16.7	-31.73	1193.07	6008.86
-16.7	-31.73	1192.14	5815.48
-16.7	-31.73	1191.22	5825.29
-16.7	-31.73	1190.3	6054.41
-16.7	-31.73	1189.37	6012.73
-16.7	-31.73	1188.45	6098.28
-16.7	-31.73	1187.53	6051.2
-16.7	-31.73	1186.6	5917.54
-16.7	-31.73	1185.68	6303.35
-16.7	-31.73	1184.76	5977.66
-16.7	-31.73	1183.83	6322.76
-16.7	-31.73	1182.91	6356.79
-16.7	-31.73	1181.98	6185.35
-16.7	-31.73	1181.06	6195.07
-16.7	-31.73	1180.13	6145.33
-16.7	-31.73	1179.21	6117.22
-16.7	-31.73	1178.28	6316.05
-16.7	-31.73	1177.36	6096.15
-16.7	-31.73	1176.43	6176.08
-16.7	-31.73	1175.5	6496.3
-16.7	-31.73	1174.58	6457.35
-16.7	-31.73	1173.65	6442.71
-16.7	-31.73	1172.72	6430.78
-16.7	-31.73	1171.8	6532.17
-16.7	-31.73	1170.87	6719.85
-16.7	-31.73	1169.94	6519.06
-16.7	-31.73	1169.02	6687.8
-16.7	-31.73	1168.09	6791.77
-16.7	-31.73	1167.16	7151.79
-16.7	-31.73	1166.24	6932.21
-16.7	-31.73	1165.31	7063.03
-16.7	-31.73	1164.38	7088.72
-16.7	-31.73	1163.45	7459.21
-16.7	-31.73	1162.52	7441.73
-16.7	-31.73	1161.6	7173.82
-16.7	-31.73	1160.67	7651.79
-16.7	-31.73	1159.74	7518.53
-16.7	-31.73	1158.81	7301.88
-16.7	-31.73	1157.88	7155.27
-16.7	-31.73	1156.95	7030.24
-16.7	-31.73	1156.02	7115.08
-16.7	-31.73	1155.09	6659.28
-16.7	-31.73	1154.16	6676.93
-16.7	-31.73	1153.23	6570.89
-16.7	-31.73	1152.3	6774.02
-16.7	-31.73	1151.37	6340.11
-16.7	-31.73	1150.44	6306.74
-16.7	-31.73	1149.51	6383.53
-16.7	-31.73	1148.58	6344.79
-16.7	-31.73	1147.65	6338.3
-16.7	-31.73	1146.72	6084.76
-16.7	-31.73	1145.79	6346.79
-16.7	-31.73	1144.86	6624.83
-16.7	-31.73	1143.92	6653.17
-16.7	-31.73	1142.99	6482.94
-16.7	-31.73	1142.06	6865.44
-16.7	-31.73	1141.13	7046.62
-16.7	-31.73	1140.2	6986.37
-16.7	-31.73	1139.26	6727.71
-16.7	-31.73	1138.33	7179.6
-16.7	-31.73	1137.4	6912.96
-16.7	-31.73	1136.47	6694.65
-16.7	-31.73	1135.53	6594.32
-16.7	-31.73	1134.6	6622.62
-16.7	-31.73	1133.67	6535.72
-16.7	-31.73	1132.73	6333.71
-16.7	-31.73	1131.8	6056.79
-16.7	-31.73	1130.87	6328.78
-16.7	-31.73	1129.93	6169.73
-16.7	-31.73	1129.0	5941.16
-16.7	-31.73	1128.06	5894.61
-16.7	-31.73	1127.13	6179.82
-16.7	-31.73	1126.19	6336.53
-16.7	-31.73	1125.26	6225.76
-16.7	-31.73	1124.32	6064.22
-16.7	-31.73	1123.39	6341.17
-16.7	-31.73	1122.45	6663.46
-16.7	-31.73	1121.52	6501.93
-16.7	-31.73	1120.58	6629.03
-16.7	-31.73	1119.65	6790.81
-16.7	-31.73	1118.71	6968.56
-16.7	-31.73	1117.78	6641.52
-16.7	-31.73	1116.84	7019.48
-16.7	-31.73	1115.9	7015.56
-16.7	-31.73	1114.97	7385.31
-16.7	-31.73	1114.03	6989.05
-16.7	-31.73	1113.09	6870.41
-16.7	-31.73	1112.15	6981.23
-16.7	-31.73	1111.22	7198.69
-16.7	-31.73	1110.28	6760.07
-16.7	-31.73	1109.34	6820.19
-16.7	-31.73	1108.4	6933.61
-16.7	-31.73	1107.47	6889.73
-16.7	-31.73	1106.53	6608.7
-16.7	-31.73	1105.59	6426.35
-16.7	-31.73	1104.65	6507.78
-16.7	-31.73	1103.71	6658.44
-16.7	-31.73	1102.77	6329.72
-16.7	-31.73	1101.83	6368.53
-16.7	-31.73	1100.9	6559.05
-16.7	-31.73	1099.96	6355.61
-16.7	-31.73	1099.02	6341.17
-16.7	-31.73	1098.08	6191.06
-16.7	-31.73	1097.14	6248.47
-16.7	-31.73	1096.2	6305.87
-16.7	-31.73	1095.26	6115.95
-16.7	-31.73	1094.32	6061.69
-16.7	-31.73	1093.38	6180.23
-16.7	-31.73	1092.44	6420.98
-16.7	-31.73	1091.49	6135.51
-16.7	-31.73	1090.55	6139.73
-16.7	-31.73	1089.61	6406.92
-16.7	-31.73	1088.67	6373.91
-16.7	-31.73	1087.73	6340.91
-16.7	-31.73	1086.79	6419.42
-16.7	-31.73	1085.85	6460.75
-16.7	-31.73	1084.9	6605.56
-16.7	-31.73	1083.96	6421.3
-16.7	-31.73	1083.02	6438.72
-16.7	-31.73	1082.08	6464.1
-16.7	-31.73	1081.13	6492.12
-16.7	-31.73	1080.19	6223.16
-16.7	-31.73	1079.25	6267.11
-16.7	-31.73	1078.31	6533.7
-16.7	-31.73	1077.36	6537.84
-16.7	-31.73	1076.42	6435.99
-16.7	-31.73	1075.48	6397.75
-16.7	-31.73	1074.53	6611.15
-16.7	-31.73	1073.59	6647.05
-16.7	-31.73	1072.64	6574.37
-16.7	-31.73	1071.7	6861.75
-16.7	-31.73	1070.75	7358.13
-16.7	-31.73	1069.81	7274.78
-16.7	-31.73	1068.86	7141.19
-16.7	-31.73	1067.92	7171.66
-16.7	-31.73	1066.97	7342.3
-16.7	-31.73	1066.03	7153.23
-16.7	-31.73	1065.08	6808.24
-16.7	-31.73	1064.14	6888.97
-16.7	-31.73	1063.19	6787.3
-16.7	-31.73	1062.25	6825.73
-16.7	-31.73	1061.3	6544.45
-16.7	-31.73	1060.35	6540.64
-16.7	-31.73	1059.41	6658.32
-16.7	-31.73	1058.46	6472.29
-16.7	-31.73	1057.51	6389.28
-16.7	-31.73	1056.57	6396.06
-16.7	-31.73	1055.62	6635.09
-16.7	-31.73	1054.67	6465.02
-16.7	-31.73	1053.72	6091.87
-16.7	-31.73	1052.78	6351.92
-16.7	-31.73	1051.83	6358.7
-16.7	-31.73	1050.88	6172.98
-16.7	-31.73	1049.93	5855.51
-16.7	-31.73	1048.98	6009.98
-16.7	-31.73	1048.03	6161.77
-16.7	-31.73	1047.09	5955.13
-16.7	-31.73	1046.14	5817.07
-16.7	-31.73	1045.19	5945.1
-16.7	-31.73	1044.24	5872.93
-16.7	-31.73	1043.29	5724.43
-16.7	-31.73	1042.34	5607.56
-16.7	-31.73	1041.39	5772.39
-16.7	-31.73	1040.44	5752.93
-16.7	-31.73	1039.49	5515.09
-16.7	-31.73	1038.54	5574.61
-16.7	-31.73	1037.59	5623.59
-16.7	-31.73	1036.64	5614.7
-16.7	-31.73	1035.69	5505.89
-16.7	-31.73	1034.74	5397.12
-16.7	-31.73	1033.79	5632.71
-16.7	-31.73	1032.83	5531.84
-16.7	-31.73	1031.88	5381.08
-16.7	-31.73	1030.93	5458.93
-16.7	-31.73	1029.98	5544.63
-16.7	-31.73	1029.03	5506.87
-16.7	-31.73	1028.07	5350.98
-16.7	-31.73	1027.12	5268.64
-16.7	-31.73	1026.17	5572.16
-16.7	-31.73	1025.22	5618.39
-16.7	-31.73	1024.26	5389.12
-16.7	-31.73	1023.31	5508.83
-16.7	-31.73	1022.36	5541.94
-16.7	-31.73	1021.4	5572.41
-16.7	-31.73	1020.45	5348.56
-16.7	-31.73	1019.5	5444.59
-16.7	-31.73	1018.54	5661.15
-16.7	-31.73	1017.59	5377.13
-16.7	-31.73	1016.64	5234.69
-16.7	-31.73	1015.68	5278.28
-16.7	-31.73	1014.73	5366.38
-16.7	-31.73	1013.77	5383.75
-16.7	-31.73	1012.82	5285.92
-16.7	-31.73	1011.86	5431.55
-16.7	-31.73	1010.91	5448.9
-16.7	-31.73	1009.95	5463.62
-16.7	-31.73	1009.0	5240.27
-16.7	-31.73	1008.04	5309.95
-16.7	-31.73	1007.08	5505.14
-16.7	-31.73	1006.13	5164.23
-16.7	-31.73	1005.17	5236.51
-16.7	-31.73	1004.22	5368.88
-16.7	-31.73	1003.26	5404.5
-16.7	-31.73	1002.3	5048.17
-16.7	-31.73	1001.34	5206.63
-16.7	-31.73	1000.39	5419.88
-16.7	-31.73	999.431	5246.54
-16.7	-31.73	998.4730000000001	5156.83
-16.7	-31.73	997.515	4926.17
-16.7	-31.73	996.558	5348.12
-16.7	-31.73	995.6	5297.58
-16.7	-31.73	994.6410000000001	5098.33
-16.7	-31.73	993.683	5063.5
-16.7	-31.73	992.725	5229.52
-16.7	-31.73	991.7660000000001	5152.96
-16.7	-31.73	990.807	4883.48
-16.7	-31.73	989.8480000000001	4916.49
-16.7	-31.73	988.8889999999999	5082.42
-16.7	-31.73	987.93	5071.08
-16.7	-31.73	986.97	4968.56
-16.7	-31.73	986.01	4939.01
-16.7	-31.73	985.05	5216.81
-16.7	-31.73	984.09	5080.46
-16.7	-31.73	983.13	4886.88
-16.7	-31.73	982.17	4818.33
-16.7	-31.73	981.209	5038.68
-16.7	-31.73	980.248	4884.25
-16.7	-31.73	979.288	4654.42
-16.7	-31.73	978.326	4760.24
-16.7	-31.73	977.365	4928.43
-16.7	-31.73	976.404	4823.53
-16.7	-31.73	975.442	4695.28
-16.7	-31.73	974.48	4801.0
-16.7	-31.73	973.518	4891.1
-16.7	-31.73	972.556	4752.51
-16.7	-31.73	971.5939999999999	4725.67
-16.7	-31.73	970.632	4859.89
-16.7	-31.73	969.669	4775.91
-16.7	-31.73	968.706	4884.11
-16.7	-31.73	967.743	4727.47
-16.7	-31.73	966.78	4827.85
-16.7	-31.73	965.817	4891.86
-16.7	-31.73	964.8530000000001	4763.84
-16.7	-31.73	963.8889999999999	4742.23
-16.7	-31.73	962.926	4904.78
-16.7	-31.73	961.961	4859.81
-16.7	-31.73	960.997	4695.59
-16.7	-31.73	960.033	4883.99
-16.7	-31.73	959.068	4955.68
-16.7	-31.73	958.1039999999999	4970.34
-16.7	-31.73	957.1389999999999	4881.35
-16.7	-31.73	956.174	5012.58
-16.7	-31.73	955.2080000000001	5089.38
-16.7	-31.73	954.243	5059.98
-16.7	-31.73	953.2769999999999	4854.53
-16.7	-31.73	952.312	4905.43
-16.7	-31.73	951.346	4961.49
-16.7	-31.73	950.38	5097.74
-16.7	-31.73	949.413	4760.48
-16.7	-31.73	948.447	4837.23
-16.7	-31.73	947.48	4857.05
-16.7	-31.73	946.513	4858.76
-16.7	-31.73	945.546	4943.2
-16.7	-31.73	944.579	4797.56
-16.7	-31.73	943.612	5052.55
-16.7	-31.73	942.6439999999999	4956.03
-16.7	-31.73	941.677	4913.8
-16.7	-31.73	940.709	4812.18
-16.7	-31.73	939.7410000000001	5041.16
-16.7	-31.73	938.773	4939.55
-16.7	-31.73	937.804	4858.63
-16.7	-31.73	936.836	5056.5
-16.7	-31.73	935.867	5022.04
-16.7	-31.73	934.898	4884.39
-16.7	-31.73	933.929	4945.42
-16.7	-31.73	932.96	4985.8
-16.7	-31.73	931.99	4997.79
-16.7	-31.73	931.0210000000001	4682.33
-16.7	-31.73	930.051	4851.63
-16.7	-31.73	929.081	5154.89
-16.7	-31.73	928.1110000000001	4929.76
-16.7	-31.73	927.1410000000001	4748.52
-16.7	-31.73	926.17	4868.73
-16.7	-31.73	925.199	4924.52
-16.7	-31.73	924.2289999999999	4892.73
-16.7	-31.73	923.258	4827.48
-16.7	-31.73	922.2860000000001	4862.65
-16.7	-31.73	921.315	4967.29
-16.7	-31.73	920.3439999999999	4801.71
-16.7	-31.73	919.372	4718.51
-16.7	-31.73	918.4	4959.46
-16.7	-31.73	917.428	4865.98
-16.7	-31.73	916.456	4677.38
-16.7	-31.73	915.4830000000001	4573.7
-16.7	-31.73	914.5110000000001	4889.05
-16.7	-31.73	913.538	4782.79
-16.7	-31.73	912.565	4658.59
-16.7	-31.73	911.592	4506.17
-16.7	-31.73	910.6189999999999	4721.12
-16.7	-31.73	909.645	4784.47
-16.7	-31.73	908.671	4570.49
-16.7	-31.73	907.698	4700.59
-16.7	-31.73	906.7239999999999	4769.05
-16.7	-31.73	905.75	4745.09
-16.7	-31.73	904.775	4610.81
-16.7	-31.73	903.801	4763.9
-16.7	-31.73	902.826	4711.74
-16.7	-31.73	901.8510000000001	4813.46
-16.7	-31.73	900.8760000000001	4727.98
-16.7	-31.73	899.9010000000001	4791.22
-16.7	-31.73	898.925	4762.16
-16.7	-31.73	897.95	4740.79
-16.7	-31.73	896.9739999999999	4698.94
-16.7	-31.73	895.998	4764.7
-16.7	-31.73	895.0219999999999	4950.8
-16.7	-31.73	894.046	4939.67
-16.7	-31.73	893.069	4833.8
-16.7	-31.73	892.0930000000001	4989.07
-16.7	-31.73	891.1160000000001	4855.09
-16.7	-31.73	890.1389999999999	4777.44
-16.7	-31.73	889.1619999999999	5037.54
-16.7	-31.73	888.184	5087.78
-16.7	-31.73	887.207	5048.5
-16.7	-31.73	886.2289999999999	4738.19
-16.7	-31.73	885.2510000000001	5174.5
-16.7	-31.73	884.273	5125.0
-16.7	-31.73	883.295	5072.96
-16.7	-31.73	882.317	5031.16
-16.7	-31.73	881.3380000000001	5086.45
-16.7	-31.73	880.3589999999999	5192.81
-16.7	-31.73	879.38	5199.53
-16.7	-31.73	878.4010000000001	5188.38
-16.7	-31.73	877.422	5371.24
-16.7	-31.73	876.442	5459.61
-16.7	-31.73	875.4630000000001	5422.89
-16.7	-31.73	874.4830000000001	5434.67
-16.7	-31.73	873.503	5760.21
-16.7	-31.73	872.523	5787.22
-16.7	-31.73	871.5419999999999	5755.58
-16.7	-31.73	870.562	5859.07
-16.7	-31.73	869.581	5995.66
-16.7	-31.73	868.6	5992.03
-16.7	-31.73	867.6189999999999	5942.52
-16.7	-31.73	866.638	6175.84
-16.7	-31.73	865.6569999999999	6044.81
-16.7	-31.73	864.675	5944.39
-16.7	-31.73	863.693	5826.18
-16.7	-31.73	862.711	5957.51
-16.7	-31.73	861.7289999999999	6020.07
-16.7	-31.73	860.747	5800.1
-16.7	-31.73	859.7639999999999	5641.29
-16.7	-31.73	858.7819999999999	5731.85
-16.7	-31.73	857.799	5751.16
-16.7	-31.73	856.816	5434.77
-16.7	-31.73	855.8330000000001	5250.7
-16.7	-31.73	854.8489999999999	5473.47
-16.7	-31.73	853.8660000000001	5497.9
-16.7	-31.73	852.882	5316.46
-16.7	-31.73	851.898	5104.61
-16.7	-31.73	850.914	5284.05
-16.7	-31.73	849.93	5194.19
-16.7	-31.73	848.945	5035.8
-16.7	-31.73	847.961	5149.15
-16.7	-31.73	846.9760000000001	5257.37
-16.7	-31.73	845.9910000000001	5124.43
-16.7	-31.73	845.0060000000001	4933.18
-16.7	-31.73	844.02	5135.26
-16.7	-31.73	843.035	5192.67
-16.7	-31.73	842.049	5029.41
-16.7	-31.73	841.063	5015.82
-16.7	-31.73	840.077	5134.07
-16.7	-31.73	839.091	5150.88
-16.7	-31.73	838.1039999999999	4982.67
-16.7	-31.73	837.118	4915.88
-16.7	-31.73	836.1310000000001	5208.88
-16.7	-31.73	835.1439999999999	4959.69
-16.7	-31.73	834.1569999999999	4844.83
-16.7	-31.73	833.17	4950.29
-16.7	-31.73	832.182	5093.7
-16.7	-31.73	831.195	5085.18
-16.7	-31.73	830.207	4823.59
-16.7	-31.73	829.2189999999999	5045.38
-16.7	-31.73	828.23	5041.93
-16.7	-31.73	827.242	5056.19
-16.7	-31.73	826.253	4812.5
-16.7	-31.73	825.265	5082.17
-16.7	-31.73	824.2760000000001	5030.68
-16.7	-31.73	823.2869999999999	5065.15
-16.7	-31.73	822.297	4927.77
-16.7	-31.73	821.308	5134.06
-16.7	-31.73	820.318	5059.87
-16.7	-31.73	819.328	4947.82
-16.7	-31.73	818.3380000000001	4924.19
-16.7	-31.73	817.3480000000001	5011.66
-16.7	-31.73	816.3580000000001	5058.71
-16.7	-31.73	815.367	4850.83
-16.7	-31.73	814.377	4983.69
-16.7	-31.73	813.3860000000001	5096.32
-16.7	-31.73	812.395	4954.13
-16.7	-31.73	811.403	4822.08
-16.7	-31.73	810.4119999999999	4929.63
-16.7	-31.73	809.42	5004.37
-16.7	-31.73	808.428	4774.08
-16.7	-31.73	807.436	4768.17
-16.7	-31.73	806.444	5019.28
-16.7	-31.73	805.452	4950.34
-16.7	-31.73	804.459	4813.43
-16.7	-31.73	803.467	4742.04
-16.7	-31.73	802.4739999999999	4957.71
-16.7	-31.73	801.4810000000001	4931.63
-16.7	-31.73	800.487	4724.34
-16.7	-31.73	799.4939999999999	4758.71
-16.7	-31.73	798.5	4820.75
-16.7	-31.73	797.507	4784.65
-16.7	-31.73	796.513	4710.84
-16.7	-31.73	795.518	4961.45
-16.7	-31.73	794.5239999999999	4852.44
-16.7	-31.73	793.529	4660.51
-16.7	-31.73	792.535	4719.98
-16.7	-31.73	791.54	4935.22
-16.7	-31.73	790.545	4783.58
-16.7	-31.73	789.55	4868.11
-16.7	-31.73	788.554	4781.84
-16.7	-31.73	787.559	5064.71
-16.7	-31.73	786.563	5149.14
-16.7	-31.73	785.567	4947.4
-16.7	-31.73	784.571	5124.68
-16.7	-31.73	783.574	5279.31
-16.7	-31.73	782.578	5338.56
-16.7	-31.73	781.581	5342.6
-16.7	-31.73	780.584	5767.96
-16.7	-31.73	779.587	5802.01
-16.7	-31.73	778.59	5765.85
-16.7	-31.73	777.592	5900.15
-16.7	-31.73	776.595	5793.82
-16.7	-31.73	775.597	5827.84
-16.7	-31.73	774.5989999999999	5463.54
-16.7	-31.73	773.6010000000001	5515.14
-16.7	-31.73	772.602	5706.96
-16.7	-31.73	771.6039999999999	5425.5
-16.7	-31.73	770.605	5311.87
-16.7	-31.73	769.6060000000001	5250.83
-16.7	-31.73	768.607	5322.44
-16.7	-31.73	767.6080000000001	5076.28
-16.7	-31.73	766.6089999999999	4827.72
-16.7	-31.73	765.6089999999999	5049.42
-16.7	-31.73	764.6089999999999	4970.98
-16.7	-31.73	763.6089999999999	4957.58
-16.7	-31.73	762.6089999999999	5021.66
-16.7	-31.73	761.6089999999999	5185.68
-16.7	-31.73	760.6080000000001	5274.69
-16.7	-31.73	759.607	5303.7
-16.7	-31.73	758.607	5602.47
-16.7	-31.73	757.605	5833.69
-16.7	-31.73	756.6039999999999	5890.05
-16.7	-31.73	755.6030000000001	5749.18
-16.7	-31.73	754.6010000000001	5798.05
-16.7	-31.73	753.5989999999999	5811.96
-16.7	-31.73	752.597	5648.72
-16.7	-31.73	751.595	5565.37
-16.7	-31.73	750.5930000000001	5559.36
-16.7	-31.73	749.59	5523.44
-16.7	-31.73	748.587	5524.92
-16.7	-31.73	747.585	5414.23
-16.7	-31.73	746.581	5654.99
-16.7	-31.73	745.578	5668.91
-16.7	-31.73	744.575	5343.99
-16.7	-31.73	743.571	5594.6
-16.7	-31.73	742.567	5713.12
-16.7	-31.73	741.563	5609.98
-16.7	-31.73	740.559	5369.96
-16.7	-31.73	739.555	5316.71
-16.7	-31.73	738.55	5181.35
-16.7	-31.73	737.545	5182.89
-16.7	-31.73	736.54	5124.72
-16.7	-31.73	735.535	5357.59
-16.7	-31.73	734.53	5212.37
-16.7	-31.73	733.525	5044.83
-16.7	-31.73	732.5189999999999	5173.18
-16.7	-31.73	731.513	5169.74
-16.7	-31.73	730.507	5228.44
-16.7	-31.73	729.5010000000001	5147.97
-16.7	-31.73	728.4939999999999	5400.41
-16.7	-31.73	727.488	5411.84
-16.7	-31.73	726.4810000000001	5413.33
-16.7	-31.73	725.4739999999999	5556.34
-16.7	-31.73	724.467	5793.62
-16.7	-31.73	723.46	5728.03
-16.7	-31.73	722.452	5729.46
-16.7	-31.73	721.444	5859.9
-16.7	-31.73	720.436	5804.26
-16.7	-31.73	719.428	5837.91
-16.7	-31.73	718.42	5767.42
-16.7	-31.73	717.4119999999999	5788.67
-16.7	-31.73	716.403	5852.06
-16.7	-31.73	715.3939999999999	5732.03
-16.7	-31.73	714.385	5626.92
-16.7	-31.73	713.3760000000001	5928.11
-16.7	-31.73	712.367	5718.97
-16.7	-31.73	711.357	5472.76
-16.7	-31.73	710.347	5372.72
-16.7	-31.73	709.3380000000001	5517.79
-16.7	-31.73	708.327	5501.93
-16.7	-31.73	707.317	5159.43
-16.7	-31.73	706.307	5440.53
-16.7	-31.73	705.296	5459.32
-16.7	-31.73	704.285	5225.84
-16.7	-31.73	703.2739999999999	5027.07
-16.7	-31.73	702.263	5189.32
-16.7	-31.73	701.252	5099.38
-16.7	-31.73	700.24	5021.83
-16.7	-31.73	699.2280000000001	4981.37
-16.7	-31.73	698.216	4921.17
-16.7	-31.73	697.204	4833.81
-16.7	-31.73	696.192	4702.04
-16.7	-31.73	695.179	4918.46
-16.7	-31.73	694.1669999999999	4811.4
-16.7	-31.73	693.154	4805.58
-16.7	-31.73	692.1410000000001	4624.56
-16.7	-31.73	691.127	4801.35
-16.7	-31.73	690.1139999999999	4827.61
-16.7	-31.73	689.1	4666.41
-16.7	-31.73	688.086	4645.82
-16.7	-31.73	687.072	4775.64
-16.7	-31.73	686.058	4843.78
-16.7	-31.73	685.044	4451.03
-16.7	-31.73	684.029	4768.08
-16.7	-31.73	683.015	4912.56
-16.7	-31.73	682.0	4857.47
-16.7	-31.73	680.985	4780.23
-16.7	-31.73	679.9689999999999	4858.14
-16.7	-31.73	678.954	4953.26
-16.7	-31.73	677.938	4812.05
-16.7	-31.73	676.922	4830.86
-16.7	-31.73	675.9060000000001	4812.75
-16.7	-31.73	674.89	4934.86
-16.7	-31.73	673.8739999999999	4732.27
-16.7	-31.73	672.857	4765.83
-16.7	-31.73	671.84	4686.27
-16.7	-31.73	670.823	4813.24
-16.7	-31.73	669.806	4645.23
-16.7	-31.73	668.789	4752.49
-16.7	-31.73	667.7710000000001	4820.41
-16.7	-31.73	666.753	4770.4
-16.7	-31.73	665.735	4796.54
-16.7	-31.73	664.717	5080.5
-16.7	-31.73	663.699	5008.36
-16.7	-31.73	662.68	4933.8
-16.7	-31.73	661.6619999999999	5097.33
-16.7	-31.73	660.643	5022.78
-16.7	-31.73	659.6239999999999	4994.87
-16.7	-31.73	658.605	4981.68
-16.7	-31.73	657.585	5125.46
-16.7	-31.73	656.566	5158.84
-16.7	-31.73	655.546	5282.91
-16.7	-31.73	654.526	5228.02
-16.7	-31.73	653.506	5280.97
-16.7	-31.73	652.485	5135.44
-16.7	-31.73	651.465	4796.44
-16.7	-31.73	650.444	4989.05
-16.7	-31.73	649.423	4953.84
-16.7	-31.73	648.4019999999999	4842.76
-16.7	-31.73	647.381	4589.74
-16.7	-31.73	646.359	4772.45
-16.7	-31.73	645.3380000000001	4756.89
-16.7	-31.73	644.316	4596.99
-16.7	-31.73	643.294	4662.18
-16.7	-31.73	642.271	4749.37
-16.7	-31.73	641.249	4755.83
-16.7	-31.73	640.226	4576.49
-16.7	-31.73	639.2040000000001	4795.63
-16.7	-31.73	638.181	4819.18
-16.7	-31.73	637.1569999999999	4842.73
-16.7	-31.73	636.134	4851.61
-16.7	-31.73	635.11	5038.78
-16.7	-31.73	634.087	4891.33
-16.7	-31.73	633.063	4763.47
-16.7	-31.73	632.039	4843.15
-16.7	-31.73	631.014	4998.45
-16.7	-31.73	629.99	4914.57
-16.7	-31.73	628.965	4755.08
-16.7	-31.73	627.94	4942.03
-16.7	-31.73	626.915	4902.09
-16.7	-31.73	625.89	4796.34
-16.7	-31.73	624.864	4939.29
-16.7	-31.73	623.839	5074.88
-16.7	-31.73	622.813	4905.79
-16.7	-31.73	621.7869999999999	4775.74
-16.7	-31.73	620.761	4955.14
-16.7	-31.73	619.734	4985.89
-16.7	-31.73	618.7080000000001	4907.04
-16.7	-31.73	617.681	4872.04
-16.7	-31.73	616.654	5041.55
-16.7	-31.73	615.627	5181.79
-16.7	-31.73	614.599	5012.92
-16.7	-31.73	613.572	5065.52
-16.7	-31.73	612.544	5320.0
-16.7	-31.73	611.516	5085.54
-16.7	-31.73	610.488	5072.44
-16.7	-31.73	609.46	5200.36
-16.7	-31.73	608.431	5209.12
-16.7	-31.73	607.403	4943.26
-16.7	-31.73	606.374	4781.97
-16.7	-31.73	605.345	4907.42
-16.7	-31.73	604.316	4860.36
-16.7	-31.73	603.286	4757.46
-16.7	-31.73	602.257	4870.7
-16.7	-31.73	601.227	5139.27
-16.7	-31.73	600.197	5223.27
