11.6901	21.1073	1799.31	1879.48
11.6901	21.1073	1798.5	1854.72
11.6901	21.1073	1797.68	1930.78
11.6901	21.1073	1796.86	1890.74
11.6901	21.1073	1796.04	1957.61
11.6901	21.1073	1795.22	1917.59
11.6901	21.1073	1794.4	1902.0
11.6901	21.1073	1793.58	1926.1
11.6901	21.1073	1792.76	1965.45
11.6901	21.1073	1791.94	1940.7
11.6901	21.1073	1791.13	1973.94
11.6901	21.1073	1790.31	1943.1
11.6901	21.1073	1789.49	1942.77
11.6901	21.1073	1788.67	1921.1
11.6901	21.1073	1787.85	1905.53
11.6901	21.1073	1787.03	1935.69
11.6901	21.1073	1786.21	1917.07
11.6901	21.1073	1785.39	2005.12
11.6901	21.1073	1784.56	1931.66
11.6901	21.1073	1783.74	1992.26
11.6901	21.1073	1782.92	1870.09
11.6901	21.1073	1782.1	1973.32
11.6901	21.1073	1781.28	2036.92
11.6901	21.1073	1780.46	1875.23
11.6901	21.1073	1779.64	2042.32
11.6901	21.1073	1778.82	2002.41
11.6901	21.1073	1778.0	1968.61
11.6901	21.1073	1777.17	2114.3
11.6901	21.1073	1776.35	1910.15
11.6901	21.1073	1775.53	1973.69
11.6901	21.1073	1774.71	1949.03
11.6901	21.1073	1773.89	2009.5
11.6901	21.1073	1773.06	1978.77
11.6901	21.1073	1772.24	2005.78
11.6901	21.1073	1771.42	1962.9
11.6901	21.1073	1770.59	2029.41
11.6901	21.1073	1769.77	1998.69
11.6901	21.1073	1768.95	1977.09
11.6901	21.1073	1768.12	1979.8
11.6901	21.1073	1767.3	1936.96
11.6901	21.1073	1766.48	2006.44
11.6901	21.1073	1765.65	1966.65
11.6901	21.1073	1764.83	2060.39
11.6901	21.1073	1764.01	2026.66
11.6901	21.1073	1763.18	2020.25
11.6901	21.1073	1762.36	2047.21
11.6901	21.1073	1761.53	2007.44
11.6901	21.1073	1760.71	2016.2
11.6901	21.1073	1759.88	2043.14
11.6901	21.1073	1759.06	1967.02
11.6901	21.1073	1758.23	2018.2
11.6901	21.1073	1757.41	1987.56
11.6901	21.1073	1756.58	1990.26
11.6901	21.1073	1755.76	1941.46
11.6901	21.1073	1754.93	2035.01
11.6901	21.1073	1754.11	2022.55
11.6901	21.1073	1753.28	1949.55
11.6901	21.1073	1752.46	2024.89
11.6901	21.1073	1751.63	2075.99
11.6901	21.1073	1750.8	2018.15
11.6901	21.1073	1749.98	2075.29
11.6901	21.1073	1749.15	2080.99
11.6901	21.1073	1748.32	2035.27
11.6901	21.1073	1747.5	2022.83
11.6901	21.1073	1746.67	2092.02
11.6901	21.1073	1745.84	2124.92
11.6901	21.1073	1745.02	2191.04
11.6901	21.1073	1744.19	2084.92
11.6901	21.1073	1743.36	2226.55
11.6901	21.1073	1742.53	2165.77
11.6901	21.1073	1741.71	2153.32
11.6901	21.1073	1740.88	2192.21
11.6901	21.1073	1740.05	2206.93
11.6901	21.1073	1739.22	2294.09
11.6901	21.1073	1738.39	2363.12
11.6901	21.1073	1737.56	2483.42
11.6901	21.1073	1736.74	2458.86
11.6901	21.1073	1735.91	2639.44
11.6901	21.1073	1735.08	2687.24
11.6901	21.1073	1734.25	2750.11
11.6901	21.1073	1733.42	2704.42
11.6901	21.1073	1732.59	2655.73
11.6901	21.1073	1731.76	2805.98
11.6901	21.1073	1730.93	2621.68
11.6901	21.1073	1730.1	2585.08
11.6901	21.1073	1729.27	2479.21
11.6901	21.1073	1728.44	2406.5
11.6901	21.1073	1727.61	2469.33
11.6901	21.1073	1726.78	2387.62
11.6901	21.1073	1725.95	2423.34
11.6901	21.1073	1725.12	2359.72
11.6901	21.1073	1724.29	2260.01
11.6901	21.1073	1723.46	2271.66
11.6901	21.1073	1722.63	2241.2
11.6901	21.1073	1721.8	2255.85
11.6901	21.1073	1720.96	2213.37
11.6901	21.1073	1720.13	2231.03
11.6901	21.1073	1719.3	2227.65
11.6901	21.1073	1718.47	2155.13
11.6901	21.1073	1717.64	2211.87
11.6901	21.1073	1716.81	2262.57
11.6901	21.1073	1715.97	2226.14
11.6901	21.1073	1715.14	2255.79
11.6901	21.1073	1714.31	2123.27
11.6901	21.1073	1713.48	2137.92
11.6901	21.1073	1712.64	2251.64
11.6901	21.1073	1711.81	2326.3
11.6901	21.1073	1710.98	2193.86
11.6901	21.1073	1710.14	2232.49
11.6901	21.1073	1709.31	2193.11
11.6901	21.1073	1708.48	2102.75
11.6901	21.1073	1707.64	2264.34
11.6901	21.1073	1706.81	2221.98
11.6901	21.1073	1705.98	2281.56
11.6901	21.1073	1705.14	2209.23
11.6901	21.1073	1704.31	2199.86
11.6901	21.1073	1703.47	2289.39
11.6901	21.1073	1702.64	2300.98
11.6901	21.1073	1701.81	2219.71
11.6901	21.1073	1700.97	2291.22
11.6901	21.1073	1700.14	2341.73
11.6901	21.1073	1699.3	2314.39
11.6901	21.1073	1698.47	2212.21
11.6901	21.1073	1697.63	2373.46
11.6901	21.1073	1696.79	2337.15
11.6901	21.1073	1695.96	2324.78
11.6901	21.1073	1695.12	2348.32
11.6901	21.1073	1694.29	2365.86
11.6901	21.1073	1693.45	2368.45
11.6901	21.1073	1692.62	2383.0
11.6901	21.1073	1691.78	2382.59
11.6901	21.1073	1690.94	2495.77
11.6901	21.1073	1690.11	2426.61
11.6901	21.1073	1689.27	2509.86
11.6901	21.1073	1688.43	2392.92
11.6901	21.1073	1687.6	2553.81
11.6901	21.1073	1686.76	2472.74
11.6901	21.1073	1685.92	2540.99
11.6901	21.1073	1685.08	2642.06
11.6901	21.1073	1684.25	2692.36
11.6901	21.1073	1683.41	2530.74
11.6901	21.1073	1682.57	2533.29
11.6901	21.1073	1681.73	2470.21
11.6901	21.1073	1680.89	2615.95
11.6901	21.1073	1680.06	2436.57
11.6901	21.1073	1679.22	2457.02
11.6901	21.1073	1678.38	2489.4
11.6901	21.1073	1677.54	2563.5
11.6901	21.1073	1676.7	2500.47
11.6901	21.1073	1675.86	2506.01
11.6901	21.1073	1675.02	2499.62
11.6901	21.1073	1674.18	2543.88
11.6901	21.1073	1673.35	2492.81
11.6901	21.1073	1672.51	2468.56
11.6901	21.1073	1671.67	2572.35
11.6901	21.1073	1670.83	2527.26
11.6901	21.1073	1669.99	2610.16
11.6901	21.1073	1669.15	2529.37
11.6901	21.1073	1668.31	2567.62
11.6901	21.1073	1667.47	2620.73
11.6901	21.1073	1666.62	2727.35
11.6901	21.1073	1665.78	2661.46
11.6901	21.1073	1664.94	2663.98
11.6901	21.1073	1664.1	2672.45
11.6901	21.1073	1663.26	2796.82
11.6901	21.1073	1662.42	2787.43
11.6901	21.1073	1661.58	2724.56
11.6901	21.1073	1660.74	2664.68
11.6901	21.1073	1659.9	2762.24
11.6901	21.1073	1659.05	2844.92
11.6901	21.1073	1658.21	2695.98
11.6901	21.1073	1657.37	2799.42
11.6901	21.1073	1656.53	2784.1
11.6901	21.1073	1655.68	2789.56
11.6901	21.1073	1654.84	2768.32
11.6901	21.1073	1654.0	2773.78
11.6901	21.1073	1653.16	2785.17
11.6901	21.1073	1652.31	2894.42
11.6901	21.1073	1651.47	2962.12
11.6901	21.1073	1650.63	2943.83
11.6901	21.1073	1649.78	3023.36
11.6901	21.1073	1648.94	2987.28
11.6901	21.1073	1648.1	2968.99
11.6901	21.1073	1647.25	2977.37
11.6901	21.1073	1646.41	3113.11
11.6901	21.1073	1645.56	3026.7
11.6901	21.1073	1644.72	3079.48
11.6901	21.1073	1643.88	3070.07
11.6901	21.1073	1643.03	3096.19
11.6901	21.1073	1642.19	3057.19
11.6901	21.1073	1641.34	3213.49
11.6901	21.1073	1640.5	3236.61
11.6901	21.1073	1639.65	3203.52
11.6901	21.1073	1638.81	3265.08
11.6901	21.1073	1637.96	3231.99
11.6901	21.1073	1637.11	3361.53
11.6901	21.1073	1636.27	3298.88
11.6901	21.1073	1635.42	3209.65
11.6901	21.1073	1634.58	3442.54
11.6901	21.1073	1633.73	3489.22
11.6901	21.1073	1632.88	3562.48
11.6901	21.1073	1632.04	3558.91
11.6901	21.1073	1631.19	3599.65
11.6901	21.1073	1630.34	3725.99
11.6901	21.1073	1629.5	3849.33
11.6901	21.1073	1628.65	3842.77
11.6901	21.1073	1627.8	3797.85
11.6901	21.1073	1626.96	3797.2
11.6901	21.1073	1626.11	3997.14
11.6901	21.1073	1625.26	4008.26
11.6901	21.1073	1624.41	3916.16
11.6901	21.1073	1623.57	4021.63
11.6901	21.1073	1622.72	4165.39
11.6901	21.1073	1621.87	4099.83
11.6901	21.1073	1621.02	4273.0
11.6901	21.1073	1620.17	4210.39
11.6901	21.1073	1619.32	4377.59
11.6901	21.1073	1618.47	4468.14
11.6901	21.1073	1617.63	4493.88
11.6901	21.1073	1616.78	4410.67
11.6901	21.1073	1615.93	4674.86
11.6901	21.1073	1615.08	4568.1
11.6901	21.1073	1614.23	4579.09
11.6901	21.1073	1613.38	4678.35
11.6901	21.1073	1612.53	4556.93
11.6901	21.1073	1611.68	4717.92
11.6901	21.1073	1610.83	4746.53
11.6901	21.1073	1609.98	4628.1
11.6901	21.1073	1609.13	4821.34
11.6901	21.1073	1608.28	4791.12
11.6901	21.1073	1607.43	4778.54
11.6901	21.1073	1606.58	4789.47
11.6901	21.1073	1605.73	4729.9
11.6901	21.1073	1604.87	4758.46
11.6901	21.1073	1604.02	4789.95
11.6901	21.1073	1603.17	4853.73
11.6901	21.1073	1602.32	4788.31
11.6901	21.1073	1601.47	4866.74
11.6901	21.1073	1600.62	4730.91
11.6901	21.1073	1599.76	4970.71
11.6901	21.1073	1598.91	4714.61
11.6901	21.1073	1598.06	4746.07
11.6901	21.1073	1597.21	4666.07
11.6901	21.1073	1596.36	4808.96
11.6901	21.1073	1595.5	4857.97
11.6901	21.1073	1594.65	4687.12
11.6901	21.1073	1593.8	4683.39
11.6901	21.1073	1592.94	4764.63
11.6901	21.1073	1592.09	4895.66
11.6901	21.1073	1591.24	4865.52
11.6901	21.1073	1590.38	4662.6
11.6901	21.1073	1589.53	4781.86
11.6901	21.1073	1588.68	4678.57
11.6901	21.1073	1587.82	4815.35
11.6901	21.1073	1586.97	4896.47
11.6901	21.1073	1586.11	4837.11
11.6901	21.1073	1585.26	4877.24
11.6901	21.1073	1584.4	4964.16
11.6901	21.1073	1583.55	4837.54
11.6901	21.1073	1582.69	4731.44
11.6901	21.1073	1581.84	4900.2
11.6901	21.1073	1580.98	4685.97
11.6901	21.1073	1580.13	4875.14
11.6901	21.1073	1579.27	4810.01
11.6901	21.1073	1578.42	4575.45
11.6901	21.1073	1577.56	4825.89
11.6901	21.1073	1576.71	4725.76
11.6901	21.1073	1575.85	4672.38
11.6901	21.1073	1574.99	4645.3
11.6901	21.1073	1574.14	4609.47
11.6901	21.1073	1573.28	4661.22
11.6901	21.1073	1572.42	4532.01
11.6901	21.1073	1571.57	4411.61
11.6901	21.1073	1570.71	4498.37
11.6901	21.1073	1569.85	4535.51
11.6901	21.1073	1569.0	4432.66
11.6901	21.1073	1568.14	4332.77
11.6901	21.1073	1567.28	4568.16
11.6901	21.1073	1566.42	4485.76
11.6901	21.1073	1565.56	4394.65
11.6901	21.1073	1564.71	4393.89
11.6901	21.1073	1563.85	4241.65
11.6901	21.1073	1562.99	4427.33
11.6901	21.1073	1562.13	4473.17
11.6901	21.1073	1561.27	4338.46
11.6901	21.1073	1560.41	4276.58
11.6901	21.1073	1559.56	4339.88
11.6901	21.1073	1558.7	4269.29
11.6901	21.1073	1557.84	4303.47
11.6901	21.1073	1556.98	4328.91
11.6901	21.1073	1556.12	4290.35
11.6901	21.1073	1555.26	4344.87
11.6901	21.1073	1554.4	4381.93
11.6901	21.1073	1553.54	4404.43
11.6901	21.1073	1552.68	4258.34
11.6901	21.1073	1551.82	4199.48
11.6901	21.1073	1550.96	4242.34
11.6901	21.1073	1550.1	4174.79
11.6901	21.1073	1549.24	4240.88
11.6901	21.1073	1548.38	4193.69
11.6901	21.1073	1547.52	4274.27
11.6901	21.1073	1546.65	4192.24
11.6901	21.1073	1545.79	4211.84
11.6901	21.1073	1544.93	4153.07
11.6901	21.1073	1544.07	4166.86
11.6901	21.1073	1543.21	4270.59
11.6901	21.1073	1542.35	4145.12
11.6901	21.1073	1541.48	4132.81
11.6901	21.1073	1540.62	4320.58
11.6901	21.1073	1539.76	4270.55
11.6901	21.1073	1538.9	4200.24
11.6901	21.1073	1538.04	4208.21
11.6901	21.1073	1537.17	4224.88
11.6901	21.1073	1536.31	4096.67
11.6901	21.1073	1535.45	4179.97
11.6901	21.1073	1534.58	4086.57
11.6901	21.1073	1533.72	4106.14
11.6901	21.1073	1532.86	4117.01
11.6901	21.1073	1531.99	4139.46
11.6901	21.1073	1531.13	4051.92
11.6901	21.1073	1530.27	4190.12
11.6901	21.1073	1529.4	4099.71
11.6901	21.1073	1528.54	4289.92
11.6901	21.1073	1527.67	4173.49
11.6901	21.1073	1526.81	4233.5
11.6901	21.1073	1525.94	4290.59
11.6901	21.1073	1525.08	4321.65
11.6901	21.1073	1524.21	4193.74
11.6901	21.1073	1523.35	4245.03
11.6901	21.1073	1522.48	4276.08
11.6901	21.1073	1521.62	4301.34
11.6901	21.1073	1520.75	4280.38
11.6901	21.1073	1519.89	4299.86
11.6901	21.1073	1519.02	4556.08
11.6901	21.1073	1518.15	4445.6
11.6901	21.1073	1517.29	4476.58
11.6901	21.1073	1516.42	4507.55
11.6901	21.1073	1515.56	4449.07
11.6901	21.1073	1514.69	4609.85
11.6901	21.1073	1513.82	4565.79
11.6901	21.1073	1512.96	4458.3
11.6901	21.1073	1512.09	4682.42
11.6901	21.1073	1511.22	4598.02
11.6901	21.1073	1510.35	4577.05
11.6901	21.1073	1509.49	4610.84
11.6901	21.1073	1508.62	4517.84
11.6901	21.1073	1507.75	4568.92
11.6901	21.1073	1506.88	4329.06
11.6901	21.1073	1506.01	4429.11
11.6901	21.1073	1505.15	4341.96
11.6901	21.1073	1504.28	4309.55
11.6901	21.1073	1503.41	4331.83
11.6901	21.1073	1502.54	4181.44
11.6901	21.1073	1501.67	4042.6
11.6901	21.1073	1500.8	3978.62
11.6901	21.1073	1499.93	4130.37
11.6901	21.1073	1499.06	3913.97
11.6901	21.1073	1498.19	4134.7
11.6901	21.1073	1497.32	3904.0
11.6901	21.1073	1496.46	3897.57
11.6901	21.1073	1495.59	3839.42
11.6901	21.1073	1494.72	3824.39
11.6901	21.1073	1493.84	3863.95
11.6901	21.1073	1492.97	3802.97
11.6901	21.1073	1492.1	3744.87
11.6901	21.1073	1491.23	3770.07
11.6901	21.1073	1490.36	3812.48
11.6901	21.1073	1489.49	3737.19
11.6901	21.1073	1488.62	3802.55
11.6901	21.1073	1487.75	3824.85
11.6901	21.1073	1486.88	3652.05
11.6901	21.1073	1486.01	3645.69
11.6901	21.1073	1485.13	3624.98
11.6901	21.1073	1484.26	3759.12
11.6901	21.1073	1483.39	3689.66
11.6901	21.1073	1482.52	3640.3
11.6901	21.1073	1481.65	3582.35
11.6901	21.1073	1480.77	3661.96
11.6901	21.1073	1479.9	3621.22
11.6901	21.1073	1479.03	3517.48
11.6901	21.1073	1478.16	3539.78
11.6901	21.1073	1477.28	3619.34
11.6901	21.1073	1476.41	3690.29
11.6901	21.1073	1475.54	3517.9
11.6901	21.1073	1474.66	3654.67
11.6901	21.1073	1473.79	3636.87
11.6901	21.1073	1472.91	3619.07
11.6901	21.1073	1472.04	3641.33
11.6901	21.1073	1471.17	3632.12
11.6901	21.1073	1470.29	3431.33
11.6901	21.1073	1469.42	3802.4
11.6901	21.1073	1468.54	3707.41
11.6901	21.1073	1467.67	3475.27
11.6901	21.1073	1466.79	3560.39
11.6901	21.1073	1465.92	3599.78
11.6901	21.1073	1465.04	3659.14
11.6901	21.1073	1464.17	3549.98
11.6901	21.1073	1463.29	3563.64
11.6901	21.1073	1462.42	3637.25
11.6901	21.1073	1461.54	3713.69
11.6901	21.1073	1460.66	3624.58
11.6901	21.1073	1459.79	3595.41
11.6901	21.1073	1458.91	3714.62
11.6901	21.1073	1458.04	3790.99
11.6901	21.1073	1457.16	3556.47
11.6901	21.1073	1456.28	3721.24
11.6901	21.1073	1455.41	3709.19
11.6901	21.1073	1454.53	3737.05
11.6901	21.1073	1453.65	3659.45
11.6901	21.1073	1452.77	3641.72
11.6901	21.1073	1451.9	3689.52
11.6901	21.1073	1451.02	3748.7
11.6901	21.1073	1450.14	3711.03
11.6901	21.1073	1449.26	3710.39
11.6901	21.1073	1448.39	3658.5
11.6901	21.1073	1447.51	3748.95
11.6901	21.1073	1446.63	3768.22
11.6901	21.1073	1445.75	3736.27
11.6901	21.1073	1444.87	3712.86
11.6901	21.1073	1443.99	3831.69
11.6901	21.1073	1443.11	3794.05
11.6901	21.1073	1442.23	3736.52
11.6901	21.1073	1441.35	3761.46
11.6901	21.1073	1440.48	3780.71
11.6901	21.1073	1439.6	3788.58
11.6901	21.1073	1438.72	3733.93
11.6901	21.1073	1437.84	3764.53
11.6901	21.1073	1436.96	3849.1
11.6901	21.1073	1436.08	3908.07
11.6901	21.1073	1435.2	3879.0
11.6901	21.1073	1434.31	3815.86
11.6901	21.1073	1433.43	3840.75
11.6901	21.1073	1432.55	3840.08
11.6901	21.1073	1431.67	3881.98
11.6901	21.1073	1430.79	3844.42
11.6901	21.1073	1429.91	3852.27
11.6901	21.1073	1429.03	3984.9
11.6901	21.1073	1428.15	3839.58
11.6901	21.1073	1427.27	3821.91
11.6901	21.1073	1426.38	3843.92
11.6901	21.1073	1425.5	3987.8
11.6901	21.1073	1424.62	3791.58
11.6901	21.1073	1423.74	3827.75
11.6901	21.1073	1422.85	3750.6
11.6901	21.1073	1421.97	3911.39
11.6901	21.1073	1421.09	3865.4
11.6901	21.1073	1420.21	3788.28
11.6901	21.1073	1419.32	3691.38
11.6901	21.1073	1418.44	3931.31
11.6901	21.1073	1417.56	3947.61
11.6901	21.1073	1416.67	3862.04
11.6901	21.1073	1415.79	3773.68
11.6901	21.1073	1414.9	3832.42
11.6901	21.1073	1414.02	3758.23
11.6901	21.1073	1413.14	3932.87
11.6901	21.1073	1412.25	3977.41
11.6901	21.1073	1411.37	3889.1
11.6901	21.1073	1410.48	4055.16
11.6901	21.1073	1409.6	4082.7
11.6901	21.1073	1408.71	4062.22
11.6901	21.1073	1407.83	3937.24
11.6901	21.1073	1406.94	4032.57
11.6901	21.1073	1406.06	4006.46
11.6901	21.1073	1405.17	3881.55
11.6901	21.1073	1404.29	4058.69
11.6901	21.1073	1403.4	4108.78
11.6901	21.1073	1402.51	4215.28
11.6901	21.1073	1401.63	4166.59
11.6901	21.1073	1400.74	3968.43
11.6901	21.1073	1399.85	4139.76
11.6901	21.1073	1398.97	4051.63
11.6901	21.1073	1398.08	4197.51
11.6901	21.1073	1397.19	4067.13
11.6901	21.1073	1396.31	4114.33
11.6901	21.1073	1395.42	4029.09
11.6901	21.1073	1394.53	4059.37
11.6901	21.1073	1393.64	4109.36
11.6901	21.1073	1392.76	4010.09
11.6901	21.1073	1391.87	4124.83
11.6901	21.1073	1390.98	4076.25
11.6901	21.1073	1390.09	4219.09
11.6901	21.1073	1389.2	4128.3
11.6901	21.1073	1388.32	4144.46
11.6901	21.1073	1387.43	4242.2
11.6901	21.1073	1386.54	4199.27
11.6901	21.1073	1385.65	4077.62
11.6901	21.1073	1384.76	4172.5
11.6901	21.1073	1383.87	4267.36
11.6901	21.1073	1382.98	4255.37
11.6901	21.1073	1382.09	4097.26
11.6901	21.1073	1381.2	4259.5
11.6901	21.1073	1380.31	4253.14
11.6901	21.1073	1379.42	4437.78
11.6901	21.1073	1378.53	4501.59
11.6901	21.1073	1377.64	4410.96
11.6901	21.1073	1376.75	4483.18
11.6901	21.1073	1375.86	4572.21
11.6901	21.1073	1374.97	4571.42
11.6901	21.1073	1374.08	4626.74
11.6901	21.1073	1373.19	4648.37
11.6901	21.1073	1372.3	4613.9
11.6901	21.1073	1371.4	4573.84
11.6901	21.1073	1370.51	4738.47
11.6901	21.1073	1369.62	4670.36
11.6901	21.1073	1368.73	4787.26
11.6901	21.1073	1367.84	4834.07
11.6901	21.1073	1366.94	4763.18
11.6901	21.1073	1366.05	4863.2
11.6901	21.1073	1365.16	4907.16
11.6901	21.1073	1364.27	4886.7
11.6901	21.1073	1363.37	4911.05
11.6901	21.1073	1362.48	4968.98
11.6901	21.1073	1361.59	4906.53
11.6901	21.1073	1360.69	4970.04
11.6901	21.1073	1359.8	4980.37
11.6901	21.1073	1358.91	4912.36
11.6901	21.1073	1358.01	5059.74
11.6901	21.1073	1357.12	5153.94
11.6901	21.1073	1356.22	5071.95
11.6901	21.1073	1355.33	5202.46
11.6901	21.1073	1354.44	5128.88
11.6901	21.1073	1353.54	5373.9
11.6901	21.1073	1352.65	5182.97
11.6901	21.1073	1351.75	5126.19
11.6901	21.1073	1350.86	5142.05
11.6901	21.1073	1349.96	5467.89
11.6901	21.1073	1349.07	5282.65
11.6901	21.1073	1348.17	5158.9
11.6901	21.1073	1347.28	5389.66
11.6901	21.1073	1346.38	5519.88
11.6901	21.1073	1345.48	5384.99
11.6901	21.1073	1344.59	5434.26
11.6901	21.1073	1343.69	5528.14
11.6901	21.1073	1342.79	5697.28
11.6901	21.1073	1341.9	5637.73
11.6901	21.1073	1341.0	5606.08
11.6901	21.1073	1340.1	5736.1
11.6901	21.1073	1339.21	5723.95
11.6901	21.1073	1338.31	6171.54
11.6901	21.1073	1337.41	5716.38
11.6901	21.1073	1336.51	6007.83
11.6901	21.1073	1335.62	6017.92
11.6901	21.1073	1334.72	6136.59
11.6901	21.1073	1333.82	6205.12
11.6901	21.1073	1332.92	6084.35
11.6901	21.1073	1332.02	6311.48
11.6901	21.1073	1331.13	6357.67
11.6901	21.1073	1330.23	6295.36
11.6901	21.1073	1329.33	6461.14
11.6901	21.1073	1328.43	6396.05
11.6901	21.1073	1327.53	6358.78
11.6901	21.1073	1326.63	6530.02
11.6901	21.1073	1325.73	6317.64
11.6901	21.1073	1324.83	6586.1
11.6901	21.1073	1323.93	6587.72
11.6901	21.1073	1323.03	6425.45
11.6901	21.1073	1322.13	6410.43
11.6901	21.1073	1321.23	6506.51
11.6901	21.1073	1320.33	6399.86
11.6901	21.1073	1319.43	6426.5
11.6901	21.1073	1318.53	6314.35
11.6901	21.1073	1317.63	6549.12
11.6901	21.1073	1316.73	6470.29
11.6901	21.1073	1315.83	6333.23
11.6901	21.1073	1314.93	6351.53
11.6901	21.1073	1314.02	6317.14
11.6901	21.1073	1313.12	6318.81
11.6901	21.1073	1312.22	6459.08
11.6901	21.1073	1311.32	6208.5
11.6901	21.1073	1310.42	6129.82
11.6901	21.1073	1309.51	6350.4
11.6901	21.1073	1308.61	6094.43
11.6901	21.1073	1307.71	6165.37
11.6901	21.1073	1306.81	6050.75
11.6901	21.1073	1305.9	6177.05
11.6901	21.1073	1305.0	6115.07
11.6901	21.1073	1304.1	6011.59
11.6901	21.1073	1303.19	5847.26
11.6901	21.1073	1302.29	5976.28
11.6901	21.1073	1301.39	5944.8
11.6901	21.1073	1300.48	5808.23
11.6901	21.1073	1299.58	5798.92
11.6901	21.1073	1298.67	5618.18
11.6901	21.1073	1297.77	5633.79
11.6901	21.1073	1296.86	5776.52
11.6901	21.1073	1295.96	5548.91
11.6901	21.1073	1295.06	5558.98
11.6901	21.1073	1294.15	5571.82
11.6901	21.1073	1293.25	5573.61
11.6901	21.1073	1292.34	5492.55
11.6901	21.1073	1291.43	5381.14
11.6901	21.1073	1290.53	5603.8
11.6901	21.1073	1289.62	5497.93
11.6901	21.1073	1288.72	5350.71
11.6901	21.1073	1287.81	5247.69
11.6901	21.1073	1286.9	5373.66
11.6901	21.1073	1286.0	5289.98
11.6901	21.1073	1285.09	5192.53
11.6901	21.1073	1284.18	5260.55
11.6901	21.1073	1283.28	5221.03
11.6901	21.1073	1282.37	5269.72
11.6901	21.1073	1281.46	5015.28
11.6901	21.1073	1280.56	4906.95
11.6901	21.1073	1279.65	5049.33
11.6901	21.1073	1278.74	5084.25
11.6901	21.1073	1277.83	4989.73
11.6901	21.1073	1276.93	4853.94
11.6901	21.1073	1276.02	4853.09
11.6901	21.1073	1275.11	4874.25
11.6901	21.1073	1274.2	4746.82
11.6901	21.1073	1273.29	4594.66
11.6901	21.1073	1272.38	4662.62
11.6901	21.1073	1271.47	4826.82
11.6901	21.1073	1270.56	4759.98
11.6901	21.1073	1269.66	4574.93
11.6901	21.1073	1268.75	4609.87
11.6901	21.1073	1267.84	4548.59
11.6901	21.1073	1266.93	4509.32
11.6901	21.1073	1266.02	4546.99
11.6901	21.1073	1265.11	4584.65
11.6901	21.1073	1264.2	4479.48
11.6901	21.1073	1263.29	4399.05
11.6901	21.1073	1262.38	4475.15
11.6901	21.1073	1261.46	4416.72
11.6901	21.1073	1260.55	4509.26
11.6901	21.1073	1259.64	4321.87
11.6901	21.1073	1258.73	4288.19
11.6901	21.1073	1257.82	4185.94
11.6901	21.1073	1256.91	4322.33
11.6901	21.1073	1256.0	4274.96
11.6901	21.1073	1255.08	4167.28
11.6901	21.1073	1254.17	4139.13
11.6901	21.1073	1253.26	4267.22
11.6901	21.1073	1252.35	4077.39
11.6901	21.1073	1251.44	4210.92
11.6901	21.1073	1250.52	4311.53
11.6901	21.1073	1249.61	4176.57
11.6901	21.1073	1248.7	4142.98
11.6901	21.1073	1247.78	4082.02
11.6901	21.1073	1246.87	4130.57
11.6901	21.1073	1245.96	4116.16
11.6901	21.1073	1245.04	4194.79
11.6901	21.1073	1244.13	4117.45
11.6901	21.1073	1243.22	4141.34
11.6901	21.1073	1242.3	4091.38
11.6901	21.1073	1241.39	4104.33
11.6901	21.1073	1240.47	4010.66
11.6901	21.1073	1239.56	3982.61
11.6901	21.1073	1238.64	3932.72
11.6901	21.1073	1237.73	4038.59
11.6901	21.1073	1236.81	3835.71
11.6901	21.1073	1235.9	3761.29
11.6901	21.1073	1234.98	3981.84
11.6901	21.1073	1234.07	3811.84
11.6901	21.1073	1233.15	3994.08
11.6901	21.1073	1232.24	3914.22
11.6901	21.1073	1231.32	3929.91
11.6901	21.1073	1230.4	3765.5
11.6901	21.1073	1229.49	3969.44
11.6901	21.1073	1228.57	3867.82
11.6901	21.1073	1227.65	3927.14
11.6901	21.1073	1226.74	3880.09
11.6901	21.1073	1225.82	3852.14
11.6901	21.1073	1224.9	3783.32
11.6901	21.1073	1223.99	3946.17
11.6901	21.1073	1223.07	3768.36
11.6901	21.1073	1222.15	3873.94
11.6901	21.1073	1221.23	3777.93
11.6901	21.1073	1220.31	3812.66
11.6901	21.1073	1219.4	3738.47
11.6901	21.1073	1218.48	3882.1
11.6901	21.1073	1217.56	3728.99
11.6901	21.1073	1216.64	3720.17
11.6901	21.1073	1215.72	3667.81
11.6901	21.1073	1214.8	3694.37
11.6901	21.1073	1213.88	3710.04
11.6901	21.1073	1212.96	3630.52
11.6901	21.1073	1212.05	3708.73
11.6901	21.1073	1211.13	3574.86
11.6901	21.1073	1210.21	3788.96
11.6901	21.1073	1209.29	3695.89
11.6901	21.1073	1208.37	3784.9
11.6901	21.1073	1207.45	3659.27
11.6901	21.1073	1206.53	3712.95
11.6901	21.1073	1205.6	3679.7
11.6901	21.1073	1204.68	3689.91
11.6901	21.1073	1203.76	3588.82
11.6901	21.1073	1202.84	3593.61
11.6901	21.1073	1201.92	3671.67
11.6901	21.1073	1201.0	3714.44
11.6901	21.1073	1200.08	3404.53
11.6901	21.1073	1199.16	3523.26
11.6901	21.1073	1198.23	3582.3
11.6901	21.1073	1197.31	3459.66
11.6901	21.1073	1196.39	3529.53
11.6901	21.1073	1195.47	3499.09
11.6901	21.1073	1194.54	3414.47
11.6901	21.1073	1193.62	3430.12
11.6901	21.1073	1192.7	3380.75
11.6901	21.1073	1191.78	3474.95
11.6901	21.1073	1190.85	3512.25
11.6901	21.1073	1189.93	3433.11
11.6901	21.1073	1189.01	3456.86
11.6901	21.1073	1188.08	3380.47
11.6901	21.1073	1187.16	3406.93
11.6901	21.1073	1186.23	3314.34
11.6901	21.1073	1185.31	3459.83
11.6901	21.1073	1184.39	3326.69
11.6901	21.1073	1183.46	3399.11
11.6901	21.1073	1182.54	3517.47
11.6901	21.1073	1181.61	3357.36
11.6901	21.1073	1180.69	3464.88
11.6901	21.1073	1179.76	3539.92
11.6901	21.1073	1178.84	3517.68
11.6901	21.1073	1177.91	3498.15
11.6901	21.1073	1176.99	3529.94
11.6901	21.1073	1176.06	3542.82
11.6901	21.1073	1175.13	3601.59
11.6901	21.1073	1174.21	3687.33
11.6901	21.1073	1173.28	3743.35
11.6901	21.1073	1172.35	3742.69
11.6901	21.1073	1171.43	3736.63
11.6901	21.1073	1170.5	3773.73
11.6901	21.1073	1169.57	3762.28
11.6901	21.1073	1168.65	3904.53
11.6901	21.1073	1167.72	3957.75
11.6901	21.1073	1166.79	3835.75
11.6901	21.1073	1165.86	3921.32
11.6901	21.1073	1164.94	3979.9
11.6901	21.1073	1164.01	4014.22
11.6901	21.1073	1163.08	3989.27
11.6901	21.1073	1162.15	3853.9
11.6901	21.1073	1161.22	3904.38
11.6901	21.1073	1160.3	3855.23
11.6901	21.1073	1159.37	3884.15
11.6901	21.1073	1158.44	3721.99
11.6901	21.1073	1157.51	3788.6
11.6901	21.1073	1156.58	3868.64
11.6901	21.1073	1155.65	3749.6
11.6901	21.1073	1154.72	3794.65
11.6901	21.1073	1153.79	3686.43
11.6901	21.1073	1152.86	3696.52
11.6901	21.1073	1151.93	3685.12
11.6901	21.1073	1151.0	3576.97
11.6901	21.1073	1150.07	3557.52
11.6901	21.1073	1149.14	3575.7
11.6901	21.1073	1148.21	3470.31
11.6901	21.1073	1147.28	3370.33
11.6901	21.1073	1146.35	3541.57
11.6901	21.1073	1145.42	3382.56
11.6901	21.1073	1144.48	3408.8
11.6901	21.1073	1143.55	3322.32
11.6901	21.1073	1142.62	3378.07
11.6901	21.1073	1141.69	3415.03
11.6901	21.1073	1140.76	3344.69
11.6901	21.1073	1139.82	3234.14
11.6901	21.1073	1138.89	3246.97
11.6901	21.1073	1137.96	3348.27
11.6901	21.1073	1137.03	3200.26
11.6901	21.1073	1136.09	3148.77
11.6901	21.1073	1135.16	3317.01
11.6901	21.1073	1134.23	3179.8
11.6901	21.1073	1133.29	3149.77
11.6901	21.1073	1132.36	3146.54
11.6901	21.1073	1131.43	3095.11
11.6901	21.1073	1130.49	3035.66
11.6901	21.1073	1129.56	3230.51
11.6901	21.1073	1128.62	3077.4
11.6901	21.1073	1127.69	3146.42
11.6901	21.1073	1126.76	3180.63
11.6901	21.1073	1125.82	3099.83
11.6901	21.1073	1124.89	3104.63
11.6901	21.1073	1123.95	3039.91
11.6901	21.1073	1123.02	3042.04
11.6901	21.1073	1122.08	3241.95
11.6901	21.1073	1121.14	3129.14
11.6901	21.1073	1120.21	3168.66
11.6901	21.1073	1119.27	3189.47
11.6901	21.1073	1118.34	3106.11
11.6901	21.1073	1117.4	3174.98
11.6901	21.1073	1116.46	3243.83
11.6901	21.1073	1115.53	3173.85
11.6901	21.1073	1114.59	3215.99
11.6901	21.1073	1113.65	3138.04
11.6901	21.1073	1112.72	3198.84
11.6901	21.1073	1111.78	3131.58
11.6901	21.1073	1110.84	3112.36
11.6901	21.1073	1109.9	3183.8
11.6901	21.1073	1108.97	3228.56
11.6901	21.1073	1108.03	3307.95
11.6901	21.1073	1107.09	3355.33
11.6901	21.1073	1106.15	3330.75
11.6901	21.1073	1105.21	3292.86
11.6901	21.1073	1104.28	3169.75
11.6901	21.1073	1103.34	3238.43
11.6901	21.1073	1102.4	3221.87
11.6901	21.1073	1101.46	3226.62
11.6901	21.1073	1100.52	3353.81
11.6901	21.1073	1099.58	3302.65
11.6901	21.1073	1098.64	3267.47
11.6901	21.1073	1097.7	3248.27
11.6901	21.1073	1096.76	3359.4
11.6901	21.1073	1095.82	3297.64
11.6901	21.1073	1094.88	3352.89
11.6901	21.1073	1093.94	3280.51
11.6901	21.1073	1093.0	3521.8
11.6901	21.1073	1092.06	3266.06
11.6901	21.1073	1091.12	3395.67
11.6901	21.1073	1090.18	3387.09
11.6901	21.1073	1089.24	3320.09
11.6901	21.1073	1088.3	3327.46
11.6901	21.1073	1087.35	3321.56
11.6901	21.1073	1086.41	3265.22
11.6901	21.1073	1085.47	3206.25
11.6901	21.1073	1084.53	3144.64
11.6901	21.1073	1083.59	3146.73
11.6901	21.1073	1082.64	3082.51
11.6901	21.1073	1081.7	3020.95
11.6901	21.1073	1080.76	2858.65
11.6901	21.1073	1079.81	2903.22
11.6901	21.1073	1078.87	2886.79
11.6901	21.1073	1077.93	2862.43
11.6901	21.1073	1076.99	2856.62
11.6901	21.1073	1076.04	2972.68
11.6901	21.1073	1075.1	2863.54
11.6901	21.1073	1074.15	2881.57
11.6901	21.1073	1073.21	2761.9
11.6901	21.1073	1072.27	2872.6
11.6901	21.1073	1071.32	2872.09
11.6901	21.1073	1070.38	2874.22
11.6901	21.1073	1069.43	2836.66
11.6901	21.1073	1068.49	2669.48
11.6901	21.1073	1067.54	2941.46
11.6901	21.1073	1066.6	2888.04
11.6901	21.1073	1065.65	2810.84
11.6901	21.1073	1064.71	2768.04
11.6901	21.1073	1063.76	2897.07
11.6901	21.1073	1062.81	2825.19
11.6901	21.1073	1061.87	2792.98
11.6901	21.1073	1060.92	2834.75
11.6901	21.1073	1059.97	2926.69
11.6901	21.1073	1059.03	2857.51
11.6901	21.1073	1058.08	2928.29
11.6901	21.1073	1057.13	2782.56
11.6901	21.1073	1056.19	2906.13
11.6901	21.1073	1055.24	2937.28
11.6901	21.1073	1054.29	2891.89
11.6901	21.1073	1053.34	2904.57
11.6901	21.1073	1052.4	3038.57
11.6901	21.1073	1051.45	3001.11
11.6901	21.1073	1050.5	2932.01
11.6901	21.1073	1049.55	2986.85
11.6901	21.1073	1048.6	2912.52
11.6901	21.1073	1047.66	3046.4
11.6901	21.1073	1046.71	2972.08
11.6901	21.1073	1045.76	3032.13
11.6901	21.1073	1044.81	3057.93
11.6901	21.1073	1043.86	3073.18
11.6901	21.1073	1042.91	2922.56
11.6901	21.1073	1041.96	2979.95
11.6901	21.1073	1041.01	3029.42
11.6901	21.1073	1040.06	2915.73
11.6901	21.1073	1039.11	2891.53
11.6901	21.1073	1038.16	2801.57
11.6901	21.1073	1037.21	2879.97
11.6901	21.1073	1036.26	2876.83
11.6901	21.1073	1035.31	2868.42
11.6901	21.1073	1034.36	2846.88
11.6901	21.1073	1033.4	2788.55
11.6901	21.1073	1032.45	2887.91
11.6901	21.1073	1031.5	2855.86
11.6901	21.1073	1030.55	2863.23
11.6901	21.1073	1029.6	2815.44
11.6901	21.1073	1028.65	2828.07
11.6901	21.1073	1027.69	2856.44
11.6901	21.1073	1026.74	2790.31
11.6901	21.1073	1025.79	2747.82
11.6901	21.1073	1024.84	2742.08
11.6901	21.1073	1023.88	2773.07
11.6901	21.1073	1022.93	2735.85
11.6901	21.1073	1021.98	2777.32
11.6901	21.1073	1021.02	2708.65
11.6901	21.1073	1020.07	2653.11
11.6901	21.1073	1019.12	2872.81
11.6901	21.1073	1018.16	2704.57
11.6901	21.1073	1017.21	2649.06
11.6901	21.1073	1016.25	2622.39
11.6901	21.1073	1015.3	2758.12
11.6901	21.1073	1014.34	2736.68
11.6901	21.1073	1013.39	2681.2
11.6901	21.1073	1012.44	2688.57
11.6901	21.1073	1011.48	2719.5
11.6901	21.1073	1010.52	2679.76
11.6901	21.1073	1009.57	2702.83
11.6901	21.1073	1008.61	2657.87
11.6901	21.1073	1007.66	2712.32
11.6901	21.1073	1006.7	2701.37
11.6901	21.1073	1005.75	2753.18
11.6901	21.1073	1004.79	2718.7
11.6901	21.1073	1003.83	2752.19
11.6901	21.1073	1002.88	2717.73
11.6901	21.1073	1001.92	2649.31
11.6901	21.1073	1000.96	2763.77
11.6901	21.1073	1000.0	2765.89
11.6901	21.1073	999.048	2697.5
11.6901	21.1073	998.09	2736.18
11.6901	21.1073	997.132	2785.28
11.6901	21.1073	996.174	2779.56
11.6901	21.1073	995.216	2724.27
11.6901	21.1073	994.258	2684.64
11.6901	21.1073	993.3	2738.94
11.6901	21.1073	992.341	2540.24
11.6901	21.1073	991.382	2636.26
11.6901	21.1073	990.423	2667.07
11.6901	21.1073	989.4639999999999	2690.05
11.6901	21.1073	988.505	2697.39
11.6901	21.1073	987.546	2660.43
11.6901	21.1073	986.586	2508.84
11.6901	21.1073	985.6260000000001	2563.09
11.6901	21.1073	984.666	2703.27
11.6901	21.1073	983.706	2663.72
11.6901	21.1073	982.7460000000001	2632.0
11.6901	21.1073	981.785	2787.7
11.6901	21.1073	980.825	2566.0
11.6901	21.1073	979.8639999999999	2729.46
11.6901	21.1073	978.903	2770.59
11.6901	21.1073	977.942	2796.11
11.6901	21.1073	976.9810000000001	2735.79
11.6901	21.1073	976.0189999999999	2743.1
11.6901	21.1073	975.057	2654.22
11.6901	21.1073	974.095	2742.11
11.6901	21.1073	973.133	2819.58
11.6901	21.1073	972.171	2767.11
11.6901	21.1073	971.209	2686.08
11.6901	21.1073	970.2460000000001	2703.78
11.6901	21.1073	969.284	2734.45
11.6901	21.1073	968.321	2702.81
11.6901	21.1073	967.3580000000001	2665.98
11.6901	21.1073	966.3939999999999	2688.86
11.6901	21.1073	965.431	2709.13
11.6901	21.1073	964.467	2661.95
11.6901	21.1073	963.5039999999999	2651.09
11.6901	21.1073	962.54	2702.48
11.6901	21.1073	961.576	2663.1
11.6901	21.1073	960.6110000000001	2553.73
11.6901	21.1073	959.6469999999999	2607.71
11.6901	21.1073	958.682	2734.23
11.6901	21.1073	957.7180000000001	2552.35
11.6901	21.1073	956.753	2505.26
11.6901	21.1073	955.7869999999999	2621.37
11.6901	21.1073	954.822	2519.9
11.6901	21.1073	953.857	2589.36
11.6901	21.1073	952.8910000000001	2617.37
11.6901	21.1073	951.925	2777.38
11.6901	21.1073	950.959	2751.0
11.6901	21.1073	949.993	2670.29
11.6901	21.1073	949.0269999999999	2615.48
11.6901	21.1073	948.06	2733.99
11.6901	21.1073	947.0930000000001	2684.37
11.6901	21.1073	946.1260000000001	2614.07
11.6901	21.1073	945.159	2595.5
11.6901	21.1073	944.192	2631.22
11.6901	21.1073	943.225	2654.01
11.6901	21.1073	942.257	2563.1
11.6901	21.1073	941.289	2632.38
11.6901	21.1073	940.321	2660.32
11.6901	21.1073	939.3530000000001	2610.78
11.6901	21.1073	938.385	2646.45
11.6901	21.1073	937.4169999999999	2532.39
11.6901	21.1073	936.448	2748.74
11.6901	21.1073	935.4789999999999	2603.73
11.6901	21.1073	934.51	2603.26
11.6901	21.1073	933.541	2566.68
11.6901	21.1073	932.572	2563.64
11.6901	21.1073	931.602	2570.91
11.6901	21.1073	930.633	2578.18
11.6901	21.1073	929.663	2724.65
11.6901	21.1073	928.693	2708.69
11.6901	21.1073	927.7230000000001	2610.29
11.6901	21.1073	926.752	2736.05
11.6901	21.1073	925.7819999999999	2756.17
11.6901	21.1073	924.811	2675.83
11.6901	21.1073	923.84	2634.15
11.6901	21.1073	922.8689999999999	2705.76
11.6901	21.1073	921.898	2797.94
11.6901	21.1073	920.926	2815.45
11.6901	21.1073	919.955	2771.2
11.6901	21.1073	918.9830000000001	2847.87
11.6901	21.1073	918.0110000000001	2919.38
11.6901	21.1073	917.039	2836.56
11.6901	21.1073	916.066	2779.48
11.6901	21.1073	915.0939999999999	2794.4
11.6901	21.1073	914.1210000000001	2912.13
11.6901	21.1073	913.148	2839.65
11.6901	21.1073	912.175	2746.64
11.6901	21.1073	911.202	2730.73
11.6901	21.1073	910.2289999999999	2704.55
11.6901	21.1073	909.255	2722.04
11.6901	21.1073	908.2819999999999	2647.09
11.6901	21.1073	907.308	2736.46
11.6901	21.1073	906.334	2723.13
11.6901	21.1073	905.36	2612.3
11.6901	21.1073	904.385	2652.88
11.6901	21.1073	903.4110000000001	2744.74
11.6901	21.1073	902.436	2662.18
11.6901	21.1073	901.461	2638.62
11.6901	21.1073	900.4860000000001	2609.94
11.6901	21.1073	899.51	2714.56
11.6901	21.1073	898.535	2665.38
11.6901	21.1073	897.559	2636.71
11.6901	21.1073	896.5830000000001	2751.52
11.6901	21.1073	895.607	2748.46
11.6901	21.1073	894.6310000000001	2655.77
11.6901	21.1073	893.655	2647.61
11.6901	21.1073	892.678	2636.89
11.6901	21.1073	891.702	2695.28
11.6901	21.1073	890.725	2658.96
11.6901	21.1073	889.748	2689.19
11.6901	21.1073	888.77	2760.33
11.6901	21.1073	887.793	2726.58
11.6901	21.1073	886.815	2580.32
11.6901	21.1073	885.8380000000001	2559.4
11.6901	21.1073	884.86	2696.98
11.6901	21.1073	883.882	2681.16
11.6901	21.1073	882.903	2678.12
11.6901	21.1073	881.925	2646.97
11.6901	21.1073	880.946	2603.07
11.6901	21.1073	879.967	2628.14
11.6901	21.1073	878.988	2648.09
11.6901	21.1073	878.0089999999999	2691.01
11.6901	21.1073	877.03	2652.24
11.6901	21.1073	876.05	2644.1
11.6901	21.1073	875.071	2607.89
11.6901	21.1073	874.091	2630.38
11.6901	21.1073	873.1110000000001	2645.21
11.6901	21.1073	872.13	2601.38
11.6901	21.1073	871.15	2529.51
11.6901	21.1073	870.169	2608.08
11.6901	21.1073	869.189	2648.39
11.6901	21.1073	868.2080000000001	2548.52
11.6901	21.1073	867.2260000000001	2555.7
11.6901	21.1073	866.245	2657.15
11.6901	21.1073	865.2639999999999	2649.02
11.6901	21.1073	864.2819999999999	2747.86
11.6901	21.1073	863.3	2645.52
11.6901	21.1073	862.318	2693.41
11.6901	21.1073	861.336	2733.64
11.6901	21.1073	860.3530000000001	2641.53
11.6901	21.1073	859.3710000000001	2697.03
11.6901	21.1073	858.388	2788.12
11.6901	21.1073	857.405	2614.66
11.6901	21.1073	856.422	2642.16
11.6901	21.1073	855.439	2659.48
11.6901	21.1073	854.455	2638.66
11.6901	21.1073	853.472	2635.64
11.6901	21.1073	852.488	2655.49
11.6901	21.1073	851.5039999999999	2738.85
11.6901	21.1073	850.52	2812.02
11.6901	21.1073	849.535	2704.84
11.6901	21.1073	848.551	2640.87
11.6901	21.1073	847.566	2754.64
11.6901	21.1073	846.581	2581.53
11.6901	21.1073	845.596	2672.42
11.6901	21.1073	844.6110000000001	2659.25
11.6901	21.1073	843.6260000000001	2686.67
11.6901	21.1073	842.64	2655.75
11.6901	21.1073	841.654	2675.56
11.6901	21.1073	840.668	2672.53
11.6901	21.1073	839.682	2727.82
11.6901	21.1073	838.696	2740.0
11.6901	21.1073	837.709	2640.67
11.6901	21.1073	836.7230000000001	2708.6
11.6901	21.1073	835.7360000000001	2667.57
11.6901	21.1073	834.7489999999999	2606.3
11.6901	21.1073	833.762	2681.8
11.6901	21.1073	832.7739999999999	2833.23
11.6901	21.1073	831.7869999999999	2903.59
11.6901	21.1073	830.799	2796.76
11.6901	21.1073	829.811	3021.48
11.6901	21.1073	828.823	3114.54
11.6901	21.1073	827.835	3030.5
11.6901	21.1073	826.846	3108.35
11.6901	21.1073	825.857	3082.5
11.6901	21.1073	824.8689999999999	2927.71
11.6901	21.1073	823.88	2800.79
11.6901	21.1073	822.89	2800.28
11.6901	21.1073	821.9010000000001	2787.14
11.6901	21.1073	820.9119999999999	2695.68
11.6901	21.1073	819.922	2642.15
11.6901	21.1073	818.932	2737.63
11.6901	21.1073	817.942	2648.76
11.6901	21.1073	816.952	2688.67
11.6901	21.1073	815.961	2670.51
11.6901	21.1073	814.971	2758.36
11.6901	21.1073	813.98	2634.22
11.6901	21.1073	812.9889999999999	2686.72
11.6901	21.1073	811.998	2686.23
11.6901	21.1073	811.0060000000001	2632.78
11.6901	21.1073	810.015	2644.91
11.6901	21.1073	809.023	2715.01
11.6901	21.1073	808.0310000000001	2548.17
11.6901	21.1073	807.039	2610.7
11.6901	21.1073	806.047	2632.9
11.6901	21.1073	805.054	2587.08
11.6901	21.1073	804.062	2662.17
11.6901	21.1073	803.069	2749.82
11.6901	21.1073	802.076	2706.52
11.6901	21.1073	801.0830000000001	2698.47
11.6901	21.1073	800.0889999999999	2569.63
11.6901	21.1073	799.096	2627.03
11.6901	21.1073	798.102	2717.13
11.6901	21.1073	797.1080000000001	2610.99
11.6901	21.1073	796.1139999999999	2675.9
11.6901	21.1073	795.12	2763.42
11.6901	21.1073	794.1260000000001	2750.34
11.6901	21.1073	793.1310000000001	2679.46
11.6901	21.1073	792.1360000000001	2804.63
11.6901	21.1073	791.1410000000001	2781.51
11.6901	21.1073	790.1460000000001	2725.73
11.6901	21.1073	789.1510000000001	2680.02
11.6901	21.1073	788.155	2684.56
11.6901	21.1073	787.16	2779.48
11.6901	21.1073	786.164	2763.91
11.6901	21.1073	785.168	2715.72
11.6901	21.1073	784.171	2813.09
11.6901	21.1073	783.175	2724.76
11.6901	21.1073	782.178	2701.69
11.6901	21.1073	781.182	2751.36
11.6901	21.1073	780.185	2886.27
11.6901	21.1073	779.188	2767.9
11.6901	21.1073	778.19	2767.4
11.6901	21.1073	777.193	2744.34
11.6901	21.1073	776.195	2651.12
11.6901	21.1073	775.197	2700.75
11.6901	21.1073	774.199	2627.61
11.6901	21.1073	773.201	2787.42
11.6901	21.1073	772.202	2729.32
11.6901	21.1073	771.204	2861.5
11.6901	21.1073	770.205	2901.03
11.6901	21.1073	769.206	2790.39
11.6901	21.1073	768.207	2859.94
11.6901	21.1073	767.2080000000001	2786.87
11.6901	21.1073	766.2080000000001	2953.94
11.6901	21.1073	765.2080000000001	2968.4
11.6901	21.1073	764.209	2995.37
11.6901	21.1073	763.2080000000001	2907.32
11.6901	21.1073	762.2080000000001	2986.77
11.6901	21.1073	761.2080000000001	2888.77
11.6901	21.1073	760.207	2830.78
11.6901	21.1073	759.206	2980.14
11.6901	21.1073	758.205	2762.31
11.6901	21.1073	757.204	2744.32
11.6901	21.1073	756.203	2721.35
11.6901	21.1073	755.201	2773.28
11.6901	21.1073	754.2	2820.19
11.6901	21.1073	753.198	2742.32
11.6901	21.1073	752.196	2642.02
11.6901	21.1073	751.193	2766.26
11.6901	21.1073	750.191	2743.31
11.6901	21.1073	749.188	2767.74
11.6901	21.1073	748.186	2804.63
11.6901	21.1073	747.183	2821.57
11.6901	21.1073	746.179	2955.62
11.6901	21.1073	745.176	2818.04
11.6901	21.1073	744.173	2867.35
11.6901	21.1073	743.169	2981.4
11.6901	21.1073	742.165	2938.52
11.6901	21.1073	741.1610000000001	2970.35
11.6901	21.1073	740.1569999999999	2862.77
11.6901	21.1073	739.1519999999999	2996.64
11.6901	21.1073	738.1469999999999	2906.51
11.6901	21.1073	737.143	2903.49
11.6901	21.1073	736.138	2997.49
11.6901	21.1073	735.132	3014.35
11.6901	21.1073	734.127	3031.2
11.6901	21.1073	733.122	2968.49
11.6901	21.1073	732.1160000000001	3047.49
11.6901	21.1073	731.11	2935.1
11.6901	21.1073	730.1039999999999	2951.95
11.6901	21.1073	729.097	2981.23
11.6901	21.1073	728.091	3012.97
11.6901	21.1073	727.084	2980.13
11.6901	21.1073	726.077	2962.21
11.6901	21.1073	725.07	3011.32
11.6901	21.1073	724.063	3040.55
11.6901	21.1073	723.056	2987.88
11.6901	21.1073	722.048	2925.3
11.6901	21.1073	721.04	3053.76
11.6901	21.1073	720.0319999999999	3065.6
11.6901	21.1073	719.0239999999999	3092.32
11.6901	21.1073	718.0160000000001	3200.85
11.6901	21.1073	717.007	3272.15
11.6901	21.1073	715.9989999999999	3440.08
11.6901	21.1073	714.99	3352.72
11.6901	21.1073	713.9810000000001	3480.94
11.6901	21.1073	712.972	3366.36
11.6901	21.1073	711.962	3303.82
11.6901	21.1073	710.953	3206.65
11.6901	21.1073	709.943	3116.93
11.6901	21.1073	708.933	2985.17
11.6901	21.1073	707.923	2974.73
11.6901	21.1073	706.9119999999999	2922.22
11.6901	21.1073	705.9019999999999	2906.84
11.6901	21.1073	704.8910000000001	2817.26
11.6901	21.1073	703.88	2848.89
11.6901	21.1073	702.8689999999999	2821.17
11.6901	21.1073	701.8580000000001	2902.24
11.6901	21.1073	700.846	2731.16
11.6901	21.1073	699.834	2799.85
11.6901	21.1073	698.823	2737.57
11.6901	21.1073	697.811	2769.18
11.6901	21.1073	696.798	2650.12
11.6901	21.1073	695.7860000000001	2634.82
11.6901	21.1073	694.773	2789.88
11.6901	21.1073	693.7610000000001	2683.22
11.6901	21.1073	692.748	2667.92
11.6901	21.1073	691.7339999999999	2734.05
11.6901	21.1073	690.721	2738.49
11.6901	21.1073	689.7080000000001	2745.38
11.6901	21.1073	688.694	2685.69
11.6901	21.1073	687.68	2645.75
11.6901	21.1073	686.666	2741.41
11.6901	21.1073	685.6519999999999	2753.23
11.6901	21.1073	684.637	2804.47
11.6901	21.1073	683.623	2727.58
11.6901	21.1073	682.6080000000001	2840.4
11.6901	21.1073	681.5930000000001	2866.97
11.6901	21.1073	680.578	2893.53
11.6901	21.1073	679.562	2826.52
11.6901	21.1073	678.547	2803.85
11.6901	21.1073	677.5310000000001	2852.55
11.6901	21.1073	676.515	2911.09
11.6901	21.1073	675.4989999999999	2669.44
11.6901	21.1073	674.482	2727.99
11.6901	21.1073	673.466	2744.7
11.6901	21.1073	672.449	2921.24
11.6901	21.1073	671.432	2625.69
11.6901	21.1073	670.415	2858.72
11.6901	21.1073	669.398	3035.14
11.6901	21.1073	668.3810000000001	3010.01
11.6901	21.1073	667.363	3058.59
11.6901	21.1073	666.345	3215.23
11.6901	21.1073	665.327	3273.58
11.6901	21.1073	664.309	3336.81
11.6901	21.1073	663.291	3181.54
11.6901	21.1073	662.2719999999999	3080.32
11.6901	21.1073	661.253	2961.97
11.6901	21.1073	660.2339999999999	2985.96
11.6901	21.1073	659.215	2902.0
11.6901	21.1073	658.196	2913.73
11.6901	21.1073	657.176	2937.72
11.6901	21.1073	656.1569999999999	2848.91
11.6901	21.1073	655.137	2863.1
11.6901	21.1073	654.117	2945.9
11.6901	21.1073	653.097	2991.91
11.6901	21.1073	652.076	2952.16
11.6901	21.1073	651.056	2961.42
11.6901	21.1073	650.035	2955.97
11.6901	21.1073	649.014	2984.81
11.6901	21.1073	647.993	2954.88
11.6901	21.1073	646.971	3076.72
11.6901	21.1073	645.95	3056.58
11.6901	21.1073	644.928	3063.36
11.6901	21.1073	643.906	3092.15
11.6901	21.1073	642.884	3042.66
11.6901	21.1073	641.861	3073.89
11.6901	21.1073	640.839	3112.44
11.6901	21.1073	639.816	3141.21
11.6901	21.1073	638.793	3267.72
11.6901	21.1073	637.77	3364.86
11.6901	21.1073	636.747	3525.49
11.6901	21.1073	635.724	3419.8
11.6901	21.1073	634.7	3450.92
11.6901	21.1073	633.6759999999999	3425.87
11.6901	21.1073	632.6519999999999	3303.17
11.6901	21.1073	631.628	3156.1
11.6901	21.1073	630.6030000000001	3165.28
11.6901	21.1073	629.5790000000001	3050.02
11.6901	21.1073	628.554	3054.34
11.6901	21.1073	627.529	2963.52
11.6901	21.1073	626.504	2926.4
11.6901	21.1073	625.479	2986.81
11.6901	21.1073	624.453	2918.0
11.6901	21.1073	623.427	2880.91
11.6901	21.1073	622.401	2821.89
11.6901	21.1073	621.375	2816.5
11.6901	21.1073	620.349	2825.72
11.6901	21.1073	619.323	2803.28
11.6901	21.1073	618.2959999999999	2827.11
11.6901	21.1073	617.269	2833.9
11.6901	21.1073	616.242	2843.11
11.6901	21.1073	615.215	2716.03
11.6901	21.1073	614.187	2805.56
11.6901	21.1073	613.16	2805.04
11.6901	21.1073	612.132	2738.85
11.6901	21.1073	611.104	2699.43
11.6901	21.1073	610.076	2750.0
11.6901	21.1073	609.047	2790.82
11.6901	21.1073	608.019	2629.88
11.6901	21.1073	606.99	2709.59
11.6901	21.1073	605.961	2709.09
11.6901	21.1073	604.932	2645.43
11.6901	21.1073	603.903	2596.36
11.6901	21.1073	602.873	2634.74
11.6901	21.1073	601.844	2639.11
11.6901	21.1073	600.814	2607.06
