-1.30996	5.90865	1799.31	1503.58
-1.30996	5.90865	1798.5	1601.11
-1.30996	5.90865	1797.68	1594.73
-1.30996	5.90865	1796.86	1597.51
-1.30996	5.90865	1796.04	1640.0
-1.30996	5.90865	1795.22	1538.96
-1.30996	5.90865	1794.4	1627.23
-1.30996	5.90865	1793.58	1599.48
-1.30996	5.90865	1792.76	1553.44
-1.30996	5.90865	1791.94	1611.15
-1.30996	5.90865	1791.13	1610.88
-1.30996	5.90865	1790.31	1635.01
-1.30996	5.90865	1789.49	1595.08
-1.30996	5.90865	1788.67	1625.31
-1.30996	5.90865	1787.85	1585.4
-1.30996	5.90865	1787.03	1545.5
-1.30996	5.90865	1786.21	1578.77
-1.30996	5.90865	1785.39	1532.79
-1.30996	5.90865	1784.56	1547.77
-1.30996	5.90865	1783.74	1602.34
-1.30996	5.90865	1782.92	1611.2
-1.30996	5.90865	1782.1	1568.3
-1.30996	5.90865	1781.28	1641.11
-1.30996	5.90865	1780.46	1555.59
-1.30996	5.90865	1779.64	1649.68
-1.30996	5.90865	1778.82	1652.45
-1.30996	5.90865	1778.0	1600.44
-1.30996	5.90865	1777.17	1603.21
-1.30996	5.90865	1776.35	1590.78
-1.30996	5.90865	1775.53	1563.14
-1.30996	5.90865	1774.71	1644.97
-1.30996	5.90865	1773.89	1650.77
-1.30996	5.90865	1773.06	1638.33
-1.30996	5.90865	1772.24	1565.12
-1.30996	5.90865	1771.42	1628.66
-1.30996	5.90865	1770.59	1546.36
-1.30996	5.90865	1769.77	1606.85
-1.30996	5.90865	1768.95	1579.25
-1.30996	5.90865	1768.12	1673.11
-1.30996	5.90865	1767.3	1642.47
-1.30996	5.90865	1766.48	1566.3
-1.30996	5.90865	1765.65	1660.12
-1.30996	5.90865	1764.83	1617.36
-1.30996	5.90865	1764.01	1674.73
-1.30996	5.90865	1763.18	1641.08
-1.30996	5.90865	1762.36	1555.88
-1.30996	5.90865	1761.53	1622.33
-1.30996	5.90865	1760.71	1640.24
-1.30996	5.90865	1759.88	1588.43
-1.30996	5.90865	1759.06	1624.53
-1.30996	5.90865	1758.23	1690.93
-1.30996	5.90865	1757.41	1696.7
-1.30996	5.90865	1756.58	1705.5
-1.30996	5.90865	1755.76	1641.61
-1.30996	5.90865	1754.93	1641.33
-1.30996	5.90865	1754.11	1671.33
-1.30996	5.90865	1753.28	1683.15
-1.30996	5.90865	1752.46	1664.71
-1.30996	5.90865	1751.63	1709.82
-1.30996	5.90865	1750.8	1703.48
-1.30996	5.90865	1749.98	1718.32
-1.30996	5.90865	1749.15	1711.98
-1.30996	5.90865	1748.32	1651.2
-1.30996	5.90865	1747.5	1687.21
-1.30996	5.90865	1746.67	1714.13
-1.30996	5.90865	1745.84	1765.22
-1.30996	5.90865	1745.02	1665.19
-1.30996	5.90865	1744.19	1764.62
-1.30996	5.90865	1743.36	1694.84
-1.30996	5.90865	1742.53	1634.14
-1.30996	5.90865	1741.71	1827.15
-1.30996	5.90865	1740.88	1712.1
-1.30996	5.90865	1740.05	1778.22
-1.30996	5.90865	1739.22	1777.92
-1.30996	5.90865	1738.39	1711.22
-1.30996	5.90865	1737.56	1747.14
-1.30996	5.90865	1736.74	1749.87
-1.30996	5.90865	1735.91	1737.5
-1.30996	5.90865	1735.08	1755.3
-1.30996	5.90865	1734.25	1851.5
-1.30996	5.90865	1733.42	1878.32
-1.30996	5.90865	1732.59	1772.5
-1.30996	5.90865	1731.76	1757.13
-1.30996	5.90865	1730.93	1826.14
-1.30996	5.90865	1730.1	1720.38
-1.30996	5.90865	1729.27	1816.48
-1.30996	5.90865	1728.44	1734.85
-1.30996	5.90865	1727.61	1767.68
-1.30996	5.90865	1726.78	1875.77
-1.30996	5.90865	1725.95	1800.2
-1.30996	5.90865	1725.12	1875.14
-1.30996	5.90865	1724.29	1829.68
-1.30996	5.90865	1723.46	1778.22
-1.30996	5.90865	1722.63	1850.11
-1.30996	5.90865	1721.8	1798.67
-1.30996	5.90865	1720.96	1807.38
-1.30996	5.90865	1720.13	1849.17
-1.30996	5.90865	1719.3	1824.81
-1.30996	5.90865	1718.47	1878.6
-1.30996	5.90865	1717.64	1806.16
-1.30996	5.90865	1716.81	1908.01
-1.30996	5.90865	1715.97	1844.6
-1.30996	5.90865	1715.14	1874.32
-1.30996	5.90865	1714.31	1919.05
-1.30996	5.90865	1713.48	1867.68
-1.30996	5.90865	1712.64	1894.38
-1.30996	5.90865	1711.81	1882.05
-1.30996	5.90865	1710.98	1938.76
-1.30996	5.90865	1710.14	1914.42
-1.30996	5.90865	1709.31	1860.09
-1.30996	5.90865	1708.48	1976.76
-1.30996	5.90865	1707.64	1907.45
-1.30996	5.90865	1706.81	1976.09
-1.30996	5.90865	1705.98	1831.85
-1.30996	5.90865	1705.14	1900.48
-1.30996	5.90865	1704.31	1942.11
-1.30996	5.90865	1703.47	1962.76
-1.30996	5.90865	1702.64	1881.53
-1.30996	5.90865	1701.81	1881.21
-1.30996	5.90865	1700.97	1904.85
-1.30996	5.90865	1700.14	2048.27
-1.30996	5.90865	1699.3	1964.09
-1.30996	5.90865	1698.47	1954.77
-1.30996	5.90865	1697.63	1960.42
-1.30996	5.90865	1696.79	2073.81
-1.30996	5.90865	1695.96	2019.6
-1.30996	5.90865	1695.12	1977.37
-1.30996	5.90865	1694.29	2030.87
-1.30996	5.90865	1693.45	1976.7
-1.30996	5.90865	1692.62	1991.31
-1.30996	5.90865	1691.78	1913.25
-1.30996	5.90865	1690.94	2044.44
-1.30996	5.90865	1690.11	2091.9
-1.30996	5.90865	1689.27	2064.66
-1.30996	5.90865	1688.43	2106.13
-1.30996	5.90865	1687.6	2046.03
-1.30996	5.90865	1686.76	2018.81
-1.30996	5.90865	1685.92	2111.02
-1.30996	5.90865	1685.08	2149.48
-1.30996	5.90865	1684.25	2202.84
-1.30996	5.90865	1683.41	2044.29
-1.30996	5.90865	1682.57	2064.83
-1.30996	5.90865	1681.73	2118.18
-1.30996	5.90865	1680.89	2138.7
-1.30996	5.90865	1680.06	2108.51
-1.30996	5.90865	1679.22	2137.97
-1.30996	5.90865	1678.38	2167.42
-1.30996	5.90865	1677.54	2205.8
-1.30996	5.90865	1676.7	2130.91
-1.30996	5.90865	1675.86	2208.03
-1.30996	5.90865	1675.02	2189.77
-1.30996	5.90865	1674.18	2293.66
-1.30996	5.90865	1673.35	2212.85
-1.30996	5.90865	1672.51	2230.34
-1.30996	5.90865	1671.67	2313.33
-1.30996	5.90865	1670.83	2178.98
-1.30996	5.90865	1669.99	2261.94
-1.30996	5.90865	1669.15	2356.78
-1.30996	5.90865	1668.31	2335.55
-1.30996	5.90865	1667.47	2332.18
-1.30996	5.90865	1666.62	2313.93
-1.30996	5.90865	1665.78	2375.99
-1.30996	5.90865	1664.94	2342.88
-1.30996	5.90865	1664.1	2360.31
-1.30996	5.90865	1663.26	2422.33
-1.30996	5.90865	1662.42	2374.37
-1.30996	5.90865	1661.58	2454.18
-1.30996	5.90865	1660.74	2427.03
-1.30996	5.90865	1659.9	2512.75
-1.30996	5.90865	1659.05	2586.56
-1.30996	5.90865	1658.21	2482.2
-1.30996	5.90865	1657.37	2490.68
-1.30996	5.90865	1656.53	2617.89
-1.30996	5.90865	1655.68	2605.57
-1.30996	5.90865	1654.84	2533.91
-1.30996	5.90865	1654.0	2684.78
-1.30996	5.90865	1653.16	2648.73
-1.30996	5.90865	1652.31	2716.48
-1.30996	5.90865	1651.47	2686.37
-1.30996	5.90865	1650.63	2656.26
-1.30996	5.90865	1649.78	2670.63
-1.30996	5.90865	1648.94	2747.23
-1.30996	5.90865	1648.1	2817.87
-1.30996	5.90865	1647.25	2864.79
-1.30996	5.90865	1646.41	2840.61
-1.30996	5.90865	1645.56	2822.35
-1.30996	5.90865	1644.72	2881.09
-1.30996	5.90865	1643.88	2930.93
-1.30996	5.90865	1643.03	2894.91
-1.30996	5.90865	1642.19	2971.36
-1.30996	5.90865	1641.34	3124.72
-1.30996	5.90865	1640.5	3242.53
-1.30996	5.90865	1639.65	3023.08
-1.30996	5.90865	1638.81	3072.84
-1.30996	5.90865	1637.96	3131.46
-1.30996	5.90865	1637.11	3287.61
-1.30996	5.90865	1636.27	3254.54
-1.30996	5.90865	1635.42	3336.73
-1.30996	5.90865	1634.58	3285.93
-1.30996	5.90865	1633.73	3441.95
-1.30996	5.90865	1632.88	3435.46
-1.30996	5.90865	1632.04	3526.43
-1.30996	5.90865	1631.19	3419.52
-1.30996	5.90865	1630.34	3575.41
-1.30996	5.90865	1629.5	3681.07
-1.30996	5.90865	1628.65	3724.71
-1.30996	5.90865	1627.8	3747.68
-1.30996	5.90865	1626.96	3767.69
-1.30996	5.90865	1626.11	3834.9
-1.30996	5.90865	1625.26	3854.89
-1.30996	5.90865	1624.41	4045.91
-1.30996	5.90865	1623.57	3980.35
-1.30996	5.90865	1622.72	4135.91
-1.30996	5.90865	1621.87	4229.52
-1.30996	5.90865	1621.02	4149.23
-1.30996	5.90865	1620.17	4148.52
-1.30996	5.90865	1619.32	4262.7
-1.30996	5.90865	1618.47	4409.24
-1.30996	5.90865	1617.63	4437.93
-1.30996	5.90865	1616.78	4310.56
-1.30996	5.90865	1615.93	4342.21
-1.30996	5.90865	1615.08	4535.73
-1.30996	5.90865	1614.23	4614.41
-1.30996	5.90865	1613.38	4448.84
-1.30996	5.90865	1612.53	4277.46
-1.30996	5.90865	1611.68	4400.26
-1.30996	5.90865	1610.83	4517.14
-1.30996	5.90865	1609.98	4528.13
-1.30996	5.90865	1609.13	4668.46
-1.30996	5.90865	1608.28	4432.52
-1.30996	5.90865	1607.43	4666.86
-1.30996	5.90865	1606.58	4569.1
-1.30996	5.90865	1605.73	4682.89
-1.30996	5.90865	1604.87	4467.67
-1.30996	5.90865	1604.02	4813.44
-1.30996	5.90865	1603.17	4718.66
-1.30996	5.90865	1602.32	4632.71
-1.30996	5.90865	1601.47	4769.88
-1.30996	5.90865	1600.62	4810.15
-1.30996	5.90865	1599.76	4873.88
-1.30996	5.90865	1598.91	4937.58
-1.30996	5.90865	1598.06	4669.81
-1.30996	5.90865	1597.21	4974.02
-1.30996	5.90865	1596.36	5046.47
-1.30996	5.90865	1595.5	5028.01
-1.30996	5.90865	1594.65	4868.86
-1.30996	5.90865	1593.8	4897.34
-1.30996	5.90865	1592.94	5119.2
-1.30996	5.90865	1592.09	5141.76
-1.30996	5.90865	1591.24	4997.34
-1.30996	5.90865	1590.38	5084.35
-1.30996	5.90865	1589.53	4980.99
-1.30996	5.90865	1588.68	4822.03
-1.30996	5.90865	1587.82	4950.0
-1.30996	5.90865	1586.97	4852.57
-1.30996	5.90865	1586.11	4813.7
-1.30996	5.90865	1585.26	4739.73
-1.30996	5.90865	1584.4	4753.54
-1.30996	5.90865	1583.55	4738.1
-1.30996	5.90865	1582.69	4585.23
-1.30996	5.90865	1581.84	4686.77
-1.30996	5.90865	1580.98	4659.66
-1.30996	5.90865	1580.13	4536.1
-1.30996	5.90865	1579.27	4614.22
-1.30996	5.90865	1578.42	4493.64
-1.30996	5.90865	1577.56	4641.85
-1.30996	5.90865	1576.71	4465.81
-1.30996	5.90865	1575.85	4523.45
-1.30996	5.90865	1574.99	4493.47
-1.30996	5.90865	1574.14	4378.85
-1.30996	5.90865	1573.28	4334.32
-1.30996	5.90865	1572.42	4310.23
-1.30996	5.90865	1571.57	4286.15
-1.30996	5.90865	1570.71	4314.58
-1.30996	5.90865	1569.85	4278.84
-1.30996	5.90865	1569.0	4123.54
-1.30996	5.90865	1568.14	4029.53
-1.30996	5.90865	1567.28	4197.92
-1.30996	5.90865	1566.42	4153.48
-1.30996	5.90865	1565.56	4044.94
-1.30996	5.90865	1564.71	3974.32
-1.30996	5.90865	1563.85	3947.41
-1.30996	5.90865	1562.99	3964.21
-1.30996	5.90865	1562.13	3943.14
-1.30996	5.90865	1561.27	3855.11
-1.30996	5.90865	1560.41	3770.03
-1.30996	5.90865	1559.56	3751.91
-1.30996	5.90865	1558.7	3757.09
-1.30996	5.90865	1557.84	3823.37
-1.30996	5.90865	1556.98	3875.08
-1.30996	5.90865	1556.12	3653.35
-1.30996	5.90865	1555.26	3809.76
-1.30996	5.90865	1554.4	3556.13
-1.30996	5.90865	1553.54	3491.56
-1.30996	5.90865	1552.68	3694.43
-1.30996	5.90865	1551.82	3612.42
-1.30996	5.90865	1550.96	3748.37
-1.30996	5.90865	1550.1	3532.74
-1.30996	5.90865	1549.24	3459.51
-1.30996	5.90865	1548.38	3627.36
-1.30996	5.90865	1547.52	3690.62
-1.30996	5.90865	1546.65	3617.41
-1.30996	5.90865	1545.79	3506.48
-1.30996	5.90865	1544.93	3563.92
-1.30996	5.90865	1544.07	3632.95
-1.30996	5.90865	1543.21	3571.4
-1.30996	5.90865	1542.35	3466.36
-1.30996	5.90865	1541.48	3468.66
-1.30996	5.90865	1540.62	3546.35
-1.30996	5.90865	1539.76	3432.67
-1.30996	5.90865	1538.9	3446.58
-1.30996	5.90865	1538.04	3521.34
-1.30996	5.90865	1537.17	3503.34
-1.30996	5.90865	1536.31	3534.61
-1.30996	5.90865	1535.45	3516.62
-1.30996	5.90865	1534.58	3550.77
-1.30996	5.90865	1533.72	3561.74
-1.30996	5.90865	1532.86	3520.59
-1.30996	5.90865	1531.99	3528.67
-1.30996	5.90865	1531.13	3583.05
-1.30996	5.90865	1530.27	3553.5
-1.30996	5.90865	1529.4	3558.67
-1.30996	5.90865	1528.54	3549.38
-1.30996	5.90865	1527.67	3557.45
-1.30996	5.90865	1526.81	3449.84
-1.30996	5.90865	1525.94	3431.9
-1.30996	5.90865	1525.08	3515.14
-1.30996	5.90865	1524.21	3422.04
-1.30996	5.90865	1523.35	3554.38
-1.30996	5.90865	1522.48	3475.76
-1.30996	5.90865	1521.62	3518.49
-1.30996	5.90865	1520.75	3526.55
-1.30996	5.90865	1519.89	3471.07
-1.30996	5.90865	1519.02	3551.32
-1.30996	5.90865	1518.15	3516.06
-1.30996	5.90865	1517.29	3506.8
-1.30996	5.90865	1516.42	3405.19
-1.30996	5.90865	1515.56	3566.18
-1.30996	5.90865	1514.69	3502.1
-1.30996	5.90865	1513.82	3714.93
-1.30996	5.90865	1512.96	3463.4
-1.30996	5.90865	1512.09	3615.62
-1.30996	5.90865	1511.22	3404.55
-1.30996	5.90865	1510.35	3732.54
-1.30996	5.90865	1509.49	3567.64
-1.30996	5.90865	1508.62	3558.38
-1.30996	5.90865	1507.75	3552.0
-1.30996	5.90865	1506.88	3637.8
-1.30996	5.90865	1506.01	3547.89
-1.30996	5.90865	1505.15	3699.88
-1.30996	5.90865	1504.28	3509.24
-1.30996	5.90865	1503.41	3672.7
-1.30996	5.90865	1502.54	3859.12
-1.30996	5.90865	1501.67	3662.8
-1.30996	5.90865	1500.8	3552.85
-1.30996	5.90865	1499.93	3687.42
-1.30996	5.90865	1499.06	3655.15
-1.30996	5.90865	1498.19	3536.63
-1.30996	5.90865	1497.32	3455.53
-1.30996	5.90865	1496.46	3569.9
-1.30996	5.90865	1495.59	3652.63
-1.30996	5.90865	1494.72	3433.62
-1.30996	5.90865	1493.84	3657.11
-1.30996	5.90865	1492.97	3564.56
-1.30996	5.90865	1492.1	3641.49
-1.30996	5.90865	1491.23	3422.63
-1.30996	5.90865	1490.36	3399.08
-1.30996	5.90865	1489.49	3504.69
-1.30996	5.90865	1488.62	3486.87
-1.30996	5.90865	1487.75	3302.63
-1.30996	5.90865	1486.88	3359.43
-1.30996	5.90865	1486.01	3295.75
-1.30996	5.90865	1485.13	3447.17
-1.30996	5.90865	1484.26	3340.48
-1.30996	5.90865	1483.39	3265.37
-1.30996	5.90865	1482.52	3379.46
-1.30996	5.90865	1481.65	3281.43
-1.30996	5.90865	1480.77	3286.6
-1.30996	5.90865	1479.9	3260.24
-1.30996	5.90865	1479.03	3359.93
-1.30996	5.90865	1478.16	3290.62
-1.30996	5.90865	1477.28	3384.54
-1.30996	5.90865	1476.41	3369.64
-1.30996	5.90865	1475.54	3191.59
-1.30996	5.90865	1474.66	3331.27
-1.30996	5.90865	1473.79	3430.84
-1.30996	5.90865	1472.91	3427.39
-1.30996	5.90865	1472.04	3286.63
-1.30996	5.90865	1471.17	3351.84
-1.30996	5.90865	1470.29	3334.11
-1.30996	5.90865	1469.42	3485.05
-1.30996	5.90865	1468.54	3307.23
-1.30996	5.90865	1467.67	3238.06
-1.30996	5.90865	1466.79	3254.65
-1.30996	5.90865	1465.92	3299.79
-1.30996	5.90865	1465.04	3262.09
-1.30996	5.90865	1464.17	3144.43
-1.30996	5.90865	1463.29	3255.25
-1.30996	5.90865	1462.42	3360.32
-1.30996	5.90865	1461.54	3154.21
-1.30996	5.90865	1460.66	3225.02
-1.30996	5.90865	1459.79	3290.09
-1.30996	5.90865	1458.91	3209.63
-1.30996	5.90865	1458.04	3243.31
-1.30996	5.90865	1457.16	3248.45
-1.30996	5.90865	1456.28	3148.08
-1.30996	5.90865	1455.41	3193.15
-1.30996	5.90865	1454.53	3226.81
-1.30996	5.90865	1453.65	3237.65
-1.30996	5.90865	1452.77	3163.0
-1.30996	5.90865	1451.9	3247.92
-1.30996	5.90865	1451.02	3329.97
-1.30996	5.90865	1450.14	3243.95
-1.30996	5.90865	1449.26	3234.84
-1.30996	5.90865	1448.39	3245.67
-1.30996	5.90865	1447.51	3327.66
-1.30996	5.90865	1446.63	3267.31
-1.30996	5.90865	1445.75	3155.77
-1.30996	5.90865	1444.87	3104.01
-1.30996	5.90865	1443.99	3225.79
-1.30996	5.90865	1443.11	3327.62
-1.30996	5.90865	1442.23	3227.51
-1.30996	5.90865	1441.35	3275.29
-1.30996	5.90865	1440.48	3260.5
-1.30996	5.90865	1439.6	3282.67
-1.30996	5.90865	1438.72	3159.91
-1.30996	5.90865	1437.84	3176.41
-1.30996	5.90865	1436.96	3292.33
-1.30996	5.90865	1436.08	3209.39
-1.30996	5.90865	1435.2	3254.27
-1.30996	5.90865	1434.31	3179.89
-1.30996	5.90865	1433.43	3116.88
-1.30996	5.90865	1432.55	3258.25
-1.30996	5.90865	1431.67	3257.69
-1.30996	5.90865	1430.79	3228.75
-1.30996	5.90865	1429.91	3148.76
-1.30996	5.90865	1429.03	3230.46
-1.30996	5.90865	1428.15	3329.15
-1.30996	5.90865	1427.27	3164.13
-1.30996	5.90865	1426.38	3191.93
-1.30996	5.90865	1425.5	3267.9
-1.30996	5.90865	1424.62	3111.47
-1.30996	5.90865	1423.74	3365.93
-1.30996	5.90865	1422.85	3195.38
-1.30996	5.90865	1421.97	3242.97
-1.30996	5.90865	1421.09	3256.56
-1.30996	5.90865	1420.21	3267.32
-1.30996	5.90865	1419.32	3266.76
-1.30996	5.90865	1418.44	3260.53
-1.30996	5.90865	1417.56	3282.6
-1.30996	5.90865	1416.67	3341.44
-1.30996	5.90865	1415.79	3292.77
-1.30996	5.90865	1414.9	3365.74
-1.30996	5.90865	1414.02	3325.56
-1.30996	5.90865	1413.14	3361.74
-1.30996	5.90865	1412.25	3460.1
-1.30996	5.90865	1411.37	3306.87
-1.30996	5.90865	1410.48	3258.25
-1.30996	5.90865	1409.6	3333.97
-1.30996	5.90865	1408.71	3452.04
-1.30996	5.90865	1407.83	3310.22
-1.30996	5.90865	1406.94	3411.3
-1.30996	5.90865	1406.06	3453.06
-1.30996	5.90865	1405.17	3548.44
-1.30996	5.90865	1404.29	3485.73
-1.30996	5.90865	1403.4	3504.88
-1.30996	5.90865	1402.51	3639.7
-1.30996	5.90865	1401.63	3551.61
-1.30996	5.90865	1400.74	3384.59
-1.30996	5.90865	1399.85	3592.68
-1.30996	5.90865	1398.97	3637.16
-1.30996	5.90865	1398.08	3566.06
-1.30996	5.90865	1397.19	3579.53
-1.30996	5.90865	1396.31	3556.36
-1.30996	5.90865	1395.42	3547.29
-1.30996	5.90865	1394.53	3560.76
-1.30996	5.90865	1393.64	3689.7
-1.30996	5.90865	1392.76	3652.45
-1.30996	5.90865	1391.87	3640.55
-1.30996	5.90865	1390.98	3665.25
-1.30996	5.90865	1390.09	3543.58
-1.30996	5.90865	1389.2	3720.25
-1.30996	5.90865	1388.32	3773.06
-1.30996	5.90865	1387.43	3817.42
-1.30996	5.90865	1386.54	3763.31
-1.30996	5.90865	1385.65	3619.24
-1.30996	5.90865	1384.76	3773.25
-1.30996	5.90865	1383.87	3758.53
-1.30996	5.90865	1382.98	3830.96
-1.30996	5.90865	1382.09	3743.17
-1.30996	5.90865	1381.2	3714.42
-1.30996	5.90865	1380.31	3930.08
-1.30996	5.90865	1379.42	3915.36
-1.30996	5.90865	1378.53	3861.32
-1.30996	5.90865	1377.64	3986.99
-1.30996	5.90865	1376.75	4118.24
-1.30996	5.90865	1375.86	4154.01
-1.30996	5.90865	1374.97	4111.19
-1.30996	5.90865	1374.08	4099.25
-1.30996	5.90865	1373.19	4149.03
-1.30996	5.90865	1372.3	4238.06
-1.30996	5.90865	1371.4	4130.76
-1.30996	5.90865	1370.51	4273.03
-1.30996	5.90865	1369.62	4221.82
-1.30996	5.90865	1368.73	4358.43
-1.30996	5.90865	1367.84	4385.69
-1.30996	5.90865	1366.94	4387.73
-1.30996	5.90865	1366.05	4426.18
-1.30996	5.90865	1365.16	4464.62
-1.30996	5.90865	1364.27	4486.24
-1.30996	5.90865	1363.37	4544.26
-1.30996	5.90865	1362.48	4521.07
-1.30996	5.90865	1361.59	4537.08
-1.30996	5.90865	1360.69	4600.65
-1.30996	5.90865	1359.8	4566.27
-1.30996	5.90865	1358.91	4461.96
-1.30996	5.90865	1358.01	4696.13
-1.30996	5.90865	1357.12	4617.01
-1.30996	5.90865	1356.22	4535.12
-1.30996	5.90865	1355.33	4559.49
-1.30996	5.90865	1354.44	4642.54
-1.30996	5.90865	1353.54	4731.16
-1.30996	5.90865	1352.65	4674.45
-1.30996	5.90865	1351.75	4765.82
-1.30996	5.90865	1350.86	4720.3
-1.30996	5.90865	1349.96	4956.84
-1.30996	5.90865	1349.07	4757.74
-1.30996	5.90865	1348.17	4932.78
-1.30996	5.90865	1347.28	4904.0
-1.30996	5.90865	1346.38	4972.91
-1.30996	5.90865	1345.48	4969.25
-1.30996	5.90865	1344.59	4842.85
-1.30996	5.90865	1343.69	5129.29
-1.30996	5.90865	1342.79	5239.94
-1.30996	5.90865	1341.9	5202.78
-1.30996	5.90865	1341.0	5162.84
-1.30996	5.90865	1340.1	5122.91
-1.30996	5.90865	1339.21	5325.45
-1.30996	5.90865	1338.31	5338.45
-1.30996	5.90865	1337.41	5412.73
-1.30996	5.90865	1336.51	5375.58
-1.30996	5.90865	1335.62	5619.7
-1.30996	5.90865	1334.72	5677.18
-1.30996	5.90865	1333.82	5548.14
-1.30996	5.90865	1332.92	5541.6
-1.30996	5.90865	1332.02	5610.2
-1.30996	5.90865	1331.13	5759.47
-1.30996	5.90865	1330.23	5750.11
-1.30996	5.90865	1329.33	5788.04
-1.30996	5.90865	1328.43	5806.5
-1.30996	5.90865	1327.53	5786.02
-1.30996	5.90865	1326.63	5807.25
-1.30996	5.90865	1325.73	5783.99
-1.30996	5.90865	1324.83	5966.39
-1.30996	5.90865	1323.93	6118.16
-1.30996	5.90865	1323.03	5975.41
-1.30996	5.90865	1322.13	5746.61
-1.30996	5.90865	1321.23	5887.23
-1.30996	5.90865	1320.33	6019.48
-1.30996	5.90865	1319.43	6054.51
-1.30996	5.90865	1318.53	5814.75
-1.30996	5.90865	1317.63	5822.06
-1.30996	5.90865	1316.73	5854.33
-1.30996	5.90865	1315.83	5928.21
-1.30996	5.90865	1314.93	5918.85
-1.30996	5.90865	1314.02	5878.99
-1.30996	5.90865	1313.12	6049.86
-1.30996	5.90865	1312.22	6015.54
-1.30996	5.90865	1311.32	5798.29
-1.30996	5.90865	1310.42	5880.41
-1.30996	5.90865	1309.51	6128.74
-1.30996	5.90865	1308.61	6016.86
-1.30996	5.90865	1307.71	5835.77
-1.30996	5.90865	1306.81	5663.06
-1.30996	5.90865	1305.9	6008.16
-1.30996	5.90865	1305.0	6023.72
-1.30996	5.90865	1304.1	5823.38
-1.30996	5.90865	1303.19	5742.11
-1.30996	5.90865	1302.29	5987.35
-1.30996	5.90865	1301.39	5870.11
-1.30996	5.90865	1300.48	5598.03
-1.30996	5.90865	1299.58	5588.75
-1.30996	5.90865	1298.67	5767.49
-1.30996	5.90865	1297.77	5675.25
-1.30996	5.90865	1296.86	5594.1
-1.30996	5.90865	1295.96	5452.19
-1.30996	5.90865	1295.06	5382.16
-1.30996	5.90865	1294.15	5414.36
-1.30996	5.90865	1293.25	5302.94
-1.30996	5.90865	1292.34	5224.68
-1.30996	5.90865	1291.43	5312.12
-1.30996	5.90865	1290.53	5151.08
-1.30996	5.90865	1289.62	5020.45
-1.30996	5.90865	1288.72	5060.96
-1.30996	5.90865	1287.81	5043.52
-1.30996	5.90865	1286.9	5031.6
-1.30996	5.90865	1286.0	4862.48
-1.30996	5.90865	1285.09	4944.35
-1.30996	5.90865	1284.18	4722.91
-1.30996	5.90865	1283.28	4840.62
-1.30996	5.90865	1282.37	4729.52
-1.30996	5.90865	1281.46	4607.44
-1.30996	5.90865	1280.56	4816.03
-1.30996	5.90865	1279.65	4729.79
-1.30996	5.90865	1278.74	4635.31
-1.30996	5.90865	1277.83	4389.42
-1.30996	5.90865	1276.93	4396.91
-1.30996	5.90865	1276.02	4533.77
-1.30996	5.90865	1275.11	4365.09
-1.30996	5.90865	1274.2	4471.64
-1.30996	5.90865	1273.29	4308.53
-1.30996	5.90865	1272.38	4318.77
-1.30996	5.90865	1271.47	4356.52
-1.30996	5.90865	1270.56	4372.25
-1.30996	5.90865	1269.66	4214.77
-1.30996	5.90865	1268.75	4299.24
-1.30996	5.90865	1267.84	4350.71
-1.30996	5.90865	1266.93	4333.45
-1.30996	5.90865	1266.02	4057.95
-1.30996	5.90865	1265.11	4021.52
-1.30996	5.90865	1264.2	4111.45
-1.30996	5.90865	1263.29	4086.01
-1.30996	5.90865	1262.38	3950.77
-1.30996	5.90865	1261.46	4015.95
-1.30996	5.90865	1260.55	4023.48
-1.30996	5.90865	1259.64	4039.23
-1.30996	5.90865	1258.73	3942.5
-1.30996	5.90865	1257.82	3832.08
-1.30996	5.90865	1256.91	3773.81
-1.30996	5.90865	1256.0	3819.76
-1.30996	5.90865	1255.08	3756.04
-1.30996	5.90865	1254.17	3692.33
-1.30996	5.90865	1253.26	3776.64
-1.30996	5.90865	1252.35	3669.11
-1.30996	5.90865	1251.44	3635.58
-1.30996	5.90865	1250.52	3708.9
-1.30996	5.90865	1249.61	3631.57
-1.30996	5.90865	1248.7	3581.64
-1.30996	5.90865	1247.78	3633.02
-1.30996	5.90865	1246.87	3569.43
-1.30996	5.90865	1245.96	3618.06
-1.30996	5.90865	1245.04	3559.96
-1.30996	5.90865	1244.13	3447.16
-1.30996	5.90865	1243.22	3430.14
-1.30996	5.90865	1242.3	3599.1
-1.30996	5.90865	1241.39	3450.81
-1.30996	5.90865	1240.47	3308.04
-1.30996	5.90865	1239.56	3416.79
-1.30996	5.90865	1238.64	3418.92
-1.30996	5.90865	1237.73	3453.84
-1.30996	5.90865	1236.81	3488.75
-1.30996	5.90865	1235.9	3324.25
-1.30996	5.90865	1234.98	3408.32
-1.30996	5.90865	1234.07	3336.73
-1.30996	5.90865	1233.15	3377.09
-1.30996	5.90865	1232.24	3351.93
-1.30996	5.90865	1231.32	3266.73
-1.30996	5.90865	1230.4	3320.73
-1.30996	5.90865	1229.49	3110.08
-1.30996	5.90865	1228.57	3325.02
-1.30996	5.90865	1227.65	3283.52
-1.30996	5.90865	1226.74	3222.95
-1.30996	5.90865	1225.82	3186.95
-1.30996	5.90865	1224.9	3281.78
-1.30996	5.90865	1223.99	3259.4
-1.30996	5.90865	1223.07	3201.61
-1.30996	5.90865	1222.15	3181.97
-1.30996	5.90865	1221.23	3086.08
-1.30996	5.90865	1220.31	3180.85
-1.30996	5.90865	1219.4	3196.63
-1.30996	5.90865	1218.48	3128.0
-1.30996	5.90865	1217.56	3200.94
-1.30996	5.90865	1216.64	3306.51
-1.30996	5.90865	1215.72	3169.88
-1.30996	5.90865	1214.8	3019.7
-1.30996	5.90865	1213.88	2937.56
-1.30996	5.90865	1212.96	3064.86
-1.30996	5.90865	1212.05	3099.67
-1.30996	5.90865	1211.13	3047.47
-1.30996	5.90865	1210.21	3063.24
-1.30996	5.90865	1209.29	3152.38
-1.30996	5.90865	1208.37	3149.1
-1.30996	5.90865	1207.45	3034.45
-1.30996	5.90865	1206.53	2993.17
-1.30996	5.90865	1205.6	3041.52
-1.30996	5.90865	1204.68	3119.73
-1.30996	5.90865	1203.76	3021.45
-1.30996	5.90865	1202.84	2939.49
-1.30996	5.90865	1201.92	2930.83
-1.30996	5.90865	1201.0	2965.58
-1.30996	5.90865	1200.08	3114.26
-1.30996	5.90865	1199.16	2831.63
-1.30996	5.90865	1198.23	2953.16
-1.30996	5.90865	1197.31	3001.44
-1.30996	5.90865	1196.39	2916.88
-1.30996	5.90865	1195.47	2859.44
-1.30996	5.90865	1194.54	2961.91
-1.30996	5.90865	1193.62	2901.78
-1.30996	5.90865	1192.7	2979.83
-1.30996	5.90865	1191.78	2963.05
-1.30996	5.90865	1190.85	2921.91
-1.30996	5.90865	1189.93	2921.39
-1.30996	5.90865	1189.01	2910.05
-1.30996	5.90865	1188.08	2841.87
-1.30996	5.90865	1187.16	3019.96
-1.30996	5.90865	1186.23	3027.55
-1.30996	5.90865	1185.31	2951.27
-1.30996	5.90865	1184.39	3021.07
-1.30996	5.90865	1183.46	3004.31
-1.30996	5.90865	1182.54	2976.74
-1.30996	5.90865	1181.61	2857.27
-1.30996	5.90865	1180.69	2967.58
-1.30996	5.90865	1179.76	2977.86
-1.30996	5.90865	1178.84	3020.56
-1.30996	5.90865	1177.91	3098.36
-1.30996	5.90865	1176.99	2970.88
-1.30996	5.90865	1176.06	3140.47
-1.30996	5.90865	1175.13	2902.33
-1.30996	5.90865	1174.21	3050.28
-1.30996	5.90865	1173.28	3003.86
-1.30996	5.90865	1172.35	3016.82
-1.30996	5.90865	1171.43	3062.15
-1.30996	5.90865	1170.5	3034.63
-1.30996	5.90865	1169.57	3131.19
-1.30996	5.90865	1168.65	2998.5
-1.30996	5.90865	1167.72	3119.29
-1.30996	5.90865	1166.79	3064.83
-1.30996	5.90865	1165.86	2870.24
-1.30996	5.90865	1164.94	3026.02
-1.30996	5.90865	1164.01	2990.46
-1.30996	5.90865	1163.08	3041.11
-1.30996	5.90865	1162.15	2833.2
-1.30996	5.90865	1161.22	2856.93
-1.30996	5.90865	1160.3	3015.26
-1.30996	5.90865	1159.37	2888.22
-1.30996	5.90865	1158.44	2876.94
-1.30996	5.90865	1157.51	2970.61
-1.30996	5.90865	1156.58	2929.73
-1.30996	5.90865	1155.65	2797.41
-1.30996	5.90865	1154.72	2823.8
-1.30996	5.90865	1153.79	2793.72
-1.30996	5.90865	1152.86	2637.3
-1.30996	5.90865	1151.93	2824.99
-1.30996	5.90865	1151.0	2682.05
-1.30996	5.90865	1150.07	2732.63
-1.30996	5.90865	1149.14	2724.09
-1.30996	5.90865	1148.21	2707.49
-1.30996	5.90865	1147.28	2639.87
-1.30996	5.90865	1146.35	2655.51
-1.30996	5.90865	1145.42	2697.99
-1.30996	5.90865	1144.48	2592.83
-1.30996	5.90865	1143.55	2597.74
-1.30996	5.90865	1142.62	2709.97
-1.30996	5.90865	1141.69	2709.49
-1.30996	5.90865	1140.76	2633.91
-1.30996	5.90865	1139.82	2601.26
-1.30996	5.90865	1138.89	2673.19
-1.30996	5.90865	1137.96	2686.12
-1.30996	5.90865	1137.03	2632.04
-1.30996	5.90865	1136.09	2569.93
-1.30996	5.90865	1135.16	2572.16
-1.30996	5.90865	1134.23	2627.96
-1.30996	5.90865	1133.29	2689.09
-1.30996	5.90865	1132.36	2597.57
-1.30996	5.90865	1131.43	2586.39
-1.30996	5.90865	1130.49	2668.92
-1.30996	5.90865	1129.56	2553.36
-1.30996	5.90865	1128.62	2593.04
-1.30996	5.90865	1127.69	2646.09
-1.30996	5.90865	1126.76	2573.4
-1.30996	5.90865	1125.82	2471.31
-1.30996	5.90865	1124.89	2545.74
-1.30996	5.90865	1123.95	2523.9
-1.30996	5.90865	1123.02	2641.07
-1.30996	5.90865	1122.08	2552.4
-1.30996	5.90865	1121.14	2608.06
-1.30996	5.90865	1120.21	2591.57
-1.30996	5.90865	1119.27	2492.27
-1.30996	5.90865	1118.34	2569.28
-1.30996	5.90865	1117.4	2558.14
-1.30996	5.90865	1116.46	2600.41
-1.30996	5.90865	1115.53	2533.21
-1.30996	5.90865	1114.59	2594.14
-1.30996	5.90865	1113.65	2532.31
-1.30996	5.90865	1112.72	2491.84
-1.30996	5.90865	1111.78	2523.41
-1.30996	5.90865	1110.84	2586.96
-1.30996	5.90865	1109.9	2495.84
-1.30996	5.90865	1108.97	2516.73
-1.30996	5.90865	1108.03	2582.92
-1.30996	5.90865	1107.09	2433.21
-1.30996	5.90865	1106.15	2438.11
-1.30996	5.90865	1105.21	2373.74
-1.30996	5.90865	1104.28	2514.49
-1.30996	5.90865	1103.34	2452.79
-1.30996	5.90865	1102.4	2364.48
-1.30996	5.90865	1101.46	2462.56
-1.30996	5.90865	1100.52	2504.71
-1.30996	5.90865	1099.58	2413.78
-1.30996	5.90865	1098.64	2549.05
-1.30996	5.90865	1097.7	2423.56
-1.30996	5.90865	1096.76	2478.99
-1.30996	5.90865	1095.82	2441.32
-1.30996	5.90865	1094.88	2377.07
-1.30996	5.90865	1093.94	2533.49
-1.30996	5.90865	1093.0	2368.25
-1.30996	5.90865	1092.06	2413.0
-1.30996	5.90865	1091.12	2303.64
-1.30996	5.90865	1090.18	2345.73
-1.30996	5.90865	1089.24	2417.03
-1.30996	5.90865	1088.3	2355.52
-1.30996	5.90865	1087.35	2384.3
-1.30996	5.90865	1086.41	2458.21
-1.30996	5.90865	1085.47	2399.38
-1.30996	5.90865	1084.53	2221.15
-1.30996	5.90865	1083.59	2295.05
-1.30996	5.90865	1082.64	2299.94
-1.30996	5.90865	1081.7	2376.45
-1.30996	5.90865	1080.76	2211.61
-1.30996	5.90865	1079.81	2253.64
-1.30996	5.90865	1078.87	2383.13
-1.30996	5.90865	1077.93	2356.2
-1.30996	5.90865	1076.99	2326.63
-1.30996	5.90865	1076.04	2305.02
-1.30996	5.90865	1075.1	2418.52
-1.30996	5.90865	1074.15	2420.73
-1.30996	5.90865	1073.21	2314.38
-1.30996	5.90865	1072.27	2306.02
-1.30996	5.90865	1071.32	2295.02
-1.30996	5.90865	1070.38	2323.73
-1.30996	5.90865	1069.43	2251.87
-1.30996	5.90865	1068.49	2346.71
-1.30996	5.90865	1067.54	2264.29
-1.30996	5.90865	1066.6	2226.86
-1.30996	5.90865	1065.65	2213.24
-1.30996	5.90865	1064.71	2247.21
-1.30996	5.90865	1063.76	2262.67
-1.30996	5.90865	1062.81	2259.62
-1.30996	5.90865	1061.87	2320.0
-1.30996	5.90865	1060.92	2235.04
-1.30996	5.90865	1059.97	2239.92
-1.30996	5.90865	1059.03	2287.06
-1.30996	5.90865	1058.08	2254.97
-1.30996	5.90865	1057.13	2159.52
-1.30996	5.90865	1056.19	2233.04
-1.30996	5.90865	1055.24	2314.46
-1.30996	5.90865	1054.29	2274.46
-1.30996	5.90865	1053.34	2181.72
-1.30996	5.90865	1052.4	2242.0
-1.30996	5.90865	1051.45	2318.08
-1.30996	5.90865	1050.5	2180.55
-1.30996	5.90865	1049.55	2227.62
-1.30996	5.90865	1048.6	2232.49
-1.30996	5.90865	1047.66	2295.34
-1.30996	5.90865	1046.71	2147.38
-1.30996	5.90865	1045.76	2223.39
-1.30996	5.90865	1044.81	2244.06
-1.30996	5.90865	1043.86	2209.43
-1.30996	5.90865	1042.91	2214.3
-1.30996	5.90865	1041.96	2345.53
-1.30996	5.90865	1041.01	2250.35
-1.30996	5.90865	1040.06	2242.06
-1.30996	5.90865	1039.11	2254.81
-1.30996	5.90865	1038.16	2207.06
-1.30996	5.90865	1037.21	2193.51
-1.30996	5.90865	1036.26	2203.64
-1.30996	5.90865	1035.31	2234.79
-1.30996	5.90865	1034.36	2221.25
-1.30996	5.90865	1033.4	2281.3
-1.30996	5.90865	1032.45	2196.81
-1.30996	5.90865	1031.5	2241.08
-1.30996	5.90865	1030.55	2180.26
-1.30996	5.90865	1029.6	2256.03
-1.30996	5.90865	1028.65	2216.24
-1.30996	5.90865	1027.69	2213.22
-1.30996	5.90865	1026.74	2309.94
-1.30996	5.90865	1025.79	2283.29
-1.30996	5.90865	1024.84	2219.9
-1.30996	5.90865	1023.88	2148.67
-1.30996	5.90865	1022.93	2258.45
-1.30996	5.90865	1021.98	2226.58
-1.30996	5.90865	1021.02	2270.75
-1.30996	5.90865	1020.07	2217.91
-1.30996	5.90865	1019.12	2293.53
-1.30996	5.90865	1018.16	2232.84
-1.30996	5.90865	1017.21	2214.1
-1.30996	5.90865	1016.25	2184.89
-1.30996	5.90865	1015.3	2231.64
-1.30996	5.90865	1014.34	2231.24
-1.30996	5.90865	1013.39	2181.09
-1.30996	5.90865	1012.44	2254.0
-1.30996	5.90865	1011.48	2206.49
-1.30996	5.90865	1010.52	2234.88
-1.30996	5.90865	1009.57	2197.85
-1.30996	5.90865	1008.61	2283.78
-1.30996	5.90865	1007.66	2249.37
-1.30996	5.90865	1006.7	2251.58
-1.30996	5.90865	1005.75	2311.31
-1.30996	5.90865	1004.79	2316.13
-1.30996	5.90865	1003.83	2331.39
-1.30996	5.90865	1002.88	2315.3
-1.30996	5.90865	1001.92	2273.08
-1.30996	5.90865	1000.96	2296.18
-1.30996	5.90865	1000.0	2293.16
-1.30996	5.90865	999.048	2162.18
-1.30996	5.90865	998.09	2177.45
-1.30996	5.90865	997.132	2247.54
-1.30996	5.90865	996.174	2236.7
-1.30996	5.90865	995.216	2176.28
-1.30996	5.90865	994.258	2230.68
-1.30996	5.90865	993.3	2185.94
-1.30996	5.90865	992.341	2237.7
-1.30996	5.90865	991.382	2091.28
-1.30996	5.90865	990.423	2221.26
-1.30996	5.90865	989.4639999999999	2163.51
-1.30996	5.90865	988.505	2170.94
-1.30996	5.90865	987.546	2123.65
-1.30996	5.90865	986.586	2125.87
-1.30996	5.90865	985.6260000000001	2216.66
-1.30996	5.90865	984.666	2119.9
-1.30996	5.90865	983.706	2137.75
-1.30996	5.90865	982.7460000000001	2202.45
-1.30996	5.90865	981.785	2134.38
-1.30996	5.90865	980.825	2240.69
-1.30996	5.90865	979.8639999999999	2149.22
-1.30996	5.90865	978.903	2138.43
-1.30996	5.90865	977.942	2216.08
-1.30996	5.90865	976.9810000000001	2140.26
-1.30996	5.90865	976.0189999999999	2035.87
-1.30996	5.90865	975.057	2165.49
-1.30996	5.90865	974.095	2276.86
-1.30996	5.90865	973.133	2156.91
-1.30996	5.90865	972.171	2166.92
-1.30996	5.90865	971.209	2166.53
-1.30996	5.90865	970.2460000000001	2083.03
-1.30996	5.90865	969.284	2147.57
-1.30996	5.90865	968.321	2095.26
-1.30996	5.90865	967.3580000000001	2097.48
-1.30996	5.90865	966.3939999999999	2187.94
-1.30996	5.90865	965.431	2120.08
-1.30996	5.90865	964.467	2122.29
-1.30996	5.90865	963.5039999999999	2137.47
-1.30996	5.90865	962.54	2082.62
-1.30996	5.90865	961.576	2090.03
-1.30996	5.90865	960.6110000000001	2157.06
-1.30996	5.90865	959.6469999999999	2042.62
-1.30996	5.90865	958.682	2169.24
-1.30996	5.90865	957.7180000000001	2114.44
-1.30996	5.90865	956.753	2088.15
-1.30996	5.90865	955.7869999999999	2082.59
-1.30996	5.90865	954.822	2118.48
-1.30996	5.90865	953.857	2131.04
-1.30996	5.90865	952.8910000000001	2076.29
-1.30996	5.90865	951.925	2114.74
-1.30996	5.90865	950.959	2109.19
-1.30996	5.90865	949.993	2064.82
-1.30996	5.90865	949.0269999999999	2043.75
-1.30996	5.90865	948.06	2102.87
-1.30996	5.90865	947.0930000000001	2167.15
-1.30996	5.90865	946.1260000000001	2159.0
-1.30996	5.90865	945.159	2140.51
-1.30996	5.90865	944.192	2202.16
-1.30996	5.90865	943.225	2196.6
-1.30996	5.90865	942.257	2211.7
-1.30996	5.90865	941.289	2278.47
-1.30996	5.90865	940.321	2332.3
-1.30996	5.90865	939.3530000000001	2215.67
-1.30996	5.90865	938.385	2357.28
-1.30996	5.90865	937.4169999999999	2356.85
-1.30996	5.90865	936.448	2462.25
-1.30996	5.90865	935.4789999999999	2306.97
-1.30996	5.90865	934.51	2383.96
-1.30996	5.90865	933.541	2386.11
-1.30996	5.90865	932.572	2416.63
-1.30996	5.90865	931.602	2356.88
-1.30996	5.90865	930.633	2384.82
-1.30996	5.90865	929.663	2412.74
-1.30996	5.90865	928.693	2391.69
-1.30996	5.90865	927.7230000000001	2280.46
-1.30996	5.90865	926.752	2308.38
-1.30996	5.90865	925.7819999999999	2344.03
-1.30996	5.90865	924.811	2261.19
-1.30996	5.90865	923.84	2317.43
-1.30996	5.90865	922.8689999999999	2376.23
-1.30996	5.90865	921.898	2355.21
-1.30996	5.90865	920.926	2269.86
-1.30996	5.90865	919.955	2297.75
-1.30996	5.90865	918.9830000000001	2356.51
-1.30996	5.90865	918.0110000000001	2266.06
-1.30996	5.90865	917.039	2288.79
-1.30996	5.90865	916.066	2172.67
-1.30996	5.90865	915.0939999999999	2221.13
-1.30996	5.90865	914.1210000000001	2318.4
-1.30996	5.90865	913.148	2251.16
-1.30996	5.90865	912.175	2261.03
-1.30996	5.90865	911.202	2139.89
-1.30996	5.90865	910.2289999999999	2178.03
-1.30996	5.90865	909.255	2159.66
-1.30996	5.90865	908.2819999999999	2151.56
-1.30996	5.90865	907.308	2233.32
-1.30996	5.90865	906.334	2302.21
-1.30996	5.90865	905.36	2075.98
-1.30996	5.90865	904.385	2147.44
-1.30996	5.90865	903.4110000000001	2170.14
-1.30996	5.90865	902.436	2118.46
-1.30996	5.90865	901.461	2107.82
-1.30996	5.90865	900.4860000000001	2248.44
-1.30996	5.90865	899.51	2140.38
-1.30996	5.90865	898.535	2178.43
-1.30996	5.90865	897.559	2111.42
-1.30996	5.90865	896.5830000000001	2134.09
-1.30996	5.90865	895.607	2197.74
-1.30996	5.90865	894.6310000000001	2181.98
-1.30996	5.90865	893.655	2207.19
-1.30996	5.90865	892.678	2217.03
-1.30996	5.90865	891.702	2367.65
-1.30996	5.90865	890.725	2264.85
-1.30996	5.90865	889.748	2384.7
-1.30996	5.90865	888.77	2274.27
-1.30996	5.90865	887.793	2309.67
-1.30996	5.90865	886.815	2398.75
-1.30996	5.90865	885.8380000000001	2342.07
-1.30996	5.90865	884.86	2382.55
-1.30996	5.90865	883.882	2397.45
-1.30996	5.90865	882.903	2299.91
-1.30996	5.90865	881.925	2337.82
-1.30996	5.90865	880.946	2396.15
-1.30996	5.90865	879.967	2319.09
-1.30996	5.90865	878.988	2316.12
-1.30996	5.90865	878.0089999999999	2292.72
-1.30996	5.90865	877.03	2287.2
-1.30996	5.90865	876.05	2215.33
-1.30996	5.90865	875.071	2263.41
-1.30996	5.90865	874.091	2288.51
-1.30996	5.90865	873.1110000000001	2282.99
-1.30996	5.90865	872.13	2200.97
-1.30996	5.90865	871.15	2144.47
-1.30996	5.90865	870.169	2215.47
-1.30996	5.90865	869.189	2146.24
-1.30996	5.90865	868.2080000000001	2173.89
-1.30996	5.90865	867.2260000000001	2160.76
-1.30996	5.90865	866.245	2203.67
-1.30996	5.90865	865.2639999999999	2091.2
-1.30996	5.90865	864.2819999999999	2243.62
-1.30996	5.90865	863.3	2278.86
-1.30996	5.90865	862.318	2184.26
-1.30996	5.90865	861.336	2300.94
-1.30996	5.90865	860.3530000000001	2158.02
-1.30996	5.90865	859.3710000000001	2249.22
-1.30996	5.90865	858.388	2274.25
-1.30996	5.90865	857.405	2192.45
-1.30996	5.90865	856.422	2103.05
-1.30996	5.90865	855.439	2234.88
-1.30996	5.90865	854.455	2163.29
-1.30996	5.90865	853.472	2211.19
-1.30996	5.90865	852.488	2259.07
-1.30996	5.90865	851.5039999999999	2144.33
-1.30996	5.90865	850.52	2230.31
-1.30996	5.90865	849.535	2115.62
-1.30996	5.90865	848.551	2234.58
-1.30996	5.90865	847.566	2168.17
-1.30996	5.90865	846.581	2322.61
-1.30996	5.90865	845.596	2169.92
-1.30996	5.90865	844.6110000000001	2278.63
-1.30996	5.90865	843.6260000000001	2311.2
-1.30996	5.90865	842.64	2280.34
-1.30996	5.90865	841.654	2206.38
-1.30996	5.90865	840.668	2317.55
-1.30996	5.90865	839.682	2474.31
-1.30996	5.90865	838.696	2296.43
-1.30996	5.90865	837.709	2356.83
-1.30996	5.90865	836.7230000000001	2336.14
-1.30996	5.90865	835.7360000000001	2323.04
-1.30996	5.90865	834.7489999999999	2320.09
-1.30996	5.90865	833.762	2269.02
-1.30996	5.90865	832.7739999999999	2339.5
-1.30996	5.90865	831.7869999999999	2273.26
-1.30996	5.90865	830.799	2270.32
-1.30996	5.90865	829.811	2254.72
-1.30996	5.90865	828.823	2416.24
-1.30996	5.90865	827.835	2312.08
-1.30996	5.90865	826.846	2276.25
-1.30996	5.90865	825.857	2402.27
-1.30996	5.90865	824.8689999999999	2424.59
-1.30996	5.90865	823.88	2310.4
-1.30996	5.90865	822.89	2267.02
-1.30996	5.90865	821.9010000000001	2291.87
-1.30996	5.90865	820.9119999999999	2273.77
-1.30996	5.90865	819.922	2134.43
-1.30996	5.90865	818.932	2182.03
-1.30996	5.90865	817.942	2234.66
-1.30996	5.90865	816.952	2143.36
-1.30996	5.90865	815.961	2077.35
-1.30996	5.90865	814.971	2147.63
-1.30996	5.90865	813.98	2253.22
-1.30996	5.90865	812.9889999999999	2144.33
-1.30996	5.90865	811.998	2118.71
-1.30996	5.90865	811.0060000000001	2224.25
-1.30996	5.90865	810.015	2191.06
-1.30996	5.90865	809.023	2208.31
-1.30996	5.90865	808.0310000000001	2205.39
-1.30996	5.90865	807.039	2212.55
-1.30996	5.90865	806.047	2350.72
-1.30996	5.90865	805.054	2267.16
-1.30996	5.90865	804.062	2276.82
-1.30996	5.90865	803.069	2273.89
-1.30996	5.90865	802.076	2185.36
-1.30996	5.90865	801.0830000000001	2164.82
-1.30996	5.90865	800.0889999999999	2265.1
-1.30996	5.90865	799.096	2189.2
-1.30996	5.90865	798.102	2213.96
-1.30996	5.90865	797.1080000000001	2253.8
-1.30996	5.90865	796.1139999999999	2203.09
-1.30996	5.90865	795.12	2225.32
-1.30996	5.90865	794.1260000000001	2257.6
-1.30996	5.90865	793.1310000000001	2277.29
-1.30996	5.90865	792.1360000000001	2231.64
-1.30996	5.90865	791.1410000000001	2354.35
-1.30996	5.90865	790.1460000000001	2316.24
-1.30996	5.90865	789.1510000000001	2295.73
-1.30996	5.90865	788.155	2365.62
-1.30996	5.90865	787.16	2307.44
-1.30996	5.90865	786.164	2286.94
-1.30996	5.90865	785.168	2306.6
-1.30996	5.90865	784.171	2331.28
-1.30996	5.90865	783.175	2145.19
-1.30996	5.90865	782.178	2147.3
-1.30996	5.90865	781.182	2094.24
-1.30996	5.90865	780.185	2149.03
-1.30996	5.90865	779.188	2116.04
-1.30996	5.90865	778.19	2163.28
-1.30996	5.90865	777.193	2197.98
-1.30996	5.90865	776.195	2207.6
-1.30996	5.90865	775.197	2169.62
-1.30996	5.90865	774.199	2169.22
-1.30996	5.90865	773.201	2123.75
-1.30996	5.90865	772.202	2248.56
-1.30996	5.90865	771.204	2250.65
-1.30996	5.90865	770.205	2167.64
-1.30996	5.90865	769.206	2149.72
-1.30996	5.90865	768.207	2166.85
-1.30996	5.90865	767.2080000000001	2081.39
-1.30996	5.90865	766.2080000000001	2136.04
-1.30996	5.90865	765.2080000000001	2113.14
-1.30996	5.90865	764.209	2045.25
-1.30996	5.90865	763.2080000000001	2069.87
-1.30996	5.90865	762.2080000000001	2054.5
-1.30996	5.90865	761.2080000000001	2174.07
-1.30996	5.90865	760.207	1996.28
-1.30996	5.90865	759.206	2098.34
-1.30996	5.90865	758.205	2090.46
-1.30996	5.90865	757.204	2147.51
-1.30996	5.90865	756.203	2069.73
-1.30996	5.90865	755.201	2194.16
-1.30996	5.90865	754.2	2171.3
-1.30996	5.90865	753.198	2073.58
-1.30996	5.90865	752.196	2175.49
-1.30996	5.90865	751.193	2190.06
-1.30996	5.90865	750.191	2234.55
-1.30996	5.90865	749.188	2119.44
-1.30996	5.90865	748.186	2153.96
-1.30996	5.90865	747.183	2228.34
-1.30996	5.90865	746.179	2275.28
-1.30996	5.90865	745.176	2267.39
-1.30996	5.90865	744.173	2291.89
-1.30996	5.90865	743.169	2298.94
-1.30996	5.90865	742.165	2266.15
-1.30996	5.90865	741.1610000000001	2205.98
-1.30996	5.90865	740.1569999999999	2275.28
-1.30996	5.90865	739.1519999999999	2217.62
-1.30996	5.90865	738.1469999999999	2242.09
-1.30996	5.90865	737.143	2209.34
-1.30996	5.90865	736.138	2288.54
-1.30996	5.90865	735.132	2310.5
-1.30996	5.90865	734.127	2208.13
-1.30996	5.90865	733.122	2205.24
-1.30996	5.90865	732.1160000000001	2197.38
-1.30996	5.90865	731.11	2249.16
-1.30996	5.90865	730.1039999999999	2238.81
-1.30996	5.90865	729.097	2253.31
-1.30996	5.90865	728.091	2240.48
-1.30996	5.90865	727.084	2182.95
-1.30996	5.90865	726.077	2281.87
-1.30996	5.90865	725.07	2209.46
-1.30996	5.90865	724.063	2345.57
-1.30996	5.90865	723.056	2250.84
-1.30996	5.90865	722.048	2337.26
-1.30996	5.90865	721.04	2329.39
-1.30996	5.90865	720.0319999999999	2410.82
-1.30996	5.90865	719.0239999999999	2269.02
-1.30996	5.90865	718.0160000000001	2236.38
-1.30996	5.90865	717.007	2350.0
-1.30996	5.90865	715.9989999999999	2161.2
-1.30996	5.90865	714.99	2220.28
-1.30996	5.90865	713.9810000000001	2299.15
-1.30996	5.90865	712.972	2239.28
-1.30996	5.90865	711.962	2224.01
-1.30996	5.90865	710.953	2243.41
-1.30996	5.90865	709.943	2203.39
-1.30996	5.90865	708.933	2252.49
-1.30996	5.90865	707.923	2101.12
-1.30996	5.90865	706.9119999999999	2165.06
-1.30996	5.90865	705.9019999999999	2162.19
-1.30996	5.90865	704.8910000000001	2142.01
-1.30996	5.90865	703.88	2074.85
-1.30996	5.90865	702.8689999999999	2193.15
-1.30996	5.90865	701.8580000000001	2061.72
-1.30996	5.90865	700.846	2100.89
-1.30996	5.90865	699.834	2060.97
-1.30996	5.90865	698.823	2105.06
-1.30996	5.90865	697.811	2126.91
-1.30996	5.90865	696.798	2015.38
-1.30996	5.90865	695.7860000000001	2039.7
-1.30996	5.90865	694.773	2076.36
-1.30996	5.90865	693.7610000000001	2108.07
-1.30996	5.90865	692.748	2097.81
-1.30996	5.90865	691.7339999999999	2144.31
-1.30996	5.90865	690.721	2156.25
-1.30996	5.90865	689.7080000000001	2094.19
-1.30996	5.90865	688.694	2039.55
-1.30996	5.90865	687.68	2108.21
-1.30996	5.90865	686.666	2093.03
-1.30996	5.90865	685.6519999999999	2159.2
-1.30996	5.90865	684.637	2232.74
-1.30996	5.90865	683.623	2180.58
-1.30996	5.90865	682.6080000000001	2125.99
-1.30996	5.90865	681.5930000000001	2246.28
-1.30996	5.90865	680.578	2245.87
-1.30996	5.90865	679.562	2137.12
-1.30996	5.90865	678.547	2158.89
-1.30996	5.90865	677.5310000000001	2119.11
-1.30996	5.90865	676.515	2202.39
-1.30996	5.90865	675.4989999999999	2160.16
-1.30996	5.90865	674.482	2056.45
-1.30996	5.90865	673.466	2164.28
-1.30996	5.90865	672.449	2242.57
-1.30996	5.90865	671.432	2197.91
-1.30996	5.90865	670.415	2143.42
-1.30996	5.90865	669.398	2238.88
-1.30996	5.90865	668.3810000000001	2137.72
-1.30996	5.90865	667.363	2093.11
-1.30996	5.90865	666.345	2183.6
-1.30996	5.90865	665.327	2237.23
-1.30996	5.90865	664.309	2170.52
-1.30996	5.90865	663.291	2177.49
-1.30996	5.90865	662.2719999999999	2265.45
-1.30996	5.90865	661.253	2390.19
-1.30996	5.90865	660.2339999999999	2230.27
-1.30996	5.90865	659.215	2286.28
-1.30996	5.90865	658.196	2307.93
-1.30996	5.90865	657.176	2268.27
-1.30996	5.90865	656.1569999999999	2334.05
-1.30996	5.90865	655.137	2309.11
-1.30996	5.90865	654.117	2387.11
-1.30996	5.90865	653.097	2281.3
-1.30996	5.90865	652.076	2285.78
-1.30996	5.90865	651.056	2331.9
-1.30996	5.90865	650.035	2223.71
-1.30996	5.90865	649.014	2264.93
-1.30996	5.90865	647.993	2159.24
-1.30996	5.90865	646.971	2254.31
-1.30996	5.90865	645.95	2258.79
-1.30996	5.90865	644.928	2246.14
-1.30996	5.90865	643.906	2250.61
-1.30996	5.90865	642.884	2323.58
-1.30996	5.90865	641.861	2350.05
-1.30996	5.90865	640.839	2342.28
-1.30996	5.90865	639.816	2351.63
-1.30996	5.90865	638.793	2314.53
-1.30996	5.90865	637.77	2245.68
-1.30996	5.90865	636.747	2296.58
-1.30996	5.90865	635.724	2340.12
-1.30996	5.90865	634.7	2276.19
-1.30996	5.90865	633.6759999999999	2317.28
-1.30996	5.90865	632.6519999999999	2243.61
-1.30996	5.90865	631.628	2284.7
-1.30996	5.90865	630.6030000000001	2247.67
-1.30996	5.90865	629.5790000000001	2178.93
-1.30996	5.90865	628.554	2217.56
-1.30996	5.90865	627.529	2290.33
-1.30996	5.90865	626.504	2189.92
-1.30996	5.90865	625.479	2184.64
-1.30996	5.90865	624.453	2259.81
-1.30996	5.90865	623.427	2322.76
-1.30996	5.90865	622.401	2207.8
-1.30996	5.90865	621.375	2173.28
-1.30996	5.90865	620.349	2309.3
-1.30996	5.90865	619.323	2226.06
-1.30996	5.90865	618.2959999999999	2155.03
-1.30996	5.90865	617.269	2220.37
-1.30996	5.90865	616.242	2210.22
-1.30996	5.90865	615.215	2236.59
-1.30996	5.90865	614.187	2112.08
-1.30996	5.90865	613.16	2235.76
-1.30996	5.90865	612.132	2179.4
-1.30996	5.90865	611.104	2179.0
-1.30996	5.90865	610.076	2156.72
-1.30996	5.90865	609.047	2149.03
-1.30996	5.90865	608.019	2112.17
-1.30996	5.90865	606.99	2221.14
-1.30996	5.90865	605.961	2254.74
-1.30996	5.90865	604.932	2181.45
-1.30996	5.90865	603.903	2113.04
-1.30996	5.90865	602.873	2115.08
-1.30996	5.90865	601.844	2182.67
-1.30996	5.90865	600.814	2276.93
