-9.10999	-3.21054	1799.31	2123.96
-9.10999	-3.21054	1798.5	2120.55
-9.10999	-3.21054	1797.68	2126.3
-9.10999	-3.21054	1796.86	2232.85
-9.10999	-3.21054	1796.04	2055.34
-9.10999	-3.21054	1795.22	2152.71
-9.10999	-3.21054	1794.4	2152.34
-9.10999	-3.21054	1793.58	2115.35
-9.10999	-3.21054	1792.76	2099.73
-9.10999	-3.21054	1791.94	2184.82
-9.10999	-3.21054	1791.13	2150.89
-9.10999	-3.21054	1790.31	2043.76
-9.10999	-3.21054	1789.49	2141.01
-9.10999	-3.21054	1788.67	2207.74
-9.10999	-3.21054	1787.85	2149.44
-9.10999	-3.21054	1787.03	2130.78
-9.10999	-3.21054	1786.21	2139.57
-9.10999	-3.21054	1785.39	2187.96
-9.10999	-3.21054	1784.56	2141.89
-9.10999	-3.21054	1783.74	2104.97
-9.10999	-3.21054	1782.92	2119.84
-9.10999	-3.21054	1782.1	2162.12
-9.10999	-3.21054	1781.28	2122.17
-9.10999	-3.21054	1780.46	2179.65
-9.10999	-3.21054	1779.64	2182.33
-9.10999	-3.21054	1778.82	2139.36
-9.10999	-3.21054	1778.0	2117.7
-9.10999	-3.21054	1777.17	2065.62
-9.10999	-3.21054	1776.35	2177.81
-9.10999	-3.21054	1775.53	2204.81
-9.10999	-3.21054	1774.71	2180.12
-9.10999	-3.21054	1773.89	2155.43
-9.10999	-3.21054	1773.06	2228.01
-9.10999	-3.21054	1772.24	2218.52
-9.10999	-3.21054	1771.42	2136.1
-9.10999	-3.21054	1770.59	2163.08
-9.10999	-3.21054	1769.77	2086.78
-9.10999	-3.21054	1768.95	2174.5
-9.10999	-3.21054	1768.12	2210.57
-9.10999	-3.21054	1767.3	2134.3
-9.10999	-3.21054	1766.48	2228.03
-9.10999	-3.21054	1765.65	2166.96
-9.10999	-3.21054	1764.83	2312.24
-9.10999	-3.21054	1764.01	2114.65
-9.10999	-3.21054	1763.18	2205.29
-9.10999	-3.21054	1762.36	2217.05
-9.10999	-3.21054	1761.53	2234.87
-9.10999	-3.21054	1760.71	2155.66
-9.10999	-3.21054	1759.88	2203.8
-9.10999	-3.21054	1759.06	2294.35
-9.10999	-3.21054	1758.23	2233.36
-9.10999	-3.21054	1757.41	2299.63
-9.10999	-3.21054	1756.58	2374.98
-9.10999	-3.21054	1755.76	2289.77
-9.10999	-3.21054	1754.93	2243.96
-9.10999	-3.21054	1754.11	2189.08
-9.10999	-3.21054	1753.28	2279.52
-9.10999	-3.21054	1752.46	2315.46
-9.10999	-3.21054	1751.63	2257.57
-9.10999	-3.21054	1750.8	2305.6
-9.10999	-3.21054	1749.98	2211.42
-9.10999	-3.21054	1749.15	2295.74
-9.10999	-3.21054	1748.32	2301.4
-9.10999	-3.21054	1747.5	2246.58
-9.10999	-3.21054	1746.67	2312.71
-9.10999	-3.21054	1745.84	2384.86
-9.10999	-3.21054	1745.02	2321.0
-9.10999	-3.21054	1744.19	2263.19
-9.10999	-3.21054	1743.36	2217.49
-9.10999	-3.21054	1742.53	2334.92
-9.10999	-3.21054	1741.71	2337.54
-9.10999	-3.21054	1740.88	2303.93
-9.10999	-3.21054	1740.05	2312.6
-9.10999	-3.21054	1739.22	2242.78
-9.10999	-3.21054	1738.39	2348.03
-9.10999	-3.21054	1737.56	2323.49
-9.10999	-3.21054	1736.74	2371.37
-9.10999	-3.21054	1735.91	2280.47
-9.10999	-3.21054	1735.08	2319.29
-9.10999	-3.21054	1734.25	2358.1
-9.10999	-3.21054	1733.42	2357.7
-9.10999	-3.21054	1732.59	2483.91
-9.10999	-3.21054	1731.76	2504.58
-9.10999	-3.21054	1730.93	2401.7
-9.10999	-3.21054	1730.1	2449.5
-9.10999	-3.21054	1729.27	2409.92
-9.10999	-3.21054	1728.44	2511.92
-9.10999	-3.21054	1727.61	2448.25
-9.10999	-3.21054	1726.78	2444.83
-9.10999	-3.21054	1725.95	2507.63
-9.10999	-3.21054	1725.12	2477.11
-9.10999	-3.21054	1724.29	2575.99
-9.10999	-3.21054	1723.46	2506.35
-9.10999	-3.21054	1722.63	2484.87
-9.10999	-3.21054	1721.8	2559.64
-9.10999	-3.21054	1720.96	2526.13
-9.10999	-3.21054	1720.13	2543.74
-9.10999	-3.21054	1719.3	2561.35
-9.10999	-3.21054	1718.47	2491.78
-9.10999	-3.21054	1717.64	2530.42
-9.10999	-3.21054	1716.81	2590.09
-9.10999	-3.21054	1715.97	2658.75
-9.10999	-3.21054	1715.14	2556.17
-9.10999	-3.21054	1714.31	2552.73
-9.10999	-3.21054	1713.48	2576.32
-9.10999	-3.21054	1712.64	2680.96
-9.10999	-3.21054	1711.81	2524.41
-9.10999	-3.21054	1710.98	2581.01
-9.10999	-3.21054	1710.14	2583.57
-9.10999	-3.21054	1709.31	2676.13
-9.10999	-3.21054	1708.48	2837.66
-9.10999	-3.21054	1707.64	2771.2
-9.10999	-3.21054	1706.81	2656.78
-9.10999	-3.21054	1705.98	2647.33
-9.10999	-3.21054	1705.14	2781.77
-9.10999	-3.21054	1704.31	2781.3
-9.10999	-3.21054	1703.47	2774.83
-9.10999	-3.21054	1702.64	2666.5
-9.10999	-3.21054	1701.81	2770.89
-9.10999	-3.21054	1700.97	2833.32
-9.10999	-3.21054	1700.14	2760.97
-9.10999	-3.21054	1699.3	2748.52
-9.10999	-3.21054	1698.47	2864.8
-9.10999	-3.21054	1697.63	2813.43
-9.10999	-3.21054	1696.79	2851.86
-9.10999	-3.21054	1695.96	2851.37
-9.10999	-3.21054	1695.12	2916.7
-9.10999	-3.21054	1694.29	2862.37
-9.10999	-3.21054	1693.45	2936.64
-9.10999	-3.21054	1692.62	2945.11
-9.10999	-3.21054	1691.78	2896.78
-9.10999	-3.21054	1690.94	2830.53
-9.10999	-3.21054	1690.11	2922.69
-9.10999	-3.21054	1689.27	2889.32
-9.10999	-3.21054	1688.43	2873.89
-9.10999	-3.21054	1687.6	2906.26
-9.10999	-3.21054	1686.76	2863.96
-9.10999	-3.21054	1685.92	2851.53
-9.10999	-3.21054	1685.08	2985.38
-9.10999	-3.21054	1684.25	2975.92
-9.10999	-3.21054	1683.41	2862.01
-9.10999	-3.21054	1682.57	3130.07
-9.10999	-3.21054	1681.73	2950.53
-9.10999	-3.21054	1680.89	2961.96
-9.10999	-3.21054	1680.06	2866.02
-9.10999	-3.21054	1679.22	2922.19
-9.10999	-3.21054	1678.38	2969.39
-9.10999	-3.21054	1677.54	3010.62
-9.10999	-3.21054	1676.7	3054.81
-9.10999	-3.21054	1675.86	3015.55
-9.10999	-3.21054	1675.02	2907.78
-9.10999	-3.21054	1674.18	3074.1
-9.10999	-3.21054	1673.35	2993.16
-9.10999	-3.21054	1672.51	3034.34
-9.10999	-3.21054	1671.67	3141.0
-9.10999	-3.21054	1670.83	3015.44
-9.10999	-3.21054	1669.99	3017.91
-9.10999	-3.21054	1669.15	3032.27
-9.10999	-3.21054	1668.31	3213.24
-9.10999	-3.21054	1667.47	3304.91
-9.10999	-3.21054	1666.62	3250.81
-9.10999	-3.21054	1665.78	3256.2
-9.10999	-3.21054	1664.94	3202.13
-9.10999	-3.21054	1664.1	3243.2
-9.10999	-3.21054	1663.26	3296.15
-9.10999	-3.21054	1662.42	3197.52
-9.10999	-3.21054	1661.58	3354.45
-9.10999	-3.21054	1660.74	3303.37
-9.10999	-3.21054	1659.9	3308.75
-9.10999	-3.21054	1659.05	3516.06
-9.10999	-3.21054	1658.21	3331.37
-9.10999	-3.21054	1657.37	3301.12
-9.10999	-3.21054	1656.53	3454.9
-9.10999	-3.21054	1655.68	3451.34
-9.10999	-3.21054	1654.84	3646.58
-9.10999	-3.21054	1654.0	3539.16
-9.10999	-3.21054	1653.16	3526.69
-9.10999	-3.21054	1652.31	3632.85
-9.10999	-3.21054	1651.47	3658.92
-9.10999	-3.21054	1650.63	3750.19
-9.10999	-3.21054	1649.78	3693.24
-9.10999	-3.21054	1648.94	3852.64
-9.10999	-3.21054	1648.1	3656.42
-9.10999	-3.21054	1647.25	3768.37
-9.10999	-3.21054	1646.41	3806.23
-9.10999	-3.21054	1645.56	3847.05
-9.10999	-3.21054	1644.72	4172.1
-9.10999	-3.21054	1643.88	3981.92
-9.10999	-3.21054	1643.03	4043.4
-9.10999	-3.21054	1642.19	4172.92
-9.10999	-3.21054	1641.34	4213.64
-9.10999	-3.21054	1640.5	4363.8
-9.10999	-3.21054	1639.65	4283.19
-9.10999	-3.21054	1638.81	4510.19
-9.10999	-3.21054	1637.96	4550.81
-9.10999	-3.21054	1637.11	4659.42
-9.10999	-3.21054	1636.27	4838.94
-9.10999	-3.21054	1635.42	4784.92
-9.10999	-3.21054	1634.58	4813.65
-9.10999	-3.21054	1633.73	4972.37
-9.10999	-3.21054	1632.88	4953.79
-9.10999	-3.21054	1632.04	5059.27
-9.10999	-3.21054	1631.19	4999.35
-9.10999	-3.21054	1630.34	5010.3
-9.10999	-3.21054	1629.5	5018.3
-9.10999	-3.21054	1628.65	5138.45
-9.10999	-3.21054	1627.8	5046.09
-9.10999	-3.21054	1626.96	5030.48
-9.10999	-3.21054	1626.11	5236.11
-9.10999	-3.21054	1625.26	5202.77
-9.10999	-3.21054	1624.41	5198.93
-9.10999	-3.21054	1623.57	5189.2
-9.10999	-3.21054	1622.72	5565.64
-9.10999	-3.21054	1621.87	5502.79
-9.10999	-3.21054	1621.02	5469.44
-9.10999	-3.21054	1620.17	5518.59
-9.10999	-3.21054	1619.32	5617.8
-9.10999	-3.21054	1618.47	5675.75
-9.10999	-3.21054	1617.63	5633.55
-9.10999	-3.21054	1616.78	5609.03
-9.10999	-3.21054	1615.93	5831.81
-9.10999	-3.21054	1615.08	5857.3
-9.10999	-3.21054	1614.23	5859.24
-9.10999	-3.21054	1613.38	5893.54
-9.10999	-3.21054	1612.53	5839.58
-9.10999	-3.21054	1611.68	5938.59
-9.10999	-3.21054	1610.83	6131.66
-9.10999	-3.21054	1609.98	6001.24
-9.10999	-3.21054	1609.13	6003.15
-9.10999	-3.21054	1608.28	5993.3
-9.10999	-3.21054	1607.43	6165.67
-9.10999	-3.21054	1606.58	6179.3
-9.10999	-3.21054	1605.73	6184.12
-9.10999	-3.21054	1604.87	6162.5
-9.10999	-3.21054	1604.02	6102.71
-9.10999	-3.21054	1603.17	6210.3
-9.10999	-3.21054	1602.32	6267.96
-9.10999	-3.21054	1601.47	6070.22
-9.10999	-3.21054	1600.62	6262.87
-9.10999	-3.21054	1599.76	6203.11
-9.10999	-3.21054	1598.91	6172.71
-9.10999	-3.21054	1598.06	6253.79
-9.10999	-3.21054	1597.21	6302.57
-9.10999	-3.21054	1596.36	6351.34
-9.10999	-3.21054	1595.5	6083.46
-9.10999	-3.21054	1594.65	6308.12
-9.10999	-3.21054	1593.8	6257.22
-9.10999	-3.21054	1592.94	6484.71
-9.10999	-3.21054	1592.09	6495.31
-9.10999	-3.21054	1591.24	6306.73
-9.10999	-3.21054	1590.38	6334.93
-9.10999	-3.21054	1589.53	6579.82
-9.10999	-3.21054	1588.68	6508.43
-9.10999	-3.21054	1587.82	6431.2
-9.10999	-3.21054	1586.97	6462.29
-9.10999	-3.21054	1586.11	6548.97
-9.10999	-3.21054	1585.26	6670.73
-9.10999	-3.21054	1584.4	6599.38
-9.10999	-3.21054	1583.55	6700.61
-9.10999	-3.21054	1582.69	6544.47
-9.10999	-3.21054	1581.84	6575.51
-9.10999	-3.21054	1580.98	6676.7
-9.10999	-3.21054	1580.13	6625.86
-9.10999	-3.21054	1579.27	6539.98
-9.10999	-3.21054	1578.42	6451.21
-9.10999	-3.21054	1577.56	6756.83
-9.10999	-3.21054	1576.71	6673.89
-9.10999	-3.21054	1575.85	6532.57
-9.10999	-3.21054	1574.99	6581.08
-9.10999	-3.21054	1574.14	6603.31
-9.10999	-3.21054	1573.28	6654.71
-9.10999	-3.21054	1572.42	6332.56
-9.10999	-3.21054	1571.57	6585.32
-9.10999	-3.21054	1570.71	6557.93
-9.10999	-3.21054	1569.85	6416.8
-9.10999	-3.21054	1569.0	6328.21
-9.10999	-3.21054	1568.14	6265.89
-9.10999	-3.21054	1567.28	6183.19
-9.10999	-3.21054	1566.42	6205.45
-9.10999	-3.21054	1565.56	6344.26
-9.10999	-3.21054	1564.71	6121.73
-9.10999	-3.21054	1563.85	6036.19
-9.10999	-3.21054	1562.99	6040.98
-9.10999	-3.21054	1562.13	6118.57
-9.10999	-3.21054	1561.27	6021.43
-9.10999	-3.21054	1560.41	5799.15
-9.10999	-3.21054	1559.56	5946.59
-9.10999	-3.21054	1558.7	5963.03
-9.10999	-3.21054	1557.84	5962.01
-9.10999	-3.21054	1556.98	5946.44
-9.10999	-3.21054	1556.12	5910.51
-9.10999	-3.21054	1555.26	5958.93
-9.10999	-3.21054	1554.4	5917.2
-9.10999	-3.21054	1553.54	5782.45
-9.10999	-3.21054	1552.68	5883.19
-9.10999	-3.21054	1551.82	5949.02
-9.10999	-3.21054	1550.96	6014.83
-9.10999	-3.21054	1550.1	5987.65
-9.10999	-3.21054	1549.24	5780.38
-9.10999	-3.21054	1548.38	6075.62
-9.10999	-3.21054	1547.52	5970.04
-9.10999	-3.21054	1546.65	5971.91
-9.10999	-3.21054	1545.79	5953.47
-9.10999	-3.21054	1544.93	5876.99
-9.10999	-3.21054	1544.07	6038.47
-9.10999	-3.21054	1543.21	5802.43
-9.10999	-3.21054	1542.35	5859.45
-9.10999	-3.21054	1541.48	5826.54
-9.10999	-3.21054	1540.62	5848.73
-9.10999	-3.21054	1539.76	6007.18
-9.10999	-3.21054	1538.9	5945.27
-9.10999	-3.21054	1538.04	5721.09
-9.10999	-3.21054	1537.17	5888.17
-9.10999	-3.21054	1536.31	6000.15
-9.10999	-3.21054	1535.45	5709.44
-9.10999	-3.21054	1534.58	5804.03
-9.10999	-3.21054	1533.72	5939.13
-9.10999	-3.21054	1532.86	5825.19
-9.10999	-3.21054	1531.99	5734.45
-9.10999	-3.21054	1531.13	5721.89
-9.10999	-3.21054	1530.27	5761.41
-9.10999	-3.21054	1529.4	5607.08
-9.10999	-3.21054	1528.54	5588.76
-9.10999	-3.21054	1527.67	5544.41
-9.10999	-3.21054	1526.81	5557.91
-9.10999	-3.21054	1525.94	5525.15
-9.10999	-3.21054	1525.08	5674.52
-9.10999	-3.21054	1524.21	5508.79
-9.10999	-3.21054	1523.35	5265.11
-9.10999	-3.21054	1522.48	5428.89
-9.10999	-3.21054	1521.62	5295.07
-9.10999	-3.21054	1520.75	5256.61
-9.10999	-3.21054	1519.89	5195.06
-9.10999	-3.21054	1519.02	5335.64
-9.10999	-3.21054	1518.15	5222.13
-9.10999	-3.21054	1517.29	5209.69
-9.10999	-3.21054	1516.42	5047.19
-9.10999	-3.21054	1515.56	5291.56
-9.10999	-3.21054	1514.69	5172.37
-9.10999	-3.21054	1513.82	5220.51
-9.10999	-3.21054	1512.96	5161.94
-9.10999	-3.21054	1512.09	5267.73
-9.10999	-3.21054	1511.22	5105.38
-9.10999	-3.21054	1510.35	5260.14
-9.10999	-3.21054	1509.49	5184.31
-9.10999	-3.21054	1508.62	5143.08
-9.10999	-3.21054	1507.75	5173.88
-9.10999	-3.21054	1506.88	5037.61
-9.10999	-3.21054	1506.01	5062.66
-9.10999	-3.21054	1505.15	5084.82
-9.10999	-3.21054	1504.28	5095.46
-9.10999	-3.21054	1503.41	5103.21
-9.10999	-3.21054	1502.54	4932.54
-9.10999	-3.21054	1501.67	4790.7
-9.10999	-3.21054	1500.8	4867.55
-9.10999	-3.21054	1499.93	4809.18
-9.10999	-3.21054	1499.06	4805.47
-9.10999	-3.21054	1498.19	4798.89
-9.10999	-3.21054	1497.32	4812.44
-9.10999	-3.21054	1496.46	4952.45
-9.10999	-3.21054	1495.59	4736.06
-9.10999	-3.21054	1494.72	4769.72
-9.10999	-3.21054	1493.84	4622.38
-9.10999	-3.21054	1492.97	4753.71
-9.10999	-3.21054	1492.1	4761.5
-9.10999	-3.21054	1491.23	4806.62
-9.10999	-3.21054	1490.36	4716.79
-9.10999	-3.21054	1489.49	4713.11
-9.10999	-3.21054	1488.62	4758.21
-9.10999	-3.21054	1487.75	4788.95
-9.10999	-3.21054	1486.88	4765.17
-9.10999	-3.21054	1486.01	4767.22
-9.10999	-3.21054	1485.13	4749.18
-9.10999	-3.21054	1484.26	4771.3
-9.10999	-3.21054	1483.39	4856.48
-9.10999	-3.21054	1482.52	4804.05
-9.10999	-3.21054	1481.65	4734.44
-9.10999	-3.21054	1480.77	4779.46
-9.10999	-3.21054	1479.9	4824.47
-9.10999	-3.21054	1479.03	4746.3
-9.10999	-3.21054	1478.16	4699.66
-9.10999	-3.21054	1477.28	4690.25
-9.10999	-3.21054	1476.41	4761.01
-9.10999	-3.21054	1475.54	4857.51
-9.10999	-3.21054	1474.66	4839.5
-9.10999	-3.21054	1473.79	4807.19
-9.10999	-3.21054	1472.91	4826.38
-9.10999	-3.21054	1472.04	4794.08
-9.10999	-3.21054	1471.17	4693.15
-9.10999	-3.21054	1470.29	4732.37
-9.10999	-3.21054	1469.42	4780.16
-9.10999	-3.21054	1468.54	4919.39
-9.10999	-3.21054	1467.67	4738.49
-9.10999	-3.21054	1466.79	4949.12
-9.10999	-3.21054	1465.92	5045.4
-9.10999	-3.21054	1465.04	4884.56
-9.10999	-3.21054	1464.17	4923.7
-9.10999	-3.21054	1463.29	4754.38
-9.10999	-3.21054	1462.42	4793.52
-9.10999	-3.21054	1461.54	4898.31
-9.10999	-3.21054	1460.66	4806.13
-9.10999	-3.21054	1459.79	4967.95
-9.10999	-3.21054	1458.91	5032.71
-9.10999	-3.21054	1458.04	4986.19
-9.10999	-3.21054	1457.16	4965.36
-9.10999	-3.21054	1456.28	4861.85
-9.10999	-3.21054	1455.41	4957.94
-9.10999	-3.21054	1454.53	5111.01
-9.10999	-3.21054	1453.65	5055.97
-9.10999	-3.21054	1452.77	5046.55
-9.10999	-3.21054	1451.9	5051.37
-9.10999	-3.21054	1451.02	5167.29
-9.10999	-3.21054	1450.14	5163.54
-9.10999	-3.21054	1449.26	5179.73
-9.10999	-3.21054	1448.39	5193.07
-9.10999	-3.21054	1447.51	5129.55
-9.10999	-3.21054	1446.63	5239.65
-9.10999	-3.21054	1445.75	5198.91
-9.10999	-3.21054	1444.87	5286.2
-9.10999	-3.21054	1443.99	5248.31
-9.10999	-3.21054	1443.11	5358.31
-9.10999	-3.21054	1442.23	5183.92
-9.10999	-3.21054	1441.35	5461.65
-9.10999	-3.21054	1440.48	5364.05
-9.10999	-3.21054	1439.6	5286.39
-9.10999	-3.21054	1438.72	5612.26
-9.10999	-3.21054	1437.84	5403.88
-9.10999	-3.21054	1436.96	5456.91
-9.10999	-3.21054	1436.08	5353.72
-9.10999	-3.21054	1435.2	5401.07
-9.10999	-3.21054	1434.31	5232.62
-9.10999	-3.21054	1433.43	5149.39
-9.10999	-3.21054	1432.55	5437.99
-9.10999	-3.21054	1431.67	5337.72
-9.10999	-3.21054	1430.79	5336.8
-9.10999	-3.21054	1429.91	5213.89
-9.10999	-3.21054	1429.03	5479.59
-9.10999	-3.21054	1428.15	5132.68
-9.10999	-3.21054	1427.27	5197.0
-9.10999	-3.21054	1426.38	5099.71
-9.10999	-3.21054	1425.5	5195.19
-9.10999	-3.21054	1424.62	5086.61
-9.10999	-3.21054	1423.74	5233.05
-9.10999	-3.21054	1422.85	5016.85
-9.10999	-3.21054	1421.97	5129.27
-9.10999	-3.21054	1421.09	5173.69
-9.10999	-3.21054	1420.21	5164.3
-9.10999	-3.21054	1419.32	4976.57
-9.10999	-3.21054	1418.44	4791.73
-9.10999	-3.21054	1417.56	5246.5
-9.10999	-3.21054	1416.67	4962.65
-9.10999	-3.21054	1415.79	5052.31
-9.10999	-3.21054	1414.9	5178.71
-9.10999	-3.21054	1414.02	5141.05
-9.10999	-3.21054	1413.14	5281.52
-9.10999	-3.21054	1412.25	5116.65
-9.10999	-3.21054	1411.37	5203.37
-9.10999	-3.21054	1410.48	5196.82
-9.10999	-3.21054	1409.6	5317.41
-9.10999	-3.21054	1408.71	5245.86
-9.10999	-3.21054	1407.83	5261.89
-9.10999	-3.21054	1406.94	5277.92
-9.10999	-3.21054	1406.06	5389.94
-9.10999	-3.21054	1405.17	5397.47
-9.10999	-3.21054	1404.29	5376.77
-9.10999	-3.21054	1403.4	5364.55
-9.10999	-3.21054	1402.51	5281.79
-9.10999	-3.21054	1401.63	5515.02
-9.10999	-3.21054	1400.74	5485.85
-9.10999	-3.21054	1399.85	5577.96
-9.10999	-3.21054	1398.97	5661.57
-9.10999	-3.21054	1398.08	5590.11
-9.10999	-3.21054	1397.19	5583.5
-9.10999	-3.21054	1396.31	5776.97
-9.10999	-3.21054	1395.42	5902.75
-9.10999	-3.21054	1394.53	5980.6
-9.10999	-3.21054	1393.64	5883.8
-9.10999	-3.21054	1392.76	5922.2
-9.10999	-3.21054	1391.87	6005.64
-9.10999	-3.21054	1390.98	5962.36
-9.10999	-3.21054	1390.09	5921.92
-9.10999	-3.21054	1389.2	5875.86
-9.10999	-3.21054	1388.32	5722.9
-9.10999	-3.21054	1387.43	5856.94
-9.10999	-3.21054	1386.54	5777.16
-9.10999	-3.21054	1385.65	5790.22
-9.10999	-3.21054	1384.76	5707.67
-9.10999	-3.21054	1383.87	5782.58
-9.10999	-3.21054	1382.98	5860.27
-9.10999	-3.21054	1382.09	5611.95
-9.10999	-3.21054	1381.2	5509.82
-9.10999	-3.21054	1380.31	5640.89
-9.10999	-3.21054	1379.42	5771.92
-9.10999	-3.21054	1378.53	5591.19
-9.10999	-3.21054	1377.64	5668.83
-9.10999	-3.21054	1376.75	5707.14
-9.10999	-3.21054	1375.86	5593.88
-9.10999	-3.21054	1374.97	5576.06
-9.10999	-3.21054	1374.08	5673.29
-9.10999	-3.21054	1373.19	5635.83
-9.10999	-3.21054	1372.3	5724.6
-9.10999	-3.21054	1371.4	5703.98
-9.10999	-3.21054	1370.51	5677.75
-9.10999	-3.21054	1369.62	5690.77
-9.10999	-3.21054	1368.73	5619.71
-9.10999	-3.21054	1367.84	5515.04
-9.10999	-3.21054	1366.94	5802.67
-9.10999	-3.21054	1366.05	5896.9
-9.10999	-3.21054	1365.16	5873.47
-9.10999	-3.21054	1364.27	5878.04
-9.10999	-3.21054	1363.37	5857.42
-9.10999	-3.21054	1362.48	5848.0
-9.10999	-3.21054	1361.59	5939.34
-9.10999	-3.21054	1360.69	6041.85
-9.10999	-3.21054	1359.8	5682.65
-9.10999	-3.21054	1358.91	5950.22
-9.10999	-3.21054	1358.01	6089.03
-9.10999	-3.21054	1357.12	6082.37
-9.10999	-3.21054	1356.22	5972.27
-9.10999	-3.21054	1355.33	6164.11
-9.10999	-3.21054	1354.44	6196.58
-9.10999	-3.21054	1353.54	6066.95
-9.10999	-3.21054	1352.65	6247.5
-9.10999	-3.21054	1351.75	6338.6
-9.10999	-3.21054	1350.86	6340.28
-9.10999	-3.21054	1349.96	6540.24
-9.10999	-3.21054	1349.07	6723.38
-9.10999	-3.21054	1348.17	6431.87
-9.10999	-3.21054	1347.28	6545.18
-9.10999	-3.21054	1346.38	6873.34
-9.10999	-3.21054	1345.48	6754.95
-9.10999	-3.21054	1344.59	6667.29
-9.10999	-3.21054	1343.69	6889.26
-9.10999	-3.21054	1342.79	7044.22
-9.10999	-3.21054	1341.9	6898.0
-9.10999	-3.21054	1341.0	6935.82
-9.10999	-3.21054	1340.1	7009.86
-9.10999	-3.21054	1339.21	7056.01
-9.10999	-3.21054	1338.31	7104.93
-9.10999	-3.21054	1337.41	7304.26
-9.10999	-3.21054	1336.51	7124.73
-9.10999	-3.21054	1335.62	7168.04
-9.10999	-3.21054	1334.72	7333.84
-9.10999	-3.21054	1333.82	7134.91
-9.10999	-3.21054	1332.92	7258.91
-9.10999	-3.21054	1332.02	7363.39
-9.10999	-3.21054	1331.13	7484.52
-9.10999	-3.21054	1330.23	7430.36
-9.10999	-3.21054	1329.33	7239.92
-9.10999	-3.21054	1328.43	7294.27
-9.10999	-3.21054	1327.53	7509.87
-9.10999	-3.21054	1326.63	7419.6
-9.10999	-3.21054	1325.73	7434.97
-9.10999	-3.21054	1324.83	7575.4
-9.10999	-3.21054	1323.93	7485.16
-9.10999	-3.21054	1323.03	7519.97
-9.10999	-3.21054	1322.13	7554.76
-9.10999	-3.21054	1321.23	7467.35
-9.10999	-3.21054	1320.33	7749.24
-9.10999	-3.21054	1319.43	7628.52
-9.10999	-3.21054	1318.53	7566.12
-9.10999	-3.21054	1317.63	7556.47
-9.10999	-3.21054	1316.73	7707.75
-9.10999	-3.21054	1315.83	7553.82
-9.10999	-3.21054	1314.93	7524.76
-9.10999	-3.21054	1314.02	7429.16
-9.10999	-3.21054	1313.12	7594.21
-9.10999	-3.21054	1312.22	7518.03
-9.10999	-3.21054	1311.32	7383.68
-9.10999	-3.21054	1310.42	7232.74
-9.10999	-3.21054	1309.51	7381.09
-9.10999	-3.21054	1308.61	7291.15
-9.10999	-3.21054	1307.71	7361.88
-9.10999	-3.21054	1306.81	7285.82
-9.10999	-3.21054	1305.9	7389.76
-9.10999	-3.21054	1305.0	7463.21
-9.10999	-3.21054	1304.1	7115.93
-9.10999	-3.21054	1303.19	7128.52
-9.10999	-3.21054	1302.29	7135.57
-9.10999	-3.21054	1301.39	7120.48
-9.10999	-3.21054	1300.48	6969.88
-9.10999	-3.21054	1299.58	6993.54
-9.10999	-3.21054	1298.67	7003.38
-9.10999	-3.21054	1297.77	6971.74
-9.10999	-3.21054	1296.86	6918.0
-9.10999	-3.21054	1295.96	6833.89
-9.10999	-3.21054	1295.06	6896.24
-9.10999	-3.21054	1294.15	6933.7
-9.10999	-3.21054	1293.25	6722.58
-9.10999	-3.21054	1292.34	6525.33
-9.10999	-3.21054	1291.43	6631.86
-9.10999	-3.21054	1290.53	6804.61
-9.10999	-3.21054	1289.62	6543.98
-9.10999	-3.21054	1288.72	6603.54
-9.10999	-3.21054	1287.81	6585.82
-9.10999	-3.21054	1286.9	6471.57
-9.10999	-3.21054	1286.0	6511.8
-9.10999	-3.21054	1285.09	6295.57
-9.10999	-3.21054	1284.18	6266.89
-9.10999	-3.21054	1283.28	6530.42
-9.10999	-3.21054	1282.37	6355.64
-9.10999	-3.21054	1281.46	6249.81
-9.10999	-3.21054	1280.56	6320.35
-9.10999	-3.21054	1279.65	6366.07
-9.10999	-3.21054	1278.74	6128.09
-9.10999	-3.21054	1277.83	6060.92
-9.10999	-3.21054	1276.93	6167.23
-9.10999	-3.21054	1276.02	6036.77
-9.10999	-3.21054	1275.11	5881.58
-9.10999	-3.21054	1274.2	5913.57
-9.10999	-3.21054	1273.29	5769.46
-9.10999	-3.21054	1272.38	5867.48
-9.10999	-3.21054	1271.47	5838.94
-9.10999	-3.21054	1270.56	5749.92
-9.10999	-3.21054	1269.66	5652.68
-9.10999	-3.21054	1268.75	5835.86
-9.10999	-3.21054	1267.84	5724.9
-9.10999	-3.21054	1266.93	5701.91
-9.10999	-3.21054	1266.02	5549.8
-9.10999	-3.21054	1265.11	5540.58
-9.10999	-3.21054	1264.2	5611.02
-9.10999	-3.21054	1263.29	5360.15
-9.10999	-3.21054	1262.38	5263.11
-9.10999	-3.21054	1261.46	5448.85
-9.10999	-3.21054	1260.55	5387.51
-9.10999	-3.21054	1259.64	5446.93
-9.10999	-3.21054	1258.73	5215.51
-9.10999	-3.21054	1257.82	5294.14
-9.10999	-3.21054	1256.91	5227.39
-9.10999	-3.21054	1256.0	5377.29
-9.10999	-3.21054	1255.08	5225.55
-9.10999	-3.21054	1254.17	5210.92
-9.10999	-3.21054	1253.26	5215.49
-9.10999	-3.21054	1252.35	5283.07
-9.10999	-3.21054	1251.44	5257.49
-9.10999	-3.21054	1250.52	5270.26
-9.10999	-3.21054	1249.61	5293.98
-9.10999	-3.21054	1248.7	5334.12
-9.10999	-3.21054	1247.78	5240.1
-9.10999	-3.21054	1246.87	5247.39
-9.10999	-3.21054	1245.96	5331.3
-9.10999	-3.21054	1245.04	5261.96
-9.10999	-3.21054	1244.13	5271.97
-9.10999	-3.21054	1243.22	5153.42
-9.10999	-3.21054	1242.3	5327.55
-9.10999	-3.21054	1241.39	5113.33
-9.10999	-3.21054	1240.47	5306.53
-9.10999	-3.21054	1239.56	5075.99
-9.10999	-3.21054	1238.64	5113.36
-9.10999	-3.21054	1237.73	5126.12
-9.10999	-3.21054	1236.81	5136.14
-9.10999	-3.21054	1235.9	5113.38
-9.10999	-3.21054	1234.98	5139.79
-9.10999	-3.21054	1234.07	4906.79
-9.10999	-3.21054	1233.15	4777.61
-9.10999	-3.21054	1232.24	4989.68
-9.10999	-3.21054	1231.32	5043.38
-9.10999	-3.21054	1230.4	5001.56
-9.10999	-3.21054	1229.49	4927.02
-9.10999	-3.21054	1228.57	4757.04
-9.10999	-3.21054	1227.65	5045.28
-9.10999	-3.21054	1226.74	5028.03
-9.10999	-3.21054	1225.82	5103.48
-9.10999	-3.21054	1224.9	4944.48
-9.10999	-3.21054	1223.99	5090.77
-9.10999	-3.21054	1223.07	5062.63
-9.10999	-3.21054	1222.15	5091.7
-9.10999	-3.21054	1221.23	5074.46
-9.10999	-3.21054	1220.31	5087.18
-9.10999	-3.21054	1219.4	5023.66
-9.10999	-3.21054	1218.48	4897.54
-9.10999	-3.21054	1217.56	4983.78
-9.10999	-3.21054	1216.64	4942.08
-9.10999	-3.21054	1215.72	5014.67
-9.10999	-3.21054	1214.8	4956.66
-9.10999	-3.21054	1213.88	4827.94
-9.10999	-3.21054	1212.96	4870.6
-9.10999	-3.21054	1212.05	4837.11
-9.10999	-3.21054	1211.13	4711.21
-9.10999	-3.21054	1210.21	4783.76
-9.10999	-3.21054	1209.29	4886.19
-9.10999	-3.21054	1208.37	4964.12
-9.10999	-3.21054	1207.45	4860.01
-9.10999	-3.21054	1206.53	4674.45
-9.10999	-3.21054	1205.6	4899.03
-9.10999	-3.21054	1204.68	4748.83
-9.10999	-3.21054	1203.76	4813.14
-9.10999	-3.21054	1202.84	4744.44
-9.10999	-3.21054	1201.92	4738.17
-9.10999	-3.21054	1201.0	4750.9
-9.10999	-3.21054	1200.08	4774.47
-9.10999	-3.21054	1199.16	4724.81
-9.10999	-3.21054	1198.23	4818.89
-9.10999	-3.21054	1197.31	4601.13
-9.10999	-3.21054	1196.39	4630.13
-9.10999	-3.21054	1195.47	4672.68
-9.10999	-3.21054	1194.54	4842.58
-9.10999	-3.21054	1193.62	4928.42
-9.10999	-3.21054	1192.7	4835.45
-9.10999	-3.21054	1191.78	4888.76
-9.10999	-3.21054	1190.85	4736.25
-9.10999	-3.21054	1189.93	4941.18
-9.10999	-3.21054	1189.01	5056.71
-9.10999	-3.21054	1188.08	4923.2
-9.10999	-3.21054	1187.16	5081.98
-9.10999	-3.21054	1186.23	5008.03
-9.10999	-3.21054	1185.31	4806.97
-9.10999	-3.21054	1184.39	4930.53
-9.10999	-3.21054	1183.46	4791.75
-9.10999	-3.21054	1182.54	4788.2
-9.10999	-3.21054	1181.61	4781.94
-9.10999	-3.21054	1180.69	4597.31
-9.10999	-3.21054	1179.76	4634.33
-9.10999	-3.21054	1178.84	4684.84
-9.10999	-3.21054	1177.91	4565.16
-9.10999	-3.21054	1176.99	4353.69
-9.10999	-3.21054	1176.06	4452.83
-9.10999	-3.21054	1175.13	4292.75
-9.10999	-3.21054	1174.21	4286.59
-9.10999	-3.21054	1173.28	4528.73
-9.10999	-3.21054	1172.35	4363.32
-9.10999	-3.21054	1171.43	4438.09
-9.10999	-3.21054	1170.5	4394.15
-9.10999	-3.21054	1169.57	4218.07
-9.10999	-3.21054	1168.65	4373.72
-9.10999	-3.21054	1167.72	4262.41
-9.10999	-3.21054	1166.79	4304.78
-9.10999	-3.21054	1165.86	4169.26
-9.10999	-3.21054	1164.94	4211.64
-9.10999	-3.21054	1164.01	4321.35
-9.10999	-3.21054	1163.08	4118.56
-9.10999	-3.21054	1162.15	4112.44
-9.10999	-3.21054	1161.22	4157.49
-9.10999	-3.21054	1160.3	4312.9
-9.10999	-3.21054	1159.37	4166.78
-9.10999	-3.21054	1158.44	4163.35
-9.10999	-3.21054	1157.51	4135.71
-9.10999	-3.21054	1156.58	4258.73
-9.10999	-3.21054	1155.65	4067.0
-9.10999	-3.21054	1154.72	4015.18
-9.10999	-3.21054	1153.79	4073.62
-9.10999	-3.21054	1152.86	4102.47
-9.10999	-3.21054	1151.93	4177.0
-9.10999	-3.21054	1151.0	4117.14
-9.10999	-3.21054	1150.07	4027.74
-9.10999	-3.21054	1149.14	4107.62
-9.10999	-3.21054	1148.21	4023.62
-9.10999	-3.21054	1147.28	4165.24
-9.10999	-3.21054	1146.35	3941.65
-9.10999	-3.21054	1145.42	4056.38
-9.10999	-3.21054	1144.48	4103.98
-9.10999	-3.21054	1143.55	3944.91
-9.10999	-3.21054	1142.62	4016.66
-9.10999	-3.21054	1141.69	4206.42
-9.10999	-3.21054	1140.76	4101.06
-9.10999	-3.21054	1139.82	3842.89
-9.10999	-3.21054	1138.89	3962.86
-9.10999	-3.21054	1137.96	4112.28
-9.10999	-3.21054	1137.03	4060.63
-9.10999	-3.21054	1136.09	4161.74
-9.10999	-3.21054	1135.16	3997.56
-9.10999	-3.21054	1134.23	4042.39
-9.10999	-3.21054	1133.29	3998.82
-9.10999	-3.21054	1132.36	3990.07
-9.10999	-3.21054	1131.43	4133.95
-9.10999	-3.21054	1130.49	4117.15
-9.10999	-3.21054	1129.56	4012.04
-9.10999	-3.21054	1128.62	3971.18
-9.10999	-3.21054	1127.69	4013.29
-9.10999	-3.21054	1126.76	4044.67
-9.10999	-3.21054	1125.82	3915.58
-9.10999	-3.21054	1124.89	3936.27
-9.10999	-3.21054	1123.95	3879.43
-9.10999	-3.21054	1123.02	3921.51
-9.10999	-3.21054	1122.08	3950.21
-9.10999	-3.21054	1121.14	3855.98
-9.10999	-3.21054	1120.21	3761.78
-9.10999	-3.21054	1119.27	3942.76
-9.10999	-3.21054	1118.34	3867.28
-9.10999	-3.21054	1117.4	3863.92
-9.10999	-3.21054	1116.46	3855.22
-9.10999	-3.21054	1115.53	3947.96
-9.10999	-3.21054	1114.59	3829.83
-9.10999	-3.21054	1113.65	3887.86
-9.10999	-3.21054	1112.72	3847.14
-9.10999	-3.21054	1111.78	3779.77
-9.10999	-3.21054	1110.84	3859.11
-9.10999	-3.21054	1109.9	3738.43
-9.10999	-3.21054	1108.97	3831.08
-9.10999	-3.21054	1108.03	3801.07
-9.10999	-3.21054	1107.09	3773.75
-9.10999	-3.21054	1106.15	3789.06
-9.10999	-3.21054	1105.21	3916.27
-9.10999	-3.21054	1104.28	3862.3
-9.10999	-3.21054	1103.34	3693.83
-9.10999	-3.21054	1102.4	3844.95
-9.10999	-3.21054	1101.46	3862.9
-9.10999	-3.21054	1100.52	3795.66
-9.10999	-3.21054	1099.58	3797.65
-9.10999	-3.21054	1098.64	3969.93
-9.10999	-3.21054	1097.7	3772.35
-9.10999	-3.21054	1096.76	3790.3
-9.10999	-3.21054	1095.82	3890.68
-9.10999	-3.21054	1094.88	3663.98
-9.10999	-3.21054	1093.94	3724.47
-9.10999	-3.21054	1093.0	3753.05
-9.10999	-3.21054	1092.06	3816.16
-9.10999	-3.21054	1091.12	3727.8
-9.10999	-3.21054	1090.18	3697.91
-9.10999	-3.21054	1089.24	3713.19
-9.10999	-3.21054	1088.3	3696.59
-9.10999	-3.21054	1087.35	3645.49
-9.10999	-3.21054	1086.41	3559.89
-9.10999	-3.21054	1085.47	3737.08
-9.10999	-3.21054	1084.53	3595.77
-9.10999	-3.21054	1083.59	3603.09
-9.10999	-3.21054	1082.64	3615.71
-9.10999	-3.21054	1081.7	3673.42
-9.10999	-3.21054	1080.76	3553.43
-9.10999	-3.21054	1079.81	3576.66
-9.10999	-3.21054	1078.87	3597.23
-9.10999	-3.21054	1077.93	3588.63
-9.10999	-3.21054	1076.99	3566.79
-9.10999	-3.21054	1076.04	3624.45
-9.10999	-3.21054	1075.1	3584.06
-9.10999	-3.21054	1074.15	3686.72
-9.10999	-3.21054	1073.21	3688.71
-9.10999	-3.21054	1072.27	3481.54
-9.10999	-3.21054	1071.32	3607.98
-9.10999	-3.21054	1070.38	3681.44
-9.10999	-3.21054	1069.43	3561.71
-9.10999	-3.21054	1068.49	3587.53
-9.10999	-3.21054	1067.54	3674.18
-9.10999	-3.21054	1066.6	3652.36
-9.10999	-3.21054	1065.65	3556.52
-9.10999	-3.21054	1064.71	3685.43
-9.10999	-3.21054	1063.76	3793.15
-9.10999	-3.21054	1062.81	3602.19
-9.10999	-3.21054	1061.87	3569.83
-9.10999	-3.21054	1060.92	3585.05
-9.10999	-3.21054	1059.97	3674.22
-9.10999	-3.21054	1059.03	3633.94
-9.10999	-3.21054	1058.08	3453.74
-9.10999	-3.21054	1057.13	3482.17
-9.10999	-3.21054	1056.19	3613.52
-9.10999	-3.21054	1055.24	3533.7
-9.10999	-3.21054	1054.29	3543.63
-9.10999	-3.21054	1053.34	3479.68
-9.10999	-3.21054	1052.4	3384.1
-9.10999	-3.21054	1051.45	3576.01
-9.10999	-3.21054	1050.5	3427.72
-9.10999	-3.21054	1049.55	3453.46
-9.10999	-3.21054	1048.6	3479.21
-9.10999	-3.21054	1047.66	3507.57
-9.10999	-3.21054	1046.71	3435.8
-9.10999	-3.21054	1045.76	3482.61
-9.10999	-3.21054	1044.81	3468.82
-9.10999	-3.21054	1043.86	3460.3
-9.10999	-3.21054	1042.91	3499.17
-9.10999	-3.21054	1041.96	3424.84
-9.10999	-3.21054	1041.01	3411.06
-9.10999	-3.21054	1040.06	3342.03
-9.10999	-3.21054	1039.11	3412.47
-9.10999	-3.21054	1038.16	3385.56
-9.10999	-3.21054	1037.21	3597.99
-9.10999	-3.21054	1036.26	3602.61
-9.10999	-3.21054	1035.31	3399.52
-9.10999	-3.21054	1034.36	3527.71
-9.10999	-3.21054	1033.4	3448.24
-9.10999	-3.21054	1032.45	3473.9
-9.10999	-3.21054	1031.5	3336.66
-9.10999	-3.21054	1030.55	3435.88
-9.10999	-3.21054	1029.6	3448.39
-9.10999	-3.21054	1028.65	3282.35
-9.10999	-3.21054	1027.69	3483.91
-9.10999	-3.21054	1026.74	3443.92
-9.10999	-3.21054	1025.79	3550.9
-9.10999	-3.21054	1024.84	3492.54
-9.10999	-3.21054	1023.88	3381.73
-9.10999	-3.21054	1022.93	3567.36
-9.10999	-3.21054	1021.98	3537.87
-9.10999	-3.21054	1021.02	3427.11
-9.10999	-3.21054	1020.07	3387.17
-9.10999	-3.21054	1019.12	3394.42
-9.10999	-3.21054	1018.16	3456.71
-9.10999	-3.21054	1017.21	3330.32
-9.10999	-3.21054	1016.25	3421.42
-9.10999	-3.21054	1015.3	3473.19
-9.10999	-3.21054	1014.34	3401.86
-9.10999	-3.21054	1013.39	3443.14
-9.10999	-3.21054	1012.44	3442.53
-9.10999	-3.21054	1011.48	3475.94
-9.10999	-3.21054	1010.52	3477.93
-9.10999	-3.21054	1009.57	3359.56
-9.10999	-3.21054	1008.61	3466.22
-9.10999	-3.21054	1007.66	3567.6
-9.10999	-3.21054	1006.7	3504.2
-9.10999	-3.21054	1005.75	3469.58
-9.10999	-3.21054	1004.79	3523.86
-9.10999	-3.21054	1003.83	3687.89
-9.10999	-3.21054	1002.88	3616.67
-9.10999	-3.21054	1001.92	3508.9
-9.10999	-3.21054	1000.96	3516.11
-9.10999	-3.21054	1000.0	3609.5
-9.10999	-3.21054	999.048	3405.17
-9.10999	-3.21054	998.09	3506.38
-9.10999	-3.21054	997.132	3435.27
-9.10999	-3.21054	996.174	3559.93
-9.10999	-3.21054	995.216	3360.97
-9.10999	-3.21054	994.258	3438.64
-9.10999	-3.21054	993.3	3351.94
-9.10999	-3.21054	992.341	3473.92
-9.10999	-3.21054	991.382	3400.28
-9.10999	-3.21054	990.423	3397.06
-9.10999	-3.21054	989.4639999999999	3448.59
-9.10999	-3.21054	988.505	3424.51
-9.10999	-3.21054	987.546	3332.7
-9.10999	-3.21054	986.586	3332.1
-9.10999	-3.21054	985.6260000000001	3362.76
-9.10999	-3.21054	984.666	3419.45
-9.10999	-3.21054	983.706	3309.47
-9.10999	-3.21054	982.7460000000001	3347.93
-9.10999	-3.21054	981.785	3352.53
-9.10999	-3.21054	980.825	3430.0
-9.10999	-3.21054	979.8639999999999	3369.54
-9.10999	-3.21054	978.903	3275.28
-9.10999	-3.21054	977.942	3402.15
-9.10999	-3.21054	976.9810000000001	3323.52
-9.10999	-3.21054	976.0189999999999	3268.32
-9.10999	-3.21054	975.057	3288.53
-9.10999	-3.21054	974.095	3521.86
-9.10999	-3.21054	973.133	3305.54
-9.10999	-3.21054	972.171	3219.2
-9.10999	-3.21054	971.209	3239.4
-9.10999	-3.21054	970.2460000000001	3394.66
-9.10999	-3.21054	969.284	3310.95
-9.10999	-3.21054	968.321	3346.7
-9.10999	-3.21054	967.3580000000001	3470.7
-9.10999	-3.21054	966.3939999999999	3322.14
-9.10999	-3.21054	965.431	3272.24
-9.10999	-3.21054	964.467	3224.95
-9.10999	-3.21054	963.5039999999999	3276.25
-9.10999	-3.21054	962.54	3423.49
-9.10999	-3.21054	961.576	3332.12
-9.10999	-3.21054	960.6110000000001	3168.18
-9.10999	-3.21054	959.6469999999999	3385.35
-9.10999	-3.21054	958.682	3351.05
-9.10999	-3.21054	957.7180000000001	3267.53
-9.10999	-3.21054	956.753	3253.99
-9.10999	-3.21054	955.7869999999999	3357.02
-9.10999	-3.21054	954.822	3294.26
-9.10999	-3.21054	953.857	3280.72
-9.10999	-3.21054	952.8910000000001	3199.87
-9.10999	-3.21054	951.925	3245.88
-9.10999	-3.21054	950.959	3276.36
-9.10999	-3.21054	949.993	3242.13
-9.10999	-3.21054	949.0269999999999	3135.48
-9.10999	-3.21054	948.06	3212.51
-9.10999	-3.21054	947.0930000000001	3118.83
-9.10999	-3.21054	946.1260000000001	3286.33
-9.10999	-3.21054	945.159	3089.27
-9.10999	-3.21054	944.192	3150.75
-9.10999	-3.21054	943.225	3263.88
-9.10999	-3.21054	942.257	3193.53
-9.10999	-3.21054	941.289	3278.21
-9.10999	-3.21054	940.321	3254.37
-9.10999	-3.21054	939.3530000000001	3227.96
-9.10999	-3.21054	938.385	3235.13
-9.10999	-3.21054	937.4169999999999	3275.85
-9.10999	-3.21054	936.448	3254.61
-9.10999	-3.21054	935.4789999999999	3181.77
-9.10999	-3.21054	934.51	3219.89
-9.10999	-3.21054	933.541	3185.78
-9.10999	-3.21054	932.572	3231.63
-9.10999	-3.21054	931.602	3220.73
-9.10999	-3.21054	930.633	3153.12
-9.10999	-3.21054	929.663	3253.08
-9.10999	-3.21054	928.693	3239.61
-9.10999	-3.21054	927.7230000000001	3141.1
-9.10999	-3.21054	926.752	3222.98
-9.10999	-3.21054	925.7819999999999	3263.61
-9.10999	-3.21054	924.811	3268.17
-9.10999	-3.21054	923.84	3205.78
-9.10999	-3.21054	922.8689999999999	3176.89
-9.10999	-3.21054	921.898	3176.31
-9.10999	-3.21054	920.926	3232.36
-9.10999	-3.21054	919.955	3216.34
-9.10999	-3.21054	918.9830000000001	3141.15
-9.10999	-3.21054	918.0110000000001	3266.62
-9.10999	-3.21054	917.039	3188.88
-9.10999	-3.21054	916.066	3167.73
-9.10999	-3.21054	915.0939999999999	3370.25
-9.10999	-3.21054	914.1210000000001	3390.2
-9.10999	-3.21054	913.148	3207.13
-9.10999	-3.21054	912.175	3219.4
-9.10999	-3.21054	911.202	3167.44
-9.10999	-3.21054	910.2289999999999	3295.29
-9.10999	-3.21054	909.255	3225.36
-9.10999	-3.21054	908.2819999999999	3124.65
-9.10999	-3.21054	907.308	3280.67
-9.10999	-3.21054	906.334	3205.65
-9.10999	-3.21054	905.36	3017.74
-9.10999	-3.21054	904.385	3135.22
-9.10999	-3.21054	903.4110000000001	3062.83
-9.10999	-3.21054	902.436	3090.48
-9.10999	-3.21054	901.461	3123.26
-9.10999	-3.21054	900.4860000000001	3115.0
-9.10999	-3.21054	899.51	3168.27
-9.10999	-3.21054	898.535	3149.76
-9.10999	-3.21054	897.559	3133.81
-9.10999	-3.21054	896.5830000000001	3112.75
-9.10999	-3.21054	895.607	3263.32
-9.10999	-3.21054	894.6310000000001	3167.97
-9.10999	-3.21054	893.655	3126.43
-9.10999	-3.21054	892.678	3146.34
-9.10999	-3.21054	891.702	3309.59
-9.10999	-3.21054	890.725	3196.39
-9.10999	-3.21054	889.748	3067.87
-9.10999	-3.21054	888.77	3328.26
-9.10999	-3.21054	887.793	3222.79
-9.10999	-3.21054	886.815	3158.27
-9.10999	-3.21054	885.8380000000001	3390.37
-9.10999	-3.21054	884.86	3433.22
-9.10999	-3.21054	883.882	3371.26
-9.10999	-3.21054	882.903	3414.09
-9.10999	-3.21054	881.925	3339.38
-9.10999	-3.21054	880.946	3420.52
-9.10999	-3.21054	879.967	3417.34
-9.10999	-3.21054	878.988	3380.97
-9.10999	-3.21054	878.0089999999999	3446.74
-9.10999	-3.21054	877.03	3372.09
-9.10999	-3.21054	876.05	3269.39
-9.10999	-3.21054	875.071	3284.11
-9.10999	-3.21054	874.091	3311.58
-9.10999	-3.21054	873.1110000000001	3321.18
-9.10999	-3.21054	872.13	3284.88
-9.10999	-3.21054	871.15	3266.43
-9.10999	-3.21054	870.169	3378.02
-9.10999	-3.21054	869.189	3252.5
-9.10999	-3.21054	868.2080000000001	3274.85
-9.10999	-3.21054	867.2260000000001	3279.35
-9.10999	-3.21054	866.245	3235.45
-9.10999	-3.21054	865.2639999999999	3288.35
-9.10999	-3.21054	864.2819999999999	3157.88
-9.10999	-3.21054	863.3	3170.04
-9.10999	-3.21054	862.318	3357.85
-9.10999	-3.21054	861.336	3347.06
-9.10999	-3.21054	860.3530000000001	3224.3
-9.10999	-3.21054	859.3710000000001	3292.41
-9.10999	-3.21054	858.388	3380.85
-9.10999	-3.21054	857.405	3237.81
-9.10999	-3.21054	856.422	3422.86
-9.10999	-3.21054	855.439	3358.67
-9.10999	-3.21054	854.455	3307.22
-9.10999	-3.21054	853.472	3306.62
-9.10999	-3.21054	852.488	3311.1
-9.10999	-3.21054	851.5039999999999	3366.4
-9.10999	-3.21054	850.52	3281.96
-9.10999	-3.21054	849.535	3253.43
-9.10999	-3.21054	848.551	3318.86
-9.10999	-3.21054	847.566	3295.41
-9.10999	-3.21054	846.581	3200.89
-9.10999	-3.21054	845.596	3238.38
-9.10999	-3.21054	844.6110000000001	3138.83
-9.10999	-3.21054	843.6260000000001	3336.14
-9.10999	-3.21054	842.64	3203.64
-9.10999	-3.21054	841.654	3053.43
-9.10999	-3.21054	840.668	3136.55
-9.10999	-3.21054	839.682	3267.81
-9.10999	-3.21054	838.696	3069.51
-9.10999	-3.21054	837.709	3238.75
-9.10999	-3.21054	836.7230000000001	3124.14
-9.10999	-3.21054	835.7360000000001	3222.37
-9.10999	-3.21054	834.7489999999999	3216.72
-9.10999	-3.21054	833.762	3317.43
-9.10999	-3.21054	832.7739999999999	3362.4
-9.10999	-3.21054	831.7869999999999	3176.99
-9.10999	-3.21054	830.799	3267.53
-9.10999	-3.21054	829.811	3325.14
-9.10999	-3.21054	828.823	3322.01
-9.10999	-3.21054	827.835	3285.99
-9.10999	-3.21054	826.846	3206.99
-9.10999	-3.21054	825.857	3312.61
-9.10999	-3.21054	824.8689999999999	3269.03
-9.10999	-3.21054	823.88	3351.85
-9.10999	-3.21054	822.89	3275.42
-9.10999	-3.21054	821.9010000000001	3199.02
-9.10999	-3.21054	820.9119999999999	3173.17
-9.10999	-3.21054	819.922	3185.23
-9.10999	-3.21054	818.932	3222.53
-9.10999	-3.21054	817.942	3292.64
-9.10999	-3.21054	816.952	3239.03
-9.10999	-3.21054	815.961	3109.71
-9.10999	-3.21054	814.971	3192.43
-9.10999	-3.21054	813.98	3141.38
-9.10999	-3.21054	812.9889999999999	3017.2
-9.10999	-3.21054	811.998	3034.3
-9.10999	-3.21054	811.0060000000001	3081.66
-9.10999	-3.21054	810.015	3184.48
-9.10999	-3.21054	809.023	3020.04
-9.10999	-3.21054	808.0310000000001	3044.7
-9.10999	-3.21054	807.039	3066.82
-9.10999	-3.21054	806.047	3058.7
-9.10999	-3.21054	805.054	3055.63
-9.10999	-3.21054	804.062	2959.37
-9.10999	-3.21054	803.069	3137.62
-9.10999	-3.21054	802.076	3124.46
-9.10999	-3.21054	801.0830000000001	3081.09
-9.10999	-3.21054	800.0889999999999	3015.1
-9.10999	-3.21054	799.096	3049.78
-9.10999	-3.21054	798.102	3014.0
-9.10999	-3.21054	797.1080000000001	3008.42
-9.10999	-3.21054	796.1139999999999	2957.57
-9.10999	-3.21054	795.12	3135.56
-9.10999	-3.21054	794.1260000000001	3004.26
-9.10999	-3.21054	793.1310000000001	3059.01
-9.10999	-3.21054	792.1360000000001	3118.77
-9.10999	-3.21054	791.1410000000001	3088.05
-9.10999	-3.21054	790.1460000000001	3052.32
-9.10999	-3.21054	789.1510000000001	2931.2
-9.10999	-3.21054	788.155	3184.3
-9.10999	-3.21054	787.16	2995.41
-9.10999	-3.21054	786.164	3037.54
-9.10999	-3.21054	785.168	3029.46
-9.10999	-3.21054	784.171	3016.36
-9.10999	-3.21054	783.175	3000.75
-9.10999	-3.21054	782.178	2972.61
-9.10999	-3.21054	781.182	3009.69
-9.10999	-3.21054	780.185	3006.63
-9.10999	-3.21054	779.188	3011.1
-9.10999	-3.21054	778.19	3038.12
-9.10999	-3.21054	777.193	2977.42
-9.10999	-3.21054	776.195	3029.5
-9.10999	-3.21054	775.197	2978.84
-9.10999	-3.21054	774.199	3025.89
-9.10999	-3.21054	773.201	3067.91
-9.10999	-3.21054	772.202	3124.94
-9.10999	-3.21054	771.204	2951.63
-9.10999	-3.21054	770.205	3138.82
-9.10999	-3.21054	769.206	2938.04
-9.10999	-3.21054	768.207	3010.06
-9.10999	-3.21054	767.2080000000001	2982.0
-9.10999	-3.21054	766.2080000000001	3063.99
-9.10999	-3.21054	765.2080000000001	2993.41
-9.10999	-3.21054	764.209	3100.38
-9.10999	-3.21054	763.2080000000001	2992.32
-9.10999	-3.21054	762.2080000000001	3206.72
-9.10999	-3.21054	761.2080000000001	3183.64
-9.10999	-3.21054	760.207	3090.62
-9.10999	-3.21054	759.206	3155.0
-9.10999	-3.21054	758.205	3219.36
-9.10999	-3.21054	757.204	3009.02
-9.10999	-3.21054	756.203	3183.23
-9.10999	-3.21054	755.201	3280.0
-9.10999	-3.21054	754.2	3336.81
-9.10999	-3.21054	753.198	3331.21
-9.10999	-3.21054	752.196	3288.19
-9.10999	-3.21054	751.193	3487.13
-9.10999	-3.21054	750.191	3399.21
-9.10999	-3.21054	749.188	3548.2
-9.10999	-3.21054	748.186	3577.46
-9.10999	-3.21054	747.183	3671.53
-9.10999	-3.21054	746.179	3835.33
-9.10999	-3.21054	745.176	3906.89
-9.10999	-3.21054	744.173	4167.75
-9.10999	-3.21054	743.169	4157.02
-9.10999	-3.21054	742.165	4143.81
-9.10999	-3.21054	741.1610000000001	4421.91
-9.10999	-3.21054	740.1569999999999	4386.25
-9.10999	-3.21054	739.1519999999999	4365.54
-9.10999	-3.21054	738.1469999999999	4257.74
-9.10999	-3.21054	737.143	4112.66
-9.10999	-3.21054	736.138	4121.85
-9.10999	-3.21054	735.132	3994.26
-9.10999	-3.21054	734.127	3824.44
-9.10999	-3.21054	733.122	3746.67
-9.10999	-3.21054	732.1160000000001	3745.98
-9.10999	-3.21054	731.11	3628.49
-9.10999	-3.21054	730.1039999999999	3451.4
-9.10999	-3.21054	729.097	3497.97
-9.10999	-3.21054	728.091	3554.46
-9.10999	-3.21054	727.084	3471.86
-9.10999	-3.21054	726.077	3399.21
-9.10999	-3.21054	725.07	3505.34
-9.10999	-3.21054	724.063	3472.43
-9.10999	-3.21054	723.056	3375.01
-9.10999	-3.21054	722.048	3414.09
-9.10999	-3.21054	721.04	3413.47
-9.10999	-3.21054	720.0319999999999	3388.04
-9.10999	-3.21054	719.0239999999999	3273.35
-9.10999	-3.21054	718.0160000000001	3312.42
-9.10999	-3.21054	717.007	3272.15
-9.10999	-3.21054	715.9989999999999	3182.32
-9.10999	-3.21054	714.99	3142.09
-9.10999	-3.21054	713.9810000000001	3198.5
-9.10999	-3.21054	712.972	3227.64
-9.10999	-3.21054	711.962	3127.98
-9.10999	-3.21054	710.953	3124.93
-9.10999	-3.21054	709.943	3156.54
-9.10999	-3.21054	708.933	3200.52
-9.10999	-3.21054	707.923	3185.08
-9.10999	-3.21054	706.9119999999999	3231.51
-9.10999	-3.21054	705.9019999999999	3268.03
-9.10999	-3.21054	704.8910000000001	3156.12
-9.10999	-3.21054	703.88	3128.34
-9.10999	-3.21054	702.8689999999999	3107.99
-9.10999	-3.21054	701.8580000000001	3149.44
-9.10999	-3.21054	700.846	3106.85
-9.10999	-3.21054	699.834	3059.33
-9.10999	-3.21054	698.823	3137.83
-9.10999	-3.21054	697.811	3117.49
-9.10999	-3.21054	696.798	2988.49
-9.10999	-3.21054	695.7860000000001	3000.29
-9.10999	-3.21054	694.773	3002.2
-9.10999	-3.21054	693.7610000000001	2959.69
-9.10999	-3.21054	692.748	3028.25
-9.10999	-3.21054	691.7339999999999	3074.58
-9.10999	-3.21054	690.721	3086.35
-9.10999	-3.21054	689.7080000000001	2890.92
-9.10999	-3.21054	688.694	2991.5
-9.10999	-3.21054	687.68	3050.13
-9.10999	-3.21054	686.666	3116.13
-9.10999	-3.21054	685.6519999999999	2906.05
-9.10999	-3.21054	684.637	3065.7
-9.10999	-3.21054	683.623	3055.28
-9.10999	-3.21054	682.6080000000001	2906.91
-9.10999	-3.21054	681.5930000000001	2970.41
-9.10999	-3.21054	680.578	2960.02
-9.10999	-3.21054	679.562	2944.7
-9.10999	-3.21054	678.547	2872.77
-9.10999	-3.21054	677.5310000000001	2832.87
-9.10999	-3.21054	676.515	2874.18
-9.10999	-3.21054	675.4989999999999	2834.28
-9.10999	-3.21054	674.482	2841.14
-9.10999	-3.21054	673.466	2850.46
-9.10999	-3.21054	672.449	2798.3
-9.10999	-3.21054	671.432	2765.82
-9.10999	-3.21054	670.415	2797.27
-9.10999	-3.21054	669.398	2858.19
-9.10999	-3.21054	668.3810000000001	2857.67
-9.10999	-3.21054	667.363	2778.53
-9.10999	-3.21054	666.345	2876.27
-9.10999	-3.21054	665.327	2910.12
-9.10999	-3.21054	664.309	2855.57
-9.10999	-3.21054	663.291	2852.59
-9.10999	-3.21054	662.2719999999999	2825.06
-9.10999	-3.21054	661.253	2841.72
-9.10999	-3.21054	660.2339999999999	2831.38
-9.10999	-3.21054	659.215	2943.7
-9.10999	-3.21054	658.196	2906.37
-9.10999	-3.21054	657.176	2888.67
-9.10999	-3.21054	656.1569999999999	2929.82
-9.10999	-3.21054	655.137	2963.6
-9.10999	-3.21054	654.117	3119.91
-9.10999	-3.21054	653.097	2842.44
-9.10999	-3.21054	652.076	2888.46
-9.10999	-3.21054	651.056	3022.65
-9.10999	-3.21054	650.035	2973.12
-9.10999	-3.21054	649.014	2970.12
-9.10999	-3.21054	647.993	2896.13
-9.10999	-3.21054	646.971	2978.82
-9.10999	-3.21054	645.95	2953.8
-9.10999	-3.21054	644.928	2855.38
-9.10999	-3.21054	643.906	2935.58
-9.10999	-3.21054	642.884	2964.39
-9.10999	-3.21054	641.861	2905.16
-9.10999	-3.21054	640.839	2887.51
-9.10999	-3.21054	639.816	2879.64
-9.10999	-3.21054	638.793	2959.77
-9.10999	-3.21054	637.77	2986.1
-9.10999	-3.21054	636.747	2980.66
-9.10999	-3.21054	635.724	2958.13
-9.10999	-3.21054	634.7	2969.79
-9.10999	-3.21054	633.6759999999999	3000.99
-9.10999	-3.21054	632.6519999999999	2934.52
-9.10999	-3.21054	631.628	3012.09
-9.10999	-3.21054	630.6030000000001	3133.56
-9.10999	-3.21054	629.5790000000001	2947.54
-9.10999	-3.21054	628.554	3049.46
-9.10999	-3.21054	627.529	3039.14
-9.10999	-3.21054	626.504	2831.29
-9.10999	-3.21054	625.479	2911.23
-9.10999	-3.21054	624.453	3010.64
-9.10999	-3.21054	623.427	2946.71
-9.10999	-3.21054	622.401	2946.17
-9.10999	-3.21054	621.375	2913.95
-9.10999	-3.21054	620.349	2964.57
-9.10999	-3.21054	619.323	2859.3
-9.10999	-3.21054	618.2959999999999	2810.07
-9.10999	-3.21054	617.269	2880.15
-9.10999	-3.21054	616.242	2903.96
-9.10999	-3.21054	615.215	2845.02
-9.10999	-3.21054	614.187	2817.73
-9.10999	-3.21054	613.16	2861.0
-9.10999	-3.21054	612.132	2826.42
-9.10999	-3.21054	611.104	2794.28
-9.10999	-3.21054	610.076	2832.67
-9.10999	-3.21054	609.047	2783.52
-9.10999	-3.21054	608.019	2853.49
-9.10999	-3.21054	606.99	2738.75
-9.10999	-3.21054	605.961	2796.56
-9.10999	-3.21054	604.932	2633.28
-9.10999	-3.21054	603.903	2751.81
-9.10999	-3.21054	602.873	2824.15
-9.10999	-3.21054	601.844	2809.06
-9.10999	-3.21054	600.814	2796.4
