14.2901	24.147	1799.31	2438.74
14.2901	24.147	1798.5	2499.44
14.2901	24.147	1797.68	2474.57
14.2901	24.147	1796.86	2489.43
14.2901	24.147	1796.04	2412.66
14.2901	24.147	1795.22	2296.22
14.2901	24.147	1794.4	2350.78
14.2901	24.147	1793.58	2496.91
14.2901	24.147	1792.76	2475.12
14.2901	24.147	1791.94	2459.44
14.2901	24.147	1791.13	2388.86
14.2901	24.147	1790.31	2534.87
14.2901	24.147	1789.49	2561.89
14.2901	24.147	1788.67	2512.67
14.2901	24.147	1787.85	2402.49
14.2901	24.147	1787.03	2514.87
14.2901	24.147	1786.21	2465.68
14.2901	24.147	1785.39	2510.97
14.2901	24.147	1784.56	2379.54
14.2901	24.147	1783.74	2455.29
14.2901	24.147	1782.92	2424.42
14.2901	24.147	1782.1	2448.37
14.2901	24.147	1781.28	2414.47
14.2901	24.147	1780.46	2554.09
14.2901	24.147	1779.64	2550.62
14.2901	24.147	1778.82	2556.27
14.2901	24.147	1778.0	2464.56
14.2901	24.147	1777.17	2421.55
14.2901	24.147	1776.35	2393.77
14.2901	24.147	1775.53	2518.05
14.2901	24.147	1774.71	2472.01
14.2901	24.147	1773.89	2581.04
14.2901	24.147	1773.06	2449.9
14.2901	24.147	1772.24	2534.58
14.2901	24.147	1771.42	2558.46
14.2901	24.147	1770.59	2482.08
14.2901	24.147	1769.77	2512.03
14.2901	24.147	1768.95	2557.16
14.2901	24.147	1768.12	2502.07
14.2901	24.147	1767.3	2601.84
14.2901	24.147	1766.48	2495.16
14.2901	24.147	1765.65	2610.06
14.2901	24.147	1764.83	2442.73
14.2901	24.147	1764.01	2493.89
14.2901	24.147	1763.18	2484.37
14.2901	24.147	1762.36	2590.1
14.2901	24.147	1761.53	2459.27
14.2901	24.147	1760.71	2571.03
14.2901	24.147	1759.88	2634.25
14.2901	24.147	1759.06	2530.76
14.2901	24.147	1758.23	2521.24
14.2901	24.147	1757.41	2551.11
14.2901	24.147	1756.58	2611.26
14.2901	24.147	1755.76	2571.45
14.2901	24.147	1754.93	2719.4
14.2901	24.147	1754.11	2561.49
14.2901	24.147	1753.28	2555.0
14.2901	24.147	1752.46	2672.61
14.2901	24.147	1751.63	2623.74
14.2901	24.147	1750.8	2577.91
14.2901	24.147	1749.98	2719.66
14.2901	24.147	1749.15	2719.2
14.2901	24.147	1748.32	2570.55
14.2901	24.147	1747.5	2579.19
14.2901	24.147	1746.67	2660.38
14.2901	24.147	1745.84	2647.83
14.2901	24.147	1745.02	2704.81
14.2901	24.147	1744.19	2746.65
14.2901	24.147	1743.36	2676.7
14.2901	24.147	1742.53	2594.69
14.2901	24.147	1741.71	2536.87
14.2901	24.147	1740.88	2648.16
14.2901	24.147	1740.05	2638.66
14.2901	24.147	1739.22	2644.25
14.2901	24.147	1738.39	2689.07
14.2901	24.147	1737.56	2697.66
14.2901	24.147	1736.74	2736.43
14.2901	24.147	1735.91	2654.52
14.2901	24.147	1735.08	2593.75
14.2901	24.147	1734.25	2813.44
14.2901	24.147	1733.42	2822.01
14.2901	24.147	1732.59	2830.57
14.2901	24.147	1731.76	2736.66
14.2901	24.147	1730.93	2790.43
14.2901	24.147	1730.1	2714.64
14.2901	24.147	1729.27	2717.19
14.2901	24.147	1728.44	2786.0
14.2901	24.147	1727.61	2740.36
14.2901	24.147	1726.78	2794.09
14.2901	24.147	1725.95	2847.8
14.2901	24.147	1725.12	2817.22
14.2901	24.147	1724.29	2813.73
14.2901	24.147	1723.46	2741.04
14.2901	24.147	1722.63	2785.7
14.2901	24.147	1721.8	2788.24
14.2901	24.147	1720.96	2754.68
14.2901	24.147	1720.13	2883.51
14.2901	24.147	1719.3	2928.11
14.2901	24.147	1718.47	2900.56
14.2901	24.147	1717.64	2785.87
14.2901	24.147	1716.81	2911.6
14.2901	24.147	1715.97	2760.89
14.2901	24.147	1715.14	2814.49
14.2901	24.147	1714.31	2829.02
14.2901	24.147	1713.48	2783.5
14.2901	24.147	1712.64	2825.06
14.2901	24.147	1711.81	2851.6
14.2901	24.147	1710.98	2836.11
14.2901	24.147	1710.14	2922.64
14.2901	24.147	1709.31	2805.14
14.2901	24.147	1708.48	2825.66
14.2901	24.147	1707.64	2870.17
14.2901	24.147	1706.81	2881.67
14.2901	24.147	1705.98	2869.19
14.2901	24.147	1705.14	2961.63
14.2901	24.147	1704.31	2880.2
14.2901	24.147	1703.47	2987.59
14.2901	24.147	1702.64	2804.32
14.2901	24.147	1701.81	2869.75
14.2901	24.147	1700.97	2923.17
14.2901	24.147	1700.14	2874.76
14.2901	24.147	1699.3	3006.01
14.2901	24.147	1698.47	2960.6
14.2901	24.147	1697.63	2978.05
14.2901	24.147	1696.79	3145.12
14.2901	24.147	1695.96	3078.76
14.2901	24.147	1695.12	3111.15
14.2901	24.147	1694.29	3056.78
14.2901	24.147	1693.45	3020.37
14.2901	24.147	1692.62	3121.52
14.2901	24.147	1691.78	3106.04
14.2901	24.147	1690.94	3129.42
14.2901	24.147	1690.11	3099.01
14.2901	24.147	1689.27	3161.22
14.2901	24.147	1688.43	3100.94
14.2901	24.147	1687.6	3195.99
14.2901	24.147	1686.76	3043.14
14.2901	24.147	1685.92	3126.23
14.2901	24.147	1685.08	3086.89
14.2901	24.147	1684.25	3208.74
14.2901	24.147	1683.41	3169.4
14.2901	24.147	1682.57	3144.99
14.2901	24.147	1681.73	3216.05
14.2901	24.147	1680.89	3212.52
14.2901	24.147	1680.06	3235.83
14.2901	24.147	1679.22	3250.19
14.2901	24.147	1678.38	3306.28
14.2901	24.147	1677.54	3249.08
14.2901	24.147	1676.7	3406.48
14.2901	24.147	1675.86	3283.73
14.2901	24.147	1675.02	3366.59
14.2901	24.147	1674.18	3360.06
14.2901	24.147	1673.35	3386.29
14.2901	24.147	1672.51	3323.18
14.2901	24.147	1671.67	3304.75
14.2901	24.147	1670.83	3378.61
14.2901	24.147	1669.99	3363.15
14.2901	24.147	1669.15	3439.95
14.2901	24.147	1668.31	3350.1
14.2901	24.147	1667.47	3504.22
14.2901	24.147	1666.62	3497.67
14.2901	24.147	1665.78	3455.44
14.2901	24.147	1664.94	3469.72
14.2901	24.147	1664.1	3507.77
14.2901	24.147	1663.26	3444.76
14.2901	24.147	1662.42	3473.89
14.2901	24.147	1661.58	3547.57
14.2901	24.147	1660.74	3567.76
14.2901	24.147	1659.9	3593.88
14.2901	24.147	1659.05	3712.06
14.2901	24.147	1658.21	3598.6
14.2901	24.147	1657.37	3684.07
14.2901	24.147	1656.53	3781.39
14.2901	24.147	1655.68	3843.07
14.2901	24.147	1654.84	3889.88
14.2901	24.147	1654.0	3737.92
14.2901	24.147	1653.16	3841.1
14.2901	24.147	1652.31	3864.17
14.2901	24.147	1651.47	3991.01
14.2901	24.147	1650.63	4073.33
14.2901	24.147	1649.78	4025.21
14.2901	24.147	1648.94	4149.0
14.2901	24.147	1648.1	4337.92
14.2901	24.147	1647.25	4301.63
14.2901	24.147	1646.41	4487.51
14.2901	24.147	1645.56	4332.74
14.2901	24.147	1644.72	4515.58
14.2901	24.147	1643.88	4411.19
14.2901	24.147	1643.03	4357.16
14.2901	24.147	1642.19	4400.81
14.2901	24.147	1641.34	4435.56
14.2901	24.147	1640.5	4556.1
14.2901	24.147	1639.65	4593.78
14.2901	24.147	1638.81	4554.55
14.2901	24.147	1637.96	4604.04
14.2901	24.147	1637.11	4659.42
14.2901	24.147	1636.27	4682.28
14.2901	24.147	1635.42	4657.83
14.2901	24.147	1634.58	4813.65
14.2901	24.147	1633.73	4866.01
14.2901	24.147	1632.88	4865.17
14.2901	24.147	1632.04	4938.18
14.2901	24.147	1631.19	5123.37
14.2901	24.147	1630.34	5154.97
14.2901	24.147	1629.5	5216.08
14.2901	24.147	1628.65	5103.03
14.2901	24.147	1627.8	5152.33
14.2901	24.147	1626.96	5422.88
14.2901	24.147	1626.11	5421.96
14.2901	24.147	1625.26	5432.83
14.2901	24.147	1624.41	5585.24
14.2901	24.147	1623.57	5743.5
14.2901	24.147	1622.72	5783.79
14.2901	24.147	1621.87	6056.91
14.2901	24.147	1621.02	6094.18
14.2901	24.147	1620.17	5992.96
14.2901	24.147	1619.32	6218.77
14.2901	24.147	1618.47	6403.26
14.2901	24.147	1617.63	6425.72
14.2901	24.147	1616.78	6377.51
14.2901	24.147	1615.93	6647.26
14.2901	24.147	1615.08	6451.86
14.2901	24.147	1614.23	6436.04
14.2901	24.147	1613.38	6114.22
14.2901	24.147	1612.53	6216.14
14.2901	24.147	1611.68	6206.25
14.2901	24.147	1610.83	6393.4
14.2901	24.147	1609.98	6224.7
14.2901	24.147	1609.13	6197.18
14.2901	24.147	1608.28	6172.6
14.2901	24.147	1607.43	6224.44
14.2901	24.147	1606.58	6182.24
14.2901	24.147	1605.73	6178.24
14.2901	24.147	1604.87	6224.18
14.2901	24.147	1604.02	6234.86
14.2901	24.147	1603.17	6336.57
14.2901	24.147	1602.32	6267.96
14.2901	24.147	1601.47	6346.14
14.2901	24.147	1600.62	6289.29
14.2901	24.147	1599.76	6235.39
14.2901	24.147	1598.91	6401.55
14.2901	24.147	1598.06	6227.39
14.2901	24.147	1597.21	6370.03
14.2901	24.147	1596.36	6380.66
14.2901	24.147	1595.5	6235.91
14.2901	24.147	1594.65	6422.44
14.2901	24.147	1593.8	6280.67
14.2901	24.147	1592.94	6297.17
14.2901	24.147	1592.09	6419.14
14.2901	24.147	1591.24	6315.51
14.2901	24.147	1590.38	6370.08
14.2901	24.147	1589.53	6404.12
14.2901	24.147	1588.68	6344.47
14.2901	24.147	1587.82	6363.87
14.2901	24.147	1586.97	6137.42
14.2901	24.147	1586.11	6270.97
14.2901	24.147	1585.26	6275.75
14.2901	24.147	1584.4	6154.74
14.2901	24.147	1583.55	6159.53
14.2901	24.147	1582.69	6138.0
14.2901	24.147	1581.84	6385.47
14.2901	24.147	1580.98	6232.36
14.2901	24.147	1580.13	6289.75
14.2901	24.147	1579.27	6160.09
14.2901	24.147	1578.42	6103.52
14.2901	24.147	1577.56	6131.68
14.2901	24.147	1576.71	6110.19
14.2901	24.147	1575.85	5945.6
14.2901	24.147	1574.99	6043.85
14.2901	24.147	1574.14	6057.41
14.2901	24.147	1573.28	6044.7
14.2901	24.147	1572.42	5996.97
14.2901	24.147	1571.57	5873.39
14.2901	24.147	1570.71	5898.64
14.2901	24.147	1569.85	5996.79
14.2901	24.147	1569.0	5873.28
14.2901	24.147	1568.14	5787.71
14.2901	24.147	1567.28	5795.47
14.2901	24.147	1566.42	5911.06
14.2901	24.147	1565.56	5854.67
14.2901	24.147	1564.71	5646.79
14.2901	24.147	1563.85	5642.91
14.2901	24.147	1562.99	5764.27
14.2901	24.147	1562.13	5559.43
14.2901	24.147	1561.27	5651.64
14.2901	24.147	1560.41	5714.72
14.2901	24.147	1559.56	5635.15
14.2901	24.147	1558.7	5590.53
14.2901	24.147	1557.84	5607.02
14.2901	24.147	1556.98	5475.14
14.2901	24.147	1556.12	5549.83
14.2901	24.147	1555.26	5804.8
14.2901	24.147	1554.4	5675.86
14.2901	24.147	1553.54	5552.78
14.2901	24.147	1552.68	5668.09
14.2901	24.147	1551.82	5440.43
14.2901	24.147	1550.96	5639.99
14.2901	24.147	1550.1	5441.47
14.2901	24.147	1549.24	5399.86
14.2901	24.147	1548.38	5549.95
14.2901	24.147	1547.52	5499.63
14.2901	24.147	1546.65	5481.27
14.2901	24.147	1545.79	5425.17
14.2901	24.147	1544.93	5427.14
14.2901	24.147	1544.07	5635.13
14.2901	24.147	1543.21	5558.73
14.2901	24.147	1542.35	5351.82
14.2901	24.147	1541.48	5432.11
14.2901	24.147	1540.62	5541.36
14.2901	24.147	1539.76	5525.91
14.2901	24.147	1538.9	5469.88
14.2901	24.147	1538.04	5509.52
14.2901	24.147	1537.17	5372.37
14.2901	24.147	1536.31	5690.14
14.2901	24.147	1535.45	5489.29
14.2901	24.147	1534.58	5323.26
14.2901	24.147	1533.72	5507.67
14.2901	24.147	1532.86	5550.15
14.2901	24.147	1531.99	5459.45
14.2901	24.147	1531.13	5409.31
14.2901	24.147	1530.27	5573.32
14.2901	24.147	1529.4	5465.31
14.2901	24.147	1528.54	5467.26
14.2901	24.147	1527.67	5437.4
14.2901	24.147	1526.81	5511.64
14.2901	24.147	1525.94	5513.59
14.2901	24.147	1525.08	5688.97
14.2901	24.147	1524.21	5560.82
14.2901	24.147	1523.35	5470.28
14.2901	24.147	1522.48	5547.34
14.2901	24.147	1521.62	5514.61
14.2901	24.147	1520.75	5906.46
14.2901	24.147	1519.89	5680.2
14.2901	24.147	1519.02	5970.83
14.2901	24.147	1518.15	5886.09
14.2901	24.147	1517.29	6064.02
14.2901	24.147	1516.42	6039.89
14.2901	24.147	1515.56	5984.02
14.2901	24.147	1514.69	6135.88
14.2901	24.147	1513.82	6178.09
14.2901	24.147	1512.96	6257.77
14.2901	24.147	1512.09	6346.07
14.2901	24.147	1511.22	6393.98
14.2901	24.147	1510.35	6286.23
14.2901	24.147	1509.49	6267.86
14.2901	24.147	1508.62	5944.07
14.2901	24.147	1507.75	6121.65
14.2901	24.147	1506.88	6039.95
14.2901	24.147	1506.01	5912.2
14.2901	24.147	1505.15	5594.45
14.2901	24.147	1504.28	5642.43
14.2901	24.147	1503.41	5710.53
14.2901	24.147	1502.54	5545.51
14.2901	24.147	1501.67	5527.29
14.2901	24.147	1500.8	5537.84
14.2901	24.147	1499.93	5407.45
14.2901	24.147	1499.06	5455.41
14.2901	24.147	1498.19	5353.83
14.2901	24.147	1497.32	5404.65
14.2901	24.147	1496.46	5216.89
14.2901	24.147	1495.59	5276.33
14.2901	24.147	1494.72	5358.75
14.2901	24.147	1493.84	5148.11
14.2901	24.147	1492.97	5244.88
14.2901	24.147	1492.1	5146.33
14.2901	24.147	1491.23	5065.04
14.2901	24.147	1490.36	5092.87
14.2901	24.147	1489.49	5083.38
14.2901	24.147	1488.62	5125.55
14.2901	24.147	1487.75	5078.75
14.2901	24.147	1486.88	5020.5
14.2901	24.147	1486.01	5082.73
14.2901	24.147	1485.13	5021.63
14.2901	24.147	1484.26	4989.22
14.2901	24.147	1483.39	4933.89
14.2901	24.147	1482.52	5004.69
14.2901	24.147	1481.65	5072.61
14.2901	24.147	1480.77	4997.23
14.2901	24.147	1479.9	5025.02
14.2901	24.147	1479.03	5038.47
14.2901	24.147	1478.16	4991.77
14.2901	24.147	1477.28	5028.13
14.2901	24.147	1476.41	4918.47
14.2901	24.147	1475.54	4891.86
14.2901	24.147	1474.66	5014.08
14.2901	24.147	1473.79	5024.65
14.2901	24.147	1472.91	5138.22
14.2901	24.147	1472.04	4957.13
14.2901	24.147	1471.17	4804.69
14.2901	24.147	1470.29	4984.0
14.2901	24.147	1469.42	5048.9
14.2901	24.147	1468.54	4907.96
14.2901	24.147	1467.67	4864.24
14.2901	24.147	1466.79	4877.68
14.2901	24.147	1465.92	5013.97
14.2901	24.147	1465.04	4947.41
14.2901	24.147	1464.17	5043.65
14.2901	24.147	1463.29	4974.25
14.2901	24.147	1462.42	5118.99
14.2901	24.147	1461.54	5046.74
14.2901	24.147	1460.66	4911.73
14.2901	24.147	1459.79	4748.23
14.2901	24.147	1458.91	5143.97
14.2901	24.147	1458.04	5037.54
14.2901	24.147	1457.16	4973.92
14.2901	24.147	1456.28	5061.46
14.2901	24.147	1455.41	5023.52
14.2901	24.147	1454.53	4920.03
14.2901	24.147	1453.65	5204.18
14.2901	24.147	1452.77	5032.3
14.2901	24.147	1451.9	5034.28
14.2901	24.147	1451.02	5204.32
14.2901	24.147	1450.14	5149.3
14.2901	24.147	1449.26	5171.19
14.2901	24.147	1448.39	5173.14
14.2901	24.147	1447.51	5049.84
14.2901	24.147	1446.63	5196.96
14.2901	24.147	1445.75	5178.99
14.2901	24.147	1444.87	5021.61
14.2901	24.147	1443.99	5117.45
14.2901	24.147	1443.11	5153.54
14.2901	24.147	1442.23	5067.34
14.2901	24.147	1441.35	5109.1
14.2901	24.147	1440.48	5122.43
14.2901	24.147	1439.6	5149.96
14.2901	24.147	1438.72	5242.84
14.2901	24.147	1437.84	5182.27
14.2901	24.147	1436.96	5411.46
14.2901	24.147	1436.08	5419.04
14.2901	24.147	1435.2	5250.56
14.2901	24.147	1434.31	5207.06
14.2901	24.147	1433.43	5121.0
14.2901	24.147	1432.55	5256.34
14.2901	24.147	1431.67	5360.43
14.2901	24.147	1430.79	5121.17
14.2901	24.147	1429.91	5049.36
14.2901	24.147	1429.03	5292.4
14.2901	24.147	1428.15	5265.96
14.2901	24.147	1427.27	5174.32
14.2901	24.147	1426.38	5232.95
14.2901	24.147	1425.5	5138.51
14.2901	24.147	1424.62	5307.64
14.2901	24.147	1423.74	5428.55
14.2901	24.147	1422.85	5351.12
14.2901	24.147	1421.97	5525.79
14.2901	24.147	1421.09	5462.53
14.2901	24.147	1420.21	5540.86
14.2901	24.147	1419.32	5426.66
14.2901	24.147	1418.44	5428.55
14.2901	24.147	1417.56	5438.93
14.2901	24.147	1416.67	5381.4
14.2901	24.147	1415.79	5561.51
14.2901	24.147	1414.9	5195.68
14.2901	24.147	1414.02	5466.25
14.2901	24.147	1413.14	5437.03
14.2901	24.147	1412.25	5272.12
14.2901	24.147	1411.37	5310.78
14.2901	24.147	1410.48	5154.43
14.2901	24.147	1409.6	5334.36
14.2901	24.147	1408.71	5313.66
14.2901	24.147	1407.83	5205.4
14.2901	24.147	1406.94	5196.03
14.2901	24.147	1406.06	5257.24
14.2901	24.147	1405.17	5194.22
14.2901	24.147	1404.29	5196.14
14.2901	24.147	1403.4	5333.51
14.2901	24.147	1402.51	5324.12
14.2901	24.147	1401.63	5252.66
14.2901	24.147	1400.74	5212.26
14.2901	24.147	1399.85	5208.54
14.2901	24.147	1398.97	5407.81
14.2901	24.147	1398.08	5432.24
14.2901	24.147	1397.19	5513.04
14.2901	24.147	1396.31	5678.34
14.2901	24.147	1395.42	5708.34
14.2901	24.147	1394.53	5662.28
14.2901	24.147	1393.64	5647.21
14.2901	24.147	1392.76	5730.71
14.2901	24.147	1391.87	5628.35
14.2901	24.147	1390.98	5568.25
14.2901	24.147	1390.09	5693.94
14.2901	24.147	1389.2	5774.55
14.2901	24.147	1388.32	5852.33
14.2901	24.147	1387.43	5772.54
14.2901	24.147	1386.54	5836.23
14.2901	24.147	1385.65	5728.35
14.2901	24.147	1384.76	5749.84
14.2901	24.147	1383.87	5841.61
14.2901	24.147	1382.98	6059.83
14.2901	24.147	1382.09	6030.67
14.2901	24.147	1381.2	5844.18
14.2901	24.147	1380.31	5938.67
14.2901	24.147	1379.42	5839.33
14.2901	24.147	1378.53	6091.05
14.2901	24.147	1377.64	5915.91
14.2901	24.147	1376.75	6102.96
14.2901	24.147	1375.86	5972.79
14.2901	24.147	1374.97	6064.35
14.2901	24.147	1374.08	6096.97
14.2901	24.147	1373.19	6168.84
14.2901	24.147	1372.3	6310.81
14.2901	24.147	1371.4	6079.75
14.2901	24.147	1370.51	6375.9
14.2901	24.147	1369.62	6318.72
14.2901	24.147	1368.73	6418.52
14.2901	24.147	1367.84	6414.6
14.2901	24.147	1366.94	6349.04
14.2901	24.147	1366.05	6502.0
14.2901	24.147	1365.16	6318.81
14.2901	24.147	1364.27	6555.74
14.2901	24.147	1363.37	6574.2
14.2901	24.147	1362.48	6699.02
14.2901	24.147	1361.59	6809.81
14.2901	24.147	1360.69	6679.89
14.2901	24.147	1359.8	6608.78
14.2901	24.147	1358.91	6702.74
14.2901	24.147	1358.01	6749.12
14.2901	24.147	1357.12	6703.19
14.2901	24.147	1356.22	6579.0
14.2901	24.147	1355.33	6575.05
14.2901	24.147	1354.44	6917.69
14.2901	24.147	1353.54	6885.75
14.2901	24.147	1352.65	6809.1
14.2901	24.147	1351.75	6877.75
14.2901	24.147	1350.86	6870.97
14.2901	24.147	1349.96	7115.51
14.2901	24.147	1349.07	6938.37
14.2901	24.147	1348.17	7073.94
14.2901	24.147	1347.28	7055.96
14.2901	24.147	1346.38	7255.65
14.2901	24.147	1345.48	7290.66
14.2901	24.147	1344.59	7002.05
14.2901	24.147	1343.69	7240.69
14.2901	24.147	1342.79	7158.55
14.2901	24.147	1341.9	7207.49
14.2901	24.147	1341.0	7136.54
14.2901	24.147	1340.1	7255.14
14.2901	24.147	1339.21	7407.14
14.2901	24.147	1338.31	7283.25
14.2901	24.147	1337.41	7527.12
14.2901	24.147	1336.51	7330.84
14.2901	24.147	1335.62	7697.15
14.2901	24.147	1334.72	7498.12
14.2901	24.147	1333.82	7368.75
14.2901	24.147	1332.92	7501.06
14.2901	24.147	1332.02	7708.46
14.2901	24.147	1331.13	7665.38
14.2901	24.147	1330.23	7711.33
14.2901	24.147	1329.33	7757.26
14.2901	24.147	1328.43	7730.87
14.2901	24.147	1327.53	7821.27
14.2901	24.147	1326.63	7661.45
14.2901	24.147	1325.73	7662.89
14.2901	24.147	1324.83	7911.65
14.2901	24.147	1323.93	7863.03
14.2901	24.147	1323.03	7639.42
14.2901	24.147	1322.13	7765.84
14.2901	24.147	1321.23	7889.45
14.2901	24.147	1320.33	7829.76
14.2901	24.147	1319.43	7881.13
14.2901	24.147	1318.53	7782.61
14.2901	24.147	1317.63	7781.25
14.2901	24.147	1316.73	8012.95
14.2901	24.147	1315.83	7947.74
14.2901	24.147	1314.93	7854.82
14.2901	24.147	1314.02	8072.52
14.2901	24.147	1313.12	7918.61
14.2901	24.147	1312.22	8039.2
14.2901	24.147	1311.32	8015.61
14.2901	24.147	1310.42	7967.1
14.2901	24.147	1309.51	8012.8
14.2901	24.147	1308.61	8119.44
14.2901	24.147	1307.71	7932.44
14.2901	24.147	1306.81	8011.36
14.2901	24.147	1305.9	8112.4
14.2901	24.147	1305.0	7997.48
14.2901	24.147	1304.1	8081.88
14.2901	24.147	1303.19	8108.13
14.2901	24.147	1302.29	8054.14
14.2901	24.147	1301.39	7936.54
14.2901	24.147	1300.48	7904.73
14.2901	24.147	1299.58	7781.67
14.2901	24.147	1298.67	7951.72
14.2901	24.147	1297.77	7767.88
14.2901	24.147	1296.86	7586.86
14.2901	24.147	1295.96	7533.03
14.2901	24.147	1295.06	7531.71
14.2901	24.147	1294.15	7541.43
14.2901	24.147	1293.25	7578.78
14.2901	24.147	1292.34	7328.92
14.2901	24.147	1291.43	7286.22
14.2901	24.147	1290.53	7580.31
14.2901	24.147	1289.62	7476.86
14.2901	24.147	1288.72	7447.95
14.2901	24.147	1287.81	7333.52
14.2901	24.147	1286.9	7456.37
14.2901	24.147	1286.0	7118.58
14.2901	24.147	1285.09	7169.72
14.2901	24.147	1284.18	7135.38
14.2901	24.147	1283.28	6985.27
14.2901	24.147	1282.37	6906.87
14.2901	24.147	1281.46	6624.58
14.2901	24.147	1280.56	6904.44
14.2901	24.147	1279.65	6674.59
14.2901	24.147	1278.74	6491.64
14.2901	24.147	1277.83	6556.59
14.2901	24.147	1276.93	6263.59
14.2901	24.147	1276.02	6485.47
14.2901	24.147	1275.11	6421.02
14.2901	24.147	1274.2	6150.22
14.2901	24.147	1273.29	6017.08
14.2901	24.147	1272.38	6109.55
14.2901	24.147	1271.47	6135.98
14.2901	24.147	1270.56	5920.41
14.2901	24.147	1269.66	5770.91
14.2901	24.147	1268.75	5937.57
14.2901	24.147	1267.84	6175.64
14.2901	24.147	1266.93	5762.37
14.2901	24.147	1266.02	5621.23
14.2901	24.147	1265.11	5820.77
14.2901	24.147	1264.2	5685.17
14.2901	24.147	1263.29	5579.82
14.2901	24.147	1262.38	5562.37
14.2901	24.147	1261.46	5673.94
14.2901	24.147	1260.55	5543.95
14.2901	24.147	1259.64	5521.02
14.2901	24.147	1258.73	5580.41
14.2901	24.147	1257.82	5554.74
14.2901	24.147	1256.91	5589.41
14.2901	24.147	1256.0	5613.11
14.2901	24.147	1255.08	5431.17
14.2901	24.147	1254.17	5463.11
14.2901	24.147	1253.26	5262.08
14.2901	24.147	1252.35	5403.64
14.2901	24.147	1251.44	5262.97
14.2901	24.147	1250.52	5360.65
14.2901	24.147	1249.61	5447.35
14.2901	24.147	1248.7	5339.6
14.2901	24.147	1247.78	5366.03
14.2901	24.147	1246.87	5485.53
14.2901	24.147	1245.96	5364.14
14.2901	24.147	1245.04	5434.34
14.2901	24.147	1244.13	5427.91
14.2901	24.147	1243.22	5509.02
14.2901	24.147	1242.3	5488.9
14.2901	24.147	1241.39	5575.44
14.2901	24.147	1240.47	5659.21
14.2901	24.147	1239.56	5636.34
14.2901	24.147	1238.64	5597.09
14.2901	24.147	1237.73	5634.36
14.2901	24.147	1236.81	5578.72
14.2901	24.147	1235.9	5424.78
14.2901	24.147	1234.98	5442.94
14.2901	24.147	1234.07	5482.94
14.2901	24.147	1233.15	5400.07
14.2901	24.147	1232.24	5380.01
14.2901	24.147	1231.32	5327.21
14.2901	24.147	1230.4	5110.71
14.2901	24.147	1229.49	5183.46
14.2901	24.147	1228.57	5253.47
14.2901	24.147	1227.65	5236.18
14.2901	24.147	1226.74	5191.63
14.2901	24.147	1225.82	5029.87
14.2901	24.147	1224.9	4982.64
14.2901	24.147	1223.99	5104.4
14.2901	24.147	1223.07	5016.31
14.2901	24.147	1222.15	5097.15
14.2901	24.147	1221.23	4897.41
14.2901	24.147	1220.31	5079.01
14.2901	24.147	1219.4	5317.73
14.2901	24.147	1218.48	5063.61
14.2901	24.147	1217.56	4970.17
14.2901	24.147	1216.64	5097.2
14.2901	24.147	1215.72	5031.0
14.2901	24.147	1214.8	5032.83
14.2901	24.147	1213.88	5007.46
14.2901	24.147	1212.96	5028.33
14.2901	24.147	1212.05	5060.07
14.2901	24.147	1211.13	4934.13
14.2901	24.147	1210.21	4870.74
14.2901	24.147	1209.29	4902.49
14.2901	24.147	1208.37	4934.23
14.2901	24.147	1207.45	4892.61
14.2901	24.147	1206.53	4902.61
14.2901	24.147	1205.6	4947.91
14.2901	24.147	1204.68	4960.61
14.2901	24.147	1203.76	4756.13
14.2901	24.147	1202.84	4885.57
14.2901	24.147	1201.92	4993.26
14.2901	24.147	1201.0	4891.99
14.2901	24.147	1200.08	4899.26
14.2901	24.147	1199.16	4879.41
14.2901	24.147	1198.23	4902.95
14.2901	24.147	1197.31	4978.0
14.2901	24.147	1196.39	4958.15
14.2901	24.147	1195.47	4981.66
14.2901	24.147	1194.54	4969.94
14.2901	24.147	1193.62	5120.79
14.2901	24.147	1192.7	4954.64
14.2901	24.147	1191.78	4888.76
14.2901	24.147	1190.85	5015.17
14.2901	24.147	1189.93	4927.65
14.2901	24.147	1189.01	4943.02
14.2901	24.147	1188.08	4942.14
14.2901	24.147	1187.16	4995.39
14.2901	24.147	1186.23	4948.51
14.2901	24.147	1185.31	5131.58
14.2901	24.147	1184.39	4927.83
14.2901	24.147	1183.46	4916.14
14.2901	24.147	1182.54	5247.82
14.2901	24.147	1181.61	4995.49
14.2901	24.147	1180.69	4900.02
14.2901	24.147	1179.76	5080.2
14.2901	24.147	1178.84	5236.0
14.2901	24.147	1177.91	5256.68
14.2901	24.147	1176.99	5244.95
14.2901	24.147	1176.06	5311.53
14.2901	24.147	1175.13	5540.08
14.2901	24.147	1174.21	5501.3
14.2901	24.147	1173.28	5494.93
14.2901	24.147	1172.35	5583.01
14.2901	24.147	1171.43	5468.7
14.2901	24.147	1170.5	5518.99
14.2901	24.147	1169.57	5412.83
14.2901	24.147	1168.65	5614.1
14.2901	24.147	1167.72	5389.34
14.2901	24.147	1166.79	5469.25
14.2901	24.147	1165.86	5524.88
14.2901	24.147	1164.94	5494.26
14.2901	24.147	1164.01	5525.62
14.2901	24.147	1163.08	5468.07
14.2901	24.147	1162.15	5467.1
14.2901	24.147	1161.22	5361.12
14.2901	24.147	1160.3	5387.09
14.2901	24.147	1159.37	5418.43
14.2901	24.147	1158.44	5078.38
14.2901	24.147	1157.51	5190.49
14.2901	24.147	1156.58	5087.34
14.2901	24.147	1155.65	4962.7
14.2901	24.147	1154.72	4910.73
14.2901	24.147	1153.79	4872.21
14.2901	24.147	1152.86	4822.96
14.2901	24.147	1151.93	4701.15
14.2901	24.147	1151.0	4643.88
14.2901	24.147	1150.07	4825.76
14.2901	24.147	1149.14	4747.0
14.2901	24.147	1148.21	4622.6
14.2901	24.147	1147.28	4654.01
14.2901	24.147	1146.35	4602.17
14.2901	24.147	1145.42	4614.77
14.2901	24.147	1144.48	4517.33
14.2901	24.147	1143.55	4658.76
14.2901	24.147	1142.62	4582.8
14.2901	24.147	1141.69	4552.48
14.2901	24.147	1140.76	4583.86
14.2901	24.147	1139.82	4612.54
14.2901	24.147	1138.89	4560.78
14.2901	24.147	1137.96	4498.31
14.2901	24.147	1137.03	4615.45
14.2901	24.147	1136.09	4488.68
14.2901	24.147	1135.16	4485.2
14.2901	24.147	1134.23	4479.04
14.2901	24.147	1133.29	4432.72
14.2901	24.147	1132.36	4439.96
14.2901	24.147	1131.43	4417.75
14.2901	24.147	1130.49	4491.92
14.2901	24.147	1129.56	4453.66
14.2901	24.147	1128.62	4343.15
14.2901	24.147	1127.69	4203.25
14.2901	24.147	1126.76	4464.66
14.2901	24.147	1125.82	4322.11
14.2901	24.147	1124.89	4324.02
14.2901	24.147	1123.95	4336.62
14.2901	24.147	1123.02	4375.94
14.2901	24.147	1122.08	4238.86
14.2901	24.147	1121.14	4286.2
14.2901	24.147	1120.21	4325.52
14.2901	24.147	1119.27	4354.13
14.2901	24.147	1118.34	4486.9
14.2901	24.147	1117.4	4192.37
14.2901	24.147	1116.46	4293.07
14.2901	24.147	1115.53	4302.99
14.2901	24.147	1114.59	4374.28
14.2901	24.147	1113.65	4162.7
14.2901	24.147	1112.72	4335.37
14.2901	24.147	1111.78	4318.6
14.2901	24.147	1110.84	4331.17
14.2901	24.147	1109.9	4250.4
14.2901	24.147	1108.97	4230.98
14.2901	24.147	1108.03	4152.93
14.2901	24.147	1107.09	4162.85
14.2901	24.147	1106.15	4180.76
14.2901	24.147	1105.21	4137.39
14.2901	24.147	1104.28	4187.26
14.2901	24.147	1103.34	4250.43
14.2901	24.147	1102.4	3978.08
14.2901	24.147	1101.46	4121.13
14.2901	24.147	1100.52	4186.94
14.2901	24.147	1099.58	4093.05
14.2901	24.147	1098.64	4089.66
14.2901	24.147	1097.7	4160.76
14.2901	24.147	1096.76	4202.58
14.2901	24.147	1095.82	4042.27
14.2901	24.147	1094.88	4081.43
14.2901	24.147	1093.94	4115.26
14.2901	24.147	1093.0	4021.5
14.2901	24.147	1092.06	4129.74
14.2901	24.147	1091.12	3977.56
14.2901	24.147	1090.18	4133.58
14.2901	24.147	1089.24	4286.9
14.2901	24.147	1088.3	4076.34
14.2901	24.147	1087.35	4112.79
14.2901	24.147	1086.41	4096.13
14.2901	24.147	1085.47	4161.75
14.2901	24.147	1084.53	4062.82
14.2901	24.147	1083.59	4048.83
14.2901	24.147	1082.64	4090.55
14.2901	24.147	1081.7	4055.35
14.2901	24.147	1080.76	4006.89
14.2901	24.147	1079.81	4032.69
14.2901	24.147	1078.87	4024.02
14.2901	24.147	1077.93	4084.26
14.2901	24.147	1076.99	4033.18
14.2901	24.147	1076.04	4053.66
14.2901	24.147	1075.1	3992.01
14.2901	24.147	1074.15	4078.7
14.2901	24.147	1073.21	4099.15
14.2901	24.147	1072.27	3963.39
14.2901	24.147	1071.32	4150.63
14.2901	24.147	1070.38	4197.53
14.2901	24.147	1069.43	4114.75
14.2901	24.147	1068.49	4111.37
14.2901	24.147	1067.54	4245.54
14.2901	24.147	1066.6	4112.55
14.2901	24.147	1065.65	4119.74
14.2901	24.147	1064.71	4055.56
14.2901	24.147	1063.76	4224.01
14.2901	24.147	1062.81	4138.68
14.2901	24.147	1061.87	4108.88
14.2901	24.147	1060.92	4089.65
14.2901	24.147	1059.97	4091.56
14.2901	24.147	1059.03	4077.62
14.2901	24.147	1058.08	3944.87
14.2901	24.147	1057.13	3883.45
14.2901	24.147	1056.19	3927.63
14.2901	24.147	1055.24	4008.73
14.2901	24.147	1054.29	3854.98
14.2901	24.147	1053.34	3888.59
14.2901	24.147	1052.4	3872.07
14.2901	24.147	1051.45	3850.28
14.2901	24.147	1050.5	3939.24
14.2901	24.147	1049.55	3822.54
14.2901	24.147	1048.6	3900.93
14.2901	24.147	1047.66	3855.43
14.2901	24.147	1046.71	3807.31
14.2901	24.147	1045.76	3869.86
14.2901	24.147	1044.81	3842.83
14.2901	24.147	1043.86	3857.94
14.2901	24.147	1042.91	3862.52
14.2901	24.147	1041.96	3851.3
14.2901	24.147	1041.01	3847.97
14.2901	24.147	1040.06	3826.23
14.2901	24.147	1039.11	3915.0
14.2901	24.147	1038.16	3919.57
14.2901	24.147	1037.21	3908.34
14.2901	24.147	1036.26	3970.76
14.2901	24.147	1035.31	4067.32
14.2901	24.147	1034.36	4037.68
14.2901	24.147	1033.4	4118.43
14.2901	24.147	1032.45	4002.08
14.2901	24.147	1031.5	3951.44
14.2901	24.147	1030.55	4063.69
14.2901	24.147	1029.6	4052.45
14.2901	24.147	1028.65	4007.09
14.2901	24.147	1027.69	4016.87
14.2901	24.147	1026.74	4031.9
14.2901	24.147	1025.79	3994.44
14.2901	24.147	1024.84	3862.52
14.2901	24.147	1023.88	3848.71
14.2901	24.147	1022.93	3855.89
14.2901	24.147	1021.98	3994.2
14.2901	24.147	1021.02	3851.89
14.2901	24.147	1020.07	3817.12
14.2901	24.147	1019.12	3774.5
14.2901	24.147	1018.16	3676.85
14.2901	24.147	1017.21	3812.45
14.2901	24.147	1016.25	3759.37
14.2901	24.147	1015.3	3876.56
14.2901	24.147	1014.34	3786.83
14.2901	24.147	1013.39	3746.87
14.2901	24.147	1012.44	3670.28
14.2901	24.147	1011.48	3638.22
14.2901	24.147	1010.52	3634.95
14.2901	24.147	1009.57	3681.39
14.2901	24.147	1008.61	3746.13
14.2901	24.147	1007.66	3805.62
14.2901	24.147	1006.7	3695.1
14.2901	24.147	1005.75	3678.75
14.2901	24.147	1004.79	3641.49
14.2901	24.147	1003.83	3766.3
14.2901	24.147	1002.88	3679.39
14.2901	24.147	1001.92	3616.02
14.2901	24.147	1000.96	3704.19
14.2901	24.147	1000.0	3839.34
14.2901	24.147	999.048	3984.88
14.2901	24.147	998.09	3746.58
14.2901	24.147	997.132	3944.3
14.2901	24.147	996.174	3935.76
14.2901	24.147	995.216	3812.41
14.2901	24.147	994.258	3858.69
14.2901	24.147	993.3	3933.64
14.2901	24.147	992.341	3826.0
14.2901	24.147	991.382	3921.8
14.2901	24.147	990.423	3764.67
14.2901	24.147	989.4639999999999	3883.9
14.2901	24.147	988.505	3771.13
14.2901	24.147	987.546	3627.14
14.2901	24.147	986.586	3623.89
14.2901	24.147	985.6260000000001	3792.55
14.2901	24.147	984.666	3791.86
14.2901	24.147	983.706	3666.2
14.2901	24.147	982.7460000000001	3691.57
14.2901	24.147	981.785	3745.57
14.2901	24.147	980.825	3786.54
14.2901	24.147	979.8639999999999	3767.64
14.2901	24.147	978.903	3657.7
14.2901	24.147	977.942	3688.26
14.2901	24.147	976.9810000000001	3729.2
14.2901	24.147	976.0189999999999	3705.13
14.2901	24.147	975.057	3623.88
14.2901	24.147	974.095	3659.62
14.2901	24.147	973.133	3609.58
14.2901	24.147	972.171	3673.89
14.2901	24.147	971.209	3626.47
14.2901	24.147	970.2460000000001	3732.31
14.2901	24.147	969.284	3666.71
14.2901	24.147	968.321	3730.96
14.2901	24.147	967.3580000000001	3636.84
14.2901	24.147	966.3939999999999	3721.84
14.2901	24.147	965.431	3601.8
14.2901	24.147	964.467	3593.37
14.2901	24.147	963.5039999999999	3750.96
14.2901	24.147	962.54	3698.41
14.2901	24.147	961.576	3728.86
14.2901	24.147	960.6110000000001	3811.15
14.2901	24.147	959.6469999999999	3784.55
14.2901	24.147	958.682	3864.21
14.2901	24.147	957.7180000000001	3829.83
14.2901	24.147	956.753	3805.82
14.2901	24.147	955.7869999999999	3916.52
14.2901	24.147	954.822	3853.66
14.2901	24.147	953.857	3941.0
14.2901	24.147	952.8910000000001	4028.31
14.2901	24.147	951.925	4069.0
14.2901	24.147	950.959	4125.21
14.2901	24.147	949.993	4013.2
14.2901	24.147	949.0269999999999	4103.02
14.2901	24.147	948.06	4081.59
14.2901	24.147	947.0930000000001	4101.55
14.2901	24.147	946.1260000000001	4069.78
14.2901	24.147	945.159	3939.79
14.2901	24.147	944.192	4213.06
14.2901	24.147	943.225	4077.92
14.2901	24.147	942.257	4033.26
14.2901	24.147	941.289	4068.7
14.2901	24.147	940.321	4142.87
14.2901	24.147	939.3530000000001	3935.53
14.2901	24.147	938.385	3994.2
14.2901	24.147	937.4169999999999	3908.3
14.2901	24.147	936.448	4077.94
14.2901	24.147	935.4789999999999	3953.34
14.2901	24.147	934.51	3844.26
14.2901	24.147	933.541	4018.98
14.2901	24.147	932.572	3894.46
14.2901	24.147	931.602	3865.39
14.2901	24.147	930.633	3841.49
14.2901	24.147	929.663	3912.97
14.2901	24.147	928.693	3796.29
14.2901	24.147	927.7230000000001	3872.91
14.2901	24.147	926.752	3861.91
14.2901	24.147	925.7819999999999	4085.31
14.2901	24.147	924.811	3901.72
14.2901	24.147	923.84	3931.91
14.2901	24.147	922.8689999999999	3812.78
14.2901	24.147	921.898	3884.16
14.2901	24.147	920.926	3978.68
14.2901	24.147	919.955	3828.73
14.2901	24.147	918.9830000000001	3984.97
14.2901	24.147	918.0110000000001	4071.7
14.2901	24.147	917.039	3893.52
14.2901	24.147	916.066	3892.81
14.2901	24.147	915.0939999999999	4064.35
14.2901	24.147	914.1210000000001	3886.27
14.2901	24.147	913.148	3911.26
14.2901	24.147	912.175	3843.76
14.2901	24.147	911.202	3858.47
14.2901	24.147	910.2289999999999	4037.57
14.2901	24.147	909.255	4000.89
14.2901	24.147	908.2819999999999	3953.95
14.2901	24.147	907.308	3886.49
14.2901	24.147	906.334	3834.46
14.2901	24.147	905.36	3818.37
14.2901	24.147	904.385	3845.9
14.2901	24.147	903.4110000000001	3799.03
14.2901	24.147	902.436	3731.66
14.2901	24.147	901.461	3661.75
14.2901	24.147	900.4860000000001	3789.28
14.2901	24.147	899.51	3765.53
14.2901	24.147	898.535	3652.08
14.2901	24.147	897.559	3595.05
14.2901	24.147	896.5830000000001	3581.59
14.2901	24.147	895.607	3611.68
14.2901	24.147	894.6310000000001	3557.24
14.2901	24.147	893.655	3669.26
14.2901	24.147	892.678	3607.16
14.2901	24.147	891.702	3706.33
14.2901	24.147	890.725	3641.68
14.2901	24.147	889.748	3474.71
14.2901	24.147	888.77	3688.97
14.2901	24.147	887.793	3706.21
14.2901	24.147	886.815	3649.28
14.2901	24.147	885.8380000000001	3646.06
14.2901	24.147	884.86	3642.84
14.2901	24.147	883.882	3616.62
14.2901	24.147	882.903	3664.52
14.2901	24.147	881.925	3648.53
14.2901	24.147	880.946	3811.36
14.2901	24.147	879.967	3808.12
14.2901	24.147	878.988	3715.5
14.2901	24.147	878.0089999999999	3704.61
14.2901	24.147	877.03	3813.71
14.2901	24.147	876.05	3800.25
14.2901	24.147	875.071	3651.56
14.2901	24.147	874.091	3635.59
14.2901	24.147	873.1110000000001	3805.84
14.2901	24.147	872.13	3682.73
14.2901	24.147	871.15	3631.07
14.2901	24.147	870.169	3778.28
14.2901	24.147	869.189	3808.18
14.2901	24.147	868.2080000000001	3687.71
14.2901	24.147	867.2260000000001	3712.52
14.2901	24.147	866.245	3938.59
14.2901	24.147	865.2639999999999	3810.52
14.2901	24.147	864.2819999999999	3909.15
14.2901	24.147	863.3	3916.08
14.2901	24.147	862.318	3821.17
14.2901	24.147	861.336	3935.02
14.2901	24.147	860.3530000000001	3827.42
14.2901	24.147	859.3710000000001	3849.63
14.2901	24.147	858.388	3892.18
14.2901	24.147	857.405	3825.34
14.2901	24.147	856.422	3758.53
14.2901	24.147	855.439	3785.82
14.2901	24.147	854.455	3813.09
14.2901	24.147	853.472	3784.44
14.2901	24.147	852.488	3804.09
14.2901	24.147	851.5039999999999	3676.36
14.2901	24.147	850.52	3944.96
14.2901	24.147	849.535	3710.58
14.2901	24.147	848.551	3880.04
14.2901	24.147	847.566	3767.63
14.2901	24.147	846.581	3860.87
14.2901	24.147	845.596	3829.71
14.2901	24.147	844.6110000000001	3702.14
14.2901	24.147	843.6260000000001	3825.78
14.2901	24.147	842.64	3751.53
14.2901	24.147	841.654	3748.31
14.2901	24.147	840.668	3760.31
14.2901	24.147	839.682	3896.53
14.2901	24.147	838.696	3675.3
14.2901	24.147	837.709	3654.36
14.2901	24.147	836.7230000000001	3836.13
14.2901	24.147	835.7360000000001	3749.3
14.2901	24.147	834.7489999999999	3730.89
14.2901	24.147	833.762	3801.12
14.2901	24.147	832.7739999999999	3762.45
14.2901	24.147	831.7869999999999	3733.92
14.2901	24.147	830.799	3566.19
14.2901	24.147	829.811	3755.33
14.2901	24.147	828.823	3721.76
14.2901	24.147	827.835	3667.96
14.2901	24.147	826.846	3634.42
14.2901	24.147	825.857	3659.04
14.2901	24.147	824.8689999999999	3792.38
14.2901	24.147	823.88	3652.66
14.2901	24.147	822.89	3603.97
14.2901	24.147	821.9010000000001	3805.47
14.2901	24.147	820.9119999999999	3802.25
14.2901	24.147	819.922	3743.46
14.2901	24.147	818.932	3795.82
14.2901	24.147	817.942	3767.35
14.2901	24.147	816.952	3685.88
14.2901	24.147	815.961	3682.68
14.2901	24.147	814.971	3800.63
14.2901	24.147	813.98	3789.84
14.2901	24.147	812.9889999999999	3673.11
14.2901	24.147	811.998	3748.11
14.2901	24.147	811.0060000000001	3770.12
14.2901	24.147	810.015	3774.48
14.2901	24.147	809.023	3667.91
14.2901	24.147	808.0310000000001	3644.56
14.2901	24.147	807.039	3651.46
14.2901	24.147	806.047	3655.83
14.2901	24.147	805.054	3685.4
14.2901	24.147	804.062	3604.13
14.2901	24.147	803.069	3603.47
14.2901	24.147	802.076	3582.68
14.2901	24.147	801.0830000000001	3516.58
14.2901	24.147	800.0889999999999	3687.08
14.2901	24.147	799.096	3648.66
14.2901	24.147	798.102	3497.04
14.2901	24.147	797.1080000000001	3622.18
14.2901	24.147	796.1139999999999	3588.82
14.2901	24.147	795.12	3668.63
14.2901	24.147	794.1260000000001	3577.46
14.2901	24.147	793.1310000000001	3581.83
14.2901	24.147	792.1360000000001	3664.11
14.2901	24.147	791.1410000000001	3658.42
14.2901	24.147	790.1460000000001	3592.44
14.2901	24.147	789.1510000000001	3765.09
14.2901	24.147	788.155	3719.2
14.2901	24.147	787.16	3728.57
14.2901	24.147	786.164	3557.18
14.2901	24.147	785.168	3689.56
14.2901	24.147	784.171	3708.96
14.2901	24.147	783.175	3743.41
14.2901	24.147	782.178	3682.53
14.2901	24.147	781.182	3686.87
14.2901	24.147	780.185	3751.4
14.2901	24.147	779.188	3783.3
14.2901	24.147	778.19	3672.32
14.2901	24.147	777.193	3729.29
14.2901	24.147	776.195	3813.81
14.2901	24.147	775.197	3575.11
14.2901	24.147	774.199	3729.76
14.2901	24.147	773.201	3759.13
14.2901	24.147	772.202	3640.76
14.2901	24.147	771.204	3720.21
14.2901	24.147	770.205	3744.56
14.2901	24.147	769.206	3828.96
14.2901	24.147	768.207	3850.78
14.2901	24.147	767.2080000000001	3885.1
14.2901	24.147	766.2080000000001	3836.87
14.2901	24.147	765.2080000000001	3893.69
14.2901	24.147	764.209	3932.98
14.2901	24.147	763.2080000000001	3999.76
14.2901	24.147	762.2080000000001	4148.99
14.2901	24.147	761.2080000000001	4000.8
14.2901	24.147	760.207	3912.62
14.2901	24.147	759.206	3994.34
14.2901	24.147	758.205	3956.15
14.2901	24.147	757.204	3858.04
14.2901	24.147	756.203	3959.69
14.2901	24.147	755.201	3801.71
14.2901	24.147	754.2	3781.05
14.2901	24.147	753.198	3957.52
14.2901	24.147	752.196	3804.62
14.2901	24.147	751.193	3886.23
14.2901	24.147	750.191	3972.81
14.2901	24.147	749.188	3844.92
14.2901	24.147	748.186	3919.01
14.2901	24.147	747.183	3908.32
14.2901	24.147	746.179	3999.81
14.2901	24.147	745.176	3847.09
14.2901	24.147	744.173	3936.07
14.2901	24.147	743.169	4037.47
14.2901	24.147	742.165	3862.41
14.2901	24.147	741.1610000000001	3904.03
14.2901	24.147	740.1569999999999	3945.64
14.2901	24.147	739.1519999999999	3910.07
14.2901	24.147	738.1469999999999	4016.36
14.2901	24.147	737.143	3965.86
14.2901	24.147	736.138	3900.46
14.2901	24.147	735.132	4044.0
14.2901	24.147	734.127	4063.15
14.2901	24.147	733.122	4139.48
14.2901	24.147	732.1160000000001	4093.98
14.2901	24.147	731.11	4195.13
14.2901	24.147	730.1039999999999	4080.06
14.2901	24.147	729.097	3945.16
14.2901	24.147	728.091	4011.5
14.2901	24.147	727.084	3978.48
14.2901	24.147	726.077	4002.58
14.2901	24.147	725.07	3981.99
14.2901	24.147	724.063	3859.64
14.2901	24.147	723.056	3796.89
14.2901	24.147	722.048	3999.65
14.2901	24.147	721.04	4008.84
14.2901	24.147	720.0319999999999	3958.5
14.2901	24.147	719.0239999999999	3923.06
14.2901	24.147	718.0160000000001	3942.17
14.2901	24.147	717.007	4209.17
14.2901	24.147	715.9989999999999	3963.03
14.2901	24.147	714.99	4063.91
14.2901	24.147	713.9810000000001	4246.5
14.2901	24.147	712.972	4126.82
14.2901	24.147	711.962	4096.34
14.2901	24.147	710.953	4137.69
14.2901	24.147	709.943	4181.49
14.2901	24.147	708.933	4121.32
14.2901	24.147	707.923	3942.38
14.2901	24.147	706.9119999999999	3988.67
14.2901	24.147	705.9019999999999	4039.89
14.2901	24.147	704.8910000000001	3905.58
14.2901	24.147	703.88	3944.43
14.2901	24.147	702.8689999999999	4035.19
14.2901	24.147	701.8580000000001	4014.68
14.2901	24.147	700.846	4065.84
14.2901	24.147	699.834	4035.44
14.2901	24.147	698.823	4131.06
14.2901	24.147	697.811	3898.1
14.2901	24.147	696.798	4035.69
14.2901	24.147	695.7860000000001	4007.79
14.2901	24.147	694.773	4086.06
14.2901	24.147	693.7610000000001	4151.96
14.2901	24.147	692.748	4087.03
14.2901	24.147	691.7339999999999	4088.74
14.2901	24.147	690.721	4090.46
14.2901	24.147	689.7080000000001	4158.78
14.2901	24.147	688.694	4138.28
14.2901	24.147	687.68	4174.51
14.2901	24.147	686.666	4257.56
14.2901	24.147	685.6519999999999	4219.81
14.2901	24.147	684.637	4312.68
14.2901	24.147	683.623	4186.23
14.2901	24.147	682.6080000000001	4057.36
14.2901	24.147	681.5930000000001	4054.15
14.2901	24.147	680.578	3984.45
14.2901	24.147	679.562	4030.5
14.2901	24.147	678.547	3820.52
14.2901	24.147	677.5310000000001	3920.72
14.2901	24.147	676.515	3961.84
14.2901	24.147	675.4989999999999	3756.9
14.2901	24.147	674.482	3950.54
14.2901	24.147	673.466	3836.68
14.2901	24.147	672.449	3875.32
14.2901	24.147	671.432	3845.11
14.2901	24.147	670.415	3868.98
14.2901	24.147	669.398	3902.67
14.2901	24.147	668.3810000000001	3847.9
14.2901	24.147	667.363	3869.3
14.2901	24.147	666.345	3988.95
14.2901	24.147	665.327	3907.17
14.2901	24.147	664.309	3977.66
14.2901	24.147	663.291	4200.32
14.2901	24.147	662.2719999999999	4094.01
14.2901	24.147	661.253	4166.87
14.2901	24.147	660.2339999999999	4266.7
14.2901	24.147	659.215	4172.7
14.2901	24.147	658.196	4191.55
14.2901	24.147	657.176	4237.37
14.2901	24.147	656.1569999999999	4219.43
14.2901	24.147	655.137	4127.96
14.2901	24.147	654.117	4271.8
14.2901	24.147	653.097	4180.35
14.2901	24.147	652.076	4101.18
14.2901	24.147	651.056	3970.6
14.2901	24.147	650.035	3933.13
14.2901	24.147	649.014	3868.75
14.2901	24.147	647.993	3946.37
14.2901	24.147	646.971	4006.84
14.2901	24.147	645.95	3947.37
14.2901	24.147	644.928	4044.51
14.2901	24.147	643.906	3867.63
14.2901	24.147	642.884	3964.75
14.2901	24.147	641.861	4076.51
14.2901	24.147	640.839	4019.53
14.2901	24.147	639.816	4011.45
14.2901	24.147	638.793	4071.82
14.2901	24.147	637.77	3819.37
14.2901	24.147	636.747	3938.38
14.2901	24.147	635.724	4030.48
14.2901	24.147	634.7	3785.51
14.2901	24.147	633.6759999999999	3775.05
14.2901	24.147	632.6519999999999	3774.35
14.2901	24.147	631.628	3729.72
14.2901	24.147	630.6030000000001	3680.22
14.2901	24.147	629.5790000000001	3638.06
14.2901	24.147	628.554	3669.11
14.2901	24.147	627.529	3675.75
14.2901	24.147	626.504	3675.07
14.2901	24.147	625.479	3652.45
14.2901	24.147	624.453	3629.83
14.2901	24.147	623.427	3619.41
14.2901	24.147	622.401	3445.73
14.2901	24.147	621.375	3593.71
14.2901	24.147	620.349	3673.44
14.2901	24.147	619.323	3687.37
14.2901	24.147	618.2959999999999	3691.56
14.2901	24.147	617.269	3880.78
14.2901	24.147	616.242	3828.95
14.2901	24.147	615.215	3648.14
14.2901	24.147	614.187	3861.6
14.2901	24.147	613.16	3882.78
14.2901	24.147	612.132	3733.69
14.2901	24.147	611.104	3691.66
14.2901	24.147	610.076	3673.96
14.2901	24.147	609.047	3707.31
14.2901	24.147	608.019	3485.44
14.2901	24.147	606.99	3650.05
14.2901	24.147	605.961	3751.42
14.2901	24.147	604.932	3619.55
14.2901	24.147	603.903	3691.74
14.2901	24.147	602.873	3703.2
14.2901	24.147	601.844	3687.95
14.2901	24.147	600.814	3578.04
