3.89005	11.9881	1799.31	2004.78
3.89005	11.9881	1798.5	1986.1
3.89005	11.9881	1797.68	1933.83
3.89005	11.9881	1796.86	1939.62
3.89005	11.9881	1796.04	1875.15
3.89005	11.9881	1795.22	1993.92
3.89005	11.9881	1794.4	1905.05
3.89005	11.9881	1793.58	2005.46
3.89005	11.9881	1792.76	2002.07
3.89005	11.9881	1791.94	1974.27
3.89005	11.9881	1791.13	1845.8
3.89005	11.9881	1790.31	2031.56
3.89005	11.9881	1789.49	1930.57
3.89005	11.9881	1788.67	2009.53
3.89005	11.9881	1787.85	2030.53
3.89005	11.9881	1787.03	1975.32
3.89005	11.9881	1786.21	1999.37
3.89005	11.9881	1785.39	1983.79
3.89005	11.9881	1784.56	2105.33
3.89005	11.9881	1783.74	1937.43
3.89005	11.9881	1782.92	1921.87
3.89005	11.9881	1782.1	2000.72
3.89005	11.9881	1781.28	2030.83
3.89005	11.9881	1780.46	2036.58
3.89005	11.9881	1779.64	1951.01
3.89005	11.9881	1778.82	1965.89
3.89005	11.9881	1778.0	2072.06
3.89005	11.9881	1777.17	2032.16
3.89005	11.9881	1776.35	2043.98
3.89005	11.9881	1775.53	1991.94
3.89005	11.9881	1774.71	2055.45
3.89005	11.9881	1773.89	1982.14
3.89005	11.9881	1773.06	2006.12
3.89005	11.9881	1772.24	2090.88
3.89005	11.9881	1771.42	2044.95
3.89005	11.9881	1770.59	1956.5
3.89005	11.9881	1769.77	2038.18
3.89005	11.9881	1768.95	1961.91
3.89005	11.9881	1768.12	2007.12
3.89005	11.9881	1767.3	2043.22
3.89005	11.9881	1766.48	2024.66
3.89005	11.9881	1765.65	2042.52
3.89005	11.9881	1764.83	2011.83
3.89005	11.9881	1764.01	1975.09
3.89005	11.9881	1763.18	2041.49
3.89005	11.9881	1762.36	2059.34
3.89005	11.9881	1761.53	1971.05
3.89005	11.9881	1760.71	1979.81
3.89005	11.9881	1759.88	2046.17
3.89005	11.9881	1759.06	2015.51
3.89005	11.9881	1758.23	2087.9
3.89005	11.9881	1757.41	1993.62
3.89005	11.9881	1756.58	2138.69
3.89005	11.9881	1755.76	2080.78
3.89005	11.9881	1754.93	1980.5
3.89005	11.9881	1754.11	2004.38
3.89005	11.9881	1753.28	2100.92
3.89005	11.9881	1752.46	2085.43
3.89005	11.9881	1751.63	2045.73
3.89005	11.9881	1750.8	2018.15
3.89005	11.9881	1749.98	2045.04
3.89005	11.9881	1749.15	2050.74
3.89005	11.9881	1748.32	2086.68
3.89005	11.9881	1747.5	2074.24
3.89005	11.9881	1746.67	2010.4
3.89005	11.9881	1745.84	2070.51
3.89005	11.9881	1745.02	2036.92
3.89005	11.9881	1744.19	2075.85
3.89005	11.9881	1743.36	2144.98
3.89005	11.9881	1742.53	2171.81
3.89005	11.9881	1741.71	2189.56
3.89005	11.9881	1740.88	2180.13
3.89005	11.9881	1740.05	2194.85
3.89005	11.9881	1739.22	2061.67
3.89005	11.9881	1738.39	2130.73
3.89005	11.9881	1737.56	2145.46
3.89005	11.9881	1736.74	2175.26
3.89005	11.9881	1735.91	2111.55
3.89005	11.9881	1735.08	2168.49
3.89005	11.9881	1734.25	2156.06
3.89005	11.9881	1733.42	2200.92
3.89005	11.9881	1732.59	2194.52
3.89005	11.9881	1731.76	2206.2
3.89005	11.9881	1730.93	2196.79
3.89005	11.9881	1730.1	2220.52
3.89005	11.9881	1729.27	2205.08
3.89005	11.9881	1728.44	2126.4
3.89005	11.9881	1727.61	2150.13
3.89005	11.9881	1726.78	2252.13
3.89005	11.9881	1725.95	2140.37
3.89005	11.9881	1725.12	2197.19
3.89005	11.9881	1724.29	2293.12
3.89005	11.9881	1723.46	2274.67
3.89005	11.9881	1722.63	2286.32
3.89005	11.9881	1721.8	2322.03
3.89005	11.9881	1720.96	2186.3
3.89005	11.9881	1720.13	2219.01
3.89005	11.9881	1719.3	2098.38
3.89005	11.9881	1718.47	2284.38
3.89005	11.9881	1717.64	2199.84
3.89005	11.9881	1716.81	2280.6
3.89005	11.9881	1715.97	2220.13
3.89005	11.9881	1715.14	2306.86
3.89005	11.9881	1714.31	2213.37
3.89005	11.9881	1713.48	2234.01
3.89005	11.9881	1712.64	2305.68
3.89005	11.9881	1711.81	2320.3
3.89005	11.9881	1710.98	2304.9
3.89005	11.9881	1710.14	2280.5
3.89005	11.9881	1709.31	2337.12
3.89005	11.9881	1708.48	2228.73
3.89005	11.9881	1707.64	2366.31
3.89005	11.9881	1706.81	2341.92
3.89005	11.9881	1705.98	2356.51
3.89005	11.9881	1705.14	2245.2
3.89005	11.9881	1704.31	2304.76
3.89005	11.9881	1703.47	2352.32
3.89005	11.9881	1702.64	2354.91
3.89005	11.9881	1701.81	2333.54
3.89005	11.9881	1700.97	2464.93
3.89005	11.9881	1700.14	2488.47
3.89005	11.9881	1699.3	2437.14
3.89005	11.9881	1698.47	2418.77
3.89005	11.9881	1697.63	2400.4
3.89005	11.9881	1696.79	2525.67
3.89005	11.9881	1695.96	2462.41
3.89005	11.9881	1695.12	2527.81
3.89005	11.9881	1694.29	2572.24
3.89005	11.9881	1693.45	2488.07
3.89005	11.9881	1692.62	2535.49
3.89005	11.9881	1691.78	2427.43
3.89005	11.9881	1690.94	2483.81
3.89005	11.9881	1690.11	2599.94
3.89005	11.9881	1689.27	2509.86
3.89005	11.9881	1688.43	2611.0
3.89005	11.9881	1687.6	2458.23
3.89005	11.9881	1686.76	2493.64
3.89005	11.9881	1685.92	2540.99
3.89005	11.9881	1685.08	2600.27
3.89005	11.9881	1684.25	2483.42
3.89005	11.9881	1683.41	2554.62
3.89005	11.9881	1682.57	2589.99
3.89005	11.9881	1681.73	2670.1
3.89005	11.9881	1680.89	2571.21
3.89005	11.9881	1680.06	2648.31
3.89005	11.9881	1679.22	2468.95
3.89005	11.9881	1678.38	2689.15
3.89005	11.9881	1677.54	2700.61
3.89005	11.9881	1676.7	2688.23
3.89005	11.9881	1675.86	2836.76
3.89005	11.9881	1675.02	2737.96
3.89005	11.9881	1674.18	2773.24
3.89005	11.9881	1673.35	2775.75
3.89005	11.9881	1672.51	2900.34
3.89005	11.9881	1671.67	2887.94
3.89005	11.9881	1670.83	2872.56
3.89005	11.9881	1669.99	2940.52
3.89005	11.9881	1669.15	3023.34
3.89005	11.9881	1668.31	3135.89
3.89005	11.9881	1667.47	3105.6
3.89005	11.9881	1666.62	3280.55
3.89005	11.9881	1665.78	3288.91
3.89005	11.9881	1664.94	3300.25
3.89005	11.9881	1664.1	3602.9
3.89005	11.9881	1663.26	3542.84
3.89005	11.9881	1662.42	3678.93
3.89005	11.9881	1661.58	3981.36
3.89005	11.9881	1660.74	4141.1
3.89005	11.9881	1659.9	4413.65
3.89005	11.9881	1659.05	4377.26
3.89005	11.9881	1658.21	4646.7
3.89005	11.9881	1657.37	4812.15
3.89005	11.9881	1656.53	4912.25
3.89005	11.9881	1655.68	4970.76
3.89005	11.9881	1654.84	5251.79
3.89005	11.9881	1654.0	5295.39
3.89005	11.9881	1653.16	5267.79
3.89005	11.9881	1652.31	5388.48
3.89005	11.9881	1651.47	5429.07
3.89005	11.9881	1650.63	5125.76
3.89005	11.9881	1649.78	5095.24
3.89005	11.9881	1648.94	5144.75
3.89005	11.9881	1648.1	5013.5
3.89005	11.9881	1647.25	4950.43
3.89005	11.9881	1646.41	4608.95
3.89005	11.9881	1645.56	4652.59
3.89005	11.9881	1644.72	4574.8
3.89005	11.9881	1643.88	4411.19
3.89005	11.9881	1643.03	4401.56
3.89005	11.9881	1642.19	4137.41
3.89005	11.9881	1641.34	4278.74
3.89005	11.9881	1640.5	4283.92
3.89005	11.9881	1639.65	4005.14
3.89005	11.9881	1638.81	4249.93
3.89005	11.9881	1637.96	4181.19
3.89005	11.9881	1637.11	4198.21
3.89005	11.9881	1636.27	4224.1
3.89005	11.9881	1635.42	4356.37
3.89005	11.9881	1634.58	4287.66
3.89005	11.9881	1633.73	4278.07
3.89005	11.9881	1632.88	4315.74
3.89005	11.9881	1632.04	4335.67
3.89005	11.9881	1631.19	4476.67
3.89005	11.9881	1630.34	4275.14
3.89005	11.9881	1629.5	4628.64
3.89005	11.9881	1628.65	4418.3
3.89005	11.9881	1627.8	4579.85
3.89005	11.9881	1626.96	4390.23
3.89005	11.9881	1626.11	4593.03
3.89005	11.9881	1625.26	4677.78
3.89005	11.9881	1624.41	4679.92
3.89005	11.9881	1623.57	4726.3
3.89005	11.9881	1622.72	5005.54
3.89005	11.9881	1621.87	4898.58
3.89005	11.9881	1621.02	4900.69
3.89005	11.9881	1620.17	4917.53
3.89005	11.9881	1619.32	5187.71
3.89005	11.9881	1618.47	5169.15
3.89005	11.9881	1617.63	4985.68
3.89005	11.9881	1616.78	4925.94
3.89005	11.9881	1615.93	5089.95
3.89005	11.9881	1615.08	5197.98
3.89005	11.9881	1614.23	5314.81
3.89005	11.9881	1613.38	5110.87
3.89005	11.9881	1612.53	5204.14
3.89005	11.9881	1611.68	5253.25
3.89005	11.9881	1610.83	5255.29
3.89005	11.9881	1609.98	5424.93
3.89005	11.9881	1609.13	5141.78
3.89005	11.9881	1608.28	5264.35
3.89005	11.9881	1607.43	5266.39
3.89005	11.9881	1606.58	5197.9
3.89005	11.9881	1605.73	5252.83
3.89005	11.9881	1604.87	5246.06
3.89005	11.9881	1604.02	5477.16
3.89005	11.9881	1603.17	5229.58
3.89005	11.9881	1602.32	5266.85
3.89005	11.9881	1601.47	5386.29
3.89005	11.9881	1600.62	5479.28
3.89005	11.9881	1599.76	5457.8
3.89005	11.9881	1598.91	5421.66
3.89005	11.9881	1598.06	5488.2
3.89005	11.9881	1597.21	5586.97
3.89005	11.9881	1596.36	5653.46
3.89005	11.9881	1595.5	5673.01
3.89005	11.9881	1594.65	5587.03
3.89005	11.9881	1593.8	5638.82
3.89005	11.9881	1592.94	5725.77
3.89005	11.9881	1592.09	5663.26
3.89005	11.9881	1591.24	5524.61
3.89005	11.9881	1590.38	5532.45
3.89005	11.9881	1589.53	5572.5
3.89005	11.9881	1588.68	5586.18
3.89005	11.9881	1587.82	5629.13
3.89005	11.9881	1586.97	5446.7
3.89005	11.9881	1586.11	5562.82
3.89005	11.9881	1585.26	5611.6
3.89005	11.9881	1584.4	5704.25
3.89005	11.9881	1583.55	5442.97
3.89005	11.9881	1582.69	5488.82
3.89005	11.9881	1581.84	5458.64
3.89005	11.9881	1580.98	5416.78
3.89005	11.9881	1580.13	5322.32
3.89005	11.9881	1579.27	5359.4
3.89005	11.9881	1578.42	5215.31
3.89005	11.9881	1577.56	5258.23
3.89005	11.9881	1576.71	5406.29
3.89005	11.9881	1575.85	5355.71
3.89005	11.9881	1574.99	5115.38
3.89005	11.9881	1574.14	5348.04
3.89005	11.9881	1573.28	5282.91
3.89005	11.9881	1572.42	5249.9
3.89005	11.9881	1571.57	5143.96
3.89005	11.9881	1570.71	5291.85
3.89005	11.9881	1569.85	5288.03
3.89005	11.9881	1569.0	5173.39
3.89005	11.9881	1568.14	5093.77
3.89005	11.9881	1567.28	4952.97
3.89005	11.9881	1566.42	5237.76
3.89005	11.9881	1565.56	5024.12
3.89005	11.9881	1564.71	5110.67
3.89005	11.9881	1563.85	4972.87
3.89005	11.9881	1562.99	5059.39
3.89005	11.9881	1562.13	4988.63
3.89005	11.9881	1561.27	4938.27
3.89005	11.9881	1560.41	4984.0
3.89005	11.9881	1559.56	4933.67
3.89005	11.9881	1558.7	4982.29
3.89005	11.9881	1557.84	4963.98
3.89005	11.9881	1556.98	4878.75
3.89005	11.9881	1556.12	4843.01
3.89005	11.9881	1555.26	4879.98
3.89005	11.9881	1554.4	4890.78
3.89005	11.9881	1553.54	4889.93
3.89005	11.9881	1552.68	4720.5
3.89005	11.9881	1551.82	4702.25
3.89005	11.9881	1550.96	4672.39
3.89005	11.9881	1550.1	4816.84
3.89005	11.9881	1549.24	4557.5
3.89005	11.9881	1548.38	4791.95
3.89005	11.9881	1547.52	4820.17
3.89005	11.9881	1546.65	4790.3
3.89005	11.9881	1545.79	4714.01
3.89005	11.9881	1544.93	4727.71
3.89005	11.9881	1544.07	4993.85
3.89005	11.9881	1543.21	4926.26
3.89005	11.9881	1542.35	4910.91
3.89005	11.9881	1541.48	5101.48
3.89005	11.9881	1540.62	4987.51
3.89005	11.9881	1539.76	5027.24
3.89005	11.9881	1538.9	5139.43
3.89005	11.9881	1538.04	5158.83
3.89005	11.9881	1537.17	5146.35
3.89005	11.9881	1536.31	5177.33
3.89005	11.9881	1535.45	5280.72
3.89005	11.9881	1534.58	5022.05
3.89005	11.9881	1533.72	5082.0
3.89005	11.9881	1532.86	4913.2
3.89005	11.9881	1531.99	5135.24
3.89005	11.9881	1531.13	4827.57
3.89005	11.9881	1530.27	4904.87
3.89005	11.9881	1529.4	4964.78
3.89005	11.9881	1528.54	4955.25
3.89005	11.9881	1527.67	4893.66
3.89005	11.9881	1526.81	4774.25
3.89005	11.9881	1525.94	4721.39
3.89005	11.9881	1525.08	4801.51
3.89005	11.9881	1524.21	4635.94
3.89005	11.9881	1523.35	4620.69
3.89005	11.9881	1522.48	4544.78
3.89005	11.9881	1521.62	4500.66
3.89005	11.9881	1520.75	4612.53
3.89005	11.9881	1519.89	4484.67
3.89005	11.9881	1519.02	4469.46
3.89005	11.9881	1518.15	4431.16
3.89005	11.9881	1517.29	4603.57
3.89005	11.9881	1516.42	4481.58
3.89005	11.9881	1515.56	4443.3
3.89005	11.9881	1514.69	4433.88
3.89005	11.9881	1513.82	4580.21
3.89005	11.9881	1512.96	4515.97
3.89005	11.9881	1512.09	4647.83
3.89005	11.9881	1511.22	4485.59
3.89005	11.9881	1510.35	4626.05
3.89005	11.9881	1509.49	4625.25
3.89005	11.9881	1508.62	4520.72
3.89005	11.9881	1507.75	4560.27
3.89005	11.9881	1506.88	4622.85
3.89005	11.9881	1506.01	4691.17
3.89005	11.9881	1505.15	4555.03
3.89005	11.9881	1504.28	4574.4
3.89005	11.9881	1503.41	4691.62
3.89005	11.9881	1502.54	4598.72
3.89005	11.9881	1501.67	4569.15
3.89005	11.9881	1500.8	4562.61
3.89005	11.9881	1499.93	4581.95
3.89005	11.9881	1499.06	4745.08
3.89005	11.9881	1498.19	4496.99
3.89005	11.9881	1497.32	4628.45
3.89005	11.9881	1496.46	4478.19
3.89005	11.9881	1495.59	4506.15
3.89005	11.9881	1494.72	4361.71
3.89005	11.9881	1493.84	4369.57
3.89005	11.9881	1492.97	4498.07
3.89005	11.9881	1492.1	4442.73
3.89005	11.9881	1491.23	4421.86
3.89005	11.9881	1490.36	4386.65
3.89005	11.9881	1489.49	4474.87
3.89005	11.9881	1488.62	4634.81
3.89005	11.9881	1487.75	4656.96
3.89005	11.9881	1486.88	4842.63
3.89005	11.9881	1486.01	4887.69
3.89005	11.9881	1485.13	4760.66
3.89005	11.9881	1484.26	4886.0
3.89005	11.9881	1483.39	4928.15
3.89005	11.9881	1482.52	4938.77
3.89005	11.9881	1481.65	5003.83
3.89005	11.9881	1480.77	4914.14
3.89005	11.9881	1479.9	4775.77
3.89005	11.9881	1479.03	4949.67
3.89005	11.9881	1478.16	4797.03
3.89005	11.9881	1477.28	4781.88
3.89005	11.9881	1476.41	4715.21
3.89005	11.9881	1475.54	4628.52
3.89005	11.9881	1474.66	4550.45
3.89005	11.9881	1473.79	4541.07
3.89005	11.9881	1472.91	4580.34
3.89005	11.9881	1472.04	4447.97
3.89005	11.9881	1471.17	4430.04
3.89005	11.9881	1470.29	4506.48
3.89005	11.9881	1469.42	4411.35
3.89005	11.9881	1468.54	4399.15
3.89005	11.9881	1467.67	4352.66
3.89005	11.9881	1466.79	4331.91
3.89005	11.9881	1465.92	4525.43
3.89005	11.9881	1465.04	4381.82
3.89005	11.9881	1464.17	4455.32
3.89005	11.9881	1463.29	4363.17
3.89005	11.9881	1462.42	4493.75
3.89005	11.9881	1461.54	4444.44
3.89005	11.9881	1460.66	4409.42
3.89005	11.9881	1459.79	4431.49
3.89005	11.9881	1458.91	4365.1
3.89005	11.9881	1458.04	4370.05
3.89005	11.9881	1457.16	4260.92
3.89005	11.9881	1456.28	4248.77
3.89005	11.9881	1455.41	4307.91
3.89005	11.9881	1454.53	4238.75
3.89005	11.9881	1453.65	4209.51
3.89005	11.9881	1452.77	4297.12
3.89005	11.9881	1451.9	4350.51
3.89005	11.9881	1451.02	4435.21
3.89005	11.9881	1450.14	4243.62
3.89005	11.9881	1449.26	4072.03
3.89005	11.9881	1448.39	4333.25
3.89005	11.9881	1447.51	4358.12
3.89005	11.9881	1446.63	4269.14
3.89005	11.9881	1445.75	4239.94
3.89005	11.9881	1444.87	4182.3
3.89005	11.9881	1443.99	4372.17
3.89005	11.9881	1443.11	4425.44
3.89005	11.9881	1442.23	4276.81
3.89005	11.9881	1441.35	4404.01
3.89005	11.9881	1440.48	4528.32
3.89005	11.9881	1439.6	4388.27
3.89005	11.9881	1438.72	4396.03
3.89005	11.9881	1437.84	4386.75
3.89005	11.9881	1436.96	4485.41
3.89005	11.9881	1436.08	4285.82
3.89005	11.9881	1435.2	4387.3
3.89005	11.9881	1434.31	4275.81
3.89005	11.9881	1433.43	4527.71
3.89005	11.9881	1432.55	4299.87
3.89005	11.9881	1431.67	4392.77
3.89005	11.9881	1430.79	4301.21
3.89005	11.9881	1429.91	4453.65
3.89005	11.9881	1429.03	4489.75
3.89005	11.9881	1428.15	4486.13
3.89005	11.9881	1427.27	4610.1
3.89005	11.9881	1426.38	4459.06
3.89005	11.9881	1425.5	4682.19
3.89005	11.9881	1424.62	4746.56
3.89005	11.9881	1423.74	4731.56
3.89005	11.9881	1422.85	4934.7
3.89005	11.9881	1421.97	4871.53
3.89005	11.9881	1421.09	5264.31
3.89005	11.9881	1420.21	5467.25
3.89005	11.9881	1419.32	5528.57
3.89005	11.9881	1418.44	5904.05
3.89005	11.9881	1417.56	6120.92
3.89005	11.9881	1416.67	6261.32
3.89005	11.9881	1415.79	6319.64
3.89005	11.9881	1414.9	6621.17
3.89005	11.9881	1414.02	6456.0
3.89005	11.9881	1413.14	6471.84
3.89005	11.9881	1412.25	6306.76
3.89005	11.9881	1411.37	6034.33
3.89005	11.9881	1410.48	5682.87
3.89005	11.9881	1409.6	5543.44
3.89005	11.9881	1408.71	5251.51
3.89005	11.9881	1407.83	5100.9
3.89005	11.9881	1406.94	4862.8
3.89005	11.9881	1406.06	4658.67
3.89005	11.9881	1405.17	4700.2
3.89005	11.9881	1404.29	4626.0
3.89005	11.9881	1403.4	4571.58
3.89005	11.9881	1402.51	4514.35
3.89005	11.9881	1401.63	4445.86
3.89005	11.9881	1400.74	4433.81
3.89005	11.9881	1399.85	4385.1
3.89005	11.9881	1398.97	4522.49
3.89005	11.9881	1398.08	4476.6
3.89005	11.9881	1397.19	4416.63
3.89005	11.9881	1396.31	4382.04
3.89005	11.9881	1395.42	4524.98
3.89005	11.9881	1394.53	4645.32
3.89005	11.9881	1393.64	4545.93
3.89005	11.9881	1392.76	4609.91
3.89005	11.9881	1391.87	4786.49
3.89005	11.9881	1390.98	4912.33
3.89005	11.9881	1390.09	4934.0
3.89005	11.9881	1389.2	5071.03
3.89005	11.9881	1388.32	4935.09
3.89005	11.9881	1387.43	5201.48
3.89005	11.9881	1386.54	4998.06
3.89005	11.9881	1385.65	5022.5
3.89005	11.9881	1384.76	4911.97
3.89005	11.9881	1383.87	4863.32
3.89005	11.9881	1382.98	4862.48
3.89005	11.9881	1382.09	4704.26
3.89005	11.9881	1381.2	4658.48
3.89005	11.9881	1380.31	4705.43
3.89005	11.9881	1379.42	4831.0
3.89005	11.9881	1378.53	4706.59
3.89005	11.9881	1377.64	4775.97
3.89005	11.9881	1376.75	4761.1
3.89005	11.9881	1375.86	4768.69
3.89005	11.9881	1374.97	4630.35
3.89005	11.9881	1374.08	4702.49
3.89005	11.9881	1373.19	4740.95
3.89005	11.9881	1372.3	4869.14
3.89005	11.9881	1371.4	4775.75
3.89005	11.9881	1370.51	4659.96
3.89005	11.9881	1369.62	4656.34
3.89005	11.9881	1368.73	4846.12
3.89005	11.9881	1367.84	4848.08
3.89005	11.9881	1366.94	4810.81
3.89005	11.9881	1366.05	4728.73
3.89005	11.9881	1365.16	4895.96
3.89005	11.9881	1364.27	4911.91
3.89005	11.9881	1363.37	4863.45
3.89005	11.9881	1362.48	4974.58
3.89005	11.9881	1361.59	4951.32
3.89005	11.9881	1360.69	4830.12
3.89005	11.9881	1359.8	4907.62
3.89005	11.9881	1358.91	5001.88
3.89005	11.9881	1358.01	5023.38
3.89005	11.9881	1357.12	5086.82
3.89005	11.9881	1356.22	5074.75
3.89005	11.9881	1355.33	5101.82
3.89005	11.9881	1354.44	5165.21
3.89005	11.9881	1353.54	5267.71
3.89005	11.9881	1352.65	5222.08
3.89005	11.9881	1351.75	5268.66
3.89005	11.9881	1350.86	5538.67
3.89005	11.9881	1349.96	5317.09
3.89005	11.9881	1349.07	5564.65
3.89005	11.9881	1348.17	5485.52
3.89005	11.9881	1347.28	5696.68
3.89005	11.9881	1346.38	5620.34
3.89005	11.9881	1345.48	5797.93
3.89005	11.9881	1344.59	5604.43
3.89005	11.9881	1343.69	5731.75
3.89005	11.9881	1342.79	5847.87
3.89005	11.9881	1341.9	6036.45
3.89005	11.9881	1341.0	5739.89
3.89005	11.9881	1340.1	5705.44
3.89005	11.9881	1339.21	5941.32
3.89005	11.9881	1338.31	5845.55
3.89005	11.9881	1337.41	5866.81
3.89005	11.9881	1336.51	5876.93
3.89005	11.9881	1335.62	6129.31
3.89005	11.9881	1334.72	6080.91
3.89005	11.9881	1333.82	5901.68
3.89005	11.9881	1332.92	6050.95
3.89005	11.9881	1332.02	6088.85
3.89005	11.9881	1331.13	6179.6
3.89005	11.9881	1330.23	6278.67
3.89005	11.9881	1329.33	6060.62
3.89005	11.9881	1328.43	6237.54
3.89005	11.9881	1327.53	6264.25
3.89005	11.9881	1326.63	6099.14
3.89005	11.9881	1325.73	6181.45
3.89005	11.9881	1324.83	6183.15
3.89005	11.9881	1323.93	6409.9
3.89005	11.9881	1323.03	6183.76
3.89005	11.9881	1322.13	6241.01
3.89005	11.9881	1321.23	6220.47
3.89005	11.9881	1320.33	6261.03
3.89005	11.9881	1319.43	6290.47
3.89005	11.9881	1318.53	6070.1
3.89005	11.9881	1317.63	6365.97
3.89005	11.9881	1316.73	6217.8
3.89005	11.9881	1315.83	6302.71
3.89005	11.9881	1314.93	6401.46
3.89005	11.9881	1314.02	6422.52
3.89005	11.9881	1313.12	6299.4
3.89005	11.9881	1312.22	6215.13
3.89005	11.9881	1311.32	6191.87
3.89005	11.9881	1310.42	6257.29
3.89005	11.9881	1309.51	6253.42
3.89005	11.9881	1308.61	6216.31
3.89005	11.9881	1307.71	6204.15
3.89005	11.9881	1306.81	6095.06
3.89005	11.9881	1305.9	6224.12
3.89005	11.9881	1305.0	6131.68
3.89005	11.9881	1304.1	6227.47
3.89005	11.9881	1303.19	5963.49
3.89005	11.9881	1302.29	6109.08
3.89005	11.9881	1301.39	6080.35
3.89005	11.9881	1300.48	6159.49
3.89005	11.9881	1299.58	5865.29
3.89005	11.9881	1298.67	6055.03
3.89005	11.9881	1297.77	6037.38
3.89005	11.9881	1296.86	5909.19
3.89005	11.9881	1295.96	5747.87
3.89005	11.9881	1295.06	5686.08
3.89005	11.9881	1294.15	5878.45
3.89005	11.9881	1293.25	5731.04
3.89005	11.9881	1292.34	5619.57
3.89005	11.9881	1291.43	5679.33
3.89005	11.9881	1290.53	5722.5
3.89005	11.9881	1289.62	5508.97
3.89005	11.9881	1288.72	5568.72
3.89005	11.9881	1287.81	5316.67
3.89005	11.9881	1286.9	5489.52
3.89005	11.9881	1286.0	5557.51
3.89005	11.9881	1285.09	5410.38
3.89005	11.9881	1284.18	5492.14
3.89005	11.9881	1283.28	5460.86
3.89005	11.9881	1282.37	5390.99
3.89005	11.9881	1281.46	5255.02
3.89005	11.9881	1280.56	5336.75
3.89005	11.9881	1279.65	5357.85
3.89005	11.9881	1278.74	5243.99
3.89005	11.9881	1277.83	5102.63
3.89005	11.9881	1276.93	5098.98
3.89005	11.9881	1276.02	5221.96
3.89005	11.9881	1275.11	5006.36
3.89005	11.9881	1274.2	4980.72
3.89005	11.9881	1273.29	4944.07
3.89005	11.9881	1272.38	4970.71
3.89005	11.9881	1271.47	4928.58
3.89005	11.9881	1270.56	4611.49
3.89005	11.9881	1269.66	4709.65
3.89005	11.9881	1268.75	4794.04
3.89005	11.9881	1267.84	4751.97
3.89005	11.9881	1266.93	4652.21
3.89005	11.9881	1266.02	4750.3
3.89005	11.9881	1265.11	4782.43
3.89005	11.9881	1264.2	4578.35
3.89005	11.9881	1263.29	4599.51
3.89005	11.9881	1262.38	4417.5
3.89005	11.9881	1261.46	4551.23
3.89005	11.9881	1260.55	4506.51
3.89005	11.9881	1259.64	4483.77
3.89005	11.9881	1258.73	4540.6
3.89005	11.9881	1257.82	4350.52
3.89005	11.9881	1256.91	4368.96
3.89005	11.9881	1256.0	4247.53
3.89005	11.9881	1255.08	4194.7
3.89005	11.9881	1254.17	4287.16
3.89005	11.9881	1253.26	4174.03
3.89005	11.9881	1252.35	4252.77
3.89005	11.9881	1251.44	4109.55
3.89005	11.9881	1250.52	4045.83
3.89005	11.9881	1249.61	4256.0
3.89005	11.9881	1248.7	4115.6
3.89005	11.9881	1247.78	3964.29
3.89005	11.9881	1246.87	4242.8
3.89005	11.9881	1245.96	4132.58
3.89005	11.9881	1245.04	4063.44
3.89005	11.9881	1244.13	4057.26
3.89005	11.9881	1243.22	3977.22
3.89005	11.9881	1242.3	4173.43
3.89005	11.9881	1241.39	4019.57
3.89005	11.9881	1240.47	4095.41
3.89005	11.9881	1239.56	3958.01
3.89005	11.9881	1238.64	4006.51
3.89005	11.9881	1237.73	3997.61
3.89005	11.9881	1236.81	4029.69
3.89005	11.9881	1235.9	3867.82
3.89005	11.9881	1234.98	4091.08
3.89005	11.9881	1234.07	4013.9
3.89005	11.9881	1233.15	4127.86
3.89005	11.9881	1232.24	3946.98
3.89005	11.9881	1231.32	4055.45
3.89005	11.9881	1230.4	4095.66
3.89005	11.9881	1229.49	3887.6
3.89005	11.9881	1228.57	3911.46
3.89005	11.9881	1227.65	4052.59
3.89005	11.9881	1226.74	4005.52
3.89005	11.9881	1225.82	3876.68
3.89005	11.9881	1224.9	3965.94
3.89005	11.9881	1223.99	3908.01
3.89005	11.9881	1223.07	4008.14
3.89005	11.9881	1222.15	3980.19
3.89005	11.9881	1221.23	3941.35
3.89005	11.9881	1220.31	4016.91
3.89005	11.9881	1219.4	4125.12
3.89005	11.9881	1218.48	4121.67
3.89005	11.9881	1217.56	4001.18
3.89005	11.9881	1216.64	4049.46
3.89005	11.9881	1215.72	4114.04
3.89005	11.9881	1214.8	4045.31
3.89005	11.9881	1213.88	4066.35
3.89005	11.9881	1212.96	4261.44
3.89005	11.9881	1212.05	4002.38
3.89005	11.9881	1211.13	3963.61
3.89005	11.9881	1210.21	4098.81
3.89005	11.9881	1209.29	3989.39
3.89005	11.9881	1208.37	3983.25
3.89005	11.9881	1207.45	3966.25
3.89005	11.9881	1206.53	3965.55
3.89005	11.9881	1205.6	4000.15
3.89005	11.9881	1204.68	3975.01
3.89005	11.9881	1203.76	3786.99
3.89005	11.9881	1202.84	3881.32
3.89005	11.9881	1201.92	3943.05
3.89005	11.9881	1201.0	3852.81
3.89005	11.9881	1200.08	3928.09
3.89005	11.9881	1199.16	3667.02
3.89005	11.9881	1198.23	3820.94
3.89005	11.9881	1197.31	3896.18
3.89005	11.9881	1196.39	3740.98
3.89005	11.9881	1195.47	3710.5
3.89005	11.9881	1194.54	3837.21
3.89005	11.9881	1193.62	3828.4
3.89005	11.9881	1192.7	3711.24
3.89005	11.9881	1191.78	3751.21
3.89005	11.9881	1190.85	3680.14
3.89005	11.9881	1189.93	3649.71
3.89005	11.9881	1189.01	3695.08
3.89005	11.9881	1188.08	3575.34
3.89005	11.9881	1187.16	3764.13
3.89005	11.9881	1186.23	3717.47
3.89005	11.9881	1185.31	3662.71
3.89005	11.9881	1184.39	3645.83
3.89005	11.9881	1183.46	3712.79
3.89005	11.9881	1182.54	3822.99
3.89005	11.9881	1181.61	3911.52
3.89005	11.9881	1180.69	3832.44
3.89005	11.9881	1179.76	3993.9
3.89005	11.9881	1178.84	3917.54
3.89005	11.9881	1177.91	3930.36
3.89005	11.9881	1176.99	3767.61
3.89005	11.9881	1176.06	3788.55
3.89005	11.9881	1175.13	3909.37
3.89005	11.9881	1174.21	3941.07
3.89005	11.9881	1173.28	3980.86
3.89005	11.9881	1172.35	3869.52
3.89005	11.9881	1171.43	3936.28
3.89005	11.9881	1170.5	3962.56
3.89005	11.9881	1169.57	3969.95
3.89005	11.9881	1168.65	4025.87
3.89005	11.9881	1167.72	4111.43
3.89005	11.9881	1166.79	4113.4
3.89005	11.9881	1165.86	4287.85
3.89005	11.9881	1164.94	4176.61
3.89005	11.9881	1164.01	4442.58
3.89005	11.9881	1163.08	4398.7
3.89005	11.9881	1162.15	4368.29
3.89005	11.9881	1161.22	4432.14
3.89005	11.9881	1160.3	4307.52
3.89005	11.9881	1159.37	4220.62
3.89005	11.9881	1158.44	4281.77
3.89005	11.9881	1157.51	4221.81
3.89005	11.9881	1156.58	4000.46
3.89005	11.9881	1155.65	4134.24
3.89005	11.9881	1154.72	4157.71
3.89005	11.9881	1153.79	4017.15
3.89005	11.9881	1152.86	4126.67
3.89005	11.9881	1151.93	4160.88
3.89005	11.9881	1151.0	4240.76
3.89005	11.9881	1150.07	4062.67
3.89005	11.9881	1149.14	4126.42
3.89005	11.9881	1148.21	4114.95
3.89005	11.9881	1147.28	3955.77
3.89005	11.9881	1146.35	4145.71
3.89005	11.9881	1145.42	4104.7
3.89005	11.9881	1144.48	4007.35
3.89005	11.9881	1143.55	3891.24
3.89005	11.9881	1142.62	3818.11
3.89005	11.9881	1141.69	3935.47
3.89005	11.9881	1140.76	3921.36
3.89005	11.9881	1139.82	3778.53
3.89005	11.9881	1138.89	3759.09
3.89005	11.9881	1137.96	3608.3
3.89005	11.9881	1137.03	3728.27
3.89005	11.9881	1136.09	3647.22
3.89005	11.9881	1135.16	3643.89
3.89005	11.9881	1134.23	3640.56
3.89005	11.9881	1133.29	3546.17
3.89005	11.9881	1132.36	3722.28
3.89005	11.9881	1131.43	3523.49
3.89005	11.9881	1130.49	3493.42
3.89005	11.9881	1129.56	3543.65
3.89005	11.9881	1128.62	3521.62
3.89005	11.9881	1127.69	3737.71
3.89005	11.9881	1126.76	3512.34
3.89005	11.9881	1125.82	3624.05
3.89005	11.9881	1124.89	3652.82
3.89005	11.9881	1123.95	3582.65
3.89005	11.9881	1123.02	3713.0
3.89005	11.9881	1122.08	3827.27
3.89005	11.9881	1121.14	3869.34
3.89005	11.9881	1120.21	4101.09
3.89005	11.9881	1119.27	4306.05
3.89005	11.9881	1118.34	4476.21
3.89005	11.9881	1117.4	4510.13
3.89005	11.9881	1116.46	4261.04
3.89005	11.9881	1115.53	4302.99
3.89005	11.9881	1114.59	4051.35
3.89005	11.9881	1113.65	4069.31
3.89005	11.9881	1112.72	3828.47
3.89005	11.9881	1111.78	3819.79
3.89005	11.9881	1110.84	3608.42
3.89005	11.9881	1109.9	3439.78
3.89005	11.9881	1108.97	3492.49
3.89005	11.9881	1108.03	3393.25
3.89005	11.9881	1107.09	3416.63
3.89005	11.9881	1106.15	3469.31
3.89005	11.9881	1105.21	3367.46
3.89005	11.9881	1104.28	3385.5
3.89005	11.9881	1103.34	3235.76
3.89005	11.9881	1102.4	3192.58
3.89005	11.9881	1101.46	3157.41
3.89005	11.9881	1100.52	3297.92
3.89005	11.9881	1099.58	3238.78
3.89005	11.9881	1098.64	3150.4
3.89005	11.9881	1097.7	3125.89
3.89005	11.9881	1096.76	3061.5
3.89005	11.9881	1095.82	3060.95
3.89005	11.9881	1094.88	2951.39
3.89005	11.9881	1093.94	3150.25
3.89005	11.9881	1093.0	3000.84
3.89005	11.9881	1092.06	3130.53
3.89005	11.9881	1091.12	2973.2
3.89005	11.9881	1090.18	2927.51
3.89005	11.9881	1089.24	2911.05
3.89005	11.9881	1088.3	2984.89
3.89005	11.9881	1087.35	2971.08
3.89005	11.9881	1086.41	2928.08
3.89005	11.9881	1085.47	2869.17
3.89005	11.9881	1084.53	2879.27
3.89005	11.9881	1083.59	2881.41
3.89005	11.9881	1082.64	2925.99
3.89005	11.9881	1081.7	2912.21
3.89005	11.9881	1080.76	2882.52
3.89005	11.9881	1079.81	2889.96
3.89005	11.9881	1078.87	2998.13
3.89005	11.9881	1077.93	2947.24
3.89005	11.9881	1076.99	2989.11
3.89005	11.9881	1076.04	2938.24
3.89005	11.9881	1075.1	3006.59
3.89005	11.9881	1074.15	2942.49
3.89005	11.9881	1073.21	3000.22
3.89005	11.9881	1072.27	2965.27
3.89005	11.9881	1071.32	3083.85
3.89005	11.9881	1070.38	3091.24
3.89005	11.9881	1069.43	3000.72
3.89005	11.9881	1068.49	2971.09
3.89005	11.9881	1067.54	3113.4
3.89005	11.9881	1066.6	3057.3
3.89005	11.9881	1065.65	2906.03
3.89005	11.9881	1064.71	2971.61
3.89005	11.9881	1063.76	2857.42
3.89005	11.9881	1062.81	2883.33
3.89005	11.9881	1061.87	2713.71
3.89005	11.9881	1060.92	2826.82
3.89005	11.9881	1059.97	2876.51
3.89005	11.9881	1059.03	2915.61
3.89005	11.9881	1058.08	2820.03
3.89005	11.9881	1057.13	2724.48
3.89005	11.9881	1056.19	2885.01
3.89005	11.9881	1055.24	2794.77
3.89005	11.9881	1054.29	2730.94
3.89005	11.9881	1053.34	2822.79
3.89005	11.9881	1052.4	2761.62
3.89005	11.9881	1051.45	2813.87
3.89005	11.9881	1050.5	2715.81
3.89005	11.9881	1049.55	2744.32
3.89005	11.9881	1048.6	2851.89
3.89005	11.9881	1047.66	2774.96
3.89005	11.9881	1046.71	2721.77
3.89005	11.9881	1045.76	2776.6
3.89005	11.9881	1044.81	2678.65
3.89005	11.9881	1043.86	2696.61
3.89005	11.9881	1042.91	2701.39
3.89005	11.9881	1041.96	2874.65
3.89005	11.9881	1041.01	2724.11
3.89005	11.9881	1040.06	2726.26
3.89005	11.9881	1039.11	2620.53
3.89005	11.9881	1038.16	2622.69
3.89005	11.9881	1037.21	2727.42
3.89005	11.9881	1036.26	2603.34
3.89005	11.9881	1035.31	2576.59
3.89005	11.9881	1034.36	2605.04
3.89005	11.9881	1033.4	2712.33
3.89005	11.9881	1032.45	2609.36
3.89005	11.9881	1031.5	2627.29
3.89005	11.9881	1030.55	2624.19
3.89005	11.9881	1029.6	2652.61
3.89005	11.9881	1028.65	2662.64
3.89005	11.9881	1027.69	2748.8
3.89005	11.9881	1026.74	2703.68
3.89005	11.9881	1025.79	2711.07
3.89005	11.9881	1024.84	2786.68
3.89005	11.9881	1023.88	2715.35
3.89005	11.9881	1022.93	2741.09
3.89005	11.9881	1021.98	2766.83
3.89005	11.9881	1021.02	2834.51
3.89005	11.9881	1020.07	2726.51
3.89005	11.9881	1019.12	2733.89
3.89005	11.9881	1018.16	2822.5
3.89005	11.9881	1017.21	2727.67
3.89005	11.9881	1016.25	2732.42
3.89005	11.9881	1015.3	2695.26
3.89005	11.9881	1014.34	2773.34
3.89005	11.9881	1013.39	2657.64
3.89005	11.9881	1012.44	2785.44
3.89005	11.9881	1011.48	2771.85
3.89005	11.9881	1010.52	2763.5
3.89005	11.9881	1009.57	2598.17
3.89005	11.9881	1008.61	2691.88
3.89005	11.9881	1007.66	2735.86
3.89005	11.9881	1006.7	2758.91
3.89005	11.9881	1005.75	2781.94
3.89005	11.9881	1004.79	2838.95
3.89005	11.9881	1003.83	2697.31
3.89005	11.9881	1002.88	2759.54
3.89005	11.9881	1001.92	2790.4
3.89005	11.9881	1000.96	2816.02
3.89005	11.9881	1000.0	2742.38
3.89005	11.9881	999.048	2762.78
3.89005	11.9881	998.09	2665.69
3.89005	11.9881	997.132	2730.47
3.89005	11.9881	996.174	2808.27
3.89005	11.9881	995.216	2677.3
3.89005	11.9881	994.258	2653.34
3.89005	11.9881	993.3	2757.2
3.89005	11.9881	992.341	2691.5
3.89005	11.9881	991.382	2651.91
3.89005	11.9881	990.423	2560.18
3.89005	11.9881	989.4639999999999	2606.64
3.89005	11.9881	988.505	2697.39
3.89005	11.9881	987.546	2704.72
3.89005	11.9881	986.586	2639.11
3.89005	11.9881	985.6260000000001	2633.42
3.89005	11.9881	984.666	2718.89
3.89005	11.9881	983.706	2567.38
3.89005	11.9881	982.7460000000001	2496.63
3.89005	11.9881	981.785	2688.79
3.89005	11.9881	980.825	2623.25
3.89005	11.9881	979.8639999999999	2495.28
3.89005	11.9881	978.903	2453.21
3.89005	11.9881	977.942	2593.23
3.89005	11.9881	976.9810000000001	2553.75
3.89005	11.9881	976.0189999999999	2483.09
3.89005	11.9881	975.057	2620.42
3.89005	11.9881	974.095	2578.37
3.89005	11.9881	973.133	2533.72
3.89005	11.9881	972.171	2561.85
3.89005	11.9881	971.209	2686.08
3.89005	11.9881	970.2460000000001	2670.01
3.89005	11.9881	969.284	2513.72
3.89005	11.9881	968.321	2588.57
3.89005	11.9881	967.3580000000001	2606.27
3.89005	11.9881	966.3939999999999	2649.93
3.89005	11.9881	965.431	2722.11
3.89005	11.9881	964.467	2643.78
3.89005	11.9881	963.5039999999999	2612.18
3.89005	11.9881	962.54	2635.05
3.89005	11.9881	961.576	2587.9
3.89005	11.9881	960.6110000000001	2623.73
3.89005	11.9881	959.6469999999999	2646.59
3.89005	11.9881	958.682	2692.76
3.89005	11.9881	957.7180000000001	2580.86
3.89005	11.9881	956.753	2538.94
3.89005	11.9881	955.7869999999999	2623.96
3.89005	11.9881	954.822	2475.87
3.89005	11.9881	953.857	2537.57
3.89005	11.9881	952.8910000000001	2630.31
3.89005	11.9881	951.925	2733.38
3.89005	11.9881	950.959	2619.01
3.89005	11.9881	949.993	2600.43
3.89005	11.9881	949.0269999999999	2654.29
3.89005	11.9881	948.06	2658.98
3.89005	11.9881	947.0930000000001	2689.54
3.89005	11.9881	946.1260000000001	2601.14
3.89005	11.9881	945.159	2719.59
3.89005	11.9881	944.192	2667.41
3.89005	11.9881	943.225	2542.88
3.89005	11.9881	942.257	2599.27
3.89005	11.9881	941.289	2609.13
3.89005	11.9881	940.321	2464.02
3.89005	11.9881	939.3530000000001	2546.22
3.89005	11.9881	938.385	2597.39
3.89005	11.9881	937.4169999999999	2653.72
3.89005	11.9881	936.448	2699.7
3.89005	11.9881	935.4789999999999	2621.8
3.89005	11.9881	934.51	2660.02
3.89005	11.9881	933.541	2571.84
3.89005	11.9881	932.572	2733.86
3.89005	11.9881	931.602	2653.43
3.89005	11.9881	930.633	2542.09
3.89005	11.9881	929.663	2696.29
3.89005	11.9881	928.693	2706.11
3.89005	11.9881	927.7230000000001	2710.78
3.89005	11.9881	926.752	2725.75
3.89005	11.9881	925.7819999999999	2753.59
3.89005	11.9881	924.811	2755.67
3.89005	11.9881	923.84	2752.6
3.89005	11.9881	922.8689999999999	2798.44
3.89005	11.9881	921.898	2759.33
3.89005	11.9881	920.926	2740.81
3.89005	11.9881	919.955	2799.5
3.89005	11.9881	918.9830000000001	2762.98
3.89005	11.9881	918.0110000000001	2765.05
3.89005	11.9881	917.039	2702.83
3.89005	11.9881	916.066	2684.35
3.89005	11.9881	915.0939999999999	2786.69
3.89005	11.9881	914.1210000000001	2745.06
3.89005	11.9881	913.148	2795.96
3.89005	11.9881	912.175	2772.33
3.89005	11.9881	911.202	2784.68
3.89005	11.9881	910.2289999999999	2766.2
3.89005	11.9881	909.255	2860.71
3.89005	11.9881	908.2819999999999	2654.79
3.89005	11.9881	907.308	2764.7
3.89005	11.9881	906.334	2841.19
3.89005	11.9881	905.36	2791.93
3.89005	11.9881	904.385	2765.76
3.89005	11.9881	903.4110000000001	2842.22
3.89005	11.9881	902.436	2826.32
3.89005	11.9881	901.461	2651.44
3.89005	11.9881	900.4860000000001	2707.36
3.89005	11.9881	899.51	2727.38
3.89005	11.9881	898.535	2762.77
3.89005	11.9881	897.559	2711.02
3.89005	11.9881	896.5830000000001	2687.47
3.89005	11.9881	895.607	2666.49
3.89005	11.9881	894.6310000000001	2681.38
3.89005	11.9881	893.655	2632.24
3.89005	11.9881	892.678	2767.45
3.89005	11.9881	891.702	2825.82
3.89005	11.9881	890.725	2733.18
3.89005	11.9881	889.748	2719.89
3.89005	11.9881	888.77	2773.12
3.89005	11.9881	887.793	2808.43
3.89005	11.9881	886.815	2692.84
3.89005	11.9881	885.8380000000001	2807.41
3.89005	11.9881	884.86	2860.59
3.89005	11.9881	883.882	2826.85
3.89005	11.9881	882.903	2767.56
3.89005	11.9881	881.925	2767.06
3.89005	11.9881	880.946	2917.27
3.89005	11.9881	879.967	2863.11
3.89005	11.9881	878.988	2854.93
3.89005	11.9881	878.0089999999999	2895.26
3.89005	11.9881	877.03	2833.48
3.89005	11.9881	876.05	2784.47
3.89005	11.9881	875.071	2750.79
3.89005	11.9881	874.091	2683.96
3.89005	11.9881	873.1110000000001	2831.42
3.89005	11.9881	872.13	2762.05
3.89005	11.9881	871.15	2715.65
3.89005	11.9881	870.169	2733.01
3.89005	11.9881	869.189	2707.02
3.89005	11.9881	868.2080000000001	2747.31
3.89005	11.9881	867.2260000000001	2866.57
3.89005	11.9881	866.245	2858.41
3.89005	11.9881	865.2639999999999	2901.19
3.89005	11.9881	864.2819999999999	2854.82
3.89005	11.9881	863.3	2808.47
3.89005	11.9881	862.318	2869.06
3.89005	11.9881	861.336	2787.09
3.89005	11.9881	860.3530000000001	2740.78
3.89005	11.9881	859.3710000000001	2681.76
3.89005	11.9881	858.388	2714.35
3.89005	11.9881	857.405	2693.51
3.89005	11.9881	856.422	2863.4
3.89005	11.9881	855.439	2728.13
3.89005	11.9881	854.455	2816.6
3.89005	11.9881	853.472	2793.22
3.89005	11.9881	852.488	2724.1
3.89005	11.9881	851.5039999999999	2721.07
3.89005	11.9881	850.52	2692.63
3.89005	11.9881	849.535	2679.44
3.89005	11.9881	848.551	2714.51
3.89005	11.9881	847.566	2724.17
3.89005	11.9881	846.581	2759.21
3.89005	11.9881	845.596	2705.42
3.89005	11.9881	844.6110000000001	2712.54
3.89005	11.9881	843.6260000000001	2805.91
3.89005	11.9881	842.64	2658.29
3.89005	11.9881	841.654	2645.12
3.89005	11.9881	840.668	2657.32
3.89005	11.9881	839.682	2656.84
3.89005	11.9881	838.696	2719.72
3.89005	11.9881	837.709	2686.28
3.89005	11.9881	836.7230000000001	2766.88
3.89005	11.9881	835.7360000000001	2685.31
3.89005	11.9881	834.7489999999999	2700.02
3.89005	11.9881	833.762	2661.54
3.89005	11.9881	832.7739999999999	2653.46
3.89005	11.9881	831.7869999999999	2655.51
3.89005	11.9881	830.799	2639.84
3.89005	11.9881	829.811	2697.57
3.89005	11.9881	828.823	2686.95
3.89005	11.9881	827.835	2585.28
3.89005	11.9881	826.846	2723.92
3.89005	11.9881	825.857	2720.89
3.89005	11.9881	824.8689999999999	2760.85
3.89005	11.9881	823.88	2745.18
3.89005	11.9881	822.89	2666.33
3.89005	11.9881	821.9010000000001	2751.76
3.89005	11.9881	820.9119999999999	2723.47
3.89005	11.9881	819.922	2680.04
3.89005	11.9881	818.932	2725.01
3.89005	11.9881	817.942	2762.39
3.89005	11.9881	816.952	2734.11
3.89005	11.9881	815.961	2647.8
3.89005	11.9881	814.971	2748.26
3.89005	11.9881	813.98	2815.89
3.89005	11.9881	812.9889999999999	2772.49
3.89005	11.9881	811.998	2824.95
3.89005	11.9881	811.0060000000001	2741.22
3.89005	11.9881	810.015	2937.39
3.89005	11.9881	809.023	2881.39
3.89005	11.9881	808.0310000000001	2951.44
3.89005	11.9881	807.039	2913.1
3.89005	11.9881	806.047	2867.22
3.89005	11.9881	805.054	2700.44
3.89005	11.9881	804.062	2662.17
3.89005	11.9881	803.069	2764.93
3.89005	11.9881	802.076	2688.89
3.89005	11.9881	801.0830000000001	2562.54
3.89005	11.9881	800.0889999999999	2690.43
3.89005	11.9881	799.096	2649.68
3.89005	11.9881	798.102	2651.71
3.89005	11.9881	797.1080000000001	2633.62
3.89005	11.9881	796.1139999999999	2665.84
3.89005	11.9881	795.12	2677.93
3.89005	11.9881	794.1260000000001	2619.61
3.89005	11.9881	793.1310000000001	2649.3
3.89005	11.9881	792.1360000000001	2686.51
3.89005	11.9881	791.1410000000001	2804.12
3.89005	11.9881	790.1460000000001	2723.22
3.89005	11.9881	789.1510000000001	2740.3
3.89005	11.9881	788.155	2712.18
3.89005	11.9881	787.16	2781.99
3.89005	11.9881	786.164	2653.45
3.89005	11.9881	785.168	2680.58
3.89005	11.9881	784.171	2757.88
3.89005	11.9881	783.175	2606.84
3.89005	11.9881	782.178	2623.92
3.89005	11.9881	781.182	2721.26
3.89005	11.9881	780.185	2863.7
3.89005	11.9881	779.188	2655.08
3.89005	11.9881	778.19	2667.13
3.89005	11.9881	777.193	2689.2
3.89005	11.9881	776.195	2701.24
3.89005	11.9881	775.197	2552.93
3.89005	11.9881	774.199	2625.11
3.89005	11.9881	773.201	2657.19
3.89005	11.9881	772.202	2629.16
3.89005	11.9881	771.204	2548.57
3.89005	11.9881	770.205	2588.15
3.89005	11.9881	769.206	2652.74
3.89005	11.9881	768.207	2552.17
3.89005	11.9881	767.2080000000001	2531.7
3.89005	11.9881	766.2080000000001	2551.24
3.89005	11.9881	765.2080000000001	2585.79
3.89005	11.9881	764.209	2550.31
3.89005	11.9881	763.2080000000001	2542.35
3.89005	11.9881	762.2080000000001	2609.37
3.89005	11.9881	761.2080000000001	2508.93
3.89005	11.9881	760.207	2638.39
3.89005	11.9881	759.206	2725.34
3.89005	11.9881	758.205	2657.41
3.89005	11.9881	757.204	2636.95
3.89005	11.9881	756.203	2604.01
3.89005	11.9881	755.201	2655.95
3.89005	11.9881	754.2	2760.29
3.89005	11.9881	753.198	2724.85
3.89005	11.9881	752.196	2884.02
3.89005	11.9881	751.193	3063.09
3.89005	11.9881	750.191	3102.43
3.89005	11.9881	749.188	3094.39
3.89005	11.9881	748.186	2959.2
3.89005	11.9881	747.183	3050.88
3.89005	11.9881	746.179	2955.62
3.89005	11.9881	745.176	3049.77
3.89005	11.9881	744.173	2989.42
3.89005	11.9881	743.169	3021.25
3.89005	11.9881	742.165	2928.56
3.89005	11.9881	741.1610000000001	2811.0
3.89005	11.9881	740.1569999999999	2902.6
3.89005	11.9881	739.1519999999999	2867.22
3.89005	11.9881	738.1469999999999	2891.58
3.89005	11.9881	737.143	2794.02
3.89005	11.9881	736.138	2942.76
3.89005	11.9881	735.132	2937.25
3.89005	11.9881	734.127	2802.43
3.89005	11.9881	733.122	2824.29
3.89005	11.9881	732.1160000000001	2900.83
3.89005	11.9881	731.11	2925.16
3.89005	11.9881	730.1039999999999	2882.38
3.89005	11.9881	729.097	3038.37
3.89005	11.9881	728.091	3114.81
3.89005	11.9881	727.084	3032.29
3.89005	11.9881	726.077	3004.42
3.89005	11.9881	725.07	3090.76
3.89005	11.9881	724.063	2961.12
3.89005	11.9881	723.056	2841.46
3.89005	11.9881	722.048	2843.42
3.89005	11.9881	721.04	2847.86
3.89005	11.9881	720.0319999999999	2780.37
3.89005	11.9881	719.0239999999999	2792.26
3.89005	11.9881	718.0160000000001	2828.94
3.89005	11.9881	717.007	2773.89
3.89005	11.9881	715.9989999999999	2728.77
3.89005	11.9881	714.99	2710.92
3.89005	11.9881	713.9810000000001	2737.68
3.89005	11.9881	712.972	2742.13
3.89005	11.9881	711.962	2758.96
3.89005	11.9881	710.953	2590.08
3.89005	11.9881	709.943	2646.55
3.89005	11.9881	708.933	2717.84
3.89005	11.9881	707.923	2596.08
3.89005	11.9881	706.9119999999999	2610.45
3.89005	11.9881	705.9019999999999	2612.44
3.89005	11.9881	704.8910000000001	2569.92
3.89005	11.9881	703.88	2698.04
3.89005	11.9881	702.8689999999999	2573.92
3.89005	11.9881	701.8580000000001	2630.31
3.89005	11.9881	700.846	2575.45
3.89005	11.9881	699.834	2663.94
3.89005	11.9881	698.823	2646.15
3.89005	11.9881	697.811	2739.54
3.89005	11.9881	696.798	2529.1
3.89005	11.9881	695.7860000000001	2592.84
3.89005	11.9881	694.773	2619.52
3.89005	11.9881	693.7610000000001	2609.17
3.89005	11.9881	692.748	2635.84
3.89005	11.9881	691.7339999999999	2652.63
3.89005	11.9881	690.721	2592.93
3.89005	11.9881	689.7080000000001	2545.59
3.89005	11.9881	688.694	2609.24
3.89005	11.9881	687.68	2564.38
3.89005	11.9881	686.666	2613.21
3.89005	11.9881	685.6519999999999	2625.06
3.89005	11.9881	684.637	2661.54
3.89005	11.9881	683.623	2520.61
3.89005	11.9881	682.6080000000001	2557.1
3.89005	11.9881	681.5930000000001	2608.35
3.89005	11.9881	680.578	2664.51
3.89005	11.9881	679.562	2612.32
3.89005	11.9881	678.547	2668.45
3.89005	11.9881	677.5310000000001	2655.66
3.89005	11.9881	676.515	2677.32
3.89005	11.9881	675.4989999999999	2698.97
3.89005	11.9881	674.482	2656.65
3.89005	11.9881	673.466	2619.27
3.89005	11.9881	672.449	2808.13
3.89005	11.9881	671.432	2719.11
3.89005	11.9881	670.415	2708.78
3.89005	11.9881	669.398	2779.55
3.89005	11.9881	668.3810000000001	2798.7
3.89005	11.9881	667.363	2761.33
3.89005	11.9881	666.345	2780.47
3.89005	11.9881	665.327	2750.49
3.89005	11.9881	664.309	2808.91
3.89005	11.9881	663.291	2693.02
3.89005	11.9881	662.2719999999999	2707.25
3.89005	11.9881	661.253	2868.71
3.89005	11.9881	660.2339999999999	2799.49
3.89005	11.9881	659.215	2767.08
3.89005	11.9881	658.196	2896.56
3.89005	11.9881	657.176	2758.71
3.89005	11.9881	656.1569999999999	2726.33
3.89005	11.9881	655.137	2738.08
3.89005	11.9881	654.117	2806.2
3.89005	11.9881	653.097	2759.13
3.89005	11.9881	652.076	2694.92
3.89005	11.9881	651.056	2748.31
3.89005	11.9881	650.035	2791.89
3.89005	11.9881	649.014	2899.11
3.89005	11.9881	647.993	2695.38
3.89005	11.9881	646.971	2863.78
3.89005	11.9881	645.95	2882.83
3.89005	11.9881	644.928	2862.72
3.89005	11.9881	643.906	2891.55
3.89005	11.9881	642.884	3023.09
3.89005	11.9881	641.861	2968.74
3.89005	11.9881	640.839	3078.21
3.89005	11.9881	639.816	3048.31
3.89005	11.9881	638.793	3099.08
3.89005	11.9881	637.77	3083.84
3.89005	11.9881	636.747	3093.05
3.89005	11.9881	635.724	3119.35
3.89005	11.9881	634.7	3113.89
3.89005	11.9881	633.6759999999999	3101.11
3.89005	11.9881	632.6519999999999	3232.37
3.89005	11.9881	631.628	3182.95
3.89005	11.9881	630.6030000000001	3116.47
3.89005	11.9881	629.5790000000001	3067.1
3.89005	11.9881	628.554	3112.88
3.89005	11.9881	627.529	3151.34
3.89005	11.9881	626.504	2882.5
3.89005	11.9881	625.479	2869.78
3.89005	11.9881	624.453	2915.57
3.89005	11.9881	623.427	2783.41
3.89005	11.9881	622.401	2678.12
3.89005	11.9881	621.375	2626.46
3.89005	11.9881	620.349	2762.39
3.89005	11.9881	619.323	2635.23
3.89005	11.9881	618.2959999999999	2603.09
3.89005	11.9881	617.269	2687.82
3.89005	11.9881	616.242	2631.34
3.89005	11.9881	615.215	2694.13
3.89005	11.9881	614.187	2696.06
3.89005	11.9881	613.16	2678.54
3.89005	11.9881	612.132	2549.13
3.89005	11.9881	611.104	2526.77
3.89005	11.9881	610.076	2591.95
3.89005	11.9881	609.047	2644.95
3.89005	11.9881	608.019	2610.44
3.89005	11.9881	606.99	2461.72
3.89005	11.9881	605.961	2512.29
3.89005	11.9881	604.932	2543.4
3.89005	11.9881	603.903	2574.51
3.89005	11.9881	602.873	2486.61
3.89005	11.9881	601.844	2537.14
3.89005	11.9881	600.814	2553.66
