-0.00996097	7.42852	1799.31	1518.86
-0.00996097	7.42852	1798.5	1598.05
-0.00996097	7.42852	1797.68	1603.89
-0.00996097	7.42852	1796.86	1637.22
-0.00996097	7.42852	1796.04	1694.97
-0.00996097	7.42852	1795.22	1700.79
-0.00996097	7.42852	1794.4	1581.44
-0.00996097	7.42852	1793.58	1666.64
-0.00996097	7.42852	1792.76	1727.4
-0.00996097	7.42852	1791.94	1687.44
-0.00996097	7.42852	1791.13	1623.08
-0.00996097	7.42852	1790.31	1665.51
-0.00996097	7.42852	1789.49	1622.53
-0.00996097	7.42852	1788.67	1640.56
-0.00996097	7.42852	1787.85	1701.25
-0.00996097	7.42852	1787.03	1630.86
-0.00996097	7.42852	1786.21	1661.06
-0.00996097	7.42852	1785.39	1743.05
-0.00996097	7.42852	1784.56	1636.12
-0.00996097	7.42852	1783.74	1669.36
-0.00996097	7.42852	1782.92	1769.58
-0.00996097	7.42852	1782.1	1729.7
-0.00996097	7.42852	1781.28	1650.24
-0.00996097	7.42852	1780.46	1567.77
-0.00996097	7.42852	1779.64	1604.03
-0.00996097	7.42852	1778.82	1704.18
-0.00996097	7.42852	1778.0	1697.81
-0.00996097	7.42852	1777.17	1694.48
-0.00996097	7.42852	1776.35	1712.44
-0.00996097	7.42852	1775.53	1645.25
-0.00996097	7.42852	1774.71	1736.19
-0.00996097	7.42852	1773.89	1571.73
-0.00996097	7.42852	1773.06	1756.88
-0.00996097	7.42852	1772.24	1692.76
-0.00996097	7.42852	1771.42	1662.09
-0.00996097	7.42852	1770.59	1661.81
-0.00996097	7.42852	1769.77	1688.86
-0.00996097	7.42852	1768.95	1767.54
-0.00996097	7.42852	1768.12	1709.55
-0.00996097	7.42852	1767.3	1618.18
-0.00996097	7.42852	1766.48	1739.32
-0.00996097	7.42852	1765.65	1651.02
-0.00996097	7.42852	1764.83	1705.36
-0.00996097	7.42852	1764.01	1771.81
-0.00996097	7.42852	1763.18	1768.48
-0.00996097	7.42852	1762.36	1671.13
-0.00996097	7.42852	1761.53	1652.65
-0.00996097	7.42852	1760.71	1797.9
-0.00996097	7.42852	1759.88	1782.44
-0.00996097	7.42852	1759.06	1724.55
-0.00996097	7.42852	1758.23	1751.53
-0.00996097	7.42852	1757.41	1757.3
-0.00996097	7.42852	1756.58	1744.88
-0.00996097	7.42852	1755.76	1747.61
-0.00996097	7.42852	1754.93	1714.01
-0.00996097	7.42852	1754.11	1795.47
-0.00996097	7.42852	1753.28	1819.38
-0.00996097	7.42852	1752.46	1809.99
-0.00996097	7.42852	1751.63	1800.61
-0.00996097	7.42852	1750.8	1763.99
-0.00996097	7.42852	1749.98	1793.95
-0.00996097	7.42852	1749.15	1805.74
-0.00996097	7.42852	1748.32	1926.4
-0.00996097	7.42852	1747.5	1786.99
-0.00996097	7.42852	1746.67	1832.03
-0.00996097	7.42852	1745.84	1886.13
-0.00996097	7.42852	1745.02	1861.63
-0.00996097	7.42852	1744.19	1809.95
-0.00996097	7.42852	1743.36	1794.54
-0.00996097	7.42852	1742.53	1779.13
-0.00996097	7.42852	1741.71	1796.95
-0.00996097	7.42852	1740.88	1745.31
-0.00996097	7.42852	1740.05	1865.78
-0.00996097	7.42852	1739.22	1862.44
-0.00996097	7.42852	1738.39	1792.71
-0.00996097	7.42852	1737.56	1879.92
-0.00996097	7.42852	1736.74	1885.63
-0.00996097	7.42852	1735.91	1849.11
-0.00996097	7.42852	1735.08	1764.35
-0.00996097	7.42852	1734.25	1761.04
-0.00996097	7.42852	1733.42	1775.81
-0.00996097	7.42852	1732.59	1874.99
-0.00996097	7.42852	1731.76	1877.68
-0.00996097	7.42852	1730.93	1850.24
-0.00996097	7.42852	1730.1	1822.81
-0.00996097	7.42852	1729.27	1825.52
-0.00996097	7.42852	1728.44	1891.47
-0.00996097	7.42852	1727.61	1806.83
-0.00996097	7.42852	1726.78	1845.66
-0.00996097	7.42852	1725.95	1872.44
-0.00996097	7.42852	1725.12	1908.24
-0.00996097	7.42852	1724.29	1956.07
-0.00996097	7.42852	1723.46	1961.76
-0.00996097	7.42852	1722.63	1967.44
-0.00996097	7.42852	1721.8	1888.9
-0.00996097	7.42852	1720.96	1927.68
-0.00996097	7.42852	1720.13	2014.55
-0.00996097	7.42852	1719.3	1918.0
-0.00996097	7.42852	1718.47	1947.73
-0.00996097	7.42852	1717.64	1959.42
-0.00996097	7.42852	1716.81	1956.09
-0.00996097	7.42852	1715.97	1925.71
-0.00996097	7.42852	1715.14	1940.4
-0.00996097	7.42852	1714.31	1955.09
-0.00996097	7.42852	1713.48	1903.71
-0.00996097	7.42852	1712.64	1999.46
-0.00996097	7.42852	1711.81	2071.16
-0.00996097	7.42852	1710.98	1956.76
-0.00996097	7.42852	1710.14	2070.46
-0.00996097	7.42852	1709.31	2061.1
-0.00996097	7.42852	1708.48	2069.75
-0.00996097	7.42852	1707.64	2129.38
-0.00996097	7.42852	1706.81	2102.03
-0.00996097	7.42852	1705.98	2005.74
-0.00996097	7.42852	1705.14	1963.43
-0.00996097	7.42852	1704.31	2190.87
-0.00996097	7.42852	1703.47	2073.63
-0.00996097	7.42852	1702.64	2091.26
-0.00996097	7.42852	1701.81	2025.0
-0.00996097	7.42852	1700.97	2153.44
-0.00996097	7.42852	1700.14	2144.09
-0.00996097	7.42852	1699.3	2062.89
-0.00996097	7.42852	1698.47	2116.42
-0.00996097	7.42852	1697.63	2116.06
-0.00996097	7.42852	1696.79	2193.51
-0.00996097	7.42852	1695.96	2058.49
-0.00996097	7.42852	1695.12	2064.13
-0.00996097	7.42852	1694.29	2096.68
-0.00996097	7.42852	1693.45	2192.01
-0.00996097	7.42852	1692.62	2185.66
-0.00996097	7.42852	1691.78	2101.58
-0.00996097	7.42852	1690.94	2119.16
-0.00996097	7.42852	1690.11	2154.66
-0.00996097	7.42852	1689.27	2187.16
-0.00996097	7.42852	1688.43	2225.63
-0.00996097	7.42852	1687.6	2189.4
-0.00996097	7.42852	1686.76	2138.26
-0.00996097	7.42852	1685.92	2137.9
-0.00996097	7.42852	1685.08	2173.36
-0.00996097	7.42852	1684.25	2262.53
-0.00996097	7.42852	1683.41	2274.09
-0.00996097	7.42852	1682.57	2225.96
-0.00996097	7.42852	1681.73	2255.41
-0.00996097	7.42852	1680.89	2266.96
-0.00996097	7.42852	1680.06	2287.45
-0.00996097	7.42852	1679.22	2296.0
-0.00996097	7.42852	1678.38	2367.17
-0.00996097	7.42852	1677.54	2262.43
-0.00996097	7.42852	1676.7	2193.5
-0.00996097	7.42852	1675.86	2288.48
-0.00996097	7.42852	1675.02	2395.34
-0.00996097	7.42852	1674.18	2481.32
-0.00996097	7.42852	1673.35	2334.96
-0.00996097	7.42852	1672.51	2316.7
-0.00996097	7.42852	1671.67	2340.12
-0.00996097	7.42852	1670.83	2417.12
-0.00996097	7.42852	1669.99	2434.56
-0.00996097	7.42852	1669.15	2380.59
-0.00996097	7.42852	1668.31	2427.78
-0.00996097	7.42852	1667.47	2501.74
-0.00996097	7.42852	1666.62	2468.59
-0.00996097	7.42852	1665.78	2503.86
-0.00996097	7.42852	1664.94	2390.45
-0.00996097	7.42852	1664.1	2494.09
-0.00996097	7.42852	1663.26	2529.33
-0.00996097	7.42852	1662.42	2728.0
-0.00996097	7.42852	1661.58	2439.33
-0.00996097	7.42852	1660.74	2608.24
-0.00996097	7.42852	1659.9	2750.36
-0.00996097	7.42852	1659.05	2512.32
-0.00996097	7.42852	1658.21	2547.52
-0.00996097	7.42852	1657.37	2547.09
-0.00996097	7.42852	1656.53	2600.08
-0.00996097	7.42852	1655.68	2715.37
-0.00996097	7.42852	1654.84	2700.07
-0.00996097	7.42852	1654.0	2738.18
-0.00996097	7.42852	1653.16	2648.73
-0.00996097	7.42852	1652.31	2787.66
-0.00996097	7.42852	1651.47	2745.67
-0.00996097	7.42852	1650.63	2810.42
-0.00996097	7.42852	1649.78	2774.37
-0.00996097	7.42852	1648.94	2839.1
-0.00996097	7.42852	1648.1	2939.36
-0.00996097	7.42852	1647.25	2867.75
-0.00996097	7.42852	1646.41	2828.76
-0.00996097	7.42852	1645.56	3044.47
-0.00996097	7.42852	1644.72	3032.1
-0.00996097	7.42852	1643.88	3061.19
-0.00996097	7.42852	1643.03	3099.15
-0.00996097	7.42852	1642.19	3086.78
-0.00996097	7.42852	1641.34	3204.61
-0.00996097	7.42852	1640.5	3186.31
-0.00996097	7.42852	1639.65	3197.6
-0.00996097	7.42852	1638.81	3288.74
-0.00996097	7.42852	1637.96	3406.46
-0.00996097	7.42852	1637.11	3417.7
-0.00996097	7.42852	1636.27	3352.08
-0.00996097	7.42852	1635.42	3457.91
-0.00996097	7.42852	1634.58	3475.05
-0.00996097	7.42852	1633.73	3619.22
-0.00996097	7.42852	1632.88	3654.05
-0.00996097	7.42852	1632.04	3792.24
-0.00996097	7.42852	1631.19	3756.15
-0.00996097	7.42852	1630.34	3965.14
-0.00996097	7.42852	1629.5	3952.65
-0.00996097	7.42852	1628.65	4102.5
-0.00996097	7.42852	1627.8	4057.53
-0.00996097	7.42852	1626.96	4092.24
-0.00996097	7.42852	1626.11	4177.09
-0.00996097	7.42852	1625.26	4332.69
-0.00996097	7.42852	1624.41	4296.57
-0.00996097	7.42852	1623.57	4337.11
-0.00996097	7.42852	1622.72	4533.88
-0.00996097	7.42852	1621.87	4406.36
-0.00996097	7.42852	1621.02	4535.27
-0.00996097	7.42852	1620.17	4667.08
-0.00996097	7.42852	1619.32	4695.74
-0.00996097	7.42852	1618.47	4689.05
-0.00996097	7.42852	1617.63	4679.41
-0.00996097	7.42852	1616.78	4652.11
-0.00996097	7.42852	1615.93	4769.07
-0.00996097	7.42852	1615.08	4741.76
-0.00996097	7.42852	1614.23	4873.38
-0.00996097	7.42852	1613.38	4775.45
-0.00996097	7.42852	1612.53	4792.28
-0.00996097	7.42852	1611.68	4838.52
-0.00996097	7.42852	1610.83	4937.68
-0.00996097	7.42852	1609.98	4804.52
-0.00996097	7.42852	1609.13	4985.97
-0.00996097	7.42852	1608.28	4949.84
-0.00996097	7.42852	1607.43	4940.18
-0.00996097	7.42852	1606.58	4742.46
-0.00996097	7.42852	1605.73	4876.79
-0.00996097	7.42852	1604.87	4937.64
-0.00996097	7.42852	1604.02	4974.97
-0.00996097	7.42852	1603.17	5302.98
-0.00996097	7.42852	1602.32	5096.57
-0.00996097	7.42852	1601.47	4954.8
-0.00996097	7.42852	1600.62	5353.08
-0.00996097	7.42852	1599.76	5240.66
-0.00996097	7.42852	1598.91	5222.16
-0.00996097	7.42852	1598.06	5277.0
-0.00996097	7.42852	1597.21	5211.57
-0.00996097	7.42852	1596.36	5333.84
-0.00996097	7.42852	1595.5	5318.26
-0.00996097	7.42852	1594.65	5323.21
-0.00996097	7.42852	1593.8	5234.38
-0.00996097	7.42852	1592.94	5292.08
-0.00996097	7.42852	1592.09	5355.63
-0.00996097	7.42852	1591.24	5360.57
-0.00996097	7.42852	1590.38	5239.57
-0.00996097	7.42852	1589.53	5241.6
-0.00996097	7.42852	1588.68	5354.89
-0.00996097	7.42852	1587.82	5213.46
-0.00996097	7.42852	1586.97	5101.35
-0.00996097	7.42852	1586.11	5129.73
-0.00996097	7.42852	1585.26	5117.15
-0.00996097	7.42852	1584.4	5195.25
-0.00996097	7.42852	1583.55	5179.74
-0.00996097	7.42852	1582.69	5213.94
-0.00996097	7.42852	1581.84	5192.58
-0.00996097	7.42852	1580.98	5197.53
-0.00996097	7.42852	1580.13	5234.64
-0.00996097	7.42852	1579.27	5078.86
-0.00996097	7.42852	1578.42	5338.02
-0.00996097	7.42852	1577.56	5205.65
-0.00996097	7.42852	1576.71	5257.33
-0.00996097	7.42852	1575.85	5168.82
-0.00996097	7.42852	1574.99	5094.94
-0.00996097	7.42852	1574.14	5248.78
-0.00996097	7.42852	1573.28	5157.4
-0.00996097	7.42852	1572.42	5136.09
-0.00996097	7.42852	1571.57	5120.62
-0.00996097	7.42852	1570.71	5096.4
-0.00996097	7.42852	1569.85	5095.52
-0.00996097	7.42852	1569.0	5053.82
-0.00996097	7.42852	1568.14	4933.41
-0.00996097	7.42852	1567.28	5005.44
-0.00996097	7.42852	1566.42	4920.05
-0.00996097	7.42852	1565.56	4866.75
-0.00996097	7.42852	1564.71	4909.62
-0.00996097	7.42852	1563.85	4824.29
-0.00996097	7.42852	1562.99	4899.19
-0.00996097	7.42852	1562.13	4895.44
-0.00996097	7.42852	1561.27	4833.45
-0.00996097	7.42852	1560.41	4692.88
-0.00996097	7.42852	1559.56	4648.41
-0.00996097	7.42852	1558.7	4729.1
-0.00996097	7.42852	1557.84	4533.34
-0.00996097	7.42852	1556.98	4596.56
-0.00996097	7.42852	1556.12	4598.68
-0.00996097	7.42852	1555.26	4664.78
-0.00996097	7.42852	1554.4	4538.94
-0.00996097	7.42852	1553.54	4523.63
-0.00996097	7.42852	1552.68	4447.27
-0.00996097	7.42852	1551.82	4530.79
-0.00996097	7.42852	1550.96	4521.29
-0.00996097	7.42852	1550.1	4369.44
-0.00996097	7.42852	1549.24	4400.64
-0.00996097	7.42852	1548.38	4434.74
-0.00996097	7.42852	1547.52	4425.26
-0.00996097	7.42852	1546.65	4441.92
-0.00996097	7.42852	1545.79	4339.56
-0.00996097	7.42852	1544.93	4428.78
-0.00996097	7.42852	1544.07	4288.74
-0.00996097	7.42852	1543.21	4430.16
-0.00996097	7.42852	1542.35	4403.29
-0.00996097	7.42852	1541.48	4254.62
-0.00996097	7.42852	1540.62	4303.18
-0.00996097	7.42852	1539.76	4421.31
-0.00996097	7.42852	1538.9	4284.31
-0.00996097	7.42852	1538.04	4231.4
-0.00996097	7.42852	1537.17	4419.02
-0.00996097	7.42852	1536.31	4482.0
-0.00996097	7.42852	1535.45	4336.39
-0.00996097	7.42852	1534.58	4266.14
-0.00996097	7.42852	1533.72	4398.6
-0.00996097	7.42852	1532.86	4588.93
-0.00996097	7.42852	1531.99	4512.88
-0.00996097	7.42852	1531.13	4309.5
-0.00996097	7.42852	1530.27	4450.55
-0.00996097	7.42852	1529.4	4435.32
-0.00996097	7.42852	1528.54	4567.62
-0.00996097	7.42852	1527.67	4549.48
-0.00996097	7.42852	1526.81	4499.54
-0.00996097	7.42852	1525.94	4640.43
-0.00996097	7.42852	1525.08	4486.42
-0.00996097	7.42852	1524.21	4537.67
-0.00996097	7.42852	1523.35	4372.18
-0.00996097	7.42852	1522.48	4458.1
-0.00996097	7.42852	1521.62	4593.1
-0.00996097	7.42852	1520.75	4572.09
-0.00996097	7.42852	1519.89	4493.33
-0.00996097	7.42852	1519.02	4382.84
-0.00996097	7.42852	1518.15	4295.49
-0.00996097	7.42852	1517.29	4467.92
-0.00996097	7.42852	1516.42	4420.98
-0.00996097	7.42852	1515.56	4420.21
-0.00996097	7.42852	1514.69	4534.84
-0.00996097	7.42852	1513.82	4461.95
-0.00996097	7.42852	1512.96	4521.74
-0.00996097	7.42852	1512.09	4549.79
-0.00996097	7.42852	1511.22	4629.73
-0.00996097	7.42852	1510.35	4525.17
-0.00996097	7.42852	1509.49	4847.14
-0.00996097	7.42852	1508.62	4653.26
-0.00996097	7.42852	1507.75	4721.6
-0.00996097	7.42852	1506.88	4827.35
-0.00996097	7.42852	1506.01	4682.53
-0.00996097	7.42852	1505.15	4831.44
-0.00996097	7.42852	1504.28	4666.52
-0.00996097	7.42852	1503.41	4763.57
-0.00996097	7.42852	1502.54	4840.45
-0.00996097	7.42852	1501.67	4721.65
-0.00996097	7.42852	1500.8	4798.5
-0.00996097	7.42852	1499.93	4740.15
-0.00996097	7.42852	1499.06	4733.58
-0.00996097	7.42852	1498.19	4626.37
-0.00996097	7.42852	1497.32	4625.58
-0.00996097	7.42852	1496.46	4601.78
-0.00996097	7.42852	1495.59	4667.08
-0.00996097	7.42852	1494.72	4519.74
-0.00996097	7.42852	1493.84	4495.97
-0.00996097	7.42852	1492.97	4388.92
-0.00996097	7.42852	1492.1	4414.01
-0.00996097	7.42852	1491.23	4493.64
-0.00996097	7.42852	1490.36	4363.68
-0.00996097	7.42852	1489.49	4400.24
-0.00996097	7.42852	1488.62	4390.87
-0.00996097	7.42852	1487.75	4292.55
-0.00996097	7.42852	1486.88	4303.28
-0.00996097	7.42852	1486.01	4311.15
-0.00996097	7.42852	1485.13	4273.12
-0.00996097	7.42852	1484.26	4174.89
-0.00996097	7.42852	1483.39	4308.91
-0.00996097	7.42852	1482.52	4213.57
-0.00996097	7.42852	1481.65	4264.43
-0.00996097	7.42852	1480.77	4189.19
-0.00996097	7.42852	1479.9	4217.12
-0.00996097	7.42852	1479.03	4207.79
-0.00996097	7.42852	1478.16	4235.71
-0.00996097	7.42852	1477.28	4249.29
-0.00996097	7.42852	1476.41	4205.61
-0.00996097	7.42852	1475.54	4170.53
-0.00996097	7.42852	1474.66	4238.5
-0.00996097	7.42852	1473.79	4297.85
-0.00996097	7.42852	1472.91	4274.22
-0.00996097	7.42852	1472.04	4187.67
-0.00996097	7.42852	1471.17	4206.96
-0.00996097	7.42852	1470.29	4180.5
-0.00996097	7.42852	1469.42	4236.96
-0.00996097	7.42852	1468.54	4427.74
-0.00996097	7.42852	1467.67	4324.09
-0.00996097	7.42852	1466.79	4331.91
-0.00996097	7.42852	1465.92	4531.15
-0.00996097	7.42852	1465.04	4521.79
-0.00996097	7.42852	1464.17	4423.91
-0.00996097	7.42852	1463.29	4443.13
-0.00996097	7.42852	1462.42	4493.75
-0.00996097	7.42852	1461.54	4610.0
-0.00996097	7.42852	1460.66	4606.35
-0.00996097	7.42852	1459.79	4374.42
-0.00996097	7.42852	1458.91	4376.51
-0.00996097	7.42852	1458.04	4332.97
-0.00996097	7.42852	1457.16	4312.25
-0.00996097	7.42852	1456.28	4428.42
-0.00996097	7.42852	1455.41	4230.93
-0.00996097	7.42852	1454.53	4381.27
-0.00996097	7.42852	1453.65	4198.11
-0.00996097	7.42852	1452.77	4123.3
-0.00996097	7.42852	1451.9	4199.51
-0.00996097	7.42852	1451.02	4247.2
-0.00996097	7.42852	1450.14	4069.89
-0.00996097	7.42852	1449.26	4060.64
-0.00996097	7.42852	1448.39	4059.93
-0.00996097	7.42852	1447.51	4170.25
-0.00996097	7.42852	1446.63	4226.44
-0.00996097	7.42852	1445.75	4151.73
-0.00996097	7.42852	1444.87	4142.47
-0.00996097	7.42852	1443.99	4033.66
-0.00996097	7.42852	1443.11	4320.21
-0.00996097	7.42852	1442.23	4319.46
-0.00996097	7.42852	1441.35	4173.71
-0.00996097	7.42852	1440.48	4275.32
-0.00996097	7.42852	1439.6	4462.16
-0.00996097	7.42852	1438.72	4384.67
-0.00996097	7.42852	1437.84	4281.62
-0.00996097	7.42852	1436.96	4564.95
-0.00996097	7.42852	1436.08	4598.24
-0.00996097	7.42852	1435.2	4549.16
-0.00996097	7.42852	1434.31	4531.34
-0.00996097	7.42852	1433.43	4587.32
-0.00996097	7.42852	1432.55	4722.76
-0.00996097	7.42852	1431.67	4622.62
-0.00996097	7.42852	1430.79	4766.52
-0.00996097	7.42852	1429.91	4663.57
-0.00996097	7.42852	1429.03	4702.46
-0.00996097	7.42852	1428.15	4871.79
-0.00996097	7.42852	1427.27	4576.08
-0.00996097	7.42852	1426.38	4643.32
-0.00996097	7.42852	1425.5	4829.57
-0.00996097	7.42852	1424.62	4837.24
-0.00996097	7.42852	1423.74	4782.56
-0.00996097	7.42852	1422.85	4759.07
-0.00996097	7.42852	1421.97	4848.88
-0.00996097	7.42852	1421.09	4788.57
-0.00996097	7.42852	1420.21	4932.13
-0.00996097	7.42852	1419.32	4931.27
-0.00996097	7.42852	1418.44	4865.32
-0.00996097	7.42852	1417.56	5020.11
-0.00996097	7.42852	1416.67	4982.46
-0.00996097	7.42852	1415.79	4876.93
-0.00996097	7.42852	1414.9	4881.73
-0.00996097	7.42852	1414.02	4920.48
-0.00996097	7.42852	1413.14	4959.2
-0.00996097	7.42852	1412.25	4915.94
-0.00996097	7.42852	1411.37	4875.51
-0.00996097	7.42852	1410.48	4764.46
-0.00996097	7.42852	1409.6	4921.85
-0.00996097	7.42852	1408.71	4952.07
-0.00996097	7.42852	1407.83	4784.56
-0.00996097	7.42852	1406.94	4916.46
-0.00996097	7.42852	1406.06	4991.83
-0.00996097	7.42852	1405.17	4914.75
-0.00996097	7.42852	1404.29	4806.64
-0.00996097	7.42852	1403.4	4938.43
-0.00996097	7.42852	1402.51	5061.72
-0.00996097	7.42852	1401.63	5043.91
-0.00996097	7.42852	1400.74	4893.55
-0.00996097	7.42852	1399.85	4906.8
-0.00996097	7.42852	1398.97	4925.68
-0.00996097	7.42852	1398.08	4896.63
-0.00996097	7.42852	1397.19	5076.16
-0.00996097	7.42852	1396.31	4920.29
-0.00996097	7.42852	1395.42	5074.4
-0.00996097	7.42852	1394.53	4918.57
-0.00996097	7.42852	1393.64	4878.29
-0.00996097	7.42852	1392.76	4905.6
-0.00996097	7.42852	1391.87	4955.42
-0.00996097	7.42852	1390.98	4968.64
-0.00996097	7.42852	1390.09	5024.06
-0.00996097	7.42852	1389.2	4916.25
-0.00996097	7.42852	1388.32	4954.78
-0.00996097	7.42852	1387.43	5136.78
-0.00996097	7.42852	1386.54	5034.63
-0.00996097	7.42852	1385.65	4842.52
-0.00996097	7.42852	1384.76	5013.19
-0.00996097	7.42852	1383.87	5110.71
-0.00996097	7.42852	1382.98	5160.41
-0.00996097	7.42852	1382.09	5063.96
-0.00996097	7.42852	1381.2	5032.17
-0.00996097	7.42852	1380.31	5025.68
-0.00996097	7.42852	1379.42	5086.59
-0.00996097	7.42852	1378.53	4995.84
-0.00996097	7.42852	1377.64	4983.74
-0.00996097	7.42852	1376.75	5142.88
-0.00996097	7.42852	1375.86	5063.4
-0.00996097	7.42852	1374.97	5056.9
-0.00996097	7.42852	1374.08	5047.6
-0.00996097	7.42852	1373.19	5153.32
-0.00996097	7.42852	1372.3	5211.33
-0.00996097	7.42852	1371.4	5196.4
-0.00996097	7.42852	1370.51	5038.47
-0.00996097	7.42852	1369.62	5158.14
-0.00996097	7.42852	1368.73	5165.65
-0.00996097	7.42852	1367.84	5293.65
-0.00996097	7.42852	1366.94	5259.11
-0.00996097	7.42852	1366.05	5378.65
-0.00996097	7.42852	1365.16	5540.16
-0.00996097	7.42852	1364.27	5407.58
-0.00996097	7.42852	1363.37	5445.83
-0.00996097	7.42852	1362.48	5626.84
-0.00996097	7.42852	1361.59	5611.87
-0.00996097	7.42852	1360.69	5711.63
-0.00996097	7.42852	1359.8	5559.54
-0.00996097	7.42852	1358.91	5751.6
-0.00996097	7.42852	1358.01	5694.65
-0.00996097	7.42852	1357.12	5992.88
-0.00996097	7.42852	1356.22	5840.85
-0.00996097	7.42852	1355.33	5839.83
-0.00996097	7.42852	1354.44	5922.66
-0.00996097	7.42852	1353.54	6094.89
-0.00996097	7.42852	1352.65	5996.03
-0.00996097	7.42852	1351.75	5648.59
-0.00996097	7.42852	1350.86	6147.56
-0.00996097	7.42852	1349.96	5909.11
-0.00996097	7.42852	1349.07	6134.24
-0.00996097	7.42852	1348.17	6049.42
-0.00996097	7.42852	1347.28	6098.6
-0.00996097	7.42852	1346.38	6111.49
-0.00996097	7.42852	1345.48	6107.63
-0.00996097	7.42852	1344.59	6025.67
-0.00996097	7.42852	1343.69	6044.14
-0.00996097	7.42852	1342.79	6090.49
-0.00996097	7.42852	1341.9	6134.03
-0.00996097	7.42852	1341.0	6141.32
-0.00996097	7.42852	1340.1	6193.21
-0.00996097	7.42852	1339.21	6242.29
-0.00996097	7.42852	1338.31	6324.78
-0.00996097	7.42852	1337.41	6365.46
-0.00996097	7.42852	1336.51	6445.12
-0.00996097	7.42852	1335.62	6416.15
-0.00996097	7.42852	1334.72	6417.81
-0.00996097	7.42852	1333.82	6383.28
-0.00996097	7.42852	1332.92	6460.1
-0.00996097	7.42852	1332.02	6620.37
-0.00996097	7.42852	1331.13	6569.13
-0.00996097	7.42852	1330.23	6779.4
-0.00996097	7.42852	1329.33	6808.81
-0.00996097	7.42852	1328.43	6899.39
-0.00996097	7.42852	1327.53	6981.59
-0.00996097	7.42852	1326.63	6977.59
-0.00996097	7.42852	1325.73	6945.8
-0.00996097	7.42852	1324.83	7308.62
-0.00996097	7.42852	1323.93	7371.25
-0.00996097	7.42852	1323.03	7511.63
-0.00996097	7.42852	1322.13	7638.08
-0.00996097	7.42852	1321.23	7722.83
-0.00996097	7.42852	1320.33	7929.72
-0.00996097	7.42852	1319.43	7783.97
-0.00996097	7.42852	1318.53	7824.24
-0.00996097	7.42852	1317.63	7994.93
-0.00996097	7.42852	1316.73	7915.84
-0.00996097	7.42852	1315.83	8075.35
-0.00996097	7.42852	1314.93	7982.4
-0.00996097	7.42852	1314.02	7931.09
-0.00996097	7.42852	1313.12	7868.7
-0.00996097	7.42852	1312.22	7859.01
-0.00996097	7.42852	1311.32	7677.47
-0.00996097	7.42852	1310.42	7809.14
-0.00996097	7.42852	1309.51	7874.27
-0.00996097	7.42852	1308.61	7659.59
-0.00996097	7.42852	1307.71	7638.85
-0.00996097	7.42852	1306.81	7640.28
-0.00996097	7.42852	1305.9	7506.05
-0.00996097	7.42852	1305.0	7449.36
-0.00996097	7.42852	1304.1	7221.1
-0.00996097	7.42852	1303.19	7419.08
-0.00996097	7.42852	1302.29	7351.38
-0.00996097	7.42852	1301.39	7231.13
-0.00996097	7.42852	1300.48	7177.32
-0.00996097	7.42852	1299.58	6952.06
-0.00996097	7.42852	1298.67	7055.91
-0.00996097	7.42852	1297.77	7046.38
-0.00996097	7.42852	1296.86	6829.56
-0.00996097	7.42852	1295.96	6853.23
-0.00996097	7.42852	1295.06	6868.61
-0.00996097	7.42852	1294.15	6643.64
-0.00996097	7.42852	1293.25	6648.0
-0.00996097	7.42852	1292.34	6384.5
-0.00996097	7.42852	1291.43	6502.1
-0.00996097	7.42852	1290.53	6699.71
-0.00996097	7.42852	1289.62	6339.74
-0.00996097	7.42852	1288.72	6360.7
-0.00996097	7.42852	1287.81	6544.44
-0.00996097	7.42852	1286.9	6468.81
-0.00996097	7.42852	1286.0	6390.45
-0.00996097	7.42852	1285.09	6199.05
-0.00996097	7.42852	1284.18	6429.56
-0.00996097	7.42852	1283.28	6491.83
-0.00996097	7.42852	1282.37	6317.05
-0.00996097	7.42852	1281.46	6219.5
-0.00996097	7.42852	1280.56	6066.87
-0.00996097	7.42852	1279.65	6247.61
-0.00996097	7.42852	1278.74	6202.45
-0.00996097	7.42852	1277.83	5906.71
-0.00996097	7.42852	1276.93	5858.87
-0.00996097	7.42852	1276.02	5987.22
-0.00996097	7.42852	1275.11	5947.64
-0.00996097	7.42852	1274.2	5679.67
-0.00996097	7.42852	1273.29	5807.98
-0.00996097	7.42852	1272.38	5925.24
-0.00996097	7.42852	1271.47	5937.95
-0.00996097	7.42852	1270.56	5656.43
-0.00996097	7.42852	1269.66	5715.92
-0.00996097	7.42852	1268.75	5720.41
-0.00996097	7.42852	1267.84	5774.37
-0.00996097	7.42852	1266.93	5715.65
-0.00996097	7.42852	1266.02	5563.54
-0.00996097	7.42852	1265.11	5686.17
-0.00996097	7.42852	1264.2	5668.69
-0.00996097	7.42852	1263.29	5637.49
-0.00996097	7.42852	1262.38	5540.41
-0.00996097	7.42852	1261.46	5566.88
-0.00996097	7.42852	1260.55	5623.54
-0.00996097	7.42852	1259.64	5721.33
-0.00996097	7.42852	1258.73	5476.15
-0.00996097	7.42852	1257.82	5648.0
-0.00996097	7.42852	1256.91	5551.02
-0.00996097	7.42852	1256.0	5615.85
-0.00996097	7.42852	1255.08	5431.17
-0.00996097	7.42852	1254.17	5630.32
-0.00996097	7.42852	1253.26	5300.45
-0.00996097	7.42852	1252.35	5436.53
-0.00996097	7.42852	1251.44	5367.08
-0.00996097	7.42852	1250.52	5264.78
-0.00996097	7.42852	1249.61	5337.8
-0.00996097	7.42852	1248.7	5115.06
-0.00996097	7.42852	1247.78	5127.85
-0.00996097	7.42852	1246.87	5129.68
-0.00996097	7.42852	1245.96	5057.62
-0.00996097	7.42852	1245.04	4955.49
-0.00996097	7.42852	1244.13	5033.95
-0.00996097	7.42852	1243.22	4981.09
-0.00996097	7.42852	1242.3	5010.3
-0.00996097	7.42852	1241.39	4889.1
-0.00996097	7.42852	1240.47	5030.41
-0.00996097	7.42852	1239.56	4849.11
-0.00996097	7.42852	1238.64	4902.92
-0.00996097	7.42852	1237.73	4828.28
-0.00996097	7.42852	1236.81	4718.15
-0.00996097	7.42852	1235.9	4624.44
-0.00996097	7.42852	1234.98	4732.87
-0.00996097	7.42852	1234.07	4603.7
-0.00996097	7.42852	1233.15	4583.78
-0.00996097	7.42852	1232.24	4591.16
-0.00996097	7.42852	1231.32	4358.38
-0.00996097	7.42852	1230.4	4496.77
-0.00996097	7.42852	1229.49	4433.23
-0.00996097	7.42852	1228.57	4345.16
-0.00996097	7.42852	1227.65	4352.57
-0.00996097	7.42852	1226.74	4444.51
-0.00996097	7.42852	1225.82	4334.68
-0.00996097	7.42852	1224.9	4432.04
-0.00996097	7.42852	1223.99	4545.72
-0.00996097	7.42852	1223.07	4449.55
-0.00996097	7.42852	1222.15	4486.91
-0.00996097	7.42852	1221.23	4415.3
-0.00996097	7.42852	1220.31	4547.96
-0.00996097	7.42852	1219.4	4672.41
-0.00996097	7.42852	1218.48	4521.86
-0.00996097	7.42852	1217.56	4553.72
-0.00996097	7.42852	1216.64	4642.72
-0.00996097	7.42852	1215.72	4739.86
-0.00996097	7.42852	1214.8	4687.33
-0.00996097	7.42852	1213.88	4738.18
-0.00996097	7.42852	1212.96	4897.8
-0.00996097	7.42852	1212.05	4834.39
-0.00996097	7.42852	1211.13	4724.8
-0.00996097	7.42852	1210.21	4707.66
-0.00996097	7.42852	1209.29	4657.91
-0.00996097	7.42852	1208.37	4621.76
-0.00996097	7.42852	1207.45	4637.25
-0.00996097	7.42852	1206.53	4372.96
-0.00996097	7.42852	1205.6	4412.93
-0.00996097	7.42852	1204.68	4509.89
-0.00996097	7.42852	1203.76	4433.09
-0.00996097	7.42852	1202.84	4372.59
-0.00996097	7.42852	1201.92	4320.26
-0.00996097	7.42852	1201.0	4357.48
-0.00996097	7.42852	1200.08	4240.06
-0.00996097	7.42852	1199.16	4304.4
-0.00996097	7.42852	1198.23	4317.2
-0.00996097	7.42852	1197.31	4316.44
-0.00996097	7.42852	1196.39	4245.19
-0.00996097	7.42852	1195.47	4412.49
-0.00996097	7.42852	1194.54	4441.52
-0.00996097	7.42852	1193.62	4641.23
-0.00996097	7.42852	1192.7	4450.78
-0.00996097	7.42852	1191.78	4517.7
-0.00996097	7.42852	1190.85	4663.14
-0.00996097	7.42852	1189.93	4443.0
-0.00996097	7.42852	1189.01	4485.53
-0.00996097	7.42852	1188.08	4628.18
-0.00996097	7.42852	1187.16	4697.72
-0.00996097	7.42852	1186.23	4526.44
-0.00996097	7.42852	1185.31	4504.0
-0.00996097	7.42852	1184.39	4492.38
-0.00996097	7.42852	1183.46	4518.63
-0.00996097	7.42852	1182.54	4415.09
-0.00996097	7.42852	1181.61	4384.57
-0.00996097	7.42852	1180.69	4310.82
-0.00996097	7.42852	1179.76	4323.57
-0.00996097	7.42852	1178.84	4260.67
-0.00996097	7.42852	1177.91	4178.87
-0.00996097	7.42852	1176.99	4145.72
-0.00996097	7.42852	1176.06	4117.99
-0.00996097	7.42852	1175.13	4195.55
-0.00996097	7.42852	1174.21	4165.12
-0.00996097	7.42852	1173.28	4099.61
-0.00996097	7.42852	1172.35	4131.26
-0.00996097	7.42852	1171.43	4103.55
-0.00996097	7.42852	1170.5	3887.03
-0.00996097	7.42852	1169.57	3794.64
-0.00996097	7.42852	1168.65	3893.74
-0.00996097	7.42852	1167.72	3839.13
-0.00996097	7.42852	1166.79	3970.53
-0.00996097	7.42852	1165.86	3891.67
-0.00996097	7.42852	1164.94	3793.98
-0.00996097	7.42852	1164.01	3752.89
-0.00996097	7.42852	1163.08	3752.23
-0.00996097	7.42852	1162.15	3886.22
-0.00996097	7.42852	1161.22	3758.98
-0.00996097	7.42852	1160.3	3809.46
-0.00996097	7.42852	1159.37	3614.98
-0.00996097	7.42852	1158.44	3670.86
-0.00996097	7.42852	1157.51	3726.71
-0.00996097	7.42852	1156.58	3666.86
-0.00996097	7.42852	1155.65	3725.39
-0.00996097	7.42852	1154.72	3584.88
-0.00996097	7.42852	1153.79	3732.14
-0.00996097	7.42852	1152.86	3731.47
-0.00996097	7.42852	1151.93	3709.31
-0.00996097	7.42852	1151.0	3542.03
-0.00996097	7.42852	1150.07	3568.27
-0.00996097	7.42852	1149.14	3664.35
-0.00996097	7.42852	1148.21	3507.91
-0.00996097	7.42852	1147.28	3520.72
-0.00996097	7.42852	1146.35	3622.13
-0.00996097	7.42852	1145.42	3591.95
-0.00996097	7.42852	1144.48	3497.37
-0.00996097	7.42852	1143.55	3510.17
-0.00996097	7.42852	1142.62	3536.38
-0.00996097	7.42852	1141.69	3500.87
-0.00996097	7.42852	1140.76	3567.31
-0.00996097	7.42852	1139.82	3534.49
-0.00996097	7.42852	1138.89	3472.2
-0.00996097	7.42852	1137.96	3750.38
-0.00996097	7.42852	1137.03	3562.09
-0.00996097	7.42852	1136.09	3639.18
-0.00996097	7.42852	1135.16	3488.49
-0.00996097	7.42852	1134.23	3485.19
-0.00996097	7.42852	1133.29	3583.67
-0.00996097	7.42852	1132.36	3403.61
-0.00996097	7.42852	1131.43	3464.59
-0.00996097	7.42852	1130.49	3469.33
-0.00996097	7.42852	1129.56	3350.95
-0.00996097	7.42852	1128.62	3334.3
-0.00996097	7.42852	1127.69	3280.19
-0.00996097	7.42852	1126.76	3386.61
-0.00996097	7.42852	1125.82	3313.8
-0.00996097	7.42852	1124.89	3275.77
-0.00996097	7.42852	1123.95	3211.02
-0.00996097	7.42852	1123.02	3295.99
-0.00996097	7.42852	1122.08	3116.34
-0.00996097	7.42852	1121.14	3211.98
-0.00996097	7.42852	1120.21	3248.81
-0.00996097	7.42852	1119.27	3347.07
-0.00996097	7.42852	1118.34	3327.78
-0.00996097	7.42852	1117.4	3295.15
-0.00996097	7.42852	1116.46	3404.02
-0.00996097	7.42852	1115.53	3435.45
-0.00996097	7.42852	1114.59	3437.51
-0.00996097	7.42852	1113.65	3378.19
-0.00996097	7.42852	1112.72	3476.3
-0.00996097	7.42852	1111.78	3376.99
-0.00996097	7.42852	1110.84	3365.72
-0.00996097	7.42852	1109.9	3282.46
-0.00996097	7.42852	1108.97	3276.54
-0.00996097	7.42852	1108.03	3283.96
-0.00996097	7.42852	1107.09	3171.44
-0.00996097	7.42852	1106.15	3194.86
-0.00996097	7.42852	1105.21	3231.59
-0.00996097	7.42852	1104.28	3209.7
-0.00996097	7.42852	1103.34	3083.96
-0.00996097	7.42852	1102.4	3070.1
-0.00996097	7.42852	1101.46	3168.05
-0.00996097	7.42852	1100.52	3186.12
-0.00996097	7.42852	1099.58	3185.55
-0.00996097	7.42852	1098.64	3174.34
-0.00996097	7.42852	1097.7	3200.38
-0.00996097	7.42852	1096.76	3356.74
-0.00996097	7.42852	1095.82	3281.68
-0.00996097	7.42852	1094.88	3382.14
-0.00996097	7.42852	1093.94	3301.78
-0.00996097	7.42852	1093.0	3309.17
-0.00996097	7.42852	1092.06	3319.21
-0.00996097	7.42852	1091.12	3390.36
-0.00996097	7.42852	1090.18	3352.56
-0.00996097	7.42852	1089.24	3197.91
-0.00996097	7.42852	1088.3	3136.26
-0.00996097	7.42852	1087.35	3077.29
-0.00996097	7.42852	1086.41	3132.49
-0.00996097	7.42852	1085.47	3065.58
-0.00996097	7.42852	1084.53	3011.96
-0.00996097	7.42852	1083.59	2937.13
-0.00996097	7.42852	1082.64	3127.6
-0.00996097	7.42852	1081.7	2922.82
-0.00996097	7.42852	1080.76	2975.33
-0.00996097	7.42852	1079.81	2980.11
-0.00996097	7.42852	1078.87	2995.48
-0.00996097	7.42852	1077.93	3024.1
-0.00996097	7.42852	1076.99	3018.26
-0.00996097	7.42852	1076.04	2893.2
-0.00996097	7.42852	1075.1	3030.43
-0.00996097	7.42852	1074.15	2974.27
-0.00996097	7.42852	1073.21	2907.54
-0.00996097	7.42852	1072.27	2893.78
-0.00996097	7.42852	1071.32	3015.03
-0.00996097	7.42852	1070.38	2985.38
-0.00996097	7.42852	1069.43	2844.6
-0.00996097	7.42852	1068.49	3071.62
-0.00996097	7.42852	1067.54	3057.85
-0.00996097	7.42852	1066.6	3102.26
-0.00996097	7.42852	1065.65	3048.82
-0.00996097	7.42852	1064.71	3061.5
-0.00996097	7.42852	1063.76	3013.37
-0.00996097	7.42852	1062.81	3171.4
-0.00996097	7.42852	1061.87	3028.15
-0.00996097	7.42852	1060.92	3083.09
-0.00996097	7.42852	1059.97	2966.31
-0.00996097	7.42852	1059.03	3005.4
-0.00996097	7.42852	1058.08	2983.74
-0.00996097	7.42852	1057.13	2888.17
-0.00996097	7.42852	1056.19	2977.39
-0.00996097	7.42852	1055.24	2868.66
-0.00996097	7.42852	1054.29	2752.05
-0.00996097	7.42852	1053.34	2719.9
-0.00996097	7.42852	1052.4	2859.21
-0.00996097	7.42852	1051.45	2718.93
-0.00996097	7.42852	1050.5	2771.18
-0.00996097	7.42852	1049.55	2773.32
-0.00996097	7.42852	1048.6	2788.64
-0.00996097	7.42852	1047.66	2714.35
-0.00996097	7.42852	1046.71	2824.53
-0.00996097	7.42852	1045.76	2792.41
-0.00996097	7.42852	1044.81	2673.39
-0.00996097	7.42852	1043.86	2783.51
-0.00996097	7.42852	1042.91	2830.41
-0.00996097	7.42852	1041.96	2877.28
-0.00996097	7.42852	1041.01	2929.41
-0.00996097	7.42852	1040.06	2836.78
-0.00996097	7.42852	1039.11	2720.51
-0.00996097	7.42852	1038.16	2835.77
-0.00996097	7.42852	1037.21	2866.82
-0.00996097	7.42852	1036.26	2821.6
-0.00996097	7.42852	1035.31	2768.52
-0.00996097	7.42852	1034.36	2823.22
-0.00996097	7.42852	1033.4	2898.94
-0.00996097	7.42852	1032.45	2864.26
-0.00996097	7.42852	1031.5	2826.96
-0.00996097	7.42852	1030.55	2668.85
-0.00996097	7.42852	1029.6	2699.88
-0.00996097	7.42852	1028.65	2620.63
-0.00996097	7.42852	1027.69	2698.92
-0.00996097	7.42852	1026.74	2680.06
-0.00996097	7.42852	1025.79	2522.11
-0.00996097	7.42852	1024.84	2634.49
-0.00996097	7.42852	1023.88	2639.27
-0.00996097	7.42852	1022.93	2667.65
-0.00996097	7.42852	1021.98	2664.55
-0.00996097	7.42852	1021.02	2572.3
-0.00996097	7.42852	1020.07	2621.65
-0.00996097	7.42852	1019.12	2518.95
-0.00996097	7.42852	1018.16	2597.12
-0.00996097	7.42852	1017.21	2546.87
-0.00996097	7.42852	1016.25	2520.22
-0.00996097	7.42852	1015.3	2614.06
-0.00996097	7.42852	1014.34	2645.02
-0.00996097	7.42852	1013.39	2555.52
-0.00996097	7.42852	1012.44	2659.78
-0.00996097	7.42852	1011.48	2533.66
-0.00996097	7.42852	1010.52	2664.06
-0.00996097	7.42852	1009.57	2558.92
-0.00996097	7.42852	1008.61	2516.61
-0.00996097	7.42852	1007.66	2599.85
-0.00996097	7.42852	1006.7	2594.16
-0.00996097	7.42852	1005.75	2559.7
-0.00996097	7.42852	1004.79	2512.19
-0.00996097	7.42852	1003.83	2506.51
-0.00996097	7.42852	1002.88	2628.88
-0.00996097	7.42852	1001.92	2547.41
-0.00996097	7.42852	1000.96	2476.43
-0.00996097	7.42852	1000.0	2580.45
-0.00996097	7.42852	999.048	2478.15
-0.00996097	7.42852	998.09	2522.09
-0.00996097	7.42852	997.132	2500.75
-0.00996097	7.42852	996.174	2557.72
-0.00996097	7.42852	995.216	2492.03
-0.00996097	7.42852	994.258	2455.05
-0.00996097	7.42852	993.3	2538.09
-0.00996097	7.42852	992.341	2584.57
-0.00996097	7.42852	991.382	2464.16
-0.00996097	7.42852	990.423	2422.01
-0.00996097	7.42852	989.4639999999999	2499.77
-0.00996097	7.42852	988.505	2491.5
-0.00996097	7.42852	987.546	2480.63
-0.00996097	7.42852	986.586	2454.13
-0.00996097	7.42852	985.6260000000001	2492.77
-0.00996097	7.42852	984.666	2471.48
-0.00996097	7.42852	983.706	2338.24
-0.00996097	7.42852	982.7460000000001	2431.54
-0.00996097	7.42852	981.785	2457.14
-0.00996097	7.42852	980.825	2386.43
-0.00996097	7.42852	979.8639999999999	2284.52
-0.00996097	7.42852	978.903	2380.37
-0.00996097	7.42852	977.942	2403.35
-0.00996097	7.42852	976.9810000000001	2353.51
-0.00996097	7.42852	976.0189999999999	2425.89
-0.00996097	7.42852	975.057	2368.26
-0.00996097	7.42852	974.095	2378.23
-0.00996097	7.42852	973.133	2279.05
-0.00996097	7.42852	972.171	2322.81
-0.00996097	7.42852	971.209	2382.14
-0.00996097	7.42852	970.2460000000001	2405.09
-0.00996097	7.42852	969.284	2277.41
-0.00996097	7.42852	968.321	2362.68
-0.00996097	7.42852	967.3580000000001	2354.47
-0.00996097	7.42852	966.3939999999999	2359.24
-0.00996097	7.42852	965.431	2356.22
-0.00996097	7.42852	964.467	2324.66
-0.00996097	7.42852	963.5039999999999	2376.12
-0.00996097	7.42852	962.54	2305.67
-0.00996097	7.42852	961.576	2320.81
-0.00996097	7.42852	960.6110000000001	2273.73
-0.00996097	7.42852	959.6469999999999	2478.1
-0.00996097	7.42852	958.682	2371.4
-0.00996097	7.42852	957.7180000000001	2378.74
-0.00996097	7.42852	956.753	2365.36
-0.00996097	7.42852	955.7869999999999	2491.86
-0.00996097	7.42852	954.822	2455.15
-0.00996097	7.42852	953.857	2333.01
-0.00996097	7.42852	952.8910000000001	2423.2
-0.00996097	7.42852	951.925	2409.82
-0.00996097	7.42852	950.959	2494.79
-0.00996097	7.42852	949.993	2370.14
-0.00996097	7.42852	949.0269999999999	2429.22
-0.00996097	7.42852	948.06	2348.6
-0.00996097	7.42852	947.0930000000001	2394.72
-0.00996097	7.42852	946.1260000000001	2314.14
-0.00996097	7.42852	945.159	2321.48
-0.00996097	7.42852	944.192	2401.18
-0.00996097	7.42852	943.225	2343.9
-0.00996097	7.42852	942.257	2338.31
-0.00996097	7.42852	941.289	2324.97
-0.00996097	7.42852	940.321	2301.31
-0.00996097	7.42852	939.3530000000001	2267.32
-0.00996097	7.42852	938.385	2445.06
-0.00996097	7.42852	937.4169999999999	2253.6
-0.00996097	7.42852	936.448	2333.2
-0.00996097	7.42852	935.4789999999999	2332.78
-0.00996097	7.42852	934.51	2226.58
-0.00996097	7.42852	933.541	2241.65
-0.00996097	7.42852	932.572	2274.78
-0.00996097	7.42852	931.602	2307.89
-0.00996097	7.42852	930.633	2273.96
-0.00996097	7.42852	929.663	2206.53
-0.00996097	7.42852	928.693	2322.1
-0.00996097	7.42852	927.7230000000001	2316.53
-0.00996097	7.42852	926.752	2321.27
-0.00996097	7.42852	925.7819999999999	2356.91
-0.00996097	7.42852	924.811	2333.31
-0.00996097	7.42852	923.84	2314.86
-0.00996097	7.42852	922.8689999999999	2324.74
-0.00996097	7.42852	921.898	2272.84
-0.00996097	7.42852	920.926	2344.49
-0.00996097	7.42852	919.955	2279.74
-0.00996097	7.42852	918.9830000000001	2361.65
-0.00996097	7.42852	918.0110000000001	2309.78
-0.00996097	7.42852	917.039	2227.07
-0.00996097	7.42852	916.066	2221.53
-0.00996097	7.42852	915.0939999999999	2239.12
-0.00996097	7.42852	914.1210000000001	2246.43
-0.00996097	7.42852	913.148	2145.8
-0.00996097	7.42852	912.175	2158.26
-0.00996097	7.42852	911.202	2188.7
-0.00996097	7.42852	910.2289999999999	2270.49
-0.00996097	7.42852	909.255	2234.13
-0.00996097	7.42852	908.2819999999999	2310.75
-0.00996097	7.42852	907.308	2264.13
-0.00996097	7.42852	906.334	2273.98
-0.00996097	7.42852	905.36	2222.25
-0.00996097	7.42852	904.385	2332.17
-0.00996097	7.42852	903.4110000000001	2318.92
-0.00996097	7.42852	902.436	2236.43
-0.00996097	7.42852	901.461	2287.31
-0.00996097	7.42852	900.4860000000001	2248.44
-0.00996097	7.42852	899.51	2306.99
-0.00996097	7.42852	898.535	2296.33
-0.00996097	7.42852	897.559	2119.1
-0.00996097	7.42852	896.5830000000001	2216.07
-0.00996097	7.42852	895.607	2169.57
-0.00996097	7.42852	894.6310000000001	2151.25
-0.00996097	7.42852	893.655	2161.1
-0.00996097	7.42852	892.678	2278.47
-0.00996097	7.42852	891.702	2211.51
-0.00996097	7.42852	890.725	2152.25
-0.00996097	7.42852	889.748	2226.06
-0.00996097	7.42852	888.77	2207.75
-0.00996097	7.42852	887.793	2235.49
-0.00996097	7.42852	886.815	2153.25
-0.00996097	7.42852	885.8380000000001	2267.92
-0.00996097	7.42852	884.86	2387.66
-0.00996097	7.42852	883.882	2279.88
-0.00996097	7.42852	882.903	2256.47
-0.00996097	7.42852	881.925	2322.49
-0.00996097	7.42852	880.946	2391.04
-0.00996097	7.42852	879.967	2336.97
-0.00996097	7.42852	878.988	2402.94
-0.00996097	7.42852	878.0089999999999	2269.74
-0.00996097	7.42852	877.03	2343.36
-0.00996097	7.42852	876.05	2274.03
-0.00996097	7.42852	875.071	2268.51
-0.00996097	7.42852	874.091	2240.04
-0.00996097	7.42852	873.1110000000001	2298.3
-0.00996097	7.42852	872.13	2364.19
-0.00996097	7.42852	871.15	2287.27
-0.00996097	7.42852	870.169	2386.28
-0.00996097	7.42852	869.189	2452.12
-0.00996097	7.42852	868.2080000000001	2390.51
-0.00996097	7.42852	867.2260000000001	2379.89
-0.00996097	7.42852	866.245	2438.05
-0.00996097	7.42852	865.2639999999999	2488.55
-0.00996097	7.42852	864.2819999999999	2449.9
-0.00996097	7.42852	863.3	2589.5
-0.00996097	7.42852	862.318	2494.84
-0.00996097	7.42852	861.336	2471.48
-0.00996097	7.42852	860.3530000000001	2521.93
-0.00996097	7.42852	859.3710000000001	2592.71
-0.00996097	7.42852	858.388	2465.05
-0.00996097	7.42852	857.405	2502.75
-0.00996097	7.42852	856.422	2464.15
-0.00996097	7.42852	855.439	2499.3
-0.00996097	7.42852	854.455	2516.64
-0.00996097	7.42852	853.472	2457.73
-0.00996097	7.42852	852.488	2459.82
-0.00996097	7.42852	851.5039999999999	2540.68
-0.00996097	7.42852	850.52	2481.79
-0.00996097	7.42852	849.535	2400.07
-0.00996097	7.42852	848.551	2447.88
-0.00996097	7.42852	847.566	2462.67
-0.00996097	7.42852	846.581	2518.07
-0.00996097	7.42852	845.596	2332.34
-0.00996097	7.42852	844.6110000000001	2471.48
-0.00996097	7.42852	843.6260000000001	2344.18
-0.00996097	7.42852	842.64	2333.61
-0.00996097	7.42852	841.654	2371.23
-0.00996097	7.42852	840.668	2363.19
-0.00996097	7.42852	839.682	2339.94
-0.00996097	7.42852	838.696	2357.26
-0.00996097	7.42852	837.709	2374.57
-0.00996097	7.42852	836.7230000000001	2440.02
-0.00996097	7.42852	835.7360000000001	2371.18
-0.00996097	7.42852	834.7489999999999	2337.82
-0.00996097	7.42852	833.762	2398.17
-0.00996097	7.42852	832.7739999999999	2298.99
-0.00996097	7.42852	831.7869999999999	2366.92
-0.00996097	7.42852	830.799	2346.25
-0.00996097	7.42852	829.811	2421.74
-0.00996097	7.42852	828.823	2474.43
-0.00996097	7.42852	827.835	2420.86
-0.00996097	7.42852	826.846	2387.54
-0.00996097	7.42852	825.857	2523.65
-0.00996097	7.42852	824.8689999999999	2475.16
-0.00996097	7.42852	823.88	2408.98
-0.00996097	7.42852	822.89	2446.46
-0.00996097	7.42852	821.9010000000001	2509.18
-0.00996097	7.42852	820.9119999999999	2508.73
-0.00996097	7.42852	819.922	2435.02
-0.00996097	7.42852	818.932	2500.24
-0.00996097	7.42852	817.942	2492.21
-0.00996097	7.42852	816.952	2456.41
-0.00996097	7.42852	815.961	2377.72
-0.00996097	7.42852	814.971	2326.81
-0.00996097	7.42852	813.98	2386.94
-0.00996097	7.42852	812.9889999999999	2419.31
-0.00996097	7.42852	811.998	2406.25
-0.00996097	7.42852	811.0060000000001	2289.81
-0.00996097	7.42852	810.015	2307.05
-0.00996097	7.42852	809.023	2324.27
-0.00996097	7.42852	808.0310000000001	2273.44
-0.00996097	7.42852	807.039	2267.99
-0.00996097	7.42852	806.047	2423.78
-0.00996097	7.42852	805.054	2257.08
-0.00996097	7.42852	804.062	2312.08
-0.00996097	7.42852	803.069	2286.48
-0.00996097	7.42852	802.076	2328.87
-0.00996097	7.42852	801.0830000000001	2315.85
-0.00996097	7.42852	800.0889999999999	2285.23
-0.00996097	7.42852	799.096	2247.07
-0.00996097	7.42852	798.102	2254.21
-0.00996097	7.42852	797.1080000000001	2306.62
-0.00996097	7.42852	796.1139999999999	2152.79
-0.00996097	7.42852	795.12	2227.83
-0.00996097	7.42852	794.1260000000001	2199.77
-0.00996097	7.42852	793.1310000000001	2274.78
-0.00996097	7.42852	792.1360000000001	2241.69
-0.00996097	7.42852	791.1410000000001	2216.16
-0.00996097	7.42852	790.1460000000001	2223.29
-0.00996097	7.42852	789.1510000000001	2202.79
-0.00996097	7.42852	788.155	2252.62
-0.00996097	7.42852	787.16	2254.72
-0.00996097	7.42852	786.164	2176.48
-0.00996097	7.42852	785.168	2223.78
-0.00996097	7.42852	784.171	2281.09
-0.00996097	7.42852	783.175	2215.44
-0.00996097	7.42852	782.178	2182.42
-0.00996097	7.42852	781.182	2257.27
-0.00996097	7.42852	780.185	2209.21
-0.00996097	7.42852	779.188	2316.62
-0.00996097	7.42852	778.19	2195.87
-0.00996097	7.42852	777.193	2263.14
-0.00996097	7.42852	776.195	2162.5
-0.00996097	7.42852	775.197	2189.66
-0.00996097	7.42852	774.199	2176.74
-0.00996097	7.42852	773.201	2286.53
-0.00996097	7.42852	772.202	2100.82
-0.00996097	7.42852	771.204	2193.07
-0.00996097	7.42852	770.205	2150.12
-0.00996097	7.42852	769.206	2207.28
-0.00996097	7.42852	768.207	2271.94
-0.00996097	7.42852	767.2080000000001	2178.96
-0.00996097	7.42852	766.2080000000001	2308.62
-0.00996097	7.42852	765.2080000000001	2330.71
-0.00996097	7.42852	764.209	2245.27
-0.00996097	7.42852	763.2080000000001	2192.37
-0.00996097	7.42852	762.2080000000001	2341.93
-0.00996097	7.42852	761.2080000000001	2264.04
-0.00996097	7.42852	760.207	2261.12
-0.00996097	7.42852	759.206	2303.18
-0.00996097	7.42852	758.205	2385.18
-0.00996097	7.42852	757.204	2237.41
-0.00996097	7.42852	756.203	2261.97
-0.00996097	7.42852	755.201	2343.93
-0.00996097	7.42852	754.2	2355.98
-0.00996097	7.42852	753.198	2270.71
-0.00996097	7.42852	752.196	2357.61
-0.00996097	7.42852	751.193	2359.68
-0.00996097	7.42852	750.191	2366.73
-0.00996097	7.42852	749.188	2361.31
-0.00996097	7.42852	748.186	2378.33
-0.00996097	7.42852	747.183	2502.52
-0.00996097	7.42852	746.179	2414.84
-0.00996097	7.42852	745.176	2421.87
-0.00996097	7.42852	744.173	2413.96
-0.00996097	7.42852	743.169	2478.27
-0.00996097	7.42852	742.165	2522.65
-0.00996097	7.42852	741.1610000000001	2462.43
-0.00996097	7.42852	740.1569999999999	2442.06
-0.00996097	7.42852	739.1519999999999	2384.37
-0.00996097	7.42852	738.1469999999999	2498.4
-0.00996097	7.42852	737.143	2450.68
-0.00996097	7.42852	736.138	2509.93
-0.00996097	7.42852	735.132	2489.57
-0.00996097	7.42852	734.127	2424.46
-0.00996097	7.42852	733.122	2421.53
-0.00996097	7.42852	732.1160000000001	2453.41
-0.00996097	7.42852	731.11	2455.44
-0.00996097	7.42852	730.1039999999999	2310.87
-0.00996097	7.42852	729.097	2387.46
-0.00996097	7.42852	728.091	2516.19
-0.00996097	7.42852	727.084	2339.41
-0.00996097	7.42852	726.077	2358.84
-0.00996097	7.42852	725.07	2494.95
-0.00996097	7.42852	724.063	2308.34
-0.00996097	7.42852	723.056	2506.44
-0.00996097	7.42852	722.048	2498.54
-0.00996097	7.42852	721.04	2478.24
-0.00996097	7.42852	720.0319999999999	2482.74
-0.00996097	7.42852	719.0239999999999	2499.65
-0.00996097	7.42852	718.0160000000001	2546.3
-0.00996097	7.42852	717.007	2610.28
-0.00996097	7.42852	715.9989999999999	2493.32
-0.00996097	7.42852	714.99	2559.77
-0.00996097	7.42852	713.9810000000001	2576.64
-0.00996097	7.42852	712.972	2548.92
-0.00996097	7.42852	711.962	2469.2
-0.00996097	7.42852	710.953	2463.79
-0.00996097	7.42852	709.943	2441.06
-0.00996097	7.42852	708.933	2452.99
-0.00996097	7.42852	707.923	2331.27
-0.00996097	7.42852	706.9119999999999	2410.03
-0.00996097	7.42852	705.9019999999999	2441.75
-0.00996097	7.42852	704.8910000000001	2359.67
-0.00996097	7.42852	703.88	2349.35
-0.00996097	7.42852	702.8689999999999	2386.01
-0.00996097	7.42852	701.8580000000001	2368.26
-0.00996097	7.42852	700.846	2340.64
-0.00996097	7.42852	699.834	2308.09
-0.00996097	7.42852	698.823	2285.43
-0.00996097	7.42852	697.811	2329.47
-0.00996097	7.42852	696.798	2289.53
-0.00996097	7.42852	695.7860000000001	2358.25
-0.00996097	7.42852	694.773	2224.49
-0.00996097	7.42852	693.7610000000001	2263.58
-0.00996097	7.42852	692.748	2223.68
-0.00996097	7.42852	691.7339999999999	2371.32
-0.00996097	7.42852	690.721	2311.68
-0.00996097	7.42852	689.7080000000001	2224.92
-0.00996097	7.42852	688.694	2239.31
-0.00996097	7.42852	687.68	2283.28
-0.00996097	7.42852	686.666	2265.61
-0.00996097	7.42852	685.6519999999999	2196.17
-0.00996097	7.42852	684.637	2341.17
-0.00996097	7.42852	683.623	2244.65
-0.00996097	7.42852	682.6080000000001	2185.11
-0.00996097	7.42852	681.5930000000001	2379.29
-0.00996097	7.42852	680.578	2307.44
-0.00996097	7.42852	679.562	2267.62
-0.00996097	7.42852	678.547	2245.05
-0.00996097	7.42852	677.5310000000001	2298.78
-0.00996097	7.42852	676.515	2325.43
-0.00996097	7.42852	675.4989999999999	2229.05
-0.00996097	7.42852	674.482	2201.58
-0.00996097	7.42852	673.466	2314.31
-0.00996097	7.42852	672.449	2247.49
-0.00996097	7.42852	671.432	2279.04
-0.00996097	7.42852	670.415	2261.41
-0.00996097	7.42852	669.398	2378.96
-0.00996097	7.42852	668.3810000000001	2282.69
-0.00996097	7.42852	667.363	2370.72
-0.00996097	7.42852	666.345	2308.87
-0.00996097	7.42852	665.327	2369.84
-0.00996097	7.42852	664.309	2271.19
-0.00996097	7.42852	663.291	2391.07
-0.00996097	7.42852	662.2719999999999	2380.81
-0.00996097	7.42852	661.253	2461.35
-0.00996097	7.42852	660.2339999999999	2429.0
-0.00996097	7.42852	659.215	2406.48
-0.00996097	7.42852	658.196	2440.37
-0.00996097	7.42852	657.176	2415.4
-0.00996097	7.42852	656.1569999999999	2353.66
-0.00996097	7.42852	655.137	2404.71
-0.00996097	7.42852	654.117	2490.04
-0.00996097	7.42852	653.097	2320.51
-0.00996097	7.42852	652.076	2305.38
-0.00996097	7.42852	651.056	2297.61
-0.00996097	7.42852	650.035	2326.57
-0.00996097	7.42852	649.014	2433.88
-0.00996097	7.42852	647.993	2296.34
-0.00996097	7.42852	646.971	2291.02
-0.00996097	7.42852	645.95	2290.6
-0.00996097	7.42852	644.928	2248.58
-0.00996097	7.42852	643.906	2309.33
-0.00996097	7.42852	642.884	2396.95
-0.00996097	7.42852	641.861	2345.16
-0.00996097	7.42852	640.839	2234.7
-0.00996097	7.42852	639.816	2351.63
-0.00996097	7.42852	638.793	2426.96
-0.00996097	7.42852	637.77	2323.88
-0.00996097	7.42852	636.747	2257.49
-0.00996097	7.42852	635.724	2357.22
-0.00996097	7.42852	634.7	2334.81
-0.00996097	7.42852	633.6759999999999	2344.14
-0.00996097	7.42852	632.6519999999999	2360.8
-0.00996097	7.42852	631.628	2353.04
-0.00996097	7.42852	630.6030000000001	2313.56
-0.00996097	7.42852	629.5790000000001	2357.05
-0.00996097	7.42852	628.554	2451.76
-0.00996097	7.42852	627.529	2314.72
-0.00996097	7.42852	626.504	2228.94
-0.00996097	7.42852	625.479	2340.69
-0.00996097	7.42852	624.453	2357.32
-0.00996097	7.42852	623.427	2313.01
-0.00996097	7.42852	622.401	2327.21
-0.00996097	7.42852	621.375	2319.47
-0.00996097	7.42852	620.349	2362.89
-0.00996097	7.42852	619.323	2301.56
-0.00996097	7.42852	618.2959999999999	2274.35
-0.00996097	7.42852	617.269	2332.36
-0.00996097	7.42852	616.242	2292.99
-0.00996097	7.42852	615.215	2170.88
-0.00996097	7.42852	614.187	2189.94
-0.00996097	7.42852	613.16	2267.39
-0.00996097	7.42852	612.132	2274.27
-0.00996097	7.42852	611.104	2191.16
-0.00996097	7.42852	610.076	2273.43
-0.00996097	7.42852	609.047	2251.13
-0.00996097	7.42852	608.019	2258.0
-0.00996097	7.42852	606.99	2238.15
-0.00996097	7.42852	605.961	2215.87
-0.00996097	7.42852	604.932	2234.89
-0.00996097	7.42852	603.903	2222.33
-0.00996097	7.42852	602.873	2285.06
-0.00996097	7.42852	601.844	2211.8
-0.00996097	7.42852	600.814	2240.52
