7.79006	16.5477	1799.31	2050.62
7.79006	16.5477	1798.5	2111.38
7.79006	16.5477	1797.68	2111.03
7.79006	16.5477	1796.86	2132.05
7.79006	16.5477	1796.04	2098.1
7.79006	16.5477	1795.22	2094.69
7.79006	16.5477	1794.4	2057.7
7.79006	16.5477	1793.58	2097.03
7.79006	16.5477	1792.76	2093.63
7.79006	16.5477	1791.94	2081.07
7.79006	16.5477	1791.13	2034.95
7.79006	16.5477	1790.31	2123.07
7.79006	16.5477	1789.49	2070.86
7.79006	16.5477	1788.67	2134.55
7.79006	16.5477	1787.85	2067.12
7.79006	16.5477	1787.03	2082.01
7.79006	16.5477	1786.21	2151.76
7.79006	16.5477	1785.39	2133.11
7.79006	16.5477	1784.56	2111.42
7.79006	16.5477	1783.74	2068.42
7.79006	16.5477	1782.92	2086.34
7.79006	16.5477	1782.1	2113.4
7.79006	16.5477	1781.28	2134.35
7.79006	16.5477	1780.46	2082.24
7.79006	16.5477	1779.64	2054.49
7.79006	16.5477	1778.82	2105.88
7.79006	16.5477	1778.0	2044.67
7.79006	16.5477	1777.17	2047.37
7.79006	16.5477	1776.35	2080.48
7.79006	16.5477	1775.53	2171.36
7.79006	16.5477	1774.71	2155.79
7.79006	16.5477	1773.89	2146.31
7.79006	16.5477	1773.06	2091.23
7.79006	16.5477	1772.24	2069.6
7.79006	16.5477	1771.42	2148.26
7.79006	16.5477	1770.59	2108.4
7.79006	16.5477	1769.77	2016.92
7.79006	16.5477	1768.95	2068.2
7.79006	16.5477	1768.12	2116.44
7.79006	16.5477	1767.3	2131.26
7.79006	16.5477	1766.48	2115.72
7.79006	16.5477	1765.65	2103.22
7.79006	16.5477	1764.83	2139.28
7.79006	16.5477	1764.01	2172.29
7.79006	16.5477	1763.18	2074.86
7.79006	16.5477	1762.36	2204.92
7.79006	16.5477	1761.53	2116.61
7.79006	16.5477	1760.71	2082.9
7.79006	16.5477	1759.88	2191.67
7.79006	16.5477	1759.06	2157.96
7.79006	16.5477	1758.23	2184.87
7.79006	16.5477	1757.41	2184.5
7.79006	16.5477	1756.58	2265.92
7.79006	16.5477	1755.76	2244.34
7.79006	16.5477	1754.93	2207.62
7.79006	16.5477	1754.11	2104.3
7.79006	16.5477	1753.28	2212.92
7.79006	16.5477	1752.46	2276.11
7.79006	16.5477	1751.63	2236.38
7.79006	16.5477	1750.8	2257.19
7.79006	16.5477	1749.98	2187.22
7.79006	16.5477	1749.15	2325.99
7.79006	16.5477	1748.32	2098.78
7.79006	16.5477	1747.5	2149.83
7.79006	16.5477	1746.67	2234.11
7.79006	16.5477	1745.84	2173.28
7.79006	16.5477	1745.02	2266.6
7.79006	16.5477	1744.19	2236.0
7.79006	16.5477	1743.36	2259.79
7.79006	16.5477	1742.53	2295.65
7.79006	16.5477	1741.71	2153.32
7.79006	16.5477	1740.88	2146.91
7.79006	16.5477	1740.05	2246.18
7.79006	16.5477	1739.22	2164.3
7.79006	16.5477	1738.39	2284.65
7.79006	16.5477	1737.56	2305.39
7.79006	16.5477	1736.74	2220.52
7.79006	16.5477	1735.91	2244.27
7.79006	16.5477	1735.08	2265.01
7.79006	16.5477	1734.25	2370.16
7.79006	16.5477	1733.42	2309.46
7.79006	16.5477	1732.59	2260.84
7.79006	16.5477	1731.76	2317.72
7.79006	16.5477	1730.93	2275.14
7.79006	16.5477	1730.1	2353.09
7.79006	16.5477	1729.27	2265.33
7.79006	16.5477	1728.44	2316.15
7.79006	16.5477	1727.61	2336.83
7.79006	16.5477	1726.78	2315.36
7.79006	16.5477	1725.95	2333.03
7.79006	16.5477	1725.12	2353.7
7.79006	16.5477	1724.29	2269.04
7.79006	16.5477	1723.46	2277.68
7.79006	16.5477	1722.63	2403.65
7.79006	16.5477	1721.8	2319.02
7.79006	16.5477	1720.96	2402.83
7.79006	16.5477	1720.13	2273.13
7.79006	16.5477	1719.3	2396.0
7.79006	16.5477	1718.47	2320.45
7.79006	16.5477	1717.64	2320.06
7.79006	16.5477	1716.81	2355.72
7.79006	16.5477	1715.97	2427.42
7.79006	16.5477	1715.14	2463.05
7.79006	16.5477	1714.31	2378.54
7.79006	16.5477	1713.48	2387.15
7.79006	16.5477	1712.64	2386.74
7.79006	16.5477	1711.81	2371.33
7.79006	16.5477	1710.98	2502.98
7.79006	16.5477	1710.14	2469.54
7.79006	16.5477	1709.31	2424.12
7.79006	16.5477	1708.48	2465.7
7.79006	16.5477	1707.64	2552.26
7.79006	16.5477	1706.81	2470.86
7.79006	16.5477	1705.98	2470.44
7.79006	16.5477	1705.14	2443.04
7.79006	16.5477	1704.31	2517.56
7.79006	16.5477	1703.47	2499.15
7.79006	16.5477	1702.64	2444.79
7.79006	16.5477	1701.81	2495.3
7.79006	16.5477	1700.97	2524.83
7.79006	16.5477	1700.14	2623.22
7.79006	16.5477	1699.3	2547.92
7.79006	16.5477	1698.47	2601.37
7.79006	16.5477	1697.63	2469.24
7.79006	16.5477	1696.79	2699.24
7.79006	16.5477	1695.96	2620.99
7.79006	16.5477	1695.12	2551.74
7.79006	16.5477	1694.29	2632.06
7.79006	16.5477	1693.45	2661.52
7.79006	16.5477	1692.62	2673.02
7.79006	16.5477	1691.78	2529.08
7.79006	16.5477	1690.94	2636.25
7.79006	16.5477	1690.11	2671.66
7.79006	16.5477	1689.27	2674.19
7.79006	16.5477	1688.43	2739.46
7.79006	16.5477	1687.6	2706.14
7.79006	16.5477	1686.76	2759.43
7.79006	16.5477	1685.92	2642.51
7.79006	16.5477	1685.08	2707.74
7.79006	16.5477	1684.25	2566.99
7.79006	16.5477	1683.41	2724.73
7.79006	16.5477	1682.57	2819.75
7.79006	16.5477	1681.73	2688.0
7.79006	16.5477	1680.89	2675.61
7.79006	16.5477	1680.06	2830.23
7.79006	16.5477	1679.22	2814.84
7.79006	16.5477	1678.38	2656.35
7.79006	16.5477	1677.54	2840.71
7.79006	16.5477	1676.7	2762.74
7.79006	16.5477	1675.86	2926.16
7.79006	16.5477	1675.02	2937.57
7.79006	16.5477	1674.18	2829.84
7.79006	16.5477	1673.35	2859.14
7.79006	16.5477	1672.51	2813.98
7.79006	16.5477	1671.67	2932.6
7.79006	16.5477	1670.83	2982.7
7.79006	16.5477	1669.99	3083.38
7.79006	16.5477	1669.15	2832.9
7.79006	16.5477	1668.31	3022.83
7.79006	16.5477	1667.47	2944.97
7.79006	16.5477	1666.62	2974.21
7.79006	16.5477	1665.78	2911.25
7.79006	16.5477	1664.94	3005.9
7.79006	16.5477	1664.1	2948.91
7.79006	16.5477	1663.26	3007.85
7.79006	16.5477	1662.42	3031.11
7.79006	16.5477	1661.58	2935.51
7.79006	16.5477	1660.74	3157.81
7.79006	16.5477	1659.9	3080.05
7.79006	16.5477	1659.05	2957.77
7.79006	16.5477	1658.21	3194.79
7.79006	16.5477	1657.37	3158.63
7.79006	16.5477	1656.53	3110.6
7.79006	16.5477	1655.68	3234.71
7.79006	16.5477	1654.84	3112.5
7.79006	16.5477	1654.0	3186.14
7.79006	16.5477	1653.16	3084.74
7.79006	16.5477	1652.31	3238.43
7.79006	16.5477	1651.47	3406.89
7.79006	16.5477	1650.63	3258.07
7.79006	16.5477	1649.78	3420.54
7.79006	16.5477	1648.94	3345.87
7.79006	16.5477	1648.1	3232.7
7.79006	16.5477	1647.25	3383.24
7.79006	16.5477	1646.41	3518.92
7.79006	16.5477	1645.56	3494.62
7.79006	16.5477	1644.72	3559.17
7.79006	16.5477	1643.88	3626.65
7.79006	16.5477	1643.03	3575.71
7.79006	16.5477	1642.19	3533.67
7.79006	16.5477	1641.34	3595.2
7.79006	16.5477	1640.5	3641.93
7.79006	16.5477	1639.65	3670.88
7.79006	16.5477	1638.81	3767.85
7.79006	16.5477	1637.96	3817.48
7.79006	16.5477	1637.11	3855.26
7.79006	16.5477	1636.27	3987.62
7.79006	16.5477	1635.42	3889.41
7.79006	16.5477	1634.58	3900.56
7.79006	16.5477	1633.73	4103.75
7.79006	16.5477	1632.88	4173.95
7.79006	16.5477	1632.04	4232.3
7.79006	16.5477	1631.19	4382.18
7.79006	16.5477	1630.34	4286.95
7.79006	16.5477	1629.5	4360.02
7.79006	16.5477	1628.65	4418.3
7.79006	16.5477	1627.8	4417.54
7.79006	16.5477	1626.96	4517.1
7.79006	16.5477	1626.11	4513.38
7.79006	16.5477	1625.26	4604.04
7.79006	16.5477	1624.41	4591.46
7.79006	16.5477	1623.57	4826.54
7.79006	16.5477	1622.72	4864.04
7.79006	16.5477	1621.87	4807.21
7.79006	16.5477	1621.02	4806.39
7.79006	16.5477	1620.17	4920.47
7.79006	16.5477	1619.32	4966.76
7.79006	16.5477	1618.47	5013.04
7.79006	16.5477	1617.63	4932.67
7.79006	16.5477	1616.78	5026.05
7.79006	16.5477	1615.93	5187.1
7.79006	16.5477	1615.08	5203.87
7.79006	16.5477	1614.23	5108.81
7.79006	16.5477	1613.38	5269.76
7.79006	16.5477	1612.53	5321.81
7.79006	16.5477	1611.68	5200.31
7.79006	16.5477	1610.83	5361.16
7.79006	16.5477	1609.98	5266.15
7.79006	16.5477	1609.13	5353.45
7.79006	16.5477	1608.28	5240.83
7.79006	16.5477	1607.43	5398.63
7.79006	16.5477	1606.58	5236.1
7.79006	16.5477	1605.73	5185.26
7.79006	16.5477	1604.87	5213.74
7.79006	16.5477	1604.02	5365.57
7.79006	16.5477	1603.17	5379.33
7.79006	16.5477	1602.32	5384.28
7.79006	16.5477	1601.47	5459.67
7.79006	16.5477	1600.62	5476.35
7.79006	16.5477	1599.76	5352.17
7.79006	16.5477	1598.91	5406.99
7.79006	16.5477	1598.06	5359.13
7.79006	16.5477	1597.21	5487.26
7.79006	16.5477	1596.36	5454.06
7.79006	16.5477	1595.5	5623.17
7.79006	16.5477	1594.65	5496.16
7.79006	16.5477	1593.8	5416.08
7.79006	16.5477	1592.94	5473.76
7.79006	16.5477	1592.09	5493.33
7.79006	16.5477	1591.24	5562.69
7.79006	16.5477	1590.38	5248.36
7.79006	16.5477	1589.53	5519.79
7.79006	16.5477	1588.68	5615.46
7.79006	16.5477	1587.82	5538.38
7.79006	16.5477	1586.97	5610.6
7.79006	16.5477	1586.11	5580.38
7.79006	16.5477	1585.26	5438.98
7.79006	16.5477	1584.4	5505.33
7.79006	16.5477	1583.55	5612.6
7.79006	16.5477	1582.69	5167.15
7.79006	16.5477	1581.84	5262.75
7.79006	16.5477	1580.98	5422.62
7.79006	16.5477	1580.13	5445.08
7.79006	16.5477	1579.27	5073.02
7.79006	16.5477	1578.42	5326.34
7.79006	16.5477	1577.56	5494.85
7.79006	16.5477	1576.71	5397.53
7.79006	16.5477	1575.85	5285.63
7.79006	16.5477	1574.99	5202.97
7.79006	16.5477	1574.14	5143.69
7.79006	16.5477	1573.28	5125.29
7.79006	16.5477	1572.42	5115.66
7.79006	16.5477	1571.57	5120.62
7.79006	16.5477	1570.71	5119.74
7.79006	16.5477	1569.85	5031.35
7.79006	16.5477	1569.0	5007.16
7.79006	16.5477	1568.14	4924.66
7.79006	16.5477	1567.28	5014.19
7.79006	16.5477	1566.42	4990.01
7.79006	16.5477	1565.56	4863.84
7.79006	16.5477	1564.71	5034.91
7.79006	16.5477	1563.85	4908.78
7.79006	16.5477	1562.99	5018.62
7.79006	16.5477	1562.13	5003.19
7.79006	16.5477	1561.27	4935.36
7.79006	16.5477	1560.41	4835.53
7.79006	16.5477	1559.56	4951.13
7.79006	16.5477	1558.7	4961.92
7.79006	16.5477	1557.84	4897.05
7.79006	16.5477	1556.98	4939.85
7.79006	16.5477	1556.12	4845.92
7.79006	16.5477	1555.26	4975.96
7.79006	16.5477	1554.4	4995.45
7.79006	16.5477	1553.54	4750.39
7.79006	16.5477	1552.68	4915.25
7.79006	16.5477	1551.82	5103.31
7.79006	16.5477	1550.96	4954.24
7.79006	16.5477	1550.1	4982.44
7.79006	16.5477	1549.24	4885.73
7.79006	16.5477	1548.38	4919.74
7.79006	16.5477	1547.52	4875.34
7.79006	16.5477	1546.65	4799.01
7.79006	16.5477	1545.79	4870.76
7.79006	16.5477	1544.93	5078.88
7.79006	16.5477	1544.07	4869.08
7.79006	16.5477	1543.21	4929.17
7.79006	16.5477	1542.35	4757.17
7.79006	16.5477	1541.48	4770.86
7.79006	16.5477	1540.62	4717.84
7.79006	16.5477	1539.76	4908.38
7.79006	16.5477	1538.9	4907.53
7.79006	16.5477	1538.04	4938.57
7.79006	16.5477	1537.17	4749.36
7.79006	16.5477	1536.31	4705.09
7.79006	16.5477	1535.45	4823.04
7.79006	16.5477	1534.58	4723.74
7.79006	16.5477	1533.72	4748.99
7.79006	16.5477	1532.86	4655.52
7.79006	16.5477	1531.99	4782.09
7.79006	16.5477	1531.13	4763.9
7.79006	16.5477	1530.27	4647.33
7.79006	16.5477	1529.4	4733.32
7.79006	16.5477	1528.54	4749.86
7.79006	16.5477	1527.67	4566.84
7.79006	16.5477	1526.81	4704.85
7.79006	16.5477	1525.94	4738.73
7.79006	16.5477	1525.08	4564.47
7.79006	16.5477	1524.21	4526.11
7.79006	16.5477	1523.35	4620.69
7.79006	16.5477	1522.48	4625.68
7.79006	16.5477	1521.62	4630.66
7.79006	16.5477	1520.75	4629.86
7.79006	16.5477	1519.89	4444.24
7.79006	16.5477	1519.02	4507.0
7.79006	16.5477	1518.15	4763.14
7.79006	16.5477	1517.29	4592.03
7.79006	16.5477	1516.42	4706.67
7.79006	16.5477	1515.56	4587.56
7.79006	16.5477	1514.69	4575.23
7.79006	16.5477	1513.82	4695.58
7.79006	16.5477	1512.96	4582.3
7.79006	16.5477	1512.09	4549.79
7.79006	16.5477	1511.22	4511.53
7.79006	16.5477	1510.35	4513.64
7.79006	16.5477	1509.49	4472.51
7.79006	16.5477	1508.62	4451.57
7.79006	16.5477	1507.75	4531.46
7.79006	16.5477	1506.88	4715.02
7.79006	16.5477	1506.01	4627.81
7.79006	16.5477	1505.15	4572.31
7.79006	16.5477	1504.28	4724.09
7.79006	16.5477	1503.41	4536.19
7.79006	16.5477	1502.54	4549.79
7.79006	16.5477	1501.67	4525.99
7.79006	16.5477	1500.8	4436.03
7.79006	16.5477	1499.93	4527.3
7.79006	16.5477	1499.06	4540.9
7.79006	16.5477	1498.19	4511.36
7.79006	16.5477	1497.32	4352.47
7.79006	16.5477	1496.46	4506.93
7.79006	16.5477	1495.59	4345.22
7.79006	16.5477	1494.72	4505.37
7.79006	16.5477	1493.84	4409.79
7.79006	16.5477	1492.97	4489.45
7.79006	16.5477	1492.1	4480.06
7.79006	16.5477	1491.23	4352.95
7.79006	16.5477	1490.36	4472.77
7.79006	16.5477	1489.49	4426.07
7.79006	16.5477	1488.62	4471.22
7.79006	16.5477	1487.75	4507.75
7.79006	16.5477	1486.88	4435.25
7.79006	16.5477	1486.01	4282.46
7.79006	16.5477	1485.13	4419.38
7.79006	16.5477	1484.26	4490.3
7.79006	16.5477	1483.39	4446.52
7.79006	16.5477	1482.52	4600.53
7.79006	16.5477	1481.65	4393.4
7.79006	16.5477	1480.77	4576.02
7.79006	16.5477	1479.9	4517.93
7.79006	16.5477	1479.03	4528.61
7.79006	16.5477	1478.16	4682.47
7.79006	16.5477	1477.28	4730.34
7.79006	16.5477	1476.41	4629.32
7.79006	16.5477	1475.54	4711.53
7.79006	16.5477	1474.66	4682.09
7.79006	16.5477	1473.79	4715.62
7.79006	16.5477	1472.91	4640.42
7.79006	16.5477	1472.04	4639.62
7.79006	16.5477	1471.17	4687.43
7.79006	16.5477	1470.29	4743.81
7.79006	16.5477	1469.42	4682.95
7.79006	16.5477	1468.54	4644.98
7.79006	16.5477	1467.67	4744.2
7.79006	16.5477	1466.79	4811.96
7.79006	16.5477	1465.92	4888.27
7.79006	16.5477	1465.04	4867.42
7.79006	16.5477	1464.17	4772.33
7.79006	16.5477	1463.29	4717.25
7.79006	16.5477	1462.42	4902.01
7.79006	16.5477	1461.54	4855.49
7.79006	16.5477	1460.66	4857.5
7.79006	16.5477	1459.79	4596.99
7.79006	16.5477	1458.91	4601.9
7.79006	16.5477	1458.04	4743.73
7.79006	16.5477	1457.16	4628.83
7.79006	16.5477	1456.28	4519.67
7.79006	16.5477	1455.41	4650.03
7.79006	16.5477	1454.53	4646.37
7.79006	16.5477	1453.65	4560.07
7.79006	16.5477	1452.77	4539.33
7.79006	16.5477	1451.9	4379.0
7.79006	16.5477	1451.02	4526.36
7.79006	16.5477	1450.14	4536.97
7.79006	16.5477	1449.26	4607.37
7.79006	16.5477	1448.39	4461.37
7.79006	16.5477	1447.51	4460.6
7.79006	16.5477	1446.63	4511.05
7.79006	16.5477	1445.75	4390.76
7.79006	16.5477	1444.87	4518.02
7.79006	16.5477	1443.99	4559.91
7.79006	16.5477	1443.11	4610.31
7.79006	16.5477	1442.23	4575.39
7.79006	16.5477	1441.35	4611.56
7.79006	16.5477	1440.48	4852.38
7.79006	16.5477	1439.6	4786.17
7.79006	16.5477	1438.72	4680.2
7.79006	16.5477	1437.84	4685.07
7.79006	16.5477	1436.96	4954.12
7.79006	16.5477	1436.08	4933.38
7.79006	16.5477	1435.2	4858.69
7.79006	16.5477	1434.31	4940.18
7.79006	16.5477	1433.43	4981.9
7.79006	16.5477	1432.55	4981.04
7.79006	16.5477	1431.67	5073.82
7.79006	16.5477	1430.79	4854.47
7.79006	16.5477	1429.91	4853.63
7.79006	16.5477	1429.03	4949.22
7.79006	16.5477	1428.15	4908.66
7.79006	16.5477	1427.27	4817.08
7.79006	16.5477	1426.38	4683.01
7.79006	16.5477	1425.5	4761.55
7.79006	16.5477	1424.62	4865.57
7.79006	16.5477	1423.74	4731.56
7.79006	16.5477	1422.85	4668.42
7.79006	16.5477	1421.97	4673.27
7.79006	16.5477	1421.09	4658.3
7.79006	16.5477	1420.21	4699.96
7.79006	16.5477	1419.32	4662.35
7.79006	16.5477	1418.44	4553.98
7.79006	16.5477	1417.56	4539.04
7.79006	16.5477	1416.67	4555.23
7.79006	16.5477	1415.79	4557.27
7.79006	16.5477	1414.9	4539.5
7.79006	16.5477	1414.02	4533.06
7.79006	16.5477	1413.14	4549.23
7.79006	16.5477	1412.25	4466.46
7.79006	16.5477	1411.37	4513.74
7.79006	16.5477	1410.48	4507.3
7.79006	16.5477	1409.6	4608.23
7.79006	16.5477	1408.71	4604.6
7.79006	16.5477	1407.83	4536.02
7.79006	16.5477	1406.94	4490.04
7.79006	16.5477	1406.06	4571.14
7.79006	16.5477	1405.17	4214.66
7.79006	16.5477	1404.29	4388.91
7.79006	16.5477	1403.4	4422.01
7.79006	16.5477	1402.51	4345.07
7.79006	16.5477	1401.63	4378.16
7.79006	16.5477	1400.74	4498.68
7.79006	16.5477	1399.85	4433.04
7.79006	16.5477	1398.97	4373.06
7.79006	16.5477	1398.08	4462.5
7.79006	16.5477	1397.19	4413.81
7.79006	16.5477	1396.31	4289.05
7.79006	16.5477	1395.42	4426.36
7.79006	16.5477	1394.53	4442.49
7.79006	16.5477	1393.64	4540.3
7.79006	16.5477	1392.76	4455.03
7.79006	16.5477	1391.87	4485.22
7.79006	16.5477	1390.98	4597.04
7.79006	16.5477	1390.09	4469.59
7.79006	16.5477	1389.2	4634.84
7.79006	16.5477	1388.32	4549.62
7.79006	16.5477	1387.43	4607.91
7.79006	16.5477	1386.54	4562.1
7.79006	16.5477	1385.65	4566.93
7.79006	16.5477	1384.76	4681.41
7.79006	16.5477	1383.87	4742.44
7.79006	16.5477	1382.98	4800.64
7.79006	16.5477	1382.09	4760.46
7.79006	16.5477	1381.2	4588.24
7.79006	16.5477	1380.31	4604.3
7.79006	16.5477	1379.42	4878.75
7.79006	16.5477	1378.53	4832.96
7.79006	16.5477	1377.64	4697.35
7.79006	16.5477	1376.75	4814.44
7.79006	16.5477	1375.86	4855.7
7.79006	16.5477	1374.97	4913.78
7.79006	16.5477	1374.08	4713.71
7.79006	16.5477	1373.19	4903.65
7.79006	16.5477	1372.3	5034.62
7.79006	16.5477	1371.4	5033.74
7.79006	16.5477	1370.51	4859.03
7.79006	16.5477	1369.62	4981.53
7.79006	16.5477	1368.73	5129.21
7.79006	16.5477	1367.84	5035.84
7.79006	16.5477	1366.94	5099.4
7.79006	16.5477	1366.05	5095.71
7.79006	16.5477	1365.16	5016.4
7.79006	16.5477	1364.27	4841.9
7.79006	16.5477	1363.37	5149.04
7.79006	16.5477	1362.48	5061.36
7.79006	16.5477	1361.59	5158.44
7.79006	16.5477	1360.69	5160.34
7.79006	16.5477	1359.8	5366.48
7.79006	16.5477	1358.91	5273.23
7.79006	16.5477	1358.01	5286.3
7.79006	16.5477	1357.12	5184.7
7.79006	16.5477	1356.22	5320.8
7.79006	16.5477	1355.33	5040.32
7.79006	16.5477	1354.44	5142.85
7.79006	16.5477	1353.54	5432.59
7.79006	16.5477	1352.65	5378.55
7.79006	16.5477	1351.75	5324.53
7.79006	16.5477	1350.86	5418.57
7.79006	16.5477	1349.96	5426.0
7.79006	16.5477	1349.07	5489.27
7.79006	16.5477	1348.17	5396.18
7.79006	16.5477	1347.28	5532.01
7.79006	16.5477	1346.38	5503.13
7.79006	16.5477	1345.48	5518.91
7.79006	16.5477	1344.59	5590.48
7.79006	16.5477	1343.69	5609.03
7.79006	16.5477	1342.79	5574.58
7.79006	16.5477	1341.9	5590.34
7.79006	16.5477	1341.0	5620.02
7.79006	16.5477	1340.1	5730.53
7.79006	16.5477	1339.21	5952.47
7.79006	16.5477	1338.31	5831.62
7.79006	16.5477	1337.41	5752.59
7.79006	16.5477	1336.51	5785.01
7.79006	16.5477	1335.62	6004.0
7.79006	16.5477	1334.72	6047.5
7.79006	16.5477	1333.82	6024.17
7.79006	16.5477	1332.92	5984.15
7.79006	16.5477	1332.02	6136.16
7.79006	16.5477	1331.13	6257.51
7.79006	16.5477	1330.23	6114.54
7.79006	16.5477	1329.33	6210.81
7.79006	16.5477	1328.43	6262.56
7.79006	16.5477	1327.53	6522.83
7.79006	16.5477	1326.63	6243.69
7.79006	16.5477	1325.73	6278.73
7.79006	16.5477	1324.83	6341.55
7.79006	16.5477	1323.93	6268.2
7.79006	16.5477	1323.03	6211.54
7.79006	16.5477	1322.13	6390.99
7.79006	16.5477	1321.23	6362.1
7.79006	16.5477	1320.33	6394.31
7.79006	16.5477	1319.43	6370.98
7.79006	16.5477	1318.53	6331.0
7.79006	16.5477	1317.63	6130.09
7.79006	16.5477	1316.73	6212.25
7.79006	16.5477	1315.83	6227.81
7.79006	16.5477	1314.93	6251.68
7.79006	16.5477	1314.02	6172.94
7.79006	16.5477	1313.12	6252.26
7.79006	16.5477	1312.22	6270.57
7.79006	16.5477	1311.32	6205.73
7.79006	16.5477	1310.42	6301.63
7.79006	16.5477	1309.51	6331.0
7.79006	16.5477	1308.61	6252.33
7.79006	16.5477	1307.71	6082.28
7.79006	16.5477	1306.81	6180.9
7.79006	16.5477	1305.9	6237.96
7.79006	16.5477	1305.0	6159.36
7.79006	16.5477	1304.1	6255.15
7.79006	16.5477	1303.19	5924.75
7.79006	16.5477	1302.29	6103.55
7.79006	16.5477	1301.39	6030.56
7.79006	16.5477	1300.48	5902.27
7.79006	16.5477	1299.58	5959.31
7.79006	16.5477	1298.67	5936.14
7.79006	16.5477	1297.77	5937.87
7.79006	16.5477	1296.86	5815.21
7.79006	16.5477	1295.96	5698.13
7.79006	16.5477	1295.06	5741.34
7.79006	16.5477	1294.15	5649.17
7.79006	16.5477	1293.25	5673.04
7.79006	16.5477	1292.34	5498.07
7.79006	16.5477	1291.43	5657.24
7.79006	16.5477	1290.53	5429.89
7.79006	16.5477	1289.62	5757.37
7.79006	16.5477	1288.72	5538.36
7.79006	16.5477	1287.81	5438.06
7.79006	16.5477	1286.9	5415.04
7.79006	16.5477	1286.0	5455.46
7.79006	16.5477	1285.09	5357.99
7.79006	16.5477	1284.18	5390.13
7.79006	16.5477	1283.28	5281.68
7.79006	16.5477	1282.37	5377.21
7.79006	16.5477	1281.46	5221.95
7.79006	16.5477	1280.56	5256.85
7.79006	16.5477	1279.65	5355.1
7.79006	16.5477	1278.74	5155.85
7.79006	16.5477	1277.83	5130.17
7.79006	16.5477	1276.93	5126.51
7.79006	16.5477	1276.02	5128.36
7.79006	16.5477	1275.11	5116.45
7.79006	16.5477	1274.2	4947.7
7.79006	16.5477	1273.29	4787.25
7.79006	16.5477	1272.38	5124.76
7.79006	16.5477	1271.47	4967.09
7.79006	16.5477	1270.56	4839.72
7.79006	16.5477	1269.66	4913.11
7.79006	16.5477	1268.75	4777.55
7.79006	16.5477	1267.84	4806.94
7.79006	16.5477	1266.93	4726.4
7.79006	16.5477	1266.02	4709.09
7.79006	16.5477	1265.11	4634.09
7.79006	16.5477	1264.2	4666.24
7.79006	16.5477	1263.29	4599.51
7.79006	16.5477	1262.38	4568.5
7.79006	16.5477	1261.46	4639.07
7.79006	16.5477	1260.55	4597.08
7.79006	16.5477	1259.64	4626.46
7.79006	16.5477	1258.73	4499.44
7.79006	16.5477	1257.82	4676.95
7.79006	16.5477	1256.91	4654.19
7.79006	16.5477	1256.0	4669.82
7.79006	16.5477	1255.08	4526.43
7.79006	16.5477	1254.17	4701.07
7.79006	16.5477	1253.26	4637.21
7.79006	16.5477	1252.35	4784.36
7.79006	16.5477	1251.44	4550.64
7.79006	16.5477	1250.52	4722.41
7.79006	16.5477	1249.61	4727.06
7.79006	16.5477	1248.7	4616.7
7.79006	16.5477	1247.78	4569.34
7.79006	16.5477	1246.87	4590.44
7.79006	16.5477	1245.96	4471.94
7.79006	16.5477	1245.04	4495.78
7.79006	16.5477	1244.13	4462.16
7.79006	16.5477	1243.22	4535.23
7.79006	16.5477	1242.3	4520.76
7.79006	16.5477	1241.39	4421.52
7.79006	16.5477	1240.47	4355.13
7.79006	16.5477	1239.56	4532.04
7.79006	16.5477	1238.64	4255.21
7.79006	16.5477	1237.73	4229.87
7.79006	16.5477	1236.81	4330.2
7.79006	16.5477	1235.9	4217.45
7.79006	16.5477	1234.98	4331.41
7.79006	16.5477	1234.07	4256.92
7.79006	16.5477	1233.15	4133.32
7.79006	16.5477	1232.24	4200.83
7.79006	16.5477	1231.32	4058.17
7.79006	16.5477	1230.4	4248.46
7.79006	16.5477	1229.49	4119.49
7.79006	16.5477	1228.57	4266.06
7.79006	16.5477	1227.65	4199.85
7.79006	16.5477	1226.74	4051.87
7.79006	16.5477	1225.82	4124.76
7.79006	16.5477	1224.9	4044.99
7.79006	16.5477	1223.99	4134.21
7.79006	16.5477	1223.07	4326.94
7.79006	16.5477	1222.15	4263.52
7.79006	16.5477	1221.23	4123.85
7.79006	16.5477	1220.31	4262.01
7.79006	16.5477	1219.4	4299.38
7.79006	16.5477	1218.48	4336.73
7.79006	16.5477	1217.56	4235.26
7.79006	16.5477	1216.64	4351.53
7.79006	16.5477	1215.72	4304.51
7.79006	16.5477	1214.8	4284.71
7.79006	16.5477	1213.88	4302.99
7.79006	16.5477	1212.96	4459.96
7.79006	16.5477	1212.05	4483.64
7.79006	16.5477	1211.13	4523.63
7.79006	16.5477	1210.21	4370.62
7.79006	16.5477	1209.29	4405.18
7.79006	16.5477	1208.37	4401.68
7.79006	16.5477	1207.45	4395.47
7.79006	16.5477	1206.53	4250.74
7.79006	16.5477	1205.6	4399.35
7.79006	16.5477	1204.68	4303.54
7.79006	16.5477	1203.76	4224.05
7.79006	16.5477	1202.84	4209.74
7.79006	16.5477	1201.92	4257.84
7.79006	16.5477	1201.0	4267.94
7.79006	16.5477	1200.08	4153.25
7.79006	16.5477	1199.16	3992.49
7.79006	16.5477	1198.23	4149.07
7.79006	16.5477	1197.31	4164.6
7.79006	16.5477	1196.39	4014.77
7.79006	16.5477	1195.47	4117.06
7.79006	16.5477	1194.54	3961.86
7.79006	16.5477	1193.62	4083.09
7.79006	16.5477	1192.7	3881.9
7.79006	16.5477	1191.78	3940.8
7.79006	16.5477	1190.85	3823.66
7.79006	16.5477	1189.93	3950.24
7.79006	16.5477	1189.01	3841.26
7.79006	16.5477	1188.08	3694.43
7.79006	16.5477	1187.16	3726.25
7.79006	16.5477	1186.23	3879.81
7.79006	16.5477	1185.31	3768.21
7.79006	16.5477	1184.39	3735.09
7.79006	16.5477	1183.46	3729.02
7.79006	16.5477	1182.54	3793.25
7.79006	16.5477	1181.61	3925.03
7.79006	16.5477	1180.69	3829.74
7.79006	16.5477	1179.76	3750.7
7.79006	16.5477	1178.84	3871.61
7.79006	16.5477	1177.91	3854.72
7.79006	16.5477	1176.99	3886.45
7.79006	16.5477	1176.06	4020.78
7.79006	16.5477	1175.13	3941.77
7.79006	16.5477	1174.21	3930.27
7.79006	16.5477	1173.28	3932.28
7.79006	16.5477	1172.35	3953.17
7.79006	16.5477	1171.43	4030.71
7.79006	16.5477	1170.5	3843.87
7.79006	16.5477	1169.57	3759.58
7.79006	16.5477	1168.65	3872.17
7.79006	16.5477	1167.72	3995.5
7.79006	16.5477	1166.79	3776.45
7.79006	16.5477	1165.86	3754.22
7.79006	16.5477	1164.94	3783.2
7.79006	16.5477	1164.01	3734.03
7.79006	16.5477	1163.08	3671.42
7.79006	16.5477	1162.15	3643.84
7.79006	16.5477	1161.22	3799.37
7.79006	16.5477	1160.3	3712.54
7.79006	16.5477	1159.37	3787.25
7.79006	16.5477	1158.44	3603.58
7.79006	16.5477	1157.51	3651.37
7.79006	16.5477	1156.58	3623.82
7.79006	16.5477	1155.65	3671.59
7.79006	16.5477	1154.72	3584.88
7.79006	16.5477	1153.79	3530.47
7.79006	16.5477	1152.86	3524.47
7.79006	16.5477	1151.93	3574.91
7.79006	16.5477	1151.0	3603.84
7.79006	16.5477	1150.07	3482.29
7.79006	16.5477	1149.14	3685.84
7.79006	16.5477	1148.21	3601.92
7.79006	16.5477	1147.28	3644.25
7.79006	16.5477	1146.35	3662.4
7.79006	16.5477	1145.42	3744.97
7.79006	16.5477	1144.48	3583.26
7.79006	16.5477	1143.55	3620.2
7.79006	16.5477	1142.62	3654.44
7.79006	16.5477	1141.69	3704.76
7.79006	16.5477	1140.76	3653.14
7.79006	16.5477	1139.82	3593.49
7.79006	16.5477	1138.89	3584.81
7.79006	16.5477	1137.96	3669.96
7.79006	16.5477	1137.03	3594.26
7.79006	16.5477	1136.09	3593.62
7.79006	16.5477	1135.16	3651.93
7.79006	16.5477	1134.23	3651.28
7.79006	16.5477	1133.29	3637.24
7.79006	16.5477	1132.36	3588.39
7.79006	16.5477	1131.43	3617.2
7.79006	16.5477	1130.49	3554.99
7.79006	16.5477	1129.56	3623.95
7.79006	16.5477	1128.62	3497.53
7.79006	16.5477	1127.69	3438.05
7.79006	16.5477	1126.76	3523.04
7.79006	16.5477	1125.82	3570.56
7.79006	16.5477	1124.89	3364.02
7.79006	16.5477	1123.95	3566.61
7.79006	16.5477	1123.02	3451.03
7.79006	16.5477	1122.08	3557.33
7.79006	16.5477	1121.14	3337.57
7.79006	16.5477	1120.21	3315.61
7.79006	16.5477	1119.27	3432.55
7.79006	16.5477	1118.34	3397.22
7.79006	16.5477	1117.4	3324.52
7.79006	16.5477	1116.46	3297.23
7.79006	16.5477	1115.53	3347.36
7.79006	16.5477	1114.59	3266.7
7.79006	16.5477	1113.65	3196.74
7.79006	16.5477	1112.72	3310.89
7.79006	16.5477	1111.78	3256.95
7.79006	16.5477	1110.84	3245.71
7.79006	16.5477	1109.9	3226.46
7.79006	16.5477	1108.97	3193.9
7.79006	16.5477	1108.03	3249.31
7.79006	16.5477	1107.09	3163.44
7.79006	16.5477	1106.15	3197.52
7.79006	16.5477	1105.21	3295.53
7.79006	16.5477	1104.28	3188.39
7.79006	16.5477	1103.34	3139.89
7.79006	16.5477	1102.4	3096.73
7.79006	16.5477	1101.46	3136.11
7.79006	16.5477	1100.52	3159.5
7.79006	16.5477	1099.58	3047.17
7.79006	16.5477	1098.64	3028.0
7.79006	16.5477	1097.7	3080.67
7.79006	16.5477	1096.76	3229.07
7.79006	16.5477	1095.82	3082.23
7.79006	16.5477	1094.88	3063.07
7.79006	16.5477	1093.94	3091.76
7.79006	16.5477	1093.0	3165.64
7.79006	16.5477	1092.06	3072.06
7.79006	16.5477	1091.12	2994.46
7.79006	16.5477	1090.18	3137.38
7.79006	16.5477	1089.24	2996.05
7.79006	16.5477	1088.3	3138.92
7.79006	16.5477	1087.35	3074.63
7.79006	16.5477	1086.41	3071.43
7.79006	16.5477	1085.47	3084.16
7.79006	16.5477	1084.53	3049.11
7.79006	16.5477	1083.59	3101.63
7.79006	16.5477	1082.64	3066.59
7.79006	16.5477	1081.7	3039.52
7.79006	16.5477	1080.76	2879.87
7.79006	16.5477	1079.81	3059.65
7.79006	16.5477	1078.87	3027.29
7.79006	16.5477	1077.93	3018.8
7.79006	16.5477	1076.99	2938.76
7.79006	16.5477	1076.04	2866.7
7.79006	16.5477	1075.1	2948.31
7.79006	16.5477	1074.15	2839.2
7.79006	16.5477	1073.21	2870.47
7.79006	16.5477	1072.27	2912.31
7.79006	16.5477	1071.32	2940.91
7.79006	16.5477	1070.38	2911.27
7.79006	16.5477	1069.43	2823.43
7.79006	16.5477	1068.49	2820.28
7.79006	16.5477	1067.54	2973.2
7.79006	16.5477	1066.6	2872.17
7.79006	16.5477	1065.65	2768.53
7.79006	16.5477	1064.71	2783.9
7.79006	16.5477	1063.76	2981.65
7.79006	16.5477	1062.81	2751.19
7.79006	16.5477	1061.87	2946.24
7.79006	16.5477	1060.92	2892.87
7.79006	16.5477	1059.97	2842.17
7.79006	16.5477	1059.03	2860.15
7.79006	16.5477	1058.08	2764.58
7.79006	16.5477	1057.13	2832.73
7.79006	16.5477	1056.19	2808.46
7.79006	16.5477	1055.24	2821.16
7.79006	16.5477	1054.29	2894.53
7.79006	16.5477	1053.34	2878.19
7.79006	16.5477	1052.4	2853.93
7.79006	16.5477	1051.45	2903.53
7.79006	16.5477	1050.5	2805.45
7.79006	16.5477	1049.55	2910.4
7.79006	16.5477	1048.6	2865.07
7.79006	16.5477	1047.66	2869.83
7.79006	16.5477	1046.71	2756.02
7.79006	16.5477	1045.76	2766.07
7.79006	16.5477	1044.81	2886.73
7.79006	16.5477	1043.86	2812.48
7.79006	16.5477	1042.91	2754.05
7.79006	16.5477	1041.96	2732.5
7.79006	16.5477	1041.01	2716.22
7.79006	16.5477	1040.06	2886.78
7.79006	16.5477	1039.11	2825.75
7.79006	16.5477	1038.16	2880.49
7.79006	16.5477	1037.21	2737.94
7.79006	16.5477	1036.26	2745.34
7.79006	16.5477	1035.31	2794.81
7.79006	16.5477	1034.36	2844.25
7.79006	16.5477	1033.4	2817.46
7.79006	16.5477	1032.45	2767.03
7.79006	16.5477	1031.5	2798.06
7.79006	16.5477	1030.55	2884.25
7.79006	16.5477	1029.6	2736.65
7.79006	16.5477	1028.65	2870.08
7.79006	16.5477	1027.69	2864.32
7.79006	16.5477	1026.74	2932.05
7.79006	16.5477	1025.79	2942.03
7.79006	16.5477	1024.84	2944.12
7.79006	16.5477	1023.88	2830.79
7.79006	16.5477	1022.93	2908.97
7.79006	16.5477	1021.98	2814.04
7.79006	16.5477	1021.02	2913.17
7.79006	16.5477	1020.07	2797.3
7.79006	16.5477	1019.12	2828.25
7.79006	16.5477	1018.16	2872.3
7.79006	16.5477	1017.21	2897.98
7.79006	16.5477	1016.25	2850.31
7.79006	16.5477	1015.3	2828.84
7.79006	16.5477	1014.34	2846.67
7.79006	16.5477	1013.39	2979.69
7.79006	16.5477	1012.44	2887.53
7.79006	16.5477	1011.48	2949.83
7.79006	16.5477	1010.52	3001.64
7.79006	16.5477	1009.57	2993.26
7.79006	16.5477	1008.61	2932.55
7.79006	16.5477	1007.66	3125.58
7.79006	16.5477	1006.7	2905.35
7.79006	16.5477	1005.75	2818.55
7.79006	16.5477	1004.79	2959.2
7.79006	16.5477	1003.83	2950.83
7.79006	16.5477	1002.88	2942.46
7.79006	16.5477	1001.92	2834.81
7.79006	16.5477	1000.96	2970.14
7.79006	16.5477	1000.0	3027.07
7.79006	16.5477	999.048	2807.18
7.79006	16.5477	998.09	2882.39
7.79006	16.5477	997.132	2767.01
7.79006	16.5477	996.174	2795.22
7.79006	16.5477	995.216	2786.89
7.79006	16.5477	994.258	2749.87
7.79006	16.5477	993.3	2856.32
7.79006	16.5477	992.341	2840.16
7.79006	16.5477	991.382	2774.46
7.79006	16.5477	990.423	2680.11
7.79006	16.5477	989.4639999999999	2849.06
7.79006	16.5477	988.505	2778.18
7.79006	16.5477	987.546	2717.75
7.79006	16.5477	986.586	2808.45
7.79006	16.5477	985.6260000000001	2800.13
7.79006	16.5477	984.666	2737.12
7.79006	16.5477	983.706	2692.36
7.79006	16.5477	982.7460000000001	2803.83
7.79006	16.5477	981.785	2717.43
7.79006	16.5477	980.825	2787.2
7.79006	16.5477	979.8639999999999	2656.6
7.79006	16.5477	978.903	2614.5
7.79006	16.5477	977.942	2689.46
7.79006	16.5477	976.9810000000001	2688.98
7.79006	16.5477	976.0189999999999	2717.1
7.79006	16.5477	975.057	2732.21
7.79006	16.5477	974.095	2656.34
7.79006	16.5477	973.133	2453.17
7.79006	16.5477	972.171	2569.64
7.79006	16.5477	971.209	2670.49
7.79006	16.5477	970.2460000000001	2711.57
7.79006	16.5477	969.284	2695.5
7.79006	16.5477	968.321	2656.07
7.79006	16.5477	967.3580000000001	2715.3
7.79006	16.5477	966.3939999999999	2610.99
7.79006	16.5477	965.431	2737.68
7.79006	16.5477	964.467	2641.19
7.79006	16.5477	963.5039999999999	2614.77
7.79006	16.5477	962.54	2679.14
7.79006	16.5477	961.576	2621.61
7.79006	16.5477	960.6110000000001	2597.81
7.79006	16.5477	959.6469999999999	2734.72
7.79006	16.5477	958.682	2786.07
7.79006	16.5477	957.7180000000001	2723.37
7.79006	16.5477	956.753	2673.66
7.79006	16.5477	955.7869999999999	2776.79
7.79006	16.5477	954.822	2755.57
7.79006	16.5477	953.857	2700.7
7.79006	16.5477	952.8910000000001	2803.77
7.79006	16.5477	951.925	2875.74
7.79006	16.5477	950.959	2704.42
7.79006	16.5477	949.993	2719.45
7.79006	16.5477	949.0269999999999	2755.18
7.79006	16.5477	948.06	2811.59
7.79006	16.5477	947.0930000000001	2821.43
7.79006	16.5477	946.1260000000001	2854.53
7.79006	16.5477	945.159	2799.73
7.79006	16.5477	944.192	2778.55
7.79006	16.5477	943.225	2772.88
7.79006	16.5477	942.257	2785.3
7.79006	16.5477	941.289	2831.3
7.79006	16.5477	940.321	2859.2
7.79006	16.5477	939.3530000000001	2825.11
7.79006	16.5477	938.385	2760.05
7.79006	16.5477	937.4169999999999	2857.65
7.79006	16.5477	936.448	2875.2
7.79006	16.5477	935.4789999999999	2869.52
7.79006	16.5477	934.51	2814.83
7.79006	16.5477	933.541	2883.97
7.79006	16.5477	932.572	2958.24
7.79006	16.5477	931.602	2818.46
7.79006	16.5477	930.633	2861.78
7.79006	16.5477	929.663	2969.53
7.79006	16.5477	928.693	2883.94
7.79006	16.5477	927.7230000000001	2870.54
7.79006	16.5477	926.752	2870.02
7.79006	16.5477	925.7819999999999	2941.63
7.79006	16.5477	924.811	2912.77
7.79006	16.5477	923.84	2950.87
7.79006	16.5477	922.8689999999999	2736.65
7.79006	16.5477	921.898	2875.16
7.79006	16.5477	920.926	2720.23
7.79006	16.5477	919.955	2768.62
7.79006	16.5477	918.9830000000001	2675.51
7.79006	16.5477	918.0110000000001	2703.32
7.79006	16.5477	917.039	2612.82
7.79006	16.5477	916.066	2766.62
7.79006	16.5477	915.0939999999999	2681.29
7.79006	16.5477	914.1210000000001	2714.22
7.79006	16.5477	913.148	2551.83
7.79006	16.5477	912.175	2597.62
7.79006	16.5477	911.202	2604.86
7.79006	16.5477	910.2289999999999	2591.54
7.79006	16.5477	909.255	2575.67
7.79006	16.5477	908.2819999999999	2564.93
7.79006	16.5477	907.308	2595.27
7.79006	16.5477	906.334	2504.97
7.79006	16.5477	905.36	2476.29
7.79006	16.5477	904.385	2563.08
7.79006	16.5477	903.4110000000001	2547.22
7.79006	16.5477	902.436	2513.42
7.79006	16.5477	901.461	2500.15
7.79006	16.5477	900.4860000000001	2422.78
7.79006	16.5477	899.51	2650.48
7.79006	16.5477	898.535	2457.79
7.79006	16.5477	897.559	2521.4
7.79006	16.5477	896.5830000000001	2651.6
7.79006	16.5477	895.607	2515.37
7.79006	16.5477	894.6310000000001	2553.33
7.79006	16.5477	893.655	2545.18
7.79006	16.5477	892.678	2659.93
7.79006	16.5477	891.702	2582.66
7.79006	16.5477	890.725	2602.66
7.79006	16.5477	889.748	2625.22
7.79006	16.5477	888.77	2563.35
7.79006	16.5477	887.793	2601.25
7.79006	16.5477	886.815	2605.89
7.79006	16.5477	885.8380000000001	2582.41
7.79006	16.5477	884.86	2671.42
7.79006	16.5477	883.882	2573.81
7.79006	16.5477	882.903	2655.12
7.79006	16.5477	881.925	2652.08
7.79006	16.5477	880.946	2730.79
7.79006	16.5477	879.967	2661.34
7.79006	16.5477	878.988	2678.73
7.79006	16.5477	878.0089999999999	2716.54
7.79006	16.5477	877.03	2680.31
7.79006	16.5477	876.05	2593.05
7.79006	16.5477	875.071	2641.07
7.79006	16.5477	874.091	2719.68
7.79006	16.5477	873.1110000000001	2619.7
7.79006	16.5477	872.13	2560.57
7.79006	16.5477	871.15	2580.51
7.79006	16.5477	870.169	2638.68
7.79006	16.5477	869.189	2653.49
7.79006	16.5477	868.2080000000001	2599.49
7.79006	16.5477	867.2260000000001	2527.68
7.79006	16.5477	866.245	2705.55
7.79006	16.5477	865.2639999999999	2605.72
7.79006	16.5477	864.2819999999999	2589.97
7.79006	16.5477	863.3	2742.27
7.79006	16.5477	862.318	2688.31
7.79006	16.5477	861.336	2550.38
7.79006	16.5477	860.3530000000001	2567.73
7.79006	16.5477	859.3710000000001	2679.22
7.79006	16.5477	858.388	2676.19
7.79006	16.5477	857.405	2619.75
7.79006	16.5477	856.422	2563.33
7.79006	16.5477	855.439	2631.51
7.79006	16.5477	854.455	2661.54
7.79006	16.5477	853.472	2556.85
7.79006	16.5477	852.488	2564.01
7.79006	16.5477	851.5039999999999	2604.2
7.79006	16.5477	850.52	2611.34
7.79006	16.5477	849.535	2631.19
7.79006	16.5477	848.551	2628.17
7.79006	16.5477	847.566	2724.17
7.79006	16.5477	846.581	2657.68
7.79006	16.5477	845.596	2667.35
7.79006	16.5477	844.6110000000001	2710.0
7.79006	16.5477	843.6260000000001	2701.9
7.79006	16.5477	842.64	2744.53
7.79006	16.5477	841.654	2759.25
7.79006	16.5477	840.668	2761.28
7.79006	16.5477	839.682	2621.35
7.79006	16.5477	838.696	2727.33
7.79006	16.5477	837.709	2582.38
7.79006	16.5477	836.7230000000001	2794.75
7.79006	16.5477	835.7360000000001	2621.98
7.79006	16.5477	834.7489999999999	2618.97
7.79006	16.5477	833.762	2729.92
7.79006	16.5477	832.7739999999999	2704.1
7.79006	16.5477	831.7869999999999	2799.8
7.79006	16.5477	830.799	2667.68
7.79006	16.5477	829.811	2824.09
7.79006	16.5477	828.823	2757.8
7.79006	16.5477	827.835	2648.52
7.79006	16.5477	826.846	2670.8
7.79006	16.5477	825.857	2720.89
7.79006	16.5477	824.8689999999999	2864.51
7.79006	16.5477	823.88	2651.65
7.79006	16.5477	822.89	2734.57
7.79006	16.5477	821.9010000000001	2799.77
7.79006	16.5477	820.9119999999999	2738.63
7.79006	16.5477	819.922	2707.82
7.79006	16.5477	818.932	2641.67
7.79006	16.5477	817.942	2744.71
7.79006	16.5477	816.952	2665.95
7.79006	16.5477	815.961	2683.13
7.79006	16.5477	814.971	2581.7
7.79006	16.5477	813.98	2659.45
7.79006	16.5477	812.9889999999999	2545.44
7.79006	16.5477	811.998	2562.64
7.79006	16.5477	811.0060000000001	2642.87
7.79006	16.5477	810.015	2619.69
7.79006	16.5477	809.023	2553.67
7.79006	16.5477	808.0310000000001	2535.57
7.79006	16.5477	807.039	2645.98
7.79006	16.5477	806.047	2673.22
7.79006	16.5477	805.054	2516.55
7.79006	16.5477	804.062	2601.72
7.79006	16.5477	803.069	2518.15
7.79006	16.5477	802.076	2598.26
7.79006	16.5477	801.0830000000001	2635.54
7.79006	16.5477	800.0889999999999	2557.04
7.79006	16.5477	799.096	2652.2
7.79006	16.5477	798.102	2641.65
7.79006	16.5477	797.1080000000001	2563.19
7.79006	16.5477	796.1139999999999	2600.45
7.79006	16.5477	795.12	2589.92
7.79006	16.5477	794.1260000000001	2634.7
7.79006	16.5477	793.1310000000001	2578.92
7.79006	16.5477	792.1360000000001	2686.51
7.79006	16.5477	791.1410000000001	2620.7
7.79006	16.5477	790.1460000000001	2698.1
7.79006	16.5477	789.1510000000001	2727.75
7.79006	16.5477	788.155	2747.34
7.79006	16.5477	787.16	2686.58
7.79006	16.5477	786.164	2623.33
7.79006	16.5477	785.168	2763.41
7.79006	16.5477	784.171	2715.22
7.79006	16.5477	783.175	2719.74
7.79006	16.5477	782.178	2664.06
7.79006	16.5477	781.182	2671.1
7.79006	16.5477	780.185	2638.01
7.79006	16.5477	779.188	2579.87
7.79006	16.5477	778.19	2627.02
7.79006	16.5477	777.193	2563.89
7.79006	16.5477	776.195	2560.92
7.79006	16.5477	775.197	2542.91
7.79006	16.5477	774.199	2640.14
7.79006	16.5477	773.201	2546.99
7.79006	16.5477	772.202	2581.58
7.79006	16.5477	771.204	2526.03
7.79006	16.5477	770.205	2478.02
7.79006	16.5477	769.206	2607.7
7.79006	16.5477	768.207	2629.74
7.79006	16.5477	767.2080000000001	2546.71
7.79006	16.5477	766.2080000000001	2533.73
7.79006	16.5477	765.2080000000001	2645.81
7.79006	16.5477	764.209	2512.81
7.79006	16.5477	763.2080000000001	2634.84
7.79006	16.5477	762.2080000000001	2614.36
7.79006	16.5477	761.2080000000001	2636.38
7.79006	16.5477	760.207	2545.95
7.79006	16.5477	759.206	2697.86
7.79006	16.5477	758.205	2772.3
7.79006	16.5477	757.204	2676.9
7.79006	16.5477	756.203	2768.79
7.79006	16.5477	755.201	2698.39
7.79006	16.5477	754.2	2745.32
7.79006	16.5477	753.198	2637.52
7.79006	16.5477	752.196	2796.7
7.79006	16.5477	751.193	2659.0
7.79006	16.5477	750.191	2845.56
7.79006	16.5477	749.188	2682.97
7.79006	16.5477	748.186	2859.48
7.79006	16.5477	747.183	2754.27
7.79006	16.5477	746.179	2883.35
7.79006	16.5477	745.176	2800.6
7.79006	16.5477	744.173	2807.56
7.79006	16.5477	743.169	2941.55
7.79006	16.5477	742.165	2846.38
7.79006	16.5477	741.1610000000001	2870.76
7.79006	16.5477	740.1569999999999	2812.98
7.79006	16.5477	739.1519999999999	2795.04
7.79006	16.5477	738.1469999999999	2797.02
7.79006	16.5477	737.143	2739.28
7.79006	16.5477	736.138	2835.8
7.79006	16.5477	735.132	2805.43
7.79006	16.5477	734.127	2745.24
7.79006	16.5477	733.122	2739.76
7.79006	16.5477	732.1160000000001	2843.66
7.79006	16.5477	731.11	2778.53
7.79006	16.5477	730.1039999999999	2735.78
7.79006	16.5477	729.097	2819.74
7.79006	16.5477	728.091	2811.77
7.79006	16.5477	727.084	2759.11
7.79006	16.5477	726.077	2840.54
7.79006	16.5477	725.07	2807.75
7.79006	16.5477	724.063	2859.36
7.79006	16.5477	723.056	2781.9
7.79006	16.5477	722.048	2873.2
7.79006	16.5477	721.04	2810.65
7.79006	16.5477	720.0319999999999	2785.34
7.79006	16.5477	719.0239999999999	2747.63
7.79006	16.5477	718.0160000000001	2781.84
7.79006	16.5477	717.007	2796.2
7.79006	16.5477	715.9989999999999	2746.12
7.79006	16.5477	714.99	2653.93
7.79006	16.5477	713.9810000000001	2727.77
7.79006	16.5477	712.972	2771.86
7.79006	16.5477	711.962	2669.81
7.79006	16.5477	710.953	2617.32
7.79006	16.5477	709.943	2666.35
7.79006	16.5477	708.933	2601.51
7.79006	16.5477	707.923	2608.45
7.79006	16.5477	706.9119999999999	2573.33
7.79006	16.5477	705.9019999999999	2632.24
7.79006	16.5477	704.8910000000001	2510.55
7.79006	16.5477	703.88	2507.62
7.79006	16.5477	702.8689999999999	2630.79
7.79006	16.5477	701.8580000000001	2632.78
7.79006	16.5477	700.846	2560.62
7.79006	16.5477	699.834	2532.96
7.79006	16.5477	698.823	2601.68
7.79006	16.5477	697.811	2576.5
7.79006	16.5477	696.798	2664.94
7.79006	16.5477	695.7860000000001	2590.37
7.79006	16.5477	694.773	2607.18
7.79006	16.5477	693.7610000000001	2559.8
7.79006	16.5477	692.748	2606.22
7.79006	16.5477	691.7339999999999	2610.68
7.79006	16.5477	690.721	2541.12
7.79006	16.5477	689.7080000000001	2461.72
7.79006	16.5477	688.694	2564.85
7.79006	16.5477	687.68	2556.98
7.79006	16.5477	686.666	2489.95
7.79006	16.5477	685.6519999999999	2482.1
7.79006	16.5477	684.637	2538.32
7.79006	16.5477	683.623	2557.57
7.79006	16.5477	682.6080000000001	2428.99
7.79006	16.5477	681.5930000000001	2495.05
7.79006	16.5477	680.578	2514.29
7.79006	16.5477	679.562	2659.1
7.79006	16.5477	678.547	2518.29
7.79006	16.5477	677.5310000000001	2539.98
7.79006	16.5477	676.515	2532.13
7.79006	16.5477	675.4989999999999	2536.59
7.79006	16.5477	674.482	2536.12
7.79006	16.5477	673.466	2474.17
7.79006	16.5477	672.449	2503.22
7.79006	16.5477	671.432	2591.27
7.79006	16.5477	670.415	2556.38
7.79006	16.5477	669.398	2543.62
7.79006	16.5477	668.3810000000001	2543.15
7.79006	16.5477	667.363	2496.01
7.79006	16.5477	666.345	2598.71
7.79006	16.5477	665.327	2578.59
7.79006	16.5477	664.309	2654.23
7.79006	16.5477	663.291	2597.28
7.79006	16.5477	662.2719999999999	2515.8
7.79006	16.5477	661.253	2625.77
7.79006	16.5477	660.2339999999999	2559.04
7.79006	16.5477	659.215	2511.96
7.79006	16.5477	658.196	2639.04
7.79006	16.5477	657.176	2540.46
7.79006	16.5477	656.1569999999999	2532.64
7.79006	16.5477	655.137	2461.09
7.79006	16.5477	654.117	2678.76
7.79006	16.5477	653.097	2575.35
7.79006	16.5477	652.076	2572.42
7.79006	16.5477	651.056	2601.34
7.79006	16.5477	650.035	2524.95
7.79006	16.5477	649.014	2580.8
7.79006	16.5477	647.993	2572.98
7.79006	16.5477	646.971	2670.41
7.79006	16.5477	645.95	2584.27
7.79006	16.5477	644.928	2615.6
7.79006	16.5477	643.906	2610.22
7.79006	16.5477	642.884	2675.78
7.79006	16.5477	641.861	2729.09
7.79006	16.5477	640.839	2594.11
7.79006	16.5477	639.816	2596.08
7.79006	16.5477	638.793	2624.93
7.79006	16.5477	637.77	2665.99
7.79006	16.5477	636.747	2626.4
7.79006	16.5477	635.724	2704.09
7.79006	16.5477	634.7	2517.98
7.79006	16.5477	633.6759999999999	2624.95
7.79006	16.5477	632.6519999999999	2668.41
7.79006	16.5477	631.628	2633.75
7.79006	16.5477	630.6030000000001	2679.63
7.79006	16.5477	629.5790000000001	2559.58
7.79006	16.5477	628.554	2629.85
7.79006	16.5477	627.529	2680.59
7.79006	16.5477	626.504	2580.11
7.79006	16.5477	625.479	2672.28
7.79006	16.5477	624.453	2671.79
7.79006	16.5477	623.427	2607.93
7.79006	16.5477	622.401	2585.51
7.79006	16.5477	621.375	2636.2
7.79006	16.5477	620.349	2621.1
7.79006	16.5477	619.323	2564.6
7.79006	16.5477	618.2959999999999	2522.73
7.79006	16.5477	617.269	2583.13
7.79006	16.5477	616.242	2599.69
7.79006	16.5477	615.215	2455.62
7.79006	16.5477	614.187	2496.53
7.79006	16.5477	613.16	2532.57
7.79006	16.5477	612.132	2541.83
7.79006	16.5477	611.104	2453.81
7.79006	16.5477	610.076	2545.75
7.79006	16.5477	609.047	2576.89
7.79006	16.5477	608.019	2535.09
7.79006	16.5477	606.99	2575.93
7.79006	16.5477	605.961	2490.42
7.79006	16.5477	604.932	2516.68
7.79006	16.5477	603.903	2460.35
7.79006	16.5477	602.873	2430.76
7.79006	16.5477	601.844	2476.44
7.79006	16.5477	600.814	2408.01
