2.1254	29.0836	1799.31	1097.13
2.1254	29.0836	1798.5	1063.33
2.1254	29.0836	1797.68	1154.8
2.1254	29.0836	1796.86	1114.9
2.1254	29.0836	1796.04	1136.09
2.1254	29.0836	1795.22	1038.18
2.1254	29.0836	1794.4	1083.8
2.1254	29.0836	1793.58	1077.52
2.1254	29.0836	1792.76	1080.39
2.1254	29.0836	1791.94	1156.49
2.1254	29.0836	1791.13	1083.07
2.1254	29.0836	1790.31	1113.39
2.1254	29.0836	1789.49	1104.05
2.1254	29.0836	1788.67	1113.02
2.1254	29.0836	1787.85	1128.07
2.1254	29.0836	1787.03	1042.53
2.1254	29.0836	1786.21	1115.5
2.1254	29.0836	1785.39	1142.74
2.1254	29.0836	1784.56	1118.17
2.1254	29.0836	1783.74	1090.56
2.1254	29.0836	1782.92	1117.79
2.1254	29.0836	1782.1	1105.42
2.1254	29.0836	1781.28	1044.34
2.1254	29.0836	1780.46	1068.52
2.1254	29.0836	1779.64	1144.43
2.1254	29.0836	1778.82	1177.71
2.1254	29.0836	1778.0	1113.62
2.1254	29.0836	1777.17	1095.17
2.1254	29.0836	1776.35	1110.2
2.1254	29.0836	1775.53	1143.46
2.1254	29.0836	1774.71	1058.13
2.1254	29.0836	1773.89	1091.39
2.1254	29.0836	1773.06	1118.57
2.1254	29.0836	1772.24	1115.34
2.1254	29.0836	1771.42	1106.03
2.1254	29.0836	1770.59	1108.88
2.1254	29.0836	1769.77	1151.22
2.1254	29.0836	1768.95	1120.66
2.1254	29.0836	1768.12	1202.45
2.1254	29.0836	1767.3	1126.35
2.1254	29.0836	1766.48	1138.3
2.1254	29.0836	1765.65	1129.0
2.1254	29.0836	1764.83	1065.09
2.1254	29.0836	1764.01	1161.99
2.1254	29.0836	1763.18	1095.06
2.1254	29.0836	1762.36	1131.27
2.1254	29.0836	1761.53	1155.34
2.1254	29.0836	1760.71	1133.92
2.1254	29.0836	1759.88	1082.2
2.1254	29.0836	1759.06	1133.54
2.1254	29.0836	1758.23	1136.38
2.1254	29.0836	1757.41	1154.36
2.1254	29.0836	1756.58	1126.9
2.1254	29.0836	1755.76	1172.14
2.1254	29.0836	1754.93	1111.38
2.1254	29.0836	1754.11	1132.39
2.1254	29.0836	1753.28	1223.01
2.1254	29.0836	1752.46	1231.88
2.1254	29.0836	1751.63	1225.62
2.1254	29.0836	1750.8	1143.72
2.1254	29.0836	1749.98	1194.96
2.1254	29.0836	1749.15	1237.1
2.1254	29.0836	1748.32	1233.87
2.1254	29.0836	1747.5	1158.06
2.1254	29.0836	1746.67	1179.03
2.1254	29.0836	1745.84	1181.85
2.1254	29.0836	1745.02	1208.85
2.1254	29.0836	1744.19	1208.65
2.1254	29.0836	1743.36	1235.63
2.1254	29.0836	1742.53	1181.05
2.1254	29.0836	1741.71	1262.39
2.1254	29.0836	1740.88	1186.69
2.1254	29.0836	1740.05	1255.93
2.1254	29.0836	1739.22	1210.44
2.1254	29.0836	1738.39	1207.21
2.1254	29.0836	1737.56	1246.24
2.1254	29.0836	1736.74	1224.91
2.1254	29.0836	1735.91	1269.95
2.1254	29.0836	1735.08	1269.73
2.1254	29.0836	1734.25	1281.58
2.1254	29.0836	1733.42	1263.27
2.1254	29.0836	1732.59	1296.21
2.1254	29.0836	1731.76	1299.01
2.1254	29.0836	1730.93	1301.8
2.1254	29.0836	1730.1	1313.63
2.1254	29.0836	1729.27	1289.31
2.1254	29.0836	1728.44	1265.0
2.1254	29.0836	1727.61	1325.01
2.1254	29.0836	1726.78	1400.06
2.1254	29.0836	1725.95	1330.58
2.1254	29.0836	1725.12	1318.31
2.1254	29.0836	1724.29	1309.06
2.1254	29.0836	1723.46	1281.76
2.1254	29.0836	1722.63	1356.75
2.1254	29.0836	1721.8	1293.36
2.1254	29.0836	1720.96	1254.04
2.1254	29.0836	1720.13	1301.94
2.1254	29.0836	1719.3	1304.72
2.1254	29.0836	1718.47	1313.52
2.1254	29.0836	1717.64	1379.41
2.1254	29.0836	1716.81	1334.11
2.1254	29.0836	1715.97	1375.94
2.1254	29.0836	1715.14	1285.59
2.1254	29.0836	1714.31	1366.46
2.1254	29.0836	1713.48	1336.2
2.1254	29.0836	1712.64	1338.98
2.1254	29.0836	1711.81	1401.78
2.1254	29.0836	1710.98	1434.56
2.1254	29.0836	1710.14	1443.32
2.1254	29.0836	1709.31	1404.07
2.1254	29.0836	1708.48	1532.82
2.1254	29.0836	1707.64	1478.57
2.1254	29.0836	1706.81	1400.36
2.1254	29.0836	1705.98	1370.14
2.1254	29.0836	1705.14	1438.85
2.1254	29.0836	1704.31	1489.55
2.1254	29.0836	1703.47	1540.24
2.1254	29.0836	1702.64	1396.17
2.1254	29.0836	1701.81	1434.87
2.1254	29.0836	1700.97	1392.7
2.1254	29.0836	1700.14	1476.31
2.1254	29.0836	1699.3	1422.17
2.1254	29.0836	1698.47	1368.04
2.1254	29.0836	1697.63	1490.52
2.1254	29.0836	1696.79	1496.25
2.1254	29.0836	1695.96	1445.13
2.1254	29.0836	1695.12	1420.96
2.1254	29.0836	1694.29	1432.68
2.1254	29.0836	1693.45	1447.39
2.1254	29.0836	1692.62	1503.95
2.1254	29.0836	1691.78	1434.94
2.1254	29.0836	1690.94	1431.7
2.1254	29.0836	1690.11	1398.59
2.1254	29.0836	1689.27	1508.9
2.1254	29.0836	1688.43	1496.7
2.1254	29.0836	1687.6	1424.76
2.1254	29.0836	1686.76	1424.51
2.1254	29.0836	1685.92	1469.06
2.1254	29.0836	1685.08	1459.85
2.1254	29.0836	1684.25	1501.39
2.1254	29.0836	1683.41	1438.46
2.1254	29.0836	1682.57	1524.75
2.1254	29.0836	1681.73	1494.66
2.1254	29.0836	1680.89	1482.47
2.1254	29.0836	1680.06	1434.5
2.1254	29.0836	1679.22	1487.93
2.1254	29.0836	1678.38	1636.74
2.1254	29.0836	1677.54	1454.63
2.1254	29.0836	1676.7	1469.29
2.1254	29.0836	1675.86	1522.67
2.1254	29.0836	1675.02	1534.33
2.1254	29.0836	1674.18	1537.05
2.1254	29.0836	1673.35	1596.35
2.1254	29.0836	1672.51	1554.39
2.1254	29.0836	1671.67	1548.17
2.1254	29.0836	1670.83	1616.37
2.1254	29.0836	1669.99	1607.17
2.1254	29.0836	1669.15	1523.57
2.1254	29.0836	1668.31	1591.74
2.1254	29.0836	1667.47	1529.0
2.1254	29.0836	1666.62	1641.76
2.1254	29.0836	1665.78	1564.17
2.1254	29.0836	1664.94	1581.74
2.1254	29.0836	1664.1	1605.25
2.1254	29.0836	1663.26	1634.7
2.1254	29.0836	1662.42	1661.17
2.1254	29.0836	1661.58	1666.82
2.1254	29.0836	1660.74	1621.98
2.1254	29.0836	1659.9	1624.67
2.1254	29.0836	1659.05	1740.21
2.1254	29.0836	1658.21	1772.58
2.1254	29.0836	1657.37	1674.31
2.1254	29.0836	1656.53	1706.67
2.1254	29.0836	1655.68	1786.51
2.1254	29.0836	1654.84	1729.83
2.1254	29.0836	1654.0	1824.46
2.1254	29.0836	1653.16	1735.17
2.1254	29.0836	1652.31	1779.36
2.1254	29.0836	1651.47	1773.12
2.1254	29.0836	1650.63	1909.19
2.1254	29.0836	1649.78	1805.12
2.1254	29.0836	1648.94	1804.81
2.1254	29.0836	1648.1	1851.91
2.1254	29.0836	1647.25	1833.82
2.1254	29.0836	1646.41	1874.98
2.1254	29.0836	1645.56	1954.62
2.1254	29.0836	1644.72	1889.14
2.1254	29.0836	1643.88	1903.62
2.1254	29.0836	1643.03	1885.54
2.1254	29.0836	1642.19	1905.93
2.1254	29.0836	1641.34	1979.58
2.1254	29.0836	1640.5	2014.75
2.1254	29.0836	1639.65	1993.69
2.1254	29.0836	1638.81	1901.67
2.1254	29.0836	1637.96	2025.54
2.1254	29.0836	1637.11	2152.32
2.1254	29.0836	1636.27	2051.45
2.1254	29.0836	1635.42	2059.97
2.1254	29.0836	1634.58	2106.89
2.1254	29.0836	1633.73	2224.71
2.1254	29.0836	1632.88	2245.01
2.1254	29.0836	1632.04	2291.88
2.1254	29.0836	1631.19	2303.3
2.1254	29.0836	1630.34	2237.95
2.1254	29.0836	1629.5	2296.61
2.1254	29.0836	1628.65	2381.81
2.1254	29.0836	1627.8	2490.59
2.1254	29.0836	1626.96	2493.11
2.1254	29.0836	1626.11	2451.39
2.1254	29.0836	1625.26	2471.61
2.1254	29.0836	1624.41	2509.52
2.1254	29.0836	1623.57	2535.63
2.1254	29.0836	1622.72	2694.38
2.1254	29.0836	1621.87	2682.13
2.1254	29.0836	1621.02	2596.21
2.1254	29.0836	1620.17	2663.54
2.1254	29.0836	1619.32	2763.24
2.1254	29.0836	1618.47	2756.88
2.1254	29.0836	1617.63	2650.39
2.1254	29.0836	1616.78	2750.04
2.1254	29.0836	1615.93	2805.51
2.1254	29.0836	1615.08	2834.46
2.1254	29.0836	1614.23	2863.4
2.1254	29.0836	1613.38	2904.11
2.1254	29.0836	1612.53	2918.32
2.1254	29.0836	1611.68	3056.06
2.1254	29.0836	1610.83	3117.3
2.1254	29.0836	1609.98	2981.51
2.1254	29.0836	1609.13	3116.23
2.1254	29.0836	1608.28	3215.63
2.1254	29.0836	1607.43	3232.71
2.1254	29.0836	1606.58	3164.58
2.1254	29.0836	1605.73	3237.48
2.1254	29.0836	1604.87	3407.29
2.1254	29.0836	1604.02	3406.71
2.1254	29.0836	1603.17	3550.0
2.1254	29.0836	1602.32	3658.02
2.1254	29.0836	1601.47	3724.91
2.1254	29.0836	1600.62	4050.03
2.1254	29.0836	1599.76	4210.72
2.1254	29.0836	1598.91	4347.89
2.1254	29.0836	1598.06	4367.68
2.1254	29.0836	1597.21	4399.19
2.1254	29.0836	1596.36	4462.95
2.1254	29.0836	1595.5	4248.16
2.1254	29.0836	1594.65	4150.7
2.1254	29.0836	1593.8	3997.59
2.1254	29.0836	1592.94	3973.46
2.1254	29.0836	1592.09	3870.23
2.1254	29.0836	1591.24	3936.94
2.1254	29.0836	1590.38	3725.4
2.1254	29.0836	1589.53	3730.61
2.1254	29.0836	1588.68	3744.61
2.1254	29.0836	1587.82	3770.32
2.1254	29.0836	1586.97	3623.33
2.1254	29.0836	1586.11	3537.85
2.1254	29.0836	1585.26	3543.09
2.1254	29.0836	1584.4	3557.11
2.1254	29.0836	1583.55	3498.0
2.1254	29.0836	1582.69	3339.49
2.1254	29.0836	1581.84	3473.41
2.1254	29.0836	1580.98	3458.2
2.1254	29.0836	1580.13	3340.7
2.1254	29.0836	1579.27	3232.0
2.1254	29.0836	1578.42	3254.82
2.1254	29.0836	1577.56	3301.0
2.1254	29.0836	1576.71	3385.14
2.1254	29.0836	1575.85	3294.03
2.1254	29.0836	1574.99	3208.79
2.1254	29.0836	1574.14	3304.57
2.1254	29.0836	1573.28	3268.98
2.1254	29.0836	1572.42	3233.4
2.1254	29.0836	1571.57	3282.45
2.1254	29.0836	1570.71	3223.54
2.1254	29.0836	1569.85	3182.15
2.1254	29.0836	1569.0	3213.68
2.1254	29.0836	1568.14	3192.72
2.1254	29.0836	1567.28	3128.04
2.1254	29.0836	1566.42	3395.65
2.1254	29.0836	1565.56	3374.67
2.1254	29.0836	1564.71	3350.78
2.1254	29.0836	1563.85	3213.28
2.1254	29.0836	1562.99	3396.23
2.1254	29.0836	1562.13	3252.95
2.1254	29.0836	1561.27	3199.98
2.1254	29.0836	1560.41	3155.76
2.1254	29.0836	1559.56	3190.15
2.1254	29.0836	1558.7	3241.98
2.1254	29.0836	1557.84	3113.4
2.1254	29.0836	1556.98	2932.49
2.1254	29.0836	1556.12	2993.07
2.1254	29.0836	1555.26	2916.94
2.1254	29.0836	1554.4	2901.9
2.1254	29.0836	1553.54	2962.45
2.1254	29.0836	1552.68	2836.95
2.1254	29.0836	1551.82	2813.22
2.1254	29.0836	1550.96	2809.83
2.1254	29.0836	1550.1	2751.24
2.1254	29.0836	1549.24	2686.86
2.1254	29.0836	1548.38	2732.87
2.1254	29.0836	1547.52	2732.4
2.1254	29.0836	1546.65	2644.83
2.1254	29.0836	1545.79	2510.85
2.1254	29.0836	1544.93	2646.82
2.1254	29.0836	1544.07	2628.95
2.1254	29.0836	1543.21	2512.45
2.1254	29.0836	1542.35	2494.62
2.1254	29.0836	1541.48	2491.29
2.1254	29.0836	1540.62	2595.25
2.1254	29.0836	1539.76	2478.83
2.1254	29.0836	1538.9	2397.24
2.1254	29.0836	1538.04	2449.0
2.1254	29.0836	1537.17	2564.48
2.1254	29.0836	1536.31	2514.79
2.1254	29.0836	1535.45	2482.49
2.1254	29.0836	1534.58	2539.99
2.1254	29.0836	1533.72	2597.46
2.1254	29.0836	1532.86	2608.6
2.1254	29.0836	1531.99	2613.94
2.1254	29.0836	1531.13	2544.03
2.1254	29.0836	1530.27	2653.55
2.1254	29.0836	1529.4	2493.96
2.1254	29.0836	1528.54	2470.39
2.1254	29.0836	1527.67	2455.51
2.1254	29.0836	1526.81	2486.89
2.1254	29.0836	1525.94	2402.62
2.1254	29.0836	1525.08	2500.49
2.1254	29.0836	1524.21	2433.58
2.1254	29.0836	1523.35	2421.6
2.1254	29.0836	1522.48	2351.84
2.1254	29.0836	1521.62	2458.32
2.1254	29.0836	1520.75	2319.26
2.1254	29.0836	1519.89	2261.11
2.1254	29.0836	1519.02	2254.94
2.1254	29.0836	1518.15	2375.8
2.1254	29.0836	1517.29	2404.25
2.1254	29.0836	1516.42	2337.46
2.1254	29.0836	1515.56	2339.94
2.1254	29.0836	1514.69	2394.35
2.1254	29.0836	1513.82	2347.79
2.1254	29.0836	1512.96	2338.73
2.1254	29.0836	1512.09	2309.5
2.1254	29.0836	1511.22	2395.58
2.1254	29.0836	1510.35	2412.46
2.1254	29.0836	1509.49	2394.75
2.1254	29.0836	1508.62	2319.43
2.1254	29.0836	1507.75	2385.28
2.1254	29.0836	1506.88	2508.73
2.1254	29.0836	1506.01	2499.65
2.1254	29.0836	1505.15	2430.12
2.1254	29.0836	1504.28	2449.85
2.1254	29.0836	1503.41	2492.6
2.1254	29.0836	1502.54	2382.81
2.1254	29.0836	1501.67	2454.34
2.1254	29.0836	1500.8	2310.07
2.1254	29.0836	1499.93	2453.49
2.1254	29.0836	1499.06	2418.55
2.1254	29.0836	1498.19	2409.51
2.1254	29.0836	1497.32	2386.1
2.1254	29.0836	1496.46	2425.92
2.1254	29.0836	1495.59	2526.09
2.1254	29.0836	1494.72	2422.21
2.1254	29.0836	1493.84	2479.25
2.1254	29.0836	1492.97	2490.31
2.1254	29.0836	1492.1	2415.21
2.1254	29.0836	1491.23	2417.67
2.1254	29.0836	1490.36	2437.34
2.1254	29.0836	1489.49	2307.76
2.1254	29.0836	1488.62	2333.19
2.1254	29.0836	1487.75	2401.65
2.1254	29.0836	1486.88	2398.36
2.1254	29.0836	1486.01	2266.0
2.1254	29.0836	1485.13	2251.27
2.1254	29.0836	1484.26	2374.18
2.1254	29.0836	1483.39	2198.89
2.1254	29.0836	1482.52	2275.9
2.1254	29.0836	1481.65	2215.33
2.1254	29.0836	1480.77	2341.02
2.1254	29.0836	1479.9	2266.13
2.1254	29.0836	1479.03	2305.84
2.1254	29.0836	1478.16	2285.39
2.1254	29.0836	1477.28	2279.27
2.1254	29.0836	1476.41	2293.19
2.1254	29.0836	1475.54	2312.83
2.1254	29.0836	1474.66	2252.33
2.1254	29.0836	1473.79	2146.07
2.1254	29.0836	1472.91	2426.06
2.1254	29.0836	1472.04	2271.18
2.1254	29.0836	1471.17	2262.21
2.1254	29.0836	1470.29	2247.52
2.1254	29.0836	1469.42	2304.31
2.1254	29.0836	1468.54	2298.19
2.1254	29.0836	1467.67	2306.37
2.1254	29.0836	1466.79	2291.68
2.1254	29.0836	1465.92	2268.43
2.1254	29.0836	1465.04	2276.61
2.1254	29.0836	1464.17	2233.37
2.1254	29.0836	1463.29	2098.78
2.1254	29.0836	1462.42	2224.03
2.1254	29.0836	1461.54	2260.76
2.1254	29.0836	1460.66	2208.99
2.1254	29.0836	1459.79	2194.34
2.1254	29.0836	1458.91	2222.49
2.1254	29.0836	1458.04	2199.29
2.1254	29.0836	1457.16	2201.76
2.1254	29.0836	1456.28	2127.24
2.1254	29.0836	1455.41	2249.46
2.1254	29.0836	1454.53	2337.44
2.1254	29.0836	1453.65	2234.43
2.1254	29.0836	1452.77	2202.7
2.1254	29.0836	1451.9	2219.41
2.1254	29.0836	1451.02	2250.36
2.1254	29.0836	1450.14	2193.01
2.1254	29.0836	1449.26	2115.75
2.1254	29.0836	1448.39	2183.71
2.1254	29.0836	1447.51	2203.26
2.1254	29.0836	1446.63	2120.34
2.1254	29.0836	1445.75	2239.48
2.1254	29.0836	1444.87	2153.74
2.1254	29.0836	1443.99	2201.73
2.1254	29.0836	1443.11	2192.81
2.1254	29.0836	1442.23	2203.81
2.1254	29.0836	1441.35	2138.03
2.1254	29.0836	1440.48	2180.3
2.1254	29.0836	1439.6	2196.98
2.1254	29.0836	1438.72	2131.24
2.1254	29.0836	1437.84	2122.34
2.1254	29.0836	1436.96	2076.52
2.1254	29.0836	1436.08	2209.65
2.1254	29.0836	1435.2	2220.63
2.1254	29.0836	1434.31	2189.01
2.1254	29.0836	1433.43	2097.79
2.1254	29.0836	1432.55	2159.87
2.1254	29.0836	1431.67	2156.66
2.1254	29.0836	1430.79	2193.17
2.1254	29.0836	1429.91	2198.46
2.1254	29.0836	1429.03	2144.19
2.1254	29.0836	1428.15	2203.37
2.1254	29.0836	1427.27	2310.72
2.1254	29.0836	1426.38	2165.75
2.1254	29.0836	1425.5	2253.23
2.1254	29.0836	1424.62	2303.85
2.1254	29.0836	1423.74	2371.45
2.1254	29.0836	1422.85	2311.55
2.1254	29.0836	1421.97	2336.64
2.1254	29.0836	1421.09	2407.03
2.1254	29.0836	1420.21	2381.13
2.1254	29.0836	1419.32	2363.73
2.1254	29.0836	1418.44	2247.27
2.1254	29.0836	1417.56	2246.88
2.1254	29.0836	1416.67	2334.2
2.1254	29.0836	1415.79	2226.3
2.1254	29.0836	1414.9	2231.57
2.1254	29.0836	1414.02	2347.12
2.1254	29.0836	1413.14	2343.89
2.1254	29.0836	1412.25	2346.31
2.1254	29.0836	1411.37	2278.07
2.1254	29.0836	1410.48	2450.05
2.1254	29.0836	1409.6	2528.73
2.1254	29.0836	1408.71	2336.2
2.1254	29.0836	1407.83	2386.63
2.1254	29.0836	1406.94	2372.1
2.1254	29.0836	1406.06	2366.04
2.1254	29.0836	1405.17	2427.73
2.1254	29.0836	1404.29	2336.99
2.1254	29.0836	1403.4	2491.79
2.1254	29.0836	1402.51	2542.15
2.1254	29.0836	1401.63	2629.15
2.1254	29.0836	1400.74	2569.47
2.1254	29.0836	1399.85	2563.38
2.1254	29.0836	1398.97	2562.93
2.1254	29.0836	1398.08	2579.4
2.1254	29.0836	1397.19	2542.31
2.1254	29.0836	1396.31	2471.42
2.1254	29.0836	1395.42	2758.38
2.1254	29.0836	1394.53	2619.86
2.1254	29.0836	1393.64	2622.22
2.1254	29.0836	1392.76	2737.22
2.1254	29.0836	1391.87	2750.82
2.1254	29.0836	1390.98	2882.65
2.1254	29.0836	1390.09	2724.53
2.1254	29.0836	1389.2	2648.08
2.1254	29.0836	1388.32	2667.31
2.1254	29.0836	1387.43	2866.58
2.1254	29.0836	1386.54	2823.89
2.1254	29.0836	1385.65	2786.84
2.1254	29.0836	1384.76	2836.96
2.1254	29.0836	1383.87	2934.86
2.1254	29.0836	1382.98	2886.57
2.1254	29.0836	1382.09	2807.38
2.1254	29.0836	1381.2	2857.46
2.1254	29.0836	1380.31	2890.68
2.1254	29.0836	1379.42	2929.5
2.1254	29.0836	1378.53	3010.42
2.1254	29.0836	1377.64	2897.59
2.1254	29.0836	1376.75	2908.31
2.1254	29.0836	1375.86	2997.62
2.1254	29.0836	1374.97	2938.17
2.1254	29.0836	1374.08	3002.19
2.1254	29.0836	1373.19	3010.08
2.1254	29.0836	1372.3	2978.7
2.1254	29.0836	1371.4	3067.92
2.1254	29.0836	1370.51	3070.19
2.1254	29.0836	1369.62	3145.34
2.1254	29.0836	1368.73	3184.03
2.1254	29.0836	1367.84	3177.87
2.1254	29.0836	1366.94	3079.25
2.1254	29.0836	1366.05	3098.33
2.1254	29.0836	1365.16	3165.01
2.1254	29.0836	1364.27	3153.25
2.1254	29.0836	1363.37	2990.31
2.1254	29.0836	1362.48	3096.16
2.1254	29.0836	1361.59	3104.02
2.1254	29.0836	1360.69	3268.59
2.1254	29.0836	1359.8	3259.62
2.1254	29.0836	1358.91	3183.52
2.1254	29.0836	1358.01	3361.97
2.1254	29.0836	1357.12	3269.1
2.1254	29.0836	1356.22	3086.79
2.1254	29.0836	1355.33	3200.87
2.1254	29.0836	1354.44	3314.9
2.1254	29.0836	1353.54	3361.83
2.1254	29.0836	1352.65	3269.04
2.1254	29.0836	1351.75	3293.61
2.1254	29.0836	1350.86	3354.48
2.1254	29.0836	1349.96	3429.3
2.1254	29.0836	1349.07	3456.62
2.1254	29.0836	1348.17	3344.35
2.1254	29.0836	1347.28	3427.5
2.1254	29.0836	1346.38	3591.55
2.1254	29.0836	1345.48	3529.54
2.1254	29.0836	1344.59	3495.44
2.1254	29.0836	1343.69	3514.36
2.1254	29.0836	1342.79	3650.39
2.1254	29.0836	1341.9	3666.48
2.1254	29.0836	1341.0	3668.63
2.1254	29.0836	1340.1	3854.73
2.1254	29.0836	1339.21	3887.5
2.1254	29.0836	1338.31	3920.25
2.1254	29.0836	1337.41	3886.14
2.1254	29.0836	1336.51	4016.36
2.1254	29.0836	1335.62	4040.72
2.1254	29.0836	1334.72	4040.02
2.1254	29.0836	1333.82	4019.82
2.1254	29.0836	1332.92	3910.57
2.1254	29.0836	1332.02	4232.7
2.1254	29.0836	1331.13	4234.74
2.1254	29.0836	1330.23	4058.74
2.1254	29.0836	1329.33	4124.78
2.1254	29.0836	1328.43	4182.46
2.1254	29.0836	1327.53	4151.14
2.1254	29.0836	1326.63	4200.45
2.1254	29.0836	1325.73	4144.13
2.1254	29.0836	1324.83	4210.1
2.1254	29.0836	1323.93	4270.49
2.1254	29.0836	1323.03	4211.4
2.1254	29.0836	1322.13	4219.0
2.1254	29.0836	1321.23	4132.17
2.1254	29.0836	1320.33	4259.17
2.1254	29.0836	1319.43	4164.04
2.1254	29.0836	1318.53	4332.62
2.1254	29.0836	1317.63	4365.16
2.1254	29.0836	1316.73	4286.7
2.1254	29.0836	1315.83	4388.59
2.1254	29.0836	1314.93	4174.26
2.1254	29.0836	1314.02	4118.07
2.1254	29.0836	1313.12	4225.48
2.1254	29.0836	1312.22	4205.33
2.1254	29.0836	1311.32	4193.51
2.1254	29.0836	1310.42	4023.73
2.1254	29.0836	1309.51	4017.48
2.1254	29.0836	1308.61	4014.01
2.1254	29.0836	1307.71	3919.14
2.1254	29.0836	1306.81	3882.45
2.1254	29.0836	1305.9	4047.89
2.1254	29.0836	1305.0	4033.34
2.1254	29.0836	1304.1	3730.95
2.1254	29.0836	1303.19	3821.61
2.1254	29.0836	1302.29	3829.24
2.1254	29.0836	1301.39	3679.19
2.1254	29.0836	1300.48	3753.22
2.1254	29.0836	1299.58	3727.68
2.1254	29.0836	1298.67	3829.32
2.1254	29.0836	1297.77	3845.24
2.1254	29.0836	1296.86	3689.79
2.1254	29.0836	1295.96	3669.8
2.1254	29.0836	1295.06	3682.97
2.1254	29.0836	1294.15	3709.94
2.1254	29.0836	1293.25	3623.67
2.1254	29.0836	1292.34	3471.16
2.1254	29.0836	1291.43	3404.28
2.1254	29.0836	1290.53	3450.61
2.1254	29.0836	1289.62	3278.89
2.1254	29.0836	1288.72	3286.59
2.1254	29.0836	1287.81	3214.28
2.1254	29.0836	1286.9	3238.54
2.1254	29.0836	1286.0	3257.28
2.1254	29.0836	1285.09	3129.86
2.1254	29.0836	1284.18	3087.95
2.1254	29.0836	1283.28	3117.73
2.1254	29.0836	1282.37	2993.16
2.1254	29.0836	1281.46	3022.95
2.1254	29.0836	1280.56	3047.21
2.1254	29.0836	1279.65	2986.07
2.1254	29.0836	1278.74	2982.79
2.1254	29.0836	1277.83	3056.62
2.1254	29.0836	1276.93	3058.84
2.1254	29.0836	1276.02	2937.18
2.1254	29.0836	1275.11	2898.13
2.1254	29.0836	1274.2	2823.32
2.1254	29.0836	1273.29	2776.06
2.1254	29.0836	1272.38	2797.57
2.1254	29.0836	1271.47	2810.83
2.1254	29.0836	1270.56	2692.1
2.1254	29.0836	1269.66	2702.62
2.1254	29.0836	1268.75	2715.89
2.1254	29.0836	1267.84	2712.66
2.1254	29.0836	1266.93	2654.48
2.1254	29.0836	1266.02	2654.01
2.1254	29.0836	1265.11	2656.29
2.1254	29.0836	1264.2	2664.07
2.1254	29.0836	1263.29	2647.12
2.1254	29.0836	1262.38	2498.4
2.1254	29.0836	1261.46	2547.37
2.1254	29.0836	1260.55	2593.58
2.1254	29.0836	1259.64	2491.59
2.1254	29.0836	1258.73	2488.41
2.1254	29.0836	1257.82	2487.97
2.1254	29.0836	1256.91	2652.09
2.1254	29.0836	1256.0	2599.52
2.1254	29.0836	1255.08	2530.53
2.1254	29.0836	1254.17	2519.12
2.1254	29.0836	1253.26	2573.49
2.1254	29.0836	1252.35	2501.79
2.1254	29.0836	1251.44	2536.96
2.1254	29.0836	1250.52	2394.08
2.1254	29.0836	1249.61	2631.93
2.1254	29.0836	1248.7	2527.41
2.1254	29.0836	1247.78	2485.9
2.1254	29.0836	1246.87	2493.67
2.1254	29.0836	1245.96	2424.81
2.1254	29.0836	1245.04	2432.59
2.1254	29.0836	1244.13	2451.32
2.1254	29.0836	1243.22	2491.92
2.1254	29.0836	1242.3	2486.01
2.1254	29.0836	1241.39	2425.41
2.1254	29.0836	1240.47	2342.97
2.1254	29.0836	1239.56	2268.75
2.1254	29.0836	1238.64	2325.74
2.1254	29.0836	1237.73	2374.52
2.1254	29.0836	1236.81	2374.1
2.1254	29.0836	1235.9	2362.75
2.1254	29.0836	1234.98	2359.61
2.1254	29.0836	1234.07	2323.69
2.1254	29.0836	1233.15	2257.76
2.1254	29.0836	1232.24	2292.85
2.1254	29.0836	1231.32	2281.53
2.1254	29.0836	1230.4	2313.87
2.1254	29.0836	1229.49	2272.54
2.1254	29.0836	1228.57	2277.59
2.1254	29.0836	1227.65	2249.92
2.1254	29.0836	1226.74	2298.6
2.1254	29.0836	1225.82	2186.42
2.1254	29.0836	1224.9	2246.01
2.1254	29.0836	1223.99	2351.89
2.1254	29.0836	1223.07	2305.16
2.1254	29.0836	1222.15	2258.44
2.1254	29.0836	1221.23	2285.28
2.1254	29.0836	1220.31	2263.09
2.1254	29.0836	1219.4	2355.27
2.1254	29.0836	1218.48	2213.29
2.1254	29.0836	1217.56	2240.11
2.1254	29.0836	1216.64	2234.28
2.1254	29.0836	1215.72	2304.63
2.1254	29.0836	1214.8	2244.37
2.1254	29.0836	1213.88	2143.33
2.1254	29.0836	1212.96	2235.42
2.1254	29.0836	1212.05	2123.54
2.1254	29.0836	1211.13	2182.98
2.1254	29.0836	1210.21	2068.43
2.1254	29.0836	1209.29	2108.83
2.1254	29.0836	1208.37	2094.87
2.1254	29.0836	1207.45	2040.17
2.1254	29.0836	1206.53	2028.95
2.1254	29.0836	1205.6	2066.61
2.1254	29.0836	1204.68	1979.36
2.1254	29.0836	1203.76	1995.3
2.1254	29.0836	1202.84	2016.66
2.1254	29.0836	1201.92	2081.43
2.1254	29.0836	1201.0	2024.08
2.1254	29.0836	1200.08	1964.04
2.1254	29.0836	1199.16	2036.93
2.1254	29.0836	1198.23	2004.03
2.1254	29.0836	1197.31	1963.0
2.1254	29.0836	1196.39	2049.4
2.1254	29.0836	1195.47	2046.33
2.1254	29.0836	1194.54	2097.46
2.1254	29.0836	1193.62	2051.03
2.1254	29.0836	1192.7	1947.72
2.1254	29.0836	1191.78	1977.17
2.1254	29.0836	1190.85	2014.73
2.1254	29.0836	1189.93	2014.38
2.1254	29.0836	1189.01	2027.56
2.1254	29.0836	1188.08	1967.65
2.1254	29.0836	1187.16	2064.72
2.1254	29.0836	1186.23	2094.12
2.1254	29.0836	1185.31	2034.24
2.1254	29.0836	1184.39	2039.29
2.1254	29.0836	1183.46	2038.93
2.1254	29.0836	1182.54	2052.08
2.1254	29.0836	1181.61	2057.13
2.1254	29.0836	1180.69	2048.66
2.1254	29.0836	1179.76	2002.35
2.1254	29.0836	1178.84	2199.23
2.1254	29.0836	1177.91	2128.61
2.1254	29.0836	1176.99	2058.01
2.1254	29.0836	1176.06	2111.65
2.1254	29.0836	1175.13	2059.98
2.1254	29.0836	1174.21	2164.89
2.1254	29.0836	1173.28	2183.4
2.1254	29.0836	1172.35	2199.2
2.1254	29.0836	1171.43	2198.81
2.1254	29.0836	1170.5	2193.03
2.1254	29.0836	1169.57	2152.19
2.1254	29.0836	1168.65	2235.4
2.1254	29.0836	1167.72	2092.11
2.1254	29.0836	1166.79	2067.48
2.1254	29.0836	1165.86	2034.77
2.1254	29.0836	1164.94	2147.58
2.1254	29.0836	1164.01	2042.13
2.1254	29.0836	1163.08	1977.12
2.1254	29.0836	1162.15	2003.71
2.1254	29.0836	1161.22	2065.28
2.1254	29.0836	1160.3	2027.23
2.1254	29.0836	1159.37	2024.17
2.1254	29.0836	1158.44	1940.39
2.1254	29.0836	1157.51	2004.62
2.1254	29.0836	1156.58	2055.38
2.1254	29.0836	1155.65	1985.08
2.1254	29.0836	1154.72	1987.42
2.1254	29.0836	1153.79	1973.62
2.1254	29.0836	1152.86	2051.24
2.1254	29.0836	1151.93	1999.8
2.1254	29.0836	1151.0	1945.7
2.1254	29.0836	1150.07	2009.84
2.1254	29.0836	1149.14	2030.97
2.1254	29.0836	1148.21	2006.44
2.1254	29.0836	1147.28	1984.6
2.1254	29.0836	1146.35	2131.93
2.1254	29.0836	1145.42	2061.75
2.1254	29.0836	1144.48	1948.65
2.1254	29.0836	1143.55	2031.5
2.1254	29.0836	1142.62	2063.33
2.1254	29.0836	1141.69	2003.95
2.1254	29.0836	1140.76	2097.47
2.1254	29.0836	1139.82	2129.28
2.1254	29.0836	1138.89	2077.96
2.1254	29.0836	1137.96	2155.33
2.1254	29.0836	1137.03	2104.02
2.1254	29.0836	1136.09	2162.6
2.1254	29.0836	1135.16	2140.78
2.1254	29.0836	1134.23	2204.7
2.1254	29.0836	1133.29	2295.37
2.1254	29.0836	1132.36	2420.82
2.1254	29.0836	1131.43	2425.75
2.1254	29.0836	1130.49	2564.52
2.1254	29.0836	1129.56	2620.27
2.1254	29.0836	1128.62	2635.86
2.1254	29.0836	1127.69	2715.66
2.1254	29.0836	1126.76	2819.5
2.1254	29.0836	1125.82	2840.4
2.1254	29.0836	1124.89	2770.37
2.1254	29.0836	1123.95	2884.84
2.1254	29.0836	1123.02	2983.23
2.1254	29.0836	1122.08	2913.21
2.1254	29.0836	1121.14	2931.4
2.1254	29.0836	1120.21	2906.83
2.1254	29.0836	1119.27	2855.56
2.1254	29.0836	1118.34	2865.74
2.1254	29.0836	1117.4	2881.25
2.1254	29.0836	1116.46	2672.49
2.1254	29.0836	1115.53	2792.14
2.1254	29.0836	1114.59	2676.88
2.1254	29.0836	1113.65	2564.33
2.1254	29.0836	1112.72	2403.8
2.1254	29.0836	1111.78	2656.78
2.1254	29.0836	1110.84	2400.28
2.1254	29.0836	1109.9	2293.19
2.1254	29.0836	1108.97	2311.44
2.1254	29.0836	1108.03	2324.36
2.1254	29.0836	1107.09	2355.93
2.1254	29.0836	1106.15	2416.79
2.1254	29.0836	1105.21	2363.08
2.1254	29.0836	1104.28	2511.82
2.1254	29.0836	1103.34	2391.53
2.1254	29.0836	1102.4	2297.91
2.1254	29.0836	1101.46	2265.56
2.1254	29.0836	1100.52	2329.04
2.1254	29.0836	1099.58	2278.06
2.1254	29.0836	1098.64	2213.79
2.1254	29.0836	1097.7	2202.76
2.1254	29.0836	1096.76	2218.32
2.1254	29.0836	1095.82	2034.43
2.1254	29.0836	1094.88	2071.29
2.1254	29.0836	1093.94	2076.24
2.1254	29.0836	1093.0	2113.08
2.1254	29.0836	1092.06	2123.34
2.1254	29.0836	1091.12	2037.93
2.1254	29.0836	1090.18	2029.6
2.1254	29.0836	1089.24	2061.11
2.1254	29.0836	1088.3	1991.7
2.1254	29.0836	1087.35	1962.14
2.1254	29.0836	1086.41	2012.23
2.1254	29.0836	1085.47	1855.27
2.1254	29.0836	1084.53	1804.52
2.1254	29.0836	1083.59	1828.08
2.1254	29.0836	1082.64	1814.49
2.1254	29.0836	1081.7	1867.21
2.1254	29.0836	1080.76	1752.85
2.1254	29.0836	1079.81	1651.78
2.1254	29.0836	1078.87	1757.52
2.1254	29.0836	1077.93	1746.61
2.1254	29.0836	1076.99	1714.5
2.1254	29.0836	1076.04	1677.1
2.1254	29.0836	1075.1	1658.26
2.1254	29.0836	1074.15	1644.72
2.1254	29.0836	1073.21	1665.61
2.1254	29.0836	1072.27	1641.49
2.1254	29.0836	1071.32	1678.25
2.1254	29.0836	1070.38	1717.65
2.1254	29.0836	1069.43	1656.48
2.1254	29.0836	1068.49	1706.46
2.1254	29.0836	1067.54	1640.02
2.1254	29.0836	1066.6	1647.66
2.1254	29.0836	1065.65	1581.26
2.1254	29.0836	1064.71	1607.42
2.1254	29.0836	1063.76	1572.77
2.1254	29.0836	1062.81	1609.49
2.1254	29.0836	1061.87	1593.35
2.1254	29.0836	1060.92	1521.73
2.1254	29.0836	1059.97	1627.11
2.1254	29.0836	1059.03	1547.6
2.1254	29.0836	1058.08	1531.48
2.1254	29.0836	1057.13	1589.28
2.1254	29.0836	1056.19	1602.2
2.1254	29.0836	1055.24	1557.05
2.1254	29.0836	1054.29	1533.02
2.1254	29.0836	1053.34	1490.54
2.1254	29.0836	1052.4	1653.8
2.1254	29.0836	1051.45	1613.95
2.1254	29.0836	1050.5	1600.48
2.1254	29.0836	1049.55	1608.1
2.1254	29.0836	1048.6	1597.27
2.1254	29.0836	1047.66	1604.89
2.1254	29.0836	1046.71	1541.37
2.1254	29.0836	1045.76	1601.68
2.1254	29.0836	1044.81	1601.4
2.1254	29.0836	1043.86	1616.91
2.1254	29.0836	1042.91	1590.29
2.1254	29.0836	1041.96	1703.2
2.1254	29.0836	1041.01	1634.47
2.1254	29.0836	1040.06	1592.07
2.1254	29.0836	1039.11	1644.41
2.1254	29.0836	1038.16	1604.65
2.1254	29.0836	1037.21	1651.71
2.1254	29.0836	1036.26	1596.19
2.1254	29.0836	1035.31	1585.39
2.1254	29.0836	1034.36	1503.62
2.1254	29.0836	1033.4	1579.57
2.1254	29.0836	1032.45	1563.52
2.1254	29.0836	1031.5	1544.85
2.1254	29.0836	1030.55	1547.2
2.1254	29.0836	1029.6	1483.89
2.1254	29.0836	1028.65	1488.87
2.1254	29.0836	1027.69	1520.11
2.1254	29.0836	1026.74	1593.34
2.1254	29.0836	1025.79	1608.8
2.1254	29.0836	1024.84	1566.53
2.1254	29.0836	1023.88	1571.49
2.1254	29.0836	1022.93	1626.3
2.1254	29.0836	1021.98	1534.21
2.1254	29.0836	1021.02	1499.85
2.1254	29.0836	1020.07	1520.56
2.1254	29.0836	1019.12	1491.45
2.1254	29.0836	1018.16	1485.94
2.1254	29.0836	1017.21	1493.54
2.1254	29.0836	1016.25	1490.65
2.1254	29.0836	1015.3	1458.95
2.1254	29.0836	1014.34	1532.02
2.1254	29.0836	1013.39	1489.85
2.1254	29.0836	1012.44	1471.25
2.1254	29.0836	1011.48	1505.02
2.1254	29.0836	1010.52	1562.32
2.1254	29.0836	1009.57	1514.94
2.1254	29.0836	1008.61	1527.75
2.1254	29.0836	1007.66	1585.02
2.1254	29.0836	1006.7	1521.97
2.1254	29.0836	1005.75	1508.63
2.1254	29.0836	1004.79	1607.7
2.1254	29.0836	1003.83	1615.25
2.1254	29.0836	1002.88	1588.83
2.1254	29.0836	1001.92	1604.22
2.1254	29.0836	1000.96	1661.4
2.1254	29.0836	1000.0	1632.37
2.1254	29.0836	999.048	1642.52
2.1254	29.0836	998.09	1566.51
2.1254	29.0836	997.132	1628.88
2.1254	29.0836	996.174	1612.93
2.1254	29.0836	995.216	1617.86
2.1254	29.0836	994.258	1547.13
2.1254	29.0836	993.3	1507.72
2.1254	29.0836	992.341	1530.92
2.1254	29.0836	991.382	1525.43
2.1254	29.0836	990.423	1569.48
2.1254	29.0836	989.4639999999999	1491.0
2.1254	29.0836	988.505	1613.22
2.1254	29.0836	987.546	1537.37
2.1254	29.0836	986.586	1570.96
2.1254	29.0836	985.6260000000001	1612.35
2.1254	29.0836	984.666	1625.08
2.1254	29.0836	983.706	1637.81
2.1254	29.0836	982.7460000000001	1713.02
2.1254	29.0836	981.785	1738.74
2.1254	29.0836	980.825	1780.06
2.1254	29.0836	979.8639999999999	1764.13
2.1254	29.0836	978.903	1753.41
2.1254	29.0836	977.942	1883.14
2.1254	29.0836	976.9810000000001	1700.77
2.1254	29.0836	976.0189999999999	1788.86
2.1254	29.0836	975.057	1684.56
2.1254	29.0836	974.095	1632.27
2.1254	29.0836	973.133	1577.41
2.1254	29.0836	972.171	1558.93
2.1254	29.0836	971.209	1540.47
2.1254	29.0836	970.2460000000001	1540.19
2.1254	29.0836	969.284	1550.3
2.1254	29.0836	968.321	1601.95
2.1254	29.0836	967.3580000000001	1643.2
2.1254	29.0836	966.3939999999999	1629.93
2.1254	29.0836	965.431	1624.44
2.1254	29.0836	964.467	1598.2
2.1254	29.0836	963.5039999999999	1571.98
2.1254	29.0836	962.54	1626.16
2.1254	29.0836	961.576	1625.87
2.1254	29.0836	960.6110000000001	1524.46
2.1254	29.0836	959.6469999999999	1547.52
2.1254	29.0836	958.682	1557.6
2.1254	29.0836	957.7180000000001	1440.72
2.1254	29.0836	956.753	1487.09
2.1254	29.0836	955.7869999999999	1489.42
2.1254	29.0836	954.822	1442.53
2.1254	29.0836	953.857	1462.99
2.1254	29.0836	952.8910000000001	1423.89
2.1254	29.0836	951.925	1361.51
2.1254	29.0836	950.959	1428.55
2.1254	29.0836	949.993	1441.23
2.1254	29.0836	949.0269999999999	1404.76
2.1254	29.0836	948.06	1404.5
2.1254	29.0836	947.0930000000001	1393.9
2.1254	29.0836	946.1260000000001	1445.37
2.1254	29.0836	945.159	1434.77
2.1254	29.0836	944.192	1406.08
2.1254	29.0836	943.225	1426.5
2.1254	29.0836	942.257	1374.56
2.1254	29.0836	941.289	1425.98
2.1254	29.0836	940.321	1479.96
2.1254	29.0836	939.3530000000001	1466.79
2.1254	29.0836	938.385	1469.1
2.1254	29.0836	937.4169999999999	1561.77
2.1254	29.0836	936.448	1675.05
2.1254	29.0836	935.4789999999999	1630.88
2.1254	29.0836	934.51	1620.27
2.1254	29.0836	933.541	1754.11
2.1254	29.0836	932.572	1715.11
2.1254	29.0836	931.602	1691.59
2.1254	29.0836	930.633	1650.04
2.1254	29.0836	929.663	1647.16
2.1254	29.0836	928.693	1700.99
2.1254	29.0836	927.7230000000001	1651.72
2.1254	29.0836	926.752	1638.54
2.1254	29.0836	925.7819999999999	1671.73
2.1254	29.0836	924.811	1529.78
2.1254	29.0836	923.84	1570.71
2.1254	29.0836	922.8689999999999	1583.29
2.1254	29.0836	921.898	1673.1
2.1254	29.0836	920.926	1533.83
2.1254	29.0836	919.955	1533.55
2.1254	29.0836	918.9830000000001	1489.54
2.1254	29.0836	918.0110000000001	1509.85
2.1254	29.0836	917.039	1496.72
2.1254	29.0836	916.066	1475.88
2.1254	29.0836	915.0939999999999	1455.04
2.1254	29.0836	914.1210000000001	1470.2
2.1254	29.0836	913.148	1462.23
2.1254	29.0836	912.175	1554.46
2.1254	29.0836	911.202	1551.61
2.1254	29.0836	910.2289999999999	1507.67
2.1254	29.0836	909.255	1484.28
2.1254	29.0836	908.2819999999999	1430.1
2.1254	29.0836	907.308	1460.64
2.1254	29.0836	906.334	1521.98
2.1254	29.0836	905.36	1580.72
2.1254	29.0836	904.385	1516.3
2.1254	29.0836	903.4110000000001	1423.68
2.1254	29.0836	902.436	1441.37
2.1254	29.0836	901.461	1438.55
2.1254	29.0836	900.4860000000001	1510.07
2.1254	29.0836	899.51	1535.43
2.1254	29.0836	898.535	1478.77
2.1254	29.0836	897.559	1493.88
2.1254	29.0836	896.5830000000001	1473.11
2.1254	29.0836	895.607	1452.36
2.1254	29.0836	894.6310000000001	1416.24
2.1254	29.0836	893.655	1446.71
2.1254	29.0836	892.678	1541.17
2.1254	29.0836	891.702	1446.19
2.1254	29.0836	890.725	1456.16
2.1254	29.0836	889.748	1458.46
2.1254	29.0836	888.77	1442.84
2.1254	29.0836	887.793	1470.72
2.1254	29.0836	886.815	1470.45
2.1254	29.0836	885.8380000000001	1567.34
2.1254	29.0836	884.86	1482.7
2.1254	29.0836	883.882	1495.21
2.1254	29.0836	882.903	1540.94
2.1254	29.0836	881.925	1566.21
2.1254	29.0836	880.946	1550.6
2.1254	29.0836	879.967	1588.63
2.1254	29.0836	878.988	1488.75
2.1254	29.0836	878.0089999999999	1424.65
2.1254	29.0836	877.03	1539.27
2.1254	29.0836	876.05	1439.45
2.1254	29.0836	875.071	1436.64
2.1254	29.0836	874.091	1446.58
2.1254	29.0836	873.1110000000001	1466.73
2.1254	29.0836	872.13	1397.6
2.1254	29.0836	871.15	1473.85
2.1254	29.0836	870.169	1435.34
2.1254	29.0836	869.189	1452.92
2.1254	29.0836	868.2080000000001	1404.24
2.1254	29.0836	867.2260000000001	1470.23
2.1254	29.0836	866.245	1464.87
2.1254	29.0836	865.2639999999999	1482.43
2.1254	29.0836	864.2819999999999	1398.12
2.1254	29.0836	863.3	1453.89
2.1254	29.0836	862.318	1458.72
2.1254	29.0836	861.336	1440.63
2.1254	29.0836	860.3530000000001	1394.57
2.1254	29.0836	859.3710000000001	1483.37
2.1254	29.0836	858.388	1416.96
2.1254	29.0836	857.405	1447.22
2.1254	29.0836	856.422	1416.44
2.1254	29.0836	855.439	1416.19
2.1254	29.0836	854.455	1380.34
2.1254	29.0836	853.472	1397.88
2.1254	29.0836	852.488	1415.41
2.1254	29.0836	851.5039999999999	1435.48
2.1254	29.0836	850.52	1353.94
2.1254	29.0836	849.535	1313.05
2.1254	29.0836	848.551	1432.16
2.1254	29.0836	847.566	1345.58
2.1254	29.0836	846.581	1502.72
2.1254	29.0836	845.596	1421.23
2.1254	29.0836	844.6110000000001	1433.66
2.1254	29.0836	843.6260000000001	1484.14
2.1254	29.0836	842.64	1481.33
2.1254	29.0836	841.654	1412.59
2.1254	29.0836	840.668	1483.33
2.1254	29.0836	839.682	1556.58
2.1254	29.0836	838.696	1548.7
2.1254	29.0836	837.709	1497.73
2.1254	29.0836	836.7230000000001	1576.0
2.1254	29.0836	835.7360000000001	1563.05
2.1254	29.0836	834.7489999999999	1552.64
2.1254	29.0836	833.762	1575.15
2.1254	29.0836	832.7739999999999	1590.05
2.1254	29.0836	831.7869999999999	1599.89
2.1254	29.0836	830.799	1576.82
2.1254	29.0836	829.811	1654.98
2.1254	29.0836	828.823	1629.38
2.1254	29.0836	827.835	1618.96
2.1254	29.0836	826.846	1542.79
2.1254	29.0836	825.857	1651.25
2.1254	29.0836	824.8689999999999	1701.51
2.1254	29.0836	823.88	1514.15
2.1254	29.0836	822.89	1513.87
2.1254	29.0836	821.9010000000001	1602.04
2.1254	29.0836	820.9119999999999	1546.16
2.1254	29.0836	819.922	1452.42
2.1254	29.0836	818.932	1558.23
2.1254	29.0836	817.942	1542.8
2.1254	29.0836	816.952	1486.97
2.1254	29.0836	815.961	1527.09
2.1254	29.0836	814.971	1547.0
2.1254	29.0836	813.98	1521.49
2.1254	29.0836	812.9889999999999	1652.39
2.1254	29.0836	811.998	1725.24
2.1254	29.0836	811.0060000000001	1818.23
2.1254	29.0836	810.015	1875.89
2.1254	29.0836	809.023	1976.39
2.1254	29.0836	808.0310000000001	1895.37
2.1254	29.0836	807.039	1771.55
2.1254	29.0836	806.047	1738.47
2.1254	29.0836	805.054	1566.86
2.1254	29.0836	804.062	1523.76
2.1254	29.0836	803.069	1528.52
2.1254	29.0836	802.076	1425.01
2.1254	29.0836	801.0830000000001	1349.24
2.1254	29.0836	800.0889999999999	1424.49
2.1254	29.0836	799.096	1401.59
2.1254	29.0836	798.102	1345.98
2.1254	29.0836	797.1080000000001	1499.18
2.1254	29.0836	796.1139999999999	1463.7
2.1254	29.0836	795.12	1435.77
2.1254	29.0836	794.1260000000001	1432.99
2.1254	29.0836	793.1310000000001	1352.3
2.1254	29.0836	792.1360000000001	1407.34
2.1254	29.0836	791.1410000000001	1369.4
2.1254	29.0836	790.1460000000001	1391.76
2.1254	29.0836	789.1510000000001	1368.9
2.1254	29.0836	788.155	1343.53
2.1254	29.0836	787.16	1345.8
2.1254	29.0836	786.164	1297.86
2.1254	29.0836	785.168	1445.71
2.1254	29.0836	784.171	1357.61
2.1254	29.0836	783.175	1342.31
2.1254	29.0836	782.178	1337.05
2.1254	29.0836	781.182	1331.79
2.1254	29.0836	780.185	1369.16
2.1254	29.0836	779.188	1351.36
2.1254	29.0836	778.19	1328.55
2.1254	29.0836	777.193	1348.36
2.1254	29.0836	776.195	1318.04
2.1254	29.0836	775.197	1345.36
2.1254	29.0836	774.199	1327.58
2.1254	29.0836	773.201	1292.28
2.1254	29.0836	772.202	1409.73
2.1254	29.0836	771.204	1404.47
2.1254	29.0836	770.205	1449.26
2.1254	29.0836	769.206	1479.03
2.1254	29.0836	768.207	1451.24
2.1254	29.0836	767.2080000000001	1370.92
2.1254	29.0836	766.2080000000001	1478.22
2.1254	29.0836	765.2080000000001	1415.43
2.1254	29.0836	764.209	1320.16
2.1254	29.0836	763.2080000000001	1432.41
2.1254	29.0836	762.2080000000001	1437.15
2.1254	29.0836	761.2080000000001	1479.37
2.1254	29.0836	760.207	1421.63
2.1254	29.0836	759.206	1431.37
2.1254	29.0836	758.205	1448.59
2.1254	29.0836	757.204	1473.3
2.1254	29.0836	756.203	1398.13
2.1254	29.0836	755.201	1362.92
2.1254	29.0836	754.2	1392.62
2.1254	29.0836	753.198	1374.9
2.1254	29.0836	752.196	1377.15
2.1254	29.0836	751.193	1476.67
2.1254	29.0836	750.191	1434.0
2.1254	29.0836	749.188	1446.21
2.1254	29.0836	748.186	1525.72
2.1254	29.0836	747.183	1587.75
2.1254	29.0836	746.179	1527.65
2.1254	29.0836	745.176	1480.03
2.1254	29.0836	744.173	1584.39
2.1254	29.0836	743.169	1609.01
2.1254	29.0836	742.165	1536.5
2.1254	29.0836	741.1610000000001	1573.56
2.1254	29.0836	740.1569999999999	1618.08
2.1254	29.0836	739.1519999999999	1635.21
2.1254	29.0836	738.1469999999999	1555.28
2.1254	29.0836	737.143	1542.56
2.1254	29.0836	736.138	1659.19
2.1254	29.0836	735.132	1793.19
2.1254	29.0836	734.127	1693.39
2.1254	29.0836	733.122	1755.24
2.1254	29.0836	732.1160000000001	1831.98
2.1254	29.0836	731.11	1771.99
2.1254	29.0836	730.1039999999999	1945.61
2.1254	29.0836	729.097	1917.92
2.1254	29.0836	728.091	2004.51
2.1254	29.0836	727.084	2053.81
2.1254	29.0836	726.077	1983.91
2.1254	29.0836	725.07	1993.48
2.1254	29.0836	724.063	2027.86
2.1254	29.0836	723.056	2012.6
2.1254	29.0836	722.048	1937.8
2.1254	29.0836	721.04	1992.02
2.1254	29.0836	720.0319999999999	1840.36
2.1254	29.0836	719.0239999999999	1787.94
2.1254	29.0836	718.0160000000001	1807.45
2.1254	29.0836	717.007	1680.69
2.1254	29.0836	715.9989999999999	1603.55
2.1254	29.0836	714.99	1595.83
2.1254	29.0836	713.9810000000001	1533.6
2.1254	29.0836	712.972	1565.52
2.1254	29.0836	711.962	1451.3
2.1254	29.0836	710.953	1480.75
2.1254	29.0836	709.943	1336.89
2.1254	29.0836	708.933	1403.48
2.1254	29.0836	707.923	1393.32
2.1254	29.0836	706.9119999999999	1370.8
2.1254	29.0836	705.9019999999999	1454.66
2.1254	29.0836	704.8910000000001	1422.23
2.1254	29.0836	703.88	1313.16
2.1254	29.0836	702.8689999999999	1486.0
2.1254	29.0836	701.8580000000001	1426.4
2.1254	29.0836	700.846	1359.4
2.1254	29.0836	699.834	1322.08
2.1254	29.0836	698.823	1415.73
2.1254	29.0836	697.811	1299.37
2.1254	29.0836	696.798	1343.58
2.1254	29.0836	695.7860000000001	1437.17
2.1254	29.0836	694.773	1390.0
2.1254	29.0836	693.7610000000001	1392.21
2.1254	29.0836	692.748	1451.19
2.1254	29.0836	691.7339999999999	1483.0
2.1254	29.0836	690.721	1635.69
2.1254	29.0836	689.7080000000001	1613.19
2.1254	29.0836	688.694	1531.51
2.1254	29.0836	687.68	1632.32
2.1254	29.0836	686.666	1582.72
2.1254	29.0836	685.6519999999999	1557.78
2.1254	29.0836	684.637	1490.95
2.1254	29.0836	683.623	1520.25
2.1254	29.0836	682.6080000000001	1433.75
2.1254	29.0836	681.5930000000001	1445.8
2.1254	29.0836	680.578	1499.71
2.1254	29.0836	679.562	1514.21
2.1254	29.0836	678.547	1422.85
2.1254	29.0836	677.5310000000001	1439.81
2.1254	29.0836	676.515	1520.75
2.1254	29.0836	675.4989999999999	1471.27
2.1254	29.0836	674.482	1436.56
2.1254	29.0836	673.466	1387.11
2.1254	29.0836	672.449	1421.28
2.1254	29.0836	671.432	1303.01
2.1254	29.0836	670.415	1356.85
2.1254	29.0836	669.398	1368.89
2.1254	29.0836	668.3810000000001	1442.35
2.1254	29.0836	667.363	1390.49
2.1254	29.0836	666.345	1537.61
2.1254	29.0836	665.327	1412.08
2.1254	29.0836	664.309	1473.21
2.1254	29.0836	663.291	1458.21
2.1254	29.0836	662.2719999999999	1462.85
2.1254	29.0836	661.253	1479.76
2.1254	29.0836	660.2339999999999	1437.77
2.1254	29.0836	659.215	1462.04
2.1254	29.0836	658.196	1476.49
2.1254	29.0836	657.176	1493.38
2.1254	29.0836	656.1569999999999	1551.95
2.1254	29.0836	655.137	1588.43
2.1254	29.0836	654.117	1563.63
2.1254	29.0836	653.097	1531.49
2.1254	29.0836	652.076	1506.71
2.1254	29.0836	651.056	1491.73
2.1254	29.0836	650.035	1481.66
2.1254	29.0836	649.014	1486.28
2.1254	29.0836	647.993	1454.19
2.1254	29.0836	646.971	1429.44
2.1254	29.0836	645.95	1475.67
2.1254	29.0836	644.928	1333.49
2.1254	29.0836	643.906	1511.83
2.1254	29.0836	642.884	1435.73
2.1254	29.0836	641.861	1366.99
2.1254	29.0836	640.839	1386.3
2.1254	29.0836	639.816	1471.6
2.1254	29.0836	638.793	1471.33
2.1254	29.0836	637.77	1451.51
2.1254	29.0836	636.747	1431.7
2.1254	29.0836	635.724	1516.93
2.1254	29.0836	634.7	1501.99
2.1254	29.0836	633.6759999999999	1443.11
2.1254	29.0836	632.6519999999999	1542.94
2.1254	29.0836	631.628	1515.81
2.1254	29.0836	630.6030000000001	1456.96
2.1254	29.0836	629.5790000000001	1517.69
2.1254	29.0836	628.554	1485.69
2.1254	29.0836	627.529	1456.15
2.1254	29.0836	626.504	1429.06
2.1254	29.0836	625.479	1419.04
2.1254	29.0836	624.453	1521.17
2.1254	29.0836	623.427	1411.21
2.1254	29.0836	622.401	1374.39
2.1254	29.0836	621.375	1344.9
2.1254	29.0836	620.349	1439.66
2.1254	29.0836	619.323	1395.55
2.1254	29.0836	618.2959999999999	1397.73
2.1254	29.0836	617.269	1453.47
2.1254	29.0836	616.242	1414.25
2.1254	29.0836	615.215	1396.95
2.1254	29.0836	614.187	1416.16
2.1254	29.0836	613.16	1432.93
2.1254	29.0836	612.132	1474.02
2.1254	29.0836	611.104	1412.95
2.1254	29.0836	610.076	1398.1
2.1254	29.0836	609.047	1512.1
2.1254	29.0836	608.019	1472.93
2.1254	29.0836	606.99	1409.47
2.1254	29.0836	605.961	1457.81
2.1254	29.0836	604.932	1455.11
2.1254	29.0836	603.903	1442.69
2.1254	29.0836	602.873	1454.57
2.1254	29.0836	601.844	1381.46
2.1254	29.0836	600.814	1415.19
