4.5741	-8.3364	1799.31	1592.21
4.5741	-8.3364	1798.5	1585.83
4.5741	-8.3364	1797.68	1573.34
4.5741	-8.3364	1796.86	1600.57
4.5741	-8.3364	1796.04	1646.1
4.5741	-8.3364	1795.22	1578.65
4.5741	-8.3364	1794.4	1630.28
4.5741	-8.3364	1793.58	1602.54
4.5741	-8.3364	1792.76	1562.59
4.5741	-8.3364	1791.94	1595.89
4.5741	-8.3364	1791.13	1665.79
4.5741	-8.3364	1790.31	1686.87
4.5741	-8.3364	1789.49	1625.58
4.5741	-8.3364	1788.67	1640.56
4.5741	-8.3364	1787.85	1634.18
4.5741	-8.3364	1787.03	1636.95
4.5741	-8.3364	1786.21	1691.54
4.5741	-8.3364	1785.39	1685.16
4.5741	-8.3364	1784.56	1651.36
4.5741	-8.3364	1783.74	1626.71
4.5741	-8.3364	1782.92	1626.43
4.5741	-8.3364	1782.1	1635.29
4.5741	-8.3364	1781.28	1558.9
4.5741	-8.3364	1780.46	1601.25
4.5741	-8.3364	1779.64	1640.55
4.5741	-8.3364	1778.82	1622.02
4.5741	-8.3364	1778.0	1673.47
4.5741	-8.3364	1777.17	1685.35
4.5741	-8.3364	1776.35	1669.86
4.5741	-8.3364	1775.53	1608.75
4.5741	-8.3364	1774.71	1690.58
4.5741	-8.3364	1773.89	1708.53
4.5741	-8.3364	1773.06	1629.22
4.5741	-8.3364	1772.24	1607.67
4.5741	-8.3364	1771.42	1637.78
4.5741	-8.3364	1770.59	1613.2
4.5741	-8.3364	1769.77	1682.79
4.5741	-8.3364	1768.95	1712.87
4.5741	-8.3364	1768.12	1703.47
4.5741	-8.3364	1767.3	1757.83
4.5741	-8.3364	1766.48	1702.9
4.5741	-8.3364	1765.65	1699.57
4.5741	-8.3364	1764.83	1711.42
4.5741	-8.3364	1764.01	1629.22
4.5741	-8.3364	1763.18	1707.81
4.5741	-8.3364	1762.36	1649.9
4.5741	-8.3364	1761.53	1707.23
4.5741	-8.3364	1760.71	1685.72
4.5741	-8.3364	1759.88	1709.69
4.5741	-8.3364	1759.06	1688.18
4.5741	-8.3364	1758.23	1715.17
4.5741	-8.3364	1757.41	1675.49
4.5741	-8.3364	1756.58	1757.0
4.5741	-8.3364	1755.76	1741.56
4.5741	-8.3364	1754.93	1774.57
4.5741	-8.3364	1754.11	1707.66
4.5741	-8.3364	1753.28	1795.16
4.5741	-8.3364	1752.46	1791.83
4.5741	-8.3364	1751.63	1821.79
4.5741	-8.3364	1750.8	1721.63
4.5741	-8.3364	1749.98	1757.64
4.5741	-8.3364	1749.15	1835.99
4.5741	-8.3364	1748.32	1766.12
4.5741	-8.3364	1747.5	1783.96
4.5741	-8.3364	1746.67	1780.64
4.5741	-8.3364	1745.84	1825.68
4.5741	-8.3364	1745.02	1816.3
4.5741	-8.3364	1744.19	1785.78
4.5741	-8.3364	1743.36	1767.35
4.5741	-8.3364	1742.53	1821.42
4.5741	-8.3364	1741.71	1799.97
4.5741	-8.3364	1740.88	1793.62
4.5741	-8.3364	1740.05	1760.11
4.5741	-8.3364	1739.22	1844.33
4.5741	-8.3364	1738.39	1786.68
4.5741	-8.3364	1737.56	1852.76
4.5741	-8.3364	1736.74	1743.83
4.5741	-8.3364	1735.91	1752.59
4.5741	-8.3364	1735.08	1891.02
4.5741	-8.3364	1734.25	1839.44
4.5741	-8.3364	1733.42	1763.75
4.5741	-8.3364	1732.59	1691.11
4.5741	-8.3364	1731.76	1841.52
4.5741	-8.3364	1730.93	1783.95
4.5741	-8.3364	1730.1	1852.94
4.5741	-8.3364	1729.27	1855.64
4.5741	-8.3364	1728.44	1825.21
4.5741	-8.3364	1727.61	1966.43
4.5741	-8.3364	1726.78	1887.82
4.5741	-8.3364	1725.95	1947.7
4.5741	-8.3364	1725.12	1923.29
4.5741	-8.3364	1724.29	1868.8
4.5741	-8.3364	1723.46	1940.69
4.5741	-8.3364	1722.63	2012.56
4.5741	-8.3364	1721.8	1964.1
4.5741	-8.3364	1720.96	1921.66
4.5741	-8.3364	1720.13	2011.54
4.5741	-8.3364	1719.3	2014.2
4.5741	-8.3364	1718.47	2040.91
4.5741	-8.3364	1717.64	1986.47
4.5741	-8.3364	1716.81	1992.14
4.5741	-8.3364	1715.97	1967.77
4.5741	-8.3364	1715.14	2057.55
4.5741	-8.3364	1714.31	1997.14
4.5741	-8.3364	1713.48	2029.83
4.5741	-8.3364	1712.64	1930.41
4.5741	-8.3364	1711.81	2059.15
4.5741	-8.3364	1710.98	2094.82
4.5741	-8.3364	1710.14	2067.45
4.5741	-8.3364	1709.31	1995.1
4.5741	-8.3364	1708.48	2120.75
4.5741	-8.3364	1707.64	2078.4
4.5741	-8.3364	1706.81	2036.06
4.5741	-8.3364	1705.98	2032.72
4.5741	-8.3364	1705.14	2023.38
4.5741	-8.3364	1704.31	2172.89
4.5741	-8.3364	1703.47	2010.71
4.5741	-8.3364	1702.64	2037.33
4.5741	-8.3364	1701.81	2141.83
4.5741	-8.3364	1700.97	2117.5
4.5741	-8.3364	1700.14	2162.06
4.5741	-8.3364	1699.3	2041.93
4.5741	-8.3364	1698.47	2113.43
4.5741	-8.3364	1697.63	2044.23
4.5741	-8.3364	1696.79	2112.71
4.5741	-8.3364	1695.96	2133.29
4.5741	-8.3364	1695.12	2117.97
4.5741	-8.3364	1694.29	2099.67
4.5741	-8.3364	1693.45	2129.21
4.5741	-8.3364	1692.62	2218.55
4.5741	-8.3364	1691.78	2092.62
4.5741	-8.3364	1690.94	2146.06
4.5741	-8.3364	1690.11	2160.64
4.5741	-8.3364	1689.27	2220.03
4.5741	-8.3364	1688.43	2195.75
4.5741	-8.3364	1687.6	2096.81
4.5741	-8.3364	1686.76	2206.95
4.5741	-8.3364	1685.92	2278.23
4.5741	-8.3364	1685.08	2277.85
4.5741	-8.3364	1684.25	2170.0
4.5741	-8.3364	1683.41	2166.65
4.5741	-8.3364	1682.57	2279.67
4.5741	-8.3364	1681.73	2270.33
4.5741	-8.3364	1680.89	2293.8
4.5741	-8.3364	1680.06	2206.93
4.5741	-8.3364	1679.22	2296.0
4.5741	-8.3364	1678.38	2253.88
4.5741	-8.3364	1677.54	2322.05
4.5741	-8.3364	1676.7	2348.48
4.5741	-8.3364	1675.86	2389.79
4.5741	-8.3364	1675.02	2413.22
4.5741	-8.3364	1674.18	2391.96
4.5741	-8.3364	1673.35	2352.83
4.5741	-8.3364	1672.51	2283.94
4.5741	-8.3364	1671.67	2304.39
4.5741	-8.3364	1670.83	2244.47
4.5741	-8.3364	1669.99	2410.75
4.5741	-8.3364	1669.15	2374.63
4.5741	-8.3364	1668.31	2344.48
4.5741	-8.3364	1667.47	2376.8
4.5741	-8.3364	1666.62	2355.57
4.5741	-8.3364	1665.78	2468.17
4.5741	-8.3364	1664.94	2399.37
4.5741	-8.3364	1664.1	2562.46
4.5741	-8.3364	1663.26	2413.41
4.5741	-8.3364	1662.42	2386.25
4.5741	-8.3364	1661.58	2469.04
4.5741	-8.3364	1660.74	2474.56
4.5741	-8.3364	1659.9	2512.75
4.5741	-8.3364	1659.05	2536.08
4.5741	-8.3364	1658.21	2565.34
4.5741	-8.3364	1657.37	2541.15
4.5741	-8.3364	1656.53	2502.13
4.5741	-8.3364	1655.68	2664.92
4.5741	-8.3364	1654.84	2554.68
4.5741	-8.3364	1654.0	2465.25
4.5741	-8.3364	1653.16	2565.68
4.5741	-8.3364	1652.31	2683.86
4.5741	-8.3364	1651.47	2689.33
4.5741	-8.3364	1650.63	2543.61
4.5741	-8.3364	1649.78	2593.57
4.5741	-8.3364	1648.94	2726.48
4.5741	-8.3364	1648.1	2702.31
4.5741	-8.3364	1647.25	2692.96
4.5741	-8.3364	1646.41	2659.92
4.5741	-8.3364	1645.56	2772.01
4.5741	-8.3364	1644.72	2875.17
4.5741	-8.3364	1643.88	2771.06
4.5741	-8.3364	1643.03	2761.7
4.5741	-8.3364	1642.19	2844.1
4.5741	-8.3364	1641.34	2893.92
4.5741	-8.3364	1640.5	3053.18
4.5741	-8.3364	1639.65	2925.47
4.5741	-8.3364	1638.81	2927.92
4.5741	-8.3364	1637.96	2924.47
4.5741	-8.3364	1637.11	3051.1
4.5741	-8.3364	1636.27	3154.03
4.5741	-8.3364	1635.42	3038.23
4.5741	-8.3364	1634.58	3223.87
4.5741	-8.3364	1633.73	3173.1
4.5741	-8.3364	1632.88	3199.14
4.5741	-8.3364	1632.04	3228.13
4.5741	-8.3364	1631.19	3271.87
4.5741	-8.3364	1630.34	3336.26
4.5741	-8.3364	1629.5	3394.73
4.5741	-8.3364	1628.65	3432.52
4.5741	-8.3364	1627.8	3372.91
4.5741	-8.3364	1626.96	3469.7
4.5741	-8.3364	1626.11	3542.86
4.5741	-8.3364	1625.26	3577.64
4.5741	-8.3364	1624.41	3385.35
4.5741	-8.3364	1623.57	3482.07
4.5741	-8.3364	1622.72	3664.24
4.5741	-8.3364	1621.87	3781.51
4.5741	-8.3364	1621.02	3662.99
4.5741	-8.3364	1620.17	3762.54
4.5741	-8.3364	1619.32	3867.95
4.5741	-8.3364	1618.47	3837.83
4.5741	-8.3364	1617.63	3934.36
4.5741	-8.3364	1616.78	3824.74
4.5741	-8.3364	1615.93	3759.32
4.5741	-8.3364	1615.08	4029.47
4.5741	-8.3364	1614.23	4011.12
4.5741	-8.3364	1613.38	3883.91
4.5741	-8.3364	1612.53	3912.67
4.5741	-8.3364	1611.68	3938.47
4.5741	-8.3364	1610.83	4028.96
4.5741	-8.3364	1609.98	3837.15
4.5741	-8.3364	1609.13	3848.25
4.5741	-8.3364	1608.28	4003.37
4.5741	-8.3364	1607.43	4096.73
4.5741	-8.3364	1606.58	4234.13
4.5741	-8.3364	1605.73	4057.14
4.5741	-8.3364	1604.87	4106.37
4.5741	-8.3364	1604.02	4343.55
4.5741	-8.3364	1603.17	4275.27
4.5741	-8.3364	1602.32	4154.17
4.5741	-8.3364	1601.47	4176.94
4.5741	-8.3364	1600.62	4264.27
4.5741	-8.3364	1599.76	4198.99
4.5741	-8.3364	1598.91	4136.66
4.5741	-8.3364	1598.06	4159.41
4.5741	-8.3364	1597.21	4167.5
4.5741	-8.3364	1596.36	4216.63
4.5741	-8.3364	1595.5	4292.14
4.5741	-8.3364	1594.65	4191.74
4.5741	-8.3364	1593.8	4117.75
4.5741	-8.3364	1592.94	4202.02
4.5741	-8.3364	1592.09	4312.63
4.5741	-8.3364	1591.24	4256.23
4.5741	-8.3364	1590.38	4226.22
4.5741	-8.3364	1589.53	4210.85
4.5741	-8.3364	1588.68	4382.87
4.5741	-8.3364	1587.82	4346.99
4.5741	-8.3364	1586.97	4135.51
4.5741	-8.3364	1586.11	4210.89
4.5741	-8.3364	1585.26	4303.79
4.5741	-8.3364	1584.4	4314.75
4.5741	-8.3364	1583.55	4179.47
4.5741	-8.3364	1582.69	4304.5
4.5741	-8.3364	1581.84	4411.94
4.5741	-8.3364	1580.98	4273.79
4.5741	-8.3364	1580.13	4220.44
4.5741	-8.3364	1579.27	4222.64
4.5741	-8.3364	1578.42	4081.67
4.5741	-8.3364	1577.56	4162.77
4.5741	-8.3364	1576.71	4162.05
4.5741	-8.3364	1575.85	4187.62
4.5741	-8.3364	1574.99	4183.98
4.5741	-8.3364	1574.14	4329.22
4.5741	-8.3364	1573.28	4083.31
4.5741	-8.3364	1572.42	4146.81
4.5741	-8.3364	1571.57	3936.02
4.5741	-8.3364	1570.71	4139.55
4.5741	-8.3364	1569.85	4065.92
4.5741	-8.3364	1569.0	4117.71
4.5741	-8.3364	1568.14	3956.64
4.5741	-8.3364	1567.28	3988.03
4.5741	-8.3364	1566.42	4060.21
4.5741	-8.3364	1565.56	4117.8
4.5741	-8.3364	1564.71	3968.49
4.5741	-8.3364	1563.85	4037.72
4.5741	-8.3364	1562.99	4104.02
4.5741	-8.3364	1562.13	4085.84
4.5741	-8.3364	1561.27	3980.32
4.5741	-8.3364	1560.41	4145.57
4.5741	-8.3364	1559.56	3944.02
4.5741	-8.3364	1558.7	4045.2
4.5741	-8.3364	1557.84	4024.14
4.5741	-8.3364	1556.98	3933.26
4.5741	-8.3364	1556.12	4022.75
4.5741	-8.3364	1555.26	3969.71
4.5741	-8.3364	1554.4	4024.28
4.5741	-8.3364	1553.54	3982.88
4.5741	-8.3364	1552.68	4188.58
4.5741	-8.3364	1551.82	4184.95
4.5741	-8.3364	1550.96	4175.51
4.5741	-8.3364	1550.1	4064.39
4.5741	-8.3364	1549.24	3996.89
4.5741	-8.3364	1548.38	4025.24
4.5741	-8.3364	1547.52	4076.81
4.5741	-8.3364	1546.65	4023.86
4.5741	-8.3364	1545.79	3999.94
4.5741	-8.3364	1544.93	3923.79
4.5741	-8.3364	1544.07	4123.34
4.5741	-8.3364	1543.21	4134.23
4.5741	-8.3364	1542.35	3942.07
4.5741	-8.3364	1541.48	3860.19
4.5741	-8.3364	1540.62	3943.62
4.5741	-8.3364	1539.76	4113.99
4.5741	-8.3364	1538.9	3962.55
4.5741	-8.3364	1538.04	3863.33
4.5741	-8.3364	1537.17	3993.06
4.5741	-8.3364	1536.31	3859.1
4.5741	-8.3364	1535.45	3826.57
4.5741	-8.3364	1534.58	3811.43
4.5741	-8.3364	1533.72	3955.56
4.5741	-8.3364	1532.86	3792.74
4.5741	-8.3364	1531.99	3731.3
4.5741	-8.3364	1531.13	3768.28
4.5741	-8.3364	1530.27	3811.04
4.5741	-8.3364	1529.4	3723.59
4.5741	-8.3364	1528.54	3780.8
4.5741	-8.3364	1527.67	3745.44
4.5741	-8.3364	1526.81	3692.74
4.5741	-8.3364	1525.94	3706.56
4.5741	-8.3364	1525.08	3893.82
4.5741	-8.3364	1524.21	3685.05
4.5741	-8.3364	1523.35	3762.44
4.5741	-8.3364	1522.48	3836.91
4.5741	-8.3364	1521.62	3769.81
4.5741	-8.3364	1520.75	3673.85
4.5741	-8.3364	1519.89	3782.95
4.5741	-8.3364	1519.02	3776.52
4.5741	-8.3364	1518.15	3761.44
4.5741	-8.3364	1517.29	3830.06
4.5741	-8.3364	1516.42	3771.68
4.5741	-8.3364	1515.56	3704.67
4.5741	-8.3364	1514.69	3695.38
4.5741	-8.3364	1513.82	3830.3
4.5741	-8.3364	1512.96	3800.8
4.5741	-8.3364	1512.09	3638.68
4.5741	-8.3364	1511.22	3854.26
4.5741	-8.3364	1510.35	3810.36
4.5741	-8.3364	1509.49	3806.82
4.5741	-8.3364	1508.62	3690.91
4.5741	-8.3364	1507.75	3903.46
4.5741	-8.3364	1506.88	3853.82
4.5741	-8.3364	1506.01	3850.27
4.5741	-8.3364	1505.15	3794.9
4.5741	-8.3364	1504.28	3728.03
4.5741	-8.3364	1503.41	3868.43
4.5741	-8.3364	1502.54	3838.98
4.5741	-8.3364	1501.67	3884.35
4.5741	-8.3364	1500.8	3803.13
4.5741	-8.3364	1499.93	3831.24
4.5741	-8.3364	1499.06	3865.09
4.5741	-8.3364	1498.19	3841.42
4.5741	-8.3364	1497.32	3714.26
4.5741	-8.3364	1496.46	3865.96
4.5741	-8.3364	1495.59	3738.84
4.5741	-8.3364	1494.72	3769.8
4.5741	-8.3364	1493.84	3556.56
4.5741	-8.3364	1492.97	3679.46
4.5741	-8.3364	1492.1	3696.05
4.5741	-8.3364	1491.23	3718.38
4.5741	-8.3364	1490.36	3663.19
4.5741	-8.3364	1489.49	3553.49
4.5741	-8.3364	1488.62	3650.45
4.5741	-8.3364	1487.75	3506.35
4.5741	-8.3364	1486.88	3491.4
4.5741	-8.3364	1486.01	3433.43
4.5741	-8.3364	1485.13	3435.7
4.5741	-8.3364	1484.26	3458.05
4.5741	-8.3364	1483.39	3259.63
4.5741	-8.3364	1482.52	3293.47
4.5741	-8.3364	1481.65	3401.8
4.5741	-8.3364	1480.77	3361.1
4.5741	-8.3364	1479.9	3154.24
4.5741	-8.3364	1479.03	3193.8
4.5741	-8.3364	1478.16	3181.79
4.5741	-8.3364	1477.28	3361.63
4.5741	-8.3364	1476.41	3269.44
4.5741	-8.3364	1475.54	3245.97
4.5741	-8.3364	1474.66	3262.58
4.5741	-8.3364	1473.79	3207.65
4.5741	-8.3364	1472.91	3278.62
4.5741	-8.3364	1472.04	3278.05
4.5741	-8.3364	1471.17	3317.52
4.5741	-8.3364	1470.29	3262.62
4.5741	-8.3364	1469.42	3322.09
4.5741	-8.3364	1468.54	3324.38
4.5741	-8.3364	1467.67	3389.53
4.5741	-8.3364	1466.79	3326.08
4.5741	-8.3364	1465.92	3228.37
4.5741	-8.3364	1465.04	3267.8
4.5741	-8.3364	1464.17	3221.54
4.5741	-8.3364	1463.29	3266.67
4.5741	-8.3364	1462.42	3223.28
4.5741	-8.3364	1461.54	3302.65
4.5741	-8.3364	1460.66	3307.78
4.5741	-8.3364	1459.79	3307.21
4.5741	-8.3364	1458.91	3280.96
4.5741	-8.3364	1458.04	3340.29
4.5741	-8.3364	1457.16	3371.09
4.5741	-8.3364	1456.28	3253.59
4.5741	-8.3364	1455.41	3338.56
4.5741	-8.3364	1454.53	3363.63
4.5741	-8.3364	1453.65	3365.9
4.5741	-8.3364	1452.77	3291.23
4.5741	-8.3364	1451.9	3290.66
4.5741	-8.3364	1451.02	3355.6
4.5741	-8.3364	1450.14	3380.65
4.5741	-8.3364	1449.26	3251.93
4.5741	-8.3364	1448.39	3282.68
4.5741	-8.3364	1447.51	3367.51
4.5741	-8.3364	1446.63	3307.16
4.5741	-8.3364	1445.75	3295.2
4.5741	-8.3364	1444.87	3223.5
4.5741	-8.3364	1443.99	3348.11
4.5741	-8.3364	1443.11	3338.99
4.5741	-8.3364	1442.23	3455.0
4.5741	-8.3364	1441.35	3386.17
4.5741	-8.3364	1440.48	3360.0
4.5741	-8.3364	1439.6	3436.15
4.5741	-8.3364	1438.72	3444.08
4.5741	-8.3364	1437.84	3275.85
4.5741	-8.3364	1436.96	3334.94
4.5741	-8.3364	1436.08	3470.69
4.5741	-8.3364	1435.2	3362.18
4.5741	-8.3364	1434.31	3364.43
4.5741	-8.3364	1433.43	3366.69
4.5741	-8.3364	1432.55	3306.5
4.5741	-8.3364	1431.67	3541.46
4.5741	-8.3364	1430.79	3299.68
4.5741	-8.3364	1429.91	3361.51
4.5741	-8.3364	1429.03	3460.2
4.5741	-8.3364	1428.15	3312.14
4.5741	-8.3364	1427.27	3311.56
4.5741	-8.3364	1426.38	3316.66
4.5741	-8.3364	1425.5	3398.27
4.5741	-8.3364	1424.62	3233.33
4.5741	-8.3364	1423.74	3300.76
4.5741	-8.3364	1422.85	3223.7
4.5741	-8.3364	1421.97	3265.63
4.5741	-8.3364	1421.09	3304.71
4.5741	-8.3364	1420.21	3185.22
4.5741	-8.3364	1419.32	3266.76
4.5741	-8.3364	1418.44	3150.14
4.5741	-8.3364	1417.56	3242.98
4.5741	-8.3364	1416.67	3188.66
4.5741	-8.3364	1415.79	3244.68
4.5741	-8.3364	1414.9	3232.81
4.5741	-8.3364	1414.02	3254.87
4.5741	-8.3364	1413.14	3271.26
4.5741	-8.3364	1412.25	3296.14
4.5741	-8.3364	1411.37	3255.99
4.5741	-8.3364	1410.48	3286.51
4.5741	-8.3364	1409.6	3257.69
4.5741	-8.3364	1408.71	3101.75
4.5741	-8.3364	1407.83	3092.74
4.5741	-8.3364	1406.94	3182.57
4.5741	-8.3364	1406.06	3368.36
4.5741	-8.3364	1405.17	3220.98
4.5741	-8.3364	1404.29	3048.25
4.5741	-8.3364	1403.4	3279.12
4.5741	-8.3364	1402.51	3253.16
4.5741	-8.3364	1401.63	3294.9
4.5741	-8.3364	1400.74	3215.36
4.5741	-8.3364	1399.85	3243.0
4.5741	-8.3364	1398.97	3324.2
4.5741	-8.3364	1398.08	3433.56
4.5741	-8.3364	1397.19	3342.77
4.5741	-8.3364	1396.31	3302.74
4.5741	-8.3364	1395.42	3279.62
4.5741	-8.3364	1394.53	3267.78
4.5741	-8.3364	1393.64	3261.58
4.5741	-8.3364	1392.76	3348.31
4.5741	-8.3364	1391.87	3257.63
4.5741	-8.3364	1390.98	3355.59
4.5741	-8.3364	1390.09	3436.63
4.5741	-8.3364	1389.2	3458.54
4.5741	-8.3364	1388.32	3463.57
4.5741	-8.3364	1387.43	3485.47
4.5741	-8.3364	1386.54	3608.62
4.5741	-8.3364	1385.65	3489.88
4.5741	-8.3364	1384.76	3612.98
4.5741	-8.3364	1383.87	3865.36
4.5741	-8.3364	1382.98	3743.83
4.5741	-8.3364	1382.09	3594.23
4.5741	-8.3364	1381.2	3854.91
4.5741	-8.3364	1380.31	3946.94
4.5741	-8.3364	1379.42	3839.52
4.5741	-8.3364	1378.53	3939.95
4.5741	-8.3364	1377.64	3832.57
4.5741	-8.3364	1376.75	4022.79
4.5741	-8.3364	1375.86	3848.07
4.5741	-8.3364	1374.97	3965.26
4.5741	-8.3364	1374.08	3928.1
4.5741	-8.3364	1373.19	3955.46
4.5741	-8.3364	1372.3	3884.65
4.5741	-8.3364	1371.4	3926.04
4.5741	-8.3364	1370.51	3984.24
4.5741	-8.3364	1369.62	3902.24
4.5741	-8.3364	1368.73	3960.42
4.5741	-8.3364	1367.84	4055.01
4.5741	-8.3364	1366.94	3888.99
4.5741	-8.3364	1366.05	4092.82
4.5741	-8.3364	1365.16	4008.08
4.5741	-8.3364	1364.27	3973.77
4.5741	-8.3364	1363.37	3774.28
4.5741	-8.3364	1362.48	3896.8
4.5741	-8.3364	1361.59	4041.66
4.5741	-8.3364	1360.69	4043.76
4.5741	-8.3364	1359.8	3877.97
4.5741	-8.3364	1358.91	3936.04
4.5741	-8.3364	1358.01	3971.71
4.5741	-8.3364	1357.12	3861.96
4.5741	-8.3364	1356.22	3961.94
4.5741	-8.3364	1355.33	4028.34
4.5741	-8.3364	1354.44	4114.28
4.5741	-8.3364	1353.54	4038.11
4.5741	-8.3364	1352.65	4048.58
4.5741	-8.3364	1351.75	4000.38
4.5741	-8.3364	1350.86	4116.99
4.5741	-8.3364	1349.96	4230.77
4.5741	-8.3364	1349.07	4149.06
4.5741	-8.3364	1348.17	4176.25
4.5741	-8.3364	1347.28	4100.16
4.5741	-8.3364	1346.38	4375.72
4.5741	-8.3364	1345.48	4294.04
4.5741	-8.3364	1344.59	4318.39
4.5741	-8.3364	1343.69	4392.95
4.5741	-8.3364	1342.79	4434.01
4.5741	-8.3364	1341.9	4254.79
4.5741	-8.3364	1341.0	4309.8
4.5741	-8.3364	1340.1	4364.79
4.5741	-8.3364	1339.21	4469.92
4.5741	-8.3364	1338.31	4625.17
4.5741	-8.3364	1337.41	4370.86
4.5741	-8.3364	1336.51	4531.64
4.5741	-8.3364	1335.62	4594.9
4.5741	-8.3364	1334.72	4649.78
4.5741	-8.3364	1333.82	4668.45
4.5741	-8.3364	1332.92	4692.69
4.5741	-8.3364	1332.02	4627.86
4.5741	-8.3364	1331.13	4638.18
4.5741	-8.3364	1330.23	4662.4
4.5741	-8.3364	1329.33	4681.06
4.5741	-8.3364	1328.43	4624.62
4.5741	-8.3364	1327.53	4707.22
4.5741	-8.3364	1326.63	4606.32
4.5741	-8.3364	1325.73	4594.4
4.5741	-8.3364	1324.83	4710.31
4.5741	-8.3364	1323.93	4673.36
4.5741	-8.3364	1323.03	4641.99
4.5741	-8.3364	1322.13	4505.08
4.5741	-8.3364	1321.23	4645.92
4.5741	-8.3364	1320.33	4831.13
4.5741	-8.3364	1319.43	4777.54
4.5741	-8.3364	1318.53	4723.97
4.5741	-8.3364	1317.63	4848.02
4.5741	-8.3364	1316.73	4888.79
4.5741	-8.3364	1315.83	4826.9
4.5741	-8.3364	1314.93	4837.15
4.5741	-8.3364	1314.02	4977.73
4.5741	-8.3364	1313.12	4885.36
4.5741	-8.3364	1312.22	4684.91
4.5741	-8.3364	1311.32	4961.25
4.5741	-8.3364	1310.42	4785.8
4.5741	-8.3364	1309.51	4854.23
4.5741	-8.3364	1308.61	4978.04
4.5741	-8.3364	1307.71	4880.23
4.5741	-8.3364	1306.81	4884.91
4.5741	-8.3364	1305.9	4875.75
4.5741	-8.3364	1305.0	4775.23
4.5741	-8.3364	1304.1	4677.52
4.5741	-8.3364	1303.19	4671.17
4.5741	-8.3364	1302.29	4750.59
4.5741	-8.3364	1301.39	4589.31
4.5741	-8.3364	1300.48	4549.78
4.5741	-8.3364	1299.58	4407.95
4.5741	-8.3364	1298.67	4578.6
4.5741	-8.3364	1297.77	4331.77
4.5741	-8.3364	1296.86	4383.52
4.5741	-8.3364	1295.96	4421.44
4.5741	-8.3364	1295.06	4395.8
4.5741	-8.3364	1294.15	4350.83
4.5741	-8.3364	1293.25	4250.63
4.5741	-8.3364	1292.34	4225.03
4.5741	-8.3364	1291.43	4224.29
4.5741	-8.3364	1290.53	4289.8
4.5741	-8.3364	1289.62	4236.61
4.5741	-8.3364	1288.72	4246.9
4.5741	-8.3364	1287.81	4213.05
4.5741	-8.3364	1286.9	4250.93
4.5741	-8.3364	1286.0	4048.85
4.5741	-8.3364	1285.09	3973.68
4.5741	-8.3364	1284.18	4028.12
4.5741	-8.3364	1283.28	4038.44
4.5741	-8.3364	1282.37	4057.03
4.5741	-8.3364	1281.46	3932.31
4.5741	-8.3364	1280.56	3774.57
4.5741	-8.3364	1279.65	4021.83
4.5741	-8.3364	1278.74	3814.56
4.5741	-8.3364	1277.83	3709.25
4.5741	-8.3364	1276.93	3722.36
4.5741	-8.3364	1276.02	3807.05
4.5741	-8.3364	1275.11	3880.69
4.5741	-8.3364	1274.2	3618.59
4.5741	-8.3364	1273.29	3576.68
4.5741	-8.3364	1272.38	3680.58
4.5741	-8.3364	1271.47	3644.18
4.5741	-8.3364	1270.56	3547.3
4.5741	-8.3364	1269.66	3631.9
4.5741	-8.3364	1268.75	3716.48
4.5741	-8.3364	1267.84	3614.14
4.5741	-8.3364	1266.93	3613.5
4.5741	-8.3364	1266.02	3368.34
4.5741	-8.3364	1265.11	3653.43
4.5741	-8.3364	1264.2	3729.69
4.5741	-8.3364	1263.29	3542.31
4.5741	-8.3364	1262.38	3577.38
4.5741	-8.3364	1261.46	3417.54
4.5741	-8.3364	1260.55	3705.11
4.5741	-8.3364	1259.64	3688.0
4.5741	-8.3364	1258.73	3514.5
4.5741	-8.3364	1257.82	3522.11
4.5741	-8.3364	1256.91	3590.06
4.5741	-8.3364	1256.0	3460.55
4.5741	-8.3364	1255.08	3306.41
4.5741	-8.3364	1254.17	3379.84
4.5741	-8.3364	1253.26	3450.5
4.5741	-8.3364	1252.35	3515.66
4.5741	-8.3364	1251.44	3361.61
4.5741	-8.3364	1250.52	3229.54
4.5741	-8.3364	1249.61	3401.51
4.5741	-8.3364	1248.7	3190.07
4.5741	-8.3364	1247.78	3173.08
4.5741	-8.3364	1246.87	3147.88
4.5741	-8.3364	1245.96	3262.28
4.5741	-8.3364	1245.04	3133.09
4.5741	-8.3364	1244.13	3042.26
4.5741	-8.3364	1243.22	3069.08
4.5741	-8.3364	1242.3	3065.8
4.5741	-8.3364	1241.39	3147.29
4.5741	-8.3364	1240.47	2988.17
4.5741	-8.3364	1239.56	2990.38
4.5741	-8.3364	1238.64	3025.38
4.5741	-8.3364	1237.73	3076.76
4.5741	-8.3364	1236.81	2928.69
4.5741	-8.3364	1235.9	3045.63
4.5741	-8.3364	1234.98	2905.81
4.5741	-8.3364	1234.07	2989.95
4.5741	-8.3364	1233.15	2940.28
4.5741	-8.3364	1232.24	2885.17
4.5741	-8.3364	1231.32	3021.12
4.5741	-8.3364	1230.4	2941.45
4.5741	-8.3364	1229.49	2889.1
4.5741	-8.3364	1228.57	2798.58
4.5741	-8.3364	1227.65	2849.9
4.5741	-8.3364	1226.74	2906.66
4.5741	-8.3364	1225.82	2786.19
4.5741	-8.3364	1224.9	2823.86
4.5741	-8.3364	1223.99	2910.57
4.5741	-8.3364	1223.07	2771.09
4.5741	-8.3364	1222.15	2759.71
4.5741	-8.3364	1221.23	2674.78
4.5741	-8.3364	1220.31	2829.54
4.5741	-8.3364	1219.4	2837.21
4.5741	-8.3364	1218.48	2817.65
4.5741	-8.3364	1217.56	2740.94
4.5741	-8.3364	1216.64	2702.36
4.5741	-8.3364	1215.72	2797.11
4.5741	-8.3364	1214.8	2734.05
4.5741	-8.3364	1213.88	2741.73
4.5741	-8.3364	1212.96	2850.02
4.5741	-8.3364	1212.05	2803.3
4.5741	-8.3364	1211.13	2838.14
4.5741	-8.3364	1210.21	2775.13
4.5741	-8.3364	1209.29	2687.67
4.5741	-8.3364	1208.37	2763.28
4.5741	-8.3364	1207.45	2754.64
4.5741	-8.3364	1206.53	2626.49
4.5741	-8.3364	1205.6	2745.52
4.5741	-8.3364	1204.68	2677.16
4.5741	-8.3364	1203.76	2597.96
4.5741	-8.3364	1202.84	2692.49
4.5741	-8.3364	1201.92	2705.59
4.5741	-8.3364	1201.0	2653.56
4.5741	-8.3364	1200.08	2634.1
4.5741	-8.3364	1199.16	2601.09
4.5741	-8.3364	1198.23	2603.34
4.5741	-8.3364	1197.31	2714.04
4.5741	-8.3364	1196.39	2713.56
4.5741	-8.3364	1195.47	2729.35
4.5741	-8.3364	1194.54	2750.54
4.5741	-8.3364	1193.62	2698.58
4.5741	-8.3364	1192.7	2784.79
4.5741	-8.3364	1191.78	2665.12
4.5741	-8.3364	1190.85	2716.1
4.5741	-8.3364	1189.93	2775.19
4.5741	-8.3364	1189.01	2891.1
4.5741	-8.3364	1188.08	2860.81
4.5741	-8.3364	1187.16	2876.54
4.5741	-8.3364	1186.23	2754.28
4.5741	-8.3364	1185.31	2794.37
4.5741	-8.3364	1184.39	2788.47
4.5741	-8.3364	1183.46	2877.21
4.5741	-8.3364	1182.54	2836.15
4.5741	-8.3364	1181.61	2897.82
4.5741	-8.3364	1180.69	2797.31
4.5741	-8.3364	1179.76	2872.47
4.5741	-8.3364	1178.84	2850.35
4.5741	-8.3364	1177.91	2890.37
4.5741	-8.3364	1176.99	2849.34
4.5741	-8.3364	1176.06	2910.94
4.5741	-8.3364	1175.13	2886.13
4.5741	-8.3364	1174.21	2845.13
4.5741	-8.3364	1173.28	2744.77
4.5741	-8.3364	1172.35	2809.04
4.5741	-8.3364	1171.43	2676.35
4.5741	-8.3364	1170.5	2826.93
4.5741	-8.3364	1169.57	2759.0
4.5741	-8.3364	1168.65	2715.37
4.5741	-8.3364	1167.72	2617.83
4.5741	-8.3364	1166.79	2760.23
4.5741	-8.3364	1165.86	2530.66
4.5741	-8.3364	1164.94	2640.69
4.5741	-8.3364	1164.01	2680.64
4.5741	-8.3364	1163.08	2494.3
4.5741	-8.3364	1162.15	2501.94
4.5741	-8.3364	1161.22	2479.95
4.5741	-8.3364	1160.3	2517.21
4.5741	-8.3364	1159.37	2438.7
4.5741	-8.3364	1158.44	2486.71
4.5741	-8.3364	1157.51	2427.07
4.5741	-8.3364	1156.58	2434.71
4.5741	-8.3364	1155.65	2455.8
4.5741	-8.3364	1154.72	2538.73
4.5741	-8.3364	1153.79	2390.4
4.5741	-8.3364	1152.86	2462.56
4.5741	-8.3364	1151.93	2435.24
4.5741	-8.3364	1151.0	2483.18
4.5741	-8.3364	1150.07	2275.85
4.5741	-8.3364	1149.14	2436.63
4.5741	-8.3364	1148.21	2256.24
4.5741	-8.3364	1147.28	2390.11
4.5741	-8.3364	1146.35	2362.84
4.5741	-8.3364	1145.42	2434.9
4.5741	-8.3364	1144.48	2332.48
4.5741	-8.3364	1143.55	2388.42
4.5741	-8.3364	1142.62	2350.43
4.5741	-8.3364	1141.69	2430.49
4.5741	-8.3364	1140.76	2357.64
4.5741	-8.3364	1139.82	2303.59
4.5741	-8.3364	1138.89	2313.91
4.5741	-8.3364	1137.96	2348.34
4.5741	-8.3364	1137.03	2350.61
4.5741	-8.3364	1136.09	2269.8
4.5741	-8.3364	1135.16	2210.45
4.5741	-8.3364	1134.23	2193.98
4.5741	-8.3364	1133.29	2273.94
4.5741	-8.3364	1132.36	2155.71
4.5741	-8.3364	1131.43	2192.81
4.5741	-8.3364	1130.49	2200.45
4.5741	-8.3364	1129.56	2218.8
4.5741	-8.3364	1128.62	2218.4
4.5741	-8.3364	1127.69	2244.77
4.5741	-8.3364	1126.76	2252.39
4.5741	-8.3364	1125.82	2145.01
4.5741	-8.3364	1124.89	2160.67
4.5741	-8.3364	1123.95	2181.68
4.5741	-8.3364	1123.02	2296.23
4.5741	-8.3364	1122.08	2223.66
4.5741	-8.3364	1121.14	2268.7
4.5741	-8.3364	1120.21	2137.38
4.5741	-8.3364	1119.27	2147.68
4.5741	-8.3364	1118.34	2246.12
4.5741	-8.3364	1117.4	2130.9
4.5741	-8.3364	1116.46	2154.55
4.5741	-8.3364	1115.53	2266.28
4.5741	-8.3364	1114.59	2279.22
4.5741	-8.3364	1113.65	2182.75
4.5741	-8.3364	1112.72	2259.73
4.5741	-8.3364	1111.78	2291.34
4.5741	-8.3364	1110.84	2253.59
4.5741	-8.3364	1109.9	2247.86
4.5741	-8.3364	1108.97	2340.77
4.5741	-8.3364	1108.03	2438.98
4.5741	-8.3364	1107.09	2382.58
4.5741	-8.3364	1106.15	2310.21
4.5741	-8.3364	1105.21	2347.1
4.5741	-8.3364	1104.28	2349.34
4.5741	-8.3364	1103.34	2205.11
4.5741	-8.3364	1102.4	2247.32
4.5741	-8.3364	1101.46	2233.61
4.5741	-8.3364	1100.52	2334.36
4.5741	-8.3364	1099.58	2251.44
4.5741	-8.3364	1098.64	2354.82
4.5741	-8.3364	1097.7	2359.72
4.5741	-8.3364	1096.76	2428.45
4.5741	-8.3364	1095.82	2273.78
4.5741	-8.3364	1094.88	2366.43
4.5741	-8.3364	1093.94	2416.52
4.5741	-8.3364	1093.0	2325.72
4.5741	-8.3364	1092.06	2335.94
4.5741	-8.3364	1091.12	2327.55
4.5741	-8.3364	1090.18	2252.75
4.5741	-8.3364	1089.24	2249.69
4.5741	-8.3364	1088.3	2249.29
4.5741	-8.3364	1087.35	2286.06
4.5741	-8.3364	1086.41	2203.36
4.5741	-8.3364	1085.47	2189.7
4.5741	-8.3364	1084.53	2295.45
4.5741	-8.3364	1083.59	2244.63
4.5741	-8.3364	1082.64	2207.1
4.5741	-8.3364	1081.7	2111.22
4.5741	-8.3364	1080.76	2079.02
4.5741	-8.3364	1079.81	2182.05
4.5741	-8.3364	1078.87	2139.25
4.5741	-8.3364	1077.93	2112.36
4.5741	-8.3364	1076.99	2117.29
4.5741	-8.3364	1076.04	2032.13
4.5741	-8.3364	1075.1	2140.37
4.5741	-8.3364	1074.15	2079.08
4.5741	-8.3364	1073.21	2060.17
4.5741	-8.3364	1072.27	2094.22
4.5741	-8.3364	1071.32	2075.32
4.5741	-8.3364	1070.38	2122.58
4.5741	-8.3364	1069.43	2114.27
4.5741	-8.3364	1068.49	1994.83
4.5741	-8.3364	1067.54	2155.84
4.5741	-8.3364	1066.6	2031.15
4.5741	-8.3364	1065.65	2128.62
4.5741	-8.3364	1064.71	2064.79
4.5741	-8.3364	1063.76	2030.06
4.5741	-8.3364	1062.81	2106.34
4.5741	-8.3364	1061.87	2076.9
4.5741	-8.3364	1060.92	2097.66
4.5741	-8.3364	1059.97	2068.23
4.5741	-8.3364	1059.03	2086.35
4.5741	-8.3364	1058.08	1961.87
4.5741	-8.3364	1057.13	2069.76
4.5741	-8.3364	1056.19	2035.08
4.5741	-8.3364	1055.24	2116.53
4.5741	-8.3364	1054.29	2063.38
4.5741	-8.3364	1053.34	2015.52
4.5741	-8.3364	1052.4	2086.38
4.5741	-8.3364	1051.45	2046.45
4.5741	-8.3364	1050.5	2022.35
4.5741	-8.3364	1049.55	2032.54
4.5741	-8.3364	1048.6	2100.7
4.5741	-8.3364	1047.66	2084.51
4.5741	-8.3364	1046.71	2063.06
4.5741	-8.3364	1045.76	2004.74
4.5741	-8.3364	1044.81	2143.98
4.5741	-8.3364	1043.86	1993.49
4.5741	-8.3364	1042.91	1953.64
4.5741	-8.3364	1041.96	2058.59
4.5741	-8.3364	1041.01	2095.07
4.5741	-8.3364	1040.06	2026.27
4.5741	-8.3364	1039.11	2007.49
4.5741	-8.3364	1038.16	2099.2
4.5741	-8.3364	1037.21	1990.99
4.5741	-8.3364	1036.26	2009.04
4.5741	-8.3364	1035.31	1982.39
4.5741	-8.3364	1034.36	2139.76
4.5741	-8.3364	1033.4	2036.88
4.5741	-8.3364	1032.45	2031.26
4.5741	-8.3364	1031.5	1970.47
4.5741	-8.3364	1030.55	2096.2
4.5741	-8.3364	1029.6	2072.19
4.5741	-8.3364	1028.65	1972.03
4.5741	-8.3364	1027.69	1979.56
4.5741	-8.3364	1026.74	2000.2
4.5741	-8.3364	1025.79	2060.21
4.5741	-8.3364	1024.84	2007.36
4.5741	-8.3364	1023.88	1972.89
4.5741	-8.3364	1022.93	2108.94
4.5741	-8.3364	1021.98	2087.58
4.5741	-8.3364	1021.02	2092.45
4.5741	-8.3364	1020.07	2131.4
4.5741	-8.3364	1019.12	2073.35
4.5741	-8.3364	1018.16	2083.46
4.5741	-8.3364	1017.21	2062.13
4.5741	-8.3364	1016.25	1975.31
4.5741	-8.3364	1015.3	2024.72
4.5741	-8.3364	1014.34	2037.45
4.5741	-8.3364	1013.39	2044.94
4.5741	-8.3364	1012.44	2010.54
4.5741	-8.3364	1011.48	2004.95
4.5741	-8.3364	1010.52	2020.29
4.5741	-8.3364	1009.57	1912.65
4.5741	-8.3364	1008.61	1975.09
4.5741	-8.3364	1007.66	2006.12
4.5741	-8.3364	1006.7	1969.15
4.5741	-8.3364	1005.75	1895.59
4.5741	-8.3364	1004.79	1937.08
4.5741	-8.3364	1003.83	1978.55
4.5741	-8.3364	1002.88	1899.8
4.5741	-8.3364	1001.92	1933.42
4.5741	-8.3364	1000.96	1969.65
4.5741	-8.3364	1000.0	1924.89
4.5741	-8.3364	999.048	1877.54
4.5741	-8.3364	998.09	1981.64
4.5741	-8.3364	997.132	1934.3
4.5741	-8.3364	996.174	2001.81
4.5741	-8.3364	995.216	1917.95
4.5741	-8.3364	994.258	1930.65
4.5741	-8.3364	993.3	1930.3
4.5741	-8.3364	992.341	1942.99
4.5741	-8.3364	991.382	1853.99
4.5741	-8.3364	990.423	1981.4
4.5741	-8.3364	989.4639999999999	1999.29
4.5741	-8.3364	988.505	1983.3
4.5741	-8.3364	987.546	2061.11
4.5741	-8.3364	986.586	1951.32
4.5741	-8.3364	985.6260000000001	1891.06
4.5741	-8.3364	984.666	2002.71
4.5741	-8.3364	983.706	1950.27
4.5741	-8.3364	982.7460000000001	1991.58
4.5741	-8.3364	981.785	1939.16
4.5741	-8.3364	980.825	1988.26
4.5741	-8.3364	979.8639999999999	1896.83
4.5741	-8.3364	978.903	1964.13
4.5741	-8.3364	977.942	1953.37
4.5741	-8.3364	976.9810000000001	1888.01
4.5741	-8.3364	976.0189999999999	1916.27
4.5741	-8.3364	975.057	1957.52
4.5741	-8.3364	974.095	1959.77
4.5741	-8.3364	973.133	1949.02
4.5741	-8.3364	972.171	1953.86
4.5741	-8.3364	971.209	1935.33
4.5741	-8.3364	970.2460000000001	2020.69
4.5741	-8.3364	969.284	1851.53
4.5741	-8.3364	968.321	1931.69
4.5741	-8.3364	967.3580000000001	1897.59
4.5741	-8.3364	966.3939999999999	2011.45
4.5741	-8.3364	965.431	1961.79
4.5741	-8.3364	964.467	1992.57
4.5741	-8.3364	963.5039999999999	1878.07
4.5741	-8.3364	962.54	1932.2
4.5741	-8.3364	961.576	1859.24
4.5741	-8.3364	960.6110000000001	1874.47
4.5741	-8.3364	959.6469999999999	1967.45
4.5741	-8.3364	958.682	1902.3
4.5741	-8.3364	957.7180000000001	2010.79
4.5741	-8.3364	956.753	1937.89
4.5741	-8.3364	955.7869999999999	1942.72
4.5741	-8.3364	954.822	1908.7
4.5741	-8.3364	953.857	1822.91
4.5741	-8.3364	952.8910000000001	1845.88
4.5741	-8.3364	951.925	1894.73
4.5741	-8.3364	950.959	1847.8
4.5741	-8.3364	949.993	1850.06
4.5741	-8.3364	949.0269999999999	1834.2
4.5741	-8.3364	948.06	1867.5
4.5741	-8.3364	947.0930000000001	1874.92
4.5741	-8.3364	946.1260000000001	1856.48
4.5741	-8.3364	945.159	1962.14
4.5741	-8.3364	944.192	1948.86
4.5741	-8.3364	943.225	1850.31
4.5741	-8.3364	942.257	1816.39
4.5741	-8.3364	941.289	1816.06
4.5741	-8.3364	940.321	1859.64
4.5741	-8.3364	939.3530000000001	1781.83
4.5741	-8.3364	938.385	1895.12
4.5741	-8.3364	937.4169999999999	1845.73
4.5741	-8.3364	936.448	1842.81
4.5741	-8.3364	935.4789999999999	1777.97
4.5741	-8.3364	934.51	1798.29
4.5741	-8.3364	933.541	1795.39
4.5741	-8.3364	932.572	1841.49
4.5741	-8.3364	931.602	1854.05
4.5741	-8.3364	930.633	1794.41
4.5741	-8.3364	929.663	1904.93
4.5741	-8.3364	928.693	1796.34
4.5741	-8.3364	927.7230000000001	1875.9
4.5741	-8.3364	926.752	1875.56
4.5741	-8.3364	925.7819999999999	1826.28
4.5741	-8.3364	924.811	1874.89
4.5741	-8.3364	923.84	1892.57
4.5741	-8.3364	922.8689999999999	1907.68
4.5741	-8.3364	921.898	1927.92
4.5741	-8.3364	920.926	1804.05
4.5741	-8.3364	919.955	1808.87
4.5741	-8.3364	918.9830000000001	1780.24
4.5741	-8.3364	918.0110000000001	1939.39
4.5741	-8.3364	917.039	1874.75
4.5741	-8.3364	916.066	1902.7
4.5741	-8.3364	915.0939999999999	1879.22
4.5741	-8.3364	914.1210000000001	2017.67
4.5741	-8.3364	913.148	1839.99
4.5741	-8.3364	912.175	1888.48
4.5741	-8.3364	911.202	1862.45
4.5741	-8.3364	910.2289999999999	1916.05
4.5741	-8.3364	909.255	1818.12
4.5741	-8.3364	908.2819999999999	1751.03
4.5741	-8.3364	907.308	1956.08
4.5741	-8.3364	906.334	1963.43
4.5741	-8.3364	905.36	2011.83
4.5741	-8.3364	904.385	1942.19
4.5741	-8.3364	903.4110000000001	2049.58
4.5741	-8.3364	902.436	2015.87
4.5741	-8.3364	901.461	2100.12
4.5741	-8.3364	900.4860000000001	1992.06
4.5741	-8.3364	899.51	2073.73
4.5741	-8.3364	898.535	1940.09
4.5741	-8.3364	897.559	1944.86
4.5741	-8.3364	896.5830000000001	1941.95
4.5741	-8.3364	895.607	1980.02
4.5741	-8.3364	894.6310000000001	1959.17
4.5741	-8.3364	893.655	1853.84
4.5741	-8.3364	892.678	1863.74
4.5741	-8.3364	891.702	1912.04
4.5741	-8.3364	890.725	1891.22
4.5741	-8.3364	889.748	1849.94
4.5741	-8.3364	888.77	1898.21
4.5741	-8.3364	887.793	1920.88
4.5741	-8.3364	886.815	1825.92
4.5741	-8.3364	885.8380000000001	1945.76
4.5741	-8.3364	884.86	1863.6
4.5741	-8.3364	883.882	1916.94
4.5741	-8.3364	882.903	1873.15
4.5741	-8.3364	881.925	1877.92
4.5741	-8.3364	880.946	1946.55
4.5741	-8.3364	879.967	1918.1
4.5741	-8.3364	878.988	1887.11
4.5741	-8.3364	878.0089999999999	1927.62
4.5741	-8.3364	877.03	1963.01
4.5741	-8.3364	876.05	1988.18
4.5741	-8.3364	875.071	1924.02
4.5741	-8.3364	874.091	2035.93
4.5741	-8.3364	873.1110000000001	2112.09
4.5741	-8.3364	872.13	1973.99
4.5741	-8.3364	871.15	1983.83
4.5741	-8.3364	870.169	2082.9
4.5741	-8.3364	869.189	2072.32
4.5741	-8.3364	868.2080000000001	2033.72
4.5741	-8.3364	867.2260000000001	1903.4
4.5741	-8.3364	866.245	2134.89
4.5741	-8.3364	865.2639999999999	2172.71
4.5741	-8.3364	864.2819999999999	2108.65
4.5741	-8.3364	863.3	2151.55
4.5741	-8.3364	862.318	2214.8
4.5741	-8.3364	861.336	2173.68
4.5741	-8.3364	860.3530000000001	1997.69
4.5741	-8.3364	859.3710000000001	2017.68
4.5741	-8.3364	858.388	2068.2
4.5741	-8.3364	857.405	1976.26
4.5741	-8.3364	856.422	1922.5
4.5741	-8.3364	855.439	1950.11
4.5741	-8.3364	854.455	2031.11
4.5741	-8.3364	853.472	1923.99
4.5741	-8.3364	852.488	1994.79
4.5741	-8.3364	851.5039999999999	1979.19
4.5741	-8.3364	850.52	2014.39
4.5741	-8.3364	849.535	2011.49
4.5741	-8.3364	848.551	1995.89
4.5741	-8.3364	847.566	2071.69
4.5741	-8.3364	846.581	2007.85
4.5741	-8.3364	845.596	1923.74
4.5741	-8.3364	844.6110000000001	1991.9
4.5741	-8.3364	843.6260000000001	2016.91
4.5741	-8.3364	842.64	1917.62
4.5741	-8.3364	841.654	1909.66
4.5741	-8.3364	840.668	2025.95
4.5741	-8.3364	839.682	1876.01
4.5741	-8.3364	838.696	1931.43
4.5741	-8.3364	837.709	1893.07
4.5741	-8.3364	836.7230000000001	1913.0
4.5741	-8.3364	835.7360000000001	1940.51
4.5741	-8.3364	834.7489999999999	1914.83
4.5741	-8.3364	833.762	1914.49
4.5741	-8.3364	832.7739999999999	1896.41
4.5741	-8.3364	831.7869999999999	1923.92
4.5741	-8.3364	830.799	1893.19
4.5741	-8.3364	829.811	1877.67
4.5741	-8.3364	828.823	1953.23
4.5741	-8.3364	827.835	1849.16
4.5741	-8.3364	826.846	1947.46
4.5741	-8.3364	825.857	1944.58
4.5741	-8.3364	824.8689999999999	1855.74
4.5741	-8.3364	823.88	2017.18
4.5741	-8.3364	822.89	1834.84
4.5741	-8.3364	821.9010000000001	1945.69
4.5741	-8.3364	820.9119999999999	1995.87
4.5741	-8.3364	819.922	1851.52
4.5741	-8.3364	818.932	1952.21
4.5741	-8.3364	817.942	1967.0
4.5741	-8.3364	816.952	1822.74
4.5741	-8.3364	815.961	1847.65
4.5741	-8.3364	814.971	1872.55
4.5741	-8.3364	813.98	1910.06
4.5741	-8.3364	812.9889999999999	1801.24
4.5741	-8.3364	811.998	1954.77
4.5741	-8.3364	811.0060000000001	1906.5
4.5741	-8.3364	810.015	1931.36
4.5741	-8.3364	809.023	1832.7
4.5741	-8.3364	808.0310000000001	1865.13
4.5741	-8.3364	807.039	1940.39
4.5741	-8.3364	806.047	1882.09
4.5741	-8.3364	805.054	1768.39
4.5741	-8.3364	804.062	1790.73
4.5741	-8.3364	803.069	1901.2
4.5741	-8.3364	802.076	1759.87
4.5741	-8.3364	801.0830000000001	1847.65
4.5741	-8.3364	800.0889999999999	1807.04
4.5741	-8.3364	799.096	1846.98
4.5741	-8.3364	798.102	1831.54
4.5741	-8.3364	797.1080000000001	1853.85
4.5741	-8.3364	796.1139999999999	1838.42
4.5741	-8.3364	795.12	1878.32
4.5741	-8.3364	794.1260000000001	1815.13
4.5741	-8.3364	793.1310000000001	1872.61
4.5741	-8.3364	792.1360000000001	1887.35
4.5741	-8.3364	791.1410000000001	1859.36
4.5741	-8.3364	790.1460000000001	1806.27
4.5741	-8.3364	789.1510000000001	1821.01
4.5741	-8.3364	788.155	1911.08
4.5741	-8.3364	787.16	1885.63
4.5741	-8.3364	786.164	1877.75
4.5741	-8.3364	785.168	1756.93
4.5741	-8.3364	784.171	1801.78
4.5741	-8.3364	783.175	1849.13
4.5741	-8.3364	782.178	1811.16
4.5741	-8.3364	781.182	1810.83
4.5741	-8.3364	780.185	1878.21
4.5741	-8.3364	779.188	1797.63
4.5741	-8.3364	778.19	1839.92
4.5741	-8.3364	777.193	1844.6
4.5741	-8.3364	776.195	1834.24
4.5741	-8.3364	775.197	1811.35
4.5741	-8.3364	774.199	1823.55
4.5741	-8.3364	773.201	1840.75
4.5741	-8.3364	772.202	1817.87
4.5741	-8.3364	771.204	1857.6
4.5741	-8.3364	770.205	1817.21
4.5741	-8.3364	769.206	1884.45
4.5741	-8.3364	768.207	1846.57
4.5741	-8.3364	767.2080000000001	1931.29
4.5741	-8.3364	766.2080000000001	1918.43
4.5741	-8.3364	765.2080000000001	1805.55
4.5741	-8.3364	764.209	1997.74
4.5741	-8.3364	763.2080000000001	1842.39
4.5741	-8.3364	762.2080000000001	2017.01
4.5741	-8.3364	761.2080000000001	1834.22
4.5741	-8.3364	760.207	1908.84
4.5741	-8.3364	759.206	1968.44
4.5741	-8.3364	758.205	1880.67
4.5741	-8.3364	757.204	1945.25
4.5741	-8.3364	756.203	1944.89
4.5741	-8.3364	755.201	1957.02
4.5741	-8.3364	754.2	1986.61
4.5741	-8.3364	753.198	1968.78
4.5741	-8.3364	752.196	1958.44
4.5741	-8.3364	751.193	1920.67
4.5741	-8.3364	750.191	1967.7
4.5741	-8.3364	749.188	2104.48
4.5741	-8.3364	748.186	2094.13
4.5741	-8.3364	747.183	2146.09
4.5741	-8.3364	746.179	2130.74
4.5741	-8.3364	745.176	2112.91
4.5741	-8.3364	744.173	2179.79
4.5741	-8.3364	743.169	2274.03
4.5741	-8.3364	742.165	2139.14
4.5741	-8.3364	741.1610000000001	2128.79
4.5741	-8.3364	740.1569999999999	2128.4
4.5741	-8.3364	739.1519999999999	2145.44
4.5741	-8.3364	738.1469999999999	2219.7
4.5741	-8.3364	737.143	2099.87
4.5741	-8.3364	736.138	2231.32
4.5741	-8.3364	735.132	2161.28
4.5741	-8.3364	734.127	2193.21
4.5741	-8.3364	733.122	2202.75
4.5741	-8.3364	732.1160000000001	2254.55
4.5741	-8.3364	731.11	2244.19
4.5741	-8.3364	730.1039999999999	2303.42
4.5741	-8.3364	729.097	2312.93
4.5741	-8.3364	728.091	2506.25
4.5741	-8.3364	727.084	2376.66
4.5741	-8.3364	726.077	2408.5
4.5741	-8.3364	725.07	2338.55
4.5741	-8.3364	724.063	2457.26
4.5741	-8.3364	723.056	2369.95
4.5741	-8.3364	722.048	2429.07
4.5741	-8.3364	721.04	2421.18
4.5741	-8.3364	720.0319999999999	2316.57
4.5741	-8.3364	719.0239999999999	2358.3
4.5741	-8.3364	718.0160000000001	2263.65
4.5741	-8.3364	717.007	2456.59
4.5741	-8.3364	715.9989999999999	2245.47
4.5741	-8.3364	714.99	2227.71
4.5741	-8.3364	713.9810000000001	2232.26
4.5741	-8.3364	712.972	2075.8
4.5741	-8.3364	711.962	2048.17
4.5741	-8.3364	710.953	2062.65
4.5741	-8.3364	709.943	2064.75
4.5741	-8.3364	708.933	1977.74
4.5741	-8.3364	707.923	2026.87
4.5741	-8.3364	706.9119999999999	1996.81
4.5741	-8.3364	705.9019999999999	1954.39
4.5741	-8.3364	704.8910000000001	1916.93
4.5741	-8.3364	703.88	1936.36
4.5741	-8.3364	702.8689999999999	2079.41
4.5741	-8.3364	701.8580000000001	2014.75
4.5741	-8.3364	700.846	1838.9
4.5741	-8.3364	699.834	1959.65
4.5741	-8.3364	698.823	1927.17
4.5741	-8.3364	697.811	2003.4
4.5741	-8.3364	696.798	1958.57
4.5741	-8.3364	695.7860000000001	1955.74
4.5741	-8.3364	694.773	2026.98
4.5741	-8.3364	693.7610000000001	2011.8
4.5741	-8.3364	692.748	1937.39
4.5741	-8.3364	691.7339999999999	2035.74
4.5741	-8.3364	690.721	1946.55
4.5741	-8.3364	689.7080000000001	1916.59
4.5741	-8.3364	688.694	1943.37
4.5741	-8.3364	687.68	2014.52
4.5741	-8.3364	686.666	1937.72
4.5741	-8.3364	685.6519999999999	1900.39
4.5741	-8.3364	684.637	1917.29
4.5741	-8.3364	683.623	1931.73
4.5741	-8.3364	682.6080000000001	1916.59
4.5741	-8.3364	681.5930000000001	1793.09
4.5741	-8.3364	680.578	1945.44
4.5741	-8.3364	679.562	1814.59
4.5741	-8.3364	678.547	1863.49
4.5741	-8.3364	677.5310000000001	1833.61
4.5741	-8.3364	676.515	1862.8
4.5741	-8.3364	675.4989999999999	1877.22
4.5741	-8.3364	674.482	1800.62
4.5741	-8.3364	673.466	1844.56
4.5741	-8.3364	672.449	1804.88
4.5741	-8.3364	671.432	1897.97
4.5741	-8.3364	670.415	1877.95
4.5741	-8.3364	669.398	1966.08
4.5741	-8.3364	668.3810000000001	1946.06
4.5741	-8.3364	667.363	1830.24
4.5741	-8.3364	666.345	1893.77
4.5741	-8.3364	665.327	1883.6
4.5741	-8.3364	664.309	2020.75
4.5741	-8.3364	663.291	1929.55
4.5741	-8.3364	662.2719999999999	1968.46
4.5741	-8.3364	661.253	1990.19
4.5741	-8.3364	660.2339999999999	1928.48
4.5741	-8.3364	659.215	1989.45
4.5741	-8.3364	658.196	2011.16
4.5741	-8.3364	657.176	2118.69
4.5741	-8.3364	656.1569999999999	2027.58
4.5741	-8.3364	655.137	2093.39
4.5741	-8.3364	654.117	2100.36
4.5741	-8.3364	653.097	2148.98
4.5741	-8.3364	652.076	2028.54
4.5741	-8.3364	651.056	2084.5
4.5741	-8.3364	650.035	2186.98
4.5741	-8.3364	649.014	2159.64
4.5741	-8.3364	647.993	2107.83
4.5741	-8.3364	646.971	2156.4
4.5741	-8.3364	645.95	2346.89
4.5741	-8.3364	644.928	2219.22
4.5741	-8.3364	643.906	2204.13
4.5741	-8.3364	642.884	2272.21
4.5741	-8.3364	641.861	2266.9
4.5741	-8.3364	640.839	2127.12
4.5741	-8.3364	639.816	2222.07
4.5741	-8.3364	638.793	2077.46
4.5741	-8.3364	637.77	2015.98
4.5741	-8.3364	636.747	2091.35
4.5741	-8.3364	635.724	2051.88
4.5741	-8.3364	634.7	2080.81
4.5741	-8.3364	633.6759999999999	2041.36
4.5741	-8.3364	632.6519999999999	2011.68
4.5741	-8.3364	631.628	1982.02
4.5741	-8.3364	630.6030000000001	1984.1
4.5741	-8.3364	629.5790000000001	1988.61
4.5741	-8.3364	628.554	2010.2
4.5741	-8.3364	627.529	2002.51
4.5741	-8.3364	626.504	1987.51
4.5741	-8.3364	625.479	1984.71
4.5741	-8.3364	624.453	2084.29
4.5741	-8.3364	623.427	2035.16
4.5741	-8.3364	622.401	2005.54
4.5741	-8.3364	621.375	2112.37
4.5741	-8.3364	620.349	1995.06
4.5741	-8.3364	619.323	1953.28
4.5741	-8.3364	618.2959999999999	2057.63
4.5741	-8.3364	617.269	1950.13
4.5741	-8.3364	616.242	1964.37
4.5741	-8.3364	615.215	1927.51
4.5741	-8.3364	614.187	1914.98
4.5741	-8.3364	613.16	1929.23
4.5741	-8.3364	612.132	1916.71
4.5741	-8.3364	611.104	1894.47
4.5741	-8.3364	610.076	1857.65
4.5741	-8.3364	609.047	1937.53
4.5741	-8.3364	608.019	1888.56
4.5741	-8.3364	606.99	1900.36
4.5741	-8.3364	605.961	1975.33
4.5741	-8.3364	604.932	1911.8
4.5741	-8.3364	603.903	1943.02
4.5741	-8.3364	602.873	1949.95
4.5741	-8.3364	601.844	1969.01
4.5741	-8.3364	600.814	2014.77
