2.02745	30.5804	1799.31	1402.73
2.02745	30.5804	1798.5	1460.55
2.02745	30.5804	1797.68	1490.85
2.02745	30.5804	1796.86	1548.64
2.02745	30.5804	1796.04	1490.35
2.02745	30.5804	1795.22	1432.08
2.02745	30.5804	1794.4	1492.9
2.02745	30.5804	1793.58	1565.91
2.02745	30.5804	1792.76	1602.27
2.02745	30.5804	1791.94	1458.58
2.02745	30.5804	1791.13	1543.76
2.02745	30.5804	1790.31	1586.2
2.02745	30.5804	1789.49	1546.29
2.02745	30.5804	1788.67	1488.09
2.02745	30.5804	1787.85	1490.88
2.02745	30.5804	1787.03	1557.7
2.02745	30.5804	1786.21	1484.29
2.02745	30.5804	1785.39	1535.84
2.02745	30.5804	1784.56	1523.39
2.02745	30.5804	1783.74	1431.75
2.02745	30.5804	1782.92	1407.14
2.02745	30.5804	1782.1	1479.99
2.02745	30.5804	1781.28	1427.98
2.02745	30.5804	1780.46	1449.04
2.02745	30.5804	1779.64	1488.37
2.02745	30.5804	1778.82	1524.63
2.02745	30.5804	1778.0	1417.88
2.02745	30.5804	1777.17	1429.81
2.02745	30.5804	1776.35	1487.36
2.02745	30.5804	1775.53	1514.48
2.02745	30.5804	1774.71	1468.61
2.02745	30.5804	1773.89	1510.93
2.02745	30.5804	1773.06	1431.64
2.02745	30.5804	1772.24	1501.3
2.02745	30.5804	1771.42	1522.31
2.02745	30.5804	1770.59	1519.02
2.02745	30.5804	1769.77	1555.21
2.02745	30.5804	1768.95	1427.39
2.02745	30.5804	1768.12	1478.77
2.02745	30.5804	1767.3	1572.64
2.02745	30.5804	1766.48	1511.66
2.02745	30.5804	1765.65	1520.51
2.02745	30.5804	1764.83	1559.7
2.02745	30.5804	1764.01	1565.51
2.02745	30.5804	1763.18	1540.97
2.02745	30.5804	1762.36	1467.92
2.02745	30.5804	1761.53	1558.65
2.02745	30.5804	1760.71	1546.26
2.02745	30.5804	1759.88	1627.84
2.02745	30.5804	1759.06	1603.32
2.02745	30.5804	1758.23	1545.47
2.02745	30.5804	1757.41	1466.43
2.02745	30.5804	1756.58	1484.36
2.02745	30.5804	1755.76	1590.12
2.02745	30.5804	1754.93	1465.69
2.02745	30.5804	1754.11	1538.11
2.02745	30.5804	1753.28	1522.71
2.02745	30.5804	1752.46	1592.07
2.02745	30.5804	1751.63	1537.33
2.02745	30.5804	1750.8	1473.52
2.02745	30.5804	1749.98	1479.33
2.02745	30.5804	1749.15	1548.64
2.02745	30.5804	1748.32	1499.99
2.02745	30.5804	1747.5	1490.67
2.02745	30.5804	1746.67	1514.6
2.02745	30.5804	1745.84	1481.09
2.02745	30.5804	1745.02	1580.57
2.02745	30.5804	1744.19	1504.77
2.02745	30.5804	1743.36	1486.38
2.02745	30.5804	1742.53	1582.79
2.02745	30.5804	1741.71	1534.2
2.02745	30.5804	1740.88	1573.2
2.02745	30.5804	1740.05	1494.43
2.02745	30.5804	1739.22	1500.22
2.02745	30.5804	1738.39	1587.49
2.02745	30.5804	1737.56	1560.06
2.02745	30.5804	1736.74	1523.59
2.02745	30.5804	1735.91	1490.15
2.02745	30.5804	1735.08	1571.33
2.02745	30.5804	1734.25	1552.97
2.02745	30.5804	1733.42	1609.99
2.02745	30.5804	1732.59	1585.6
2.02745	30.5804	1731.76	1600.4
2.02745	30.5804	1730.93	1557.94
2.02745	30.5804	1730.1	1620.95
2.02745	30.5804	1729.27	1632.72
2.02745	30.5804	1728.44	1596.3
2.02745	30.5804	1727.61	1617.11
2.02745	30.5804	1726.78	1616.84
2.02745	30.5804	1725.95	1598.5
2.02745	30.5804	1725.12	1631.34
2.02745	30.5804	1724.29	1585.92
2.02745	30.5804	1723.46	1684.94
2.02745	30.5804	1722.63	1678.64
2.02745	30.5804	1721.8	1681.36
2.02745	30.5804	1720.96	1539.74
2.02745	30.5804	1720.13	1626.67
2.02745	30.5804	1719.3	1719.59
2.02745	30.5804	1718.47	1770.39
2.02745	30.5804	1717.64	1688.95
2.02745	30.5804	1716.81	1667.63
2.02745	30.5804	1715.97	1700.4
2.02745	30.5804	1715.14	1721.13
2.02745	30.5804	1714.31	1747.87
2.02745	30.5804	1713.48	1648.48
2.02745	30.5804	1712.64	1831.34
2.02745	30.5804	1711.81	1789.0
2.02745	30.5804	1710.98	1749.68
2.02745	30.5804	1710.14	1698.37
2.02745	30.5804	1709.31	1731.09
2.02745	30.5804	1708.48	1736.79
2.02745	30.5804	1707.64	1865.46
2.02745	30.5804	1706.81	1805.17
2.02745	30.5804	1705.98	1798.87
2.02745	30.5804	1705.14	1735.61
2.02745	30.5804	1704.31	1909.15
2.02745	30.5804	1703.47	1800.95
2.02745	30.5804	1702.64	1698.77
2.02745	30.5804	1701.81	1791.35
2.02745	30.5804	1700.97	1862.92
2.02745	30.5804	1700.14	1874.58
2.02745	30.5804	1699.3	1823.37
2.02745	30.5804	1698.47	1775.16
2.02745	30.5804	1697.63	1804.79
2.02745	30.5804	1696.79	1930.17
2.02745	30.5804	1695.96	1908.89
2.02745	30.5804	1695.12	1857.71
2.02745	30.5804	1694.29	1884.32
2.02745	30.5804	1693.45	2051.46
2.02745	30.5804	1692.62	1931.51
2.02745	30.5804	1691.78	1874.39
2.02745	30.5804	1690.94	1862.11
2.02745	30.5804	1690.11	1891.68
2.02745	30.5804	1689.27	1980.99
2.02745	30.5804	1688.43	1908.96
2.02745	30.5804	1687.6	1953.44
2.02745	30.5804	1686.76	2027.77
2.02745	30.5804	1685.92	2099.08
2.02745	30.5804	1685.08	2092.75
2.02745	30.5804	1684.25	1931.21
2.02745	30.5804	1683.41	1957.74
2.02745	30.5804	1682.57	2040.96
2.02745	30.5804	1681.73	2001.83
2.02745	30.5804	1680.89	1974.64
2.02745	30.5804	1680.06	1977.29
2.02745	30.5804	1679.22	1932.22
2.02745	30.5804	1678.38	1955.74
2.02745	30.5804	1677.54	2029.93
2.02745	30.5804	1676.7	1916.33
2.02745	30.5804	1675.86	1904.09
2.02745	30.5804	1675.02	1927.6
2.02745	30.5804	1674.18	2013.65
2.02745	30.5804	1673.35	1932.9
2.02745	30.5804	1672.51	1911.72
2.02745	30.5804	1671.67	2045.37
2.02745	30.5804	1670.83	2176.0
2.02745	30.5804	1669.99	2041.7
2.02745	30.5804	1669.15	1877.69
2.02745	30.5804	1668.31	1963.65
2.02745	30.5804	1667.47	2022.81
2.02745	30.5804	1666.62	1921.34
2.02745	30.5804	1665.78	1956.7
2.02745	30.5804	1664.94	1953.39
2.02745	30.5804	1664.1	2030.35
2.02745	30.5804	1663.26	2024.06
2.02745	30.5804	1662.42	2109.89
2.02745	30.5804	1661.58	2026.34
2.02745	30.5804	1660.74	2049.76
2.02745	30.5804	1659.9	2212.76
2.02745	30.5804	1659.05	2093.6
2.02745	30.5804	1658.21	2102.15
2.02745	30.5804	1657.37	2110.7
2.02745	30.5804	1656.53	2140.02
2.02745	30.5804	1655.68	2201.97
2.02745	30.5804	1654.84	2177.86
2.02745	30.5804	1654.0	2112.22
2.02745	30.5804	1653.16	2070.34
2.02745	30.5804	1652.31	2132.26
2.02745	30.5804	1651.47	2262.36
2.02745	30.5804	1650.63	2181.93
2.02745	30.5804	1649.78	2151.92
2.02745	30.5804	1648.94	2219.71
2.02745	30.5804	1648.1	2323.04
2.02745	30.5804	1647.25	2319.68
2.02745	30.5804	1646.41	2301.51
2.02745	30.5804	1645.56	2295.2
2.02745	30.5804	1644.72	2336.26
2.02745	30.5804	1643.88	2415.79
2.02745	30.5804	1643.03	2323.62
2.02745	30.5804	1642.19	2409.05
2.02745	30.5804	1641.34	2438.23
2.02745	30.5804	1640.5	2529.53
2.02745	30.5804	1639.65	2546.84
2.02745	30.5804	1638.81	2487.26
2.02745	30.5804	1637.96	2587.37
2.02745	30.5804	1637.11	2669.71
2.02745	30.5804	1636.27	2707.68
2.02745	30.5804	1635.42	2724.95
2.02745	30.5804	1634.58	2768.81
2.02745	30.5804	1633.73	2865.83
2.02745	30.5804	1632.88	2821.03
2.02745	30.5804	1632.04	2879.62
2.02745	30.5804	1631.19	2911.61
2.02745	30.5804	1630.34	2990.83
2.02745	30.5804	1629.5	3161.53
2.02745	30.5804	1628.65	3004.56
2.02745	30.5804	1627.8	3122.09
2.02745	30.5804	1626.96	3136.3
2.02745	30.5804	1626.11	3244.91
2.02745	30.5804	1625.26	3282.7
2.02745	30.5804	1624.41	3388.3
2.02745	30.5804	1623.57	3399.51
2.02745	30.5804	1622.72	3351.77
2.02745	30.5804	1621.87	3439.61
2.02745	30.5804	1621.02	3276.95
2.02745	30.5804	1620.17	3494.42
2.02745	30.5804	1619.32	3446.69
2.02745	30.5804	1618.47	3454.93
2.02745	30.5804	1617.63	3575.08
2.02745	30.5804	1616.78	3497.92
2.02745	30.5804	1615.93	3476.71
2.02745	30.5804	1615.08	3561.47
2.02745	30.5804	1614.23	3690.35
2.02745	30.5804	1613.38	3448.44
2.02745	30.5804	1612.53	3627.31
2.02745	30.5804	1611.68	3670.8
2.02745	30.5804	1610.83	3640.77
2.02745	30.5804	1609.98	3601.92
2.02745	30.5804	1609.13	3583.66
2.02745	30.5804	1608.28	3603.62
2.02745	30.5804	1607.43	3591.25
2.02745	30.5804	1606.58	3796.32
2.02745	30.5804	1605.73	3745.73
2.02745	30.5804	1604.87	3609.97
2.02745	30.5804	1604.02	3723.88
2.02745	30.5804	1603.17	3717.37
2.02745	30.5804	1602.32	3652.15
2.02745	30.5804	1601.47	3613.36
2.02745	30.5804	1600.62	3706.66
2.02745	30.5804	1599.76	3794.05
2.02745	30.5804	1598.91	3755.26
2.02745	30.5804	1598.06	3795.68
2.02745	30.5804	1597.21	3753.97
2.02745	30.5804	1596.36	3899.95
2.02745	30.5804	1595.5	3802.53
2.02745	30.5804	1594.65	3766.7
2.02745	30.5804	1593.8	3689.85
2.02745	30.5804	1592.94	3856.25
2.02745	30.5804	1592.09	3861.45
2.02745	30.5804	1591.24	3939.87
2.02745	30.5804	1590.38	3792.76
2.02745	30.5804	1589.53	3862.39
2.02745	30.5804	1588.68	3835.37
2.02745	30.5804	1587.82	3790.81
2.02745	30.5804	1586.97	3687.72
2.02745	30.5804	1586.11	3707.57
2.02745	30.5804	1585.26	3762.52
2.02745	30.5804	1584.4	3764.8
2.02745	30.5804	1583.55	3705.66
2.02745	30.5804	1582.69	3631.92
2.02745	30.5804	1581.84	3783.33
2.02745	30.5804	1580.98	3841.15
2.02745	30.5804	1580.13	3627.13
2.02745	30.5804	1579.27	3699.56
2.02745	30.5804	1578.42	3634.65
2.02745	30.5804	1577.56	3607.73
2.02745	30.5804	1576.71	3595.43
2.02745	30.5804	1575.85	3507.2
2.02745	30.5804	1574.99	3489.08
2.02745	30.5804	1574.14	3462.21
2.02745	30.5804	1573.28	3435.35
2.02745	30.5804	1572.42	3399.74
2.02745	30.5804	1571.57	3285.36
2.02745	30.5804	1570.71	3264.38
2.02745	30.5804	1569.85	3362.99
2.02745	30.5804	1569.0	3158.27
2.02745	30.5804	1568.14	3157.73
2.02745	30.5804	1567.28	3198.0
2.02745	30.5804	1566.42	3328.61
2.02745	30.5804	1565.56	3214.39
2.02745	30.5804	1564.71	3181.78
2.02745	30.5804	1563.85	3192.89
2.02745	30.5804	1562.99	3262.25
2.02745	30.5804	1562.13	3104.43
2.02745	30.5804	1561.27	3191.24
2.02745	30.5804	1560.41	3062.6
2.02745	30.5804	1559.56	3123.2
2.02745	30.5804	1558.7	3253.62
2.02745	30.5804	1557.84	3212.33
2.02745	30.5804	1556.98	3092.5
2.02745	30.5804	1556.12	3126.87
2.02745	30.5804	1555.26	3172.86
2.02745	30.5804	1554.4	3149.05
2.02745	30.5804	1553.54	3075.83
2.02745	30.5804	1552.68	3211.92
2.02745	30.5804	1551.82	3164.87
2.02745	30.5804	1550.96	3100.4
2.02745	30.5804	1550.1	3131.82
2.02745	30.5804	1549.24	3052.85
2.02745	30.5804	1548.38	2950.68
2.02745	30.5804	1547.52	3048.9
2.02745	30.5804	1546.65	3086.12
2.02745	30.5804	1545.79	3004.31
2.02745	30.5804	1544.93	3085.05
2.02745	30.5804	1544.07	3052.6
2.02745	30.5804	1543.21	3075.29
2.02745	30.5804	1542.35	2923.92
2.02745	30.5804	1541.48	2926.32
2.02745	30.5804	1540.62	2978.01
2.02745	30.5804	1539.76	3000.69
2.02745	30.5804	1538.9	3095.83
2.02745	30.5804	1538.04	3069.21
2.02745	30.5804	1537.17	3054.2
2.02745	30.5804	1536.31	3117.41
2.02745	30.5804	1535.45	3119.77
2.02745	30.5804	1534.58	3165.57
2.02745	30.5804	1533.72	3214.25
2.02745	30.5804	1532.86	3367.15
2.02745	30.5804	1531.99	3401.3
2.02745	30.5804	1531.13	3452.81
2.02745	30.5804	1530.27	3489.84
2.02745	30.5804	1529.4	3552.89
2.02745	30.5804	1528.54	3589.88
2.02745	30.5804	1527.67	3531.42
2.02745	30.5804	1526.81	3409.35
2.02745	30.5804	1525.94	3405.88
2.02745	30.5804	1525.08	3364.82
2.02745	30.5804	1524.21	3199.49
2.02745	30.5804	1523.35	3210.5
2.02745	30.5804	1522.48	3100.16
2.02745	30.5804	1521.62	3131.4
2.02745	30.5804	1520.75	3142.41
2.02745	30.5804	1519.89	2988.82
2.02745	30.5804	1519.02	2956.54
2.02745	30.5804	1518.15	3120.58
2.02745	30.5804	1517.29	2967.07
2.02745	30.5804	1516.42	2879.98
2.02745	30.5804	1515.56	2818.9
2.02745	30.5804	1514.69	2873.22
2.02745	30.5804	1513.82	2843.88
2.02745	30.5804	1512.96	2892.42
2.02745	30.5804	1512.09	2661.25
2.02745	30.5804	1511.22	2842.41
2.02745	30.5804	1510.35	2882.27
2.02745	30.5804	1509.49	2754.98
2.02745	30.5804	1508.62	2754.5
2.02745	30.5804	1507.75	2774.19
2.02745	30.5804	1506.88	2782.35
2.02745	30.5804	1506.01	2796.27
2.02745	30.5804	1505.15	2795.79
2.02745	30.5804	1504.28	2815.46
2.02745	30.5804	1503.41	2881.17
2.02745	30.5804	1502.54	2926.72
2.02745	30.5804	1501.67	2811.12
2.02745	30.5804	1500.8	2755.98
2.02745	30.5804	1499.93	2902.19
2.02745	30.5804	1499.06	2901.69
2.02745	30.5804	1498.19	2708.54
2.02745	30.5804	1497.32	2748.32
2.02745	30.5804	1496.46	2767.97
2.02745	30.5804	1495.59	2804.85
2.02745	30.5804	1494.72	2847.46
2.02745	30.5804	1493.84	2562.56
2.02745	30.5804	1492.97	2722.97
2.02745	30.5804	1492.1	2731.11
2.02745	30.5804	1491.23	2676.09
2.02745	30.5804	1490.36	2669.88
2.02745	30.5804	1489.49	2649.33
2.02745	30.5804	1488.62	2631.65
2.02745	30.5804	1487.75	2634.07
2.02745	30.5804	1486.88	2690.99
2.02745	30.5804	1486.01	2552.84
2.02745	30.5804	1485.13	2598.29
2.02745	30.5804	1484.26	2617.91
2.02745	30.5804	1483.39	2723.53
2.02745	30.5804	1482.52	2611.27
2.02745	30.5804	1481.65	2719.72
2.02745	30.5804	1480.77	2624.69
2.02745	30.5804	1479.9	2747.43
2.02745	30.5804	1479.03	2603.73
2.02745	30.5804	1478.16	2603.28
2.02745	30.5804	1477.28	2611.42
2.02745	30.5804	1476.41	2779.88
2.02745	30.5804	1475.54	2650.59
2.02745	30.5804	1474.66	2621.52
2.02745	30.5804	1473.79	2729.8
2.02745	30.5804	1472.91	2677.83
2.02745	30.5804	1472.04	2746.01
2.02745	30.5804	1471.17	2642.58
2.02745	30.5804	1470.29	2576.36
2.02745	30.5804	1469.42	2758.88
2.02745	30.5804	1468.54	2746.97
2.02745	30.5804	1467.67	2640.75
2.02745	30.5804	1466.79	2903.18
2.02745	30.5804	1465.92	2856.96
2.02745	30.5804	1465.04	2907.89
2.02745	30.5804	1464.17	2835.98
2.02745	30.5804	1463.29	2795.52
2.02745	30.5804	1462.42	2903.52
2.02745	30.5804	1461.54	2954.4
2.02745	30.5804	1460.66	3016.67
2.02745	30.5804	1459.79	2953.37
2.02745	30.5804	1458.91	2924.33
2.02745	30.5804	1458.04	2866.78
2.02745	30.5804	1457.16	3131.52
2.02745	30.5804	1456.28	3036.87
2.02745	30.5804	1455.41	2933.71
2.02745	30.5804	1454.53	3104.23
2.02745	30.5804	1453.65	3021.04
2.02745	30.5804	1452.77	2992.03
2.02745	30.5804	1451.9	3082.68
2.02745	30.5804	1451.02	3019.47
2.02745	30.5804	1450.14	3016.1
2.02745	30.5804	1449.26	2964.32
2.02745	30.5804	1448.39	3077.69
2.02745	30.5804	1447.51	3040.15
2.02745	30.5804	1446.63	2985.55
2.02745	30.5804	1445.75	2862.67
2.02745	30.5804	1444.87	2910.54
2.02745	30.5804	1443.99	2892.97
2.02745	30.5804	1443.11	2912.38
2.02745	30.5804	1442.23	2869.22
2.02745	30.5804	1441.35	2860.19
2.02745	30.5804	1440.48	2723.25
2.02745	30.5804	1439.6	2947.3
2.02745	30.5804	1438.72	2807.55
2.02745	30.5804	1437.84	2909.34
2.02745	30.5804	1436.96	2911.68
2.02745	30.5804	1436.08	2902.65
2.02745	30.5804	1435.2	2865.23
2.02745	30.5804	1434.31	2850.54
2.02745	30.5804	1433.43	2929.53
2.02745	30.5804	1432.55	2957.4
2.02745	30.5804	1431.67	2945.54
2.02745	30.5804	1430.79	2922.33
2.02745	30.5804	1429.91	2936.0
2.02745	30.5804	1429.03	2946.84
2.02745	30.5804	1428.15	2889.61
2.02745	30.5804	1427.27	2880.61
2.02745	30.5804	1426.38	2933.97
2.02745	30.5804	1425.5	2885.27
2.02745	30.5804	1424.62	2915.94
2.02745	30.5804	1423.74	2790.77
2.02745	30.5804	1422.85	2835.61
2.02745	30.5804	1421.97	2908.76
2.02745	30.5804	1421.09	2865.78
2.02745	30.5804	1420.21	2927.57
2.02745	30.5804	1419.32	2961.03
2.02745	30.5804	1418.44	2855.79
2.02745	30.5804	1417.56	2993.96
2.02745	30.5804	1416.67	2786.89
2.02745	30.5804	1415.79	2888.25
2.02745	30.5804	1414.9	2839.66
2.02745	30.5804	1414.02	2819.38
2.02745	30.5804	1413.14	3033.77
2.02745	30.5804	1412.25	2928.64
2.02745	30.5804	1411.37	2911.18
2.02745	30.5804	1410.48	2921.97
2.02745	30.5804	1409.6	3051.43
2.02745	30.5804	1408.71	2960.51
2.02745	30.5804	1407.83	2914.8
2.02745	30.5804	1406.94	2951.0
2.02745	30.5804	1406.06	3018.25
2.02745	30.5804	1405.17	2986.68
2.02745	30.5804	1404.29	2898.66
2.02745	30.5804	1403.4	2954.59
2.02745	30.5804	1402.51	3041.55
2.02745	30.5804	1401.63	3021.27
2.02745	30.5804	1400.74	2896.64
2.02745	30.5804	1399.85	2946.9
2.02745	30.5804	1398.97	3005.59
2.02745	30.5804	1398.08	2954.33
2.02745	30.5804	1397.19	2894.63
2.02745	30.5804	1396.31	2953.3
2.02745	30.5804	1395.42	2927.43
2.02745	30.5804	1394.53	2980.44
2.02745	30.5804	1393.64	2906.69
2.02745	30.5804	1392.76	2765.38
2.02745	30.5804	1391.87	2931.02
2.02745	30.5804	1390.98	3130.38
2.02745	30.5804	1390.09	2958.15
2.02745	30.5804	1389.2	2929.49
2.02745	30.5804	1388.32	3013.39
2.02745	30.5804	1387.43	3035.37
2.02745	30.5804	1386.54	2987.02
2.02745	30.5804	1385.65	3090.55
2.02745	30.5804	1384.76	3090.01
2.02745	30.5804	1383.87	3331.24
2.02745	30.5804	1382.98	3102.99
2.02745	30.5804	1382.09	3029.38
2.02745	30.5804	1381.2	3166.53
2.02745	30.5804	1380.31	3247.45
2.02745	30.5804	1379.42	3317.1
2.02745	30.5804	1378.53	3192.96
2.02745	30.5804	1377.64	3279.44
2.02745	30.5804	1376.75	3393.97
2.02745	30.5804	1375.86	3449.51
2.02745	30.5804	1374.97	3364.72
2.02745	30.5804	1374.08	3498.81
2.02745	30.5804	1373.19	3543.09
2.02745	30.5804	1372.3	3489.18
2.02745	30.5804	1371.4	3494.18
2.02745	30.5804	1370.51	3482.35
2.02745	30.5804	1369.62	3492.96
2.02745	30.5804	1368.73	3556.81
2.02745	30.5804	1367.84	3561.8
2.02745	30.5804	1366.94	3460.31
2.02745	30.5804	1366.05	3624.99
2.02745	30.5804	1365.16	3725.19
2.02745	30.5804	1364.27	3623.72
2.02745	30.5804	1363.37	3558.69
2.02745	30.5804	1362.48	3555.27
2.02745	30.5804	1361.59	3661.01
2.02745	30.5804	1360.69	3584.81
2.02745	30.5804	1359.8	3525.43
2.02745	30.5804	1358.91	3572.37
2.02745	30.5804	1358.01	3753.55
2.02745	30.5804	1357.12	3761.28
2.02745	30.5804	1356.22	3704.71
2.02745	30.5804	1355.33	3698.47
2.02745	30.5804	1354.44	3669.87
2.02745	30.5804	1353.54	3786.6
2.02745	30.5804	1352.65	3724.47
2.02745	30.5804	1351.75	3662.36
2.02745	30.5804	1350.86	3874.0
2.02745	30.5804	1349.96	3892.87
2.02745	30.5804	1349.07	3883.81
2.02745	30.5804	1348.17	3885.92
2.02745	30.5804	1347.28	3879.66
2.02745	30.5804	1346.38	3979.45
2.02745	30.5804	1345.48	3911.79
2.02745	30.5804	1344.59	3858.1
2.02745	30.5804	1343.69	3927.15
2.02745	30.5804	1342.79	4068.69
2.02745	30.5804	1341.9	4120.96
2.02745	30.5804	1341.0	4050.54
2.02745	30.5804	1340.1	4035.9
2.02745	30.5804	1339.21	4249.77
2.02745	30.5804	1338.31	4276.89
2.02745	30.5804	1337.41	4142.43
2.02745	30.5804	1336.51	4130.56
2.02745	30.5804	1335.62	4302.49
2.02745	30.5804	1334.72	4407.54
2.02745	30.5804	1333.82	4209.12
2.02745	30.5804	1332.92	4266.84
2.02745	30.5804	1332.02	4332.88
2.02745	30.5804	1331.13	4371.07
2.02745	30.5804	1330.23	4317.45
2.02745	30.5804	1329.33	4313.92
2.02745	30.5804	1328.43	4510.6
2.02745	30.5804	1327.53	4576.54
2.02745	30.5804	1326.63	4472.89
2.02745	30.5804	1325.73	4374.82
2.02745	30.5804	1324.83	4440.75
2.02745	30.5804	1323.93	4567.78
2.02745	30.5804	1323.03	4472.53
2.02745	30.5804	1322.13	4410.64
2.02745	30.5804	1321.23	4484.85
2.02745	30.5804	1320.33	4461.85
2.02745	30.5804	1319.43	4522.14
2.02745	30.5804	1318.53	4335.39
2.02745	30.5804	1317.63	4395.68
2.02745	30.5804	1316.73	4419.88
2.02745	30.5804	1315.83	4549.49
2.02745	30.5804	1314.93	4301.84
2.02745	30.5804	1314.02	4359.33
2.02745	30.5804	1313.12	4333.61
2.02745	30.5804	1312.22	4363.34
2.02745	30.5804	1311.32	4373.66
2.02745	30.5804	1310.42	4273.14
2.02745	30.5804	1309.51	4133.85
2.02745	30.5804	1308.61	4365.83
2.02745	30.5804	1307.71	4154.56
2.02745	30.5804	1306.81	4206.45
2.02745	30.5804	1305.9	4219.56
2.02745	30.5804	1305.0	4246.5
2.02745	30.5804	1304.1	4226.38
2.02745	30.5804	1303.19	4043.0
2.02745	30.5804	1302.29	4357.7
2.02745	30.5804	1301.39	4207.56
2.02745	30.5804	1300.48	4090.66
2.02745	30.5804	1299.58	4095.47
2.02745	30.5804	1298.67	4114.1
2.02745	30.5804	1297.77	4143.79
2.02745	30.5804	1296.86	3999.34
2.02745	30.5804	1295.96	4040.09
2.02745	30.5804	1295.06	3973.07
2.02745	30.5804	1294.15	4080.11
2.02745	30.5804	1293.25	3891.58
2.02745	30.5804	1292.34	3816.34
2.02745	30.5804	1291.43	3796.34
2.02745	30.5804	1290.53	3919.9
2.02745	30.5804	1289.62	3839.17
2.02745	30.5804	1288.72	3857.81
2.02745	30.5804	1287.81	3898.52
2.02745	30.5804	1286.9	3870.25
2.02745	30.5804	1286.0	3844.75
2.02745	30.5804	1285.09	3678.62
2.02745	30.5804	1284.18	3702.79
2.02745	30.5804	1283.28	3815.16
2.02745	30.5804	1282.37	3676.68
2.02745	30.5804	1281.46	3653.99
2.02745	30.5804	1280.56	3595.49
2.02745	30.5804	1279.65	3583.84
2.02745	30.5804	1278.74	3613.51
2.02745	30.5804	1277.83	3494.46
2.02745	30.5804	1276.93	3568.18
2.02745	30.5804	1276.02	3501.49
2.02745	30.5804	1275.11	3335.74
2.02745	30.5804	1274.2	3370.93
2.02745	30.5804	1273.29	3373.09
2.02745	30.5804	1272.38	3532.04
2.02745	30.5804	1271.47	3451.66
2.02745	30.5804	1270.56	3346.56
2.02745	30.5804	1269.66	3384.46
2.02745	30.5804	1268.75	3408.61
2.02745	30.5804	1267.84	3366.78
2.02745	30.5804	1266.93	3294.74
2.02745	30.5804	1266.02	3272.18
2.02745	30.5804	1265.11	3345.78
2.02745	30.5804	1264.2	3331.46
2.02745	30.5804	1263.29	3215.54
2.02745	30.5804	1262.38	3311.07
2.02745	30.5804	1261.46	3313.23
2.02745	30.5804	1260.55	3400.47
2.02745	30.5804	1259.64	3309.32
2.02745	30.5804	1258.73	3281.3
2.02745	30.5804	1257.82	3272.49
2.02745	30.5804	1256.91	3271.92
2.02745	30.5804	1256.0	3156.17
2.02745	30.5804	1255.08	3059.66
2.02745	30.5804	1254.17	3330.5
2.02745	30.5804	1253.26	3107.92
2.02745	30.5804	1252.35	3071.75
2.02745	30.5804	1251.44	3005.45
2.02745	30.5804	1250.52	3051.49
2.02745	30.5804	1249.61	2985.22
2.02745	30.5804	1248.7	2965.53
2.02745	30.5804	1247.78	2932.15
2.02745	30.5804	1246.87	2898.79
2.02745	30.5804	1245.96	2936.6
2.02745	30.5804	1245.04	2960.7
2.02745	30.5804	1244.13	2820.66
2.02745	30.5804	1243.22	2943.25
2.02745	30.5804	1242.3	2975.55
2.02745	30.5804	1241.39	3029.71
2.02745	30.5804	1240.47	2982.7
2.02745	30.5804	1239.56	2815.44
2.02745	30.5804	1238.64	2916.06
2.02745	30.5804	1237.73	2830.84
2.02745	30.5804	1236.81	2789.36
2.02745	30.5804	1235.9	2838.04
2.02745	30.5804	1234.98	2859.39
2.02745	30.5804	1234.07	2730.55
2.02745	30.5804	1233.15	2749.17
2.02745	30.5804	1232.24	2729.58
2.02745	30.5804	1231.32	2786.41
2.02745	30.5804	1230.4	2725.89
2.02745	30.5804	1229.49	2649.02
2.02745	30.5804	1228.57	2793.12
2.02745	30.5804	1227.65	2727.18
2.02745	30.5804	1226.74	2762.14
2.02745	30.5804	1225.82	2589.9
2.02745	30.5804	1224.9	2641.24
2.02745	30.5804	1223.99	2807.01
2.02745	30.5804	1223.07	2604.88
2.02745	30.5804	1222.15	2598.97
2.02745	30.5804	1221.23	2606.69
2.02745	30.5804	1220.31	2622.57
2.02745	30.5804	1219.4	2701.07
2.02745	30.5804	1218.48	2597.14
2.02745	30.5804	1217.56	2675.62
2.02745	30.5804	1216.64	2705.08
2.02745	30.5804	1215.72	2761.74
2.02745	30.5804	1214.8	2527.3
2.02745	30.5804	1213.88	2700.93
2.02745	30.5804	1212.96	2733.08
2.02745	30.5804	1212.05	2621.12
2.02745	30.5804	1211.13	2626.1
2.02745	30.5804	1210.21	2677.28
2.02745	30.5804	1209.29	2630.6
2.02745	30.5804	1208.37	2725.24
2.02745	30.5804	1207.45	2607.94
2.02745	30.5804	1206.53	2566.74
2.02745	30.5804	1205.6	2639.61
2.02745	30.5804	1204.68	2647.29
2.02745	30.5804	1203.76	2568.09
2.02745	30.5804	1202.84	2630.07
2.02745	30.5804	1201.92	2700.16
2.02745	30.5804	1201.0	2715.96
2.02745	30.5804	1200.08	2609.68
2.02745	30.5804	1199.16	2639.06
2.02745	30.5804	1198.23	2644.02
2.02745	30.5804	1197.31	2676.08
2.02745	30.5804	1196.39	2651.21
2.02745	30.5804	1195.47	2582.98
2.02745	30.5804	1194.54	2709.89
2.02745	30.5804	1193.62	2663.35
2.02745	30.5804	1192.7	2578.91
2.02745	30.5804	1191.78	2629.91
2.02745	30.5804	1190.85	2632.15
2.02745	30.5804	1189.93	2564.0
2.02745	30.5804	1189.01	2652.88
2.02745	30.5804	1188.08	2587.45
2.02745	30.5804	1187.16	2649.23
2.02745	30.5804	1186.23	2648.77
2.02745	30.5804	1185.31	2623.95
2.02745	30.5804	1184.39	2563.98
2.02745	30.5804	1183.46	2612.21
2.02745	30.5804	1182.54	2687.45
2.02745	30.5804	1181.61	2495.04
2.02745	30.5804	1180.69	2516.22
2.02745	30.5804	1179.76	2591.44
2.02745	30.5804	1178.84	2558.56
2.02745	30.5804	1177.91	2439.25
2.02745	30.5804	1176.99	2422.62
2.02745	30.5804	1176.06	2532.9
2.02745	30.5804	1175.13	2429.86
2.02745	30.5804	1174.21	2515.81
2.02745	30.5804	1173.28	2439.79
2.02745	30.5804	1172.35	2555.39
2.02745	30.5804	1171.43	2411.95
2.02745	30.5804	1170.5	2449.29
2.02745	30.5804	1169.57	2322.09
2.02745	30.5804	1168.65	2426.85
2.02745	30.5804	1167.72	2391.37
2.02745	30.5804	1166.79	2331.64
2.02745	30.5804	1165.86	2409.39
2.02745	30.5804	1164.94	2360.46
2.02745	30.5804	1164.01	2446.25
2.02745	30.5804	1163.08	2354.23
2.02745	30.5804	1162.15	2356.51
2.02745	30.5804	1161.22	2471.88
2.02745	30.5804	1160.3	2447.21
2.02745	30.5804	1159.37	2422.55
2.02745	30.5804	1158.44	2400.59
2.02745	30.5804	1157.51	2402.85
2.02745	30.5804	1156.58	2496.59
2.02745	30.5804	1155.65	2420.83
2.02745	30.5804	1154.72	2396.2
2.02745	30.5804	1153.79	2484.51
2.02745	30.5804	1152.86	2446.43
2.02745	30.5804	1151.93	2413.74
2.02745	30.5804	1151.0	2475.12
2.02745	30.5804	1150.07	2442.44
2.02745	30.5804	1149.14	2624.69
2.02745	30.5804	1148.21	2489.92
2.02745	30.5804	1147.28	2392.8
2.02745	30.5804	1146.35	2446.08
2.02745	30.5804	1145.42	2413.43
2.02745	30.5804	1144.48	2423.73
2.02745	30.5804	1143.55	2369.63
2.02745	30.5804	1142.62	2393.36
2.02745	30.5804	1141.69	2508.29
2.02745	30.5804	1140.76	2478.34
2.02745	30.5804	1139.82	2429.63
2.02745	30.5804	1138.89	2445.29
2.02745	30.5804	1137.96	2554.76
2.02745	30.5804	1137.03	2532.87
2.02745	30.5804	1136.09	2452.02
2.02745	30.5804	1135.16	2561.44
2.02745	30.5804	1134.23	2577.06
2.02745	30.5804	1133.29	2418.58
2.02745	30.5804	1132.36	2356.55
2.02745	30.5804	1131.43	2377.56
2.02745	30.5804	1130.49	2393.19
2.02745	30.5804	1129.56	2382.06
2.02745	30.5804	1128.62	2312.06
2.02745	30.5804	1127.69	2378.54
2.02745	30.5804	1126.76	2372.77
2.02745	30.5804	1125.82	2340.25
2.02745	30.5804	1124.89	2246.24
2.02745	30.5804	1123.95	2424.98
2.02745	30.5804	1123.02	2339.0
2.02745	30.5804	1122.08	2362.64
2.02745	30.5804	1121.14	2260.68
2.02745	30.5804	1120.21	2343.1
2.02745	30.5804	1119.27	2348.03
2.02745	30.5804	1118.34	2299.53
2.02745	30.5804	1117.4	2291.11
2.02745	30.5804	1116.46	2189.25
2.02745	30.5804	1115.53	2292.97
2.02745	30.5804	1114.59	2204.49
2.02745	30.5804	1113.65	2193.42
2.02745	30.5804	1112.72	2185.03
2.02745	30.5804	1111.78	2203.31
2.02745	30.5804	1110.84	2229.59
2.02745	30.5804	1109.9	2191.86
2.02745	30.5804	1108.97	2202.14
2.02745	30.5804	1108.03	2191.08
2.02745	30.5804	1107.09	2259.98
2.02745	30.5804	1106.15	2123.69
2.02745	30.5804	1105.21	2240.53
2.02745	30.5804	1104.28	2216.16
2.02745	30.5804	1103.34	2290.33
2.02745	30.5804	1102.4	2202.06
2.02745	30.5804	1101.46	2217.64
2.02745	30.5804	1100.52	2366.3
2.02745	30.5804	1099.58	2294.03
2.02745	30.5804	1098.64	2189.85
2.02745	30.5804	1097.7	2247.98
2.02745	30.5804	1096.76	2290.14
2.02745	30.5804	1095.82	2356.22
2.02745	30.5804	1094.88	2345.16
2.02745	30.5804	1093.94	2203.85
2.02745	30.5804	1093.0	2331.04
2.02745	30.5804	1092.06	2354.54
2.02745	30.5804	1091.12	2322.23
2.02745	30.5804	1090.18	2345.73
2.02745	30.5804	1089.24	2385.15
2.02745	30.5804	1088.3	2382.07
2.02745	30.5804	1087.35	2272.79
2.02745	30.5804	1086.41	2365.29
2.02745	30.5804	1085.47	2407.34
2.02745	30.5804	1084.53	2319.34
2.02745	30.5804	1083.59	2356.07
2.02745	30.5804	1082.64	2326.47
2.02745	30.5804	1081.7	2347.27
2.02745	30.5804	1080.76	2415.8
2.02745	30.5804	1079.81	2221.82
2.02745	30.5804	1078.87	2385.78
2.02745	30.5804	1077.93	2348.25
2.02745	30.5804	1076.99	2403.48
2.02745	30.5804	1076.04	2405.7
2.02745	30.5804	1075.1	2442.36
2.02745	30.5804	1074.15	2555.81
2.02745	30.5804	1073.21	2444.13
2.02745	30.5804	1072.27	2507.24
2.02745	30.5804	1071.32	2461.79
2.02745	30.5804	1070.38	2715.43
2.02745	30.5804	1069.43	2479.43
2.02745	30.5804	1068.49	2465.76
2.02745	30.5804	1067.54	2684.87
2.02745	30.5804	1066.6	2647.37
2.02745	30.5804	1065.65	2580.79
2.02745	30.5804	1064.71	2746.89
2.02745	30.5804	1063.76	2801.91
2.02745	30.5804	1062.81	2912.41
2.02745	30.5804	1061.87	3025.51
2.02745	30.5804	1060.92	3320.86
2.02745	30.5804	1059.97	3565.92
2.02745	30.5804	1059.03	3890.12
2.02745	30.5804	1058.08	4190.44
2.02745	30.5804	1057.13	4392.97
2.02745	30.5804	1056.19	4935.93
2.02745	30.5804	1055.24	4961.44
2.02745	30.5804	1054.29	4694.05
2.02745	30.5804	1053.34	4706.4
2.02745	30.5804	1052.4	4874.37
2.02745	30.5804	1051.45	4646.7
2.02745	30.5804	1050.5	4260.91
2.02745	30.5804	1049.55	4043.98
2.02745	30.5804	1048.6	3734.87
2.02745	30.5804	1047.66	3528.65
2.02745	30.5804	1046.71	3256.64
2.02745	30.5804	1045.76	2963.64
2.02745	30.5804	1044.81	2978.91
2.02745	30.5804	1043.86	2757.18
2.02745	30.5804	1042.91	2530.25
2.02745	30.5804	1041.96	2579.81
2.02745	30.5804	1041.01	2524.08
2.02745	30.5804	1040.06	2478.89
2.02745	30.5804	1039.11	2378.47
2.02745	30.5804	1038.16	2343.85
2.02745	30.5804	1037.21	2364.47
2.02745	30.5804	1036.26	2371.94
2.02745	30.5804	1035.31	2292.64
2.02745	30.5804	1034.36	2334.28
2.02745	30.5804	1033.4	2394.32
2.02745	30.5804	1032.45	2257.24
2.02745	30.5804	1031.5	2206.92
2.02745	30.5804	1030.55	2364.14
2.02745	30.5804	1029.6	2303.31
2.02745	30.5804	1028.65	2245.12
2.02745	30.5804	1027.69	2210.59
2.02745	30.5804	1026.74	2233.82
2.02745	30.5804	1025.79	2257.04
2.02745	30.5804	1024.84	2188.41
2.02745	30.5804	1023.88	2164.41
2.02745	30.5804	1022.93	2158.78
2.02745	30.5804	1021.98	2168.88
2.02745	30.5804	1021.02	2205.2
2.02745	30.5804	1020.07	2073.72
2.02745	30.5804	1019.12	2172.96
2.02745	30.5804	1018.16	2151.6
2.02745	30.5804	1017.21	2161.7
2.02745	30.5804	1016.25	2142.97
2.02745	30.5804	1015.3	2166.16
2.02745	30.5804	1014.34	2163.15
2.02745	30.5804	1013.39	2139.2
2.02745	30.5804	1012.44	2144.05
2.02745	30.5804	1011.48	2277.16
2.02745	30.5804	1010.52	2030.76
2.02745	30.5804	1009.57	2116.74
2.02745	30.5804	1008.61	2113.74
2.02745	30.5804	1007.66	2168.29
2.02745	30.5804	1006.7	2207.12
2.02745	30.5804	1005.75	2081.23
2.02745	30.5804	1004.79	2005.04
2.02745	30.5804	1003.83	2137.98
2.02745	30.5804	1002.88	2072.27
2.02745	30.5804	1001.92	2087.57
2.02745	30.5804	1000.96	2147.28
2.02745	30.5804	1000.0	2214.8
2.02745	30.5804	999.048	2232.68
2.02745	30.5804	998.09	2153.96
2.02745	30.5804	997.132	2226.66
2.02745	30.5804	996.174	2236.7
2.02745	30.5804	995.216	2228.47
2.02745	30.5804	994.258	2241.12
2.02745	30.5804	993.3	2258.97
2.02745	30.5804	992.341	2339.42
2.02745	30.5804	991.382	2263.38
2.02745	30.5804	990.423	2208.22
2.02745	30.5804	989.4639999999999	2275.6
2.02745	30.5804	988.505	2197.0
2.02745	30.5804	987.546	2084.56
2.02745	30.5804	986.586	2141.51
2.02745	30.5804	985.6260000000001	2169.77
2.02745	30.5804	984.666	2226.68
2.02745	30.5804	983.706	2070.05
2.02745	30.5804	982.7460000000001	2124.35
2.02745	30.5804	981.785	2144.79
2.02745	30.5804	980.825	2141.8
2.02745	30.5804	979.8639999999999	2091.98
2.02745	30.5804	978.903	2120.22
2.02745	30.5804	977.942	2052.21
2.02745	30.5804	976.9810000000001	2049.24
2.02745	30.5804	976.0189999999999	2134.68
2.02745	30.5804	975.057	2079.7
2.02745	30.5804	974.095	2149.5
2.02745	30.5804	973.133	2055.57
2.02745	30.5804	972.171	2107.16
2.02745	30.5804	971.209	2111.98
2.02745	30.5804	970.2460000000001	2093.42
2.02745	30.5804	969.284	2103.43
2.02745	30.5804	968.321	2066.7
2.02745	30.5804	967.3580000000001	2110.46
2.02745	30.5804	966.3939999999999	2226.87
2.02745	30.5804	965.431	2203.12
2.02745	30.5804	964.467	2049.65
2.02745	30.5804	963.5039999999999	2101.16
2.02745	30.5804	962.54	2160.43
2.02745	30.5804	961.576	2139.3
2.02745	30.5804	960.6110000000001	2128.54
2.02745	30.5804	959.6469999999999	2174.82
2.02745	30.5804	958.682	2184.79
2.02745	30.5804	957.7180000000001	2145.53
2.02745	30.5804	956.753	2165.87
2.02745	30.5804	955.7869999999999	2199.16
2.02745	30.5804	954.822	2175.45
2.02745	30.5804	953.857	2193.19
2.02745	30.5804	952.8910000000001	2153.96
2.02745	30.5804	951.925	2078.5
2.02745	30.5804	950.959	2207.53
2.02745	30.5804	949.993	2142.44
2.02745	30.5804	949.0269999999999	2118.77
2.02745	30.5804	948.06	2201.16
2.02745	30.5804	947.0930000000001	2143.87
2.02745	30.5804	946.1260000000001	2109.87
2.02745	30.5804	945.159	2194.8
2.02745	30.5804	944.192	2122.04
2.02745	30.5804	943.225	1992.44
2.02745	30.5804	942.257	2033.42
2.02745	30.5804	941.289	2105.39
2.02745	30.5804	940.321	2081.76
2.02745	30.5804	939.3530000000001	1991.01
2.02745	30.5804	938.385	2031.96
2.02745	30.5804	937.4169999999999	2052.24
2.02745	30.5804	936.448	2162.86
2.02745	30.5804	935.4789999999999	2054.08
2.02745	30.5804	934.51	2002.11
2.02745	30.5804	933.541	2246.81
2.02745	30.5804	932.572	2125.19
2.02745	30.5804	931.602	2145.43
2.02745	30.5804	930.633	2072.86
2.02745	30.5804	929.663	2085.37
2.02745	30.5804	928.693	2097.88
2.02745	30.5804	927.7230000000001	2120.7
2.02745	30.5804	926.752	2089.4
2.02745	30.5804	925.7819999999999	2052.96
2.02745	30.5804	924.811	2116.97
2.02745	30.5804	923.84	2129.47
2.02745	30.5804	922.8689999999999	2015.8
2.02745	30.5804	921.898	2113.25
2.02745	30.5804	920.926	1989.34
2.02745	30.5804	919.955	2161.38
2.02745	30.5804	918.9830000000001	2055.51
2.02745	30.5804	918.0110000000001	1990.84
2.02745	30.5804	917.039	2129.35
2.02745	30.5804	916.066	2026.11
2.02745	30.5804	915.0939999999999	2113.15
2.02745	30.5804	914.1210000000001	2107.63
2.02745	30.5804	913.148	2025.02
2.02745	30.5804	912.175	1978.4
2.02745	30.5804	911.202	2088.51
2.02745	30.5804	910.2289999999999	1975.12
2.02745	30.5804	909.255	1959.36
2.02745	30.5804	908.2819999999999	2010.35
2.02745	30.5804	907.308	2056.2
2.02745	30.5804	906.334	1999.36
2.02745	30.5804	905.36	1973.34
2.02745	30.5804	904.385	2008.9
2.02745	30.5804	903.4110000000001	2100.88
2.02745	30.5804	902.436	1985.09
2.02745	30.5804	901.461	1997.55
2.02745	30.5804	900.4860000000001	1958.74
2.02745	30.5804	899.51	2073.73
2.02745	30.5804	898.535	2073.36
2.02745	30.5804	897.559	2078.11
2.02745	30.5804	896.5830000000001	2080.29
2.02745	30.5804	895.607	2182.38
2.02745	30.5804	894.6310000000001	2158.93
2.02745	30.5804	893.655	2122.69
2.02745	30.5804	892.678	2153.03
2.02745	30.5804	891.702	2229.43
2.02745	30.5804	890.725	2223.91
2.02745	30.5804	889.748	2116.04
2.02745	30.5804	888.77	2256.36
2.02745	30.5804	887.793	2212.47
2.02745	30.5804	886.815	2229.97
2.02745	30.5804	885.8380000000001	2109.4
2.02745	30.5804	884.86	2101.34
2.02745	30.5804	883.882	2131.64
2.02745	30.5804	882.903	2082.7
2.02745	30.5804	881.925	2072.1
2.02745	30.5804	880.946	2023.19
2.02745	30.5804	879.967	2015.16
2.02745	30.5804	878.988	1999.47
2.02745	30.5804	878.0089999999999	2075.71
2.02745	30.5804	877.03	1968.12
2.02745	30.5804	876.05	1960.1
2.02745	30.5804	875.071	1995.47
2.02745	30.5804	874.091	1905.82
2.02745	30.5804	873.1110000000001	1915.67
2.02745	30.5804	872.13	1900.03
2.02745	30.5804	871.15	1892.03
2.02745	30.5804	870.169	1912.08
2.02745	30.5804	869.189	1985.66
2.02745	30.5804	868.2080000000001	1964.91
2.02745	30.5804	867.2260000000001	1992.58
2.02745	30.5804	866.245	1897.96
2.02745	30.5804	865.2639999999999	1900.16
2.02745	30.5804	864.2819999999999	1935.47
2.02745	30.5804	863.3	1930.03
2.02745	30.5804	862.318	2059.51
2.02745	30.5804	861.336	1957.33
2.02745	30.5804	860.3530000000001	1900.99
2.02745	30.5804	859.3710000000001	2010.05
2.02745	30.5804	858.388	1956.26
2.02745	30.5804	857.405	1999.15
2.02745	30.5804	856.422	2021.67
2.02745	30.5804	855.439	2089.95
2.02745	30.5804	854.455	2084.49
2.02745	30.5804	853.472	2056.15
2.02745	30.5804	852.488	2017.66
2.02745	30.5804	851.5039999999999	2151.95
2.02745	30.5804	850.52	2065.2
2.02745	30.5804	849.535	2158.79
2.02745	30.5804	848.551	2188.87
2.02745	30.5804	847.566	2244.33
2.02745	30.5804	846.581	2142.39
2.02745	30.5804	845.596	2045.56
2.02745	30.5804	844.6110000000001	2121.31
2.02745	30.5804	843.6260000000001	2105.7
2.02745	30.5804	842.64	1973.42
2.02745	30.5804	841.654	1957.85
2.02745	30.5804	840.668	2013.27
2.02745	30.5804	839.682	2002.77
2.02745	30.5804	838.696	1888.34
2.02745	30.5804	837.709	1961.49
2.02745	30.5804	836.7230000000001	1872.46
2.02745	30.5804	835.7360000000001	1887.32
2.02745	30.5804	834.7489999999999	1876.84
2.02745	30.5804	833.762	1876.5
2.02745	30.5804	832.7739999999999	1896.41
2.02745	30.5804	831.7869999999999	1941.64
2.02745	30.5804	830.799	1953.94
2.02745	30.5804	829.811	1875.14
2.02745	30.5804	828.823	1829.25
2.02745	30.5804	827.835	1902.28
2.02745	30.5804	826.846	1901.94
2.02745	30.5804	825.857	1949.64
2.02745	30.5804	824.8689999999999	1929.05
2.02745	30.5804	823.88	1928.7
2.02745	30.5804	822.89	1951.1
2.02745	30.5804	821.9010000000001	2016.44
2.02745	30.5804	820.9119999999999	1945.34
2.02745	30.5804	819.922	1965.19
2.02745	30.5804	818.932	1899.17
2.02745	30.5804	817.942	1997.3
2.02745	30.5804	816.952	1941.4
2.02745	30.5804	815.961	2026.86
2.02745	30.5804	814.971	1920.5
2.02745	30.5804	813.98	1849.5
2.02745	30.5804	812.9889999999999	1836.55
2.02745	30.5804	811.998	1974.94
2.02745	30.5804	811.0060000000001	1961.98
2.02745	30.5804	810.015	1901.11
2.02745	30.5804	809.023	1938.57
2.02745	30.5804	808.0310000000001	1852.53
2.02745	30.5804	807.039	1837.07
2.02745	30.5804	806.047	1879.57
2.02745	30.5804	805.054	1841.44
2.02745	30.5804	804.062	1846.14
2.02745	30.5804	803.069	1838.25
2.02745	30.5804	802.076	1875.68
2.02745	30.5804	801.0830000000001	1767.1
2.02745	30.5804	800.0889999999999	1854.86
2.02745	30.5804	799.096	1852.01
2.02745	30.5804	798.102	1829.03
2.02745	30.5804	797.1080000000001	1858.88
2.02745	30.5804	796.1139999999999	1798.18
2.02745	30.5804	795.12	1883.35
2.02745	30.5804	794.1260000000001	1857.86
2.02745	30.5804	793.1310000000001	1842.45
2.02745	30.5804	792.1360000000001	1804.41
2.02745	30.5804	791.1410000000001	1892.03
2.02745	30.5804	790.1460000000001	1899.22
2.02745	30.5804	789.1510000000001	1856.17
2.02745	30.5804	788.155	1918.62
2.02745	30.5804	787.16	1855.5
2.02745	30.5804	786.164	1774.83
2.02745	30.5804	785.168	1842.27
2.02745	30.5804	784.171	1816.84
2.02745	30.5804	783.175	1859.16
2.02745	30.5804	782.178	1914.01
2.02745	30.5804	781.182	1878.55
2.02745	30.5804	780.185	1943.4
2.02745	30.5804	779.188	1978.15
2.02745	30.5804	778.19	1945.2
2.02745	30.5804	777.193	1952.37
2.02745	30.5804	776.195	1931.96
2.02745	30.5804	775.197	1871.48
2.02745	30.5804	774.199	1996.38
2.02745	30.5804	773.201	1940.92
2.02745	30.5804	772.202	1892.99
2.02745	30.5804	771.204	1935.21
2.02745	30.5804	770.205	1904.82
2.02745	30.5804	769.206	1969.54
2.02745	30.5804	768.207	1999.2
2.02745	30.5804	767.2080000000001	1923.79
2.02745	30.5804	766.2080000000001	1978.46
2.02745	30.5804	765.2080000000001	1920.59
2.02745	30.5804	764.209	1972.74
2.02745	30.5804	763.2080000000001	1932.38
2.02745	30.5804	762.2080000000001	2067.0
2.02745	30.5804	761.2080000000001	1994.15
2.02745	30.5804	760.207	1988.79
2.02745	30.5804	759.206	1908.49
2.02745	30.5804	758.205	1995.56
2.02745	30.5804	757.204	2005.18
2.02745	30.5804	756.203	1989.83
2.02745	30.5804	755.201	2126.76
2.02745	30.5804	754.2	2153.83
2.02745	30.5804	753.198	2150.94
2.02745	30.5804	752.196	2158.03
2.02745	30.5804	751.193	2234.96
2.02745	30.5804	750.191	2291.91
2.02745	30.5804	749.188	2316.43
2.02745	30.5804	748.186	2383.31
2.02745	30.5804	747.183	2372.91
2.02745	30.5804	746.179	2372.47
2.02745	30.5804	745.176	2529.01
2.02745	30.5804	744.173	2399.01
2.02745	30.5804	743.169	2545.52
2.02745	30.5804	742.165	2393.15
2.02745	30.5804	741.1610000000001	2370.31
2.02745	30.5804	740.1569999999999	2429.62
2.02745	30.5804	739.1519999999999	2394.33
2.02745	30.5804	738.1469999999999	2401.35
2.02745	30.5804	737.143	2321.3
2.02745	30.5804	736.138	2460.18
2.02745	30.5804	735.132	2529.37
2.02745	30.5804	734.127	2491.6
2.02745	30.5804	733.122	2538.38
2.02745	30.5804	732.1160000000001	2600.06
2.02745	30.5804	731.11	2599.59
2.02745	30.5804	730.1039999999999	2678.62
2.02745	30.5804	729.097	2762.6
2.02745	30.5804	728.091	2896.23
2.02745	30.5804	727.084	2798.84
2.02745	30.5804	726.077	2793.36
2.02745	30.5804	725.07	2753.13
2.02745	30.5804	724.063	2824.61
2.02745	30.5804	723.056	2640.45
2.02745	30.5804	722.048	2630.04
2.02745	30.5804	721.04	2679.17
2.02745	30.5804	720.0319999999999	2619.16
2.02745	30.5804	719.0239999999999	2593.88
2.02745	30.5804	718.0160000000001	2543.82
2.02745	30.5804	717.007	2530.96
2.02745	30.5804	715.9989999999999	2401.61
2.02745	30.5804	714.99	2435.87
2.02745	30.5804	713.9810000000001	2435.42
2.02745	30.5804	712.972	2328.46
2.02745	30.5804	711.962	2273.55
2.02745	30.5804	710.953	2208.75
2.02745	30.5804	709.943	2304.9
2.02745	30.5804	708.933	2195.56
2.02745	30.5804	707.923	2049.15
2.02745	30.5804	706.9119999999999	2217.03
2.02745	30.5804	705.9019999999999	2159.72
2.02745	30.5804	704.8910000000001	2095.01
2.02745	30.5804	703.88	2215.81
2.02745	30.5804	702.8689999999999	2173.37
2.02745	30.5804	701.8580000000001	2140.83
2.02745	30.5804	700.846	2066.29
2.02745	30.5804	699.834	2142.52
2.02745	30.5804	698.823	2154.48
2.02745	30.5804	697.811	2082.44
2.02745	30.5804	696.798	2116.64
2.02745	30.5804	695.7860000000001	2177.99
2.02745	30.5804	694.773	2086.24
2.02745	30.5804	693.7610000000001	2075.98
2.02745	30.5804	692.748	2090.41
2.02745	30.5804	691.7339999999999	2030.8
2.02745	30.5804	690.721	2052.63
2.02745	30.5804	689.7080000000001	1951.12
2.02745	30.5804	688.694	1955.7
2.02745	30.5804	687.68	2039.17
2.02745	30.5804	686.666	1954.98
2.02745	30.5804	685.6519999999999	2035.96
2.02745	30.5804	684.637	1937.01
2.02745	30.5804	683.623	1983.47
2.02745	30.5804	682.6080000000001	1968.32
2.02745	30.5804	681.5930000000001	1997.52
2.02745	30.5804	680.578	1977.45
2.02745	30.5804	679.562	1996.78
2.02745	30.5804	678.547	1875.79
2.02745	30.5804	677.5310000000001	1828.69
2.02745	30.5804	676.515	1990.76
2.02745	30.5804	675.4989999999999	1909.21
2.02745	30.5804	674.482	1800.62
2.02745	30.5804	673.466	1896.21
2.02745	30.5804	672.449	1964.71
2.02745	30.5804	671.432	1851.26
2.02745	30.5804	670.415	1757.51
2.02745	30.5804	669.398	1914.47
2.02745	30.5804	668.3810000000001	1904.29
2.02745	30.5804	667.363	1849.89
2.02745	30.5804	666.345	1906.05
2.02745	30.5804	665.327	2016.21
2.02745	30.5804	664.309	2023.2
2.02745	30.5804	663.291	1924.64
2.02745	30.5804	662.2719999999999	1990.55
2.02745	30.5804	661.253	2122.7
2.02745	30.5804	660.2339999999999	1999.63
2.02745	30.5804	659.215	2055.69
2.02745	30.5804	658.196	2175.49
2.02745	30.5804	657.176	2133.4
2.02745	30.5804	656.1569999999999	2071.71
2.02745	30.5804	655.137	2081.14
2.02745	30.5804	654.117	2119.97
2.02745	30.5804	653.097	2055.87
2.02745	30.5804	652.076	2072.64
2.02745	30.5804	651.056	2042.86
2.02745	30.5804	650.035	2191.88
2.02745	30.5804	649.014	2020.07
2.02745	30.5804	647.993	2071.11
2.02745	30.5804	646.971	2227.38
2.02745	30.5804	645.95	2278.36
2.02745	30.5804	644.928	2246.14
2.02745	30.5804	643.906	2150.32
2.02745	30.5804	642.884	2093.66
2.02745	30.5804	641.861	2107.95
2.02745	30.5804	640.839	2114.9
2.02745	30.5804	639.816	2090.06
2.02745	30.5804	638.793	2097.01
2.02745	30.5804	637.77	2037.98
2.02745	30.5804	636.747	2125.55
2.02745	30.5804	635.724	2034.78
2.02745	30.5804	634.7	2078.37
2.02745	30.5804	633.6759999999999	2087.75
2.02745	30.5804	632.6519999999999	1992.15
2.02745	30.5804	631.628	1979.58
2.02745	30.5804	630.6030000000001	2064.63
2.02745	30.5804	629.5790000000001	2034.97
2.02745	30.5804	628.554	2022.4
2.02745	30.5804	627.529	2002.51
2.02745	30.5804	626.504	2021.65
2.02745	30.5804	625.479	2004.21
2.02745	30.5804	624.453	2091.6
2.02745	30.5804	623.427	2013.22
2.02745	30.5804	622.401	1942.18
2.02745	30.5804	621.375	2095.32
2.02745	30.5804	620.349	2094.93
2.02745	30.5804	619.323	1975.2
2.02745	30.5804	618.2959999999999	1957.79
2.02745	30.5804	617.269	2013.43
2.02745	30.5804	616.242	1993.58
2.02745	30.5804	615.215	1998.08
2.02745	30.5804	614.187	2000.15
2.02745	30.5804	613.16	2046.0
2.02745	30.5804	612.132	2028.6
2.02745	30.5804	611.104	2011.2
2.02745	30.5804	610.076	2049.73
2.02745	30.5804	609.047	2117.42
2.02745	30.5804	608.019	2053.84
2.02745	30.5804	606.99	2092.34
2.02745	30.5804	605.961	2138.12
2.02745	30.5804	604.932	2062.41
2.02745	30.5804	603.903	1947.88
2.02745	30.5804	602.873	2003.37
2.02745	30.5804	601.844	2075.84
2.02745	30.5804	600.814	2111.87
