3.69257	5.13478	1799.31	794.576
3.69257	5.13478	1798.5	818.8860000000001
3.69257	5.13478	1797.68	840.133
3.69257	5.13478	1796.86	791.1189999999999
3.69257	5.13478	1796.04	775.716
3.69257	5.13478	1795.22	812.2260000000001
3.69257	5.13478	1794.4	805.9830000000001
3.69257	5.13478	1793.58	744.798
3.69257	5.13478	1792.76	787.3989999999999
3.69257	5.13478	1791.94	768.9580000000001
3.69257	5.13478	1791.13	747.472
3.69257	5.13478	1790.31	802.252
3.69257	5.13478	1789.49	756.3689999999999
3.69257	5.13478	1788.67	783.685
3.69257	5.13478	1787.85	768.309
3.69257	5.13478	1787.03	810.855
3.69257	5.13478	1786.21	853.388
3.69257	5.13478	1785.39	819.7230000000001
3.69257	5.13478	1784.56	798.257
3.69257	5.13478	1783.74	810.308
3.69257	5.13478	1782.92	810.171
3.69257	5.13478	1782.1	791.762
3.69257	5.13478	1781.28	761.181
3.69257	5.13478	1780.46	846.29
3.69257	5.13478	1779.64	806.579
3.69257	5.13478	1778.82	797.313
3.69257	5.13478	1778.0	845.8610000000001
3.69257	5.13478	1777.17	818.3389999999999
3.69257	5.13478	1776.35	806.034
3.69257	5.13478	1775.53	863.679
3.69257	5.13478	1774.71	817.924
3.69257	5.13478	1773.89	784.3439999999999
3.69257	5.13478	1773.06	799.41
3.69257	5.13478	1772.24	838.7819999999999
3.69257	5.13478	1771.42	823.448
3.69257	5.13478	1770.59	795.966
3.69257	5.13478	1769.77	801.9060000000001
3.69257	5.13478	1768.95	868.585
3.69257	5.13478	1768.12	810.745
3.69257	5.13478	1767.3	816.679
3.69257	5.13478	1766.48	846.8960000000001
3.69257	5.13478	1765.65	798.193
3.69257	5.13478	1764.83	801.0930000000001
3.69257	5.13478	1764.01	843.432
3.69257	5.13478	1763.18	770.487
3.69257	5.13478	1762.36	867.41
3.69257	5.13478	1761.53	779.324
3.69257	5.13478	1760.71	806.4780000000001
3.69257	5.13478	1759.88	830.5930000000001
3.69257	5.13478	1759.06	791.051
3.69257	5.13478	1758.23	821.221
3.69257	5.13478	1757.41	839.26
3.69257	5.13478	1756.58	742.18
3.69257	5.13478	1755.76	872.293
3.69257	5.13478	1754.93	769.184
3.69257	5.13478	1754.11	838.692
3.69257	5.13478	1753.28	817.3589999999999
3.69257	5.13478	1752.46	883.809
3.69257	5.13478	1751.63	829.187
3.69257	5.13478	1750.8	889.561
3.69257	5.13478	1749.98	871.2589999999999
3.69257	5.13478	1749.15	895.309
3.69257	5.13478	1748.32	858.867
3.69257	5.13478	1747.5	852.674
3.69257	5.13478	1746.67	779.9739999999999
3.69257	5.13478	1745.84	918.883
3.69257	5.13478	1745.02	858.285
3.69257	5.13478	1744.19	894.3989999999999
3.69257	5.13478	1743.36	839.867
3.69257	5.13478	1742.53	857.8480000000001
3.69257	5.13478	1741.71	845.623
3.69257	5.13478	1740.88	848.4989999999999
3.69257	5.13478	1740.05	866.4689999999999
3.69257	5.13478	1739.22	815.007
3.69257	5.13478	1738.39	832.977
3.69257	5.13478	1737.56	872.064
3.69257	5.13478	1736.74	853.814
3.69257	5.13478	1735.91	850.6519999999999
3.69257	5.13478	1735.08	844.4760000000001
3.69257	5.13478	1734.25	889.565
3.69257	5.13478	1733.42	847.205
3.69257	5.13478	1732.59	865.1469999999999
3.69257	5.13478	1731.76	889.112
3.69257	5.13478	1730.93	952.243
3.69257	5.13478	1730.1	946.056
3.69257	5.13478	1729.27	954.933
3.69257	5.13478	1728.44	813.211
3.69257	5.13478	1727.61	858.2439999999999
3.69257	5.13478	1726.78	909.283
3.69257	5.13478	1725.95	897.0880000000001
3.69257	5.13478	1725.12	921.0139999999999
3.69257	5.13478	1724.29	863.68
3.69257	5.13478	1723.46	947.7810000000001
3.69257	5.13478	1722.63	968.678
3.69257	5.13478	1721.8	920.3889999999999
3.69257	5.13478	1720.96	932.262
3.69257	5.13478	1720.13	950.1439999999999
3.69257	5.13478	1719.3	862.801
3.69257	5.13478	1718.47	913.752
3.69257	5.13478	1717.64	937.6389999999999
3.69257	5.13478	1716.81	919.451
3.69257	5.13478	1715.97	940.325
3.69257	5.13478	1715.14	928.15
3.69257	5.13478	1714.31	903.966
3.69257	5.13478	1713.48	945.8510000000001
3.69257	5.13478	1712.64	939.686
3.69257	5.13478	1711.81	969.543
3.69257	5.13478	1710.98	990.3860000000001
3.69257	5.13478	1710.14	1008.22
3.69257	5.13478	1709.31	924.046
3.69257	5.13478	1708.48	1001.88
3.69257	5.13478	1707.64	1013.71
3.69257	5.13478	1706.81	938.568
3.69257	5.13478	1705.98	917.422
3.69257	5.13478	1705.14	998.201
3.69257	5.13478	1704.31	902.1239999999999
3.69257	5.13478	1703.47	1045.81
3.69257	5.13478	1702.64	988.704
3.69257	5.13478	1701.81	913.6460000000001
3.69257	5.13478	1700.97	946.437
3.69257	5.13478	1700.14	1015.15
3.69257	5.13478	1699.3	1053.9
3.69257	5.13478	1698.47	993.85
3.69257	5.13478	1697.63	990.688
3.69257	5.13478	1696.79	1038.4
3.69257	5.13478	1695.96	1005.31
3.69257	5.13478	1695.12	1061.98
3.69257	5.13478	1694.29	1067.78
3.69257	5.13478	1693.45	998.817
3.69257	5.13478	1692.62	1052.47
3.69257	5.13478	1691.78	1001.47
3.69257	5.13478	1690.94	1001.3
3.69257	5.13478	1690.11	1045.95
3.69257	5.13478	1689.27	1078.64
3.69257	5.13478	1688.43	1060.53
3.69257	5.13478	1687.6	1027.5
3.69257	5.13478	1686.76	1081.08
3.69257	5.13478	1685.92	1042.08
3.69257	5.13478	1685.08	1047.87
3.69257	5.13478	1684.25	1107.39
3.69257	5.13478	1683.41	1125.11
3.69257	5.13478	1682.57	1038.38
3.69257	5.13478	1681.73	1038.21
3.69257	5.13478	1680.89	1100.67
3.69257	5.13478	1680.06	1076.62
3.69257	5.13478	1679.22	1085.38
3.69257	5.13478	1678.38	1109.05
3.69257	5.13478	1677.54	1037.32
3.69257	5.13478	1676.7	1072.91
3.69257	5.13478	1675.86	1051.87
3.69257	5.13478	1675.02	1099.36
3.69257	5.13478	1674.18	1131.94
3.69257	5.13478	1673.35	1122.81
3.69257	5.13478	1672.51	1122.62
3.69257	5.13478	1671.67	1074.79
3.69257	5.13478	1670.83	1119.26
3.69257	5.13478	1669.99	1175.61
3.69257	5.13478	1669.15	1166.49
3.69257	5.13478	1668.31	1166.29
3.69257	5.13478	1667.47	1222.61
3.69257	5.13478	1666.62	1246.19
3.69257	5.13478	1665.78	1204.35
3.69257	5.13478	1664.94	1088.19
3.69257	5.13478	1664.1	1254.47
3.69257	5.13478	1663.26	1254.26
3.69257	5.13478	1662.42	1218.39
3.69257	5.13478	1661.58	1188.47
3.69257	5.13478	1660.74	1217.97
3.69257	5.13478	1659.9	1280.14
3.69257	5.13478	1659.05	1241.31
3.69257	5.13478	1658.21	1229.22
3.69257	5.13478	1657.37	1276.51
3.69257	5.13478	1656.53	1246.61
3.69257	5.13478	1655.68	1258.27
3.69257	5.13478	1654.84	1266.96
3.69257	5.13478	1654.0	1251.91
3.69257	5.13478	1653.16	1293.22
3.69257	5.13478	1652.31	1233.69
3.69257	5.13478	1651.47	1322.43
3.69257	5.13478	1650.63	1363.71
3.69257	5.13478	1649.78	1241.95
3.69257	5.13478	1648.94	1339.53
3.69257	5.13478	1648.1	1422.27
3.69257	5.13478	1647.25	1439.8
3.69257	5.13478	1646.41	1380.32
3.69257	5.13478	1645.56	1442.27
3.69257	5.13478	1644.72	1397.61
3.69257	5.13478	1643.88	1403.29
3.69257	5.13478	1643.03	1403.05
3.69257	5.13478	1642.19	1414.65
3.69257	5.13478	1641.34	1461.75
3.69257	5.13478	1640.5	1562.09
3.69257	5.13478	1639.65	1422.8
3.69257	5.13478	1638.81	1526.07
3.69257	5.13478	1637.96	1508.07
3.69257	5.13478	1637.11	1608.33
3.69257	5.13478	1636.27	1619.88
3.69257	5.13478	1635.42	1584.14
3.69257	5.13478	1634.58	1640.01
3.69257	5.13478	1633.73	1701.77
3.69257	5.13478	1632.88	1710.34
3.69257	5.13478	1632.04	1659.84
3.69257	5.13478	1631.19	1724.52
3.69257	5.13478	1630.34	1845.28
3.69257	5.13478	1629.5	1800.68
3.69257	5.13478	1628.65	1915.48
3.69257	5.13478	1627.8	1746.95
3.69257	5.13478	1626.96	1973.84
3.69257	5.13478	1626.11	1949.9
3.69257	5.13478	1625.26	2005.6
3.69257	5.13478	1624.41	2017.06
3.69257	5.13478	1623.57	1948.9
3.69257	5.13478	1622.72	2072.38
3.69257	5.13478	1621.87	2139.81
3.69257	5.13478	1621.02	2053.99
3.69257	5.13478	1620.17	2097.83
3.69257	5.13478	1619.32	2138.71
3.69257	5.13478	1618.47	2185.47
3.69257	5.13478	1617.63	2161.54
3.69257	5.13478	1616.78	2237.72
3.69257	5.13478	1615.93	2207.9
3.69257	5.13478	1615.08	2228.13
3.69257	5.13478	1614.23	2271.89
3.69257	5.13478	1613.38	2192.06
3.69257	5.13478	1612.53	2253.46
3.69257	5.13478	1611.68	2308.96
3.69257	5.13478	1610.83	2279.16
3.69257	5.13478	1609.98	2234.66
3.69257	5.13478	1609.13	2425.37
3.69257	5.13478	1608.28	2439.65
3.69257	5.13478	1607.43	2365.76
3.69257	5.13478	1606.58	2368.29
3.69257	5.13478	1605.73	2338.51
3.69257	5.13478	1604.87	2326.36
3.69257	5.13478	1604.02	2414.06
3.69257	5.13478	1603.17	2369.61
3.69257	5.13478	1602.32	2407.37
3.69257	5.13478	1601.47	2301.28
3.69257	5.13478	1600.62	2380.13
3.69257	5.13478	1599.76	2514.7
3.69257	5.13478	1598.91	2423.32
3.69257	5.13478	1598.06	2393.57
3.69257	5.13478	1597.21	2378.49
3.69257	5.13478	1596.36	2586.28
3.69257	5.13478	1595.5	2430.45
3.69257	5.13478	1594.65	2474.0
3.69257	5.13478	1593.8	2470.65
3.69257	5.13478	1592.94	2455.57
3.69257	5.13478	1592.09	2572.34
3.69257	5.13478	1591.24	2539.68
3.69257	5.13478	1590.38	2509.96
3.69257	5.13478	1589.53	2500.74
3.69257	5.13478	1588.68	2558.87
3.69257	5.13478	1587.82	2485.25
3.69257	5.13478	1586.97	2402.87
3.69257	5.13478	1586.11	2513.66
3.69257	5.13478	1585.26	2554.19
3.69257	5.13478	1584.4	2565.45
3.69257	5.13478	1583.55	2515.29
3.69257	5.13478	1582.69	2453.45
3.69257	5.13478	1581.84	2467.64
3.69257	5.13478	1580.98	2484.76
3.69257	5.13478	1580.13	2554.48
3.69257	5.13478	1579.27	2437.15
3.69257	5.13478	1578.42	2521.46
3.69257	5.13478	1577.56	2643.72
3.69257	5.13478	1576.71	2430.05
3.69257	5.13478	1575.85	2447.16
3.69257	5.13478	1574.99	2353.31
3.69257	5.13478	1574.14	2414.21
3.69257	5.13478	1573.28	2498.44
3.69257	5.13478	1572.42	2375.44
3.69257	5.13478	1571.57	2340.02
3.69257	5.13478	1570.71	2257.93
3.69257	5.13478	1569.85	2333.38
3.69257	5.13478	1569.0	2239.66
3.69257	5.13478	1568.14	2242.19
3.69257	5.13478	1567.28	2058.15
3.69257	5.13478	1566.42	2159.81
3.69257	5.13478	1565.56	2072.01
3.69257	5.13478	1564.71	2065.83
3.69257	5.13478	1563.85	1983.9
3.69257	5.13478	1562.99	1966.09
3.69257	5.13478	1562.13	2070.59
3.69257	5.13478	1561.27	1979.97
3.69257	5.13478	1560.41	1973.81
3.69257	5.13478	1559.56	2020.04
3.69257	5.13478	1558.7	1987.68
3.69257	5.13478	1557.84	1990.25
3.69257	5.13478	1556.98	1943.36
3.69257	5.13478	1556.12	1881.94
3.69257	5.13478	1555.26	1928.15
3.69257	5.13478	1554.4	1971.43
3.69257	5.13478	1553.54	1875.15
3.69257	5.13478	1552.68	1828.32
3.69257	5.13478	1551.82	1871.6
3.69257	5.13478	1550.96	1906.15
3.69257	5.13478	1550.1	1780.9
3.69257	5.13478	1549.24	1821.26
3.69257	5.13478	1548.38	1803.52
3.69257	5.13478	1547.52	1936.78
3.69257	5.13478	1546.65	1823.22
3.69257	5.13478	1545.79	1706.8
3.69257	5.13478	1544.93	1770.35
3.69257	5.13478	1544.07	1833.88
3.69257	5.13478	1543.21	1938.01
3.69257	5.13478	1542.35	1865.16
3.69257	5.13478	1541.48	1780.73
3.69257	5.13478	1540.62	1838.42
3.69257	5.13478	1539.76	1814.91
3.69257	5.13478	1538.9	1707.35
3.69257	5.13478	1538.04	1709.95
3.69257	5.13478	1537.17	1883.52
3.69257	5.13478	1536.31	1842.63
3.69257	5.13478	1535.45	1816.24
3.69257	5.13478	1534.58	1650.85
3.69257	5.13478	1533.72	1830.1
3.69257	5.13478	1532.86	1795.04
3.69257	5.13478	1531.99	1797.62
3.69257	5.13478	1531.13	1724.96
3.69257	5.13478	1530.27	1782.54
3.69257	5.13478	1529.4	1900.85
3.69257	5.13478	1528.54	1738.53
3.69257	5.13478	1527.67	1735.34
3.69257	5.13478	1526.81	1743.72
3.69257	5.13478	1525.94	1731.85
3.69257	5.13478	1525.08	1858.74
3.69257	5.13478	1524.21	1826.63
3.69257	5.13478	1523.35	1704.95
3.69257	5.13478	1522.48	1886.67
3.69257	5.13478	1521.62	1860.35
3.69257	5.13478	1520.75	1770.49
3.69257	5.13478	1519.89	1755.75
3.69257	5.13478	1519.02	1746.79
3.69257	5.13478	1518.15	1804.22
3.69257	5.13478	1517.29	1717.32
3.69257	5.13478	1516.42	1768.97
3.69257	5.13478	1515.56	1739.81
3.69257	5.13478	1514.69	1652.97
3.69257	5.13478	1513.82	1782.47
3.69257	5.13478	1512.96	1724.49
3.69257	5.13478	1512.09	1591.56
3.69257	5.13478	1511.22	1798.85
3.69257	5.13478	1510.35	1671.72
3.69257	5.13478	1509.49	1677.19
3.69257	5.13478	1508.62	1676.9
3.69257	5.13478	1507.75	1665.09
3.69257	5.13478	1506.88	1774.25
3.69257	5.13478	1506.01	1733.63
3.69257	5.13478	1505.15	1718.93
3.69257	5.13478	1504.28	1738.79
3.69257	5.13478	1503.41	1706.83
3.69257	5.13478	1502.54	1718.04
3.69257	5.13478	1501.67	1691.85
3.69257	5.13478	1500.8	1677.18
3.69257	5.13478	1499.93	1728.66
3.69257	5.13478	1499.06	1728.36
3.69257	5.13478	1498.19	1753.94
3.69257	5.13478	1497.32	1690.39
3.69257	5.13478	1496.46	1750.46
3.69257	5.13478	1495.59	1684.06
3.69257	5.13478	1494.72	1600.44
3.69257	5.13478	1493.84	1763.92
3.69257	5.13478	1492.97	1674.57
3.69257	5.13478	1492.1	1794.9
3.69257	5.13478	1491.23	1765.87
3.69257	5.13478	1490.36	1636.38
3.69257	5.13478	1489.49	1618.87
3.69257	5.13478	1488.62	1658.77
3.69257	5.13478	1487.75	1672.83
3.69257	5.13478	1486.88	1666.81
3.69257	5.13478	1486.01	1657.91
3.69257	5.13478	1485.13	1654.76
3.69257	5.13478	1484.26	1688.88
3.69257	5.13478	1483.39	1634.12
3.69257	5.13478	1482.52	1645.3
3.69257	5.13478	1481.65	1662.21
3.69257	5.13478	1480.77	1716.37
3.69257	5.13478	1479.9	1759.04
3.69257	5.13478	1479.03	1704.31
3.69257	5.13478	1478.16	1589.46
3.69257	5.13478	1477.28	1795.35
3.69257	5.13478	1476.41	1712.02
3.69257	5.13478	1475.54	1657.34
3.69257	5.13478	1474.66	1785.84
3.69257	5.13478	1473.79	1728.3
3.69257	5.13478	1472.91	1845.3
3.69257	5.13478	1472.04	1842.12
3.69257	5.13478	1471.17	1741.7
3.69257	5.13478	1470.29	1718.52
3.69257	5.13478	1469.42	1789.7
3.69257	5.13478	1468.54	1723.65
3.69257	5.13478	1467.67	1677.62
3.69257	5.13478	1466.79	1811.63
3.69257	5.13478	1465.92	1699.89
3.69257	5.13478	1465.04	1653.9
3.69257	5.13478	1464.17	1705.02
3.69257	5.13478	1463.29	1761.83
3.69257	5.13478	1462.42	1744.4
3.69257	5.13478	1461.54	1752.66
3.69257	5.13478	1460.66	1718.11
3.69257	5.13478	1459.79	1677.86
3.69257	5.13478	1458.91	1711.8
3.69257	5.13478	1458.04	1737.18
3.69257	5.13478	1457.16	1668.43
3.69257	5.13478	1456.28	1653.88
3.69257	5.13478	1455.41	1736.28
3.69257	5.13478	1454.53	1718.87
3.69257	5.13478	1453.65	1655.87
3.69257	5.13478	1452.77	1701.18
3.69257	5.13478	1451.9	1643.9
3.69257	5.13478	1451.02	1794.59
3.69257	5.13478	1450.14	1674.66
3.69257	5.13478	1449.26	1742.71
3.69257	5.13478	1448.39	1745.26
3.69257	5.13478	1447.51	1759.19
3.69257	5.13478	1446.63	1741.81
3.69257	5.13478	1445.75	1747.2
3.69257	5.13478	1444.87	1715.6
3.69257	5.13478	1443.99	1726.68
3.69257	5.13478	1443.11	1774.73
3.69257	5.13478	1442.23	1700.49
3.69257	5.13478	1441.35	1771.27
3.69257	5.13478	1440.48	1802.23
3.69257	5.13478	1439.6	1762.13
3.69257	5.13478	1438.72	1804.45
3.69257	5.13478	1437.84	1752.99
3.69257	5.13478	1436.96	1764.05
3.69257	5.13478	1436.08	1783.63
3.69257	5.13478	1435.2	1925.3
3.69257	5.13478	1434.31	1757.45
3.69257	5.13478	1433.43	1811.08
3.69257	5.13478	1432.55	1762.52
3.69257	5.13478	1431.67	1790.59
3.69257	5.13478	1430.79	1739.21
3.69257	5.13478	1429.91	1667.99
3.69257	5.13478	1429.03	1758.46
3.69257	5.13478	1428.15	1820.54
3.69257	5.13478	1427.27	1777.7
3.69257	5.13478	1426.38	1749.04
3.69257	5.13478	1425.5	1771.41
3.69257	5.13478	1424.62	1771.1
3.69257	5.13478	1423.74	1827.46
3.69257	5.13478	1422.85	1869.63
3.69257	5.13478	1421.97	1897.63
3.69257	5.13478	1421.09	1818.01
3.69257	5.13478	1420.21	1831.85
3.69257	5.13478	1419.32	1848.52
3.69257	5.13478	1418.44	1836.88
3.69257	5.13478	1417.56	1879.01
3.69257	5.13478	1416.67	1788.14
3.69257	5.13478	1415.79	1793.49
3.69257	5.13478	1414.9	1829.94
3.69257	5.13478	1414.02	1883.35
3.69257	5.13478	1413.14	1818.0
3.69257	5.13478	1412.25	1823.34
3.69257	5.13478	1411.37	1777.8
3.69257	5.13478	1410.48	1836.83
3.69257	5.13478	1409.6	1969.3
3.69257	5.13478	1408.71	1827.72
3.69257	5.13478	1407.83	1722.9
3.69257	5.13478	1406.94	1863.79
3.69257	5.13478	1406.06	1934.05
3.69257	5.13478	1405.17	1930.89
3.69257	5.13478	1404.29	1905.16
3.69257	5.13478	1403.4	1910.47
3.69257	5.13478	1402.51	1918.6
3.69257	5.13478	1401.63	1906.98
3.69257	5.13478	1400.74	1940.5
3.69257	5.13478	1399.85	1982.46
3.69257	5.13478	1398.97	1911.63
3.69257	5.13478	1398.08	1897.2
3.69257	5.13478	1397.19	1961.69
3.69257	5.13478	1396.31	1888.08
3.69257	5.13478	1395.42	1955.38
3.69257	5.13478	1394.53	2019.83
3.69257	5.13478	1393.64	1949.06
3.69257	5.13478	1392.76	1917.75
3.69257	5.13478	1391.87	1993.43
3.69257	5.13478	1390.98	2114.13
3.69257	5.13478	1390.09	2020.88
3.69257	5.13478	1389.2	1964.25
3.69257	5.13478	1388.32	2062.38
3.69257	5.13478	1387.43	2123.91
3.69257	5.13478	1386.54	2036.35
3.69257	5.13478	1385.65	2069.74
3.69257	5.13478	1384.76	2089.06
3.69257	5.13478	1383.87	2054.96
3.69257	5.13478	1382.98	2108.01
3.69257	5.13478	1382.09	2155.42
3.69257	5.13478	1381.2	2121.32
3.69257	5.13478	1380.31	2210.85
3.69257	5.13478	1379.42	2190.8
3.69257	5.13478	1378.53	2173.57
3.69257	5.13478	1377.64	2251.81
3.69257	5.13478	1376.75	2237.38
3.69257	5.13478	1375.86	2380.13
3.69257	5.13478	1374.97	2348.85
3.69257	5.13478	1374.08	2208.15
3.69257	5.13478	1373.19	2353.64
3.69257	5.13478	1372.3	2372.86
3.69257	5.13478	1371.4	2282.71
3.69257	5.13478	1370.51	2425.31
3.69257	5.13478	1369.62	2408.07
3.69257	5.13478	1368.73	2516.96
3.69257	5.13478	1367.84	2432.45
3.69257	5.13478	1366.94	2404.0
3.69257	5.13478	1366.05	2420.39
3.69257	5.13478	1365.16	2473.19
3.69257	5.13478	1364.27	2472.76
3.69257	5.13478	1363.37	2419.13
3.69257	5.13478	1362.48	2519.48
3.69257	5.13478	1361.59	2569.42
3.69257	5.13478	1360.69	2482.22
3.69257	5.13478	1359.8	2431.43
3.69257	5.13478	1358.91	2464.57
3.69257	5.13478	1358.01	2548.05
3.69257	5.13478	1357.12	2550.4
3.69257	5.13478	1356.22	2541.57
3.69257	5.13478	1355.33	2535.53
3.69257	5.13478	1354.44	2646.89
3.69257	5.13478	1353.54	2654.81
3.69257	5.13478	1352.65	2584.5
3.69257	5.13478	1351.75	2656.68
3.69257	5.13478	1350.86	2740.01
3.69257	5.13478	1349.96	2717.19
3.69257	5.13478	1349.07	2694.38
3.69257	5.13478	1348.17	2587.82
3.69257	5.13478	1347.28	2760.42
3.69257	5.13478	1346.38	2779.47
3.69257	5.13478	1345.48	2653.43
3.69257	5.13478	1344.59	2809.19
3.69257	5.13478	1343.69	2842.17
3.69257	5.13478	1342.79	2855.61
3.69257	5.13478	1341.9	2930.4
3.69257	5.13478	1341.0	2804.44
3.69257	5.13478	1340.1	2840.18
3.69257	5.13478	1339.21	2903.78
3.69257	5.13478	1338.31	2889.34
3.69257	5.13478	1337.41	2958.48
3.69257	5.13478	1336.51	3111.15
3.69257	5.13478	1335.62	3191.36
3.69257	5.13478	1334.72	3073.87
3.69257	5.13478	1333.82	3137.36
3.69257	5.13478	1332.92	3170.21
3.69257	5.13478	1332.02	3228.09
3.69257	5.13478	1331.13	3433.42
3.69257	5.13478	1330.23	3532.97
3.69257	5.13478	1329.33	3501.75
3.69257	5.13478	1328.43	3462.21
3.69257	5.13478	1327.53	3570.04
3.69257	5.13478	1326.63	3613.89
3.69257	5.13478	1325.73	3485.41
3.69257	5.13478	1324.83	3590.39
3.69257	5.13478	1323.93	3623.11
3.69257	5.13478	1323.03	3544.69
3.69257	5.13478	1322.13	3674.61
3.69257	5.13478	1321.23	3610.1
3.69257	5.13478	1320.33	3526.17
3.69257	5.13478	1319.43	3539.43
3.69257	5.13478	1318.53	3516.61
3.69257	5.13478	1317.63	3368.91
3.69257	5.13478	1316.73	3615.26
3.69257	5.13478	1315.83	3439.86
3.69257	5.13478	1314.93	3264.52
3.69257	5.13478	1314.02	3313.86
3.69257	5.13478	1313.12	3440.82
3.69257	5.13478	1312.22	3304.39
3.69257	5.13478	1311.32	3267.78
3.69257	5.13478	1310.42	3303.23
3.69257	5.13478	1309.51	3269.4
3.69257	5.13478	1308.61	3368.56
3.69257	5.13478	1307.71	3221.17
3.69257	5.13478	1306.81	3273.22
3.69257	5.13478	1305.9	3292.03
3.69257	5.13478	1305.0	3327.44
3.69257	5.13478	1304.1	3138.65
3.69257	5.13478	1303.19	3129.79
3.69257	5.13478	1302.29	3156.91
3.69257	5.13478	1301.39	3197.85
3.69257	5.13478	1300.48	3014.75
3.69257	5.13478	1299.58	3019.75
3.69257	5.13478	1298.67	3035.81
3.69257	5.13478	1297.77	2979.99
3.69257	5.13478	1296.86	2951.83
3.69257	5.13478	1295.96	2785.51
3.69257	5.13478	1295.06	2779.49
3.69257	5.13478	1294.15	2820.44
3.69257	5.13478	1293.25	2842.04
3.69257	5.13478	1292.34	2747.65
3.69257	5.13478	1291.43	2874.18
3.69257	5.13478	1290.53	2644.55
3.69257	5.13478	1289.62	2691.01
3.69257	5.13478	1288.72	2533.24
3.69257	5.13478	1287.81	2516.24
3.69257	5.13478	1286.9	2504.77
3.69257	5.13478	1286.0	2482.26
3.69257	5.13478	1285.09	2528.71
3.69257	5.13478	1284.18	2456.58
3.69257	5.13478	1283.28	2456.15
3.69257	5.13478	1282.37	2488.79
3.69257	5.13478	1281.46	2419.46
3.69257	5.13478	1280.56	2366.69
3.69257	5.13478	1279.65	2313.93
3.69257	5.13478	1278.74	2489.79
3.69257	5.13478	1277.83	2310.36
3.69257	5.13478	1276.93	2213.6
3.69257	5.13478	1276.02	2326.07
3.69257	5.13478	1275.11	2210.07
3.69257	5.13478	1274.2	2173.9
3.69257	5.13478	1273.29	2057.97
3.69257	5.13478	1272.38	2228.16
3.69257	5.13478	1271.47	2150.76
3.69257	5.13478	1270.56	2227.37
3.69257	5.13478	1269.66	2155.5
3.69257	5.13478	1268.75	2251.33
3.69257	5.13478	1267.84	2141.0
3.69257	5.13478	1266.93	2137.87
3.69257	5.13478	1266.02	2132.0
3.69257	5.13478	1265.11	2230.52
3.69257	5.13478	1264.2	2263.08
3.69257	5.13478	1263.29	2169.32
3.69257	5.13478	1262.38	2256.8
3.69257	5.13478	1261.46	2190.52
3.69257	5.13478	1260.55	2184.64
3.69257	5.13478	1259.64	2099.19
3.69257	5.13478	1258.73	1997.31
3.69257	5.13478	1257.82	2057.31
3.69257	5.13478	1256.91	2073.4
3.69257	5.13478	1256.0	1993.52
3.69257	5.13478	1255.08	1968.49
3.69257	5.13478	1254.17	1968.14
3.69257	5.13478	1253.26	2132.24
3.69257	5.13478	1252.35	1926.35
3.69257	5.13478	1251.44	1895.87
3.69257	5.13478	1250.52	1931.15
3.69257	5.13478	1249.61	1993.8
3.69257	5.13478	1248.7	1889.4
3.69257	5.13478	1247.78	1878.11
3.69257	5.13478	1246.87	1951.69
3.69257	5.13478	1245.96	1992.4
3.69257	5.13478	1245.04	1978.36
3.69257	5.13478	1244.13	1898.68
3.69257	5.13478	1243.22	1868.25
3.69257	5.13478	1242.3	1971.85
3.69257	5.13478	1241.39	2026.19
3.69257	5.13478	1240.47	1905.54
3.69257	5.13478	1239.56	1924.34
3.69257	5.13478	1238.64	1770.95
3.69257	5.13478	1237.73	1776.11
3.69257	5.13478	1236.81	1773.06
3.69257	5.13478	1235.9	1797.33
3.69257	5.13478	1234.98	1786.09
3.69257	5.13478	1234.07	1843.12
3.69257	5.13478	1233.15	1760.89
3.69257	5.13478	1232.24	1744.2
3.69257	5.13478	1231.32	1757.54
3.69257	5.13478	1230.4	1743.59
3.69257	5.13478	1229.49	1666.89
3.69257	5.13478	1228.57	1843.9
3.69257	5.13478	1227.65	1742.67
3.69257	5.13478	1226.74	1837.79
3.69257	5.13478	1225.82	1853.83
3.69257	5.13478	1224.9	1777.18
3.69257	5.13478	1223.99	1877.7
3.69257	5.13478	1223.07	1722.06
3.69257	5.13478	1222.15	1896.11
3.69257	5.13478	1221.23	1789.54
3.69257	5.13478	1220.31	1802.84
3.69257	5.13478	1219.4	1748.07
3.69257	5.13478	1218.48	1810.38
3.69257	5.13478	1217.56	1804.61
3.69257	5.13478	1216.64	1766.19
3.69257	5.13478	1215.72	1646.16
3.69257	5.13478	1214.8	1656.75
3.69257	5.13478	1213.88	1754.38
3.69257	5.13478	1212.96	1735.03
3.69257	5.13478	1212.05	1683.07
3.69257	5.13478	1211.13	1639.27
3.69257	5.13478	1210.21	1625.39
3.69257	5.13478	1209.29	1671.3
3.69257	5.13478	1208.37	1632.97
3.69257	5.13478	1207.45	1583.78
3.69257	5.13478	1206.53	1526.46
3.69257	5.13478	1205.6	1556.07
3.69257	5.13478	1204.68	1596.52
3.69257	5.13478	1203.76	1628.81
3.69257	5.13478	1202.84	1677.38
3.69257	5.13478	1201.92	1636.38
3.69257	5.13478	1201.0	1665.93
3.69257	5.13478	1200.08	1679.2
3.69257	5.13478	1199.16	1646.36
3.69257	5.13478	1198.23	1673.19
3.69257	5.13478	1197.31	1599.69
3.69257	5.13478	1196.39	1631.93
3.69257	5.13478	1195.47	1626.22
3.69257	5.13478	1194.54	1663.87
3.69257	5.13478	1193.62	1603.97
3.69257	5.13478	1192.7	1584.73
3.69257	5.13478	1191.78	1484.23
3.69257	5.13478	1190.85	1586.87
3.69257	5.13478	1189.93	1654.28
3.69257	5.13478	1189.01	1575.49
3.69257	5.13478	1188.08	1675.35
3.69257	5.13478	1187.16	1669.64
3.69257	5.13478	1186.23	1685.58
3.69257	5.13478	1185.31	1687.98
3.69257	5.13478	1184.39	1663.34
3.69257	5.13478	1183.46	1646.83
3.69257	5.13478	1182.54	1676.27
3.69257	5.13478	1181.61	1648.95
3.69257	5.13478	1180.69	1648.65
3.69257	5.13478	1179.76	1624.04
3.69257	5.13478	1178.84	1661.58
3.69257	5.13478	1177.91	1609.96
3.69257	5.13478	1176.99	1674.49
3.69257	5.13478	1176.06	1533.78
3.69257	5.13478	1175.13	1668.5
3.69257	5.13478	1174.21	1738.39
3.69257	5.13478	1173.28	1692.2
3.69257	5.13478	1172.35	1756.66
3.69257	5.13478	1171.43	1920.93
3.69257	5.13478	1170.5	1985.32
3.69257	5.13478	1169.57	1920.25
3.69257	5.13478	1168.65	2049.34
3.69257	5.13478	1167.72	1986.97
3.69257	5.13478	1166.79	1930.01
3.69257	5.13478	1165.86	1926.97
3.69257	5.13478	1164.94	1880.82
3.69257	5.13478	1164.01	1823.91
3.69257	5.13478	1163.08	1745.47
3.69257	5.13478	1162.15	1718.23
3.69257	5.13478	1161.22	1787.94
3.69257	5.13478	1160.3	1787.62
3.69257	5.13478	1159.37	1682.33
3.69257	5.13478	1158.44	1733.16
3.69257	5.13478	1157.51	1743.62
3.69257	5.13478	1156.58	1824.02
3.69257	5.13478	1155.65	1858.66
3.69257	5.13478	1154.72	1877.16
3.69257	5.13478	1153.79	1785.4
3.69257	5.13478	1152.86	1951.77
3.69257	5.13478	1151.93	1916.48
3.69257	5.13478	1151.0	1840.89
3.69257	5.13478	1150.07	1862.06
3.69257	5.13478	1149.14	1931.58
3.69257	5.13478	1148.21	1772.76
3.69257	5.13478	1147.28	1748.27
3.69257	5.13478	1146.35	1707.69
3.69257	5.13478	1145.42	1653.69
3.69257	5.13478	1144.48	1755.4
3.69257	5.13478	1143.55	1604.8
3.69257	5.13478	1142.62	1550.85
3.69257	5.13478	1141.69	1539.85
3.69257	5.13478	1140.76	1590.54
3.69257	5.13478	1139.82	1544.67
3.69257	5.13478	1138.89	1557.8
3.69257	5.13478	1137.96	1552.16
3.69257	5.13478	1137.03	1490.24
3.69257	5.13478	1136.09	1548.93
3.69257	5.13478	1135.16	1484.35
3.69257	5.13478	1134.23	1500.16
3.69257	5.13478	1133.29	1494.54
3.69257	5.13478	1132.36	1427.32
3.69257	5.13478	1131.43	1467.23
3.69257	5.13478	1130.49	1533.89
3.69257	5.13478	1129.56	1493.47
3.69257	5.13478	1128.62	1522.64
3.69257	5.13478	1127.69	1444.78
3.69257	5.13478	1126.76	1385.68
3.69257	5.13478	1125.82	1401.48
3.69257	5.13478	1124.89	1425.29
3.69257	5.13478	1123.95	1523.97
3.69257	5.13478	1123.02	1478.25
3.69257	5.13478	1122.08	1453.93
3.69257	5.13478	1121.14	1378.85
3.69257	5.13478	1120.21	1442.73
3.69257	5.13478	1119.27	1466.51
3.69257	5.13478	1118.34	1388.8
3.69257	5.13478	1117.4	1420.6
3.69257	5.13478	1116.46	1361.61
3.69257	5.13478	1115.53	1377.38
3.69257	5.13478	1114.59	1427.85
3.69257	5.13478	1113.65	1384.9
3.69257	5.13478	1112.72	1406.0
3.69257	5.13478	1111.78	1451.09
3.69257	5.13478	1110.84	1357.49
3.69257	5.13478	1109.9	1397.25
3.69257	5.13478	1108.97	1423.66
3.69257	5.13478	1108.03	1482.05
3.69257	5.13478	1107.09	1423.15
3.69257	5.13478	1106.15	1428.23
3.69257	5.13478	1105.21	1470.6
3.69257	5.13478	1104.28	1507.63
3.69257	5.13478	1103.34	1502.03
3.69257	5.13478	1102.4	1435.2
3.69257	5.13478	1101.46	1517.47
3.69257	5.13478	1100.52	1533.17
3.69257	5.13478	1099.58	1447.74
3.69257	5.13478	1098.64	1455.46
3.69257	5.13478	1097.7	1409.98
3.69257	5.13478	1096.76	1542.72
3.69257	5.13478	1095.82	1425.43
3.69257	5.13478	1094.88	1348.07
3.69257	5.13478	1093.94	1366.44
3.69257	5.13478	1093.0	1469.85
3.69257	5.13478	1092.06	1365.95
3.69257	5.13478	1091.12	1344.45
3.69257	5.13478	1090.18	1458.44
3.69257	5.13478	1089.24	1397.09
3.69257	5.13478	1088.3	1335.77
3.69257	5.13478	1087.35	1327.56
3.69257	5.13478	1086.41	1316.71
3.69257	5.13478	1085.47	1279.31
3.69257	5.13478	1084.53	1342.77
3.69257	5.13478	1083.59	1252.33
3.69257	5.13478	1082.64	1310.46
3.69257	5.13478	1081.7	1304.92
3.69257	5.13478	1080.76	1214.53
3.69257	5.13478	1079.81	1193.1
3.69257	5.13478	1078.87	1288.32
3.69257	5.13478	1077.93	1256.29
3.69257	5.13478	1076.99	1317.01
3.69257	5.13478	1076.04	1234.64
3.69257	5.13478	1075.1	1252.97
3.69257	5.13478	1074.15	1250.09
3.69257	5.13478	1073.21	1223.39
3.69257	5.13478	1072.27	1236.41
3.69257	5.13478	1071.32	1302.37
3.69257	5.13478	1070.38	1212.15
3.69257	5.13478	1069.43	1217.22
3.69257	5.13478	1068.49	1246.11
3.69257	5.13478	1067.54	1288.21
3.69257	5.13478	1066.6	1280.05
3.69257	5.13478	1065.65	1184.62
3.69257	5.13478	1064.71	1226.71
3.69257	5.13478	1063.76	1274.07
3.69257	5.13478	1062.81	1244.78
3.69257	5.13478	1061.87	1270.98
3.69257	5.13478	1060.92	1310.38
3.69257	5.13478	1059.97	1344.48
3.69257	5.13478	1059.03	1272.94
3.69257	5.13478	1058.08	1259.51
3.69257	5.13478	1057.13	1330.56
3.69257	5.13478	1056.19	1359.36
3.69257	5.13478	1055.24	1303.7
3.69257	5.13478	1054.29	1356.24
3.69257	5.13478	1053.34	1377.1
3.69257	5.13478	1052.4	1318.82
3.69257	5.13478	1051.45	1368.69
3.69257	5.13478	1050.5	1247.16
3.69257	5.13478	1049.55	1289.12
3.69257	5.13478	1048.6	1312.61
3.69257	5.13478	1047.66	1338.73
3.69257	5.13478	1046.71	1243.63
3.69257	5.13478	1045.76	1298.73
3.69257	5.13478	1044.81	1338.01
3.69257	5.13478	1043.86	1332.5
3.69257	5.13478	1042.91	1258.54
3.69257	5.13478	1041.96	1305.7
3.69257	5.13478	1041.01	1273.88
3.69257	5.13478	1040.06	1310.5
3.69257	5.13478	1039.11	1273.43
3.69257	5.13478	1038.16	1341.6
3.69257	5.13478	1037.21	1317.69
3.69257	5.13478	1036.26	1275.38
3.69257	5.13478	1035.31	1167.35
3.69257	5.13478	1034.36	1285.43
3.69257	5.13478	1033.4	1230.01
3.69257	5.13478	1032.45	1211.4
3.69257	5.13478	1031.5	1245.33
3.69257	5.13478	1030.55	1218.84
3.69257	5.13478	1029.6	1229.13
3.69257	5.13478	1028.65	1215.78
3.69257	5.13478	1027.69	1173.56
3.69257	5.13478	1026.74	1210.1
3.69257	5.13478	1025.79	1194.13
3.69257	5.13478	1024.84	1154.56
3.69257	5.13478	1023.88	1143.86
3.69257	5.13478	1022.93	1162.01
3.69257	5.13478	1021.98	1164.43
3.69257	5.13478	1021.02	1248.13
3.69257	5.13478	1020.07	1164.01
3.69257	5.13478	1019.12	1176.91
3.69257	5.13478	1018.16	1216.01
3.69257	5.13478	1017.21	1171.25
3.69257	5.13478	1016.25	1155.32
3.69257	5.13478	1015.3	1199.64
3.69257	5.13478	1014.34	1246.56
3.69257	5.13478	1013.39	1131.13
3.69257	5.13478	1012.44	1107.37
3.69257	5.13478	1011.48	1222.34
3.69257	5.13478	1010.52	1180.25
3.69257	5.13478	1009.57	1190.5
3.69257	5.13478	1008.61	1177.21
3.69257	5.13478	1007.66	1195.3
3.69257	5.13478	1006.7	1265.7
3.69257	5.13478	1005.75	1134.74
3.69257	5.13478	1004.79	1244.33
3.69257	5.13478	1003.83	1183.99
3.69257	5.13478	1002.88	1215.14
3.69257	5.13478	1001.92	1165.28
3.69257	5.13478	1000.96	1219.93
3.69257	5.13478	1000.0	1136.13
3.69257	5.13478	999.048	1146.37
3.69257	5.13478	998.09	1164.44
3.69257	5.13478	997.132	1187.73
3.69257	5.13478	996.174	1101.39
3.69257	5.13478	995.216	1119.45
3.69257	5.13478	994.258	1137.52
3.69257	5.13478	993.3	1152.96
3.69257	5.13478	992.341	1092.77
3.69257	5.13478	991.382	1058.68
3.69257	5.13478	990.423	1131.49
3.69257	5.13478	989.4639999999999	1144.32
3.69257	5.13478	988.505	1201.45
3.69257	5.13478	987.546	1182.99
3.69257	5.13478	986.586	1208.83
3.69257	5.13478	985.6260000000001	1265.92
3.69257	5.13478	984.666	1257.88
3.69257	5.13478	983.706	1260.26
3.69257	5.13478	982.7460000000001	1286.06
3.69257	5.13478	981.785	1330.08
3.69257	5.13478	980.825	1374.08
3.69257	5.13478	979.8639999999999	1329.6
3.69257	5.13478	978.903	1266.93
3.69257	5.13478	977.942	1271.9
3.69257	5.13478	976.9810000000001	1360.09
3.69257	5.13478	976.0189999999999	1300.05
3.69257	5.13478	975.057	1271.22
3.69257	5.13478	974.095	1289.18
3.69257	5.13478	973.133	1262.96
3.69257	5.13478	972.171	1223.76
3.69257	5.13478	971.209	1215.75
3.69257	5.13478	970.2460000000001	1272.67
3.69257	5.13478	969.284	1202.33
3.69257	5.13478	968.321	1191.73
3.69257	5.13478	967.3580000000001	1225.26
3.69257	5.13478	966.3939999999999	1238.02
3.69257	5.13478	965.431	1276.72
3.69257	5.13478	964.467	1232.38
3.69257	5.13478	963.5039999999999	1180.28
3.69257	5.13478	962.54	1265.65
3.69257	5.13478	961.576	1187.63
3.69257	5.13478	960.6110000000001	1285.94
3.69257	5.13478	959.6469999999999	1319.41
3.69257	5.13478	958.682	1264.74
3.69257	5.13478	957.7180000000001	1220.47
3.69257	5.13478	956.753	1287.61
3.69257	5.13478	955.7869999999999	1261.47
3.69257	5.13478	954.822	1276.78
3.69257	5.13478	953.857	1268.78
3.69257	5.13478	952.8910000000001	1232.31
3.69257	5.13478	951.925	1268.33
3.69257	5.13478	950.959	1252.57
3.69257	5.13478	949.993	1164.37
3.69257	5.13478	949.0269999999999	1218.49
3.69257	5.13478	948.06	1213.1
3.69257	5.13478	947.0930000000001	1194.78
3.69257	5.13478	946.1260000000001	1223.0
3.69257	5.13478	945.159	1160.74
3.69257	5.13478	944.192	1217.39
3.69257	5.13478	943.225	1144.81
3.69257	5.13478	942.257	1191.12
3.69257	5.13478	941.289	1157.32
3.69257	5.13478	940.321	1136.45
3.69257	5.13478	939.3530000000001	1172.4
3.69257	5.13478	938.385	1120.55
3.69257	5.13478	937.4169999999999	1187.46
3.69257	5.13478	936.448	1169.18
3.69257	5.13478	935.4789999999999	1135.42
3.69257	5.13478	934.51	1122.32
3.69257	5.13478	933.541	1142.75
3.69257	5.13478	932.572	1152.86
3.69257	5.13478	931.602	1152.66
3.69257	5.13478	930.633	1116.35
3.69257	5.13478	929.663	1105.84
3.69257	5.13478	928.693	1177.8
3.69257	5.13478	927.7230000000001	1102.86
3.69257	5.13478	926.752	1118.12
3.69257	5.13478	925.7819999999999	1182.32
3.69257	5.13478	924.811	1161.5
3.69257	5.13478	923.84	1130.39
3.69257	5.13478	922.8689999999999	1204.85
3.69257	5.13478	921.898	1191.76
3.69257	5.13478	920.926	1186.4
3.69257	5.13478	919.955	1157.88
3.69257	5.13478	918.9830000000001	1152.53
3.69257	5.13478	918.0110000000001	1244.92
3.69257	5.13478	917.039	1254.98
3.69257	5.13478	916.066	1272.75
3.69257	5.13478	915.0939999999999	1385.63
3.69257	5.13478	914.1210000000001	1472.77
3.69257	5.13478	913.148	1423.68
3.69257	5.13478	912.175	1451.69
3.69257	5.13478	911.202	1582.44
3.69257	5.13478	910.2289999999999	1574.45
3.69257	5.13478	909.255	1461.17
3.69257	5.13478	908.2819999999999	1378.75
3.69257	5.13478	907.308	1437.54
3.69257	5.13478	906.334	1424.45
3.69257	5.13478	905.36	1398.53
3.69257	5.13478	904.385	1336.7
3.69257	5.13478	903.4110000000001	1364.68
3.69257	5.13478	902.436	1346.48
3.69257	5.13478	901.461	1371.88
3.69257	5.13478	900.4860000000001	1335.73
3.69257	5.13478	899.51	1358.56
3.69257	5.13478	898.535	1337.81
3.69257	5.13478	897.559	1355.51
3.69257	5.13478	896.5830000000001	1324.52
3.69257	5.13478	895.607	1308.91
3.69257	5.13478	894.6310000000001	1288.19
3.69257	5.13478	893.655	1218.82
3.69257	5.13478	892.678	1264.68
3.69257	5.13478	891.702	1256.77
3.69257	5.13478	890.725	1277.02
3.69257	5.13478	889.748	1253.76
3.69257	5.13478	888.77	1322.61
3.69257	5.13478	887.793	1245.63
3.69257	5.13478	886.815	1150.79
3.69257	5.13478	885.8380000000001	1178.7
3.69257	5.13478	884.86	1206.61
3.69257	5.13478	883.882	1152.72
3.69257	5.13478	882.903	1216.4
3.69257	5.13478	881.925	1154.86
3.69257	5.13478	880.946	1129.1
3.69257	5.13478	879.967	1072.71
3.69257	5.13478	878.988	1115.93
3.69257	5.13478	878.0089999999999	1115.72
3.69257	5.13478	877.03	1156.36
3.69257	5.13478	876.05	1059.17
3.69257	5.13478	875.071	1087.05
3.69257	5.13478	874.091	1155.74
3.69257	5.13478	873.1110000000001	1122.37
3.69257	5.13478	872.13	1068.61
3.69257	5.13478	871.15	1065.86
3.69257	5.13478	870.169	1172.75
3.69257	5.13478	869.189	1154.69
3.69257	5.13478	868.2080000000001	1136.64
3.69257	5.13478	867.2260000000001	1161.92
3.69257	5.13478	866.245	1141.32
3.69257	5.13478	865.2639999999999	1153.85
3.69257	5.13478	864.2819999999999	1112.9
3.69257	5.13478	863.3	1161.07
3.69257	5.13478	862.318	1089.58
3.69257	5.13478	861.336	1091.93
3.69257	5.13478	860.3530000000001	1124.81
3.69257	5.13478	859.3710000000001	1091.53
3.69257	5.13478	858.388	1096.42
3.69257	5.13478	857.405	1144.55
3.69257	5.13478	856.422	1093.48
3.69257	5.13478	855.439	1062.77
3.69257	5.13478	854.455	1108.34
3.69257	5.13478	853.472	1062.39
3.69257	5.13478	852.488	1026.62
3.69257	5.13478	851.5039999999999	1051.84
3.69257	5.13478	850.52	1016.09
3.69257	5.13478	849.535	1056.54
3.69257	5.13478	848.551	1051.27
3.69257	5.13478	847.566	1051.08
3.69257	5.13478	846.581	987.428
3.69257	5.13478	845.596	1043.08
3.69257	5.13478	844.6110000000001	1047.97
3.69257	5.13478	843.6260000000001	1045.24
3.69257	5.13478	842.64	1065.34
3.69257	5.13478	841.654	1120.94
3.69257	5.13478	840.668	1052.28
3.69257	5.13478	839.682	1090.11
3.69257	5.13478	838.696	1082.31
3.69257	5.13478	837.709	1089.72
3.69257	5.13478	836.7230000000001	1016.04
3.69257	5.13478	835.7360000000001	1086.79
3.69257	5.13478	834.7489999999999	1038.47
3.69257	5.13478	833.762	1063.6
3.69257	5.13478	832.7739999999999	1093.79
3.69257	5.13478	831.7869999999999	1144.22
3.69257	5.13478	830.799	1090.86
3.69257	5.13478	829.811	1093.2
3.69257	5.13478	828.823	1173.96
3.69257	5.13478	827.835	1113.04
3.69257	5.13478	826.846	1112.83
3.69257	5.13478	825.857	1062.06
3.69257	5.13478	824.8689999999999	1092.2
3.69257	5.13478	823.88	1102.12
3.69257	5.13478	822.89	1026.1
3.69257	5.13478	821.9010000000001	1078.97
3.69257	5.13478	820.9119999999999	1058.57
3.69257	5.13478	819.922	1030.59
3.69257	5.13478	818.932	1050.61
3.69257	5.13478	817.942	1050.41
3.69257	5.13478	816.952	1052.75
3.69257	5.13478	815.961	1065.18
3.69257	5.13478	814.971	986.75
3.69257	5.13478	813.98	1084.97
3.69257	5.13478	812.9889999999999	988.913
3.69257	5.13478	811.998	1049.27
3.69257	5.13478	811.0060000000001	983.51
3.69257	5.13478	810.015	1109.4
3.69257	5.13478	809.023	1008.36
3.69257	5.13478	808.0310000000001	1025.82
3.69257	5.13478	807.039	1005.47
3.69257	5.13478	806.047	1045.6
3.69257	5.13478	805.054	1042.89
3.69257	5.13478	804.062	1080.48
3.69257	5.13478	803.069	1135.69
3.69257	5.13478	802.076	1044.84
3.69257	5.13478	801.0830000000001	1019.48
3.69257	5.13478	800.0889999999999	1021.81
3.69257	5.13478	799.096	1092.08
3.69257	5.13478	798.102	1086.85
3.69257	5.13478	797.1080000000001	996.0980000000001
3.69257	5.13478	796.1139999999999	1011.01
3.69257	5.13478	795.12	1023.39
3.69257	5.13478	794.1260000000001	1020.69
3.69257	5.13478	793.1310000000001	1053.18
3.69257	5.13478	792.1360000000001	1035.4
3.69257	5.13478	791.1410000000001	1047.78
3.69257	5.13478	790.1460000000001	1027.49
3.69257	5.13478	789.1510000000001	1062.46
3.69257	5.13478	788.155	1004.51
3.69257	5.13478	787.16	1062.08
3.69257	5.13478	786.164	996.6139999999999
3.69257	5.13478	785.168	1089.3
3.69257	5.13478	784.171	1033.89
3.69257	5.13478	783.175	1076.36
3.69257	5.13478	782.178	1051.07
3.69257	5.13478	781.182	1038.34
3.69257	5.13478	780.185	1078.28
3.69257	5.13478	779.188	1078.08
3.69257	5.13478	778.19	1067.86
3.69257	5.13478	777.193	1032.57
3.69257	5.13478	776.195	1105.05
3.69257	5.13478	775.197	1034.7
3.69257	5.13478	774.199	1021.99
3.69257	5.13478	773.201	999.262
3.69257	5.13478	772.202	1086.72
3.69257	5.13478	771.204	1036.45
3.69257	5.13478	770.205	1111.35
3.69257	5.13478	769.206	1056.09
3.69257	5.13478	768.207	1060.9
3.69257	5.13478	767.2080000000001	1000.67
3.69257	5.13478	766.2080000000001	1040.51
3.69257	5.13478	765.2080000000001	1047.82
3.69257	5.13478	764.209	1035.13
3.69257	5.13478	763.2080000000001	1034.94
3.69257	5.13478	762.2080000000001	1087.24
3.69257	5.13478	761.2080000000001	1079.54
3.69257	5.13478	760.207	1086.84
3.69257	5.13478	759.206	1094.13
3.69257	5.13478	758.205	1126.4
3.69257	5.13478	757.204	1093.73
3.69257	5.13478	756.203	1143.47
3.69257	5.13478	755.201	1143.26
3.69257	5.13478	754.2	1163.02
3.69257	5.13478	753.198	1177.77
3.69257	5.13478	752.196	1242.43
3.69257	5.13478	751.193	1147.41
3.69257	5.13478	750.191	1154.68
3.69257	5.13478	749.188	1194.37
3.69257	5.13478	748.186	1221.57
3.69257	5.13478	747.183	1231.32
3.69257	5.13478	746.179	1208.67
3.69257	5.13478	745.176	1181.04
3.69257	5.13478	744.173	1175.84
3.69257	5.13478	743.169	1190.57
3.69257	5.13478	742.165	1058.37
3.69257	5.13478	741.1610000000001	1155.27
3.69257	5.13478	740.1569999999999	1130.17
3.69257	5.13478	739.1519999999999	1164.81
3.69257	5.13478	738.1469999999999	1144.69
3.69257	5.13478	737.143	1112.13
3.69257	5.13478	736.138	1203.97
3.69257	5.13478	735.132	1223.65
3.69257	5.13478	734.127	1156.28
3.69257	5.13478	733.122	1258.0
3.69257	5.13478	732.1160000000001	1232.92
3.69257	5.13478	731.11	1230.21
3.69257	5.13478	730.1039999999999	1242.4
3.69257	5.13478	729.097	1279.44
3.69257	5.13478	728.091	1194.76
3.69257	5.13478	727.084	1214.4
3.69257	5.13478	726.077	1340.81
3.69257	5.13478	725.07	1206.51
3.69257	5.13478	724.063	1340.32
3.69257	5.13478	723.056	1238.33
3.69257	5.13478	722.048	1238.1
3.69257	5.13478	721.04	1262.69
3.69257	5.13478	720.0319999999999	1250.05
3.69257	5.13478	719.0239999999999	1215.11
3.69257	5.13478	718.0160000000001	1207.45
3.69257	5.13478	717.007	1214.66
3.69257	5.13478	715.9989999999999	1224.35
3.69257	5.13478	714.99	1125.01
3.69257	5.13478	713.9810000000001	1179.31
3.69257	5.13478	712.972	1129.55
3.69257	5.13478	711.962	1084.76
3.69257	5.13478	710.953	1067.23
3.69257	5.13478	709.943	1141.31
3.69257	5.13478	708.933	1101.49
3.69257	5.13478	707.923	1041.9
3.69257	5.13478	706.9119999999999	1073.87
3.69257	5.13478	705.9019999999999	1086.04
3.69257	5.13478	704.8910000000001	1088.32
3.69257	5.13478	703.88	1102.96
3.69257	5.13478	702.8689999999999	1179.4
3.69257	5.13478	701.8580000000001	1112.44
3.69257	5.13478	700.846	1010.9
3.69257	5.13478	699.834	1028.01
3.69257	5.13478	698.823	1079.71
3.69257	5.13478	697.811	1091.86
3.69257	5.13478	696.798	1022.51
3.69257	5.13478	695.7860000000001	1145.79
3.69257	5.13478	694.773	1130.76
3.69257	5.13478	693.7610000000001	1073.78
3.69257	5.13478	692.748	1071.12
3.69257	5.13478	691.7339999999999	1100.53
3.69257	5.13478	690.721	1097.86
3.69257	5.13478	689.7080000000001	1156.86
3.69257	5.13478	688.694	1114.72
3.69257	5.13478	687.68	1158.9
3.69257	5.13478	686.666	1203.06
3.69257	5.13478	685.6519999999999	1165.87
3.69257	5.13478	684.637	1227.27
3.69257	5.13478	683.623	1103.84
3.69257	5.13478	682.6080000000001	1157.84
3.69257	5.13478	681.5930000000001	1076.34
3.69257	5.13478	680.578	1078.61
3.69257	5.13478	679.562	1093.18
3.69257	5.13478	678.547	1028.98
3.69257	5.13478	677.5310000000001	1033.71
3.69257	5.13478	676.515	1191.01
3.69257	5.13478	675.4989999999999	1153.89
3.69257	5.13478	674.482	1097.1
3.69257	5.13478	673.466	1082.14
3.69257	5.13478	672.449	1054.89
3.69257	5.13478	671.432	1071.91
3.69257	5.13478	670.415	1071.71
3.69257	5.13478	669.398	1019.91
3.69257	5.13478	668.3810000000001	1098.35
3.69257	5.13478	667.363	1063.75
3.69257	5.13478	666.345	1100.4
3.69257	5.13478	665.327	1146.86
3.69257	5.13478	664.309	1131.91
3.69257	5.13478	663.291	1146.43
3.69257	5.13478	662.2719999999999	1084.86
3.69257	5.13478	661.253	1177.91
3.69257	5.13478	660.2339999999999	1131.08
3.69257	5.13478	659.215	1094.08
3.69257	5.13478	658.196	1093.88
3.69257	5.13478	657.176	1167.24
3.69257	5.13478	656.1569999999999	1127.8
3.69257	5.13478	655.137	1149.65
3.69257	5.13478	654.117	1181.3
3.69257	5.13478	653.097	1107.57
3.69257	5.13478	652.076	1242.11
3.69257	5.13478	651.056	1190.45
3.69257	5.13478	650.035	1168.19
3.69257	5.13478	649.014	1150.83
3.69257	5.13478	647.993	1113.9
3.69257	5.13478	646.971	1145.51
3.69257	5.13478	645.95	1155.09
3.69257	5.13478	644.928	1098.6
3.69257	5.13478	643.906	1103.29
3.69257	5.13478	642.884	1103.09
3.69257	5.13478	641.861	1127.34
3.69257	5.13478	640.839	1100.24
3.69257	5.13478	639.816	1104.92
3.69257	5.13478	638.793	1131.6
3.69257	5.13478	637.77	1060.53
3.69257	5.13478	636.747	1104.31
3.69257	5.13478	635.724	1128.53
3.69257	5.13478	634.7	1111.23
3.69257	5.13478	633.6759999999999	1142.77
3.69257	5.13478	632.6519999999999	1113.26
3.69257	5.13478	631.628	1120.38
3.69257	5.13478	630.6030000000001	1103.09
3.69257	5.13478	629.5790000000001	1098.01
3.69257	5.13478	628.554	1175.87
3.69257	5.13478	627.529	1168.34
3.69257	5.13478	626.504	1126.66
3.69257	5.13478	625.479	1243.49
3.69257	5.13478	624.453	1265.2
3.69257	5.13478	623.427	1216.22
3.69257	5.13478	622.401	1140.45
3.69257	5.13478	621.375	1152.42
3.69257	5.13478	620.349	1183.88
3.69257	5.13478	619.323	1120.34
3.69257	5.13478	618.2959999999999	1049.51
3.69257	5.13478	617.269	1110.19
3.69257	5.13478	616.242	1100.24
3.69257	5.13478	615.215	1048.93
3.69257	5.13478	614.187	1068.21
3.69257	5.13478	613.16	1068.01
3.69257	5.13478	612.132	1082.41
3.69257	5.13478	611.104	1106.52
3.69257	5.13478	610.076	1128.2
3.69257	5.13478	609.047	1057.5
3.69257	5.13478	608.019	1069.45
3.69257	5.13478	606.99	1100.85
3.69257	5.13478	605.961	1039.9
3.69257	5.13478	604.932	1039.71
3.69257	5.13478	603.903	1024.94
3.69257	5.13478	602.873	1058.75
3.69257	5.13478	601.844	1000.29
3.69257	5.13478	600.814	1031.66
