4.67205	-9.8332	1799.31	1702.23
4.67205	-9.8332	1798.5	1756.94
4.67205	-9.8332	1797.68	1750.53
4.67205	-9.8332	1796.86	1704.42
4.67205	-9.8332	1796.04	1649.16
4.67205	-9.8332	1795.22	1749.65
4.67205	-9.8332	1794.4	1685.24
4.67205	-9.8332	1793.58	1761.26
4.67205	-9.8332	1792.76	1620.58
4.67205	-9.8332	1791.94	1751.52
4.67205	-9.8332	1791.13	1684.1
4.67205	-9.8332	1790.31	1769.23
4.67205	-9.8332	1789.49	1741.48
4.67205	-9.8332	1788.67	1722.89
4.67205	-9.8332	1787.85	1774.43
4.67205	-9.8332	1787.03	1810.71
4.67205	-9.8332	1786.21	1722.01
4.67205	-9.8332	1785.39	1724.77
4.67205	-9.8332	1784.56	1730.57
4.67205	-9.8332	1783.74	1718.1
4.67205	-9.8332	1782.92	1742.17
4.67205	-9.8332	1782.1	1775.37
4.67205	-9.8332	1781.28	1857.28
4.67205	-9.8332	1780.46	1750.42
4.67205	-9.8332	1779.64	1780.56
4.67205	-9.8332	1778.82	1786.35
4.67205	-9.8332	1778.0	1783.0
4.67205	-9.8332	1777.17	1633.64
4.67205	-9.8332	1776.35	1846.27
4.67205	-9.8332	1775.53	1870.29
4.67205	-9.8332	1774.71	1727.07
4.67205	-9.8332	1773.89	1769.33
4.67205	-9.8332	1773.06	1705.2
4.67205	-9.8332	1772.24	1662.37
4.67205	-9.8332	1771.42	1883.9
4.67205	-9.8332	1770.59	1765.1
4.67205	-9.8332	1769.77	1758.73
4.67205	-9.8332	1768.95	1803.98
4.67205	-9.8332	1768.12	1846.19
4.67205	-9.8332	1767.3	1763.91
4.67205	-9.8332	1766.48	1827.35
4.67205	-9.8332	1765.65	1651.02
4.67205	-9.8332	1764.83	1714.46
4.67205	-9.8332	1764.01	1802.15
4.67205	-9.8332	1763.18	1847.35
4.67205	-9.8332	1762.36	1810.64
4.67205	-9.8332	1761.53	1719.36
4.67205	-9.8332	1760.71	1828.22
4.67205	-9.8332	1759.88	1833.97
4.67205	-9.8332	1759.06	1809.42
4.67205	-9.8332	1758.23	1766.68
4.67205	-9.8332	1757.41	1820.92
4.67205	-9.8332	1756.58	1817.58
4.67205	-9.8332	1755.76	1802.13
4.67205	-9.8332	1754.93	1783.66
4.67205	-9.8332	1754.11	1780.33
4.67205	-9.8332	1753.28	1755.81
4.67205	-9.8332	1752.46	1707.08
4.67205	-9.8332	1751.63	1836.92
4.67205	-9.8332	1750.8	1806.35
4.67205	-9.8332	1749.98	1872.6
4.67205	-9.8332	1749.15	1881.36
4.67205	-9.8332	1748.32	1847.77
4.67205	-9.8332	1747.5	1871.65
4.67205	-9.8332	1746.67	1850.17
4.67205	-9.8332	1745.84	1837.77
4.67205	-9.8332	1745.02	1789.1
4.67205	-9.8332	1744.19	1897.58
4.67205	-9.8332	1743.36	1836.83
4.67205	-9.8332	1742.53	1851.62
4.67205	-9.8332	1741.71	1796.95
4.67205	-9.8332	1740.88	1917.43
4.67205	-9.8332	1740.05	1938.23
4.67205	-9.8332	1739.22	1856.41
4.67205	-9.8332	1738.39	1892.31
4.67205	-9.8332	1737.56	1946.3
4.67205	-9.8332	1736.74	1955.02
4.67205	-9.8332	1735.91	1858.16
4.67205	-9.8332	1735.08	1881.98
4.67205	-9.8332	1734.25	1917.84
4.67205	-9.8332	1733.42	1983.85
4.67205	-9.8332	1732.59	1862.93
4.67205	-9.8332	1731.76	1835.49
4.67205	-9.8332	1730.93	1988.86
4.67205	-9.8332	1730.1	2003.59
4.67205	-9.8332	1729.27	1933.96
4.67205	-9.8332	1728.44	1930.62
4.67205	-9.8332	1727.61	1996.55
4.67205	-9.8332	1726.78	1993.2
4.67205	-9.8332	1725.95	1983.83
4.67205	-9.8332	1725.12	1950.38
4.67205	-9.8332	1724.29	1959.08
4.67205	-9.8332	1723.46	2042.99
4.67205	-9.8332	1722.63	2015.57
4.67205	-9.8332	1721.8	1985.15
4.67205	-9.8332	1720.96	1957.75
4.67205	-9.8332	1720.13	2032.59
4.67205	-9.8332	1719.3	2089.36
4.67205	-9.8332	1718.47	2070.97
4.67205	-9.8332	1717.64	2094.66
4.67205	-9.8332	1716.81	2007.17
4.67205	-9.8332	1715.97	1901.68
4.67205	-9.8332	1715.14	2066.56
4.67205	-9.8332	1714.31	2006.14
4.67205	-9.8332	1713.48	2053.85
4.67205	-9.8332	1712.64	2020.47
4.67205	-9.8332	1711.81	2083.17
4.67205	-9.8332	1710.98	2106.82
4.67205	-9.8332	1710.14	2100.46
4.67205	-9.8332	1709.31	2061.1
4.67205	-9.8332	1708.48	2189.74
4.67205	-9.8332	1707.64	2159.37
4.67205	-9.8332	1706.81	2177.0
4.67205	-9.8332	1705.98	2098.68
4.67205	-9.8332	1705.14	2149.28
4.67205	-9.8332	1704.31	2220.84
4.67205	-9.8332	1703.47	2136.56
4.67205	-9.8332	1702.64	2238.07
4.67205	-9.8332	1701.81	2120.86
4.67205	-9.8332	1700.97	2276.24
4.67205	-9.8332	1700.14	2195.0
4.67205	-9.8332	1699.3	2173.67
4.67205	-9.8332	1698.47	2215.21
4.67205	-9.8332	1697.63	2289.66
4.67205	-9.8332	1696.79	2337.15
4.67205	-9.8332	1695.96	2276.91
4.67205	-9.8332	1695.12	2351.31
4.67205	-9.8332	1694.29	2249.22
4.67205	-9.8332	1693.45	2365.46
4.67205	-9.8332	1692.62	2263.4
4.67205	-9.8332	1691.78	2295.9
4.67205	-9.8332	1690.94	2388.17
4.67205	-9.8332	1690.11	2262.24
4.67205	-9.8332	1689.27	2417.23
4.67205	-9.8332	1688.43	2383.96
4.67205	-9.8332	1687.6	2374.59
4.67205	-9.8332	1686.76	2377.17
4.67205	-9.8332	1685.92	2448.43
4.67205	-9.8332	1685.08	2394.28
4.67205	-9.8332	1684.25	2450.58
4.67205	-9.8332	1683.41	2348.7
4.67205	-9.8332	1682.57	2336.36
4.67205	-9.8332	1681.73	2491.1
4.67205	-9.8332	1680.89	2404.17
4.67205	-9.8332	1680.06	2409.72
4.67205	-9.8332	1679.22	2370.55
4.67205	-9.8332	1678.38	2456.6
4.67205	-9.8332	1677.54	2405.51
4.67205	-9.8332	1676.7	2339.54
4.67205	-9.8332	1675.86	2348.08
4.67205	-9.8332	1675.02	2428.12
4.67205	-9.8332	1674.18	2445.58
4.67205	-9.8332	1673.35	2474.94
4.67205	-9.8332	1672.51	2459.63
4.67205	-9.8332	1671.67	2417.53
4.67205	-9.8332	1670.83	2458.79
4.67205	-9.8332	1669.99	2428.61
4.67205	-9.8332	1669.15	2481.76
4.67205	-9.8332	1668.31	2567.62
4.67205	-9.8332	1667.47	2579.08
4.67205	-9.8332	1666.62	2593.51
4.67205	-9.8332	1665.78	2518.73
4.67205	-9.8332	1664.94	2553.97
4.67205	-9.8332	1664.1	2577.32
4.67205	-9.8332	1663.26	2526.35
4.67205	-9.8332	1662.42	2659.65
4.67205	-9.8332	1661.58	2662.17
4.67205	-9.8332	1660.74	2560.71
4.67205	-9.8332	1659.9	2652.35
4.67205	-9.8332	1659.05	2726.14
4.67205	-9.8332	1658.21	2660.35
4.67205	-9.8332	1657.37	2642.08
4.67205	-9.8332	1656.53	2606.01
4.67205	-9.8332	1655.68	2700.53
4.67205	-9.8332	1654.84	2616.99
4.67205	-9.8332	1654.0	2702.58
4.67205	-9.8332	1653.16	2633.9
4.67205	-9.8332	1652.31	2648.27
4.67205	-9.8332	1651.47	2787.18
4.67205	-9.8332	1650.63	2721.49
4.67205	-9.8332	1649.78	2759.55
4.67205	-9.8332	1648.94	2806.5
4.67205	-9.8332	1648.1	2874.17
4.67205	-9.8332	1647.25	2909.23
4.67205	-9.8332	1646.41	2923.54
4.67205	-9.8332	1645.56	2952.66
4.67205	-9.8332	1644.72	3014.34
4.67205	-9.8332	1643.88	2939.81
4.67205	-9.8332	1643.03	3034.03
4.67205	-9.8332	1642.19	2983.2
4.67205	-9.8332	1641.34	3074.42
4.67205	-9.8332	1640.5	3171.52
4.67205	-9.8332	1639.65	3097.03
4.67205	-9.8332	1638.81	3250.29
4.67205	-9.8332	1637.96	3231.99
4.67205	-9.8332	1637.11	3482.74
4.67205	-9.8332	1636.27	3417.12
4.67205	-9.8332	1635.42	3354.47
4.67205	-9.8332	1634.58	3442.54
4.67205	-9.8332	1633.73	3512.86
4.67205	-9.8332	1632.88	3447.27
4.67205	-9.8332	1632.04	3488.03
4.67205	-9.8332	1631.19	3623.27
4.67205	-9.8332	1630.34	3498.65
4.67205	-9.8332	1629.5	3604.32
4.67205	-9.8332	1628.65	3535.82
4.67205	-9.8332	1627.8	3662.11
4.67205	-9.8332	1626.96	3826.7
4.67205	-9.8332	1626.11	3823.1
4.67205	-9.8332	1625.26	3919.78
4.67205	-9.8332	1624.41	3851.28
4.67205	-9.8332	1623.57	3912.54
4.67205	-9.8332	1622.72	4003.25
4.67205	-9.8332	1621.87	4179.41
4.67205	-9.8332	1621.02	4069.66
4.67205	-9.8332	1620.17	4107.27
4.67205	-9.8332	1619.32	4024.08
4.67205	-9.8332	1618.47	4335.6
4.67205	-9.8332	1617.63	4240.62
4.67205	-9.8332	1616.78	4172.18
4.67205	-9.8332	1615.93	4286.27
4.67205	-9.8332	1615.08	4282.6
4.67205	-9.8332	1614.23	4302.46
4.67205	-9.8332	1613.38	4448.84
4.67205	-9.8332	1612.53	4253.92
4.67205	-9.8332	1611.68	4479.68
4.67205	-9.8332	1610.83	4378.92
4.67205	-9.8332	1609.98	4445.8
4.67205	-9.8332	1609.13	4474.43
4.67205	-9.8332	1608.28	4503.06
4.67205	-9.8332	1607.43	4581.64
4.67205	-9.8332	1606.58	4539.72
4.67205	-9.8332	1605.73	4403.8
4.67205	-9.8332	1604.87	4555.78
4.67205	-9.8332	1604.02	4581.44
4.67205	-9.8332	1603.17	4565.97
4.67205	-9.8332	1602.32	4544.64
4.67205	-9.8332	1601.47	4552.66
4.67205	-9.8332	1600.62	4669.27
4.67205	-9.8332	1599.76	4709.55
4.67205	-9.8332	1598.91	4653.0
4.67205	-9.8332	1598.06	4596.47
4.67205	-9.8332	1597.21	4616.22
4.67205	-9.8332	1596.36	4779.63
4.67205	-9.8332	1595.5	4761.22
4.67205	-9.8332	1594.65	4561.08
4.67205	-9.8332	1593.8	4686.32
4.67205	-9.8332	1592.94	4635.7
4.67205	-9.8332	1592.09	4769.68
4.67205	-9.8332	1591.24	4751.28
4.67205	-9.8332	1590.38	4806.11
4.67205	-9.8332	1589.53	4875.57
4.67205	-9.8332	1588.68	4895.23
4.67205	-9.8332	1587.82	4903.17
4.67205	-9.8332	1586.97	4905.25
4.67205	-9.8332	1586.11	4848.81
4.67205	-9.8332	1585.26	4903.57
4.67205	-9.8332	1584.4	4952.46
4.67205	-9.8332	1583.55	4828.77
4.67205	-9.8332	1582.69	4784.08
4.67205	-9.8332	1581.84	5011.31
4.67205	-9.8332	1580.98	5130.3
4.67205	-9.8332	1580.13	5032.97
4.67205	-9.8332	1579.27	4959.05
4.67205	-9.8332	1578.42	5022.47
4.67205	-9.8332	1577.56	4849.26
4.67205	-9.8332	1576.71	5017.83
4.67205	-9.8332	1575.85	4815.47
4.67205	-9.8332	1574.99	4808.8
4.67205	-9.8332	1574.14	4758.35
4.67205	-9.8332	1573.28	4903.47
4.67205	-9.8332	1572.42	4567.03
4.67205	-9.8332	1571.57	4554.58
4.67205	-9.8332	1570.71	4816.34
4.67205	-9.8332	1569.85	4634.68
4.67205	-9.8332	1569.0	4651.38
4.67205	-9.8332	1568.14	4627.26
4.67205	-9.8332	1567.28	4635.21
4.67205	-9.8332	1566.42	4794.72
4.67205	-9.8332	1565.56	4563.67
4.67205	-9.8332	1564.71	4551.23
4.67205	-9.8332	1563.85	4518.4
4.67205	-9.8332	1562.99	4593.36
4.67205	-9.8332	1562.13	4790.6
4.67205	-9.8332	1561.27	4571.4
4.67205	-9.8332	1560.41	4553.14
4.67205	-9.8332	1559.56	4747.38
4.67205	-9.8332	1558.7	4752.38
4.67205	-9.8332	1557.84	4664.27
4.67205	-9.8332	1556.98	4602.38
4.67205	-9.8332	1556.12	4613.22
4.67205	-9.8332	1555.26	4810.19
4.67205	-9.8332	1554.4	4789.01
4.67205	-9.8332	1553.54	4668.99
4.67205	-9.8332	1552.68	4630.4
4.67205	-9.8332	1551.82	4873.72
4.67205	-9.8332	1550.96	4925.19
4.67205	-9.8332	1550.1	4779.08
4.67205	-9.8332	1549.24	4972.87
4.67205	-9.8332	1548.38	4815.19
4.67205	-9.8332	1547.52	4892.76
4.67205	-9.8332	1546.65	5048.69
4.67205	-9.8332	1545.79	4809.8
4.67205	-9.8332	1544.93	5296.54
4.67205	-9.8332	1544.07	5211.48
4.67205	-9.8332	1543.21	5161.26
4.67205	-9.8332	1542.35	5084.96
4.67205	-9.8332	1541.48	5252.29
4.67205	-9.8332	1540.62	5521.06
4.67205	-9.8332	1539.76	5592.59
4.67205	-9.8332	1538.9	5443.79
4.67205	-9.8332	1538.04	5509.52
4.67205	-9.8332	1537.17	5647.66
4.67205	-9.8332	1536.31	5779.96
4.67205	-9.8332	1535.45	5729.72
4.67205	-9.8332	1534.58	5757.69
4.67205	-9.8332	1533.72	5985.46
4.67205	-9.8332	1532.86	6172.62
4.67205	-9.8332	1531.99	6353.92
4.67205	-9.8332	1531.13	6057.62
4.67205	-9.8332	1530.27	6296.75
4.67205	-9.8332	1529.4	6454.8
4.67205	-9.8332	1528.54	6447.9
4.67205	-9.8332	1527.67	6336.88
4.67205	-9.8332	1526.81	6515.08
4.67205	-9.8332	1525.94	6788.62
4.67205	-9.8332	1525.08	6914.64
4.67205	-9.8332	1524.21	7176.46
4.67205	-9.8332	1523.35	7342.83
4.67205	-9.8332	1522.48	7376.23
4.67205	-9.8332	1521.62	7701.39
4.67205	-9.8332	1520.75	7890.69
4.67205	-9.8332	1519.89	7863.34
4.67205	-9.8332	1519.02	7925.5
4.67205	-9.8332	1518.15	8140.64
4.67205	-9.8332	1517.29	8349.93
4.67205	-9.8332	1516.42	8028.17
4.67205	-9.8332	1515.56	7746.92
4.67205	-9.8332	1514.69	7837.89
4.67205	-9.8332	1513.82	7908.65
4.67205	-9.8332	1512.96	7466.06
4.67205	-9.8332	1512.09	7421.53
4.67205	-9.8332	1511.22	7460.61
4.67205	-9.8332	1510.35	7153.8
4.67205	-9.8332	1509.49	7112.22
4.67205	-9.8332	1508.62	6750.83
4.67205	-9.8332	1507.75	6622.91
4.67205	-9.8332	1506.88	6538.24
4.67205	-9.8332	1506.01	6499.67
4.67205	-9.8332	1505.15	6089.69
4.67205	-9.8332	1504.28	5864.09
4.67205	-9.8332	1503.41	6055.93
4.67205	-9.8332	1502.54	5781.49
4.67205	-9.8332	1501.67	5538.8
4.67205	-9.8332	1500.8	5379.62
4.67205	-9.8332	1499.93	5393.07
4.67205	-9.8332	1499.06	5409.39
4.67205	-9.8332	1498.19	5261.82
4.67205	-9.8332	1497.32	5166.04
4.67205	-9.8332	1496.46	5073.17
4.67205	-9.8332	1495.59	5006.2
4.67205	-9.8332	1494.72	4830.06
4.67205	-9.8332	1493.84	4809.11
4.67205	-9.8332	1492.97	4684.77
4.67205	-9.8332	1492.1	4735.65
4.67205	-9.8332	1491.23	4671.67
4.67205	-9.8332	1490.36	4613.44
4.67205	-9.8332	1489.49	4362.92
4.67205	-9.8332	1488.62	4428.18
4.67205	-9.8332	1487.75	4542.19
4.67205	-9.8332	1486.88	4535.66
4.67205	-9.8332	1486.01	4222.23
4.67205	-9.8332	1485.13	4347.68
4.67205	-9.8332	1484.26	4475.96
4.67205	-9.8332	1483.39	4291.71
4.67205	-9.8332	1482.52	4290.97
4.67205	-9.8332	1481.65	4298.82
4.67205	-9.8332	1480.77	4372.58
4.67205	-9.8332	1479.9	4477.82
4.67205	-9.8332	1479.03	4313.78
4.67205	-9.8332	1478.16	4287.26
4.67205	-9.8332	1477.28	4234.97
4.67205	-9.8332	1476.41	4300.09
4.67205	-9.8332	1475.54	4356.59
4.67205	-9.8332	1474.66	4229.91
4.67205	-9.8332	1473.79	4363.67
4.67205	-9.8332	1472.91	4448.74
4.67205	-9.8332	1472.04	4322.11
4.67205	-9.8332	1471.17	4298.48
4.67205	-9.8332	1470.29	4297.74
4.67205	-9.8332	1469.42	4588.61
4.67205	-9.8332	1468.54	4416.3
4.67205	-9.8332	1467.67	4406.97
4.67205	-9.8332	1466.79	4360.48
4.67205	-9.8332	1465.92	4488.29
4.67205	-9.8332	1465.04	4404.68
4.67205	-9.8332	1464.17	4452.47
4.67205	-9.8332	1463.29	4394.58
4.67205	-9.8332	1462.42	4662.19
4.67205	-9.8332	1461.54	4578.6
4.67205	-9.8332	1460.66	4629.18
4.67205	-9.8332	1459.79	4656.92
4.67205	-9.8332	1458.91	4661.81
4.67205	-9.8332	1458.04	4763.7
4.67205	-9.8332	1457.16	4859.84
4.67205	-9.8332	1456.28	4764.9
4.67205	-9.8332	1455.41	4858.16
4.67205	-9.8332	1454.53	4845.91
4.67205	-9.8332	1453.65	4813.72
4.67205	-9.8332	1452.77	4961.06
4.67205	-9.8332	1451.9	4863.33
4.67205	-9.8332	1451.02	5004.92
4.67205	-9.8332	1450.14	5012.6
4.67205	-9.8332	1449.26	4971.86
4.67205	-9.8332	1448.39	4751.77
4.67205	-9.8332	1447.51	5032.76
4.67205	-9.8332	1446.63	5057.5
4.67205	-9.8332	1445.75	4968.41
4.67205	-9.8332	1444.87	5018.76
4.67205	-9.8332	1443.99	5293.82
4.67205	-9.8332	1443.11	5511.9
4.67205	-9.8332	1442.23	5482.5
4.67205	-9.8332	1441.35	5564.0
4.67205	-9.8332	1440.48	5790.45
4.67205	-9.8332	1439.6	5931.55
4.67205	-9.8332	1438.72	5896.42
4.67205	-9.8332	1437.84	6000.52
4.67205	-9.8332	1436.96	5965.39
4.67205	-9.8332	1436.08	5881.99
4.67205	-9.8332	1435.2	5682.19
4.67205	-9.8332	1434.31	5664.17
4.67205	-9.8332	1433.43	5512.74
4.67205	-9.8332	1432.55	5247.83
4.67205	-9.8332	1431.67	5255.43
4.67205	-9.8332	1430.79	5175.08
4.67205	-9.8332	1429.91	4921.71
4.67205	-9.8332	1429.03	4739.34
4.67205	-9.8332	1428.15	4880.3
4.67205	-9.8332	1427.27	4666.81
4.67205	-9.8332	1426.38	4527.09
4.67205	-9.8332	1425.5	4597.16
4.67205	-9.8332	1424.62	4457.51
4.67205	-9.8332	1423.74	4510.57
4.67205	-9.8332	1422.85	4390.81
4.67205	-9.8332	1421.97	4421.2
4.67205	-9.8332	1421.09	4309.99
4.67205	-9.8332	1420.21	4244.12
4.67205	-9.8332	1419.32	4243.39
4.67205	-9.8332	1418.44	4115.28
4.67205	-9.8332	1417.56	4275.87
4.67205	-9.8332	1416.67	4113.85
4.67205	-9.8332	1415.79	4226.29
4.67205	-9.8332	1414.9	4239.7
4.67205	-9.8332	1414.02	4221.99
4.67205	-9.8332	1413.14	4105.34
4.67205	-9.8332	1412.25	4005.68
4.67205	-9.8332	1411.37	4265.01
4.67205	-9.8332	1410.48	4258.62
4.67205	-9.8332	1409.6	4260.71
4.67205	-9.8332	1408.71	4333.41
4.67205	-9.8332	1407.83	4197.09
4.67205	-9.8332	1406.94	4105.99
4.67205	-9.8332	1406.06	4260.56
4.67205	-9.8332	1405.17	4319.1
4.67205	-9.8332	1404.29	4253.44
4.67205	-9.8332	1403.4	4275.27
4.67205	-9.8332	1402.51	4297.1
4.67205	-9.8332	1401.63	4476.89
4.67205	-9.8332	1400.74	4185.61
4.67205	-9.8332	1399.85	4244.1
4.67205	-9.8332	1398.97	4522.49
4.67205	-9.8332	1398.08	4389.21
4.67205	-9.8332	1397.19	4554.74
4.67205	-9.8332	1396.31	4537.04
4.67205	-9.8332	1395.42	4744.74
4.67205	-9.8332	1394.53	4822.79
4.67205	-9.8332	1393.64	4867.02
4.67205	-9.8332	1392.76	4976.0
4.67205	-9.8332	1391.87	5020.18
4.67205	-9.8332	1390.98	5472.54
4.67205	-9.8332	1390.09	5313.97
4.67205	-9.8332	1389.2	5465.0
4.67205	-9.8332	1388.32	5523.14
4.67205	-9.8332	1387.43	5494.04
4.67205	-9.8332	1386.54	5614.03
4.67205	-9.8332	1385.65	5525.87
4.67205	-9.8332	1384.76	5339.34
4.67205	-9.8332	1383.87	5588.6
4.67205	-9.8332	1382.98	5475.2
4.67205	-9.8332	1382.09	5344.98
4.67205	-9.8332	1381.2	5096.8
4.67205	-9.8332	1380.31	5219.51
4.67205	-9.8332	1379.42	5274.78
4.67205	-9.8332	1378.53	5119.4
4.67205	-9.8332	1377.64	4927.59
4.67205	-9.8332	1376.75	4811.63
4.67205	-9.8332	1375.86	4996.04
4.67205	-9.8332	1374.97	4728.57
4.67205	-9.8332	1374.08	4674.43
4.67205	-9.8332	1373.19	4631.54
4.67205	-9.8332	1372.3	4756.95
4.67205	-9.8332	1371.4	4531.77
4.67205	-9.8332	1370.51	4542.2
4.67205	-9.8332	1369.62	4614.29
4.67205	-9.8332	1368.73	4605.08
4.67205	-9.8332	1367.84	4483.77
4.67205	-9.8332	1366.94	4502.6
4.67205	-9.8332	1366.05	4501.82
4.67205	-9.8332	1365.16	4674.69
4.67205	-9.8332	1364.27	4587.06
4.67205	-9.8332	1363.37	4499.46
4.67205	-9.8332	1362.48	4442.69
4.67205	-9.8332	1361.59	4593.05
4.67205	-9.8332	1360.69	4502.7
4.67205	-9.8332	1359.8	4459.95
4.67205	-9.8332	1358.91	4696.95
4.67205	-9.8332	1358.01	4570.27
4.67205	-9.8332	1357.12	4698.11
4.67205	-9.8332	1356.22	4683.31
4.67205	-9.8332	1355.33	4609.81
4.67205	-9.8332	1354.44	4759.93
4.67205	-9.8332	1353.54	4968.69
4.67205	-9.8332	1352.65	4833.71
4.67205	-9.8332	1351.75	5053.56
4.67205	-9.8332	1350.86	4991.23
4.67205	-9.8332	1349.96	5258.44
4.67205	-9.8332	1349.07	5031.36
4.67205	-9.8332	1348.17	5301.27
4.67205	-9.8332	1347.28	5319.88
4.67205	-9.8332	1346.38	5310.58
4.67205	-9.8332	1345.48	5329.18
4.67205	-9.8332	1344.59	5185.98
4.67205	-9.8332	1343.69	5212.96
4.67205	-9.8332	1342.79	5435.15
4.67205	-9.8332	1341.9	5506.69
4.67205	-9.8332	1341.0	5455.55
4.67205	-9.8332	1340.1	5404.42
4.67205	-9.8332	1339.21	5829.85
4.67205	-9.8332	1338.31	5617.08
4.67205	-9.8332	1337.41	5549.23
4.67205	-9.8332	1336.51	5732.09
4.67205	-9.8332	1335.62	5970.58
4.67205	-9.8332	1334.72	5927.77
4.67205	-9.8332	1333.82	5971.28
4.67205	-9.8332	1332.92	6042.6
4.67205	-9.8332	1332.02	6297.56
4.67205	-9.8332	1331.13	6299.24
4.67205	-9.8332	1330.23	6331.52
4.67205	-9.8332	1329.33	6488.95
4.67205	-9.8332	1328.43	6501.72
4.67205	-9.8332	1327.53	6592.34
4.67205	-9.8332	1326.63	6669.02
4.67205	-9.8332	1325.73	6767.91
4.67205	-9.8332	1324.83	6969.59
4.67205	-9.8332	1323.93	7190.65
4.67205	-9.8332	1323.03	7083.82
4.67205	-9.8332	1322.13	7110.36
4.67205	-9.8332	1321.23	7272.96
4.67205	-9.8332	1320.33	7535.45
4.67205	-9.8332	1319.43	7656.28
4.67205	-9.8332	1318.53	7424.57
4.67205	-9.8332	1317.63	7537.04
4.67205	-9.8332	1316.73	7796.53
4.67205	-9.8332	1315.83	7667.56
4.67205	-9.8332	1314.93	7652.35
4.67205	-9.8332	1314.02	7379.24
4.67205	-9.8332	1313.12	7400.13
4.67205	-9.8332	1312.22	7423.78
4.67205	-9.8332	1311.32	7117.6
4.67205	-9.8332	1310.42	6720.07
4.67205	-9.8332	1309.51	6857.43
4.67205	-9.8332	1308.61	6753.73
4.67205	-9.8332	1307.71	6528.2
4.67205	-9.8332	1306.81	6203.06
4.67205	-9.8332	1305.9	6309.95
4.67205	-9.8332	1305.0	6170.43
4.67205	-9.8332	1304.1	6017.12
4.67205	-9.8332	1303.19	5750.41
4.67205	-9.8332	1302.29	5824.1
4.67205	-9.8332	1301.39	5856.28
4.67205	-9.8332	1300.48	5780.57
4.67205	-9.8332	1299.58	5660.65
4.67205	-9.8332	1298.67	5648.6
4.67205	-9.8332	1297.77	5550.85
4.67205	-9.8332	1296.86	5417.21
4.67205	-9.8332	1295.96	5311.25
4.67205	-9.8332	1295.06	5409.79
4.67205	-9.8332	1294.15	5301.1
4.67205	-9.8332	1293.25	5302.94
4.67205	-9.8332	1292.34	5227.45
4.67205	-9.8332	1291.43	5071.91
4.67205	-9.8332	1290.53	5267.02
4.67205	-9.8332	1289.62	5053.57
4.67205	-9.8332	1288.72	5209.98
4.67205	-9.8332	1287.81	5021.45
4.67205	-9.8332	1286.9	5130.91
4.67205	-9.8332	1286.0	5061.06
4.67205	-9.8332	1285.09	4867.14
4.67205	-9.8332	1284.18	5053.77
4.67205	-9.8332	1283.28	5091.47
4.67205	-9.8332	1282.37	5181.53
4.67205	-9.8332	1281.46	5136.53
4.67205	-9.8332	1280.56	5515.84
4.67205	-9.8332	1279.65	5539.66
4.67205	-9.8332	1278.74	5428.52
4.67205	-9.8332	1277.83	5311.91
4.67205	-9.8332	1276.93	5525.73
4.67205	-9.8332	1276.02	5535.77
4.67205	-9.8332	1275.11	5496.26
4.67205	-9.8332	1274.2	5520.06
4.67205	-9.8332	1273.29	5464.07
4.67205	-9.8332	1272.38	5696.93
4.67205	-9.8332	1271.47	5792.19
4.67205	-9.8332	1270.56	5802.17
4.67205	-9.8332	1269.66	5702.17
4.67205	-9.8332	1268.75	5838.61
4.67205	-9.8332	1267.84	5870.57
4.67205	-9.8332	1266.93	6169.06
4.67205	-9.8332	1266.02	5931.69
4.67205	-9.8332	1265.11	6046.02
4.67205	-9.8332	1264.2	6116.37
4.67205	-9.8332	1263.29	5824.22
4.67205	-9.8332	1262.38	5603.55
4.67205	-9.8332	1261.46	5569.63
4.67205	-9.8332	1260.55	5527.48
4.67205	-9.8332	1259.64	5290.52
4.67205	-9.8332	1258.73	5028.95
4.67205	-9.8332	1257.82	4929.31
4.67205	-9.8332	1256.91	4887.31
4.67205	-9.8332	1256.0	4683.53
4.67205	-9.8332	1255.08	4578.52
4.67205	-9.8332	1254.17	4487.26
4.67205	-9.8332	1253.26	4505.66
4.67205	-9.8332	1252.35	4513.08
4.67205	-9.8332	1251.44	4306.81
4.67205	-9.8332	1250.52	4306.05
4.67205	-9.8332	1249.61	4417.58
4.67205	-9.8332	1248.7	4362.04
4.67205	-9.8332	1247.78	4311.99
4.67205	-9.8332	1246.87	4212.69
4.67205	-9.8332	1245.96	4444.58
4.67205	-9.8332	1245.04	4298.77
4.67205	-9.8332	1244.13	4221.41
4.67205	-9.8332	1243.22	4138.6
4.67205	-9.8332	1242.3	4195.31
4.67205	-9.8332	1241.39	4107.07
4.67205	-9.8332	1240.47	4130.95
4.67205	-9.8332	1239.56	3999.02
4.67205	-9.8332	1238.64	4195.08
4.67205	-9.8332	1237.73	4065.92
4.67205	-9.8332	1236.81	3947.73
4.67205	-9.8332	1235.9	3988.0
4.67205	-9.8332	1234.98	3913.56
4.67205	-9.8332	1234.07	3972.94
4.67205	-9.8332	1233.15	3824.82
4.67205	-9.8332	1232.24	3848.71
4.67205	-9.8332	1231.32	3856.22
4.67205	-9.8332	1230.4	3880.1
4.67205	-9.8332	1229.49	3693.9
4.67205	-9.8332	1228.57	3818.72
4.67205	-9.8332	1227.65	3798.96
4.67205	-9.8332	1226.74	3716.49
4.67205	-9.8332	1225.82	3715.83
4.67205	-9.8332	1224.9	3777.87
4.67205	-9.8332	1223.99	3673.64
4.67205	-9.8332	1223.07	3784.71
4.67205	-9.8332	1222.15	3582.44
4.67205	-9.8332	1221.23	3690.76
4.67205	-9.8332	1220.31	3807.22
4.67205	-9.8332	1219.4	3779.32
4.67205	-9.8332	1218.48	3778.65
4.67205	-9.8332	1217.56	3794.31
4.67205	-9.8332	1216.64	3728.33
4.67205	-9.8332	1215.72	3929.02
4.67205	-9.8332	1214.8	3792.3
4.67205	-9.8332	1213.88	3859.63
4.67205	-9.8332	1212.96	3861.67
4.67205	-9.8332	1212.05	4045.88
4.67205	-9.8332	1211.13	3952.74
4.67205	-9.8332	1210.21	4052.61
4.67205	-9.8332	1209.29	3913.3
4.67205	-9.8332	1208.37	4132.69
4.67205	-9.8332	1207.45	3985.26
4.67205	-9.8332	1206.53	3935.67
4.67205	-9.8332	1205.6	4092.48
4.67205	-9.8332	1204.68	3980.44
4.67205	-9.8332	1203.76	3906.44
4.67205	-9.8332	1202.84	4095.74
4.67205	-9.8332	1201.92	3959.33
4.67205	-9.8332	1201.0	4064.45
4.67205	-9.8332	1200.08	4058.3
4.67205	-9.8332	1199.16	4079.28
4.67205	-9.8332	1198.23	4243.98
4.67205	-9.8332	1197.31	4281.19
4.67205	-9.8332	1196.39	4445.8
4.67205	-9.8332	1195.47	4637.45
4.67205	-9.8332	1194.54	4942.85
4.67205	-9.8332	1193.62	5120.79
4.67205	-9.8332	1192.7	5247.21
4.67205	-9.8332	1191.78	5414.2
4.67205	-9.8332	1190.85	5732.79
4.67205	-9.8332	1189.93	6035.01
4.67205	-9.8332	1189.01	6063.72
4.67205	-9.8332	1188.08	6070.77
4.67205	-9.8332	1187.16	6543.26
4.67205	-9.8332	1186.23	6558.33
4.67205	-9.8332	1185.31	6643.74
4.67205	-9.8332	1184.39	6601.99
4.67205	-9.8332	1183.46	6587.3
4.67205	-9.8332	1182.54	6851.1
4.67205	-9.8332	1181.61	6439.0
4.67205	-9.8332	1180.69	6270.29
4.67205	-9.8332	1179.76	6201.62
4.67205	-9.8332	1178.84	6135.68
4.67205	-9.8332	1177.91	6085.98
4.67205	-9.8332	1176.99	5523.13
4.67205	-9.8332	1176.06	5422.24
4.67205	-9.8332	1175.13	5388.88
4.67205	-9.8332	1174.21	5004.62
4.67205	-9.8332	1173.28	4663.67
4.67205	-9.8332	1172.35	4608.88
4.67205	-9.8332	1171.43	4489.35
4.67205	-9.8332	1170.5	4380.66
4.67205	-9.8332	1169.57	4215.37
4.67205	-9.8332	1168.65	4023.17
4.67205	-9.8332	1167.72	4151.87
4.67205	-9.8332	1166.79	4062.18
4.67205	-9.8332	1165.86	3986.0
4.67205	-9.8332	1164.94	3882.9
4.67205	-9.8332	1164.01	3831.02
4.67205	-9.8332	1163.08	3854.59
4.67205	-9.8332	1162.15	3676.15
4.67205	-9.8332	1161.22	3643.19
4.67205	-9.8332	1160.3	3728.69
4.67205	-9.8332	1159.37	3480.4
4.67205	-9.8332	1158.44	3401.73
4.67205	-9.8332	1157.51	3315.02
4.67205	-9.8332	1156.58	3403.22
4.67205	-9.8332	1155.65	3426.82
4.67205	-9.8332	1154.72	3221.82
4.67205	-9.8332	1153.79	3285.79
4.67205	-9.8332	1152.86	3255.63
4.67205	-9.8332	1151.93	3236.24
4.67205	-9.8332	1151.0	3241.04
4.67205	-9.8332	1150.07	3218.97
4.67205	-9.8332	1149.14	3320.48
4.67205	-9.8332	1148.21	3121.13
4.67205	-9.8332	1147.28	3236.05
4.67205	-9.8332	1146.35	3122.71
4.67205	-9.8332	1145.42	3315.44
4.67205	-9.8332	1144.48	3355.11
4.67205	-9.8332	1143.55	3228.39
4.67205	-9.8332	1142.62	3321.73
4.67205	-9.8332	1141.69	3331.87
4.67205	-9.8332	1140.76	3468.07
4.67205	-9.8332	1139.82	3344.09
4.67205	-9.8332	1138.89	3391.76
4.67205	-9.8332	1137.96	3415.29
4.67205	-9.8332	1137.03	3508.49
4.67205	-9.8332	1136.09	3612.38
4.67205	-9.8332	1135.16	3544.75
4.67205	-9.8332	1134.23	3675.39
4.67205	-9.8332	1133.29	3688.13
4.67205	-9.8332	1132.36	3711.57
4.67205	-9.8332	1131.43	3989.37
4.67205	-9.8332	1130.49	3991.33
4.67205	-9.8332	1129.56	3974.57
4.67205	-9.8332	1128.62	4121.04
4.67205	-9.8332	1127.69	4147.06
4.67205	-9.8332	1126.76	4381.73
4.67205	-9.8332	1125.82	4359.55
4.67205	-9.8332	1124.89	4174.27
4.67205	-9.8332	1123.95	4371.37
4.67205	-9.8332	1123.02	4218.23
4.67205	-9.8332	1122.08	4241.53
4.67205	-9.8332	1121.14	4128.54
4.67205	-9.8332	1120.21	4077.05
4.67205	-9.8332	1119.27	4046.94
4.67205	-9.8332	1118.34	3869.95
4.67205	-9.8332	1117.4	3682.34
4.67205	-9.8332	1116.46	3660.33
4.67205	-9.8332	1115.53	3694.38
4.67205	-9.8332	1114.59	3554.94
4.67205	-9.8332	1113.65	3463.58
4.67205	-9.8332	1112.72	3329.57
4.67205	-9.8332	1111.78	3280.96
4.67205	-9.8332	1110.84	3179.03
4.67205	-9.8332	1109.9	3285.13
4.67205	-9.8332	1108.97	3199.23
4.67205	-9.8332	1108.03	3070.71
4.67205	-9.8332	1107.09	3083.49
4.67205	-9.8332	1106.15	3011.0
4.67205	-9.8332	1105.21	3087.72
4.67205	-9.8332	1104.28	3017.92
4.67205	-9.8332	1103.34	3062.66
4.67205	-9.8332	1102.4	2878.38
4.67205	-9.8332	1101.46	3168.05
4.67205	-9.8332	1100.52	3138.21
4.67205	-9.8332	1099.58	3284.02
4.67205	-9.8332	1098.64	3275.45
4.67205	-9.8332	1097.7	3410.55
4.67205	-9.8332	1096.76	3646.67
4.67205	-9.8332	1095.82	3701.87
4.67205	-9.8332	1094.88	3876.7
4.67205	-9.8332	1093.94	4030.19
4.67205	-9.8332	1093.0	4409.56
4.67205	-9.8332	1092.06	4299.82
4.67205	-9.8332	1091.12	4155.58
4.67205	-9.8332	1090.18	4045.92
4.67205	-9.8332	1089.24	3938.95
4.67205	-9.8332	1088.3	3789.54
4.67205	-9.8332	1087.35	3552.56
4.67205	-9.8332	1086.41	3374.06
4.67205	-9.8332	1085.47	3352.23
4.67205	-9.8332	1084.53	3141.99
4.67205	-9.8332	1083.59	3056.52
4.67205	-9.8332	1082.64	2941.91
4.67205	-9.8332	1081.7	3044.82
4.67205	-9.8332	1080.76	2840.09
4.67205	-9.8332	1079.81	2797.16
4.67205	-9.8332	1078.87	2706.54
4.67205	-9.8332	1077.93	2886.28
4.67205	-9.8332	1076.99	2816.87
4.67205	-9.8332	1076.04	2789.87
4.67205	-9.8332	1075.1	2852.95
4.67205	-9.8332	1074.15	2685.58
4.67205	-9.8332	1073.21	2732.77
4.67205	-9.8332	1072.27	2726.99
4.67205	-9.8332	1071.32	2768.85
4.67205	-9.8332	1070.38	2805.41
4.67205	-9.8332	1069.43	2783.74
4.67205	-9.8332	1068.49	2740.91
4.67205	-9.8332	1067.54	2827.71
4.67205	-9.8332	1066.6	2930.35
4.67205	-9.8332	1065.65	2826.71
4.67205	-9.8332	1064.71	2868.5
4.67205	-9.8332	1063.76	2894.42
4.67205	-9.8332	1062.81	2804.05
4.67205	-9.8332	1061.87	2843.18
4.67205	-9.8332	1060.92	2908.72
4.67205	-9.8332	1059.97	2953.11
4.67205	-9.8332	1059.03	3105.76
4.67205	-9.8332	1058.08	3025.99
4.67205	-9.8332	1057.13	2919.85
4.67205	-9.8332	1056.19	3059.22
4.67205	-9.8332	1055.24	2966.31
4.67205	-9.8332	1054.29	2857.59
4.67205	-9.8332	1053.34	2975.8
4.67205	-9.8332	1052.4	2832.83
4.67205	-9.8332	1051.45	2771.67
4.67205	-9.8332	1050.5	2755.36
4.67205	-9.8332	1049.55	2654.69
4.67205	-9.8332	1048.6	2709.56
4.67205	-9.8332	1047.66	2769.69
4.67205	-9.8332	1046.71	2821.89
4.67205	-9.8332	1045.76	2971.54
4.67205	-9.8332	1044.81	2923.6
4.67205	-9.8332	1043.86	2936.25
4.67205	-9.8332	1042.91	2912.03
4.67205	-9.8332	1041.96	3019.44
4.67205	-9.8332	1041.01	3126.81
4.67205	-9.8332	1040.06	2992.04
4.67205	-9.8332	1039.11	3065.18
4.67205	-9.8332	1038.16	3096.19
4.67205	-9.8332	1037.21	3069.34
4.67205	-9.8332	1036.26	3029.34
4.67205	-9.8332	1035.31	2881.57
4.67205	-9.8332	1034.36	3099.24
4.67205	-9.8332	1033.4	2843.74
4.67205	-9.8332	1032.45	2895.79
4.67205	-9.8332	1031.5	2882.13
4.67205	-9.8332	1030.55	2886.87
4.67205	-9.8332	1029.6	2894.23
4.67205	-9.8332	1028.65	2770.3
4.67205	-9.8332	1027.69	2614.9
4.67205	-9.8332	1026.74	2706.31
4.67205	-9.8332	1025.79	2640.21
4.67205	-9.8332	1024.84	2710.59
4.67205	-9.8332	1023.88	2544.82
4.67205	-9.8332	1022.93	2581.09
4.67205	-9.8332	1021.98	2557.02
4.67205	-9.8332	1021.02	2517.23
4.67205	-9.8332	1020.07	2422.4
4.67205	-9.8332	1019.12	2521.57
4.67205	-9.8332	1018.16	2376.98
4.67205	-9.8332	1017.21	2421.1
4.67205	-9.8332	1016.25	2459.96
4.67205	-9.8332	1015.3	2388.8
4.67205	-9.8332	1014.34	2490.51
4.67205	-9.8332	1013.39	2513.63
4.67205	-9.8332	1012.44	2471.29
4.67205	-9.8332	1011.48	2504.87
4.67205	-9.8332	1010.52	2459.94
4.67205	-9.8332	1009.57	2428.1
4.67205	-9.8332	1008.61	2513.99
4.67205	-9.8332	1007.66	2612.93
4.67205	-9.8332	1006.7	2583.7
4.67205	-9.8332	1005.75	2572.77
4.67205	-9.8332	1004.79	2525.26
4.67205	-9.8332	1003.83	2553.55
4.67205	-9.8332	1002.88	2526.96
4.67205	-9.8332	1001.92	2523.9
4.67205	-9.8332	1000.96	2557.41
4.67205	-9.8332	1000.0	2541.28
4.67205	-9.8332	999.048	2540.82
4.67205	-9.8332	998.09	2595.19
4.67205	-9.8332	997.132	2485.09
4.67205	-9.8332	996.174	2534.23
4.67205	-9.8332	995.216	2570.31
4.67205	-9.8332	994.258	2525.5
4.67205	-9.8332	993.3	2626.77
4.67205	-9.8332	992.341	2542.85
4.67205	-9.8332	991.382	2495.45
4.67205	-9.8332	990.423	2468.93
4.67205	-9.8332	989.4639999999999	2528.44
4.67205	-9.8332	988.505	2543.63
4.67205	-9.8332	987.546	2571.83
4.67205	-9.8332	986.586	2415.06
4.67205	-9.8332	985.6260000000001	2537.05
4.67205	-9.8332	984.666	2484.5
4.67205	-9.8332	983.706	2517.91
4.67205	-9.8332	982.7460000000001	2467.99
4.67205	-9.8332	981.785	2519.61
4.67205	-9.8332	980.825	2516.55
4.67205	-9.8332	979.8639999999999	2430.23
4.67205	-9.8332	978.903	2510.44
4.67205	-9.8332	977.942	2512.59
4.67205	-9.8332	976.9810000000001	2369.11
4.67205	-9.8332	976.0189999999999	2386.89
4.67205	-9.8332	975.057	2493.04
4.67205	-9.8332	974.095	2578.37
4.67205	-9.8332	973.133	2450.57
4.67205	-9.8332	972.171	2450.13
4.67205	-9.8332	971.209	2478.26
4.67205	-9.8332	970.2460000000001	2519.37
4.67205	-9.8332	969.284	2518.92
4.67205	-9.8332	968.321	2354.9
4.67205	-9.8332	967.3580000000001	2528.4
4.67205	-9.8332	966.3939999999999	2481.22
4.67205	-9.8332	965.431	2493.75
4.67205	-9.8332	964.467	2552.98
4.67205	-9.8332	963.5039999999999	2630.34
4.67205	-9.8332	962.54	2731.01
4.67205	-9.8332	961.576	2686.44
4.67205	-9.8332	960.6110000000001	2621.14
4.67205	-9.8332	959.6469999999999	2602.52
4.67205	-9.8332	958.682	2710.91
4.67205	-9.8332	957.7180000000001	2624.91
4.67205	-9.8332	956.753	2699.57
4.67205	-9.8332	955.7869999999999	2706.85
4.67205	-9.8332	954.822	2758.16
4.67205	-9.8332	953.857	2584.18
4.67205	-9.8332	952.8910000000001	2560.41
4.67205	-9.8332	951.925	2477.12
4.67205	-9.8332	950.959	2593.13
4.67205	-9.8332	949.993	2538.33
4.67205	-9.8332	949.0269999999999	2548.22
4.67205	-9.8332	948.06	2454.65
4.67205	-9.8332	947.0930000000001	2350.76
4.67205	-9.8332	946.1260000000001	2365.85
4.67205	-9.8332	945.159	2375.76
4.67205	-9.8332	944.192	2491.65
4.67205	-9.8332	943.225	2400.75
4.67205	-9.8332	942.257	2278.88
4.67205	-9.8332	941.289	2392.14
4.67205	-9.8332	940.321	2425.28
4.67205	-9.8332	939.3530000000001	2484.24
4.67205	-9.8332	938.385	2414.08
4.67205	-9.8332	937.4169999999999	2408.48
4.67205	-9.8332	936.448	2449.34
4.67205	-9.8332	935.4789999999999	2345.68
4.67205	-9.8332	934.51	2355.58
4.67205	-9.8332	933.541	2471.23
4.67205	-9.8332	932.572	2501.74
4.67205	-9.8332	931.602	2362.04
4.67205	-9.8332	930.633	2441.54
4.67205	-9.8332	929.663	2441.1
4.67205	-9.8332	928.693	2515.4
4.67205	-9.8332	927.7230000000001	2481.45
4.67205	-9.8332	926.752	2591.78
4.67205	-9.8332	925.7819999999999	2547.52
4.67205	-9.8332	924.811	2523.88
4.67205	-9.8332	923.84	2536.3
4.67205	-9.8332	922.8689999999999	2579.61
4.67205	-9.8332	921.898	2568.85
4.67205	-9.8332	920.926	2583.83
4.67205	-9.8332	919.955	2624.53
4.67205	-9.8332	918.9830000000001	2721.82
4.67205	-9.8332	918.0110000000001	2721.32
4.67205	-9.8332	917.039	2687.4
4.67205	-9.8332	916.066	2640.63
4.67205	-9.8332	915.0939999999999	2606.74
4.67205	-9.8332	914.1210000000001	2698.8
4.67205	-9.8332	913.148	2706.02
4.67205	-9.8332	912.175	2618.17
4.67205	-9.8332	911.202	2712.75
4.67205	-9.8332	910.2289999999999	2750.79
4.67205	-9.8332	909.255	2585.94
4.67205	-9.8332	908.2819999999999	2518.72
4.67205	-9.8332	907.308	2662.02
4.67205	-9.8332	906.334	2669.23
4.67205	-9.8332	905.36	2617.43
4.67205	-9.8332	904.385	2658.01
4.67205	-9.8332	903.4110000000001	2647.27
4.67205	-9.8332	902.436	2608.32
4.67205	-9.8332	901.461	2559.12
4.67205	-9.8332	900.4860000000001	2676.6
4.67205	-9.8332	899.51	2568.45
4.67205	-9.8332	898.535	2534.67
4.67205	-9.8332	897.559	2559.84
4.67205	-9.8332	896.5830000000001	2536.32
4.67205	-9.8332	895.607	2587.09
4.67205	-9.8332	894.6310000000001	2502.11
4.67205	-9.8332	893.655	2486.29
4.67205	-9.8332	892.678	2534.48
4.67205	-9.8332	891.702	2423.96
4.67205	-9.8332	890.725	2464.47
4.67205	-9.8332	889.748	2236.3
4.67205	-9.8332	888.77	2432.88
4.67205	-9.8332	887.793	2419.65
4.67205	-9.8332	886.815	2475.47
4.67205	-9.8332	885.8380000000001	2370.19
4.67205	-9.8332	884.86	2382.55
4.67205	-9.8332	883.882	2463.9
4.67205	-9.8332	882.903	2343.35
4.67205	-9.8332	881.925	2378.7
4.67205	-9.8332	880.946	2488.11
4.67205	-9.8332	879.967	2398.27
4.67205	-9.8332	878.988	2392.73
4.67205	-9.8332	878.0089999999999	2507.19
4.67205	-9.8332	877.03	2468.44
4.67205	-9.8332	876.05	2406.74
4.67205	-9.8332	875.071	2406.31
4.67205	-9.8332	874.091	2426.28
4.67205	-9.8332	873.1110000000001	2377.38
4.67205	-9.8332	872.13	2466.21
4.67205	-9.8332	871.15	2442.81
4.67205	-9.8332	870.169	2480.61
4.67205	-9.8332	869.189	2469.97
4.67205	-9.8332	868.2080000000001	2472.07
4.67205	-9.8332	867.2260000000001	2430.85
4.67205	-9.8332	866.245	2496.65
4.67205	-9.8332	865.2639999999999	2651.57
4.67205	-9.8332	864.2819999999999	2582.33
4.67205	-9.8332	863.3	2693.89
4.67205	-9.8332	862.318	2802.87
4.67205	-9.8332	861.336	2995.81
4.67205	-9.8332	860.3530000000001	2980.0
4.67205	-9.8332	859.3710000000001	3155.02
4.67205	-9.8332	858.388	3304.53
4.67205	-9.8332	857.405	3479.43
4.67205	-9.8332	856.422	3499.15
4.67205	-9.8332	855.439	3485.8
4.67205	-9.8332	854.455	3452.12
4.67205	-9.8332	853.472	3293.91
4.67205	-9.8332	852.488	3222.16
4.67205	-9.8332	851.5039999999999	3168.23
4.67205	-9.8332	850.52	3005.08
4.67205	-9.8332	849.535	2991.83
4.67205	-9.8332	848.551	2780.53
4.67205	-9.8332	847.566	2848.57
4.67205	-9.8332	846.581	2769.37
4.67205	-9.8332	845.596	2601.36
4.67205	-9.8332	844.6110000000001	2603.43
4.67205	-9.8332	843.6260000000001	2646.08
4.67205	-9.8332	842.64	2465.51
4.67205	-9.8332	841.654	2480.28
4.67205	-9.8332	840.668	2469.68
4.67205	-9.8332	839.682	2466.7
4.67205	-9.8332	838.696	2382.61
4.67205	-9.8332	837.709	2420.19
4.67205	-9.8332	836.7230000000001	2376.68
4.67205	-9.8332	835.7360000000001	2528.24
4.67205	-9.8332	834.7489999999999	2411.27
4.67205	-9.8332	833.762	2395.64
4.67205	-9.8332	832.7739999999999	2473.69
4.67205	-9.8332	831.7869999999999	2551.72
4.67205	-9.8332	830.799	2384.21
4.67205	-9.8332	829.811	2373.66
4.67205	-9.8332	828.823	2401.05
4.67205	-9.8332	827.835	2299.43
4.67205	-9.8332	826.846	2349.6
4.67205	-9.8332	825.857	2407.33
4.67205	-9.8332	824.8689999999999	2399.31
4.67205	-9.8332	823.88	2414.04
4.67205	-9.8332	822.89	2342.84
4.67205	-9.8332	821.9010000000001	2392.95
4.67205	-9.8332	820.9119999999999	2364.72
4.67205	-9.8332	819.922	2336.51
4.67205	-9.8332	818.932	2303.25
4.67205	-9.8332	817.942	2411.41
4.67205	-9.8332	816.952	2309.99
4.67205	-9.8332	815.961	2309.57
4.67205	-9.8332	814.971	2294.0
4.67205	-9.8332	813.98	2371.81
4.67205	-9.8332	812.9889999999999	2293.17
4.67205	-9.8332	811.998	2280.14
4.67205	-9.8332	811.0060000000001	2272.16
4.67205	-9.8332	810.015	2402.86
4.67205	-9.8332	809.023	2301.58
4.67205	-9.8332	808.0310000000001	2316.29
4.67205	-9.8332	807.039	2313.35
4.67205	-9.8332	806.047	2295.29
4.67205	-9.8332	805.054	2345.25
4.67205	-9.8332	804.062	2274.3
4.67205	-9.8332	803.069	2331.81
4.67205	-9.8332	802.076	2376.7
4.67205	-9.8332	801.0830000000001	2303.27
4.67205	-9.8332	800.0889999999999	2358.22
4.67205	-9.8332	799.096	2345.21
4.67205	-9.8332	798.102	2349.81
4.67205	-9.8332	797.1080000000001	2251.28
4.67205	-9.8332	796.1139999999999	2431.95
4.67205	-9.8332	795.12	2418.93
4.67205	-9.8332	794.1260000000001	2458.72
4.67205	-9.8332	793.1310000000001	2430.62
4.67205	-9.8332	792.1360000000001	2477.93
4.67205	-9.8332	791.1410000000001	2464.91
4.67205	-9.8332	790.1460000000001	2446.88
4.67205	-9.8332	789.1510000000001	2529.32
4.67205	-9.8332	788.155	2624.29
4.67205	-9.8332	787.16	2674.02
4.67205	-9.8332	786.164	2620.82
4.67205	-9.8332	785.168	2720.74
4.67205	-9.8332	784.171	2702.67
4.67205	-9.8332	783.175	2704.69
4.67205	-9.8332	782.178	2721.76
4.67205	-9.8332	781.182	2796.5
4.67205	-9.8332	780.185	2708.23
4.67205	-9.8332	779.188	2630.01
4.67205	-9.8332	778.19	2544.3
4.67205	-9.8332	777.193	2603.99
4.67205	-9.8332	776.195	2573.44
4.67205	-9.8332	775.197	2505.33
4.67205	-9.8332	774.199	2417.2
4.67205	-9.8332	773.201	2429.28
4.67205	-9.8332	772.202	2408.81
4.67205	-9.8332	771.204	2270.68
4.67205	-9.8332	770.205	2342.85
4.67205	-9.8332	769.206	2349.93
4.67205	-9.8332	768.207	2409.55
4.67205	-9.8332	767.2080000000001	2269.02
4.67205	-9.8332	766.2080000000001	2258.6
4.67205	-9.8332	765.2080000000001	2283.2
4.67205	-9.8332	764.209	2382.79
4.67205	-9.8332	763.2080000000001	2207.37
4.67205	-9.8332	762.2080000000001	2356.93
4.67205	-9.8332	761.2080000000001	2321.51
4.67205	-9.8332	760.207	2211.15
4.67205	-9.8332	759.206	2343.15
4.67205	-9.8332	758.205	2337.72
4.67205	-9.8332	757.204	2344.79
4.67205	-9.8332	756.203	2304.41
4.67205	-9.8332	755.201	2301.49
4.67205	-9.8332	754.2	2328.53
4.67205	-9.8332	753.198	2375.51
4.67205	-9.8332	752.196	2370.09
4.67205	-9.8332	751.193	2471.92
4.67205	-9.8332	750.191	2414.11
4.67205	-9.8332	749.188	2525.88
4.67205	-9.8332	748.186	2453.12
4.67205	-9.8332	747.183	2559.85
4.67205	-9.8332	746.179	2549.41
4.67205	-9.8332	745.176	2494.13
4.67205	-9.8332	744.173	2588.34
4.67205	-9.8332	743.169	2742.29
4.67205	-9.8332	742.165	2649.65
4.67205	-9.8332	741.1610000000001	2537.12
4.67205	-9.8332	740.1569999999999	2616.32
4.67205	-9.8332	739.1519999999999	2620.82
4.67205	-9.8332	738.1469999999999	2692.5
4.67205	-9.8332	737.143	2679.57
4.67205	-9.8332	736.138	2689.03
4.67205	-9.8332	735.132	2835.28
4.67205	-9.8332	734.127	2618.42
4.67205	-9.8332	733.122	2712.42
4.67205	-9.8332	732.1160000000001	2823.78
4.67205	-9.8332	731.11	2880.42
4.67205	-9.8332	730.1039999999999	2904.74
4.67205	-9.8332	729.097	2934.02
4.67205	-9.8332	728.091	2898.71
4.67205	-9.8332	727.084	2927.98
4.67205	-9.8332	726.077	2902.62
4.67205	-9.8332	725.07	3053.52
4.67205	-9.8332	724.063	3122.46
4.67205	-9.8332	723.056	3062.33
4.67205	-9.8332	722.048	3232.97
4.67205	-9.8332	721.04	3339.05
4.67205	-9.8332	720.0319999999999	3303.71
4.67205	-9.8332	719.0239999999999	3464.29
4.67205	-9.8332	718.0160000000001	3488.45
4.67205	-9.8332	717.007	3812.55
4.67205	-9.8332	715.9989999999999	3955.6
4.67205	-9.8332	714.99	4182.85
4.67205	-9.8332	713.9810000000001	4390.2
4.67205	-9.8332	712.972	4357.19
4.67205	-9.8332	711.962	4542.14
4.67205	-9.8332	710.953	4266.45
4.67205	-9.8332	709.943	4235.96
4.67205	-9.8332	708.933	3913.4
4.67205	-9.8332	707.923	3474.64
4.67205	-9.8332	706.9119999999999	3446.78
4.67205	-9.8332	705.9019999999999	3243.29
4.67205	-9.8332	704.8910000000001	3190.75
4.67205	-9.8332	703.88	2955.23
4.67205	-9.8332	702.8689999999999	2984.36
4.67205	-9.8332	701.8580000000001	2917.07
4.67205	-9.8332	700.846	2876.99
4.67205	-9.8332	699.834	2920.94
4.67205	-9.8332	698.823	3056.29
4.67205	-9.8332	697.811	2966.8
4.67205	-9.8332	696.798	3124.33
4.67205	-9.8332	695.7860000000001	3071.9
4.67205	-9.8332	694.773	3044.18
4.67205	-9.8332	693.7610000000001	2994.25
4.67205	-9.8332	692.748	3045.53
4.67205	-9.8332	691.7339999999999	2961.07
4.67205	-9.8332	690.721	3024.67
4.67205	-9.8332	689.7080000000001	2861.32
4.67205	-9.8332	688.694	2744.88
4.67205	-9.8332	687.68	2704.92
4.67205	-9.8332	686.666	2672.38
4.67205	-9.8332	685.6519999999999	2489.49
4.67205	-9.8332	684.637	2617.18
4.67205	-9.8332	683.623	2569.88
4.67205	-9.8332	682.6080000000001	2539.85
4.67205	-9.8332	681.5930000000001	2480.27
4.67205	-9.8332	680.578	2445.34
4.67205	-9.8332	679.562	2314.4
4.67205	-9.8332	678.547	2343.51
4.67205	-9.8332	677.5310000000001	2421.84
4.67205	-9.8332	676.515	2322.97
4.67205	-9.8332	675.4989999999999	2448.01
4.67205	-9.8332	674.482	2351.63
4.67205	-9.8332	673.466	2373.33
4.67205	-9.8332	672.449	2515.52
4.67205	-9.8332	671.432	2495.39
4.67205	-9.8332	670.415	2391.69
4.67205	-9.8332	669.398	2536.25
4.67205	-9.8332	668.3810000000001	2575.09
4.67205	-9.8332	667.363	2419.85
4.67205	-9.8332	666.345	2517.65
4.67205	-9.8332	665.327	2544.2
4.67205	-9.8332	664.309	2587.93
4.67205	-9.8332	663.291	2565.36
4.67205	-9.8332	662.2719999999999	2542.8
4.67205	-9.8332	661.253	2692.03
4.67205	-9.8332	660.2339999999999	2706.25
4.67205	-9.8332	659.215	2588.01
4.67205	-9.8332	658.196	2585.08
4.67205	-9.8332	657.176	2523.3
4.67205	-9.8332	656.1569999999999	2625.81
4.67205	-9.8332	655.137	2488.05
4.67205	-9.8332	654.117	2529.26
4.67205	-9.8332	653.097	2411.17
4.67205	-9.8332	652.076	2422.98
4.67205	-9.8332	651.056	2505.81
4.67205	-9.8332	650.035	2510.25
4.67205	-9.8332	649.014	2453.47
4.67205	-9.8332	647.993	2435.88
4.67205	-9.8332	646.971	2406.06
4.67205	-9.8332	645.95	2420.3
4.67205	-9.8332	644.928	2378.26
4.67205	-9.8332	643.906	2470.78
4.67205	-9.8332	642.884	2426.3
4.67205	-9.8332	641.861	2455.2
4.67205	-9.8332	640.839	2339.83
4.67205	-9.8332	639.816	2537.41
4.67205	-9.8332	638.793	2551.61
4.67205	-9.8332	637.77	2514.48
4.67205	-9.8332	636.747	2426.06
4.67205	-9.8332	635.724	2472.03
4.67205	-9.8332	634.7	2456.92
4.67205	-9.8332	633.6759999999999	2390.54
4.67205	-9.8332	632.6519999999999	2431.6
4.67205	-9.8332	631.628	2482.41
4.67205	-9.8332	630.6030000000001	2518.56
4.67205	-9.8332	629.5790000000001	2608.38
4.67205	-9.8332	628.554	2563.98
4.67205	-9.8332	627.529	2575.71
4.67205	-9.8332	626.504	2743.5
4.67205	-9.8332	625.479	2557.69
4.67205	-9.8332	624.453	2754.67
4.67205	-9.8332	623.427	2678.61
4.67205	-9.8332	622.401	2597.7
4.67205	-9.8332	621.375	2692.24
4.67205	-9.8332	620.349	2594.3
4.67205	-9.8332	619.323	2635.23
4.67205	-9.8332	618.2959999999999	2642.05
4.67205	-9.8332	617.269	2695.12
4.67205	-9.8332	616.242	2738.44
4.67205	-9.8332	615.215	2667.36
4.67205	-9.8332	614.187	2591.43
4.67205	-9.8332	613.16	2693.13
4.67205	-9.8332	612.132	2639.12
4.67205	-9.8332	611.104	2769.96
4.67205	-9.8332	610.076	2820.51
4.67205	-9.8332	609.047	2749.49
4.67205	-9.8332	608.019	2697.94
4.67205	-9.8332	606.99	2818.95
4.67205	-9.8332	605.961	2738.25
4.67205	-9.8332	604.932	2783.9
4.67205	-9.8332	603.903	2836.81
4.67205	-9.8332	602.873	2889.71
4.67205	-9.8332	601.844	3025.14
4.67205	-9.8332	600.814	3250.33
