2.22335	27.5868	1799.31	1097.13
2.22335	27.5868	1798.5	1142.77
2.22335	27.5868	1797.68	1160.91
2.22335	27.5868	1796.86	1160.72
2.22335	27.5868	1796.04	1111.66
2.22335	27.5868	1795.22	1102.31
2.22335	27.5868	1794.4	1150.97
2.22335	27.5868	1793.58	1123.3
2.22335	27.5868	1792.76	1199.41
2.22335	27.5868	1791.94	1199.21
2.22335	27.5868	1791.13	1083.07
2.22335	27.5868	1790.31	1128.64
2.22335	27.5868	1789.49	1226.05
2.22335	27.5868	1788.67	1158.76
2.22335	27.5868	1787.85	1064.05
2.22335	27.5868	1787.03	1094.35
2.22335	27.5868	1786.21	1066.73
2.22335	27.5868	1785.39	1148.83
2.22335	27.5868	1784.56	1105.98
2.22335	27.5868	1783.74	1136.26
2.22335	27.5868	1782.92	1133.02
2.22335	27.5868	1782.1	1154.15
2.22335	27.5868	1781.28	1135.68
2.22335	27.5868	1780.46	1132.45
2.22335	27.5868	1779.64	1174.87
2.22335	27.5868	1778.82	1174.67
2.22335	27.5868	1778.0	1192.73
2.22335	27.5868	1777.17	1122.55
2.22335	27.5868	1776.35	1177.11
2.22335	27.5868	1775.53	1189.08
2.22335	27.5868	1774.71	1143.27
2.22335	27.5868	1773.89	1121.79
2.22335	27.5868	1773.06	1136.8
2.22335	27.5868	1772.24	1261.21
2.22335	27.5868	1771.42	1188.07
2.22335	27.5868	1770.59	1236.48
2.22335	27.5868	1769.77	1172.48
2.22335	27.5868	1768.95	1199.62
2.22335	27.5868	1768.12	1150.83
2.22335	27.5868	1767.3	1144.57
2.22335	27.5868	1766.48	1150.44
2.22335	27.5868	1765.65	1174.53
2.22335	27.5868	1764.83	1162.19
2.22335	27.5868	1764.01	1174.13
2.22335	27.5868	1763.18	1234.6
2.22335	27.5868	1762.36	1204.06
2.22335	27.5868	1761.53	1194.76
2.22335	27.5868	1760.71	1103.6
2.22335	27.5868	1759.88	1239.83
2.22335	27.5868	1759.06	1179.0
2.22335	27.5868	1758.23	1163.65
2.22335	27.5868	1757.41	1230.11
2.22335	27.5868	1756.58	1223.84
2.22335	27.5868	1755.76	1160.03
2.22335	27.5868	1754.93	1141.66
2.22335	27.5868	1754.11	1174.77
2.22335	27.5868	1753.28	1204.85
2.22335	27.5868	1752.46	1213.72
2.22335	27.5868	1751.63	1240.75
2.22335	27.5868	1750.8	1155.82
2.22335	27.5868	1749.98	1182.86
2.22335	27.5868	1749.15	1228.03
2.22335	27.5868	1748.32	1191.53
2.22335	27.5868	1747.5	1191.32
2.22335	27.5868	1746.67	1230.42
2.22335	27.5868	1745.84	1230.22
2.22335	27.5868	1745.02	1314.63
2.22335	27.5868	1744.19	1253.97
2.22335	27.5868	1743.36	1229.59
2.22335	27.5868	1742.53	1298.86
2.22335	27.5868	1741.71	1220.11
2.22335	27.5868	1740.88	1201.79
2.22335	27.5868	1740.05	1264.98
2.22335	27.5868	1739.22	1304.01
2.22335	27.5868	1738.39	1270.59
2.22335	27.5868	1737.56	1315.64
2.22335	27.5868	1736.74	1309.38
2.22335	27.5868	1735.91	1188.5
2.22335	27.5868	1735.08	1317.99
2.22335	27.5868	1734.25	1366.01
2.22335	27.5868	1733.42	1317.54
2.22335	27.5868	1732.59	1266.07
2.22335	27.5868	1731.76	1277.91
2.22335	27.5868	1730.93	1304.81
2.22335	27.5868	1730.1	1410.05
2.22335	27.5868	1729.27	1316.42
2.22335	27.5868	1728.44	1376.44
2.22335	27.5868	1727.61	1294.89
2.22335	27.5868	1726.78	1378.98
2.22335	27.5868	1725.95	1357.67
2.22335	27.5868	1725.12	1303.26
2.22335	27.5868	1724.29	1396.33
2.22335	27.5868	1723.46	1296.8
2.22335	27.5868	1722.63	1465.05
2.22335	27.5868	1721.8	1383.59
2.22335	27.5868	1720.96	1443.5
2.22335	27.5868	1720.13	1416.2
2.22335	27.5868	1719.3	1427.98
2.22335	27.5868	1718.47	1400.69
2.22335	27.5868	1717.64	1418.48
2.22335	27.5868	1716.81	1472.32
2.22335	27.5868	1715.97	1396.97
2.22335	27.5868	1715.14	1519.88
2.22335	27.5868	1714.31	1516.62
2.22335	27.5868	1713.48	1402.26
2.22335	27.5868	1712.64	1564.14
2.22335	27.5868	1711.81	1539.86
2.22335	27.5868	1710.98	1557.61
2.22335	27.5868	1710.14	1524.34
2.22335	27.5868	1709.31	1500.07
2.22335	27.5868	1708.48	1571.81
2.22335	27.5868	1707.64	1580.54
2.22335	27.5868	1706.81	1553.29
2.22335	27.5868	1705.98	1609.99
2.22335	27.5868	1705.14	1576.74
2.22335	27.5868	1704.31	1690.36
2.22335	27.5868	1703.47	1585.19
2.22335	27.5868	1702.64	1456.09
2.22335	27.5868	1701.81	1491.79
2.22335	27.5868	1700.97	1530.47
2.22335	27.5868	1700.14	1551.17
2.22335	27.5868	1699.3	1482.05
2.22335	27.5868	1698.47	1577.59
2.22335	27.5868	1697.63	1526.44
2.22335	27.5868	1696.79	1538.15
2.22335	27.5868	1695.96	1588.75
2.22335	27.5868	1695.12	1429.93
2.22335	27.5868	1694.29	1411.74
2.22335	27.5868	1693.45	1528.13
2.22335	27.5868	1692.62	1494.98
2.22335	27.5868	1691.78	1527.61
2.22335	27.5868	1690.94	1497.46
2.22335	27.5868	1690.11	1494.22
2.22335	27.5868	1689.27	1538.78
2.22335	27.5868	1688.43	1577.36
2.22335	27.5868	1687.6	1481.51
2.22335	27.5868	1686.76	1526.05
2.22335	27.5868	1685.92	1573.56
2.22335	27.5868	1685.08	1510.6
2.22335	27.5868	1684.25	1552.13
2.22335	27.5868	1683.41	1545.9
2.22335	27.5868	1682.57	1545.64
2.22335	27.5868	1681.73	1554.32
2.22335	27.5868	1680.89	1548.09
2.22335	27.5868	1680.06	1586.6
2.22335	27.5868	1679.22	1508.8
2.22335	27.5868	1678.38	1568.17
2.22335	27.5868	1677.54	1493.38
2.22335	27.5868	1676.7	1508.03
2.22335	27.5868	1675.86	1522.67
2.22335	27.5868	1675.02	1593.92
2.22335	27.5868	1674.18	1593.65
2.22335	27.5868	1673.35	1501.05
2.22335	27.5868	1672.51	1607.99
2.22335	27.5868	1671.67	1512.44
2.22335	27.5868	1670.83	1550.88
2.22335	27.5868	1669.99	1622.05
2.22335	27.5868	1669.15	1645.58
2.22335	27.5868	1668.31	1550.09
2.22335	27.5868	1667.47	1487.36
2.22335	27.5868	1666.62	1680.43
2.22335	27.5868	1665.78	1561.19
2.22335	27.5868	1664.94	1569.85
2.22335	27.5868	1664.1	1554.72
2.22335	27.5868	1663.26	1613.89
2.22335	27.5868	1662.42	1613.62
2.22335	27.5868	1661.58	1577.69
2.22335	27.5868	1660.74	1678.42
2.22335	27.5868	1659.9	1654.38
2.22335	27.5868	1659.05	1615.49
2.22335	27.5868	1658.21	1585.52
2.22335	27.5868	1657.37	1662.43
2.22335	27.5868	1656.53	1582.01
2.22335	27.5868	1655.68	1718.25
2.22335	27.5868	1654.84	1661.58
2.22335	27.5868	1654.0	1661.3
2.22335	27.5868	1653.16	1705.51
2.22335	27.5868	1652.31	1690.39
2.22335	27.5868	1651.47	1814.63
2.22335	27.5868	1650.63	1713.53
2.22335	27.5868	1649.78	1671.74
2.22335	27.5868	1648.94	1790.0
2.22335	27.5868	1648.1	1798.58
2.22335	27.5868	1647.25	1854.56
2.22335	27.5868	1646.41	1726.88
2.22335	27.5868	1645.56	1794.7
2.22335	27.5868	1644.72	1886.18
2.22335	27.5868	1643.88	1844.41
2.22335	27.5868	1643.03	1793.78
2.22335	27.5868	1642.19	1917.77
2.22335	27.5868	1641.34	1967.75
2.22335	27.5868	1640.5	1857.94
2.22335	27.5868	1639.65	1975.95
2.22335	27.5868	1638.81	1984.48
2.22335	27.5868	1637.96	2049.2
2.22335	27.5868	1637.11	2128.67
2.22335	27.5868	1636.27	2098.75
2.22335	27.5868	1635.42	2116.12
2.22335	27.5868	1634.58	2154.17
2.22335	27.5868	1633.73	2180.4
2.22335	27.5868	1632.88	2239.1
2.22335	27.5868	1632.04	2111.72
2.22335	27.5868	1631.19	2229.48
2.22335	27.5868	1630.34	2323.58
2.22335	27.5868	1629.5	2329.08
2.22335	27.5868	1628.65	2417.23
2.22335	27.5868	1627.8	2469.93
2.22335	27.5868	1626.96	2360.34
2.22335	27.5868	1626.11	2501.53
2.22335	27.5868	1625.26	2554.2
2.22335	27.5868	1624.41	2627.48
2.22335	27.5868	1623.57	2523.84
2.22335	27.5868	1622.72	2706.18
2.22335	27.5868	1621.87	2658.55
2.22335	27.5868	1621.02	2711.14
2.22335	27.5868	1620.17	2592.82
2.22335	27.5868	1619.32	2783.86
2.22335	27.5868	1618.47	2798.11
2.22335	27.5868	1617.63	2768.18
2.22335	27.5868	1616.78	2729.43
2.22335	27.5868	1615.93	2855.55
2.22335	27.5868	1615.08	2905.1
2.22335	27.5868	1614.23	2801.6
2.22335	27.5868	1613.38	2718.74
2.22335	27.5868	1612.53	2759.46
2.22335	27.5868	1611.68	2817.81
2.22335	27.5868	1610.83	2746.75
2.22335	27.5868	1609.98	2978.57
2.22335	27.5868	1609.13	2739.93
2.22335	27.5868	1608.28	2821.76
2.22335	27.5868	1607.43	2821.28
2.22335	27.5868	1606.58	2829.61
2.22335	27.5868	1605.73	2761.55
2.22335	27.5868	1604.87	2740.52
2.22335	27.5868	1604.02	2910.39
2.22335	27.5868	1603.17	2936.31
2.22335	27.5868	1602.32	2762.6
2.22335	27.5868	1601.47	2735.71
2.22335	27.5868	1600.62	2840.89
2.22335	27.5868	1599.76	2990.05
2.22335	27.5868	1598.91	2889.79
2.22335	27.5868	1598.06	2839.43
2.22335	27.5868	1597.21	2853.61
2.22335	27.5868	1596.36	3034.92
2.22335	27.5868	1595.5	2884.88
2.22335	27.5868	1594.65	2887.32
2.22335	27.5868	1593.8	2766.66
2.22335	27.5868	1592.94	3003.54
2.22335	27.5868	1592.09	3017.67
2.22335	27.5868	1591.24	2984.93
2.22335	27.5868	1590.38	2878.98
2.22335	27.5868	1589.53	2907.77
2.22335	27.5868	1588.68	3041.95
2.22335	27.5868	1587.82	2985.81
2.22335	27.5868	1586.97	2935.54
2.22335	27.5868	1586.11	3040.38
2.22335	27.5868	1585.26	3010.6
2.22335	27.5868	1584.4	3185.6
2.22335	27.5868	1583.55	3111.94
2.22335	27.5868	1582.69	3029.52
2.22335	27.5868	1581.84	3052.39
2.22335	27.5868	1580.98	3005.1
2.22335	27.5868	1580.13	3054.27
2.22335	27.5868	1579.27	2939.78
2.22335	27.5868	1578.42	3006.47
2.22335	27.5868	1577.56	3011.8
2.22335	27.5868	1576.71	2853.56
2.22335	27.5868	1575.85	2882.27
2.22335	27.5868	1574.99	2908.06
2.22335	27.5868	1574.14	2998.05
2.22335	27.5868	1573.28	2842.85
2.22335	27.5868	1572.42	2746.06
2.22335	27.5868	1571.57	2815.61
2.22335	27.5868	1570.71	2785.95
2.22335	27.5868	1569.85	3036.31
2.22335	27.5868	1569.0	2785.0
2.22335	27.5868	1568.14	2839.92
2.22335	27.5868	1567.28	2789.87
2.22335	27.5868	1566.42	2821.45
2.22335	27.5868	1565.56	2765.6
2.22335	27.5868	1564.71	2765.12
2.22335	27.5868	1563.85	2671.42
2.22335	27.5868	1562.99	2665.14
2.22335	27.5868	1562.13	2690.89
2.22335	27.5868	1561.27	2658.4
2.22335	27.5868	1560.41	2541.49
2.22335	27.5868	1559.56	2599.27
2.22335	27.5868	1558.7	2578.45
2.22335	27.5868	1557.84	2516.9
2.22335	27.5868	1556.98	2429.19
2.22335	27.5868	1556.12	2457.86
2.22335	27.5868	1555.26	2585.4
2.22335	27.5868	1554.4	2480.28
2.22335	27.5868	1553.54	2447.87
2.22335	27.5868	1552.68	2435.83
2.22335	27.5868	1551.82	2368.56
2.22335	27.5868	1550.96	2478.57
2.22335	27.5868	1550.1	2379.37
2.22335	27.5868	1549.24	2466.1
2.22335	27.5868	1548.38	2361.13
2.22335	27.5868	1547.52	2442.02
2.22335	27.5868	1546.65	2342.89
2.22335	27.5868	1545.79	2426.67
2.22335	27.5868	1544.93	2368.21
2.22335	27.5868	1544.07	2449.05
2.22335	27.5868	1543.21	2445.72
2.22335	27.5868	1542.35	2326.37
2.22335	27.5868	1541.48	2378.18
2.22335	27.5868	1540.62	2328.47
2.22335	27.5868	1539.76	2336.77
2.22335	27.5868	1538.9	2292.89
2.22335	27.5868	1538.04	2393.93
2.22335	27.5868	1537.17	2422.49
2.22335	27.5868	1536.31	2320.67
2.22335	27.5868	1535.45	2302.89
2.22335	27.5868	1534.58	2290.91
2.22335	27.5868	1533.72	2336.85
2.22335	27.5868	1532.86	2417.51
2.22335	27.5868	1531.99	2434.46
2.22335	27.5868	1531.13	2364.58
2.22335	27.5868	1530.27	2393.11
2.22335	27.5868	1529.4	2384.02
2.22335	27.5868	1528.54	2415.43
2.22335	27.5868	1527.67	2290.65
2.22335	27.5868	1526.81	2342.3
2.22335	27.5868	1525.94	2249.38
2.22335	27.5868	1525.08	2283.68
2.22335	27.5868	1524.21	2277.51
2.22335	27.5868	1523.35	2262.67
2.22335	27.5868	1522.48	2224.72
2.22335	27.5868	1521.62	2186.78
2.22335	27.5868	1520.75	2275.94
2.22335	27.5868	1519.89	2272.66
2.22335	27.5868	1519.02	2205.86
2.22335	27.5868	1518.15	2427.76
2.22335	27.5868	1517.29	2271.48
2.22335	27.5868	1516.42	2354.78
2.22335	27.5868	1515.56	2322.63
2.22335	27.5868	1514.69	2351.08
2.22335	27.5868	1513.82	2408.36
2.22335	27.5868	1512.96	2292.59
2.22335	27.5868	1512.09	2205.7
2.22335	27.5868	1511.22	2294.68
2.22335	27.5868	1510.35	2349.05
2.22335	27.5868	1509.49	2296.77
2.22335	27.5868	1508.62	2261.8
2.22335	27.5868	1507.75	2235.48
2.22335	27.5868	1506.88	2324.39
2.22335	27.5868	1506.01	2231.83
2.22335	27.5868	1505.15	2182.5
2.22335	27.5868	1504.28	2196.52
2.22335	27.5868	1503.41	2204.77
2.22335	27.5868	1502.54	2224.54
2.22335	27.5868	1501.67	2155.1
2.22335	27.5868	1500.8	2125.96
2.22335	27.5868	1499.93	2177.36
2.22335	27.5868	1499.06	2248.88
2.22335	27.5868	1498.19	2182.36
2.22335	27.5868	1497.32	2204.98
2.22335	27.5868	1496.46	2216.1
2.22335	27.5868	1495.59	2169.73
2.22335	27.5868	1494.72	2146.37
2.22335	27.5868	1493.84	2091.42
2.22335	27.5868	1492.97	2203.08
2.22335	27.5868	1492.1	2159.62
2.22335	27.5868	1491.23	2193.7
2.22335	27.5868	1490.36	2032.56
2.22335	27.5868	1489.49	2101.09
2.22335	27.5868	1488.62	2138.04
2.22335	27.5868	1487.75	2028.63
2.22335	27.5868	1486.88	2131.56
2.22335	27.5868	1486.01	2128.32
2.22335	27.5868	1485.13	2093.54
2.22335	27.5868	1484.26	2104.65
2.22335	27.5868	1483.39	2078.48
2.22335	27.5868	1482.52	2161.25
2.22335	27.5868	1481.65	2264.05
2.22335	27.5868	1480.77	2128.98
2.22335	27.5868	1479.9	2226.02
2.22335	27.5868	1479.03	2131.11
2.22335	27.5868	1478.16	2279.66
2.22335	27.5868	1477.28	2236.32
2.22335	27.5868	1476.41	2296.05
2.22335	27.5868	1475.54	2327.14
2.22335	27.5868	1474.66	2197.95
2.22335	27.5868	1473.79	2266.25
2.22335	27.5868	1472.91	2417.48
2.22335	27.5868	1472.04	2314.09
2.22335	27.5868	1471.17	2253.63
2.22335	27.5868	1470.29	2401.93
2.22335	27.5868	1469.42	2450.12
2.22335	27.5868	1468.54	2395.38
2.22335	27.5868	1467.67	2369.24
2.22335	27.5868	1466.79	2314.54
2.22335	27.5868	1465.92	2274.14
2.22335	27.5868	1465.04	2305.17
2.22335	27.5868	1464.17	2204.81
2.22335	27.5868	1463.29	2170.17
2.22335	27.5868	1462.42	2418.17
2.22335	27.5868	1461.54	2200.81
2.22335	27.5868	1460.66	2220.41
2.22335	27.5868	1459.79	2234.29
2.22335	27.5868	1458.91	2282.41
2.22335	27.5868	1458.04	2204.99
2.22335	27.5868	1457.16	2181.79
2.22335	27.5868	1456.28	2292.63
2.22335	27.5868	1455.41	2243.76
2.22335	27.5868	1454.53	2200.61
2.22335	27.5868	1453.65	2197.38
2.22335	27.5868	1452.77	2177.05
2.22335	27.5868	1451.9	2116.85
2.22335	27.5868	1451.02	2196.24
2.22335	27.5868	1450.14	2252.82
2.22335	27.5868	1449.26	2138.53
2.22335	27.5868	1448.39	2141.0
2.22335	27.5868	1447.51	2240.26
2.22335	27.5868	1446.63	2211.41
2.22335	27.5868	1445.75	2091.51
2.22335	27.5868	1444.87	2048.47
2.22335	27.5868	1443.99	2341.11
2.22335	27.5868	1443.11	2286.67
2.22335	27.5868	1442.23	2161.15
2.22335	27.5868	1441.35	2192.05
2.22335	27.5868	1440.48	2208.73
2.22335	27.5868	1439.6	2287.92
2.22335	27.5868	1438.72	2213.64
2.22335	27.5868	1437.84	2170.64
2.22335	27.5868	1436.96	2221.4
2.22335	27.5868	1436.08	2300.54
2.22335	27.5868	1435.2	2274.58
2.22335	27.5868	1434.31	2163.46
2.22335	27.5868	1433.43	2290.82
2.22335	27.5868	1432.55	2080.4
2.22335	27.5868	1431.67	2324.08
2.22335	27.5868	1430.79	2278.28
2.22335	27.5868	1429.91	2243.85
2.22335	27.5868	1429.03	2263.31
2.22335	27.5868	1428.15	2404.7
2.22335	27.5868	1427.27	2313.56
2.22335	27.5868	1426.38	2361.35
2.22335	27.5868	1425.5	2349.6
2.22335	27.5868	1424.62	2488.05
2.22335	27.5868	1423.74	2442.28
2.22335	27.5868	1422.85	2393.7
2.22335	27.5868	1421.97	2500.91
2.22335	27.5868	1421.09	2511.8
2.22335	27.5868	1420.21	2692.57
2.22335	27.5868	1419.32	2587.36
2.22335	27.5868	1418.44	2490.68
2.22335	27.5868	1417.56	2535.52
2.22335	27.5868	1416.67	2532.25
2.22335	27.5868	1415.79	2557.27
2.22335	27.5868	1414.9	2466.32
2.22335	27.5868	1414.02	2559.21
2.22335	27.5868	1413.14	2581.39
2.22335	27.5868	1412.25	2524.4
2.22335	27.5868	1411.37	2492.87
2.22335	27.5868	1410.48	2532.0
2.22335	27.5868	1409.6	2350.73
2.22335	27.5868	1408.71	2542.42
2.22335	27.5868	1407.83	2423.35
2.22335	27.5868	1406.94	2493.53
2.22335	27.5868	1406.06	2504.39
2.22335	27.5868	1405.17	2478.55
2.22335	27.5868	1404.29	2486.58
2.22335	27.5868	1403.4	2525.66
2.22335	27.5868	1402.51	2584.47
2.22335	27.5868	1401.63	2586.84
2.22335	27.5868	1400.74	2510.23
2.22335	27.5868	1399.85	2512.62
2.22335	27.5868	1398.97	2591.13
2.22335	27.5868	1398.08	2672.43
2.22335	27.5868	1397.19	2533.85
2.22335	27.5868	1396.31	2632.04
2.22335	27.5868	1395.42	2628.77
2.22335	27.5868	1394.53	2763.53
2.22335	27.5868	1393.64	2639.12
2.22335	27.5868	1392.76	2579.52
2.22335	27.5868	1391.87	2663.54
2.22335	27.5868	1390.98	2654.63
2.22335	27.5868	1390.09	2597.88
2.22335	27.5868	1389.2	2555.21
2.22335	27.5868	1388.32	2647.62
2.22335	27.5868	1387.43	2686.54
2.22335	27.5868	1386.54	2598.88
2.22335	27.5868	1385.65	2578.74
2.22335	27.5868	1384.76	2679.51
2.22335	27.5868	1383.87	2724.02
2.22335	27.5868	1382.98	2698.25
2.22335	27.5868	1382.09	2784.9
2.22335	27.5868	1381.2	2846.23
2.22335	27.5868	1380.31	2986.19
2.22335	27.5868	1379.42	2954.77
2.22335	27.5868	1378.53	2979.53
2.22335	27.5868	1377.64	2934.09
2.22335	27.5868	1376.75	3130.09
2.22335	27.5868	1375.86	3107.09
2.22335	27.5868	1374.97	2929.75
2.22335	27.5868	1374.08	2974.13
2.22335	27.5868	1373.19	3001.66
2.22335	27.5868	1372.3	2995.53
2.22335	27.5868	1371.4	2941.73
2.22335	27.5868	1370.51	2969.25
2.22335	27.5868	1369.62	2949.11
2.22335	27.5868	1368.73	2968.22
2.22335	27.5868	1367.84	2995.72
2.22335	27.5868	1366.94	2843.9
2.22335	27.5868	1366.05	2826.59
2.22335	27.5868	1365.16	2876.52
2.22335	27.5868	1364.27	2943.22
2.22335	27.5868	1363.37	2886.71
2.22335	27.5868	1362.48	2978.59
2.22335	27.5868	1361.59	2933.28
2.22335	27.5868	1360.69	3081.09
2.22335	27.5868	1359.8	2991.02
2.22335	27.5868	1358.91	3057.63
2.22335	27.5868	1358.01	3082.27
2.22335	27.5868	1357.12	3151.65
2.22335	27.5868	1356.22	3134.32
2.22335	27.5868	1355.33	3108.61
2.22335	27.5868	1354.44	3177.95
2.22335	27.5868	1353.54	3163.42
2.22335	27.5868	1352.65	3193.6
2.22335	27.5868	1351.75	3106.44
2.22335	27.5868	1350.86	3198.07
2.22335	27.5868	1349.96	3175.17
2.22335	27.5868	1349.07	3202.54
2.22335	27.5868	1348.17	3229.89
2.22335	27.5868	1347.28	3167.93
2.22335	27.5868	1346.38	3432.48
2.22335	27.5868	1345.48	3250.52
2.22335	27.5868	1344.59	3272.27
2.22335	27.5868	1343.69	3344.22
2.22335	27.5868	1342.79	3438.45
2.22335	27.5868	1341.9	3387.66
2.22335	27.5868	1341.0	3498.58
2.22335	27.5868	1340.1	3358.6
2.22335	27.5868	1339.21	3614.4
2.22335	27.5868	1338.31	3499.53
2.22335	27.5868	1337.41	3660.49
2.22335	27.5868	1336.51	3565.15
2.22335	27.5868	1335.62	3656.42
2.22335	27.5868	1334.72	3725.39
2.22335	27.5868	1333.82	3649.58
2.22335	27.5868	1332.92	3846.55
2.22335	27.5868	1332.02	3745.7
2.22335	27.5868	1331.13	3753.39
2.22335	27.5868	1330.23	3774.99
2.22335	27.5868	1329.33	3768.77
2.22335	27.5868	1328.43	3807.04
2.22335	27.5868	1327.53	3789.69
2.22335	27.5868	1326.63	3727.87
2.22335	27.5868	1325.73	3652.17
2.22335	27.5868	1324.83	3765.47
2.22335	27.5868	1323.93	3817.6
2.22335	27.5868	1323.03	3669.7
2.22335	27.5868	1322.13	3691.28
2.22335	27.5868	1321.23	3629.54
2.22335	27.5868	1320.33	3742.74
2.22335	27.5868	1319.43	3667.13
2.22335	27.5868	1318.53	3588.77
2.22335	27.5868	1317.63	3540.97
2.22335	27.5868	1316.73	3759.54
2.22335	27.5868	1315.83	3664.56
2.22335	27.5868	1314.93	3478.09
2.22335	27.5868	1314.02	3483.02
2.22335	27.5868	1313.12	3579.46
2.22335	27.5868	1312.22	3564.97
2.22335	27.5868	1311.32	3359.24
2.22335	27.5868	1310.42	3475.04
2.22335	27.5868	1309.51	3571.41
2.22335	27.5868	1308.61	3601.25
2.22335	27.5868	1307.71	3417.82
2.22335	27.5868	1306.81	3425.53
2.22335	27.5868	1305.9	3494.15
2.22335	27.5868	1305.0	3368.96
2.22335	27.5868	1304.1	3393.28
2.22335	27.5868	1303.19	3323.5
2.22335	27.5868	1302.29	3436.36
2.22335	27.5868	1301.39	3413.63
2.22335	27.5868	1300.48	3346.65
2.22335	27.5868	1299.58	3193.97
2.22335	27.5868	1298.67	3268.06
2.22335	27.5868	1297.77	3347.65
2.22335	27.5868	1296.86	3313.9
2.22335	27.5868	1295.96	3252.52
2.22335	27.5868	1295.06	3326.55
2.22335	27.5868	1294.15	3372.93
2.22335	27.5868	1293.25	3192.81
2.22335	27.5868	1292.34	3128.73
2.22335	27.5868	1291.43	3081.25
2.22335	27.5868	1290.53	3171.8
2.22335	27.5868	1289.62	3044.29
2.22335	27.5868	1288.72	3093.42
2.22335	27.5868	1287.81	3045.98
2.22335	27.5868	1286.9	3078.55
2.22335	27.5868	1286.0	2953.89
2.22335	27.5868	1285.09	2953.37
2.22335	27.5868	1284.18	3013.51
2.22335	27.5868	1283.28	3084.65
2.22335	27.5868	1282.37	2979.38
2.22335	27.5868	1281.46	2932.01
2.22335	27.5868	1280.56	2903.94
2.22335	27.5868	1279.65	2966.79
2.22335	27.5868	1278.74	2944.24
2.22335	27.5868	1277.83	2800.53
2.22335	27.5868	1276.93	2940.45
2.22335	27.5868	1276.02	3008.75
2.22335	27.5868	1275.11	2892.63
2.22335	27.5868	1274.2	2793.05
2.22335	27.5868	1273.29	2776.06
2.22335	27.5868	1272.38	2929.61
2.22335	27.5868	1271.47	2720.07
2.22335	27.5868	1270.56	2711.35
2.22335	27.5868	1269.66	2655.88
2.22335	27.5868	1268.75	2688.4
2.22335	27.5868	1267.84	2778.62
2.22335	27.5868	1266.93	2605.02
2.22335	27.5868	1266.02	2623.79
2.22335	27.5868	1265.11	2639.81
2.22335	27.5868	1264.2	2603.64
2.22335	27.5868	1263.29	2487.85
2.22335	27.5868	1262.38	2556.05
2.22335	27.5868	1261.46	2484.23
2.22335	27.5868	1260.55	2434.4
2.22335	27.5868	1259.64	2494.34
2.22335	27.5868	1258.73	2554.26
2.22335	27.5868	1257.82	2553.81
2.22335	27.5868	1256.91	2536.9
2.22335	27.5868	1256.0	2484.36
2.22335	27.5868	1255.08	2467.47
2.22335	27.5868	1254.17	2499.93
2.22335	27.5868	1253.26	2433.71
2.22335	27.5868	1252.35	2531.93
2.22335	27.5868	1251.44	2427.38
2.22335	27.5868	1250.52	2429.69
2.22335	27.5868	1249.61	2426.52
2.22335	27.5868	1248.7	2423.36
2.22335	27.5868	1247.78	2392.81
2.22335	27.5868	1246.87	2392.39
2.22335	27.5868	1245.96	2350.92
2.22335	27.5868	1245.04	2407.97
2.22335	27.5868	1244.13	2388.39
2.22335	27.5868	1243.22	2300.44
2.22335	27.5868	1242.3	2346.53
2.22335	27.5868	1241.39	2332.44
2.22335	27.5868	1240.47	2307.43
2.22335	27.5868	1239.56	2227.75
2.22335	27.5868	1238.64	2265.62
2.22335	27.5868	1237.73	2390.91
2.22335	27.5868	1236.81	2226.57
2.22335	27.5868	1235.9	2321.78
2.22335	27.5868	1234.98	2242.17
2.22335	27.5868	1234.07	2356.46
2.22335	27.5868	1233.15	2235.92
2.22335	27.5868	1232.24	2224.61
2.22335	27.5868	1231.32	2226.95
2.22335	27.5868	1230.4	2253.84
2.22335	27.5868	1229.49	2280.72
2.22335	27.5868	1228.57	2239.41
2.22335	27.5868	1227.65	2217.2
2.22335	27.5868	1226.74	2331.33
2.22335	27.5868	1225.82	2300.93
2.22335	27.5868	1224.9	2218.75
2.22335	27.5868	1223.99	2308.29
2.22335	27.5868	1223.07	2288.81
2.22335	27.5868	1222.15	2179.43
2.22335	27.5868	1221.23	2249.87
2.22335	27.5868	1220.31	2276.7
2.22335	27.5868	1219.4	2330.76
2.22335	27.5868	1218.48	2213.29
2.22335	27.5868	1217.56	2300.0
2.22335	27.5868	1216.64	2375.79
2.22335	27.5868	1215.72	2394.42
2.22335	27.5868	1214.8	2293.34
2.22335	27.5868	1213.88	2295.65
2.22335	27.5868	1212.96	2390.43
2.22335	27.5868	1212.05	2292.12
2.22335	27.5868	1211.13	2280.84
2.22335	27.5868	1210.21	2359.26
2.22335	27.5868	1209.29	2320.8
2.22335	27.5868	1208.37	2301.37
2.22335	27.5868	1207.45	2474.83
2.22335	27.5868	1206.53	2303.28
2.22335	27.5868	1205.6	2490.25
2.22335	27.5868	1204.68	2544.11
2.22335	27.5868	1203.76	2475.8
2.22335	27.5868	1202.84	2456.36
2.22335	27.5868	1201.92	2629.6
2.22335	27.5868	1201.0	2547.74
2.22335	27.5868	1200.08	2604.26
2.22335	27.5868	1199.16	2549.55
2.22335	27.5868	1198.23	2470.46
2.22335	27.5868	1197.31	2497.14
2.22335	27.5868	1196.39	2407.24
2.22335	27.5868	1195.47	2290.26
2.22335	27.5868	1194.54	2213.98
2.22335	27.5868	1193.62	2281.33
2.22335	27.5868	1192.7	2359.48
2.22335	27.5868	1191.78	2212.81
2.22335	27.5868	1190.85	2207.0
2.22335	27.5868	1189.93	2195.78
2.22335	27.5868	1189.01	2192.69
2.22335	27.5868	1188.08	2102.98
2.22335	27.5868	1187.16	2080.96
2.22335	27.5868	1186.23	2064.36
2.22335	27.5868	1185.31	1993.66
2.22335	27.5868	1184.39	1990.6
2.22335	27.5868	1183.46	2071.38
2.22335	27.5868	1182.54	2043.97
2.22335	27.5868	1181.61	2078.75
2.22335	27.5868	1180.69	2062.17
2.22335	27.5868	1179.76	2113.15
2.22335	27.5868	1178.84	2077.65
2.22335	27.5868	1177.91	2012.45
2.22335	27.5868	1176.99	2049.91
2.22335	27.5868	1176.06	2049.54
2.22335	27.5868	1175.13	2038.38
2.22335	27.5868	1174.21	1984.03
2.22335	27.5868	1173.28	2021.47
2.22335	27.5868	1172.35	1937.46
2.22335	27.5868	1171.43	2031.54
2.22335	27.5868	1170.5	1955.65
2.22335	27.5868	1169.57	1882.49
2.22335	27.5868	1168.65	1874.06
2.22335	27.5868	1167.72	1968.09
2.22335	27.5868	1166.79	1859.92
2.22335	27.5868	1165.86	1900.02
2.22335	27.5868	1164.94	1905.07
2.22335	27.5868	1164.01	1829.3
2.22335	27.5868	1163.08	1888.23
2.22335	27.5868	1162.15	1817.88
2.22335	27.5868	1161.22	1892.95
2.22335	27.5868	1160.3	1863.0
2.22335	27.5868	1159.37	1889.59
2.22335	27.5868	1158.44	1800.44
2.22335	27.5868	1157.51	1862.01
2.22335	27.5868	1156.58	1947.77
2.22335	27.5868	1155.65	1944.73
2.22335	27.5868	1154.72	1831.44
2.22335	27.5868	1153.79	1841.87
2.22335	27.5868	1152.86	1857.67
2.22335	27.5868	1151.93	1843.9
2.22335	27.5868	1151.0	1771.02
2.22335	27.5868	1150.07	1824.44
2.22335	27.5868	1149.14	1826.8
2.22335	27.5868	1148.21	1772.76
2.22335	27.5868	1147.28	1796.61
2.22335	27.5868	1146.35	1723.8
2.22335	27.5868	1145.42	1868.46
2.22335	27.5868	1144.48	1750.03
2.22335	27.5868	1143.55	1776.55
2.22335	27.5868	1142.62	1776.24
2.22335	27.5868	1141.69	1783.97
2.22335	27.5868	1140.76	1791.7
2.22335	27.5868	1139.82	1684.11
2.22335	27.5868	1138.89	1788.38
2.22335	27.5868	1137.96	1790.75
2.22335	27.5868	1137.03	1731.46
2.22335	27.5868	1136.09	1768.67
2.22335	27.5868	1135.16	1776.4
2.22335	27.5868	1134.23	1821.62
2.22335	27.5868	1133.29	1778.44
2.22335	27.5868	1132.36	1786.16
2.22335	27.5868	1131.43	1753.71
2.22335	27.5868	1130.49	1780.17
2.22335	27.5868	1129.56	1696.89
2.22335	27.5868	1128.62	1709.96
2.22335	27.5868	1127.69	1789.93
2.22335	27.5868	1126.76	1762.86
2.22335	27.5868	1125.82	1722.43
2.22335	27.5868	1124.89	1706.07
2.22335	27.5868	1123.95	1727.16
2.22335	27.5868	1123.02	1756.26
2.22335	27.5868	1122.08	1774.65
2.22335	27.5868	1121.14	1686.16
2.22335	27.5868	1120.21	1749.98
2.22335	27.5868	1119.27	1733.64
2.22335	27.5868	1118.34	1794.76
2.22335	27.5868	1117.4	1735.69
2.22335	27.5868	1116.46	1764.75
2.22335	27.5868	1115.53	1737.75
2.22335	27.5868	1114.59	1753.45
2.22335	27.5868	1113.65	1747.8
2.22335	27.5868	1112.72	1803.52
2.22335	27.5868	1111.78	1845.87
2.22335	27.5868	1110.84	1874.88
2.22335	27.5868	1109.9	1797.22
2.22335	27.5868	1108.97	1772.91
2.22335	27.5868	1108.03	1780.59
2.22335	27.5868	1107.09	1772.28
2.22335	27.5868	1106.15	1774.62
2.22335	27.5868	1105.21	1742.34
2.22335	27.5868	1104.28	1723.38
2.22335	27.5868	1103.34	1747.05
2.22335	27.5868	1102.4	1680.17
2.22335	27.5868	1101.46	1759.73
2.22335	27.5868	1100.52	1770.07
2.22335	27.5868	1099.58	1740.48
2.22335	27.5868	1098.64	1652.36
2.22335	27.5868	1097.7	1779.76
2.22335	27.5868	1096.76	1710.29
2.22335	27.5868	1095.82	1771.15
2.22335	27.5868	1094.88	1709.68
2.22335	27.5868	1093.94	1709.38
2.22335	27.5868	1093.0	1639.96
2.22335	27.5868	1092.06	1716.74
2.22335	27.5868	1091.12	1671.26
2.22335	27.5868	1090.18	1673.62
2.22335	27.5868	1089.24	1707.85
2.22335	27.5868	1088.3	1710.21
2.22335	27.5868	1087.35	1736.45
2.22335	27.5868	1086.41	1659.16
2.22335	27.5868	1085.47	1743.8
2.22335	27.5868	1084.53	1639.99
2.22335	27.5868	1083.59	1637.04
2.22335	27.5868	1082.64	1626.14
2.22335	27.5868	1081.7	1617.89
2.22335	27.5868	1080.76	1596.39
2.22335	27.5868	1079.81	1641.18
2.22335	27.5868	1078.87	1603.77
2.22335	27.5868	1077.93	1669.75
2.22335	27.5868	1076.99	1629.7
2.22335	27.5868	1076.04	1552.58
2.22335	27.5868	1075.1	1687.4
2.22335	27.5868	1074.15	1650.02
2.22335	27.5868	1073.21	1594.11
2.22335	27.5868	1072.27	1570.0
2.22335	27.5868	1071.32	1553.84
2.22335	27.5868	1070.38	1553.56
2.22335	27.5868	1069.43	1503.01
2.22335	27.5868	1068.49	1476.28
2.22335	27.5868	1067.54	1653.25
2.22335	27.5868	1066.6	1563.03
2.22335	27.5868	1065.65	1459.63
2.22335	27.5868	1064.71	1604.77
2.22335	27.5868	1063.76	1654.71
2.22335	27.5868	1062.81	1596.27
2.22335	27.5868	1061.87	1556.35
2.22335	27.5868	1060.92	1519.09
2.22335	27.5868	1059.97	1603.34
2.22335	27.5868	1059.03	1576.65
2.22335	27.5868	1058.08	1552.6
2.22335	27.5868	1057.13	1499.52
2.22335	27.5868	1056.19	1554.68
2.22335	27.5868	1055.24	1549.13
2.22335	27.5868	1054.29	1538.3
2.22335	27.5868	1053.34	1545.94
2.22335	27.5868	1052.4	1595.78
2.22335	27.5868	1051.45	1516.38
2.22335	27.5868	1050.5	1502.92
2.22335	27.5868	1049.55	1526.38
2.22335	27.5868	1048.6	1689.52
2.22335	27.5868	1047.66	1639.15
2.22335	27.5868	1046.71	1544.0
2.22335	27.5868	1045.76	1546.36
2.22335	27.5868	1044.81	1601.4
2.22335	27.5868	1043.86	1551.08
2.22335	27.5868	1042.91	1542.9
2.22335	27.5868	1041.96	1513.67
2.22335	27.5868	1041.01	1613.41
2.22335	27.5868	1040.06	1481.55
2.22335	27.5868	1039.11	1578.63
2.22335	27.5868	1038.16	1533.63
2.22335	27.5868	1037.21	1525.46
2.22335	27.5868	1036.26	1548.86
2.22335	27.5868	1035.31	1490.74
2.22335	27.5868	1034.36	1466.81
2.22335	27.5868	1033.4	1495.46
2.22335	27.5868	1032.45	1505.71
2.22335	27.5868	1031.5	1510.69
2.22335	27.5868	1030.55	1457.88
2.22335	27.5868	1029.6	1494.39
2.22335	27.5868	1028.65	1433.73
2.22335	27.5868	1027.69	1446.6
2.22335	27.5868	1026.74	1456.84
2.22335	27.5868	1025.79	1493.32
2.22335	27.5868	1024.84	1556.03
2.22335	27.5868	1023.88	1471.8
2.22335	27.5868	1022.93	1503.01
2.22335	27.5868	1021.98	1534.21
2.22335	27.5868	1021.02	1486.74
2.22335	27.5868	1020.07	1512.69
2.22335	27.5868	1019.12	1478.34
2.22335	27.5868	1018.16	1522.63
2.22335	27.5868	1017.21	1501.4
2.22335	27.5868	1016.25	1448.73
2.22335	27.5868	1015.3	1482.52
2.22335	27.5868	1014.34	1445.59
2.22335	27.5868	1013.39	1476.76
2.22335	27.5868	1012.44	1450.31
2.22335	27.5868	1011.48	1497.17
2.22335	27.5868	1010.52	1578.02
2.22335	27.5868	1009.57	1425.98
2.22335	27.5868	1008.61	1522.52
2.22335	27.5868	1007.66	1535.33
2.22335	27.5868	1006.7	1493.21
2.22335	27.5868	1005.75	1482.48
2.22335	27.5868	1004.79	1529.27
2.22335	27.5868	1003.83	1607.41
2.22335	27.5868	1002.88	1562.69
2.22335	27.5868	1001.92	1497.1
2.22335	27.5868	1000.96	1543.85
2.22335	27.5868	1000.0	1593.19
2.22335	27.5868	999.048	1480.62
2.22335	27.5868	998.09	1532.57
2.22335	27.5868	997.132	1461.82
2.22335	27.5868	996.174	1477.21
2.22335	27.5868	995.216	1503.04
2.22335	27.5868	994.258	1528.86
2.22335	27.5868	993.3	1437.29
2.22335	27.5868	992.341	1497.02
2.22335	27.5868	991.382	1567.15
2.22335	27.5868	990.423	1397.41
2.22335	27.5868	989.4639999999999	1504.03
2.22335	27.5868	988.505	1454.25
2.22335	27.5868	987.546	1456.59
2.22335	27.5868	986.586	1417.25
2.22335	27.5868	985.6260000000001	1482.11
2.22335	27.5868	984.666	1390.7
2.22335	27.5868	983.706	1481.58
2.22335	27.5868	982.7460000000001	1421.44
2.22335	27.5868	981.785	1496.67
2.22335	27.5868	980.825	1472.98
2.22335	27.5868	979.8639999999999	1477.92
2.22335	27.5868	978.903	1423.02
2.22335	27.5868	977.942	1529.4
2.22335	27.5868	976.9810000000001	1513.53
2.22335	27.5868	976.0189999999999	1417.05
2.22335	27.5868	975.057	1593.57
2.22335	27.5868	974.095	1530.9
2.22335	27.5868	973.133	1535.83
2.22335	27.5868	972.171	1597.91
2.22335	27.5868	971.209	1587.23
2.22335	27.5868	970.2460000000001	1576.56
2.22335	27.5868	969.284	1597.05
2.22335	27.5868	968.321	1578.58
2.22335	27.5868	967.3580000000001	1601.66
2.22335	27.5868	966.3939999999999	1565.04
2.22335	27.5868	965.431	1518.05
2.22335	27.5868	964.467	1538.53
2.22335	27.5868	963.5039999999999	1525.28
2.22335	27.5868	962.54	1644.31
2.22335	27.5868	961.576	1589.56
2.22335	27.5868	960.6110000000001	1537.42
2.22335	27.5868	959.6469999999999	1506.04
2.22335	27.5868	958.682	1487.63
2.22335	27.5868	957.7180000000001	1515.87
2.22335	27.5868	956.753	1489.68
2.22335	27.5868	955.7869999999999	1551.58
2.22335	27.5868	954.822	1566.84
2.22335	27.5868	953.857	1540.67
2.22335	27.5868	952.8910000000001	1563.69
2.22335	27.5868	951.925	1591.88
2.22335	27.5868	950.959	1599.36
2.22335	27.5868	949.993	1508.51
2.22335	27.5868	949.0269999999999	1591.02
2.22335	27.5868	948.06	1577.8
2.22335	27.5868	947.0930000000001	1577.52
2.22335	27.5868	946.1260000000001	1556.55
2.22335	27.5868	945.159	1395.99
2.22335	27.5868	944.192	1475.86
2.22335	27.5868	943.225	1532.45
2.22335	27.5868	942.257	1390.07
2.22335	27.5868	941.289	1526.73
2.22335	27.5868	940.321	1443.8
2.22335	27.5868	939.3530000000001	1471.95
2.22335	27.5868	938.385	1476.85
2.22335	27.5868	937.4169999999999	1393.98
2.22335	27.5868	936.448	1481.48
2.22335	27.5868	935.4789999999999	1344.44
2.22335	27.5868	934.51	1449.98
2.22335	27.5868	933.541	1400.71
2.22335	27.5868	932.572	1415.93
2.22335	27.5868	931.602	1410.52
2.22335	27.5868	930.633	1407.69
2.22335	27.5868	929.663	1461.57
2.22335	27.5868	928.693	1440.68
2.22335	27.5868	927.7230000000001	1373.43
2.22335	27.5868	926.752	1401.52
2.22335	27.5868	925.7819999999999	1486.27
2.22335	27.5868	924.811	1395.86
2.22335	27.5868	923.84	1431.66
2.22335	27.5868	922.8689999999999	1413.38
2.22335	27.5868	921.898	1410.55
2.22335	27.5868	920.926	1410.3
2.22335	27.5868	919.955	1464.08
2.22335	27.5868	918.9830000000001	1512.69
2.22335	27.5868	918.0110000000001	1458.4
2.22335	27.5868	917.039	1471.0
2.22335	27.5868	916.066	1414.17
2.22335	27.5868	915.0939999999999	1511.6
2.22335	27.5868	914.1210000000001	1483.05
2.22335	27.5868	913.148	1467.37
2.22335	27.5868	912.175	1374.61
2.22335	27.5868	911.202	1425.73
2.22335	27.5868	910.2289999999999	1389.52
2.22335	27.5868	909.255	1381.56
2.22335	27.5868	908.2819999999999	1412.12
2.22335	27.5868	907.308	1391.33
2.22335	27.5868	906.334	1429.58
2.22335	27.5868	905.36	1413.93
2.22335	27.5868	904.385	1395.71
2.22335	27.5868	903.4110000000001	1423.68
2.22335	27.5868	902.436	1372.12
2.22335	27.5868	901.461	1448.8
2.22335	27.5868	900.4860000000001	1407.52
2.22335	27.5868	899.51	1468.79
2.22335	27.5868	898.535	1383.95
2.22335	27.5868	897.559	1455.44
2.22335	27.5868	896.5830000000001	1403.94
2.22335	27.5868	895.607	1419.06
2.22335	27.5868	894.6310000000001	1459.78
2.22335	27.5868	893.655	1449.27
2.22335	27.5868	892.678	1420.85
2.22335	27.5868	891.702	1446.19
2.22335	27.5868	890.725	1428.01
2.22335	27.5868	889.748	1399.61
2.22335	27.5868	888.77	1371.21
2.22335	27.5868	887.793	1404.22
2.22335	27.5868	886.815	1432.09
2.22335	27.5868	885.8380000000001	1398.59
2.22335	27.5868	884.86	1469.92
2.22335	27.5868	883.882	1438.98
2.22335	27.5868	882.903	1408.06
2.22335	27.5868	881.925	1382.25
2.22335	27.5868	880.946	1476.52
2.22335	27.5868	879.967	1432.83
2.22335	27.5868	878.988	1378.95
2.22335	27.5868	878.0089999999999	1409.33
2.22335	27.5868	877.03	1432.05
2.22335	27.5868	876.05	1413.93
2.22335	27.5868	875.071	1395.81
2.22335	27.5868	874.091	1380.25
2.22335	27.5868	873.1110000000001	1428.47
2.22335	27.5868	872.13	1354.25
2.22335	27.5868	871.15	1369.3
2.22335	27.5868	870.169	1430.24
2.22335	27.5868	869.189	1404.49
2.22335	27.5868	868.2080000000001	1363.46
2.22335	27.5868	867.2260000000001	1332.64
2.22335	27.5868	866.245	1469.96
2.22335	27.5868	865.2639999999999	1421.3
2.22335	27.5868	864.2819999999999	1415.95
2.22335	27.5868	863.3	1443.7
2.22335	27.5868	862.318	1377.25
2.22335	27.5868	861.336	1481.36
2.22335	27.5868	860.3530000000001	1442.92
2.22335	27.5868	859.3710000000001	1463.01
2.22335	27.5868	858.388	1457.66
2.22335	27.5868	857.405	1391.26
2.22335	27.5868	856.422	1436.79
2.22335	27.5868	855.439	1469.58
2.22335	27.5868	854.455	1512.53
2.22335	27.5868	853.472	1402.96
2.22335	27.5868	852.488	1450.99
2.22335	27.5868	851.5039999999999	1344.02
2.22335	27.5868	850.52	1412.36
2.22335	27.5868	849.535	1412.1
2.22335	27.5868	848.551	1320.43
2.22335	27.5868	847.566	1317.66
2.22335	27.5868	846.581	1342.8
2.22335	27.5868	845.596	1390.78
2.22335	27.5868	844.6110000000001	1400.67
2.22335	27.5868	843.6260000000001	1415.64
2.22335	27.5868	842.64	1344.36
2.22335	27.5868	841.654	1404.98
2.22335	27.5868	840.668	1369.23
2.22335	27.5868	839.682	1414.61
2.22335	27.5868	838.696	1363.66
2.22335	27.5868	837.709	1457.18
2.22335	27.5868	836.7230000000001	1350.5
2.22335	27.5868	835.7360000000001	1479.45
2.22335	27.5868	834.7489999999999	1451.32
2.22335	27.5868	833.762	1453.59
2.22335	27.5868	832.7739999999999	1481.18
2.22335	27.5868	831.7869999999999	1473.31
2.22335	27.5868	830.799	1483.17
2.22335	27.5868	829.811	1472.78
2.22335	27.5868	828.823	1495.28
2.22335	27.5868	827.835	1464.66
2.22335	27.5868	826.846	1454.27
2.22335	27.5868	825.857	1502.05
2.22335	27.5868	824.8689999999999	1473.97
2.22335	27.5868	823.88	1456.01
2.22335	27.5868	822.89	1384.98
2.22335	27.5868	821.9010000000001	1483.27
2.22335	27.5868	820.9119999999999	1493.11
2.22335	27.5868	819.922	1427.16
2.22335	27.5868	818.932	1421.85
2.22335	27.5868	817.942	1474.62
2.22335	27.5868	816.952	1406.19
2.22335	27.5868	815.961	1423.6
2.22335	27.5868	814.971	1418.29
2.22335	27.5868	813.98	1430.65
2.22335	27.5868	812.9889999999999	1392.55
2.22335	27.5868	811.998	1354.46
2.22335	27.5868	811.0060000000001	1407.18
2.22335	27.5868	810.015	1394.31
2.22335	27.5868	809.023	1361.29
2.22335	27.5868	808.0310000000001	1358.52
2.22335	27.5868	807.039	1338.11
2.22335	27.5868	806.047	1368.1
2.22335	27.5868	805.054	1309.92
2.22335	27.5868	804.062	1375.16
2.22335	27.5868	803.069	1369.87
2.22335	27.5868	802.076	1352.0
2.22335	27.5868	801.0830000000001	1321.55
2.22335	27.5868	800.0889999999999	1343.96
2.22335	27.5868	799.096	1399.07
2.22335	27.5868	798.102	1361.08
2.22335	27.5868	797.1080000000001	1378.44
2.22335	27.5868	796.1139999999999	1461.18
2.22335	27.5868	795.12	1385.48
2.22335	27.5868	794.1260000000001	1440.54
2.22335	27.5868	793.1310000000001	1412.62
2.22335	27.5868	792.1360000000001	1437.5
2.22335	27.5868	791.1410000000001	1371.91
2.22335	27.5868	790.1460000000001	1326.44
2.22335	27.5868	789.1510000000001	1348.8
2.22335	27.5868	788.155	1408.83
2.22335	27.5868	787.16	1310.65
2.22335	27.5868	786.164	1292.84
2.22335	27.5868	785.168	1385.47
2.22335	27.5868	784.171	1337.54
2.22335	27.5868	783.175	1352.35
2.22335	27.5868	782.178	1404.78
2.22335	27.5868	781.182	1346.84
2.22335	27.5868	780.185	1464.45
2.22335	27.5868	779.188	1444.12
2.22335	27.5868	778.19	1436.34
2.22335	27.5868	777.193	1513.77
2.22335	27.5868	776.195	1408.25
2.22335	27.5868	775.197	1402.99
2.22335	27.5868	774.199	1417.76
2.22335	27.5868	773.201	1490.13
2.22335	27.5868	772.202	1484.85
2.22335	27.5868	771.204	1349.39
2.22335	27.5868	770.205	1441.75
2.22335	27.5868	769.206	1511.56
2.22335	27.5868	768.207	1383.68
2.22335	27.5868	767.2080000000001	1393.43
2.22335	27.5868	766.2080000000001	1403.18
2.22335	27.5868	765.2080000000001	1402.93
2.22335	27.5868	764.209	1360.17
2.22335	27.5868	763.2080000000001	1414.91
2.22335	27.5868	762.2080000000001	1454.65
2.22335	27.5868	761.2080000000001	1391.91
2.22335	27.5868	760.207	1386.66
2.22335	27.5868	759.206	1408.88
2.22335	27.5868	758.205	1471.07
2.22335	27.5868	757.204	1425.85
2.22335	27.5868	756.203	1413.11
2.22335	27.5868	755.201	1445.3
2.22335	27.5868	754.2	1417.58
2.22335	27.5868	753.198	1402.35
2.22335	27.5868	752.196	1432.03
2.22335	27.5868	751.193	1444.24
2.22335	27.5868	750.191	1523.78
2.22335	27.5868	749.188	1568.39
2.22335	27.5868	748.186	1545.66
2.22335	27.5868	747.183	1590.25
2.22335	27.5868	746.179	1515.19
2.22335	27.5868	745.176	1597.14
2.22335	27.5868	744.173	1552.01
2.22335	27.5868	743.169	1618.97
2.22335	27.5868	742.165	1541.48
2.22335	27.5868	741.1610000000001	1630.83
2.22335	27.5868	740.1569999999999	1625.55
2.22335	27.5868	739.1519999999999	1637.7
2.22335	27.5868	738.1469999999999	1624.96
2.22335	27.5868	737.143	1547.53
2.22335	27.5868	736.138	1646.75
2.22335	27.5868	735.132	1641.48
2.22335	27.5868	734.127	1606.36
2.22335	27.5868	733.122	1635.9
2.22335	27.5868	732.1160000000001	1687.8
2.22335	27.5868	731.11	1747.14
2.22335	27.5868	730.1039999999999	1741.85
2.22335	27.5868	729.097	1895.56
2.22335	27.5868	728.091	1900.18
2.22335	27.5868	727.084	1832.78
2.22335	27.5868	726.077	1859.76
2.22335	27.5868	725.07	1809.77
2.22335	27.5868	724.063	1859.08
2.22335	27.5868	723.056	1737.14
2.22335	27.5868	722.048	1845.99
2.22335	27.5868	721.04	1798.52
2.22335	27.5868	720.0319999999999	1731.22
2.22335	27.5868	719.0239999999999	1701.15
2.22335	27.5868	718.0160000000001	1730.59
2.22335	27.5868	717.007	1710.44
2.22335	27.5868	715.9989999999999	1717.56
2.22335	27.5868	714.99	1642.91
2.22335	27.5868	713.9810000000001	1642.61
2.22335	27.5868	712.972	1597.72
2.22335	27.5868	711.962	1602.38
2.22335	27.5868	710.953	1550.09
2.22335	27.5868	709.943	1688.44
2.22335	27.5868	708.933	1673.28
2.22335	27.5868	707.923	1564.08
2.22335	27.5868	706.9119999999999	1628.13
2.22335	27.5868	705.9019999999999	1612.99
2.22335	27.5868	704.8910000000001	1602.8
2.22335	27.5868	703.88	1454.12
2.22335	27.5868	702.8689999999999	1488.47
2.22335	27.5868	701.8580000000001	1453.59
2.22335	27.5868	700.846	1394.0
2.22335	27.5868	699.834	1443.17
2.22335	27.5868	698.823	1408.32
2.22335	27.5868	697.811	1492.05
2.22335	27.5868	696.798	1346.05
2.22335	27.5868	695.7860000000001	1422.36
2.22335	27.5868	694.773	1333.22
2.22335	27.5868	693.7610000000001	1421.84
2.22335	27.5868	692.748	1312.98
2.22335	27.5868	691.7339999999999	1347.29
2.22335	27.5868	690.721	1386.51
2.22335	27.5868	689.7080000000001	1287.59
2.22335	27.5868	688.694	1344.08
2.22335	27.5868	687.68	1400.54
2.22335	27.5868	686.666	1387.96
2.22335	27.5868	685.6519999999999	1340.87
2.22335	27.5868	684.637	1323.38
2.22335	27.5868	683.623	1411.84
2.22335	27.5868	682.6080000000001	1327.82
2.22335	27.5868	681.5930000000001	1366.98
2.22335	27.5868	680.578	1369.19
2.22335	27.5868	679.562	1410.8
2.22335	27.5868	678.547	1371.15
2.22335	27.5868	677.5310000000001	1405.36
2.22335	27.5868	676.515	1444.47
2.22335	27.5868	675.4989999999999	1335.95
2.22335	27.5868	674.482	1330.79
2.22335	27.5868	673.466	1303.49
2.22335	27.5868	672.449	1372.1
2.22335	27.5868	671.432	1433.31
2.22335	27.5868	670.415	1371.59
2.22335	27.5868	669.398	1373.8
2.22335	27.5868	668.3810000000001	1363.72
2.22335	27.5868	667.363	1331.53
2.22335	27.5868	666.345	1353.39
2.22335	27.5868	665.327	1362.97
2.22335	27.5868	664.309	1382.36
2.22335	27.5868	663.291	1382.1
2.22335	27.5868	662.2719999999999	1327.85
2.22335	27.5868	661.253	1430.68
2.22335	27.5868	660.2339999999999	1418.14
2.22335	27.5868	659.215	1383.54
2.22335	27.5868	658.196	1415.17
2.22335	27.5868	657.176	1387.94
2.22335	27.5868	656.1569999999999	1448.97
2.22335	27.5868	655.137	1429.1
2.22335	27.5868	654.117	1436.19
2.22335	27.5868	653.097	1455.52
2.22335	27.5868	652.076	1408.71
2.22335	27.5868	651.056	1445.19
2.22335	27.5868	650.035	1498.8
2.22335	27.5868	649.014	1447.11
2.22335	27.5868	647.993	1415.02
2.22335	27.5868	646.971	1392.73
2.22335	27.5868	645.95	1358.21
2.22335	27.5868	644.928	1367.74
2.22335	27.5868	643.906	1431.1
2.22335	27.5868	642.884	1450.4
2.22335	27.5868	641.861	1472.14
2.22335	27.5868	640.839	1420.53
2.22335	27.5868	639.816	1356.71
2.22335	27.5868	638.793	1412.67
2.22335	27.5868	637.77	1351.32
2.22335	27.5868	636.747	1436.58
2.22335	27.5868	635.724	1436.32
2.22335	27.5868	634.7	1465.36
2.22335	27.5868	633.6759999999999	1430.9
2.22335	27.5868	632.6519999999999	1516.09
2.22335	27.5868	631.628	1432.82
2.22335	27.5868	630.6030000000001	1427.67
2.22335	27.5868	629.5790000000001	1483.53
2.22335	27.5868	628.554	1488.13
2.22335	27.5868	627.529	1461.03
2.22335	27.5868	626.504	1463.2
2.22335	27.5868	625.479	1433.67
2.22335	27.5868	624.453	1396.84
2.22335	27.5868	623.427	1416.08
2.22335	27.5868	622.401	1369.52
2.22335	27.5868	621.375	1449.67
2.22335	27.5868	620.349	1439.66
2.22335	27.5868	619.323	1310.31
2.22335	27.5868	618.2959999999999	1405.03
2.22335	27.5868	617.269	1509.46
2.22335	27.5868	616.242	1377.74
2.22335	27.5868	615.215	1433.46
2.22335	27.5868	614.187	1428.33
2.22335	27.5868	613.16	1462.13
2.22335	27.5868	612.132	1418.07
2.22335	27.5868	611.104	1405.65
2.22335	27.5868	610.076	1429.71
2.22335	27.5868	609.047	1434.3
2.22335	27.5868	608.019	1453.48
2.22335	27.5868	606.99	1475.09
2.22335	27.5868	605.961	1377.63
2.22335	27.5868	604.932	1374.94
2.22335	27.5868	603.903	1447.55
2.22335	27.5868	602.873	1454.57
2.22335	27.5868	601.844	1439.73
2.22335	27.5868	600.814	1512.29
