3.88847	2.14119	1799.31	1039.06
3.88847	2.14119	1798.5	1090.83
3.88847	2.14119	1797.68	1038.71
3.88847	2.14119	1796.86	1078.24
3.88847	2.14119	1796.04	1075.01
3.88847	2.14119	1795.22	1093.15
3.88847	2.14119	1794.4	1062.43
3.88847	2.14119	1793.58	1062.25
3.88847	2.14119	1792.76	1031.55
3.88847	2.14119	1791.94	1052.74
3.88847	2.14119	1791.13	1086.12
3.88847	2.14119	1790.31	1037.13
3.88847	2.14119	1789.49	1094.9
3.88847	2.14119	1788.67	969.696
3.88847	2.14119	1787.85	1070.14
3.88847	2.14119	1787.03	1088.25
3.88847	2.14119	1786.21	1039.3
3.88847	2.14119	1785.39	1017.8
3.88847	2.14119	1784.56	1057.23
3.88847	2.14119	1783.74	1054.01
3.88847	2.14119	1782.92	1102.56
3.88847	2.14119	1782.1	1099.33
3.88847	2.14119	1781.28	1029.12
3.88847	2.14119	1780.46	1123.31
3.88847	2.14119	1779.64	1034.86
3.88847	2.14119	1778.82	1116.85
3.88847	2.14119	1778.0	1092.32
3.88847	2.14119	1777.17	1070.84
3.88847	2.14119	1776.35	1061.53
3.88847	2.14119	1775.53	1055.27
3.88847	2.14119	1774.71	1070.29
3.88847	2.14119	1773.89	1036.67
3.88847	2.14119	1773.06	1076.01
3.88847	2.14119	1772.24	1051.52
3.88847	2.14119	1771.42	1157.69
3.88847	2.14119	1770.59	1093.69
3.88847	2.14119	1769.77	1081.36
3.88847	2.14119	1768.95	1105.47
3.88847	2.14119	1768.12	1035.45
3.88847	2.14119	1767.3	1071.7
3.88847	2.14119	1766.48	1110.98
3.88847	2.14119	1765.65	1086.51
3.88847	2.14119	1764.83	1092.4
3.88847	2.14119	1764.01	1165.03
3.88847	2.14119	1763.18	1149.66
3.88847	2.14119	1762.36	1091.84
3.88847	2.14119	1761.53	1106.82
3.88847	2.14119	1760.71	1224.88
3.88847	2.14119	1759.88	1118.57
3.88847	2.14119	1759.06	1142.63
3.88847	2.14119	1758.23	1109.1
3.88847	2.14119	1757.41	1133.15
3.88847	2.14119	1756.58	1120.84
3.88847	2.14119	1755.76	1181.23
3.88847	2.14119	1754.93	1135.61
3.88847	2.14119	1754.11	1159.64
3.88847	2.14119	1753.28	1074.68
3.88847	2.14119	1752.46	1147.14
3.88847	2.14119	1751.63	1071.29
3.88847	2.14119	1750.8	1177.0
3.88847	2.14119	1749.98	1179.83
3.88847	2.14119	1749.15	1137.28
3.88847	2.14119	1748.32	1185.48
3.88847	2.14119	1747.5	1142.95
3.88847	2.14119	1746.67	1182.05
3.88847	2.14119	1745.84	1187.9
3.88847	2.14119	1745.02	1196.76
3.88847	2.14119	1744.19	1193.54
3.88847	2.14119	1743.36	1169.17
3.88847	2.14119	1742.53	1184.07
3.88847	2.14119	1741.71	1241.25
3.88847	2.14119	1740.88	1210.85
3.88847	2.14119	1740.05	1195.55
3.88847	2.14119	1739.22	1207.42
3.88847	2.14119	1738.39	1116.67
3.88847	2.14119	1737.56	1222.1
3.88847	2.14119	1736.74	1188.7
3.88847	2.14119	1735.91	1143.25
3.88847	2.14119	1735.08	1206.39
3.88847	2.14119	1734.25	1239.36
3.88847	2.14119	1733.42	1184.88
3.88847	2.14119	1732.59	1226.88
3.88847	2.14119	1731.76	1220.65
3.88847	2.14119	1730.93	1205.37
3.88847	2.14119	1730.1	1271.45
3.88847	2.14119	1729.27	1198.94
3.88847	2.14119	1728.44	1249.94
3.88847	2.14119	1727.61	1225.63
3.88847	2.14119	1726.78	1336.83
3.88847	2.14119	1725.95	1222.21
3.88847	2.14119	1725.12	1212.97
3.88847	2.14119	1724.29	1215.77
3.88847	2.14119	1723.46	1257.69
3.88847	2.14119	1722.63	1275.53
3.88847	2.14119	1721.8	1344.49
3.88847	2.14119	1720.96	1263.06
3.88847	2.14119	1720.13	1214.74
3.88847	2.14119	1719.3	1343.8
3.88847	2.14119	1718.47	1337.56
3.88847	2.14119	1717.64	1373.4
3.88847	2.14119	1716.81	1265.0
3.88847	2.14119	1715.97	1255.77
3.88847	2.14119	1715.14	1444.79
3.88847	2.14119	1714.31	1273.36
3.88847	2.14119	1713.48	1333.2
3.88847	2.14119	1712.64	1338.98
3.88847	2.14119	1711.81	1362.76
3.88847	2.14119	1710.98	1320.51
3.88847	2.14119	1710.14	1350.3
3.88847	2.14119	1709.31	1257.06
3.88847	2.14119	1708.48	1466.82
3.88847	2.14119	1707.64	1343.61
3.88847	2.14119	1706.81	1388.36
3.88847	2.14119	1705.98	1409.11
3.88847	2.14119	1705.14	1405.87
3.88847	2.14119	1704.31	1420.62
3.88847	2.14119	1703.47	1381.42
3.88847	2.14119	1702.64	1336.25
3.88847	2.14119	1701.81	1351.0
3.88847	2.14119	1700.97	1440.62
3.88847	2.14119	1700.14	1461.34
3.88847	2.14119	1699.3	1410.19
3.88847	2.14119	1698.47	1436.89
3.88847	2.14119	1697.63	1409.71
3.88847	2.14119	1696.79	1463.34
3.88847	2.14119	1695.96	1528.91
3.88847	2.14119	1695.12	1370.1
3.88847	2.14119	1694.29	1390.8
3.88847	2.14119	1693.45	1513.18
3.88847	2.14119	1692.62	1551.79
3.88847	2.14119	1691.78	1431.95
3.88847	2.14119	1690.94	1407.79
3.88847	2.14119	1690.11	1473.3
3.88847	2.14119	1689.27	1517.87
3.88847	2.14119	1688.43	1475.78
3.88847	2.14119	1687.6	1475.53
3.88847	2.14119	1686.76	1418.54
3.88847	2.14119	1685.92	1475.03
3.88847	2.14119	1685.08	1543.44
3.88847	2.14119	1684.25	1576.01
3.88847	2.14119	1683.41	1477.26
3.88847	2.14119	1682.57	1462.09
3.88847	2.14119	1681.73	1497.64
3.88847	2.14119	1680.89	1509.32
3.88847	2.14119	1680.06	1550.81
3.88847	2.14119	1679.22	1404.44
3.88847	2.14119	1678.38	1511.53
3.88847	2.14119	1677.54	1490.4
3.88847	2.14119	1676.7	1493.13
3.88847	2.14119	1675.86	1495.86
3.88847	2.14119	1675.02	1516.46
3.88847	2.14119	1674.18	1522.16
3.88847	2.14119	1673.35	1527.85
3.88847	2.14119	1672.51	1536.52
3.88847	2.14119	1671.67	1530.31
3.88847	2.14119	1670.83	1491.35
3.88847	2.14119	1669.99	1452.4
3.88847	2.14119	1669.15	1568.21
3.88847	2.14119	1668.31	1627.45
3.88847	2.14119	1667.47	1594.45
3.88847	2.14119	1666.62	1680.43
3.88847	2.14119	1665.78	1626.62
3.88847	2.14119	1664.94	1614.44
3.88847	2.14119	1664.1	1581.47
3.88847	2.14119	1663.26	1673.34
3.88847	2.14119	1662.42	1652.25
3.88847	2.14119	1661.58	1649.0
3.88847	2.14119	1660.74	1636.83
3.88847	2.14119	1659.9	1672.2
3.88847	2.14119	1659.05	1707.55
3.88847	2.14119	1658.21	1725.07
3.88847	2.14119	1657.37	1739.62
3.88847	2.14119	1656.53	1771.97
3.88847	2.14119	1655.68	1733.09
3.88847	2.14119	1654.84	1821.81
3.88847	2.14119	1654.0	1771.06
3.88847	2.14119	1653.16	1862.71
3.88847	2.14119	1652.31	1746.73
3.88847	2.14119	1651.47	1903.59
3.88847	2.14119	1650.63	1926.98
3.88847	2.14119	1649.78	1894.04
3.88847	2.14119	1648.94	1964.85
3.88847	2.14119	1648.1	1982.29
3.88847	2.14119	1647.25	1973.06
3.88847	2.14119	1646.41	1999.38
3.88847	2.14119	1645.56	2052.35
3.88847	2.14119	1644.72	2084.57
3.88847	2.14119	1643.88	2030.93
3.88847	2.14119	1643.03	2131.22
3.88847	2.14119	1642.19	2050.95
3.88847	2.14119	1641.34	2097.94
3.88847	2.14119	1640.5	2186.34
3.88847	2.14119	1639.65	2150.47
3.88847	2.14119	1638.81	2046.59
3.88847	2.14119	1637.96	2194.09
3.88847	2.14119	1637.11	2235.1
3.88847	2.14119	1636.27	2234.72
3.88847	2.14119	1635.42	2263.9
3.88847	2.14119	1634.58	2216.23
3.88847	2.14119	1633.73	2393.12
3.88847	2.14119	1632.88	2312.95
3.88847	2.14119	1632.04	2404.11
3.88847	2.14119	1631.19	2329.88
3.88847	2.14119	1630.34	2438.72
3.88847	2.14119	1629.5	2556.38
3.88847	2.14119	1628.65	2493.96
3.88847	2.14119	1627.8	2534.85
3.88847	2.14119	1626.96	2581.62
3.88847	2.14119	1626.11	2637.23
3.88847	2.14119	1625.26	2760.65
3.88847	2.14119	1624.41	2686.46
3.88847	2.14119	1623.57	2688.95
3.88847	2.14119	1622.72	2765.13
3.88847	2.14119	1621.87	2841.29
3.88847	2.14119	1621.02	2805.44
3.88847	2.14119	1620.17	2863.89
3.88847	2.14119	1619.32	2931.16
3.88847	2.14119	1618.47	3004.29
3.88847	2.14119	1617.63	2927.21
3.88847	2.14119	1616.78	2985.59
3.88847	2.14119	1615.93	2870.27
3.88847	2.14119	1615.08	3040.5
3.88847	2.14119	1614.23	3204.78
3.88847	2.14119	1613.38	3021.8
3.88847	2.14119	1612.53	3000.69
3.88847	2.14119	1611.68	2982.53
3.88847	2.14119	1610.83	3034.95
3.88847	2.14119	1609.98	3252.02
3.88847	2.14119	1609.13	3157.39
3.88847	2.14119	1608.28	3083.36
3.88847	2.14119	1607.43	3232.71
3.88847	2.14119	1606.58	3352.63
3.88847	2.14119	1605.73	3193.42
3.88847	2.14119	1604.87	3134.12
3.88847	2.14119	1604.02	3300.98
3.88847	2.14119	1603.17	3247.56
3.88847	2.14119	1602.32	3273.43
3.88847	2.14119	1601.47	3255.26
3.88847	2.14119	1600.62	3228.29
3.88847	2.14119	1599.76	3333.37
3.88847	2.14119	1598.91	3294.66
3.88847	2.14119	1598.06	3232.49
3.88847	2.14119	1597.21	3143.95
3.88847	2.14119	1596.36	3246.04
3.88847	2.14119	1595.5	3304.12
3.88847	2.14119	1594.65	3139.41
3.88847	2.14119	1593.8	3153.52
3.88847	2.14119	1592.94	3252.61
3.88847	2.14119	1592.09	3284.28
3.88847	2.14119	1591.24	3248.56
3.88847	2.14119	1590.38	3335.87
3.88847	2.14119	1589.53	3250.38
3.88847	2.14119	1588.68	3484.04
3.88847	2.14119	1587.82	3427.83
3.88847	2.14119	1586.97	3196.02
3.88847	2.14119	1586.11	3376.9
3.88847	2.14119	1585.26	3265.15
3.88847	2.14119	1584.4	3478.13
3.88847	2.14119	1583.55	3357.62
3.88847	2.14119	1582.69	3336.57
3.88847	2.14119	1581.84	3303.84
3.88847	2.14119	1580.98	3285.73
3.88847	2.14119	1580.13	3267.63
3.88847	2.14119	1579.27	3176.48
3.88847	2.14119	1578.42	3286.96
3.88847	2.14119	1577.56	3338.98
3.88847	2.14119	1576.71	3440.63
3.88847	2.14119	1575.85	3232.7
3.88847	2.14119	1574.99	3211.71
3.88847	2.14119	1574.14	3205.32
3.88847	2.14119	1573.28	3312.76
3.88847	2.14119	1572.42	3107.92
3.88847	2.14119	1571.57	3016.93
3.88847	2.14119	1570.71	3162.28
3.88847	2.14119	1569.85	3123.82
3.88847	2.14119	1569.0	3047.46
3.88847	2.14119	1568.14	2944.88
3.88847	2.14119	1567.28	2956.04
3.88847	2.14119	1566.42	2929.3
3.88847	2.14119	1565.56	3019.13
3.88847	2.14119	1564.71	2773.86
3.88847	2.14119	1563.85	2814.17
3.88847	2.14119	1562.99	2912.72
3.88847	2.14119	1562.13	2979.2
3.88847	2.14119	1561.27	2751.57
3.88847	2.14119	1560.41	2748.19
3.88847	2.14119	1559.56	2814.66
3.88847	2.14119	1558.7	2956.78
3.88847	2.14119	1557.84	2697.31
3.88847	2.14119	1556.98	2819.03
3.88847	2.14119	1556.12	2844.72
3.88847	2.14119	1555.26	2870.41
3.88847	2.14119	1554.4	2773.96
3.88847	2.14119	1553.54	2773.48
3.88847	2.14119	1552.68	2857.3
3.88847	2.14119	1551.82	2766.72
3.88847	2.14119	1550.96	2966.73
3.88847	2.14119	1550.1	2832.58
3.88847	2.14119	1549.24	2710.1
3.88847	2.14119	1548.38	2933.26
3.88847	2.14119	1547.52	2886.29
3.88847	2.14119	1546.65	2789.99
3.88847	2.14119	1545.79	2844.66
3.88847	2.14119	1544.93	2760.01
3.88847	2.14119	1544.07	2849.48
3.88847	2.14119	1543.21	2892.51
3.88847	2.14119	1542.35	2778.89
3.88847	2.14119	1541.48	2801.61
3.88847	2.14119	1540.62	2937.41
3.88847	2.14119	1539.76	3038.38
3.88847	2.14119	1538.9	2950.9
3.88847	2.14119	1538.04	2883.73
3.88847	2.14119	1537.17	3004.94
3.88847	2.14119	1536.31	3126.1
3.88847	2.14119	1535.45	3053.15
3.88847	2.14119	1534.58	3000.49
3.88847	2.14119	1533.72	2985.49
3.88847	2.14119	1532.86	3068.94
3.88847	2.14119	1531.99	3108.94
3.88847	2.14119	1531.13	2963.69
3.88847	2.14119	1530.27	2827.17
3.88847	2.14119	1529.4	2887.44
3.88847	2.14119	1528.54	2759.67
3.88847	2.14119	1527.67	2889.34
3.88847	2.14119	1526.81	2767.39
3.88847	2.14119	1525.94	2810.28
3.88847	2.14119	1525.08	2856.05
3.88847	2.14119	1524.21	2783.3
3.88847	2.14119	1523.35	2641.22
3.88847	2.14119	1522.48	2707.22
3.88847	2.14119	1521.62	2897.41
3.88847	2.14119	1520.75	2813.15
3.88847	2.14119	1519.89	2827.1
3.88847	2.14119	1519.02	2771.76
3.88847	2.14119	1518.15	2875.2
3.88847	2.14119	1517.29	2967.07
3.88847	2.14119	1516.42	2868.44
3.88847	2.14119	1515.56	2778.5
3.88847	2.14119	1514.69	2928.03
3.88847	2.14119	1513.82	2918.87
3.88847	2.14119	1512.96	2955.86
3.88847	2.14119	1512.09	2877.5
3.88847	2.14119	1511.22	2828.0
3.88847	2.14119	1510.35	2876.51
3.88847	2.14119	1509.49	2844.31
3.88847	2.14119	1508.62	2970.6
3.88847	2.14119	1507.75	2875.02
3.88847	2.14119	1506.88	2943.65
3.88847	2.14119	1506.01	2934.5
3.88847	2.14119	1505.15	2752.6
3.88847	2.14119	1504.28	2734.85
3.88847	2.14119	1503.41	3019.33
3.88847	2.14119	1502.54	2943.98
3.88847	2.14119	1501.67	2793.86
3.88847	2.14119	1500.8	2865.29
3.88847	2.14119	1499.93	2778.51
3.88847	2.14119	1499.06	2913.19
3.88847	2.14119	1498.19	2803.43
3.88847	2.14119	1497.32	2785.69
3.88847	2.14119	1496.46	2744.97
3.88847	2.14119	1495.59	2856.58
3.88847	2.14119	1494.72	2755.52
3.88847	2.14119	1493.84	2775.15
3.88847	2.14119	1492.97	2800.52
3.88847	2.14119	1492.1	2768.45
3.88847	2.14119	1491.23	2836.88
3.88847	2.14119	1490.36	2761.75
3.88847	2.14119	1489.49	2752.66
3.88847	2.14119	1488.62	2852.63
3.88847	2.14119	1487.75	2935.35
3.88847	2.14119	1486.88	2808.61
3.88847	2.14119	1486.01	2747.89
3.88847	2.14119	1485.13	2879.34
3.88847	2.14119	1484.26	2898.91
3.88847	2.14119	1483.39	2967.21
3.88847	2.14119	1482.52	2983.9
3.88847	2.14119	1481.65	2971.92
3.88847	2.14119	1480.77	3197.77
3.88847	2.14119	1479.9	3194.35
3.88847	2.14119	1479.03	3047.71
3.88847	2.14119	1478.16	3118.78
3.88847	2.14119	1477.28	3278.6
3.88847	2.14119	1476.41	3326.7
3.88847	2.14119	1475.54	3240.25
3.88847	2.14119	1474.66	3116.63
3.88847	2.14119	1473.79	3262.02
3.88847	2.14119	1472.91	3298.65
3.88847	2.14119	1472.04	3189.38
3.88847	2.14119	1471.17	3020.09
3.88847	2.14119	1470.29	3010.99
3.88847	2.14119	1469.42	3070.51
3.88847	2.14119	1468.54	2958.5
3.88847	2.14119	1467.67	2977.99
3.88847	2.14119	1466.79	2908.89
3.88847	2.14119	1465.92	2922.68
3.88847	2.14119	1465.04	2807.91
3.88847	2.14119	1464.17	2761.73
3.88847	2.14119	1463.29	2621.33
3.88847	2.14119	1462.42	2737.93
3.88847	2.14119	1461.54	2717.48
3.88847	2.14119	1460.66	2508.66
3.88847	2.14119	1459.79	2676.58
3.88847	2.14119	1458.91	2581.97
3.88847	2.14119	1458.04	2558.7
3.88847	2.14119	1457.16	2572.52
3.88847	2.14119	1456.28	2512.19
3.88847	2.14119	1455.41	2431.93
3.88847	2.14119	1454.53	2551.23
3.88847	2.14119	1453.65	2567.89
3.88847	2.14119	1452.77	2433.51
3.88847	2.14119	1451.9	2510.02
3.88847	2.14119	1451.02	2498.19
3.88847	2.14119	1450.14	2511.99
3.88847	2.14119	1449.26	2494.47
3.88847	2.14119	1448.39	2627.85
3.88847	2.14119	1447.51	2504.99
3.88847	2.14119	1446.63	2470.41
3.88847	2.14119	1445.75	2390.3
3.88847	2.14119	1444.87	2452.48
3.88847	2.14119	1443.99	2471.97
3.88847	2.14119	1443.11	2451.63
3.88847	2.14119	1442.23	2445.52
3.88847	2.14119	1441.35	2447.93
3.88847	2.14119	1440.48	2402.03
3.88847	2.14119	1439.6	2441.4
3.88847	2.14119	1438.72	2440.98
3.88847	2.14119	1437.84	2383.73
3.88847	2.14119	1436.96	2454.33
3.88847	2.14119	1436.08	2462.43
3.88847	2.14119	1435.2	2362.61
3.88847	2.14119	1434.31	2367.88
3.88847	2.14119	1433.43	2404.37
3.88847	2.14119	1432.55	2352.87
3.88847	2.14119	1431.67	2360.97
3.88847	2.14119	1430.79	2425.82
3.88847	2.14119	1429.91	2374.33
3.88847	2.14119	1429.03	2490.21
3.88847	2.14119	1428.15	2407.54
3.88847	2.14119	1427.27	2384.44
3.88847	2.14119	1426.38	2426.55
3.88847	2.14119	1425.5	2287.25
3.88847	2.14119	1424.62	2493.71
3.88847	2.14119	1423.74	2422.45
3.88847	2.14119	1422.85	2320.05
3.88847	2.14119	1421.97	2452.76
3.88847	2.14119	1421.09	2463.66
3.88847	2.14119	1420.21	2412.27
3.88847	2.14119	1419.32	2414.68
3.88847	2.14119	1418.44	2346.33
3.88847	2.14119	1417.56	2476.1
3.88847	2.14119	1416.67	2404.93
3.88847	2.14119	1415.79	2435.63
3.88847	2.14119	1414.9	2551.17
3.88847	2.14119	1414.02	2508.31
3.88847	2.14119	1413.14	2544.63
3.88847	2.14119	1412.25	2583.76
3.88847	2.14119	1411.37	2656.8
3.88847	2.14119	1410.48	2656.34
3.88847	2.14119	1409.6	2732.16
3.88847	2.14119	1408.71	2663.89
3.88847	2.14119	1407.83	2677.55
3.88847	2.14119	1406.94	2600.84
3.88847	2.14119	1406.06	2750.03
3.88847	2.14119	1405.17	2735.43
3.88847	2.14119	1404.29	2670.04
3.88847	2.14119	1403.4	2861.47
3.88847	2.14119	1402.51	2939.97
3.88847	2.14119	1401.63	2899.97
3.88847	2.14119	1400.74	2930.49
3.88847	2.14119	1399.85	3113.28
3.88847	2.14119	1398.97	3208.6
3.88847	2.14119	1398.08	3157.3
3.88847	2.14119	1397.19	3131.38
3.88847	2.14119	1396.31	3209.74
3.88847	2.14119	1395.42	3231.72
3.88847	2.14119	1394.53	3453.71
3.88847	2.14119	1393.64	3323.54
3.88847	2.14119	1392.76	3255.38
3.88847	2.14119	1391.87	3384.33
3.88847	2.14119	1390.98	3434.41
3.88847	2.14119	1390.09	3186.13
3.88847	2.14119	1389.2	3171.5
3.88847	2.14119	1388.32	3173.76
3.88847	2.14119	1387.43	3218.22
3.88847	2.14119	1386.54	3136.09
3.88847	2.14119	1385.65	3011.81
3.88847	2.14119	1384.76	3126.57
3.88847	2.14119	1383.87	3013.57
3.88847	2.14119	1382.98	2965.27
3.88847	2.14119	1382.09	2928.22
3.88847	2.14119	1381.2	2899.61
3.88847	2.14119	1380.31	2924.39
3.88847	2.14119	1379.42	2949.16
3.88847	2.14119	1378.53	2872.82
3.88847	2.14119	1377.64	2920.05
3.88847	2.14119	1376.75	2908.31
3.88847	2.14119	1375.86	2930.26
3.88847	2.14119	1374.97	2907.3
3.88847	2.14119	1374.08	2884.34
3.88847	2.14119	1373.19	2939.95
3.88847	2.14119	1372.3	2992.73
3.88847	2.14119	1371.4	2964.16
3.88847	2.14119	1370.51	2960.84
3.88847	2.14119	1369.62	2943.5
3.88847	2.14119	1368.73	2990.64
3.88847	2.14119	1367.84	3015.34
3.88847	2.14119	1366.94	2969.98
3.88847	2.14119	1366.05	2994.68
3.88847	2.14119	1365.16	2957.74
3.88847	2.14119	1364.27	3027.23
3.88847	2.14119	1363.37	2931.51
3.88847	2.14119	1362.48	3020.58
3.88847	2.14119	1361.59	2910.89
3.88847	2.14119	1360.69	3005.53
3.88847	2.14119	1359.8	2985.42
3.88847	2.14119	1358.91	3068.82
3.88847	2.14119	1358.01	3090.66
3.88847	2.14119	1357.12	3101.31
3.88847	2.14119	1356.22	2983.34
3.88847	2.14119	1355.33	3055.5
3.88847	2.14119	1354.44	3091.3
3.88847	2.14119	1353.54	3135.47
3.88847	2.14119	1352.65	3120.96
3.88847	2.14119	1351.75	3112.03
3.88847	2.14119	1350.86	3069.59
3.88847	2.14119	1349.96	3314.8
3.88847	2.14119	1349.07	3241.63
3.88847	2.14119	1348.17	3115.44
3.88847	2.14119	1347.28	3201.42
3.88847	2.14119	1346.38	3424.11
3.88847	2.14119	1345.48	3230.99
3.88847	2.14119	1344.59	3375.49
3.88847	2.14119	1343.69	3277.28
3.88847	2.14119	1342.79	3304.59
3.88847	2.14119	1341.9	3479.67
3.88847	2.14119	1341.0	3406.58
3.88847	2.14119	1340.1	3408.77
3.88847	2.14119	1339.21	3488.99
3.88847	2.14119	1338.31	3510.67
3.88847	2.14119	1337.41	3588.06
3.88847	2.14119	1336.51	3498.3
3.88847	2.14119	1335.62	3784.52
3.88847	2.14119	1334.72	3616.8
3.88847	2.14119	1333.82	3747.01
3.88847	2.14119	1332.92	3607.19
3.88847	2.14119	1332.02	3918.24
3.88847	2.14119	1331.13	4092.84
3.88847	2.14119	1330.23	3827.84
3.88847	2.14119	1329.33	3779.89
3.88847	2.14119	1328.43	3818.16
3.88847	2.14119	1327.53	3839.74
3.88847	2.14119	1326.63	3775.13
3.88847	2.14119	1325.73	3660.51
3.88847	2.14119	1324.83	3751.57
3.88847	2.14119	1323.93	3981.53
3.88847	2.14119	1323.03	3558.58
3.88847	2.14119	1322.13	3721.83
3.88847	2.14119	1321.23	3726.73
3.88847	2.14119	1320.33	3831.59
3.88847	2.14119	1319.43	3739.31
3.88847	2.14119	1318.53	3752.53
3.88847	2.14119	1317.63	3871.2
3.88847	2.14119	1316.73	3792.83
3.88847	2.14119	1315.83	3797.72
3.88847	2.14119	1314.93	3716.62
3.88847	2.14119	1314.02	3682.69
3.88847	2.14119	1313.12	3756.9
3.88847	2.14119	1312.22	3781.19
3.88847	2.14119	1311.32	3636.41
3.88847	2.14119	1310.42	3569.26
3.88847	2.14119	1309.51	3599.11
3.88847	2.14119	1308.61	3609.56
3.88847	2.14119	1307.71	3453.83
3.88847	2.14119	1306.81	3494.76
3.88847	2.14119	1305.9	3552.29
3.88847	2.14119	1305.0	3598.73
3.88847	2.14119	1304.1	3468.01
3.88847	2.14119	1303.19	3337.34
3.88847	2.14119	1302.29	3486.16
3.88847	2.14119	1301.39	3369.37
3.88847	2.14119	1300.48	3432.39
3.88847	2.14119	1299.58	3370.95
3.88847	2.14119	1298.67	3309.53
3.88847	2.14119	1297.77	3438.88
3.88847	2.14119	1296.86	3349.83
3.88847	2.14119	1295.96	3368.58
3.88847	2.14119	1295.06	3304.45
3.88847	2.14119	1294.15	3389.5
3.88847	2.14119	1293.25	3289.48
3.88847	2.14119	1292.34	3241.95
3.88847	2.14119	1291.43	3382.2
3.88847	2.14119	1290.53	3511.35
3.88847	2.14119	1289.62	3455.53
3.88847	2.14119	1288.72	3319.71
3.88847	2.14119	1287.81	3399.13
3.88847	2.14119	1286.9	3522.67
3.88847	2.14119	1286.0	3431.04
3.88847	2.14119	1285.09	3383.56
3.88847	2.14119	1284.18	3352.63
3.88847	2.14119	1283.28	3404.42
3.88847	2.14119	1282.37	3307.36
3.88847	2.14119	1281.46	3281.98
3.88847	2.14119	1280.56	3342.01
3.88847	2.14119	1279.65	3283.58
3.88847	2.14119	1278.74	3451.01
3.88847	2.14119	1277.83	3329.24
3.88847	2.14119	1276.93	3292.86
3.88847	2.14119	1276.02	3358.35
3.88847	2.14119	1275.11	3242.16
3.88847	2.14119	1274.2	3230.59
3.88847	2.14119	1273.29	3191.5
3.88847	2.14119	1272.38	3050.65
3.88847	2.14119	1271.47	3080.37
3.88847	2.14119	1270.56	3005.58
3.88847	2.14119	1269.66	2939.07
3.88847	2.14119	1268.75	2913.81
3.88847	2.14119	1267.84	2949.03
3.88847	2.14119	1266.93	2789.13
3.88847	2.14119	1266.02	2719.95
3.88847	2.14119	1265.11	2749.69
3.88847	2.14119	1264.2	2804.14
3.88847	2.14119	1263.29	2729.5
3.88847	2.14119	1262.38	2668.62
3.88847	2.14119	1261.46	2728.54
3.88847	2.14119	1260.55	2728.06
3.88847	2.14119	1259.64	2667.21
3.88847	2.14119	1258.73	2683.2
3.88847	2.14119	1257.82	2696.45
3.88847	2.14119	1256.91	2720.66
3.88847	2.14119	1256.0	2607.75
3.88847	2.14119	1255.08	2656.64
3.88847	2.14119	1254.17	2620.54
3.88847	2.14119	1253.26	2726.96
3.88847	2.14119	1252.35	2562.07
3.88847	2.14119	1251.44	2482.17
3.88847	2.14119	1250.52	2574.87
3.88847	2.14119	1249.61	2601.8
3.88847	2.14119	1248.7	2552.05
3.88847	2.14119	1247.78	2532.44
3.88847	2.14119	1246.87	2594.95
3.88847	2.14119	1245.96	2624.6
3.88847	2.14119	1245.04	2604.98
3.88847	2.14119	1244.13	2571.69
3.88847	2.14119	1243.22	2579.45
3.88847	2.14119	1242.3	2595.4
3.88847	2.14119	1241.39	2570.33
3.88847	2.14119	1240.47	2441.39
3.88847	2.14119	1239.56	2517.49
3.88847	2.14119	1238.64	2538.91
3.88847	2.14119	1237.73	2620.44
3.88847	2.14119	1236.81	2458.79
3.88847	2.14119	1235.9	2450.16
3.88847	2.14119	1234.98	2490.7
3.88847	2.14119	1234.07	2454.76
3.88847	2.14119	1233.15	2418.84
3.88847	2.14119	1232.24	2320.15
3.88847	2.14119	1231.32	2390.69
3.88847	2.14119	1230.4	2368.44
3.88847	2.14119	1229.49	2408.95
3.88847	2.14119	1228.57	2498.54
3.88847	2.14119	1227.65	2429.91
3.88847	2.14119	1226.74	2426.76
3.88847	2.14119	1225.82	2352.72
3.88847	2.14119	1224.9	2284.17
3.88847	2.14119	1223.99	2365.52
3.88847	2.14119	1223.07	2313.33
3.88847	2.14119	1222.15	2277.51
3.88847	2.14119	1221.23	2252.59
3.88847	2.14119	1220.31	2254.92
3.88847	2.14119	1219.4	2281.75
3.88847	2.14119	1218.48	2240.51
3.88847	2.14119	1217.56	2248.28
3.88847	2.14119	1216.64	2310.48
3.88847	2.14119	1215.72	2228.44
3.88847	2.14119	1214.8	2173.64
3.88847	2.14119	1213.88	2279.33
3.88847	2.14119	1212.96	2333.32
3.88847	2.14119	1212.05	2376.41
3.88847	2.14119	1211.13	2269.97
3.88847	2.14119	1210.21	2245.11
3.88847	2.14119	1209.29	2201.23
3.88847	2.14119	1208.37	2181.82
3.88847	2.14119	1207.45	2143.4
3.88847	2.14119	1206.53	2183.77
3.88847	2.14119	1205.6	2164.37
3.88847	2.14119	1204.68	2215.58
3.88847	2.14119	1203.76	2144.6
3.88847	2.14119	1202.84	2165.94
3.88847	2.14119	1201.92	2157.41
3.88847	2.14119	1201.0	2195.02
3.88847	2.14119	1200.08	2045.43
3.88847	2.14119	1199.16	2085.75
3.88847	2.14119	1198.23	2169.45
3.88847	2.14119	1197.31	2250.4
3.88847	2.14119	1196.39	2103.62
3.88847	2.14119	1195.47	2059.88
3.88847	2.14119	1194.54	2143.53
3.88847	2.14119	1193.62	2300.29
3.88847	2.14119	1192.7	2096.72
3.88847	2.14119	1191.78	2061.13
3.88847	2.14119	1190.85	2207.0
3.88847	2.14119	1189.93	2206.61
3.88847	2.14119	1189.01	2078.99
3.88847	2.14119	1188.08	2108.39
3.88847	2.14119	1187.16	2121.55
3.88847	2.14119	1186.23	2169.88
3.88847	2.14119	1185.31	2104.57
3.88847	2.14119	1184.39	2131.24
3.88847	2.14119	1183.46	2155.2
3.88847	2.14119	1182.54	2122.38
3.88847	2.14119	1181.61	2143.63
3.88847	2.14119	1180.69	2127.03
3.88847	2.14119	1179.76	2245.56
3.88847	2.14119	1178.84	2269.47
3.88847	2.14119	1177.91	2339.31
3.88847	2.14119	1176.99	2311.88
3.88847	2.14119	1176.06	2459.99
3.88847	2.14119	1175.13	2470.36
3.88847	2.14119	1174.21	2526.6
3.88847	2.14119	1173.28	2482.97
3.88847	2.14119	1172.35	2649.84
3.88847	2.14119	1171.43	2873.3
3.88847	2.14119	1170.5	3042.73
3.88847	2.14119	1169.57	2945.1
3.88847	2.14119	1168.65	2917.61
3.88847	2.14119	1167.72	3014.15
3.88847	2.14119	1166.79	2900.4
3.88847	2.14119	1165.86	2708.54
3.88847	2.14119	1164.94	2678.42
3.88847	2.14119	1164.01	2721.05
3.88847	2.14119	1163.08	2569.72
3.88847	2.14119	1162.15	2353.82
3.88847	2.14119	1161.22	2345.32
3.88847	2.14119	1160.3	2280.29
3.88847	2.14119	1159.37	2193.75
3.88847	2.14119	1158.44	2083.02
3.88847	2.14119	1157.51	2168.76
3.88847	2.14119	1156.58	2254.46
3.88847	2.14119	1155.65	2095.36
3.88847	2.14119	1154.72	1885.22
3.88847	2.14119	1153.79	2027.4
3.88847	2.14119	1152.86	2091.56
3.88847	2.14119	1151.93	2029.37
3.88847	2.14119	1151.0	1937.64
3.88847	2.14119	1150.07	1966.85
3.88847	2.14119	1149.14	1939.63
3.88847	2.14119	1148.21	1984.95
3.88847	2.14119	1147.28	1898.66
3.88847	2.14119	1146.35	1879.53
3.88847	2.14119	1145.42	1924.84
3.88847	2.14119	1144.48	1905.71
3.88847	2.14119	1143.55	1913.42
3.88847	2.14119	1142.62	1821.85
3.88847	2.14119	1141.69	1904.69
3.88847	2.14119	1140.76	1882.89
3.88847	2.14119	1139.82	1791.38
3.88847	2.14119	1138.89	1844.69
3.88847	2.14119	1137.96	1924.78
3.88847	2.14119	1137.03	1827.95
3.88847	2.14119	1136.09	1824.95
3.88847	2.14119	1135.16	1848.74
3.88847	2.14119	1134.23	1872.52
3.88847	2.14119	1133.29	1909.68
3.88847	2.14119	1132.36	1898.63
3.88847	2.14119	1131.43	1895.62
3.88847	2.14119	1130.49	1908.67
3.88847	2.14119	1129.56	1985.94
3.88847	2.14119	1128.62	1953.48
3.88847	2.14119	1127.69	1947.78
3.88847	2.14119	1126.76	1891.26
3.88847	2.14119	1125.82	1923.02
3.88847	2.14119	1124.89	1893.26
3.88847	2.14119	1123.95	1957.09
3.88847	2.14119	1123.02	2002.19
3.88847	2.14119	1122.08	1937.69
3.88847	2.14119	1121.14	1945.36
3.88847	2.14119	1120.21	2003.79
3.88847	2.14119	1119.27	2062.2
3.88847	2.14119	1118.34	2019.1
3.88847	2.14119	1117.4	2061.47
3.88847	2.14119	1116.46	1935.62
3.88847	2.14119	1115.53	2111.45
3.88847	2.14119	1114.59	2055.03
3.88847	2.14119	1113.65	1966.61
3.88847	2.14119	1112.72	1979.6
3.88847	2.14119	1111.78	2024.59
3.88847	2.14119	1110.84	2013.57
3.88847	2.14119	1109.9	1973.21
3.88847	2.14119	1108.97	1983.52
3.88847	2.14119	1108.03	2065.8
3.88847	2.14119	1107.09	1972.16
3.88847	2.14119	1106.15	1918.51
3.88847	2.14119	1105.21	1966.13
3.88847	2.14119	1104.28	2019.05
3.88847	2.14119	1103.34	1933.47
3.88847	2.14119	1102.4	1855.9
3.88847	2.14119	1101.46	1935.44
3.88847	2.14119	1100.52	1871.21
3.88847	2.14119	1099.58	1862.9
3.88847	2.14119	1098.64	1804.03
3.88847	2.14119	1097.7	1830.31
3.88847	2.14119	1096.76	1864.56
3.88847	2.14119	1095.82	1755.2
3.88847	2.14119	1094.88	1869.22
3.88847	2.14119	1093.94	1823.69
3.88847	2.14119	1093.0	1865.89
3.88847	2.14119	1092.06	1836.33
3.88847	2.14119	1091.12	1780.2
3.88847	2.14119	1090.18	1806.45
3.88847	2.14119	1089.24	1904.4
3.88847	2.14119	1088.3	1795.18
3.88847	2.14119	1087.35	1877.17
3.88847	2.14119	1086.41	1799.85
3.88847	2.14119	1085.47	1844.65
3.88847	2.14119	1084.53	1796.56
3.88847	2.14119	1083.59	1748.48
3.88847	2.14119	1082.64	1766.74
3.88847	2.14119	1081.7	1848.64
3.88847	2.14119	1080.76	1739.59
3.88847	2.14119	1079.81	1805.56
3.88847	2.14119	1078.87	1786.68
3.88847	2.14119	1077.93	1818.17
3.88847	2.14119	1076.99	1743.65
3.88847	2.14119	1076.04	1645.31
3.88847	2.14119	1075.1	1663.56
3.88847	2.14119	1074.15	1695.04
3.88847	2.14119	1073.21	1692.09
3.88847	2.14119	1072.27	1694.44
3.88847	2.14119	1071.32	1601.49
3.88847	2.14119	1070.38	1794.4
3.88847	2.14119	1069.43	1595.62
3.88847	2.14119	1068.49	1645.61
3.88847	2.14119	1067.54	1695.57
3.88847	2.14119	1066.6	1682.04
3.88847	2.14119	1065.65	1660.59
3.88847	2.14119	1064.71	1649.72
3.88847	2.14119	1063.76	1657.35
3.88847	2.14119	1062.81	1680.84
3.88847	2.14119	1061.87	1667.33
3.88847	2.14119	1060.92	1595.7
3.88847	2.14119	1059.97	1640.32
3.88847	2.14119	1059.03	1687.57
3.88847	2.14119	1058.08	1581.65
3.88847	2.14119	1057.13	1615.68
3.88847	2.14119	1056.19	1684.02
3.88847	2.14119	1055.24	1725.95
3.88847	2.14119	1054.29	1683.42
3.88847	2.14119	1053.34	1667.29
3.88847	2.14119	1052.4	1780.41
3.88847	2.14119	1051.45	1700.98
3.88847	2.14119	1050.5	1690.13
3.88847	2.14119	1049.55	1737.28
3.88847	2.14119	1048.6	1715.88
3.88847	2.14119	1047.66	1710.3
3.88847	2.14119	1046.71	1612.51
3.88847	2.14119	1045.76	1712.33
3.88847	2.14119	1044.81	1762.06
3.88847	2.14119	1043.86	1732.78
3.88847	2.14119	1042.91	1729.84
3.88847	2.14119	1041.96	1676.88
3.88847	2.14119	1041.01	1687.11
3.88847	2.14119	1040.06	1655.23
3.88847	2.14119	1039.11	1657.56
3.88847	2.14119	1038.16	1630.96
3.88847	2.14119	1037.21	1630.67
3.88847	2.14119	1036.26	1648.78
3.88847	2.14119	1035.31	1519.66
3.88847	2.14119	1034.36	1571.96
3.88847	2.14119	1033.4	1626.87
3.88847	2.14119	1032.45	1597.68
3.88847	2.14119	1031.5	1523.83
3.88847	2.14119	1030.55	1523.55
3.88847	2.14119	1029.6	1586.31
3.88847	2.14119	1028.65	1565.02
3.88847	2.14119	1027.69	1580.49
3.88847	2.14119	1026.74	1527.71
3.88847	2.14119	1025.79	1535.31
3.88847	2.14119	1024.84	1621.63
3.88847	2.14119	1023.88	1479.67
3.88847	2.14119	1022.93	1568.59
3.88847	2.14119	1021.98	1605.02
3.88847	2.14119	1021.02	1484.12
3.88847	2.14119	1020.07	1567.75
3.88847	2.14119	1019.12	1622.51
3.88847	2.14119	1018.16	1624.84
3.88847	2.14119	1017.21	1535.46
3.88847	2.14119	1016.25	1600.68
3.88847	2.14119	1015.3	1597.77
3.88847	2.14119	1014.34	1573.92
3.88847	2.14119	1013.39	1547.45
3.88847	2.14119	1012.44	1615.24
3.88847	2.14119	1011.48	1573.07
3.88847	2.14119	1010.52	1617.28
3.88847	2.14119	1009.57	1538.49
3.88847	2.14119	1008.61	1535.6
3.88847	2.14119	1007.66	1569.33
3.88847	2.14119	1006.7	1566.43
3.88847	2.14119	1005.75	1573.99
3.88847	2.14119	1004.79	1508.36
3.88847	2.14119	1003.83	1607.41
3.88847	2.14119	1002.88	1599.28
3.88847	2.14119	1001.92	1630.34
3.88847	2.14119	1000.96	1624.83
3.88847	2.14119	1000.0	1682.0
3.88847	2.14119	999.048	1582.46
3.88847	2.14119	998.09	1574.35
3.88847	2.14119	997.132	1605.39
3.88847	2.14119	996.174	1597.27
3.88847	2.14119	995.216	1610.03
3.88847	2.14119	994.258	1500.17
3.88847	2.14119	993.3	1471.2
3.88847	2.14119	992.341	1564.83
3.88847	2.14119	991.382	1520.22
3.88847	2.14119	990.423	1595.55
3.88847	2.14119	989.4639999999999	1626.54
3.88847	2.14119	988.505	1610.62
3.88847	2.14119	987.546	1581.66
3.88847	2.14119	986.586	1531.88
3.88847	2.14119	985.6260000000001	1614.96
3.88847	2.14119	984.666	1518.31
3.88847	2.14119	983.706	1546.68
3.88847	2.14119	982.7460000000001	1582.85
3.88847	2.14119	981.785	1553.93
3.88847	2.14119	980.825	1613.51
3.88847	2.14119	979.8639999999999	1535.16
3.88847	2.14119	978.903	1532.28
3.88847	2.14119	977.942	1597.03
3.88847	2.14119	976.9810000000001	1555.14
3.88847	2.14119	976.0189999999999	1521.05
3.88847	2.14119	975.057	1541.58
3.88847	2.14119	974.095	1629.67
3.88847	2.14119	973.133	1650.17
3.88847	2.14119	972.171	1660.27
3.88847	2.14119	971.209	1662.56
3.88847	2.14119	970.2460000000001	1781.74
3.88847	2.14119	969.284	1797.0
3.88847	2.14119	968.321	1796.68
3.88847	2.14119	967.3580000000001	1939.13
3.88847	2.14119	966.3939999999999	1975.12
3.88847	2.14119	965.431	1995.52
3.88847	2.14119	964.467	2062.62
3.88847	2.14119	963.5039999999999	2194.54
3.88847	2.14119	962.54	2212.3
3.88847	2.14119	961.576	2160.04
3.88847	2.14119	960.6110000000001	2053.36
3.88847	2.14119	959.6469999999999	2042.62
3.88847	2.14119	958.682	1917.85
3.88847	2.14119	957.7180000000001	1857.91
3.88847	2.14119	956.753	1722.85
3.88847	2.14119	955.7869999999999	1756.22
3.88847	2.14119	954.822	1779.21
3.88847	2.14119	953.857	1667.55
3.88847	2.14119	952.8910000000001	1646.53
3.88847	2.14119	951.925	1716.13
3.88847	2.14119	950.959	1720.99
3.88847	2.14119	949.993	1635.3
3.88847	2.14119	949.0269999999999	1800.57
3.88847	2.14119	948.06	1864.91
3.88847	2.14119	947.0930000000001	1874.92
3.88847	2.14119	946.1260000000001	2037.48
3.88847	2.14119	945.159	2096.57
3.88847	2.14119	944.192	2336.57
3.88847	2.14119	943.225	2292.21
3.88847	2.14119	942.257	2240.12
3.88847	2.14119	941.289	2200.97
3.88847	2.14119	940.321	2143.75
3.88847	2.14119	939.3530000000001	1957.44
3.88847	2.14119	938.385	1807.33
3.88847	2.14119	937.4169999999999	1742.47
3.88847	2.14119	936.448	1708.6
3.88847	2.14119	935.4789999999999	1623.14
3.88847	2.14119	934.51	1620.27
3.88847	2.14119	933.541	1594.18
3.88847	2.14119	932.572	1676.42
3.88847	2.14119	931.602	1572.97
3.88847	2.14119	930.633	1531.44
3.88847	2.14119	929.663	1559.52
3.88847	2.14119	928.693	1652.02
3.88847	2.14119	927.7230000000001	1576.99
3.88847	2.14119	926.752	1602.47
3.88847	2.14119	925.7819999999999	1494.0
3.88847	2.14119	924.811	1519.48
3.88847	2.14119	923.84	1550.11
3.88847	2.14119	922.8689999999999	1508.64
3.88847	2.14119	921.898	1637.06
3.88847	2.14119	920.926	1575.0
3.88847	2.14119	919.955	1518.11
3.88847	2.14119	918.9830000000001	1566.72
3.88847	2.14119	918.0110000000001	1481.55
3.88847	2.14119	917.039	1527.58
3.88847	2.14119	916.066	1560.73
3.88847	2.14119	915.0939999999999	1519.31
3.88847	2.14119	914.1210000000001	1555.02
3.88847	2.14119	913.148	1462.23
3.88847	2.14119	912.175	1459.39
3.88847	2.14119	911.202	1564.45
3.88847	2.14119	910.2289999999999	1561.6
3.88847	2.14119	909.255	1484.28
3.88847	2.14119	908.2819999999999	1525.09
3.88847	2.14119	907.308	1627.5
3.88847	2.14119	906.334	1596.41
3.88847	2.14119	905.36	1603.82
3.88847	2.14119	904.385	1600.96
3.88847	2.14119	903.4110000000001	1585.28
3.88847	2.14119	902.436	1636.29
3.88847	2.14119	901.461	1551.37
3.88847	2.14119	900.4860000000001	1645.95
3.88847	2.14119	899.51	1673.85
3.88847	2.14119	898.535	1568.47
3.88847	2.14119	897.559	1616.87
3.88847	2.14119	896.5830000000001	1624.27
3.88847	2.14119	895.607	1611.17
3.88847	2.14119	894.6310000000001	1659.53
3.88847	2.14119	893.655	1636.19
3.88847	2.14119	892.678	1740.86
3.88847	2.14119	891.702	1791.73
3.88847	2.14119	890.725	1819.56
3.88847	2.14119	889.748	1819.23
3.88847	2.14119	888.77	1882.86
3.88847	2.14119	887.793	1923.44
3.88847	2.14119	886.815	1767.1
3.88847	2.14119	885.8380000000001	1800.02
3.88847	2.14119	884.86	1838.04
3.88847	2.14119	883.882	1735.47
3.88847	2.14119	882.903	1737.71
3.88847	2.14119	881.925	1655.64
3.88847	2.14119	880.946	1803.5
3.88847	2.14119	879.967	1698.46
3.88847	2.14119	878.988	1761.99
3.88847	2.14119	878.0089999999999	1687.63
3.88847	2.14119	877.03	1666.9
3.88847	2.14119	876.05	1687.02
3.88847	2.14119	875.071	1717.33
3.88847	2.14119	874.091	1645.58
3.88847	2.14119	873.1110000000001	1732.01
3.88847	2.14119	872.13	1622.04
3.88847	2.14119	871.15	1649.79
3.88847	2.14119	870.169	1664.79
3.88847	2.14119	869.189	1661.94
3.88847	2.14119	868.2080000000001	1641.25
3.88847	2.14119	867.2260000000001	1628.21
3.88847	2.14119	866.245	1719.63
3.88847	2.14119	865.2639999999999	1663.28
3.88847	2.14119	864.2819999999999	1629.87
3.88847	2.14119	863.3	1655.04
3.88847	2.14119	862.318	1664.92
3.88847	2.14119	861.336	1641.71
3.88847	2.14119	860.3530000000001	1570.16
3.88847	2.14119	859.3710000000001	1697.09
3.88847	2.14119	858.388	1724.77
3.88847	2.14119	857.405	1602.37
3.88847	2.14119	856.422	1604.62
3.88847	2.14119	855.439	1629.76
3.88847	2.14119	854.455	1578.62
3.88847	2.14119	853.472	1532.59
3.88847	2.14119	852.488	1542.47
3.88847	2.14119	851.5039999999999	1585.38
3.88847	2.14119	850.52	1638.44
3.88847	2.14119	849.535	1521.31
3.88847	2.14119	848.551	1515.96
3.88847	2.14119	847.566	1523.3
3.88847	2.14119	846.581	1578.87
3.88847	2.14119	845.596	1588.73
3.88847	2.14119	844.6110000000001	1575.76
3.88847	2.14119	843.6260000000001	1565.32
3.88847	2.14119	842.64	1549.82
3.88847	2.14119	841.654	1491.21
3.88847	2.14119	840.668	1627.86
3.88847	2.14119	839.682	1493.2
3.88847	2.14119	838.696	1574.04
3.88847	2.14119	837.709	1556.02
3.88847	2.14119	836.7230000000001	1535.46
3.88847	2.14119	835.7360000000001	1525.05
3.88847	2.14119	834.7489999999999	1479.18
3.88847	2.14119	833.762	1529.56
3.88847	2.14119	832.7739999999999	1612.84
3.88847	2.14119	831.7869999999999	1529.01
3.88847	2.14119	830.799	1470.52
3.88847	2.14119	829.811	1574.0
3.88847	2.14119	828.823	1614.2
3.88847	2.14119	827.835	1598.73
3.88847	2.14119	826.846	1611.08
3.88847	2.14119	825.857	1716.99
3.88847	2.14119	824.8689999999999	1779.89
3.88847	2.14119	823.88	1632.95
3.88847	2.14119	822.89	1652.87
3.88847	2.14119	821.9010000000001	1695.53
3.88847	2.14119	820.9119999999999	1604.27
3.88847	2.14119	819.922	1619.14
3.88847	2.14119	818.932	1613.79
3.88847	2.14119	817.942	1636.22
3.88847	2.14119	816.952	1598.06
3.88847	2.14119	815.961	1554.86
3.88847	2.14119	814.971	1529.34
3.88847	2.14119	813.98	1594.66
3.88847	2.14119	812.9889999999999	1599.42
3.88847	2.14119	811.998	1548.68
3.88847	2.14119	811.0060000000001	1566.05
3.88847	2.14119	810.015	1631.32
3.88847	2.14119	809.023	1560.44
3.88847	2.14119	808.0310000000001	1537.47
3.88847	2.14119	807.039	1648.07
3.88847	2.14119	806.047	1552.03
3.88847	2.14119	805.054	1556.78
3.88847	2.14119	804.062	1445.68
3.88847	2.14119	803.069	1571.33
3.88847	2.14119	802.076	1485.44
3.88847	2.14119	801.0830000000001	1487.68
3.88847	2.14119	800.0889999999999	1416.94
3.88847	2.14119	799.096	1522.37
3.88847	2.14119	798.102	1554.8
3.88847	2.14119	797.1080000000001	1453.9
3.88847	2.14119	796.1139999999999	1511.48
3.88847	2.14119	795.12	1415.65
3.88847	2.14119	794.1260000000001	1458.13
3.88847	2.14119	793.1310000000001	1472.95
3.88847	2.14119	792.1360000000001	1520.43
3.88847	2.14119	791.1410000000001	1507.59
3.88847	2.14119	790.1460000000001	1449.54
3.88847	2.14119	789.1510000000001	1388.99
3.88847	2.14119	788.155	1476.63
3.88847	2.14119	787.16	1418.61
3.88847	2.14119	786.164	1433.42
3.88847	2.14119	785.168	1448.22
3.88847	2.14119	784.171	1455.48
3.88847	2.14119	783.175	1395.0
3.88847	2.14119	782.178	1334.54
3.88847	2.14119	781.182	1402.01
3.88847	2.14119	780.185	1434.36
3.88847	2.14119	779.188	1396.49
3.88847	2.14119	778.19	1431.33
3.88847	2.14119	777.193	1448.61
3.88847	2.14119	776.195	1403.24
3.88847	2.14119	775.197	1395.47
3.88847	2.14119	774.199	1455.33
3.88847	2.14119	773.201	1445.05
3.88847	2.14119	772.202	1412.23
3.88847	2.14119	771.204	1404.47
3.88847	2.14119	770.205	1494.32
3.88847	2.14119	769.206	1551.61
3.88847	2.14119	768.207	1416.21
3.88847	2.14119	767.2080000000001	1430.96
3.88847	2.14119	766.2080000000001	1460.71
3.88847	2.14119	765.2080000000001	1485.45
3.88847	2.14119	764.209	1485.18
3.88847	2.14119	763.2080000000001	1474.91
3.88847	2.14119	762.2080000000001	1439.65
3.88847	2.14119	761.2080000000001	1454.38
3.88847	2.14119	760.207	1469.11
3.88847	2.14119	759.206	1581.25
3.88847	2.14119	758.205	1503.54
3.88847	2.14119	757.204	1508.25
3.88847	2.14119	756.203	1580.38
3.88847	2.14119	755.201	1557.63
3.88847	2.14119	754.2	1594.78
3.88847	2.14119	753.198	1609.46
3.88847	2.14119	752.196	1634.11
3.88847	2.14119	751.193	1663.75
3.88847	2.14119	750.191	1685.89
3.88847	2.14119	749.188	1573.37
3.88847	2.14119	748.186	1652.86
3.88847	2.14119	747.183	1677.49
3.88847	2.14119	746.179	1702.1
3.88847	2.14119	745.176	1646.97
3.88847	2.14119	744.173	1771.23
3.88847	2.14119	743.169	1728.56
3.88847	2.14119	742.165	1678.44
3.88847	2.14119	741.1610000000001	1650.75
3.88847	2.14119	740.1569999999999	1769.94
3.88847	2.14119	739.1519999999999	1684.99
3.88847	2.14119	738.1469999999999	1702.1
3.88847	2.14119	737.143	1773.94
3.88847	2.14119	736.138	1713.92
3.88847	2.14119	735.132	1696.19
3.88847	2.14119	734.127	1715.77
3.88847	2.14119	733.122	1790.05
3.88847	2.14119	732.1160000000001	1921.46
3.88847	2.14119	731.11	1893.77
3.88847	2.14119	730.1039999999999	1918.27
3.88847	2.14119	729.097	1992.45
3.88847	2.14119	728.091	2128.7
3.88847	2.14119	727.084	1989.24
3.88847	2.14119	726.077	2070.81
3.88847	2.14119	725.07	2184.63
3.88847	2.14119	724.063	2308.34
3.88847	2.14119	723.056	2106.9
3.88847	2.14119	722.048	2046.97
3.88847	2.14119	721.04	2217.76
3.88847	2.14119	720.0319999999999	1984.21
3.88847	2.14119	719.0239999999999	1946.65
3.88847	2.14119	718.0160000000001	1933.9
3.88847	2.14119	717.007	1886.44
3.88847	2.14119	715.9989999999999	1836.53
3.88847	2.14119	714.99	1729.64
3.88847	2.14119	713.9810000000001	1793.74
3.88847	2.14119	712.972	1733.96
3.88847	2.14119	711.962	1634.58
3.88847	2.14119	710.953	1646.66
3.88847	2.14119	709.943	1564.66
3.88847	2.14119	708.933	1517.34
3.88847	2.14119	707.923	1544.28
3.88847	2.14119	706.9119999999999	1563.8
3.88847	2.14119	705.9019999999999	1556.09
3.88847	2.14119	704.8910000000001	1600.32
3.88847	2.14119	703.88	1572.83
3.88847	2.14119	702.8689999999999	1562.65
3.88847	2.14119	701.8580000000001	1557.42
3.88847	2.14119	700.846	1552.19
3.88847	2.14119	699.834	1601.33
3.88847	2.14119	698.823	1689.98
3.88847	2.14119	697.811	1583.45
3.88847	2.14119	696.798	1469.55
3.88847	2.14119	695.7860000000001	1476.68
3.88847	2.14119	694.773	1555.42
3.88847	2.14119	693.7610000000001	1419.37
3.88847	2.14119	692.748	1458.59
3.88847	2.14119	691.7339999999999	1495.34
3.88847	2.14119	690.721	1453.13
3.88847	2.14119	689.7080000000001	1460.26
3.88847	2.14119	688.694	1440.26
3.88847	2.14119	687.68	1435.06
3.88847	2.14119	686.666	1422.47
3.88847	2.14119	685.6519999999999	1476.44
3.88847	2.14119	684.637	1424.42
3.88847	2.14119	683.623	1470.97
3.88847	2.14119	682.6080000000001	1483.02
3.88847	2.14119	681.5930000000001	1399.0
3.88847	2.14119	680.578	1448.0
3.88847	2.14119	679.562	1462.5
3.88847	2.14119	678.547	1449.93
3.88847	2.14119	677.5310000000001	1449.66
3.88847	2.14119	676.515	1422.32
3.88847	2.14119	675.4989999999999	1537.7
3.88847	2.14119	674.482	1448.86
3.88847	2.14119	673.466	1524.84
3.88847	2.14119	672.449	1576.19
3.88847	2.14119	671.432	1494.77
3.88847	2.14119	670.415	1551.03
3.88847	2.14119	669.398	1567.95
3.88847	2.14119	668.3810000000001	1670.86
3.88847	2.14119	667.363	1594.4
3.88847	2.14119	666.345	1665.34
3.88847	2.14119	665.327	1618.37
3.88847	2.14119	664.309	1618.07
3.88847	2.14119	663.291	1480.3
3.88847	2.14119	662.2719999999999	1504.57
3.88847	2.14119	661.253	1504.3
3.88847	2.14119	660.2339999999999	1496.66
3.88847	2.14119	659.215	1466.95
3.88847	2.14119	658.196	1515.73
3.88847	2.14119	657.176	1495.83
3.88847	2.14119	656.1569999999999	1478.39
3.88847	2.14119	655.137	1407.04
3.88847	2.14119	654.117	1504.81
3.88847	2.14119	653.097	1536.39
3.88847	2.14119	652.076	1447.91
3.88847	2.14119	651.056	1518.68
3.88847	2.14119	650.035	1493.91
3.88847	2.14119	649.014	1429.97
3.88847	2.14119	647.993	1498.25
3.88847	2.14119	646.971	1524.9
3.88847	2.14119	645.95	1517.28
3.88847	2.14119	644.928	1507.21
3.88847	2.14119	643.906	1516.72
3.88847	2.14119	642.884	1543.34
3.88847	2.14119	641.861	1516.16
3.88847	2.14119	640.839	1621.01
3.88847	2.14119	639.816	1608.49
3.88847	2.14119	638.793	1617.97
3.88847	2.14119	637.77	1627.45
3.88847	2.14119	636.747	1558.74
3.88847	2.14119	635.724	1685.47
3.88847	2.14119	634.7	1734.01
3.88847	2.14119	633.6759999999999	1665.32
3.88847	2.14119	632.6519999999999	1630.83
3.88847	2.14119	631.628	1647.62
3.88847	2.14119	630.6030000000001	1791.3
3.88847	2.14119	629.5790000000001	1825.13
3.88847	2.14119	628.554	1871.15
3.88847	2.14119	627.529	1875.68
3.88847	2.14119	626.504	1811.93
3.88847	2.14119	625.479	1984.71
3.88847	2.14119	624.453	1945.34
3.88847	2.14119	623.427	1925.48
3.88847	2.14119	622.401	1925.12
3.88847	2.14119	621.375	1902.84
3.88847	2.14119	620.349	1875.69
3.88847	2.14119	619.323	1748.7
3.88847	2.14119	618.2959999999999	1638.8
3.88847	2.14119	617.269	1692.06
3.88847	2.14119	616.242	1762.34
3.88847	2.14119	615.215	1572.18
3.88847	2.14119	614.187	1584.06
3.88847	2.14119	613.16	1593.5
3.88847	2.14119	612.132	1554.29
3.88847	2.14119	611.104	1493.2
3.88847	2.14119	610.076	1534.26
3.88847	2.14119	609.047	1582.6
3.88847	2.14119	608.019	1550.71
3.88847	2.14119	606.99	1511.54
3.88847	2.14119	605.961	1482.1
3.88847	2.14119	604.932	1503.69
3.88847	2.14119	603.903	1442.69
3.88847	2.14119	602.873	1457.0
3.88847	2.14119	601.844	1422.74
3.88847	2.14119	600.814	1439.47
