4.77	-11.33	1799.31	1625.82
4.77	-11.33	1798.5	1704.99
4.77	-11.33	1797.68	1637.5
4.77	-11.33	1796.86	1649.44
4.77	-11.33	1796.04	1618.62
4.77	-11.33	1795.22	1633.61
4.77	-11.33	1794.4	1611.97
4.77	-11.33	1793.58	1657.48
4.77	-11.33	1792.76	1644.99
4.77	-11.33	1791.94	1589.79
4.77	-11.33	1791.13	1623.08
4.77	-11.33	1790.31	1574.0
4.77	-11.33	1789.49	1692.68
4.77	-11.33	1788.67	1603.96
4.77	-11.33	1787.85	1591.5
4.77	-11.33	1787.03	1694.87
4.77	-11.33	1786.21	1676.3
4.77	-11.33	1785.39	1660.78
4.77	-11.33	1784.56	1694.01
4.77	-11.33	1783.74	1623.66
4.77	-11.33	1782.92	1638.62
4.77	-11.33	1782.1	1653.56
4.77	-11.33	1781.28	1635.02
4.77	-11.33	1780.46	1668.23
4.77	-11.33	1779.64	1753.17
4.77	-11.33	1778.82	1667.66
4.77	-11.33	1778.0	1697.81
4.77	-11.33	1777.17	1645.8
4.77	-11.33	1776.35	1636.4
4.77	-11.33	1775.53	1623.96
4.77	-11.33	1774.71	1681.46
4.77	-11.33	1773.89	1659.89
4.77	-11.33	1773.06	1720.4
4.77	-11.33	1772.24	1656.29
4.77	-11.33	1771.42	1649.93
4.77	-11.33	1770.59	1670.92
4.77	-11.33	1769.77	1704.05
4.77	-11.33	1768.95	1685.54
4.77	-11.33	1768.12	1742.95
4.77	-11.33	1767.3	1688.01
4.77	-11.33	1766.48	1620.94
4.77	-11.33	1765.65	1617.63
4.77	-11.33	1764.83	1632.53
4.77	-11.33	1764.01	1753.61
4.77	-11.33	1763.18	1750.28
4.77	-11.33	1762.36	1810.64
4.77	-11.33	1761.53	1698.14
4.77	-11.33	1760.71	1728.17
4.77	-11.33	1759.88	1691.5
4.77	-11.33	1759.06	1736.68
4.77	-11.33	1758.23	1663.65
4.77	-11.33	1757.41	1687.61
4.77	-11.33	1756.58	1729.73
4.77	-11.33	1755.76	1802.13
4.77	-11.33	1754.93	1680.7
4.77	-11.33	1754.11	1686.47
4.77	-11.33	1753.28	1731.59
4.77	-11.33	1752.46	1734.32
4.77	-11.33	1751.63	1712.85
4.77	-11.33	1750.8	1782.15
4.77	-11.33	1749.98	1688.06
4.77	-11.33	1749.15	1775.49
4.77	-11.33	1748.32	1778.22
4.77	-11.33	1747.5	1841.41
4.77	-11.33	1746.67	1841.1
4.77	-11.33	1745.84	1665.48
4.77	-11.33	1745.02	1843.5
4.77	-11.33	1744.19	1764.62
4.77	-11.33	1743.36	1818.71
4.77	-11.33	1742.53	1842.56
4.77	-11.33	1741.71	1781.85
4.77	-11.33	1740.88	1814.76
4.77	-11.33	1740.05	1835.59
4.77	-11.33	1739.22	1946.96
4.77	-11.33	1738.39	1862.13
4.77	-11.33	1737.56	1922.16
4.77	-11.33	1736.74	1840.38
4.77	-11.33	1735.91	1831.01
4.77	-11.33	1735.08	1888.01
4.77	-11.33	1734.25	1960.06
4.77	-11.33	1733.42	1872.29
4.77	-11.33	1732.59	1896.09
4.77	-11.33	1731.76	1856.59
4.77	-11.33	1730.93	1820.11
4.77	-11.33	1730.1	1919.23
4.77	-11.33	1729.27	1903.84
4.77	-11.33	1728.44	1846.29
4.77	-11.33	1727.61	1933.31
4.77	-11.33	1726.78	1911.9
4.77	-11.33	1725.95	2062.1
4.77	-11.33	1725.12	1917.27
4.77	-11.33	1724.29	2046.35
4.77	-11.33	1723.46	1940.69
4.77	-11.33	1722.63	2021.59
4.77	-11.33	1721.8	1964.1
4.77	-11.33	1720.96	1915.65
4.77	-11.33	1720.13	1990.49
4.77	-11.33	1719.3	1963.1
4.77	-11.33	1718.47	1989.82
4.77	-11.33	1717.64	2037.56
4.77	-11.33	1716.81	2097.31
4.77	-11.33	1715.97	2139.01
4.77	-11.33	1715.14	2078.58
4.77	-11.33	1714.31	2111.26
4.77	-11.33	1713.48	2029.83
4.77	-11.33	1712.64	1996.46
4.77	-11.33	1711.81	2086.17
4.77	-11.33	1710.98	2100.82
4.77	-11.33	1710.14	2022.44
4.77	-11.33	1709.31	1980.1
4.77	-11.33	1708.48	2039.76
4.77	-11.33	1707.64	1997.42
4.77	-11.33	1706.81	2141.01
4.77	-11.33	1705.98	2167.63
4.77	-11.33	1705.14	2191.25
4.77	-11.33	1704.31	2124.94
4.77	-11.33	1703.47	2142.56
4.77	-11.33	1702.64	2025.34
4.77	-11.33	1701.81	2141.83
4.77	-11.33	1700.97	2195.37
4.77	-11.33	1700.14	2242.91
4.77	-11.33	1699.3	2131.75
4.77	-11.33	1698.47	2146.36
4.77	-11.33	1697.63	2178.91
4.77	-11.33	1696.79	2157.6
4.77	-11.33	1695.96	2208.09
4.77	-11.33	1695.12	2243.62
4.77	-11.33	1694.29	2120.6
4.77	-11.33	1693.45	2224.91
4.77	-11.33	1692.62	2242.47
4.77	-11.33	1691.78	2221.16
4.77	-11.33	1690.94	2196.87
4.77	-11.33	1690.11	2163.63
4.77	-11.33	1689.27	2223.02
4.77	-11.33	1688.43	2279.4
4.77	-11.33	1687.6	2234.21
4.77	-11.33	1686.76	2227.85
4.77	-11.33	1685.92	2314.07
4.77	-11.33	1685.08	2337.55
4.77	-11.33	1684.25	2355.07
4.77	-11.33	1683.41	2265.13
4.77	-11.33	1682.57	2315.47
4.77	-11.33	1681.73	2350.88
4.77	-11.33	1680.89	2275.91
4.77	-11.33	1680.06	2269.56
4.77	-11.33	1679.22	2322.84
4.77	-11.33	1678.38	2394.0
4.77	-11.33	1677.54	2375.7
4.77	-11.33	1676.7	2318.67
4.77	-11.33	1675.86	2365.96
4.77	-11.33	1675.02	2496.64
4.77	-11.33	1674.18	2388.98
4.77	-11.33	1673.35	2451.12
4.77	-11.33	1672.51	2453.68
4.77	-11.33	1671.67	2474.1
4.77	-11.33	1670.83	2497.49
4.77	-11.33	1669.99	2488.14
4.77	-11.33	1669.15	2588.89
4.77	-11.33	1668.31	2564.64
4.77	-11.33	1667.47	2463.07
4.77	-11.33	1666.62	2611.36
4.77	-11.33	1665.78	2631.73
4.77	-11.33	1664.94	2619.38
4.77	-11.33	1664.1	2648.66
4.77	-11.33	1663.26	2633.35
4.77	-11.33	1662.42	2493.23
4.77	-11.33	1661.58	2620.57
4.77	-11.33	1660.74	2581.5
4.77	-11.33	1659.9	2723.63
4.77	-11.33	1659.05	2672.68
4.77	-11.33	1658.21	2624.72
4.77	-11.33	1657.37	2618.33
4.77	-11.33	1656.53	2730.68
4.77	-11.33	1655.68	2795.5
4.77	-11.33	1654.84	2830.63
4.77	-11.33	1654.0	2812.34
4.77	-11.33	1653.16	2841.52
4.77	-11.33	1652.31	2918.14
4.77	-11.33	1651.47	2899.86
4.77	-11.33	1650.63	3017.94
4.77	-11.33	1649.78	3014.46
4.77	-11.33	1648.94	2972.46
4.77	-11.33	1648.1	3155.66
4.77	-11.33	1647.25	3113.65
4.77	-11.33	1646.41	3110.15
4.77	-11.33	1645.56	3154.04
4.77	-11.33	1644.72	3334.13
4.77	-11.33	1643.88	3188.49
4.77	-11.33	1643.03	3202.75
4.77	-11.33	1642.19	3219.96
4.77	-11.33	1641.34	3228.29
4.77	-11.33	1640.5	3316.49
4.77	-11.33	1639.65	3194.64
4.77	-11.33	1638.81	3365.63
4.77	-11.33	1637.96	3365.06
4.77	-11.33	1637.11	3397.0
4.77	-11.33	1636.27	3455.54
4.77	-11.33	1635.42	3469.73
4.77	-11.33	1634.58	3551.88
4.77	-11.33	1633.73	3501.04
4.77	-11.33	1632.88	3597.92
4.77	-11.33	1632.04	3612.08
4.77	-11.33	1631.19	3564.21
4.77	-11.33	1630.34	3761.42
4.77	-11.33	1629.5	3784.39
4.77	-11.33	1628.65	3645.02
4.77	-11.33	1627.8	3715.22
4.77	-11.33	1626.96	3838.51
4.77	-11.33	1626.11	3982.39
4.77	-11.33	1625.26	3843.09
4.77	-11.33	1624.41	3863.08
4.77	-11.33	1623.57	3944.97
4.77	-11.33	1622.72	4000.31
4.77	-11.33	1621.87	4023.2
4.77	-11.33	1621.02	4051.98
4.77	-11.33	1620.17	3957.0
4.77	-11.33	1619.32	4024.08
4.77	-11.33	1618.47	4067.57
4.77	-11.33	1617.63	4016.81
4.77	-11.33	1616.78	4030.85
4.77	-11.33	1615.93	4165.58
4.77	-11.33	1615.08	4126.6
4.77	-11.33	1614.23	4214.18
4.77	-11.33	1613.38	4201.69
4.77	-11.33	1612.53	4024.46
4.77	-11.33	1611.68	4267.9
4.77	-11.33	1610.83	4228.94
4.77	-11.33	1609.98	4201.75
4.77	-11.33	1609.13	4101.07
4.77	-11.33	1608.28	4212.07
4.77	-11.33	1607.43	4305.39
4.77	-11.33	1606.58	4222.38
4.77	-11.33	1605.73	4127.64
4.77	-11.33	1604.87	4282.61
4.77	-11.33	1604.02	4416.97
4.77	-11.33	1603.17	4560.1
4.77	-11.33	1602.32	4391.97
4.77	-11.33	1601.47	4564.4
4.77	-11.33	1600.62	4484.38
4.77	-11.33	1599.76	4615.66
4.77	-11.33	1598.91	4600.2
4.77	-11.33	1598.06	4458.61
4.77	-11.33	1597.21	4589.82
4.77	-11.33	1596.36	4688.73
4.77	-11.33	1595.5	4649.81
4.77	-11.33	1594.65	4584.53
4.77	-11.33	1593.8	4821.14
4.77	-11.33	1592.94	4714.82
4.77	-11.33	1592.09	4922.02
4.77	-11.33	1591.24	4839.16
4.77	-11.33	1590.38	4715.32
4.77	-11.33	1589.53	4860.93
4.77	-11.33	1588.68	4901.08
4.77	-11.33	1587.82	4911.95
4.77	-11.33	1586.97	4723.79
4.77	-11.33	1586.11	4658.61
4.77	-11.33	1585.26	4789.47
4.77	-11.33	1584.4	4776.94
4.77	-11.33	1583.55	4758.57
4.77	-11.33	1582.69	4652.48
4.77	-11.33	1581.84	4678.0
4.77	-11.33	1580.98	4718.12
4.77	-11.33	1580.13	4664.7
4.77	-11.33	1579.27	4696.05
4.77	-11.33	1578.42	4683.55
4.77	-11.33	1577.56	4749.94
4.77	-11.33	1576.71	4550.51
4.77	-11.33	1575.85	4584.77
4.77	-11.33	1574.99	4624.86
4.77	-11.33	1574.14	4679.53
4.77	-11.33	1573.28	4626.19
4.77	-11.33	1572.42	4628.31
4.77	-11.33	1571.57	4513.73
4.77	-11.33	1570.71	4556.71
4.77	-11.33	1569.85	4678.43
4.77	-11.33	1569.0	4625.13
4.77	-11.33	1568.14	4224.89
4.77	-11.33	1567.28	4521.51
4.77	-11.33	1566.42	4477.01
4.77	-11.33	1565.56	4452.93
4.77	-11.33	1564.71	4457.99
4.77	-11.33	1563.85	4334.87
4.77	-11.33	1562.99	4377.82
4.77	-11.33	1562.13	4374.15
4.77	-11.33	1561.27	4271.49
4.77	-11.33	1560.41	4276.58
4.77	-11.33	1559.56	4342.79
4.77	-11.33	1558.7	4379.88
4.77	-11.33	1557.84	4271.46
4.77	-11.33	1556.98	4360.91
4.77	-11.33	1556.12	4380.52
4.77	-11.33	1555.26	4507.73
4.77	-11.33	1554.4	4547.67
4.77	-11.33	1553.54	4308.49
4.77	-11.33	1552.68	4403.67
4.77	-11.33	1551.82	4524.98
4.77	-11.33	1550.96	4509.67
4.77	-11.33	1550.1	4494.37
4.77	-11.33	1549.24	4400.64
4.77	-11.33	1548.38	4289.52
4.77	-11.33	1547.52	4390.42
4.77	-11.33	1546.65	4424.5
4.77	-11.33	1545.79	4298.92
4.77	-11.33	1544.93	4309.79
4.77	-11.33	1544.07	4396.1
4.77	-11.33	1543.21	4258.98
4.77	-11.33	1542.35	4269.85
4.77	-11.33	1541.48	4266.22
4.77	-11.33	1540.62	4337.98
4.77	-11.33	1539.76	4343.03
4.77	-11.33	1538.9	4098.79
4.77	-11.33	1538.04	4208.21
4.77	-11.33	1537.17	4166.92
4.77	-11.33	1536.31	4137.23
4.77	-11.33	1535.45	4043.82
4.77	-11.33	1534.58	4046.02
4.77	-11.33	1533.72	3938.18
4.77	-11.33	1532.86	4015.68
4.77	-11.33	1531.99	3991.83
4.77	-11.33	1531.13	3956.41
4.77	-11.33	1530.27	3918.11
4.77	-11.33	1529.4	3940.58
4.77	-11.33	1528.54	3931.22
4.77	-11.33	1527.67	3907.41
4.77	-11.33	1526.81	3762.15
4.77	-11.33	1525.94	3767.28
4.77	-11.33	1525.08	3914.06
4.77	-11.33	1524.21	3904.71
4.77	-11.33	1523.35	3785.56
4.77	-11.33	1522.48	3790.69
4.77	-11.33	1521.62	3850.7
4.77	-11.33	1520.75	3867.36
4.77	-11.33	1519.89	3866.69
4.77	-11.33	1519.02	3975.74
4.77	-11.33	1518.15	4096.3
4.77	-11.33	1517.29	4081.16
4.77	-11.33	1516.42	3913.08
4.77	-11.33	1515.56	3990.31
4.77	-11.33	1514.69	4076.17
4.77	-11.33	1513.82	3974.51
4.77	-11.33	1512.96	3956.52
4.77	-11.33	1512.09	3828.98
4.77	-11.33	1511.22	3862.91
4.77	-11.33	1510.35	3945.83
4.77	-11.33	1509.49	3979.73
4.77	-11.33	1508.62	3866.67
4.77	-11.33	1507.75	3759.42
4.77	-11.33	1506.88	3848.06
4.77	-11.33	1506.01	3720.68
4.77	-11.33	1505.15	3659.57
4.77	-11.33	1504.28	3581.21
4.77	-11.33	1503.41	3701.48
4.77	-11.33	1502.54	3643.29
4.77	-11.33	1501.67	3657.05
4.77	-11.33	1500.8	3590.25
4.77	-11.33	1499.93	3537.85
4.77	-11.33	1499.06	3528.62
4.77	-11.33	1498.19	3634.39
4.77	-11.33	1497.32	3582.02
4.77	-11.33	1496.46	3460.68
4.77	-11.33	1495.59	3592.28
4.77	-11.33	1494.72	3514.08
4.77	-11.33	1493.84	3559.43
4.77	-11.33	1492.97	3487.01
4.77	-11.33	1492.1	3627.13
4.77	-11.33	1491.23	3569.07
4.77	-11.33	1490.36	3556.97
4.77	-11.33	1489.49	3432.93
4.77	-11.33	1488.62	3432.34
4.77	-11.33	1487.75	3532.17
4.77	-11.33	1486.88	3465.58
4.77	-11.33	1486.01	3413.35
4.77	-11.33	1485.13	3418.49
4.77	-11.33	1484.26	3380.63
4.77	-11.33	1483.39	3457.45
4.77	-11.33	1482.52	3356.53
4.77	-11.33	1481.65	3324.42
4.77	-11.33	1480.77	3395.48
4.77	-11.33	1479.9	3480.84
4.77	-11.33	1479.03	3414.36
4.77	-11.33	1478.16	3253.39
4.77	-11.33	1477.28	3324.41
4.77	-11.33	1476.41	3395.41
4.77	-11.33	1475.54	3480.69
4.77	-11.33	1474.66	3357.03
4.77	-11.33	1473.79	3468.04
4.77	-11.33	1472.91	3527.52
4.77	-11.33	1472.04	3506.89
4.77	-11.33	1471.17	3440.5
4.77	-11.33	1470.29	3499.95
4.77	-11.33	1469.42	3470.76
4.77	-11.33	1468.54	3613.08
4.77	-11.33	1467.67	3386.68
4.77	-11.33	1466.79	3497.53
4.77	-11.33	1465.92	3625.49
4.77	-11.33	1465.04	3467.75
4.77	-11.33	1464.17	3584.25
4.77	-11.33	1463.29	3403.73
4.77	-11.33	1462.42	3511.63
4.77	-11.33	1461.54	3511.02
4.77	-11.33	1460.66	3547.52
4.77	-11.33	1459.79	3632.51
4.77	-11.33	1458.91	3591.94
4.77	-11.33	1458.04	3682.59
4.77	-11.33	1457.16	3719.03
4.77	-11.33	1456.28	3473.16
4.77	-11.33	1455.41	3655.02
4.77	-11.33	1454.53	3563.17
4.77	-11.33	1453.65	3710.75
4.77	-11.33	1452.77	3675.92
4.77	-11.33	1451.9	3886.11
4.77	-11.33	1451.02	3822.77
4.77	-11.33	1450.14	3859.13
4.77	-11.33	1449.26	3770.19
4.77	-11.33	1448.39	3923.27
4.77	-11.33	1447.51	3834.35
4.77	-11.33	1446.63	3967.45
4.77	-11.33	1445.75	3929.77
4.77	-11.33	1444.87	3832.35
4.77	-11.33	1443.99	3868.67
4.77	-11.33	1443.11	3859.47
4.77	-11.33	1442.23	3892.92
4.77	-11.33	1441.35	3954.79
4.77	-11.33	1440.48	3857.46
4.77	-11.33	1439.6	4035.84
4.77	-11.33	1438.72	4006.73
4.77	-11.33	1437.84	3994.67
4.77	-11.33	1436.96	4241.11
4.77	-11.33	1436.08	4109.73
4.77	-11.33	1435.2	4097.65
4.77	-11.33	1434.31	4060.03
4.77	-11.33	1433.43	4133.13
4.77	-11.33	1432.55	4217.56
4.77	-11.33	1431.67	4091.97
4.77	-11.33	1430.79	3796.19
4.77	-11.33	1429.91	3960.06
4.77	-11.33	1429.03	3973.55
4.77	-11.33	1428.15	3833.91
4.77	-11.33	1427.27	3838.92
4.77	-11.33	1426.38	3699.35
4.77	-11.33	1425.5	3738.38
4.77	-11.33	1424.62	3613.05
4.77	-11.33	1423.74	3581.26
4.77	-11.33	1422.85	3640.12
4.77	-11.33	1421.97	3653.65
4.77	-11.33	1421.09	3621.87
4.77	-11.33	1420.21	3677.86
4.77	-11.33	1419.32	3595.13
4.77	-11.33	1418.44	3600.17
4.77	-11.33	1417.56	3690.09
4.77	-11.33	1416.67	3590.43
4.77	-11.33	1415.79	3669.01
4.77	-11.33	1414.9	3575.04
4.77	-11.33	1414.02	3673.39
4.77	-11.33	1413.14	3593.58
4.77	-11.33	1412.25	3807.8
4.77	-11.33	1411.37	3643.21
4.77	-11.33	1410.48	3707.57
4.77	-11.33	1409.6	3783.21
4.77	-11.33	1408.71	3728.88
4.77	-11.33	1407.83	3649.15
4.77	-11.33	1406.94	3724.76
4.77	-11.33	1406.06	3814.46
4.77	-11.33	1405.17	3827.91
4.77	-11.33	1404.29	3801.84
4.77	-11.33	1403.4	3883.02
4.77	-11.33	1402.51	4009.31
4.77	-11.33	1401.63	4028.36
4.77	-11.33	1400.74	3886.63
4.77	-11.33	1399.85	3888.78
4.77	-11.33	1398.97	3969.87
4.77	-11.33	1398.08	4019.92
4.77	-11.33	1397.19	3906.48
4.77	-11.33	1396.31	4091.79
4.77	-11.33	1395.42	3981.19
4.77	-11.33	1394.53	4034.02
4.77	-11.33	1393.64	3909.39
4.77	-11.33	1392.76	4122.73
4.77	-11.33	1391.87	4068.52
4.77	-11.33	1390.98	4073.44
4.77	-11.33	1390.09	4069.91
4.77	-11.33	1389.2	3830.0
4.77	-11.33	1388.32	4037.54
4.77	-11.33	1387.43	4208.44
4.77	-11.33	1386.54	4005.2
4.77	-11.33	1385.65	4015.75
4.77	-11.33	1384.76	4065.66
4.77	-11.33	1383.87	4272.98
4.77	-11.33	1382.98	4095.16
4.77	-11.33	1382.09	4010.14
4.77	-11.33	1381.2	3899.86
4.77	-11.33	1380.31	4121.11
4.77	-11.33	1379.42	4036.13
4.77	-11.33	1378.53	3998.92
4.77	-11.33	1377.64	3970.15
4.77	-11.33	1376.75	4205.26
4.77	-11.33	1375.86	4134.36
4.77	-11.33	1374.97	4156.09
4.77	-11.33	1374.08	3925.29
4.77	-11.33	1373.19	4106.95
4.77	-11.33	1372.3	4114.65
4.77	-11.33	1371.4	4032.6
4.77	-11.33	1370.51	4045.92
4.77	-11.33	1369.62	4247.05
4.77	-11.33	1368.73	4279.95
4.77	-11.33	1367.84	4360.47
4.77	-11.33	1366.94	4202.8
4.77	-11.33	1366.05	4361.75
4.77	-11.33	1365.16	4397.4
4.77	-11.33	1364.27	4276.21
4.77	-11.33	1363.37	4521.86
4.77	-11.33	1362.48	4535.07
4.77	-11.33	1361.59	4486.69
4.77	-11.33	1360.69	4488.71
4.77	-11.33	1359.8	4401.19
4.77	-11.33	1358.91	4408.81
4.77	-11.33	1358.01	4550.69
4.77	-11.33	1357.12	4466.0
4.77	-11.33	1356.22	4406.5
4.77	-11.33	1355.33	4604.22
4.77	-11.33	1354.44	4494.41
4.77	-11.33	1353.54	4599.81
4.77	-11.33	1352.65	4526.36
4.77	-11.33	1351.75	4539.54
4.77	-11.33	1350.86	4527.58
4.77	-11.33	1349.96	4507.24
4.77	-11.33	1349.07	4643.26
4.77	-11.33	1348.17	4572.66
4.77	-11.33	1347.28	4588.61
4.77	-11.33	1346.38	4612.92
4.77	-11.33	1345.48	4698.61
4.77	-11.33	1344.59	4678.26
4.77	-11.33	1343.69	4775.06
4.77	-11.33	1342.79	4832.79
4.77	-11.33	1341.9	4773.39
4.77	-11.33	1341.0	4833.89
4.77	-11.33	1340.1	4604.49
4.77	-11.33	1339.21	5004.98
4.77	-11.33	1338.31	4942.8
4.77	-11.33	1337.41	5008.8
4.77	-11.33	1336.51	5030.2
4.77	-11.33	1335.62	4923.5
4.77	-11.33	1334.72	5072.99
4.77	-11.33	1333.82	5074.89
4.77	-11.33	1332.92	4912.57
4.77	-11.33	1332.02	5114.86
4.77	-11.33	1331.13	5130.65
4.77	-11.33	1330.23	5163.14
4.77	-11.33	1329.33	5187.27
4.77	-11.33	1328.43	5197.48
4.77	-11.33	1327.53	5288.33
4.77	-11.33	1326.63	5123.39
4.77	-11.33	1325.73	5314.27
4.77	-11.33	1324.83	5221.63
4.77	-11.33	1323.93	5129.03
4.77	-11.33	1323.03	5214.25
4.77	-11.33	1322.13	5168.9
4.77	-11.33	1321.23	5209.65
4.77	-11.33	1320.33	5219.84
4.77	-11.33	1319.43	5218.93
4.77	-11.33	1318.53	5284.63
4.77	-11.33	1317.63	5230.97
4.77	-11.33	1316.73	5199.54
4.77	-11.33	1315.83	5229.14
4.77	-11.33	1314.93	5178.3
4.77	-11.33	1314.02	5360.42
4.77	-11.33	1313.12	5218.08
4.77	-11.33	1312.22	5289.24
4.77	-11.33	1311.32	5088.75
4.77	-11.33	1310.42	5085.09
4.77	-11.33	1309.51	5142.38
4.77	-11.33	1308.61	5022.36
4.77	-11.33	1307.71	4982.7
4.77	-11.33	1306.81	4995.68
4.77	-11.33	1305.9	4983.73
4.77	-11.33	1305.0	5068.67
4.77	-11.33	1304.1	4882.34
4.77	-11.33	1303.19	4961.73
4.77	-11.33	1302.29	4999.6
4.77	-11.33	1301.39	4987.66
4.77	-11.33	1300.48	4895.51
4.77	-11.33	1299.58	4817.22
4.77	-11.33	1298.67	4830.2
4.77	-11.33	1297.77	4848.7
4.77	-11.33	1296.86	4784.28
4.77	-11.33	1295.96	4717.12
4.77	-11.33	1295.06	4854.44
4.77	-11.33	1294.15	4908.84
4.77	-11.33	1293.25	4822.36
4.77	-11.33	1292.34	4804.94
4.77	-11.33	1291.43	4873.12
4.77	-11.33	1290.53	4767.37
4.77	-11.33	1289.62	4752.73
4.77	-11.33	1288.72	4782.25
4.77	-11.33	1287.81	4723.47
4.77	-11.33	1286.9	4772.3
4.77	-11.33	1286.0	4652.86
4.77	-11.33	1285.09	4842.32
4.77	-11.33	1284.18	4844.23
4.77	-11.33	1283.28	4931.59
4.77	-11.33	1282.37	4889.38
4.77	-11.33	1281.46	4938.12
4.77	-11.33	1280.56	5050.22
4.77	-11.33	1279.65	5129.21
4.77	-11.33	1278.74	5216.45
4.77	-11.33	1277.83	5127.41
4.77	-11.33	1276.93	5253.16
4.77	-11.33	1276.02	5271.51
4.77	-11.33	1275.11	5022.88
4.77	-11.33	1274.2	4796.35
4.77	-11.33	1273.29	4704.71
4.77	-11.33	1272.38	4764.4
4.77	-11.33	1271.47	4411.52
4.77	-11.33	1270.56	4366.75
4.77	-11.33	1269.66	4297.25
4.77	-11.33	1268.75	4216.78
4.77	-11.33	1267.84	4166.56
4.77	-11.33	1266.93	3951.49
4.77	-11.33	1266.02	4008.49
4.77	-11.33	1265.11	3974.83
4.77	-11.33	1264.2	3869.76
4.77	-11.33	1263.29	3827.89
4.77	-11.33	1262.38	3769.56
4.77	-11.33	1261.46	3843.02
4.77	-11.33	1260.55	3743.54
4.77	-11.33	1259.64	3742.88
4.77	-11.33	1258.73	3747.71
4.77	-11.33	1257.82	3681.21
4.77	-11.33	1256.91	3710.73
4.77	-11.33	1256.0	3559.26
4.77	-11.33	1255.08	3481.87
4.77	-11.33	1254.17	3607.35
4.77	-11.33	1253.26	3562.87
4.77	-11.33	1252.35	3554.02
4.77	-11.33	1251.44	3501.34
4.77	-11.33	1250.52	3429.5
4.77	-11.33	1249.61	3617.87
4.77	-11.33	1248.7	3477.58
4.77	-11.33	1247.78	3479.71
4.77	-11.33	1246.87	3399.71
4.77	-11.33	1245.96	3566.06
4.77	-11.33	1245.04	3458.72
4.77	-11.33	1244.13	3518.3
4.77	-11.33	1243.22	3438.35
4.77	-11.33	1242.3	3612.78
4.77	-11.33	1241.39	3426.2
4.77	-11.33	1240.47	3483.01
4.77	-11.33	1239.56	3605.4
4.77	-11.33	1238.64	3552.84
4.77	-11.33	1237.73	3546.75
4.77	-11.33	1236.81	3521.54
4.77	-11.33	1235.9	3490.87
4.77	-11.33	1234.98	3610.42
4.77	-11.33	1234.07	3642.55
4.77	-11.33	1233.15	3663.75
4.77	-11.33	1232.24	3512.97
4.77	-11.33	1231.32	3648.81
4.77	-11.33	1230.4	3525.38
4.77	-11.33	1229.49	3541.12
4.77	-11.33	1228.57	3507.77
4.77	-11.33	1227.65	3588.97
4.77	-11.33	1226.74	3555.61
4.77	-11.33	1225.82	3677.66
4.77	-11.33	1224.9	3663.39
4.77	-11.33	1223.99	3823.53
4.77	-11.33	1223.07	3890.98
4.77	-11.33	1222.15	3895.74
4.77	-11.33	1221.23	3821.51
4.77	-11.33	1220.31	3927.04
4.77	-11.33	1219.4	4062.49
4.77	-11.33	1218.48	3955.6
4.77	-11.33	1217.56	3832.42
4.77	-11.33	1216.64	3766.43
4.77	-11.33	1215.72	3801.14
4.77	-11.33	1214.8	3634.52
4.77	-11.33	1213.88	3623.0
4.77	-11.33	1212.96	3714.82
4.77	-11.33	1212.05	3583.65
4.77	-11.33	1211.13	3512.34
4.77	-11.33	1210.21	3402.99
4.77	-11.33	1209.29	3391.52
4.77	-11.33	1208.37	3467.0
4.77	-11.33	1207.45	3316.98
4.77	-11.33	1206.53	3387.01
4.77	-11.33	1205.6	3294.08
4.77	-11.33	1204.68	3288.07
4.77	-11.33	1203.76	3192.47
4.77	-11.33	1202.84	3148.48
4.77	-11.33	1201.92	3202.2
4.77	-11.33	1201.0	3163.65
4.77	-11.33	1200.08	3122.4
4.77	-11.33	1199.16	3159.82
4.77	-11.33	1198.23	3148.41
4.77	-11.33	1197.31	3101.76
4.77	-11.33	1196.39	3093.08
4.77	-11.33	1195.47	3084.4
4.77	-11.33	1194.54	3113.67
4.77	-11.33	1193.62	3107.7
4.77	-11.33	1192.7	3031.3
4.77	-11.33	1191.78	2876.38
4.77	-11.33	1190.85	2954.4
4.77	-11.33	1189.93	2994.49
4.77	-11.33	1189.01	3012.91
4.77	-11.33	1188.08	2985.31
4.77	-11.33	1187.16	2933.37
4.77	-11.33	1186.23	3089.78
4.77	-11.33	1185.31	3045.95
4.77	-11.33	1184.39	2931.81
4.77	-11.33	1183.46	2882.62
4.77	-11.33	1182.54	2960.52
4.77	-11.33	1181.61	2884.3
4.77	-11.33	1180.69	2816.23
4.77	-11.33	1179.76	2896.79
4.77	-11.33	1178.84	2917.89
4.77	-11.33	1177.91	2820.13
4.77	-11.33	1176.99	2943.87
4.77	-11.33	1176.06	2813.73
4.77	-11.33	1175.13	2942.83
4.77	-11.33	1174.21	2904.52
4.77	-11.33	1173.28	2769.06
4.77	-11.33	1172.35	2771.26
4.77	-11.33	1171.43	2730.3
4.77	-11.33	1170.5	2789.17
4.77	-11.33	1169.57	2780.58
4.77	-11.33	1168.65	2788.18
4.77	-11.33	1167.72	2849.69
4.77	-11.33	1166.79	2760.23
4.77	-11.33	1165.86	2786.7
4.77	-11.33	1164.94	2770.03
4.77	-11.33	1164.01	2861.14
4.77	-11.33	1163.08	2752.89
4.77	-11.33	1162.15	2800.88
4.77	-11.33	1161.22	2738.45
4.77	-11.33	1160.3	2786.43
4.77	-11.33	1159.37	2697.1
4.77	-11.33	1158.44	2766.6
4.77	-11.33	1157.51	2639.64
4.77	-11.33	1156.58	2625.72
4.77	-11.33	1155.65	2781.27
4.77	-11.33	1154.72	2678.58
4.77	-11.33	1153.79	2721.12
4.77	-11.33	1152.86	2771.72
4.77	-11.33	1151.93	2747.04
4.77	-11.33	1151.0	2555.74
4.77	-11.33	1150.07	2670.83
4.77	-11.33	1149.14	2638.12
4.77	-11.33	1148.21	2656.45
4.77	-11.33	1147.28	2553.93
4.77	-11.33	1146.35	2583.01
4.77	-11.33	1145.42	2604.03
4.77	-11.33	1144.48	2684.09
4.77	-11.33	1143.55	2667.51
4.77	-11.33	1142.62	2667.04
4.77	-11.33	1141.69	2580.72
4.77	-11.33	1140.76	2593.67
4.77	-11.33	1139.82	2711.21
4.77	-11.33	1138.89	2635.65
4.77	-11.33	1137.96	2707.57
4.77	-11.33	1137.03	2699.04
4.77	-11.33	1136.09	2661.05
4.77	-11.33	1135.16	2754.35
4.77	-11.33	1134.23	2649.39
4.77	-11.33	1133.29	2769.44
4.77	-11.33	1132.36	2648.45
4.77	-11.33	1131.43	2698.85
4.77	-11.33	1130.49	2612.7
4.77	-11.33	1129.56	2764.8
4.77	-11.33	1128.62	2571.64
4.77	-11.33	1127.69	2707.63
4.77	-11.33	1126.76	2589.45
4.77	-11.33	1125.82	2626.43
4.77	-11.33	1124.89	2690.14
4.77	-11.33	1123.95	2748.48
4.77	-11.33	1123.02	2649.09
4.77	-11.33	1122.08	2619.22
4.77	-11.33	1121.14	2616.08
4.77	-11.33	1120.21	2618.29
4.77	-11.33	1119.27	2826.18
4.77	-11.33	1118.34	2652.08
4.77	-11.33	1117.4	2579.51
4.77	-11.33	1116.46	2656.47
4.77	-11.33	1115.53	2736.08
4.77	-11.33	1114.59	2602.15
4.77	-11.33	1113.65	2540.31
4.77	-11.33	1112.72	2713.28
4.77	-11.33	1111.78	2656.78
4.77	-11.33	1110.84	2618.97
4.77	-11.33	1109.9	2567.84
4.77	-11.33	1108.97	2676.69
4.77	-11.33	1108.03	2769.51
4.77	-11.33	1107.09	2654.42
4.77	-11.33	1106.15	2629.96
4.77	-11.33	1105.21	2666.79
4.77	-11.33	1104.28	2727.58
4.77	-11.33	1103.34	2711.12
4.77	-11.33	1102.4	2662.7
4.77	-11.33	1101.46	2795.34
4.77	-11.33	1100.52	2746.93
4.77	-11.33	1099.58	2690.56
4.77	-11.33	1098.64	2660.81
4.77	-11.33	1097.7	2686.94
4.77	-11.33	1096.76	2758.28
4.77	-11.33	1095.82	2717.89
4.77	-11.33	1094.88	2642.96
4.77	-11.33	1093.94	2690.34
4.77	-11.33	1093.0	2695.18
4.77	-11.33	1092.06	2689.38
4.77	-11.33	1091.12	2609.19
4.77	-11.33	1090.18	2725.62
4.77	-11.33	1089.24	2759.66
4.77	-11.33	1088.3	2780.41
4.77	-11.33	1087.35	2721.5
4.77	-11.33	1086.41	2808.62
4.77	-11.33	1085.47	2701.95
4.77	-11.33	1084.53	2781.08
4.77	-11.33	1083.59	2581.59
4.77	-11.33	1082.64	2724.38
4.77	-11.33	1081.7	2692.07
4.77	-11.33	1080.76	2582.87
4.77	-11.33	1079.81	2447.19
4.77	-11.33	1078.87	2544.83
4.77	-11.33	1077.93	2544.38
4.77	-11.33	1076.99	2559.82
4.77	-11.33	1076.04	2474.59
4.77	-11.33	1075.1	2596.0
4.77	-11.33	1074.15	2399.54
4.77	-11.33	1073.21	2444.13
4.77	-11.33	1072.27	2501.94
4.77	-11.33	1071.32	2490.91
4.77	-11.33	1070.38	2548.69
4.77	-11.33	1069.43	2460.91
4.77	-11.33	1068.49	2492.22
4.77	-11.33	1067.54	2433.58
4.77	-11.33	1066.6	2573.32
4.77	-11.33	1065.65	2461.8
4.77	-11.33	1064.71	2538.03
4.77	-11.33	1063.76	2537.58
4.77	-11.33	1062.81	2587.34
4.77	-11.33	1061.87	2571.02
4.77	-11.33	1060.92	2557.35
4.77	-11.33	1059.97	2567.46
4.77	-11.33	1059.03	2736.02
4.77	-11.33	1058.08	2751.38
4.77	-11.33	1057.13	2732.4
4.77	-11.33	1056.19	2834.86
4.77	-11.33	1055.24	2932.0
4.77	-11.33	1054.29	3055.49
4.77	-11.33	1053.34	3112.98
4.77	-11.33	1052.4	3030.66
4.77	-11.33	1051.45	2998.47
4.77	-11.33	1050.5	2905.65
4.77	-11.33	1049.55	2973.67
4.77	-11.33	1048.6	2930.97
4.77	-11.33	1047.66	2880.37
4.77	-11.33	1046.71	2800.81
4.77	-11.33	1045.76	2705.48
4.77	-11.33	1044.81	2784.01
4.77	-11.33	1043.86	2651.84
4.77	-11.33	1042.91	2598.71
4.77	-11.33	1041.96	2621.93
4.77	-11.33	1041.01	2566.19
4.77	-11.33	1040.06	2673.63
4.77	-11.33	1039.11	2633.68
4.77	-11.33	1038.16	2570.08
4.77	-11.33	1037.21	2690.6
4.77	-11.33	1036.26	2600.71
4.77	-11.33	1035.31	2600.25
4.77	-11.33	1034.36	2654.99
4.77	-11.33	1033.4	2678.16
4.77	-11.33	1032.45	2562.06
4.77	-11.33	1031.5	2643.05
4.77	-11.33	1030.55	2524.37
4.77	-11.33	1029.6	2563.31
4.77	-11.33	1028.65	2528.72
4.77	-11.33	1027.69	2473.13
4.77	-11.33	1026.74	2567.19
4.77	-11.33	1025.79	2472.25
4.77	-11.33	1024.84	2534.78
4.77	-11.33	1023.88	2508.09
4.77	-11.33	1022.93	2512.89
4.77	-11.33	1021.98	2664.55
4.77	-11.33	1021.02	2645.72
4.77	-11.33	1020.07	2629.51
4.77	-11.33	1019.12	2597.59
4.77	-11.33	1018.16	2505.4
4.77	-11.33	1017.21	2381.8
4.77	-11.33	1016.25	2457.34
4.77	-11.33	1015.3	2509.29
4.77	-11.33	1014.34	2498.36
4.77	-11.33	1013.39	2456.02
4.77	-11.33	1012.44	2439.87
4.77	-11.33	1011.48	2620.04
4.77	-11.33	1010.52	2535.83
4.77	-11.33	1009.57	2553.69
4.77	-11.33	1008.61	2571.54
4.77	-11.33	1007.66	2500.46
4.77	-11.33	1006.7	2604.62
4.77	-11.33	1005.75	2572.77
4.77	-11.33	1004.79	2530.49
4.77	-11.33	1003.83	2582.31
4.77	-11.33	1002.88	2576.62
4.77	-11.33	1001.92	2617.96
4.77	-11.33	1000.96	2706.3
4.77	-11.33	1000.0	2758.05
4.77	-11.33	999.048	2705.33
4.77	-11.33	998.09	2728.35
4.77	-11.33	997.132	2782.67
4.77	-11.33	996.174	2813.49
4.77	-11.33	995.216	2841.69
4.77	-11.33	994.258	2880.32
4.77	-11.33	993.3	3148.48
4.77	-11.33	992.341	3233.98
4.77	-11.33	991.382	3421.14
4.77	-11.33	990.423	3274.53
4.77	-11.33	989.4639999999999	3435.55
4.77	-11.33	988.505	3309.84
4.77	-11.33	987.546	3199.81
4.77	-11.33	986.586	3029.89
4.77	-11.33	985.6260000000001	2990.28
4.77	-11.33	984.666	2838.69
4.77	-11.33	983.706	2731.42
4.77	-11.33	982.7460000000001	2749.16
4.77	-11.33	981.785	2548.24
4.77	-11.33	980.825	2592.02
4.77	-11.33	979.8639999999999	2560.33
4.77	-11.33	978.903	2492.23
4.77	-11.33	977.942	2564.61
4.77	-11.33	976.9810000000001	2540.75
4.77	-11.33	976.0189999999999	2550.69
4.77	-11.33	975.057	2467.05
4.77	-11.33	974.095	2445.81
4.77	-11.33	973.133	2554.51
4.77	-11.33	972.171	2533.27
4.77	-11.33	971.209	2452.28
4.77	-11.33	970.2460000000001	2573.91
4.77	-11.33	969.284	2518.92
4.77	-11.33	968.321	2445.77
4.77	-11.33	967.3580000000001	2434.94
4.77	-11.33	966.3939999999999	2439.7
4.77	-11.33	965.431	2444.45
4.77	-11.33	964.467	2350.61
4.77	-11.33	963.5039999999999	2409.85
4.77	-11.33	962.54	2469.06
4.77	-11.33	961.576	2403.79
4.77	-11.33	960.6110000000001	2382.62
4.77	-11.33	959.6469999999999	2270.73
4.77	-11.33	958.682	2493.2
4.77	-11.33	957.7180000000001	2339.87
4.77	-11.33	956.753	2474.17
4.77	-11.33	955.7869999999999	2473.73
4.77	-11.33	954.822	2442.2
4.77	-11.33	953.857	2358.9
4.77	-11.33	952.8910000000001	2469.8
4.77	-11.33	951.925	2427.94
4.77	-11.33	950.959	2430.09
4.77	-11.33	949.993	2427.07
4.77	-11.33	949.0269999999999	2411.11
4.77	-11.33	948.06	2459.82
4.77	-11.33	947.0930000000001	2381.79
4.77	-11.33	946.1260000000001	2394.29
4.77	-11.33	945.159	2414.54
4.77	-11.33	944.192	2450.29
4.77	-11.33	943.225	2380.08
4.77	-11.33	942.257	2423.57
4.77	-11.33	941.289	2487.72
4.77	-11.33	940.321	2347.8
4.77	-11.33	939.3530000000001	2360.29
4.77	-11.33	938.385	2470.88
4.77	-11.33	937.4169999999999	2514.32
4.77	-11.33	936.448	2482.9
4.77	-11.33	935.4789999999999	2461.8
4.77	-11.33	934.51	2487.16
4.77	-11.33	933.541	2577.0
4.77	-11.33	932.572	2553.32
4.77	-11.33	931.602	2609.59
4.77	-11.33	930.633	2655.53
4.77	-11.33	929.663	2789.09
4.77	-11.33	928.693	2765.39
4.77	-11.33	927.7230000000001	2651.51
4.77	-11.33	926.752	2870.02
4.77	-11.33	925.7819999999999	2931.33
4.77	-11.33	924.811	2969.43
4.77	-11.33	923.84	2901.94
4.77	-11.33	922.8689999999999	2857.65
4.77	-11.33	921.898	3101.67
4.77	-11.33	920.926	3016.18
4.77	-11.33	919.955	2966.75
4.77	-11.33	918.9830000000001	3015.09
4.77	-11.33	918.0110000000001	2996.54
4.77	-11.33	917.039	2805.7
4.77	-11.33	916.066	2951.75
4.77	-11.33	915.0939999999999	2835.53
4.77	-11.33	914.1210000000001	2796.47
4.77	-11.33	913.148	2762.56
4.77	-11.33	912.175	2836.57
4.77	-11.33	911.202	2671.65
4.77	-11.33	910.2289999999999	2660.89
4.77	-11.33	909.255	2657.84
4.77	-11.33	908.2819999999999	2762.63
4.77	-11.33	907.308	2713.36
4.77	-11.33	906.334	2697.47
4.77	-11.33	905.36	2679.02
4.77	-11.33	904.385	2596.43
4.77	-11.33	903.4110000000001	2611.35
4.77	-11.33	902.436	2582.67
4.77	-11.33	901.461	2556.56
4.77	-11.33	900.4860000000001	2589.43
4.77	-11.33	899.51	2563.33
4.77	-11.33	898.535	2514.17
4.77	-11.33	897.559	2488.09
4.77	-11.33	896.5830000000001	2505.57
4.77	-11.33	895.607	2469.26
4.77	-11.33	894.6310000000001	2386.86
4.77	-11.33	893.655	2348.02
4.77	-11.33	892.678	2457.68
4.77	-11.33	891.702	2347.17
4.77	-11.33	890.725	2310.92
4.77	-11.33	889.748	2371.91
4.77	-11.33	888.77	2427.76
4.77	-11.33	887.793	2337.8
4.77	-11.33	886.815	2316.92
4.77	-11.33	885.8380000000001	2280.7
4.77	-11.33	884.86	2374.88
4.77	-11.33	883.882	2333.55
4.77	-11.33	882.903	2322.91
4.77	-11.33	881.925	2337.82
4.77	-11.33	880.946	2357.83
4.77	-11.33	879.967	2411.04
4.77	-11.33	878.988	2415.71
4.77	-11.33	878.0089999999999	2371.87
4.77	-11.33	877.03	2430.15
4.77	-11.33	876.05	2414.4
4.77	-11.33	875.071	2327.2
4.77	-11.33	874.091	2444.14
4.77	-11.33	873.1110000000001	2379.93
4.77	-11.33	872.13	2280.03
4.77	-11.33	871.15	2414.76
4.77	-11.33	870.169	2429.62
4.77	-11.33	869.189	2278.79
4.77	-11.33	868.2080000000001	2283.48
4.77	-11.33	867.2260000000001	2308.54
4.77	-11.33	866.245	2369.27
4.77	-11.33	865.2639999999999	2269.5
4.77	-11.33	864.2819999999999	2279.27
4.77	-11.33	863.3	2383.26
4.77	-11.33	862.318	2382.82
4.77	-11.33	861.336	2412.94
4.77	-11.33	860.3530000000001	2336.15
4.77	-11.33	859.3710000000001	2412.06
4.77	-11.33	858.388	2452.33
4.77	-11.33	857.405	2398.47
4.77	-11.33	856.422	2428.55
4.77	-11.33	855.439	2476.42
4.77	-11.33	854.455	2463.26
4.77	-11.33	853.472	2434.85
4.77	-11.33	852.488	2490.32
4.77	-11.33	851.5039999999999	2451.75
4.77	-11.33	850.52	2519.9
4.77	-11.33	849.535	2476.26
4.77	-11.33	848.551	2460.58
4.77	-11.33	847.566	2526.14
4.77	-11.33	846.581	2452.07
4.77	-11.33	845.596	2372.95
4.77	-11.33	844.6110000000001	2410.58
4.77	-11.33	843.6260000000001	2473.57
4.77	-11.33	842.64	2503.56
4.77	-11.33	841.654	2482.81
4.77	-11.33	840.668	2502.65
4.77	-11.33	839.682	2527.54
4.77	-11.33	838.696	2491.6
4.77	-11.33	837.709	2443.0
4.77	-11.33	836.7230000000001	2483.09
4.77	-11.33	835.7360000000001	2464.91
4.77	-11.33	834.7489999999999	2406.21
4.77	-11.33	833.762	2398.17
4.77	-11.33	832.7739999999999	2511.67
4.77	-11.33	831.7869999999999	2412.49
4.77	-11.33	830.799	2381.68
4.77	-11.33	829.811	2500.18
4.77	-11.33	828.823	2492.14
4.77	-11.33	827.835	2410.74
4.77	-11.33	826.846	2397.65
4.77	-11.33	825.857	2447.79
4.77	-11.33	824.8689999999999	2389.2
4.77	-11.33	823.88	2414.04
4.77	-11.33	822.89	2451.51
4.77	-11.33	821.9010000000001	2531.93
4.77	-11.33	820.9119999999999	2576.94
4.77	-11.33	819.922	2659.83
4.77	-11.33	818.932	2616.41
4.77	-11.33	817.942	2620.99
4.77	-11.33	816.952	2592.74
4.77	-11.33	815.961	2493.83
4.77	-11.33	814.971	2566.56
4.77	-11.33	813.98	2397.04
4.77	-11.33	812.9889999999999	2558.06
4.77	-11.33	811.998	2590.38
4.77	-11.33	811.0060000000001	2592.43
4.77	-11.33	810.015	2712.98
4.77	-11.33	809.023	2609.13
4.77	-11.33	808.0310000000001	2452.39
4.77	-11.33	807.039	2353.67
4.77	-11.33	806.047	2325.52
4.77	-11.33	805.054	2312.5
4.77	-11.33	804.062	2337.27
4.77	-11.33	803.069	2278.93
4.77	-11.33	802.076	2338.94
4.77	-11.33	801.0830000000001	2174.89
4.77	-11.33	800.0889999999999	2343.12
4.77	-11.33	799.096	2264.69
4.77	-11.33	798.102	2241.63
4.77	-11.33	797.1080000000001	2163.24
4.77	-11.33	796.1139999999999	2198.06
4.77	-11.33	795.12	2235.38
4.77	-11.33	794.1260000000001	2240.0
4.77	-11.33	793.1310000000001	2269.75
4.77	-11.33	792.1360000000001	2281.9
4.77	-11.33	791.1410000000001	2246.31
4.77	-11.33	790.1460000000001	2230.83
4.77	-11.33	789.1510000000001	2092.28
4.77	-11.33	788.155	2312.89
4.77	-11.33	787.16	2119.13
4.77	-11.33	786.164	2156.4
4.77	-11.33	785.168	2236.33
4.77	-11.33	784.171	2213.33
4.77	-11.33	783.175	2147.7
4.77	-11.33	782.178	2242.63
4.77	-11.33	781.182	2232.19
4.77	-11.33	780.185	2236.79
4.77	-11.33	779.188	2218.84
4.77	-11.33	778.19	2138.22
4.77	-11.33	777.193	2270.66
4.77	-11.33	776.195	2255.21
4.77	-11.33	775.197	2242.27
4.77	-11.33	774.199	2246.87
4.77	-11.33	773.201	2188.86
4.77	-11.33	772.202	2173.44
4.77	-11.33	771.204	2243.14
4.77	-11.33	770.205	2290.29
4.77	-11.33	769.206	2272.35
4.77	-11.33	768.207	2236.91
4.77	-11.33	767.2080000000001	2289.03
4.77	-11.33	766.2080000000001	2263.6
4.77	-11.33	765.2080000000001	2285.7
4.77	-11.33	764.209	2192.77
4.77	-11.33	763.2080000000001	2287.36
4.77	-11.33	762.2080000000001	2386.92
4.77	-11.33	761.2080000000001	2256.54
4.77	-11.33	760.207	2281.11
4.77	-11.33	759.206	2333.15
4.77	-11.33	758.205	2280.28
4.77	-11.33	757.204	2387.24
4.77	-11.33	756.203	2266.96
4.77	-11.33	755.201	2323.96
4.77	-11.33	754.2	2378.44
4.77	-11.33	753.198	2370.52
4.77	-11.33	752.196	2347.63
4.77	-11.33	751.193	2382.13
4.77	-11.33	750.191	2491.42
4.77	-11.33	749.188	2438.61
4.77	-11.33	748.186	2408.24
4.77	-11.33	747.183	2445.19
4.77	-11.33	746.179	2454.71
4.77	-11.33	745.176	2456.76
4.77	-11.33	744.173	2536.02
4.77	-11.33	743.169	2562.96
4.77	-11.33	742.165	2490.27
4.77	-11.33	741.1610000000001	2601.86
4.77	-11.33	740.1569999999999	2583.96
4.77	-11.33	739.1519999999999	2546.15
4.77	-11.33	738.1469999999999	2590.48
4.77	-11.33	737.143	2470.58
4.77	-11.33	736.138	2557.19
4.77	-11.33	735.132	2571.65
4.77	-11.33	734.127	2593.55
4.77	-11.33	733.122	2754.68
4.77	-11.33	732.1160000000001	2697.01
4.77	-11.33	731.11	2746.22
4.77	-11.33	730.1039999999999	2614.02
4.77	-11.33	729.097	2727.82
4.77	-11.33	728.091	2871.39
4.77	-11.33	727.084	2885.76
4.77	-11.33	726.077	2880.27
4.77	-11.33	725.07	2872.29
4.77	-11.33	724.063	2846.95
4.77	-11.33	723.056	2898.54
4.77	-11.33	722.048	2808.69
4.77	-11.33	721.04	2872.67
4.77	-11.33	720.0319999999999	2924.23
4.77	-11.33	719.0239999999999	2824.5
4.77	-11.33	718.0160000000001	2766.96
4.77	-11.33	717.007	2887.92
4.77	-11.33	715.9989999999999	2716.38
4.77	-11.33	714.99	2676.23
4.77	-11.33	713.9810000000001	2717.86
4.77	-11.33	712.972	2675.25
4.77	-11.33	711.962	2600.46
4.77	-11.33	710.953	2498.46
4.77	-11.33	709.943	2498.0
4.77	-11.33	708.933	2430.71
4.77	-11.33	707.923	2415.42
4.77	-11.33	706.9119999999999	2340.74
4.77	-11.33	705.9019999999999	2382.37
4.77	-11.33	704.8910000000001	2362.15
4.77	-11.33	703.88	2285.05
4.77	-11.33	702.8689999999999	2383.53
4.77	-11.33	701.8580000000001	2353.43
4.77	-11.33	700.846	2412.32
4.77	-11.33	699.834	2406.93
4.77	-11.33	698.823	2438.61
4.77	-11.33	697.811	2425.81
4.77	-11.33	696.798	2509.34
4.77	-11.33	695.7860000000001	2533.57
4.77	-11.33	694.773	2535.58
4.77	-11.33	693.7610000000001	2493.15
4.77	-11.33	692.748	2502.56
4.77	-11.33	691.7339999999999	2620.55
4.77	-11.33	690.721	2625.0
4.77	-11.33	689.7080000000001	2508.59
4.77	-11.33	688.694	2633.9
4.77	-11.33	687.68	2591.5
4.77	-11.33	686.666	2568.84
4.77	-11.33	685.6519999999999	2575.76
4.77	-11.33	684.637	2602.39
4.77	-11.33	683.623	2587.13
4.77	-11.33	682.6080000000001	2542.31
4.77	-11.33	681.5930000000001	2448.25
4.77	-11.33	680.578	2509.37
4.77	-11.33	679.562	2481.82
4.77	-11.33	678.547	2422.29
4.77	-11.33	677.5310000000001	2471.07
4.77	-11.33	676.515	2487.84
4.77	-11.33	675.4989999999999	2391.43
4.77	-11.33	674.482	2381.15
4.77	-11.33	673.466	2427.44
4.77	-11.33	672.449	2387.65
4.77	-11.33	671.432	2365.08
4.77	-11.33	670.415	2229.46
4.77	-11.33	669.398	2435.49
4.77	-11.33	668.3810000000001	2417.84
4.77	-11.33	667.363	2370.72
4.77	-11.33	666.345	2407.12
4.77	-11.33	665.327	2544.2
4.77	-11.33	664.309	2570.75
4.77	-11.33	663.291	2587.46
4.77	-11.33	662.2719999999999	2729.34
4.77	-11.33	661.253	2802.46
4.77	-11.33	660.2339999999999	2738.15
4.77	-11.33	659.215	2612.54
4.77	-11.33	658.196	2580.17
4.77	-11.33	657.176	2574.79
4.77	-11.33	656.1569999999999	2674.84
4.77	-11.33	655.137	2600.81
4.77	-11.33	654.117	2671.4
4.77	-11.33	653.097	2572.9
4.77	-11.33	652.076	2596.92
4.77	-11.33	651.056	2571.95
4.77	-11.33	650.035	2625.36
4.77	-11.33	649.014	2539.17
4.77	-11.33	647.993	2558.29
4.77	-11.33	646.971	2420.75
4.77	-11.33	645.95	2386.04
4.77	-11.33	644.928	2373.37
4.77	-11.33	643.906	2360.7
4.77	-11.33	642.884	2433.64
4.77	-11.33	641.861	2296.25
4.77	-11.33	640.839	2344.72
4.77	-11.33	639.816	2288.07
4.77	-11.33	638.793	2326.75
4.77	-11.33	637.77	2326.32
4.77	-11.33	636.747	2321.01
4.77	-11.33	635.724	2366.99
4.77	-11.33	634.7	2393.42
4.77	-11.33	633.6759999999999	2322.17
4.77	-11.33	632.6519999999999	2363.24
4.77	-11.33	631.628	2450.68
4.77	-11.33	630.6030000000001	2298.92
4.77	-11.33	629.5790000000001	2354.61
4.77	-11.33	628.554	2388.33
4.77	-11.33	627.529	2341.55
4.77	-11.33	626.504	2311.85
4.77	-11.33	625.479	2352.88
4.77	-11.33	624.453	2396.32
4.77	-11.33	623.427	2344.7
4.77	-11.33	622.401	2358.89
4.77	-11.33	621.375	2443.73
4.77	-11.33	620.349	2455.45
4.77	-11.33	619.323	2369.76
4.77	-11.33	618.2959999999999	2232.96
4.77	-11.33	617.269	2327.49
4.77	-11.33	616.242	2283.25
4.77	-11.33	615.215	2372.88
4.77	-11.33	614.187	2206.98
4.77	-11.33	613.16	2316.05
4.77	-11.33	612.132	2293.73
4.77	-11.33	611.104	2144.96
4.77	-11.33	610.076	2171.31
4.77	-11.33	609.047	2229.25
4.77	-11.33	608.019	2192.38
4.77	-11.33	606.99	2187.11
4.77	-11.33	605.961	2189.14
4.77	-11.33	604.932	2205.74
4.77	-11.33	603.903	2151.9
4.77	-11.33	602.873	2275.35
4.77	-11.33	601.844	2289.49
4.77	-11.33	600.814	2213.82
