-9.42	-18.48	1999.92	969.293
-9.42	-18.48	1999.14	967.317
-9.42	-18.48	1998.35	965.635
-9.42	-18.48	1997.57	967.033
-9.42	-18.48	1996.78	965.222
-9.42	-18.48	1996.0	966.7130000000001
-9.42	-18.48	1995.21	968.0319999999999
-9.42	-18.48	1994.42	966.525
-9.42	-18.48	1993.64	966.8639999999999
-9.42	-18.48	1992.85	969.9580000000001
-9.42	-18.48	1992.07	965.0319999999999
-9.42	-18.48	1991.28	962.7230000000001
-9.42	-18.48	1990.5	964.09
-9.42	-18.48	1989.71	966.926
-9.42	-18.48	1988.92	968.7260000000001
-9.42	-18.48	1988.14	966.677
-9.42	-18.48	1987.35	967.3560000000001
-9.42	-18.48	1986.56	971.221
-9.42	-18.48	1985.78	973.438
-9.42	-18.48	1984.99	976.9060000000001
-9.42	-18.48	1984.2	976.9580000000001
-9.42	-18.48	1983.42	982.311
-9.42	-18.48	1982.63	986.596
-9.42	-18.48	1981.84	994.438
-9.42	-18.48	1981.05	1000.31
-9.42	-18.48	1980.27	1005.29
-9.42	-18.48	1979.48	1005.35
-9.42	-18.48	1978.69	1009.11
-9.42	-18.48	1977.9	1005.88
-9.42	-18.48	1977.11	1004.76
-9.42	-18.48	1976.33	1009.05
-9.42	-18.48	1975.54	1014.62
-9.42	-18.48	1974.75	1019.91
-9.42	-18.48	1973.96	1020.55
-9.42	-18.48	1973.17	1017.85
-9.42	-18.48	1972.38	1022.89
-9.42	-18.48	1971.59	1027.11
-9.42	-18.48	1970.8	1029.73
-9.42	-18.48	1970.01	1031.94
-9.42	-18.48	1969.22	1029.53
-9.42	-18.48	1968.43	1024.25
-9.42	-18.48	1967.64	1027.16
-9.42	-18.48	1966.85	1029.85
-9.42	-18.48	1966.06	1028.59
-9.42	-18.48	1965.27	1024.66
-9.42	-18.48	1964.48	1024.3
-9.42	-18.48	1963.69	1027.95
-9.42	-18.48	1962.9	1027.33
-9.42	-18.48	1962.11	1022.8
-9.42	-18.48	1961.32	1021.65
-9.42	-18.48	1960.53	1023.5
-9.42	-18.48	1959.74	1026.3
-9.42	-18.48	1958.95	1027.69
-9.42	-18.48	1958.16	1028.21
-9.42	-18.48	1957.37	1030.16
-9.42	-18.48	1956.57	1035.84
-9.42	-18.48	1955.78	1033.61
-9.42	-18.48	1954.99	1033.83
-9.42	-18.48	1954.2	1033.85
-9.42	-18.48	1953.41	1039.86
-9.42	-18.48	1952.61	1047.4
-9.42	-18.48	1951.82	1050.63
-9.42	-18.48	1951.03	1049.9
-9.42	-18.48	1950.24	1046.23
-9.42	-18.48	1949.44	1049.58
-9.42	-18.48	1948.65	1056.64
-9.42	-18.48	1947.86	1056.08
-9.42	-18.48	1947.06	1054.07
-9.42	-18.48	1946.27	1049.97
-9.42	-18.48	1945.48	1051.1
-9.42	-18.48	1944.68	1053.41
-9.42	-18.48	1943.89	1051.84
-9.42	-18.48	1943.1	1052.04
-9.42	-18.48	1942.3	1049.3
-9.42	-18.48	1941.51	1049.27
-9.42	-18.48	1940.71	1055.71
-9.42	-18.48	1939.92	1052.49
-9.42	-18.48	1939.12	1052.49
-9.42	-18.48	1938.33	1052.4
-9.42	-18.48	1937.53	1054.47
-9.42	-18.48	1936.74	1059.26
-9.42	-18.48	1935.94	1062.12
-9.42	-18.48	1935.15	1062.44
-9.42	-18.48	1934.35	1066.67
-9.42	-18.48	1933.56	1071.78
-9.42	-18.48	1932.76	1075.31
-9.42	-18.48	1931.97	1075.34
-9.42	-18.48	1931.17	1079.01
-9.42	-18.48	1930.37	1082.66
-9.42	-18.48	1929.58	1082.96
-9.42	-18.48	1928.78	1079.98
-9.42	-18.48	1927.99	1079.1
-9.42	-18.48	1927.19	1076.6
-9.42	-18.48	1926.39	1070.7
-9.42	-18.48	1925.6	1071.3
-9.42	-18.48	1924.8	1068.46
-9.42	-18.48	1924.0	1064.76
-9.42	-18.48	1923.2	1066.58
-9.42	-18.48	1922.41	1068.12
-9.42	-18.48	1921.61	1069.55
-9.42	-18.48	1920.81	1064.81
-9.42	-18.48	1920.01	1059.76
-9.42	-18.48	1919.22	1063.82
-9.42	-18.48	1918.42	1064.91
-9.42	-18.48	1917.62	1068.62
-9.42	-18.48	1916.82	1072.6
-9.42	-18.48	1916.02	1070.62
-9.42	-18.48	1915.22	1074.7
-9.42	-18.48	1914.43	1074.32
-9.42	-18.48	1913.63	1079.12
-9.42	-18.48	1912.83	1085.07
-9.42	-18.48	1912.03	1085.34
-9.42	-18.48	1911.23	1092.95
-9.42	-18.48	1910.43	1099.23
-9.42	-18.48	1909.63	1102.05
-9.42	-18.48	1908.83	1103.61
-9.42	-18.48	1908.03	1105.95
-9.42	-18.48	1907.23	1108.12
-9.42	-18.48	1906.43	1107.7
-9.42	-18.48	1905.63	1106.86
-9.42	-18.48	1904.83	1108.12
-9.42	-18.48	1904.03	1105.76
-9.42	-18.48	1903.23	1101.96
-9.42	-18.48	1902.43	1099.25
-9.42	-18.48	1901.63	1100.62
-9.42	-18.48	1900.83	1097.07
-9.42	-18.48	1900.03	1101.33
-9.42	-18.48	1899.23	1097.8
-9.42	-18.48	1898.42	1096.89
-9.42	-18.48	1897.62	1092.6
-9.42	-18.48	1896.82	1094.7
-9.42	-18.48	1896.02	1096.58
-9.42	-18.48	1895.22	1103.36
-9.42	-18.48	1894.41	1100.02
-9.42	-18.48	1893.61	1101.94
-9.42	-18.48	1892.81	1100.81
-9.42	-18.48	1892.01	1102.52
-9.42	-18.48	1891.21	1099.52
-9.42	-18.48	1890.4	1104.66
-9.42	-18.48	1889.6	1107.68
-9.42	-18.48	1888.8	1111.04
-9.42	-18.48	1887.99	1111.91
-9.42	-18.48	1887.19	1118.46
-9.42	-18.48	1886.39	1117.64
-9.42	-18.48	1885.58	1119.22
-9.42	-18.48	1884.78	1122.81
-9.42	-18.48	1883.98	1122.6
-9.42	-18.48	1883.17	1124.38
-9.42	-18.48	1882.37	1126.94
-9.42	-18.48	1881.56	1127.73
-9.42	-18.48	1880.76	1125.27
-9.42	-18.48	1879.95	1126.91
-9.42	-18.48	1879.15	1131.77
-9.42	-18.48	1878.35	1136.78
-9.42	-18.48	1877.54	1140.47
-9.42	-18.48	1876.74	1142.44
-9.42	-18.48	1875.93	1145.65
-9.42	-18.48	1875.13	1145.65
-9.42	-18.48	1874.32	1152.24
-9.42	-18.48	1873.51	1153.99
-9.42	-18.48	1872.71	1157.74
-9.42	-18.48	1871.9	1158.1
-9.42	-18.48	1871.1	1161.05
-9.42	-18.48	1870.29	1162.87
-9.42	-18.48	1869.48	1164.24
-9.42	-18.48	1868.68	1160.19
-9.42	-18.48	1867.87	1159.77
-9.42	-18.48	1867.06	1156.38
-9.42	-18.48	1866.26	1160.86
-9.42	-18.48	1865.45	1155.33
-9.42	-18.48	1864.64	1153.36
-9.42	-18.48	1863.84	1152.06
-9.42	-18.48	1863.03	1150.51
-9.42	-18.48	1862.22	1148.74
-9.42	-18.48	1861.41	1149.24
-9.42	-18.48	1860.61	1146.28
-9.42	-18.48	1859.8	1141.83
-9.42	-18.48	1858.99	1143.33
-9.42	-18.48	1858.18	1142.31
-9.42	-18.48	1857.37	1140.95
-9.42	-18.48	1856.57	1146.26
-9.42	-18.48	1855.76	1152.27
-9.42	-18.48	1854.95	1155.12
-9.42	-18.48	1854.14	1157.1
-9.42	-18.48	1853.33	1158.12
-9.42	-18.48	1852.52	1161.29
-9.42	-18.48	1851.71	1164.06
-9.42	-18.48	1850.9	1168.06
-9.42	-18.48	1850.09	1172.05
-9.42	-18.48	1849.28	1176.56
-9.42	-18.48	1848.47	1183.31
-9.42	-18.48	1847.66	1187.13
-9.42	-18.48	1846.85	1189.72
-9.42	-18.48	1846.04	1192.51
-9.42	-18.48	1845.23	1190.9
-9.42	-18.48	1844.42	1192.27
-9.42	-18.48	1843.61	1197.32
-9.42	-18.48	1842.8	1200.35
-9.42	-18.48	1841.99	1200.97
-9.42	-18.48	1841.18	1203.27
-9.42	-18.48	1840.37	1207.81
-9.42	-18.48	1839.56	1212.2
-9.42	-18.48	1838.75	1210.25
-9.42	-18.48	1837.94	1211.65
-9.42	-18.48	1837.12	1217.78
-9.42	-18.48	1836.31	1215.7
-9.42	-18.48	1835.5	1215.87
-9.42	-18.48	1834.69	1218.49
-9.42	-18.48	1833.88	1219.47
-9.42	-18.48	1833.06	1222.06
-9.42	-18.48	1832.25	1221.65
-9.42	-18.48	1831.44	1221.97
-9.42	-18.48	1830.63	1223.77
-9.42	-18.48	1829.81	1221.52
-9.42	-18.48	1829.0	1221.92
-9.42	-18.48	1828.19	1220.42
-9.42	-18.48	1827.37	1219.17
-9.42	-18.48	1826.56	1220.52
-9.42	-18.48	1825.75	1224.38
-9.42	-18.48	1824.93	1226.16
-9.42	-18.48	1824.12	1226.51
-9.42	-18.48	1823.3	1220.51
-9.42	-18.48	1822.49	1219.65
-9.42	-18.48	1821.68	1218.55
-9.42	-18.48	1820.86	1218.01
-9.42	-18.48	1820.05	1219.46
-9.42	-18.48	1819.23	1227.61
-9.42	-18.48	1818.42	1231.57
-9.42	-18.48	1817.6	1235.45
-9.42	-18.48	1816.79	1238.12
-9.42	-18.48	1815.97	1241.38
-9.42	-18.48	1815.16	1243.2
-9.42	-18.48	1814.34	1246.42
-9.42	-18.48	1813.53	1253.42
-9.42	-18.48	1812.71	1256.39
-9.42	-18.48	1811.89	1254.96
-9.42	-18.48	1811.08	1258.7
-9.42	-18.48	1810.26	1261.52
-9.42	-18.48	1809.45	1260.53
-9.42	-18.48	1808.63	1260.59
-9.42	-18.48	1807.81	1260.54
-9.42	-18.48	1807.0	1266.04
-9.42	-18.48	1806.18	1270.45
-9.42	-18.48	1805.36	1271.75
-9.42	-18.48	1804.54	1270.67
-9.42	-18.48	1803.73	1270.29
-9.42	-18.48	1802.91	1271.51
-9.42	-18.48	1802.09	1268.54
-9.42	-18.48	1801.27	1270.55
-9.42	-18.48	1800.46	1273.2
-9.42	-18.48	1799.64	1276.8
-9.42	-18.48	1798.82	1274.68
-9.42	-18.48	1798.0	1276.62
-9.42	-18.48	1797.18	1280.76
-9.42	-18.48	1796.37	1286.17
-9.42	-18.48	1795.55	1290.07
-9.42	-18.48	1794.73	1294.09
-9.42	-18.48	1793.91	1294.7
-9.42	-18.48	1793.09	1297.52
-9.42	-18.48	1792.27	1301.37
-9.42	-18.48	1791.45	1305.53
-9.42	-18.48	1790.63	1305.46
-9.42	-18.48	1789.81	1307.55
-9.42	-18.48	1788.99	1310.94
-9.42	-18.48	1788.17	1313.32
-9.42	-18.48	1787.35	1317.27
-9.42	-18.48	1786.53	1317.3
-9.42	-18.48	1785.71	1320.91
-9.42	-18.48	1784.89	1321.36
-9.42	-18.48	1784.07	1321.2
-9.42	-18.48	1783.25	1324.26
-9.42	-18.48	1782.43	1329.28
-9.42	-18.48	1781.61	1334.66
-9.42	-18.48	1780.79	1330.69
-9.42	-18.48	1779.97	1329.12
-9.42	-18.48	1779.14	1324.92
-9.42	-18.48	1778.32	1326.29
-9.42	-18.48	1777.5	1330.99
-9.42	-18.48	1776.68	1341.04
-9.42	-18.48	1775.86	1347.24
-9.42	-18.48	1775.03	1353.31
-9.42	-18.48	1774.21	1355.55
-9.42	-18.48	1773.39	1363.71
-9.42	-18.48	1772.57	1368.86
-9.42	-18.48	1771.74	1370.65
-9.42	-18.48	1770.92	1374.2
-9.42	-18.48	1770.1	1381.76
-9.42	-18.48	1769.28	1388.36
-9.42	-18.48	1768.45	1392.46
-9.42	-18.48	1767.63	1394.77
-9.42	-18.48	1766.81	1397.04
-9.42	-18.48	1765.98	1396.07
-9.42	-18.48	1765.16	1401.38
-9.42	-18.48	1764.33	1402.24
-9.42	-18.48	1763.51	1403.16
-9.42	-18.48	1762.69	1403.84
-9.42	-18.48	1761.86	1404.25
-9.42	-18.48	1761.04	1404.61
-9.42	-18.48	1760.21	1399.03
-9.42	-18.48	1759.39	1398.09
-9.42	-18.48	1758.56	1396.73
-9.42	-18.48	1757.74	1395.35
-9.42	-18.48	1756.91	1393.73
-9.42	-18.48	1756.09	1390.58
-9.42	-18.48	1755.26	1393.96
-9.42	-18.48	1754.44	1397.33
-9.42	-18.48	1753.61	1403.9
-9.42	-18.48	1752.78	1408.82
-9.42	-18.48	1751.96	1415.37
-9.42	-18.48	1751.13	1416.07
-9.42	-18.48	1750.31	1417.8
-9.42	-18.48	1749.48	1420.91
-9.42	-18.48	1748.65	1421.93
-9.42	-18.48	1747.83	1422.93
-9.42	-18.48	1747.0	1421.86
-9.42	-18.48	1746.17	1425.72
-9.42	-18.48	1745.34	1431.51
-9.42	-18.48	1744.52	1435.66
-9.42	-18.48	1743.69	1440.19
-9.42	-18.48	1742.86	1444.75
-9.42	-18.48	1742.03	1451.14
-9.42	-18.48	1741.21	1453.01
-9.42	-18.48	1740.38	1466.24
-9.42	-18.48	1739.55	1475.56
-9.42	-18.48	1738.72	1489.48
-9.42	-18.48	1737.89	1496.75
-9.42	-18.48	1737.07	1506.33
-9.42	-18.48	1736.24	1516.32
-9.42	-18.48	1735.41	1520.75
-9.42	-18.48	1734.58	1529.2
-9.42	-18.48	1733.75	1540.34
-9.42	-18.48	1732.92	1554.83
-9.42	-18.48	1732.09	1568.83
-9.42	-18.48	1731.26	1577.94
-9.42	-18.48	1730.43	1588.55
-9.42	-18.48	1729.6	1599.88
-9.42	-18.48	1728.77	1603.59
-9.42	-18.48	1727.94	1612.71
-9.42	-18.48	1727.11	1616.31
-9.42	-18.48	1726.28	1615.37
-9.42	-18.48	1725.45	1622.94
-9.42	-18.48	1724.62	1627.12
-9.42	-18.48	1723.79	1623.67
-9.42	-18.48	1722.96	1622.85
-9.42	-18.48	1722.13	1623.66
-9.42	-18.48	1721.3	1627.67
-9.42	-18.48	1720.46	1630.08
-9.42	-18.48	1719.63	1628.93
-9.42	-18.48	1718.8	1627.33
-9.42	-18.48	1717.97	1632.99
-9.42	-18.48	1717.14	1638.28
-9.42	-18.48	1716.3	1639.54
-9.42	-18.48	1715.47	1640.43
-9.42	-18.48	1714.64	1643.48
-9.42	-18.48	1713.81	1643.81
-9.42	-18.48	1712.97	1642.96
-9.42	-18.48	1712.14	1649.45
-9.42	-18.48	1711.31	1653.17
-9.42	-18.48	1710.48	1655.58
-9.42	-18.48	1709.64	1663.18
-9.42	-18.48	1708.81	1671.03
-9.42	-18.48	1707.98	1677.88
-9.42	-18.48	1707.14	1681.76
-9.42	-18.48	1706.31	1683.37
-9.42	-18.48	1705.47	1685.33
-9.42	-18.48	1704.64	1692.8
-9.42	-18.48	1703.81	1700.67
-9.42	-18.48	1702.97	1709.36
-9.42	-18.48	1702.14	1712.64
-9.42	-18.48	1701.3	1717.21
-9.42	-18.48	1700.47	1722.53
-9.42	-18.48	1699.63	1719.46
-9.42	-18.48	1698.8	1728.63
-9.42	-18.48	1697.96	1732.04
-9.42	-18.48	1697.13	1744.96
-9.42	-18.48	1696.29	1749.96
-9.42	-18.48	1695.46	1759.86
-9.42	-18.48	1694.62	1763.56
-9.42	-18.48	1693.78	1768.04
-9.42	-18.48	1692.95	1776.36
-9.42	-18.48	1692.11	1778.61
-9.42	-18.48	1691.28	1784.96
-9.42	-18.48	1690.44	1790.03
-9.42	-18.48	1689.6	1798.41
-9.42	-18.48	1688.77	1801.12
-9.42	-18.48	1687.93	1809.66
-9.42	-18.48	1687.09	1819.4
-9.42	-18.48	1686.25	1821.65
-9.42	-18.48	1685.42	1833.0
-9.42	-18.48	1684.58	1843.11
-9.42	-18.48	1683.74	1852.56
-9.42	-18.48	1682.9	1856.71
-9.42	-18.48	1682.07	1861.43
-9.42	-18.48	1681.23	1867.55
-9.42	-18.48	1680.39	1880.65
-9.42	-18.48	1679.55	1892.82
-9.42	-18.48	1678.71	1901.95
-9.42	-18.48	1677.87	1912.46
-9.42	-18.48	1677.04	1918.67
-9.42	-18.48	1676.2	1929.3
-9.42	-18.48	1675.36	1938.04
-9.42	-18.48	1674.52	1945.69
-9.42	-18.48	1673.68	1963.44
-9.42	-18.48	1672.84	1970.26
-9.42	-18.48	1672.0	1985.9
-9.42	-18.48	1671.16	1990.69
-9.42	-18.48	1670.32	1999.86
-9.42	-18.48	1669.48	2005.88
-9.42	-18.48	1668.64	2019.06
-9.42	-18.48	1667.8	2030.79
-9.42	-18.48	1666.96	2045.57
-9.42	-18.48	1666.12	2063.7
-9.42	-18.48	1665.28	2072.18
-9.42	-18.48	1664.44	2089.6
-9.42	-18.48	1663.6	2099.27
-9.42	-18.48	1662.75	2115.16
-9.42	-18.48	1661.91	2129.79
-9.42	-18.48	1661.07	2147.85
-9.42	-18.48	1660.23	2169.1
-9.42	-18.48	1659.39	2184.45
-9.42	-18.48	1658.55	2197.91
-9.42	-18.48	1657.7	2218.46
-9.42	-18.48	1656.86	2237.99
-9.42	-18.48	1656.02	2257.46
-9.42	-18.48	1655.18	2281.07
-9.42	-18.48	1654.33	2297.52
-9.42	-18.48	1653.49	2319.22
-9.42	-18.48	1652.65	2337.53
-9.42	-18.48	1651.81	2351.34
-9.42	-18.48	1650.96	2367.12
-9.42	-18.48	1650.12	2381.4
-9.42	-18.48	1649.28	2398.44
-9.42	-18.48	1648.43	2420.77
-9.42	-18.48	1647.59	2431.73
-9.42	-18.48	1646.74	2451.57
-9.42	-18.48	1645.9	2461.56
-9.42	-18.48	1645.06	2484.44
-9.42	-18.48	1644.21	2512.39
-9.42	-18.48	1643.37	2542.4
-9.42	-18.48	1642.52	2566.78
-9.42	-18.48	1641.68	2604.3
-9.42	-18.48	1640.83	2639.31
-9.42	-18.48	1639.99	2678.71
-9.42	-18.48	1639.14	2710.92
-9.42	-18.48	1638.3	2743.13
-9.42	-18.48	1637.45	2785.38
-9.42	-18.48	1636.61	2832.29
-9.42	-18.48	1635.76	2881.25
-9.42	-18.48	1634.91	2927.82
-9.42	-18.48	1634.07	2980.98
-9.42	-18.48	1633.22	3036.77
-9.42	-18.48	1632.38	3095.26
-9.42	-18.48	1631.53	3142.18
-9.42	-18.48	1630.68	3200.48
-9.42	-18.48	1629.84	3254.89
-9.42	-18.48	1628.99	3311.29
-9.42	-18.48	1628.14	3361.88
-9.42	-18.48	1627.29	3406.92
-9.42	-18.48	1626.45	3455.91
-9.42	-18.48	1625.6	3503.19
-9.42	-18.48	1624.75	3556.37
-9.42	-18.48	1623.9	3596.99
-9.42	-18.48	1623.06	3640.62
-9.42	-18.48	1622.21	3677.65
-9.42	-18.48	1621.36	3718.38
-9.42	-18.48	1620.51	3747.95
-9.42	-18.48	1619.66	3784.06
-9.42	-18.48	1618.81	3816.52
-9.42	-18.48	1617.96	3844.78
-9.42	-18.48	1617.12	3866.33
-9.42	-18.48	1616.27	3885.05
-9.42	-18.48	1615.42	3901.67
-9.42	-18.48	1614.57	3917.98
-9.42	-18.48	1613.72	3932.76
-9.42	-18.48	1612.87	3955.11
-9.42	-18.48	1612.02	3969.41
-9.42	-18.48	1611.17	3992.0
-9.42	-18.48	1610.32	4005.63
-9.42	-18.48	1609.47	4023.0
-9.42	-18.48	1608.62	4043.97
-9.42	-18.48	1607.77	4055.23
-9.42	-18.48	1606.92	4075.97
-9.42	-18.48	1606.06	4094.54
-9.42	-18.48	1605.21	4112.99
-9.42	-18.48	1604.36	4136.6
-9.42	-18.48	1603.51	4166.59
-9.42	-18.48	1602.66	4200.27
-9.42	-18.48	1601.81	4226.89
-9.42	-18.48	1600.96	4253.83
-9.42	-18.48	1600.1	4288.7
-9.42	-18.48	1599.25	4325.23
-9.42	-18.48	1598.4	4352.07
-9.42	-18.48	1597.55	4381.8
-9.42	-18.48	1596.69	4409.39
-9.42	-18.48	1595.84	4435.4
-9.42	-18.48	1594.99	4459.6
-9.42	-18.48	1594.14	4476.54
-9.42	-18.48	1593.28	4485.27
-9.42	-18.48	1592.43	4491.76
-9.42	-18.48	1591.58	4496.08
-9.42	-18.48	1590.72	4498.98
-9.42	-18.48	1589.87	4504.83
-9.42	-18.48	1589.02	4505.5
-9.42	-18.48	1588.16	4512.4
-9.42	-18.48	1587.31	4504.5
-9.42	-18.48	1586.45	4495.12
-9.42	-18.48	1585.6	4494.38
-9.42	-18.48	1584.74	4487.29
-9.42	-18.48	1583.89	4476.52
-9.42	-18.48	1583.03	4465.43
-9.42	-18.48	1582.18	4449.85
-9.42	-18.48	1581.32	4454.48
-9.42	-18.48	1580.47	4452.35
-9.42	-18.48	1579.61	4438.63
-9.42	-18.48	1578.76	4437.14
-9.42	-18.48	1577.9	4441.98
-9.42	-18.48	1577.05	4450.49
-9.42	-18.48	1576.19	4444.06
-9.42	-18.48	1575.33	4441.11
-9.42	-18.48	1574.48	4451.17
-9.42	-18.48	1573.62	4456.35
-9.42	-18.48	1572.76	4464.56
-9.42	-18.48	1571.91	4467.54
-9.42	-18.48	1571.05	4475.12
-9.42	-18.48	1570.19	4474.74
-9.42	-18.48	1569.34	4472.23
-9.42	-18.48	1568.48	4463.26
-9.42	-18.48	1567.62	4457.89
-9.42	-18.48	1566.76	4465.41
-9.42	-18.48	1565.91	4473.45
-9.42	-18.48	1565.05	4471.62
-9.42	-18.48	1564.19	4464.28
-9.42	-18.48	1563.33	4461.15
-9.42	-18.48	1562.47	4469.27
-9.42	-18.48	1561.62	4466.79
-9.42	-18.48	1560.76	4459.24
-9.42	-18.48	1559.9	4456.42
-9.42	-18.48	1559.04	4452.72
-9.42	-18.48	1558.18	4446.3
-9.42	-18.48	1557.32	4441.17
-9.42	-18.48	1556.46	4434.2
-9.42	-18.48	1555.6	4432.89
-9.42	-18.48	1554.74	4416.82
-9.42	-18.48	1553.88	4403.37
-9.42	-18.48	1553.02	4389.44
-9.42	-18.48	1552.16	4384.98
-9.42	-18.48	1551.3	4375.07
-9.42	-18.48	1550.44	4352.78
-9.42	-18.48	1549.58	4335.09
-9.42	-18.48	1548.72	4320.87
-9.42	-18.48	1547.86	4305.66
-9.42	-18.48	1547.0	4292.86
-9.42	-18.48	1546.14	4273.19
-9.42	-18.48	1545.28	4258.08
-9.42	-18.48	1544.41	4238.33
-9.42	-18.48	1543.55	4221.29
-9.42	-18.48	1542.69	4210.42
-9.42	-18.48	1541.83	4198.36
-9.42	-18.48	1540.97	4182.72
-9.42	-18.48	1540.1	4170.1
-9.42	-18.48	1539.24	4153.76
-9.42	-18.48	1538.38	4142.65
-9.42	-18.48	1537.52	4136.03
-9.42	-18.48	1536.65	4136.5
-9.42	-18.48	1535.79	4131.95
-9.42	-18.48	1534.93	4128.31
-9.42	-18.48	1534.06	4121.82
-9.42	-18.48	1533.2	4130.83
-9.42	-18.48	1532.34	4129.11
-9.42	-18.48	1531.47	4132.33
-9.42	-18.48	1530.61	4133.71
-9.42	-18.48	1529.75	4132.9
-9.42	-18.48	1528.88	4128.37
-9.42	-18.48	1528.02	4130.59
-9.42	-18.48	1527.15	4121.69
-9.42	-18.48	1526.29	4116.51
-9.42	-18.48	1525.42	4114.87
-9.42	-18.48	1524.56	4114.71
-9.42	-18.48	1523.69	4110.66
-9.42	-18.48	1522.83	4108.75
-9.42	-18.48	1521.96	4102.63
-9.42	-18.48	1521.1	4101.03
-9.42	-18.48	1520.23	4092.14
-9.42	-18.48	1519.37	4080.83
-9.42	-18.48	1518.5	4063.4
-9.42	-18.48	1517.63	4050.74
-9.42	-18.48	1516.77	4042.02
-9.42	-18.48	1515.9	4019.05
-9.42	-18.48	1515.03	4008.56
-9.42	-18.48	1514.17	4000.43
-9.42	-18.48	1513.3	3991.49
-9.42	-18.48	1512.43	3985.1
-9.42	-18.48	1511.57	3976.4
-9.42	-18.48	1510.7	3977.88
-9.42	-18.48	1509.83	3983.82
-9.42	-18.48	1508.96	3987.45
-9.42	-18.48	1508.1	3998.35
-9.42	-18.48	1507.23	4018.5
-9.42	-18.48	1506.36	4031.41
-9.42	-18.48	1505.49	4053.6
-9.42	-18.48	1504.62	4065.63
-9.42	-18.48	1503.76	4086.51
-9.42	-18.48	1502.89	4122.6
-9.42	-18.48	1502.02	4165.73
-9.42	-18.48	1501.15	4204.63
-9.42	-18.48	1500.28	4244.9
-9.42	-18.48	1499.41	4297.02
-9.42	-18.48	1498.54	4356.48
-9.42	-18.48	1497.67	4409.81
-9.42	-18.48	1496.8	4458.55
-9.42	-18.48	1495.93	4504.87
-9.42	-18.48	1495.06	4555.54
-9.42	-18.48	1494.19	4597.91
-9.42	-18.48	1493.32	4636.03
-9.42	-18.48	1492.45	4672.61
-9.42	-18.48	1491.58	4706.76
-9.42	-18.48	1490.71	4732.26
-9.42	-18.48	1489.84	4737.06
-9.42	-18.48	1488.97	4746.69
-9.42	-18.48	1488.1	4746.46
-9.42	-18.48	1487.23	4745.16
-9.42	-18.48	1486.35	4727.61
-9.42	-18.48	1485.48	4700.05
-9.42	-18.48	1484.61	4673.43
-9.42	-18.48	1483.74	4642.46
-9.42	-18.48	1482.87	4604.26
-9.42	-18.48	1481.99	4556.08
-9.42	-18.48	1481.12	4508.17
-9.42	-18.48	1480.25	4460.2
-9.42	-18.48	1479.38	4412.98
-9.42	-18.48	1478.5	4360.64
-9.42	-18.48	1477.63	4314.9
-9.42	-18.48	1476.76	4273.72
-9.42	-18.48	1475.88	4233.23
-9.42	-18.48	1475.01	4188.15
-9.42	-18.48	1474.14	4149.87
-9.42	-18.48	1473.26	4124.57
-9.42	-18.48	1472.39	4103.02
-9.42	-18.48	1471.51	4065.79
-9.42	-18.48	1470.64	4035.65
-9.42	-18.48	1469.77	4022.44
-9.42	-18.48	1468.89	4009.05
-9.42	-18.48	1468.02	3996.94
-9.42	-18.48	1467.14	3979.24
-9.42	-18.48	1466.27	3970.25
-9.42	-18.48	1465.39	3959.16
-9.42	-18.48	1464.52	3942.17
-9.42	-18.48	1463.64	3921.95
-9.42	-18.48	1462.77	3908.3
-9.42	-18.48	1461.89	3897.29
-9.42	-18.48	1461.01	3883.41
-9.42	-18.48	1460.14	3862.76
-9.42	-18.48	1459.26	3852.74
-9.42	-18.48	1458.39	3844.85
-9.42	-18.48	1457.51	3845.51
-9.42	-18.48	1456.63	3837.88
-9.42	-18.48	1455.76	3830.52
-9.42	-18.48	1454.88	3827.83
-9.42	-18.48	1454.0	3821.59
-9.42	-18.48	1453.12	3814.79
-9.42	-18.48	1452.25	3811.84
-9.42	-18.48	1451.37	3809.58
-9.42	-18.48	1450.49	3813.67
-9.42	-18.48	1449.61	3822.2
-9.42	-18.48	1448.74	3823.78
-9.42	-18.48	1447.86	3826.85
-9.42	-18.48	1446.98	3833.11
-9.42	-18.48	1446.1	3832.33
-9.42	-18.48	1445.22	3829.43
-9.42	-18.48	1444.34	3830.6
-9.42	-18.48	1443.46	3834.7
-9.42	-18.48	1442.58	3830.03
-9.42	-18.48	1441.71	3825.95
-9.42	-18.48	1440.83	3819.62
-9.42	-18.48	1439.95	3821.77
-9.42	-18.48	1439.07	3815.79
-9.42	-18.48	1438.19	3807.13
-9.42	-18.48	1437.31	3798.47
-9.42	-18.48	1436.43	3792.58
-9.42	-18.48	1435.55	3794.79
-9.42	-18.48	1434.67	3792.54
-9.42	-18.48	1433.79	3787.08
-9.42	-18.48	1432.9	3788.15
-9.42	-18.48	1432.02	3789.07
-9.42	-18.48	1431.14	3788.46
-9.42	-18.48	1430.26	3781.44
-9.42	-18.48	1429.38	3782.36
-9.42	-18.48	1428.5	3781.9
-9.42	-18.48	1427.62	3783.37
-9.42	-18.48	1426.74	3782.05
-9.42	-18.48	1425.85	3782.84
-9.42	-18.48	1424.97	3778.95
-9.42	-18.48	1424.09	3782.11
-9.42	-18.48	1423.21	3775.47
-9.42	-18.48	1422.32	3768.48
-9.42	-18.48	1421.44	3766.17
-9.42	-18.48	1420.56	3762.78
-9.42	-18.48	1419.67	3750.43
-9.42	-18.48	1418.79	3739.28
-9.42	-18.48	1417.91	3730.91
-9.42	-18.48	1417.02	3736.27
-9.42	-18.48	1416.14	3724.3
-9.42	-18.48	1415.26	3717.87
-9.42	-18.48	1414.37	3711.13
-9.42	-18.48	1413.49	3711.82
-9.42	-18.48	1412.6	3710.37
-9.42	-18.48	1411.72	3702.45
-9.42	-18.48	1410.84	3704.46
-9.42	-18.48	1409.95	3710.46
-9.42	-18.48	1409.07	3719.48
-9.42	-18.48	1408.18	3722.04
-9.42	-18.48	1407.3	3723.49
-9.42	-18.48	1406.41	3731.28
-9.42	-18.48	1405.52	3740.33
-9.42	-18.48	1404.64	3753.97
-9.42	-18.48	1403.75	3765.13
-9.42	-18.48	1402.87	3775.09
-9.42	-18.48	1401.98	3782.44
-9.42	-18.48	1401.09	3788.83
-9.42	-18.48	1400.21	3791.55
-9.42	-18.48	1399.32	3793.33
-9.42	-18.48	1398.43	3805.89
-9.42	-18.48	1397.55	3813.17
-9.42	-18.48	1396.66	3823.19
-9.42	-18.48	1395.77	3839.88
-9.42	-18.48	1394.89	3855.32
-9.42	-18.48	1394.0	3865.62
-9.42	-18.48	1393.11	3875.1
-9.42	-18.48	1392.22	3884.25
-9.42	-18.48	1391.34	3901.42
-9.42	-18.48	1390.45	3918.21
-9.42	-18.48	1389.56	3922.19
-9.42	-18.48	1388.67	3930.55
-9.42	-18.48	1387.78	3936.63
-9.42	-18.48	1386.89	3947.41
-9.42	-18.48	1386.0	3945.64
-9.42	-18.48	1385.11	3946.56
-9.42	-18.48	1384.23	3957.46
-9.42	-18.48	1383.34	3962.48
-9.42	-18.48	1382.45	3968.41
-9.42	-18.48	1381.56	3973.08
-9.42	-18.48	1380.67	3984.19
-9.42	-18.48	1379.78	3997.91
-9.42	-18.48	1378.89	4012.68
-9.42	-18.48	1378.0	4032.87
-9.42	-18.48	1377.11	4042.01
-9.42	-18.48	1376.22	4058.22
-9.42	-18.48	1375.32	4071.2
-9.42	-18.48	1374.43	4093.47
-9.42	-18.48	1373.54	4108.11
-9.42	-18.48	1372.65	4135.38
-9.42	-18.48	1371.76	4163.44
-9.42	-18.48	1370.87	4182.98
-9.42	-18.48	1369.98	4206.62
-9.42	-18.48	1369.08	4226.13
-9.42	-18.48	1368.19	4246.2
-9.42	-18.48	1367.3	4260.03
-9.42	-18.48	1366.41	4275.2
-9.42	-18.48	1365.52	4292.68
-9.42	-18.48	1364.62	4313.98
-9.42	-18.48	1363.73	4321.61
-9.42	-18.48	1362.84	4322.72
-9.42	-18.48	1361.94	4327.31
-9.42	-18.48	1361.05	4335.7
-9.42	-18.48	1360.16	4336.34
-9.42	-18.48	1359.26	4335.31
-9.42	-18.48	1358.37	4344.51
-9.42	-18.48	1357.48	4356.46
-9.42	-18.48	1356.58	4374.78
-9.42	-18.48	1355.69	4380.24
-9.42	-18.48	1354.79	4398.5
-9.42	-18.48	1353.9	4417.46
-9.42	-18.48	1353.0	4433.62
-9.42	-18.48	1352.11	4451.7
-9.42	-18.48	1351.21	4472.97
-9.42	-18.48	1350.32	4492.39
-9.42	-18.48	1349.42	4513.68
-9.42	-18.48	1348.53	4531.58
-9.42	-18.48	1347.63	4562.49
-9.42	-18.48	1346.74	4580.89
-9.42	-18.48	1345.84	4603.73
-9.42	-18.48	1344.94	4623.32
-9.42	-18.48	1344.05	4643.55
-9.42	-18.48	1343.15	4666.7
-9.42	-18.48	1342.26	4688.42
-9.42	-18.48	1341.36	4709.11
-9.42	-18.48	1340.46	4729.97
-9.42	-18.48	1339.56	4758.91
-9.42	-18.48	1338.67	4784.04
-9.42	-18.48	1337.77	4797.8
-9.42	-18.48	1336.87	4812.65
-9.42	-18.48	1335.97	4831.37
-9.42	-18.48	1335.08	4855.0
-9.42	-18.48	1334.18	4871.97
-9.42	-18.48	1333.28	4876.69
-9.42	-18.48	1332.38	4895.36
-9.42	-18.48	1331.48	4911.27
-9.42	-18.48	1330.59	4941.07
-9.42	-18.48	1329.69	4961.74
-9.42	-18.48	1328.79	4971.34
-9.42	-18.48	1327.89	5000.04
-9.42	-18.48	1326.99	5016.29
-9.42	-18.48	1326.09	5037.5
-9.42	-18.48	1325.19	5056.68
-9.42	-18.48	1324.29	5077.89
-9.42	-18.48	1323.39	5097.55
-9.42	-18.48	1322.49	5122.86
-9.42	-18.48	1321.59	5140.52
-9.42	-18.48	1320.69	5170.62
-9.42	-18.48	1319.79	5197.89
-9.42	-18.48	1318.89	5224.58
-9.42	-18.48	1317.99	5257.14
-9.42	-18.48	1317.09	5279.28
-9.42	-18.48	1316.19	5316.59
-9.42	-18.48	1315.29	5340.26
-9.42	-18.48	1314.38	5376.68
-9.42	-18.48	1313.48	5396.24
-9.42	-18.48	1312.58	5414.42
-9.42	-18.48	1311.68	5413.14
-9.42	-18.48	1310.78	5399.74
-9.42	-18.48	1309.87	5393.64
-9.42	-18.48	1308.97	5383.23
-9.42	-18.48	1308.07	5358.17
-9.42	-18.48	1307.17	5325.86
-9.42	-18.48	1306.26	5284.4
-9.42	-18.48	1305.36	5255.16
-9.42	-18.48	1304.46	5218.5
-9.42	-18.48	1303.55	5181.89
-9.42	-18.48	1302.65	5123.36
-9.42	-18.48	1301.75	5059.5
-9.42	-18.48	1300.84	5005.89
-9.42	-18.48	1299.94	4946.89
-9.42	-18.48	1299.03	4890.38
-9.42	-18.48	1298.13	4827.15
-9.42	-18.48	1297.23	4767.98
-9.42	-18.48	1296.32	4705.02
-9.42	-18.48	1295.42	4645.2
-9.42	-18.48	1294.51	4586.38
-9.42	-18.48	1293.61	4537.46
-9.42	-18.48	1292.7	4483.89
-9.42	-18.48	1291.8	4429.93
-9.42	-18.48	1290.89	4386.81
-9.42	-18.48	1289.98	4337.5
-9.42	-18.48	1289.08	4307.71
-9.42	-18.48	1288.17	4258.57
-9.42	-18.48	1287.27	4224.02
-9.42	-18.48	1286.36	4177.57
-9.42	-18.48	1285.45	4143.88
-9.42	-18.48	1284.55	4100.21
-9.42	-18.48	1283.64	4070.09
-9.42	-18.48	1282.73	4036.48
-9.42	-18.48	1281.83	4008.66
-9.42	-18.48	1280.92	3968.62
-9.42	-18.48	1280.01	3942.21
-9.42	-18.48	1279.1	3920.93
-9.42	-18.48	1278.2	3912.68
-9.42	-18.48	1277.29	3894.03
-9.42	-18.48	1276.38	3871.09
-9.42	-18.48	1275.47	3855.85
-9.42	-18.48	1274.56	3845.1
-9.42	-18.48	1273.65	3845.83
-9.42	-18.48	1272.75	3844.47
-9.42	-18.48	1271.84	3840.61
-9.42	-18.48	1270.93	3837.29
-9.42	-18.48	1270.02	3844.15
-9.42	-18.48	1269.11	3850.06
-9.42	-18.48	1268.2	3859.84
-9.42	-18.48	1267.29	3867.41
-9.42	-18.48	1266.38	3871.99
-9.42	-18.48	1265.47	3880.56
-9.42	-18.48	1264.56	3891.0
-9.42	-18.48	1263.65	3891.95
-9.42	-18.48	1262.74	3895.01
-9.42	-18.48	1261.83	3904.32
-9.42	-18.48	1260.92	3903.61
-9.42	-18.48	1260.01	3906.19
-9.42	-18.48	1259.1	3910.05
-9.42	-18.48	1258.18	3905.12
-9.42	-18.48	1257.27	3896.86
-9.42	-18.48	1256.36	3885.59
-9.42	-18.48	1255.45	3865.52
-9.42	-18.48	1254.54	3860.38
-9.42	-18.48	1253.62	3841.46
-9.42	-18.48	1252.71	3834.65
-9.42	-18.48	1251.8	3823.29
-9.42	-18.48	1250.89	3810.24
-9.42	-18.48	1249.97	3793.62
-9.42	-18.48	1249.06	3784.59
-9.42	-18.48	1248.15	3785.05
-9.42	-18.48	1247.24	3776.31
-9.42	-18.48	1246.32	3786.31
-9.42	-18.48	1245.41	3796.49
-9.42	-18.48	1244.49	3803.36
-9.42	-18.48	1243.58	3817.25
-9.42	-18.48	1242.67	3841.48
-9.42	-18.48	1241.75	3864.3
-9.42	-18.48	1240.84	3883.82
-9.42	-18.48	1239.92	3906.7
-9.42	-18.48	1239.01	3930.15
-9.42	-18.48	1238.09	3955.8
-9.42	-18.48	1237.18	3973.86
-9.42	-18.48	1236.26	3983.12
-9.42	-18.48	1235.35	4007.62
-9.42	-18.48	1234.43	4025.92
-9.42	-18.48	1233.52	4042.09
-9.42	-18.48	1232.6	4043.18
-9.42	-18.48	1231.69	4053.2
-9.42	-18.48	1230.77	4059.82
-9.42	-18.48	1229.85	4057.56
-9.42	-18.48	1228.94	4057.93
-9.42	-18.48	1228.02	4058.77
-9.42	-18.48	1227.1	4056.45
-9.42	-18.48	1226.19	4046.95
-9.42	-18.48	1225.27	4036.27
-9.42	-18.48	1224.35	4020.56
-9.42	-18.48	1223.43	4008.34
-9.42	-18.48	1222.52	4003.93
-9.42	-18.48	1221.6	3991.89
-9.42	-18.48	1220.68	3970.65
-9.42	-18.48	1219.76	3953.86
-9.42	-18.48	1218.84	3946.97
-9.42	-18.48	1217.93	3934.69
-9.42	-18.48	1217.01	3914.87
-9.42	-18.48	1216.09	3902.49
-9.42	-18.48	1215.17	3890.22
-9.42	-18.48	1214.25	3873.2
-9.42	-18.48	1213.33	3849.28
-9.42	-18.48	1212.41	3834.47
-9.42	-18.48	1211.49	3808.59
-9.42	-18.48	1210.57	3786.55
-9.42	-18.48	1209.65	3759.12
-9.42	-18.48	1208.73	3737.77
-9.42	-18.48	1207.81	3730.36
-9.42	-18.48	1206.89	3704.63
-9.42	-18.48	1205.97	3681.53
-9.42	-18.48	1205.05	3658.28
-9.42	-18.48	1204.13	3650.27
-9.42	-18.48	1203.21	3633.67
-9.42	-18.48	1202.29	3615.3
-9.42	-18.48	1201.37	3605.2
-9.42	-18.48	1200.45	3593.12
-9.42	-18.48	1199.52	3574.24
-9.42	-18.48	1198.6	3558.25
-9.42	-18.48	1197.68	3545.9
-9.42	-18.48	1196.76	3534.92
-9.42	-18.48	1195.84	3527.87
-9.42	-18.48	1194.91	3518.83
-9.42	-18.48	1193.99	3495.33
-9.42	-18.48	1193.07	3474.94
-9.42	-18.48	1192.14	3468.6
-9.42	-18.48	1191.22	3454.94
-9.42	-18.48	1190.3	3448.15
-9.42	-18.48	1189.37	3431.09
-9.42	-18.48	1188.45	3423.24
-9.42	-18.48	1187.53	3407.44
-9.42	-18.48	1186.6	3398.56
-9.42	-18.48	1185.68	3379.41
-9.42	-18.48	1184.76	3367.86
-9.42	-18.48	1183.83	3350.37
-9.42	-18.48	1182.91	3342.24
-9.42	-18.48	1181.98	3332.2
-9.42	-18.48	1181.06	3322.87
-9.42	-18.48	1180.13	3309.88
-9.42	-18.48	1179.21	3288.99
-9.42	-18.48	1178.28	3284.84
-9.42	-18.48	1177.36	3277.77
-9.42	-18.48	1176.43	3266.18
-9.42	-18.48	1175.5	3268.99
-9.42	-18.48	1174.58	3282.07
-9.42	-18.48	1173.65	3288.62
-9.42	-18.48	1172.72	3305.71
-9.42	-18.48	1171.8	3325.15
-9.42	-18.48	1170.87	3355.24
-9.42	-18.48	1169.94	3385.44
-9.42	-18.48	1169.02	3404.73
-9.42	-18.48	1168.09	3428.41
-9.42	-18.48	1167.16	3454.82
-9.42	-18.48	1166.24	3480.7
-9.42	-18.48	1165.31	3504.93
-9.42	-18.48	1164.38	3534.44
-9.42	-18.48	1163.45	3554.14
-9.42	-18.48	1162.52	3571.6
-9.42	-18.48	1161.6	3579.01
-9.42	-18.48	1160.67	3586.52
-9.42	-18.48	1159.74	3587.33
-9.42	-18.48	1158.81	3585.98
-9.42	-18.48	1157.88	3567.25
-9.42	-18.48	1156.95	3555.87
-9.42	-18.48	1156.02	3538.06
-9.42	-18.48	1155.09	3512.11
-9.42	-18.48	1154.16	3475.35
-9.42	-18.48	1153.23	3444.16
-9.42	-18.48	1152.3	3412.02
-9.42	-18.48	1151.37	3379.78
-9.42	-18.48	1150.44	3351.77
-9.42	-18.48	1149.51	3323.71
-9.42	-18.48	1148.58	3297.16
-9.42	-18.48	1147.65	3283.17
-9.42	-18.48	1146.72	3260.64
-9.42	-18.48	1145.79	3247.55
-9.42	-18.48	1144.86	3245.39
-9.42	-18.48	1143.92	3239.24
-9.42	-18.48	1142.99	3237.43
-9.42	-18.48	1142.06	3240.86
-9.42	-18.48	1141.13	3241.81
-9.42	-18.48	1140.2	3255.23
-9.42	-18.48	1139.26	3270.22
-9.42	-18.48	1138.33	3276.52
-9.42	-18.48	1137.4	3288.27
-9.42	-18.48	1136.47	3300.9
-9.42	-18.48	1135.53	3298.25
-9.42	-18.48	1134.6	3292.16
-9.42	-18.48	1133.67	3289.31
-9.42	-18.48	1132.73	3277.16
-9.42	-18.48	1131.8	3258.28
-9.42	-18.48	1130.87	3241.13
-9.42	-18.48	1129.93	3217.71
-9.42	-18.48	1129.0	3192.77
-9.42	-18.48	1128.06	3169.2
-9.42	-18.48	1127.13	3141.18
-9.42	-18.48	1126.19	3112.58
-9.42	-18.48	1125.26	3086.7
-9.42	-18.48	1124.32	3050.59
-9.42	-18.48	1123.39	3018.02
-9.42	-18.48	1122.45	2986.61
-9.42	-18.48	1121.52	2954.2
-9.42	-18.48	1120.58	2914.95
-9.42	-18.48	1119.65	2886.66
-9.42	-18.48	1118.71	2858.08
-9.42	-18.48	1117.78	2836.66
-9.42	-18.48	1116.84	2808.67
-9.42	-18.48	1115.9	2784.21
-9.42	-18.48	1114.97	2764.25
-9.42	-18.48	1114.03	2749.19
-9.42	-18.48	1113.09	2729.15
-9.42	-18.48	1112.15	2724.2
-9.42	-18.48	1111.22	2716.92
-9.42	-18.48	1110.28	2707.23
-9.42	-18.48	1109.34	2704.99
-9.42	-18.48	1108.4	2691.72
-9.42	-18.48	1107.47	2675.46
-9.42	-18.48	1106.53	2662.42
-9.42	-18.48	1105.59	2655.8
-9.42	-18.48	1104.65	2638.52
-9.42	-18.48	1103.71	2631.85
-9.42	-18.48	1102.77	2628.39
-9.42	-18.48	1101.83	2616.03
-9.42	-18.48	1100.9	2612.61
-9.42	-18.48	1099.96	2614.24
-9.42	-18.48	1099.02	2605.83
-9.42	-18.48	1098.08	2602.53
-9.42	-18.48	1097.14	2602.55
-9.42	-18.48	1096.2	2607.39
-9.42	-18.48	1095.26	2610.41
-9.42	-18.48	1094.32	2613.07
-9.42	-18.48	1093.38	2615.71
-9.42	-18.48	1092.44	2618.02
-9.42	-18.48	1091.49	2623.31
-9.42	-18.48	1090.55	2627.27
-9.42	-18.48	1089.61	2628.63
-9.42	-18.48	1088.67	2631.13
-9.42	-18.48	1087.73	2638.09
-9.42	-18.48	1086.79	2645.79
-9.42	-18.48	1085.85	2665.37
-9.42	-18.48	1084.9	2680.62
-9.42	-18.48	1083.96	2698.81
-9.42	-18.48	1083.02	2705.74
-9.42	-18.48	1082.08	2721.62
-9.42	-18.48	1081.13	2737.39
-9.42	-18.48	1080.19	2744.13
-9.42	-18.48	1079.25	2754.03
-9.42	-18.48	1078.31	2763.87
-9.42	-18.48	1077.36	2770.86
-9.42	-18.48	1076.42	2768.03
-9.42	-18.48	1075.48	2769.37
-9.42	-18.48	1074.53	2758.98
-9.42	-18.48	1073.59	2750.64
-9.42	-18.48	1072.64	2741.48
-9.42	-18.48	1071.7	2730.79
-9.42	-18.48	1070.75	2713.84
-9.42	-18.48	1069.81	2702.52
-9.42	-18.48	1068.86	2685.04
-9.42	-18.48	1067.92	2669.76
-9.42	-18.48	1066.97	2657.26
-9.42	-18.48	1066.03	2649.22
-9.42	-18.48	1065.08	2635.76
-9.42	-18.48	1064.14	2625.36
-9.42	-18.48	1063.19	2615.49
-9.42	-18.48	1062.25	2608.2
-9.42	-18.48	1061.3	2597.19
-9.42	-18.48	1060.35	2594.13
-9.42	-18.48	1059.41	2594.89
-9.42	-18.48	1058.46	2592.33
-9.42	-18.48	1057.51	2593.91
-9.42	-18.48	1056.57	2591.02
-9.42	-18.48	1055.62	2584.84
-9.42	-18.48	1054.67	2586.43
-9.42	-18.48	1053.72	2595.29
-9.42	-18.48	1052.78	2593.03
-9.42	-18.48	1051.83	2591.19
-9.42	-18.48	1050.88	2592.88
-9.42	-18.48	1049.93	2584.45
-9.42	-18.48	1048.98	2579.38
-9.42	-18.48	1048.03	2572.97
-9.42	-18.48	1047.09	2565.75
-9.42	-18.48	1046.14	2557.61
-9.42	-18.48	1045.19	2557.67
-9.42	-18.48	1044.24	2556.15
-9.42	-18.48	1043.29	2558.18
-9.42	-18.48	1042.34	2555.37
-9.42	-18.48	1041.39	2557.38
-9.42	-18.48	1040.44	2563.24
-9.42	-18.48	1039.49	2572.76
-9.42	-18.48	1038.54	2575.19
-9.42	-18.48	1037.59	2579.7
-9.42	-18.48	1036.64	2582.71
-9.42	-18.48	1035.69	2586.58
-9.42	-18.48	1034.74	2589.18
-9.42	-18.48	1033.79	2592.24
-9.42	-18.48	1032.83	2591.53
-9.42	-18.48	1031.88	2590.37
-9.42	-18.48	1030.93	2591.24
-9.42	-18.48	1029.98	2584.63
-9.42	-18.48	1029.03	2580.5
-9.42	-18.48	1028.07	2572.67
-9.42	-18.48	1027.12	2556.92
-9.42	-18.48	1026.17	2546.5
-9.42	-18.48	1025.22	2533.84
-9.42	-18.48	1024.26	2514.38
-9.42	-18.48	1023.31	2505.1
-9.42	-18.48	1022.36	2494.39
-9.42	-18.48	1021.4	2481.3
-9.42	-18.48	1020.45	2470.57
-9.42	-18.48	1019.5	2465.6
-9.42	-18.48	1018.54	2454.49
-9.42	-18.48	1017.59	2449.77
-9.42	-18.48	1016.64	2447.32
-9.42	-18.48	1015.68	2442.16
-9.42	-18.48	1014.73	2440.97
-9.42	-18.48	1013.77	2444.4
-9.42	-18.48	1012.82	2443.3
-9.42	-18.48	1011.86	2446.36
-9.42	-18.48	1010.91	2450.64
-9.42	-18.48	1009.95	2454.71
-9.42	-18.48	1009.0	2470.09
-9.42	-18.48	1008.04	2483.8
-9.42	-18.48	1007.08	2490.1
-9.42	-18.48	1006.13	2502.8
-9.42	-18.48	1005.17	2516.88
-9.42	-18.48	1004.22	2526.4
-9.42	-18.48	1003.26	2537.02
-9.42	-18.48	1002.3	2554.49
-9.42	-18.48	1001.34	2556.12
-9.42	-18.48	1000.39	2564.18
-9.42	-18.48	999.431	2563.35
-9.42	-18.48	998.4730000000001	2556.72
-9.42	-18.48	997.515	2561.55
-9.42	-18.48	996.558	2562.98
-9.42	-18.48	995.6	2557.81
-9.42	-18.48	994.6410000000001	2562.28
-9.42	-18.48	993.683	2554.68
-9.42	-18.48	992.725	2546.66
-9.42	-18.48	991.7660000000001	2544.88
-9.42	-18.48	990.807	2542.86
-9.42	-18.48	989.8480000000001	2530.62
-9.42	-18.48	988.8889999999999	2527.18
-9.42	-18.48	987.93	2526.49
-9.42	-18.48	986.97	2519.02
-9.42	-18.48	986.01	2520.99
-9.42	-18.48	985.05	2520.31
-9.42	-18.48	984.09	2509.45
-9.42	-18.48	983.13	2507.5
-9.42	-18.48	982.17	2505.05
-9.42	-18.48	981.209	2500.52
-9.42	-18.48	980.248	2497.91
-9.42	-18.48	979.288	2489.63
-9.42	-18.48	978.326	2478.71
-9.42	-18.48	977.365	2476.29
-9.42	-18.48	976.404	2470.54
-9.42	-18.48	975.442	2462.87
-9.42	-18.48	974.48	2459.38
-9.42	-18.48	973.518	2456.03
-9.42	-18.48	972.556	2441.54
-9.42	-18.48	971.5939999999999	2434.69
-9.42	-18.48	970.632	2421.77
-9.42	-18.48	969.669	2417.02
-9.42	-18.48	968.706	2414.79
-9.42	-18.48	967.743	2411.68
-9.42	-18.48	966.78	2410.91
-9.42	-18.48	965.817	2414.7
-9.42	-18.48	964.8530000000001	2414.1
-9.42	-18.48	963.8889999999999	2416.34
-9.42	-18.48	962.926	2420.54
-9.42	-18.48	961.961	2422.11
-9.42	-18.48	960.997	2431.77
-9.42	-18.48	960.033	2439.34
-9.42	-18.48	959.068	2449.6
-9.42	-18.48	958.1039999999999	2455.0
-9.42	-18.48	957.1389999999999	2464.93
-9.42	-18.48	956.174	2466.31
-9.42	-18.48	955.2080000000001	2464.17
-9.42	-18.48	954.243	2464.55
-9.42	-18.48	953.2769999999999	2468.97
-9.42	-18.48	952.312	2470.7
-9.42	-18.48	951.346	2472.16
-9.42	-18.48	950.38	2473.35
-9.42	-18.48	949.413	2471.95
-9.42	-18.48	948.447	2473.25
-9.42	-18.48	947.48	2471.13
-9.42	-18.48	946.513	2464.72
-9.42	-18.48	945.546	2452.84
-9.42	-18.48	944.579	2445.29
-9.42	-18.48	943.612	2435.17
-9.42	-18.48	942.6439999999999	2429.48
-9.42	-18.48	941.677	2426.23
-9.42	-18.48	940.709	2419.98
-9.42	-18.48	939.7410000000001	2410.47
-9.42	-18.48	938.773	2406.74
-9.42	-18.48	937.804	2396.69
-9.42	-18.48	936.836	2387.17
-9.42	-18.48	935.867	2383.66
-9.42	-18.48	934.898	2380.46
-9.42	-18.48	933.929	2379.44
-9.42	-18.48	932.96	2381.63
-9.42	-18.48	931.99	2380.61
-9.42	-18.48	931.0210000000001	2377.84
-9.42	-18.48	930.051	2376.8
-9.42	-18.48	929.081	2371.94
-9.42	-18.48	928.1110000000001	2370.99
-9.42	-18.48	927.1410000000001	2373.4
-9.42	-18.48	926.17	2371.59
-9.42	-18.48	925.199	2378.88
-9.42	-18.48	924.2289999999999	2388.37
-9.42	-18.48	923.258	2395.78
-9.42	-18.48	922.2860000000001	2402.69
-9.42	-18.48	921.315	2406.43
-9.42	-18.48	920.3439999999999	2404.49
-9.42	-18.48	919.372	2410.54
-9.42	-18.48	918.4	2410.41
-9.42	-18.48	917.428	2409.71
-9.42	-18.48	916.456	2409.21
-9.42	-18.48	915.4830000000001	2415.49
-9.42	-18.48	914.5110000000001	2417.73
-9.42	-18.48	913.538	2415.7
-9.42	-18.48	912.565	2412.12
-9.42	-18.48	911.592	2408.46
-9.42	-18.48	910.6189999999999	2406.49
-9.42	-18.48	909.645	2405.68
-9.42	-18.48	908.671	2406.1
-9.42	-18.48	907.698	2411.96
-9.42	-18.48	906.7239999999999	2417.75
-9.42	-18.48	905.75	2418.78
-9.42	-18.48	904.775	2415.44
-9.42	-18.48	903.801	2414.27
-9.42	-18.48	902.826	2412.86
-9.42	-18.48	901.8510000000001	2406.8
-9.42	-18.48	900.8760000000001	2404.1
-9.42	-18.48	899.9010000000001	2404.67
-9.42	-18.48	898.925	2400.6
-9.42	-18.48	897.95	2396.02
-9.42	-18.48	896.9739999999999	2391.76
-9.42	-18.48	895.998	2395.22
-9.42	-18.48	895.0219999999999	2385.2
-9.42	-18.48	894.046	2380.57
-9.42	-18.48	893.069	2371.77
-9.42	-18.48	892.0930000000001	2363.76
-9.42	-18.48	891.1160000000001	2360.37
-9.42	-18.48	890.1389999999999	2356.81
-9.42	-18.48	889.1619999999999	2351.46
-9.42	-18.48	888.184	2345.52
-9.42	-18.48	887.207	2340.38
-9.42	-18.48	886.2289999999999	2329.09
-9.42	-18.48	885.2510000000001	2320.65
-9.42	-18.48	884.273	2313.2
-9.42	-18.48	883.295	2306.71
-9.42	-18.48	882.317	2309.34
-9.42	-18.48	881.3380000000001	2302.92
-9.42	-18.48	880.3589999999999	2302.47
-9.42	-18.48	879.38	2300.38
-9.42	-18.48	878.4010000000001	2300.01
-9.42	-18.48	877.422	2301.91
-9.42	-18.48	876.442	2303.0
-9.42	-18.48	875.4630000000001	2297.27
-9.42	-18.48	874.4830000000001	2300.14
-9.42	-18.48	873.503	2304.64
-9.42	-18.48	872.523	2304.59
-9.42	-18.48	871.5419999999999	2305.45
-9.42	-18.48	870.562	2306.04
-9.42	-18.48	869.581	2303.1
-9.42	-18.48	868.6	2306.83
-9.42	-18.48	867.6189999999999	2308.08
-9.42	-18.48	866.638	2307.28
-9.42	-18.48	865.6569999999999	2309.1
-9.42	-18.48	864.675	2316.93
-9.42	-18.48	863.693	2320.69
-9.42	-18.48	862.711	2331.41
-9.42	-18.48	861.7289999999999	2345.01
-9.42	-18.48	860.747	2356.51
-9.42	-18.48	859.7639999999999	2364.86
-9.42	-18.48	858.7819999999999	2378.65
-9.42	-18.48	857.799	2390.89
-9.42	-18.48	856.816	2397.62
-9.42	-18.48	855.8330000000001	2410.48
-9.42	-18.48	854.8489999999999	2426.79
-9.42	-18.48	853.8660000000001	2440.65
-9.42	-18.48	852.882	2451.23
-9.42	-18.48	851.898	2461.07
-9.42	-18.48	850.914	2481.38
-9.42	-18.48	849.93	2493.54
-9.42	-18.48	848.945	2512.87
-9.42	-18.48	847.961	2530.98
-9.42	-18.48	846.9760000000001	2544.27
-9.42	-18.48	845.9910000000001	2555.62
-9.42	-18.48	845.0060000000001	2574.33
-9.42	-18.48	844.02	2589.29
-9.42	-18.48	843.035	2599.51
-9.42	-18.48	842.049	2610.75
-9.42	-18.48	841.063	2628.74
-9.42	-18.48	840.077	2644.9
-9.42	-18.48	839.091	2659.4
-9.42	-18.48	838.1039999999999	2676.48
-9.42	-18.48	837.118	2691.42
-9.42	-18.48	836.1310000000001	2705.23
-9.42	-18.48	835.1439999999999	2722.09
-9.42	-18.48	834.1569999999999	2740.65
-9.42	-18.48	833.17	2762.42
-9.42	-18.48	832.182	2777.92
-9.42	-18.48	831.195	2792.6
-9.42	-18.48	830.207	2805.34
-9.42	-18.48	829.2189999999999	2822.15
-9.42	-18.48	828.23	2837.88
-9.42	-18.48	827.242	2851.21
-9.42	-18.48	826.253	2864.15
-9.42	-18.48	825.265	2887.45
-9.42	-18.48	824.2760000000001	2907.49
-9.42	-18.48	823.2869999999999	2913.73
-9.42	-18.48	822.297	2932.35
-9.42	-18.48	821.308	2947.45
-9.42	-18.48	820.318	2951.08
-9.42	-18.48	819.328	2957.44
-9.42	-18.48	818.3380000000001	2964.25
-9.42	-18.48	817.3480000000001	2964.18
-9.42	-18.48	816.3580000000001	2960.6
-9.42	-18.48	815.367	2957.68
-9.42	-18.48	814.377	2949.7
-9.42	-18.48	813.3860000000001	2940.78
-9.42	-18.48	812.395	2933.44
-9.42	-18.48	811.403	2917.45
-9.42	-18.48	810.4119999999999	2898.27
-9.42	-18.48	809.42	2875.09
-9.42	-18.48	808.428	2856.12
-9.42	-18.48	807.436	2827.66
-9.42	-18.48	806.444	2802.07
-9.42	-18.48	805.452	2779.44
-9.42	-18.48	804.459	2756.19
-9.42	-18.48	803.467	2727.52
-9.42	-18.48	802.4739999999999	2699.95
-9.42	-18.48	801.4810000000001	2674.51
-9.42	-18.48	800.487	2646.86
-9.42	-18.48	799.4939999999999	2627.41
-9.42	-18.48	798.5	2610.69
-9.42	-18.48	797.507	2593.35
-9.42	-18.48	796.513	2577.43
-9.42	-18.48	795.518	2569.99
-9.42	-18.48	794.5239999999999	2552.79
-9.42	-18.48	793.529	2530.76
-9.42	-18.48	792.535	2520.95
-9.42	-18.48	791.54	2508.94
-9.42	-18.48	790.545	2496.78
-9.42	-18.48	789.55	2490.84
-9.42	-18.48	788.554	2486.3
-9.42	-18.48	787.559	2477.76
-9.42	-18.48	786.563	2470.1
-9.42	-18.48	785.567	2463.94
-9.42	-18.48	784.571	2459.94
-9.42	-18.48	783.574	2467.68
-9.42	-18.48	782.578	2473.44
-9.42	-18.48	781.581	2476.17
-9.42	-18.48	780.584	2492.47
-9.42	-18.48	779.587	2505.42
-9.42	-18.48	778.59	2521.91
-9.42	-18.48	777.592	2529.07
-9.42	-18.48	776.595	2546.83
-9.42	-18.48	775.597	2559.37
-9.42	-18.48	774.5989999999999	2570.69
-9.42	-18.48	773.6010000000001	2574.65
-9.42	-18.48	772.602	2586.23
-9.42	-18.48	771.6039999999999	2593.96
-9.42	-18.48	770.605	2595.26
-9.42	-18.48	769.6060000000001	2610.89
-9.42	-18.48	768.607	2612.12
-9.42	-18.48	767.6080000000001	2612.85
-9.42	-18.48	766.6089999999999	2610.31
-9.42	-18.48	765.6089999999999	2611.89
-9.42	-18.48	764.6089999999999	2604.88
-9.42	-18.48	763.6089999999999	2599.72
-9.42	-18.48	762.6089999999999	2596.69
-9.42	-18.48	761.6089999999999	2591.74
-9.42	-18.48	760.6080000000001	2586.35
-9.42	-18.48	759.607	2582.01
-9.42	-18.48	758.607	2577.22
-9.42	-18.48	757.605	2576.65
-9.42	-18.48	756.6039999999999	2574.61
-9.42	-18.48	755.6030000000001	2577.18
-9.42	-18.48	754.6010000000001	2590.83
-9.42	-18.48	753.5989999999999	2605.86
-9.42	-18.48	752.597	2605.63
-9.42	-18.48	751.595	2613.68
-9.42	-18.48	750.5930000000001	2627.01
-9.42	-18.48	749.59	2624.84
-9.42	-18.48	748.587	2629.82
-9.42	-18.48	747.585	2628.88
-9.42	-18.48	746.581	2632.13
-9.42	-18.48	745.578	2622.46
-9.42	-18.48	744.575	2614.34
-9.42	-18.48	743.571	2608.81
-9.42	-18.48	742.567	2606.09
-9.42	-18.48	741.563	2594.46
-9.42	-18.48	740.559	2585.03
-9.42	-18.48	739.555	2581.46
-9.42	-18.48	738.55	2567.27
-9.42	-18.48	737.545	2555.09
-9.42	-18.48	736.54	2545.57
-9.42	-18.48	735.535	2541.1
-9.42	-18.48	734.53	2532.93
-9.42	-18.48	733.525	2523.39
-9.42	-18.48	732.5189999999999	2520.28
-9.42	-18.48	731.513	2518.85
-9.42	-18.48	730.507	2520.08
-9.42	-18.48	729.5010000000001	2523.01
-9.42	-18.48	728.4939999999999	2531.49
-9.42	-18.48	727.488	2535.85
-9.42	-18.48	726.4810000000001	2539.29
-9.42	-18.48	725.4739999999999	2543.57
-9.42	-18.48	724.467	2548.46
-9.42	-18.48	723.46	2550.74
-9.42	-18.48	722.452	2549.77
-9.42	-18.48	721.444	2555.5
-9.42	-18.48	720.436	2556.47
-9.42	-18.48	719.428	2557.2
-9.42	-18.48	718.42	2559.33
-9.42	-18.48	717.4119999999999	2563.48
-9.42	-18.48	716.403	2567.24
-9.42	-18.48	715.3939999999999	2560.86
-9.42	-18.48	714.385	2564.12
-9.42	-18.48	713.3760000000001	2562.82
-9.42	-18.48	712.367	2560.27
-9.42	-18.48	711.357	2555.76
-9.42	-18.48	710.347	2559.12
-9.42	-18.48	709.3380000000001	2557.04
-9.42	-18.48	708.327	2553.99
-9.42	-18.48	707.317	2550.58
-9.42	-18.48	706.307	2552.56
-9.42	-18.48	705.296	2549.85
-9.42	-18.48	704.285	2540.05
-9.42	-18.48	703.2739999999999	2532.78
-9.42	-18.48	702.263	2536.33
-9.42	-18.48	701.252	2534.68
-9.42	-18.48	700.24	2526.84
-9.42	-18.48	699.2280000000001	2530.97
-9.42	-18.48	698.216	2530.18
-9.42	-18.48	697.204	2523.27
-9.42	-18.48	696.192	2522.92
-9.42	-18.48	695.179	2518.17
-9.42	-18.48	694.1669999999999	2518.54
-9.42	-18.48	693.154	2519.94
-9.42	-18.48	692.1410000000001	2517.04
-9.42	-18.48	691.127	2513.83
-9.42	-18.48	690.1139999999999	2516.5
-9.42	-18.48	689.1	2522.85
-9.42	-18.48	688.086	2529.61
-9.42	-18.48	687.072	2543.82
-9.42	-18.48	686.058	2544.12
-9.42	-18.48	685.044	2547.75
-9.42	-18.48	684.029	2566.93
-9.42	-18.48	683.015	2578.42
-9.42	-18.48	682.0	2586.61
-9.42	-18.48	680.985	2603.91
-9.42	-18.48	679.9689999999999	2624.52
-9.42	-18.48	678.954	2638.3
-9.42	-18.48	677.938	2648.67
-9.42	-18.48	676.922	2662.05
-9.42	-18.48	675.9060000000001	2669.01
-9.42	-18.48	674.89	2671.56
-9.42	-18.48	673.8739999999999	2672.39
-9.42	-18.48	672.857	2678.43
-9.42	-18.48	671.84	2687.83
-9.42	-18.48	670.823	2691.77
-9.42	-18.48	669.806	2691.82
-9.42	-18.48	668.789	2705.19
-9.42	-18.48	667.7710000000001	2705.89
-9.42	-18.48	666.753	2711.06
-9.42	-18.48	665.735	2717.59
-9.42	-18.48	664.717	2722.98
-9.42	-18.48	663.699	2724.75
-9.42	-18.48	662.68	2728.15
-9.42	-18.48	661.6619999999999	2733.97
-9.42	-18.48	660.643	2741.95
-9.42	-18.48	659.6239999999999	2750.23
-9.42	-18.48	658.605	2762.26
-9.42	-18.48	657.585	2779.23
-9.42	-18.48	656.566	2785.69
-9.42	-18.48	655.546	2792.23
-9.42	-18.48	654.526	2808.93
-9.42	-18.48	653.506	2816.69
-9.42	-18.48	652.485	2813.45
-9.42	-18.48	651.465	2818.2
-9.42	-18.48	650.444	2831.15
-9.42	-18.48	649.423	2839.72
-9.42	-18.48	648.4019999999999	2840.98
-9.42	-18.48	647.381	2850.59
-9.42	-18.48	646.359	2861.24
-9.42	-18.48	645.3380000000001	2868.86
-9.42	-18.48	644.316	2884.35
-9.42	-18.48	643.294	2901.13
-9.42	-18.48	642.271	2915.28
-9.42	-18.48	641.249	2919.84
-9.42	-18.48	640.226	2927.44
-9.42	-18.48	639.2040000000001	2938.47
-9.42	-18.48	638.181	2950.85
-9.42	-18.48	637.1569999999999	2959.45
-9.42	-18.48	636.134	2969.64
-9.42	-18.48	635.11	2975.39
-9.42	-18.48	634.087	2981.52
-9.42	-18.48	633.063	2986.42
-9.42	-18.48	632.039	3001.34
-9.42	-18.48	631.014	3013.71
-9.42	-18.48	629.99	3025.2
-9.42	-18.48	628.965	3035.15
-9.42	-18.48	627.94	3046.07
-9.42	-18.48	626.915	3055.94
-9.42	-18.48	625.89	3055.52
-9.42	-18.48	624.864	3058.97
-9.42	-18.48	623.839	3053.33
-9.42	-18.48	622.813	3038.87
-9.42	-18.48	621.7869999999999	3030.87
-9.42	-18.48	620.761	3020.95
-9.42	-18.48	619.734	3002.21
-9.42	-18.48	618.7080000000001	2984.84
-9.42	-18.48	617.681	2966.13
-9.42	-18.48	616.654	2951.89
-9.42	-18.48	615.627	2928.64
-9.42	-18.48	614.599	2908.84
-9.42	-18.48	613.572	2890.76
-9.42	-18.48	612.544	2862.87
-9.42	-18.48	611.516	2828.07
-9.42	-18.48	610.488	2789.82
-9.42	-18.48	609.46	2766.93
-9.42	-18.48	608.431	2737.9
-9.42	-18.48	607.403	2705.51
-9.42	-18.48	606.374	2683.28
-9.42	-18.48	605.345	2664.32
-9.42	-18.48	604.316	2642.11
-9.42	-18.48	603.286	2628.56
-9.42	-18.48	602.257	2618.8
-9.42	-18.48	601.227	2614.2
-9.42	-18.48	600.197	2605.13
-9.42	-18.48	599.1669999999999	2603.89
-9.42	-18.48	598.136	2602.93
-9.42	-18.48	597.106	2604.31
-9.42	-18.48	596.075	2607.09
-9.42	-18.48	595.044	2610.15
-9.42	-18.48	594.013	2617.17
-9.42	-18.48	592.981	2617.89
-9.42	-18.48	591.95	2617.66
-9.42	-18.48	590.918	2619.66
-9.42	-18.48	589.886	2618.17
-9.42	-18.48	588.854	2620.24
-9.42	-18.48	587.822	2623.55
-9.42	-18.48	586.789	2632.04
-9.42	-18.48	585.757	2638.38
-9.42	-18.48	584.724	2648.08
-9.42	-18.48	583.691	2658.28
-9.42	-18.48	582.6569999999999	2676.0
-9.42	-18.48	581.624	2679.13
-9.42	-18.48	580.59	2685.49
-9.42	-18.48	579.557	2691.27
-9.42	-18.48	578.523	2699.37
-9.42	-18.48	577.488	2705.19
-9.42	-18.48	576.4540000000001	2719.0
-9.42	-18.48	575.419	2729.89
-9.42	-18.48	574.385	2735.86
-9.42	-18.48	573.35	2742.9
-9.42	-18.48	572.314	2753.87
-9.42	-18.48	571.279	2754.95
-9.42	-18.48	570.244	2752.7
-9.42	-18.48	569.2080000000001	2753.61
-9.42	-18.48	568.172	2758.68
-9.42	-18.48	567.136	2760.83
-9.42	-18.48	566.099	2766.36
-9.42	-18.48	565.063	2772.67
-9.42	-18.48	564.026	2777.91
-9.42	-18.48	562.989	2782.17
-9.42	-18.48	561.952	2785.28
-9.42	-18.48	560.915	2786.7
-9.42	-18.48	559.877	2788.54
-9.42	-18.48	558.84	2795.82
-9.42	-18.48	557.802	2798.98
-9.42	-18.48	556.764	2802.08
-9.42	-18.48	555.726	2800.18
-9.42	-18.48	554.687	2797.5
-9.42	-18.48	553.649	2800.02
-9.42	-18.48	552.61	2798.95
-9.42	-18.48	551.571	2799.05
-9.42	-18.48	550.5319999999999	2787.86
-9.42	-18.48	549.492	2790.63
-9.42	-18.48	548.453	2788.09
-9.42	-18.48	547.413	2786.89
-9.42	-18.48	546.373	2792.52
-9.42	-18.48	545.3330000000001	2802.95
-9.42	-18.48	544.2919999999999	2802.23
-9.42	-18.48	543.252	2807.44
-9.42	-18.48	542.211	2813.87
-9.42	-18.48	541.17	2812.04
-9.42	-18.48	540.129	2809.87
-9.42	-18.48	539.0880000000001	2821.98
-9.42	-18.48	538.0459999999999	2829.51
-9.42	-18.48	537.004	2831.07
-9.42	-18.48	535.962	2842.72
-9.42	-18.48	534.92	2847.08
-9.42	-18.48	533.878	2848.09
-9.42	-18.48	532.836	2848.86
-9.42	-18.48	531.793	2854.25
-9.42	-18.48	530.75	2856.86
-9.42	-18.48	529.707	2858.31
-9.42	-18.48	528.664	2866.06
-9.42	-18.48	527.62	2875.48
-9.42	-18.48	526.577	2878.79
-9.42	-18.48	525.533	2881.1
-9.42	-18.48	524.489	2883.4
-9.42	-18.48	523.445	2900.79
-9.42	-18.48	522.4	2921.97
-9.42	-18.48	521.355	2935.0
-9.42	-18.48	520.311	2957.29
-9.42	-18.48	519.266	2984.14
-9.42	-18.48	518.22	3009.09
-9.42	-18.48	517.175	3035.42
-9.42	-18.48	516.129	3069.29
-9.42	-18.48	515.0840000000001	3109.89
-9.42	-18.48	514.038	3149.64
-9.42	-18.48	512.992	3191.53
-9.42	-18.48	511.945	3238.98
-9.42	-18.48	510.899	3280.88
-9.42	-18.48	509.852	3330.08
-9.42	-18.48	508.805	3382.67
-9.42	-18.48	507.75800000000004	3428.39
-9.42	-18.48	506.71	3461.67
-9.42	-18.48	505.663	3490.95
-9.42	-18.48	504.615	3512.9
-9.42	-18.48	503.56699999999995	3516.22
-9.42	-18.48	502.519	3524.19
-9.42	-18.48	501.471	3530.76
-9.42	-18.48	500.42199999999997	3529.58
-9.42	-18.48	499.374	3525.88
-9.42	-18.48	498.325	3534.76
-9.42	-18.48	497.276	3539.7
-9.42	-18.48	496.226	3541.48
-9.42	-18.48	495.17699999999996	3540.26
-9.42	-18.48	494.12699999999995	3542.01
-9.42	-18.48	493.077	3540.17
-9.42	-18.48	492.027	3539.17
-9.42	-18.48	490.977	3535.82
-9.42	-18.48	489.926	3521.9
-9.42	-18.48	488.876	3517.17
-9.42	-18.48	487.825	3506.46
-9.42	-18.48	486.774	3493.79
-9.42	-18.48	485.723	3482.3
-9.42	-18.48	484.671	3470.0
-9.42	-18.48	483.619	3468.59
-9.42	-18.48	482.56800000000004	3461.17
-9.42	-18.48	481.51599999999996	3455.77
-9.42	-18.48	480.463	3448.82
-9.42	-18.48	479.411	3433.39
-9.42	-18.48	478.358	3425.39
-9.42	-18.48	477.305	3409.88
-9.42	-18.48	476.25199999999995	3395.02
-9.42	-18.48	475.199	3380.07
-9.42	-18.48	474.14599999999996	3357.97
-9.42	-18.48	473.092	3334.72
-9.42	-18.48	472.038	3315.42
-9.42	-18.48	470.98400000000004	3301.25
-9.42	-18.48	469.93	3282.63
-9.42	-18.48	468.876	3272.58
-9.42	-18.48	467.82099999999997	3278.34
-9.42	-18.48	466.76599999999996	3286.14
-9.42	-18.48	465.711	3294.78
-9.42	-18.48	464.656	3301.33
-9.42	-18.48	463.601	3305.57
-9.42	-18.48	462.545	3312.67
-9.42	-18.48	461.49	3316.42
-9.42	-18.48	460.434	3325.39
-9.42	-18.48	459.37699999999995	3329.71
-9.42	-18.48	458.32099999999997	3327.22
-9.42	-18.48	457.264	3337.62
-9.42	-18.48	456.208	3336.57
-9.42	-18.48	455.151	3331.02
-9.42	-18.48	454.094	3325.58
-9.42	-18.48	453.036	3322.1
-9.42	-18.48	451.97900000000004	3319.17
-9.42	-18.48	450.921	3310.51
-9.42	-18.48	449.86300000000006	3303.35
-9.42	-18.48	448.805	3291.92
-9.42	-18.48	447.74699999999996	3276.81
-9.42	-18.48	446.68800000000005	3267.32
-9.42	-18.48	445.629	3263.24
-9.42	-18.48	444.57	3249.55
-9.42	-18.48	443.51099999999997	3238.21
-9.42	-18.48	442.452	3226.61
-9.42	-18.48	441.392	3212.13
-9.42	-18.48	440.333	3194.02
-9.42	-18.48	439.273	3178.61
-9.42	-18.48	438.213	3176.03
-9.42	-18.48	437.152	3171.4
-9.42	-18.48	436.092	3167.59
-9.42	-18.48	435.031	3170.02
-9.42	-18.48	433.97	3181.06
-9.42	-18.48	432.909	3184.77
-9.42	-18.48	431.848	3201.46
-9.42	-18.48	430.786	3226.52
-9.42	-18.48	429.724	3253.21
-9.42	-18.48	428.663	3276.96
-9.42	-18.48	427.6	3300.83
-9.42	-18.48	426.538	3329.49
-9.42	-18.48	425.476	3358.44
-9.42	-18.48	424.413	3381.12
-9.42	-18.48	423.35	3407.89
-9.42	-18.48	422.287	3435.1
-9.42	-18.48	421.224	3463.43
-9.42	-18.48	420.16	3498.25
-9.42	-18.48	419.096	3524.13
-9.42	-18.48	418.033	3545.44
-9.42	-18.48	416.968	3570.23
-9.42	-18.48	415.904	3597.08
-9.42	-18.48	414.84	3618.02
-9.42	-18.48	413.775	3639.52
-9.42	-18.48	412.71	3653.37
-9.42	-18.48	411.645	3669.08
-9.42	-18.48	410.58	3678.42
-9.42	-18.48	409.514	3681.53
-9.42	-18.48	408.44800000000004	3690.35
-9.42	-18.48	407.38300000000004	3690.91
-9.42	-18.48	406.316	3699.07
-9.42	-18.48	405.25	3696.69
-9.42	-18.48	404.184	3705.4
-9.42	-18.48	403.11699999999996	3714.15
-9.42	-18.48	402.05	3721.53
-9.42	-18.48	400.983	3723.1
-9.42	-18.48	399.916	3725.49
-9.42	-18.48	398.848	3729.49
-9.42	-18.48	397.781	3719.67
-9.42	-18.48	396.713	3709.86
-9.42	-18.48	395.645	3697.11
-9.42	-18.48	394.57599999999996	3692.68
-9.42	-18.48	393.50800000000004	3681.89
-9.42	-18.48	392.439	3670.3
-9.42	-18.48	391.37	3664.41
-9.42	-18.48	390.301	3665.0
-9.42	-18.48	389.23199999999997	3663.17
-9.42	-18.48	388.162	3656.91
-9.42	-18.48	387.093	3656.48
-9.42	-18.48	386.023	3658.94
-9.42	-18.48	384.95300000000003	3655.38
-9.42	-18.48	383.88199999999995	3663.93
-9.42	-18.48	382.81199999999995	3667.39
-9.42	-18.48	381.741	3676.31
-9.42	-18.48	380.67	3686.1
-9.42	-18.48	379.599	3705.18
-9.42	-18.48	378.528	3736.79
-9.42	-18.48	377.45599999999996	3776.23
-9.42	-18.48	376.384	3823.15
-9.42	-18.48	375.31300000000005	3863.01
-9.42	-18.48	374.24	3911.59
-9.42	-18.48	373.168	3953.71
-9.42	-18.48	372.096	3992.48
-9.42	-18.48	371.023	4024.91
-9.42	-18.48	369.95	4056.21
-9.42	-18.48	368.87699999999995	4079.35
-9.42	-18.48	367.80400000000003	4093.36
-9.42	-18.48	366.73	4102.73
-9.42	-18.48	365.656	4097.87
-9.42	-18.48	364.582	4097.75
-9.42	-18.48	363.50800000000004	4097.33
-9.42	-18.48	362.434	4088.03
-9.42	-18.48	361.35900000000004	4068.84
-9.42	-18.48	360.285	4046.78
-9.42	-18.48	359.21	4025.05
-9.42	-18.48	358.135	3996.7
-9.42	-18.48	357.059	3968.01
-9.42	-18.48	355.98400000000004	3932.1
-9.42	-18.48	354.908	3905.78
-9.42	-18.48	353.832	3874.6
-9.42	-18.48	352.756	3851.41
-9.42	-18.48	351.67900000000003	3844.42
-9.42	-18.48	350.603	3828.82
-9.42	-18.48	349.526	3829.05
-9.42	-18.48	348.449	3833.7
-9.42	-18.48	347.37199999999996	3840.11
-9.42	-18.48	346.295	3861.2
-9.42	-18.48	345.217	3888.03
-9.42	-18.48	344.139	3907.15
-9.42	-18.48	343.061	3929.15
-9.42	-18.48	341.983	3949.43
-9.42	-18.48	340.905	3964.6
-9.42	-18.48	339.82599999999996	3988.59
-9.42	-18.48	338.74699999999996	4003.52
-9.42	-18.48	337.668	4024.5
-9.42	-18.48	336.589	4036.88
-9.42	-18.48	335.51	4046.84
-9.42	-18.48	334.43	4061.16
-9.42	-18.48	333.35	4070.4
-9.42	-18.48	332.27	4091.07
-9.42	-18.48	331.19	4102.8
-9.42	-18.48	330.11	4109.26
-9.42	-18.48	329.029	4120.8
-9.42	-18.48	327.94800000000004	4133.7
-9.42	-18.48	326.867	4147.54
-9.42	-18.48	325.786	4164.34
-9.42	-18.48	324.705	4181.55
-9.42	-18.48	323.623	4190.66
-9.42	-18.48	322.541	4209.12
-9.42	-18.48	321.459	4238.11
-9.42	-18.48	320.377	4260.56
-9.42	-18.48	319.29400000000004	4279.52
-9.42	-18.48	318.212	4295.72
-9.42	-18.48	317.129	4320.87
-9.42	-18.48	316.046	4344.45
-9.42	-18.48	314.962	4369.64
-9.42	-18.48	313.879	4412.52
-9.42	-18.48	312.795	4452.74
-9.42	-18.48	311.711	4482.27
-9.42	-18.48	310.627	4515.38
-9.42	-18.48	309.543	4550.58
-9.42	-18.48	308.45799999999997	4581.56
-9.42	-18.48	307.374	4621.99
-9.42	-18.48	306.289	4642.59
-9.42	-18.48	305.204	4683.59
-9.42	-18.48	304.118	4709.2
-9.42	-18.48	303.033	4740.72
-9.42	-18.48	301.947	4765.52
-9.42	-18.48	300.861	4781.63
-9.42	-18.48	299.775	4799.78
-9.42	-18.48	298.689	4810.01
-9.42	-18.48	297.60200000000003	4826.23
-9.42	-18.48	296.515	4833.9
-9.42	-18.48	295.428	4845.53
-9.42	-18.48	294.341	4845.35
-9.42	-18.48	293.254	4843.48
-9.42	-18.48	292.166	4837.77
-9.42	-18.48	291.079	4832.13
-9.42	-18.48	289.991	4821.82
-9.42	-18.48	288.902	4815.7
-9.42	-18.48	287.814	4801.65
-9.42	-18.48	286.725	4794.68
-9.42	-18.48	285.637	4791.07
-9.42	-18.48	284.547	4799.46
-9.42	-18.48	283.45799999999997	4810.1
-9.42	-18.48	282.369	4816.04
-9.42	-18.48	281.279	4825.81
-9.42	-18.48	280.189	4839.57
-9.42	-18.48	279.099	4847.72
-9.42	-18.48	278.009	4857.67
-9.42	-18.48	276.91900000000004	4874.47
-9.42	-18.48	275.828	4892.36
-9.42	-18.48	274.737	4908.34
-9.42	-18.48	273.64599999999996	4923.19
-9.42	-18.48	272.555	4945.1
-9.42	-18.48	271.46299999999997	4961.08
-9.42	-18.48	270.371	4973.91
-9.42	-18.48	269.28	4972.7
-9.42	-18.48	268.187	4973.74
-9.42	-18.48	267.095	4978.19
-9.42	-18.48	266.003	4985.08
-9.42	-18.48	264.91	4985.85
-9.42	-18.48	263.817	4990.39
-9.42	-18.48	262.724	4987.75
-9.42	-18.48	261.63	4985.56
-9.42	-18.48	260.53700000000003	4983.75
-9.42	-18.48	259.443	4970.66
-9.42	-18.48	258.349	4960.85
-9.42	-18.48	257.255	4950.62
-9.42	-18.48	256.16	4943.18
-9.42	-18.48	255.06599999999997	4945.36
-9.42	-18.48	253.97099999999998	4950.1
-9.42	-18.48	252.87599999999998	4948.82
-9.42	-18.48	251.78099999999998	4947.93
-9.42	-18.48	250.685	4944.24
-9.42	-18.48	249.59	4947.75
-9.42	-18.48	248.49400000000003	4941.65
-9.42	-18.48	247.398	4940.68
-9.42	-18.48	246.30200000000002	4945.14
-9.42	-18.48	245.205	4947.35
-9.42	-18.48	244.108	4952.73
-9.42	-18.48	243.012	4959.22
-9.42	-18.48	241.91400000000002	4965.85
-9.42	-18.48	240.817	4970.63
-9.42	-18.48	239.72	4981.34
-9.42	-18.48	238.622	4991.33
-9.42	-18.48	237.524	4984.35
-9.42	-18.48	236.426	4984.13
-9.42	-18.48	235.328	4991.99
-9.42	-18.48	234.229	5015.63
-9.42	-18.48	233.13	5027.89
-9.42	-18.48	232.03099999999998	5036.7
-9.42	-18.48	230.93200000000002	5059.45
-9.42	-18.48	229.833	5066.13
-9.42	-18.48	228.733	5076.74
-9.42	-18.48	227.63299999999998	5090.19
-9.42	-18.48	226.533	5102.68
-9.42	-18.48	225.433	5115.84
-9.42	-18.48	224.333	5131.63
-9.42	-18.48	223.232	5141.82
-9.42	-18.48	222.13099999999997	5156.26
-9.42	-18.48	221.03	5162.44
-9.42	-18.48	219.929	5169.05
-9.42	-18.48	218.827	5170.09
-9.42	-18.48	217.726	5175.56
-9.42	-18.48	216.62400000000002	5179.15
-9.42	-18.48	215.52200000000002	5168.79
-9.42	-18.48	214.419	5172.29
-9.42	-18.48	213.317	5179.51
-9.42	-18.48	212.21400000000003	5180.41
-9.42	-18.48	211.111	5181.64
-9.42	-18.48	210.00799999999998	5186.08
-9.42	-18.48	208.905	5194.86
-9.42	-18.48	207.801	5197.18
-9.42	-18.48	206.697	5204.04
-9.42	-18.48	205.593	5205.42
-9.42	-18.48	204.489	5208.87
-9.42	-18.48	203.385	5221.4
-9.42	-18.48	202.28	5232.32
-9.42	-18.48	201.175	5250.23
-9.42	-18.48	200.07	5250.18
