-9.42	-36.48	1999.92	888.83
-9.42	-36.48	1999.14	888.1089999999999
-9.42	-36.48	1998.35	887.99
-9.42	-36.48	1997.57	892.668
-9.42	-36.48	1996.78	895.447
-9.42	-36.48	1996.0	898.107
-9.42	-36.48	1995.21	898.93
-9.42	-36.48	1994.42	903.71
-9.42	-36.48	1993.64	909.1619999999999
-9.42	-36.48	1992.85	911.221
-9.42	-36.48	1992.07	911.675
-9.42	-36.48	1991.28	909.675
-9.42	-36.48	1990.5	912.84
-9.42	-36.48	1989.71	914.414
-9.42	-36.48	1988.92	910.961
-9.42	-36.48	1988.14	907.066
-9.42	-36.48	1987.35	904.1010000000001
-9.42	-36.48	1986.56	904.2560000000001
-9.42	-36.48	1985.78	908.513
-9.42	-36.48	1984.99	911.9019999999999
-9.42	-36.48	1984.2	909.2389999999999
-9.42	-36.48	1983.42	913.362
-9.42	-36.48	1982.63	920.959
-9.42	-36.48	1981.84	923.3939999999999
-9.42	-36.48	1981.05	928.8380000000001
-9.42	-36.48	1980.27	931.0239999999999
-9.42	-36.48	1979.48	928.425
-9.42	-36.48	1978.69	935.688
-9.42	-36.48	1977.9	940.145
-9.42	-36.48	1977.11	941.982
-9.42	-36.48	1976.33	939.852
-9.42	-36.48	1975.54	940.204
-9.42	-36.48	1974.75	948.65
-9.42	-36.48	1973.96	952.319
-9.42	-36.48	1973.17	954.387
-9.42	-36.48	1972.38	957.7810000000001
-9.42	-36.48	1971.59	963.898
-9.42	-36.48	1970.8	972.954
-9.42	-36.48	1970.01	975.79
-9.42	-36.48	1969.22	972.587
-9.42	-36.48	1968.43	976.043
-9.42	-36.48	1967.64	978.52
-9.42	-36.48	1966.85	986.15
-9.42	-36.48	1966.06	983.446
-9.42	-36.48	1965.27	979.7739999999999
-9.42	-36.48	1964.48	979.1619999999999
-9.42	-36.48	1963.69	979.552
-9.42	-36.48	1962.9	981.357
-9.42	-36.48	1962.11	977.1110000000001
-9.42	-36.48	1961.32	974.937
-9.42	-36.48	1960.53	973.7260000000001
-9.42	-36.48	1959.74	975.118
-9.42	-36.48	1958.95	977.7689999999999
-9.42	-36.48	1958.16	971.547
-9.42	-36.48	1957.37	974.308
-9.42	-36.48	1956.57	975.997
-9.42	-36.48	1955.78	974.596
-9.42	-36.48	1954.99	980.62
-9.42	-36.48	1954.2	979.322
-9.42	-36.48	1953.41	981.0260000000001
-9.42	-36.48	1952.61	984.275
-9.42	-36.48	1951.82	991.2289999999999
-9.42	-36.48	1951.03	990.222
-9.42	-36.48	1950.24	987.795
-9.42	-36.48	1949.44	993.3480000000001
-9.42	-36.48	1948.65	998.7239999999999
-9.42	-36.48	1947.86	1001.69
-9.42	-36.48	1947.06	1005.1
-9.42	-36.48	1946.27	1005.56
-9.42	-36.48	1945.48	1007.22
-9.42	-36.48	1944.68	1011.8
-9.42	-36.48	1943.89	1012.93
-9.42	-36.48	1943.1	1011.46
-9.42	-36.48	1942.3	1009.75
-9.42	-36.48	1941.51	1007.37
-9.42	-36.48	1940.71	1004.7
-9.42	-36.48	1939.92	1003.19
-9.42	-36.48	1939.12	998.676
-9.42	-36.48	1938.33	992.328
-9.42	-36.48	1937.53	994.091
-9.42	-36.48	1936.74	991.305
-9.42	-36.48	1935.94	987.42
-9.42	-36.48	1935.15	989.2769999999999
-9.42	-36.48	1934.35	989.0139999999999
-9.42	-36.48	1933.56	997.155
-9.42	-36.48	1932.76	999.16
-9.42	-36.48	1931.97	994.684
-9.42	-36.48	1931.17	998.1260000000001
-9.42	-36.48	1930.37	1001.12
-9.42	-36.48	1929.58	1004.87
-9.42	-36.48	1928.78	1003.1
-9.42	-36.48	1927.99	1004.03
-9.42	-36.48	1927.19	998.529
-9.42	-36.48	1926.39	1002.18
-9.42	-36.48	1925.6	1003.59
-9.42	-36.48	1924.8	1002.29
-9.42	-36.48	1924.0	1005.36
-9.42	-36.48	1923.2	1008.24
-9.42	-36.48	1922.41	1009.95
-9.42	-36.48	1921.61	1006.88
-9.42	-36.48	1920.81	1007.44
-9.42	-36.48	1920.01	1009.49
-9.42	-36.48	1919.22	1013.62
-9.42	-36.48	1918.42	1020.36
-9.42	-36.48	1917.62	1018.94
-9.42	-36.48	1916.82	1020.6
-9.42	-36.48	1916.02	1023.98
-9.42	-36.48	1915.22	1024.92
-9.42	-36.48	1914.43	1031.21
-9.42	-36.48	1913.63	1032.65
-9.42	-36.48	1912.83	1032.9
-9.42	-36.48	1912.03	1035.55
-9.42	-36.48	1911.23	1039.88
-9.42	-36.48	1910.43	1040.44
-9.42	-36.48	1909.63	1043.82
-9.42	-36.48	1908.83	1037.28
-9.42	-36.48	1908.03	1039.16
-9.42	-36.48	1907.23	1040.33
-9.42	-36.48	1906.43	1040.63
-9.42	-36.48	1905.63	1039.86
-9.42	-36.48	1904.83	1039.59
-9.42	-36.48	1904.03	1043.1
-9.42	-36.48	1903.23	1041.72
-9.42	-36.48	1902.43	1039.23
-9.42	-36.48	1901.63	1038.56
-9.42	-36.48	1900.83	1040.97
-9.42	-36.48	1900.03	1045.93
-9.42	-36.48	1899.23	1044.22
-9.42	-36.48	1898.42	1046.74
-9.42	-36.48	1897.62	1048.38
-9.42	-36.48	1896.82	1051.48
-9.42	-36.48	1896.02	1055.92
-9.42	-36.48	1895.22	1063.2
-9.42	-36.48	1894.41	1060.34
-9.42	-36.48	1893.61	1062.38
-9.42	-36.48	1892.81	1064.01
-9.42	-36.48	1892.01	1067.37
-9.42	-36.48	1891.21	1067.3
-9.42	-36.48	1890.4	1069.71
-9.42	-36.48	1889.6	1069.97
-9.42	-36.48	1888.8	1070.88
-9.42	-36.48	1887.99	1067.35
-9.42	-36.48	1887.19	1065.66
-9.42	-36.48	1886.39	1067.07
-9.42	-36.48	1885.58	1067.79
-9.42	-36.48	1884.78	1067.26
-9.42	-36.48	1883.98	1069.21
-9.42	-36.48	1883.17	1066.85
-9.42	-36.48	1882.37	1071.83
-9.42	-36.48	1881.56	1073.71
-9.42	-36.48	1880.76	1078.5
-9.42	-36.48	1879.95	1082.4
-9.42	-36.48	1879.15	1085.11
-9.42	-36.48	1878.35	1084.1
-9.42	-36.48	1877.54	1094.13
-9.42	-36.48	1876.74	1099.01
-9.42	-36.48	1875.93	1104.5
-9.42	-36.48	1875.13	1110.77
-9.42	-36.48	1874.32	1113.5
-9.42	-36.48	1873.51	1117.63
-9.42	-36.48	1872.71	1113.05
-9.42	-36.48	1871.9	1116.05
-9.42	-36.48	1871.1	1119.94
-9.42	-36.48	1870.29	1120.12
-9.42	-36.48	1869.48	1125.26
-9.42	-36.48	1868.68	1125.88
-9.42	-36.48	1867.87	1128.85
-9.42	-36.48	1867.06	1132.38
-9.42	-36.48	1866.26	1133.71
-9.42	-36.48	1865.45	1135.17
-9.42	-36.48	1864.64	1132.11
-9.42	-36.48	1863.84	1131.86
-9.42	-36.48	1863.03	1133.82
-9.42	-36.48	1862.22	1133.17
-9.42	-36.48	1861.41	1127.91
-9.42	-36.48	1860.61	1129.85
-9.42	-36.48	1859.8	1131.2
-9.42	-36.48	1858.99	1134.59
-9.42	-36.48	1858.18	1130.92
-9.42	-36.48	1857.37	1129.37
-9.42	-36.48	1856.57	1133.02
-9.42	-36.48	1855.76	1141.01
-9.42	-36.48	1854.95	1143.78
-9.42	-36.48	1854.14	1141.03
-9.42	-36.48	1853.33	1145.73
-9.42	-36.48	1852.52	1149.09
-9.42	-36.48	1851.71	1156.53
-9.42	-36.48	1850.9	1158.91
-9.42	-36.48	1850.09	1156.45
-9.42	-36.48	1849.28	1156.03
-9.42	-36.48	1848.47	1153.18
-9.42	-36.48	1847.66	1157.19
-9.42	-36.48	1846.85	1161.84
-9.42	-36.48	1846.04	1159.53
-9.42	-36.48	1845.23	1158.62
-9.42	-36.48	1844.42	1159.49
-9.42	-36.48	1843.61	1160.04
-9.42	-36.48	1842.8	1159.49
-9.42	-36.48	1841.99	1158.28
-9.42	-36.48	1841.18	1165.39
-9.42	-36.48	1840.37	1165.55
-9.42	-36.48	1839.56	1166.0
-9.42	-36.48	1838.75	1162.45
-9.42	-36.48	1837.94	1163.6
-9.42	-36.48	1837.12	1165.52
-9.42	-36.48	1836.31	1169.7
-9.42	-36.48	1835.5	1168.67
-9.42	-36.48	1834.69	1166.4
-9.42	-36.48	1833.88	1169.06
-9.42	-36.48	1833.06	1176.17
-9.42	-36.48	1832.25	1181.3
-9.42	-36.48	1831.44	1187.62
-9.42	-36.48	1830.63	1187.06
-9.42	-36.48	1829.81	1189.02
-9.42	-36.48	1829.0	1198.62
-9.42	-36.48	1828.19	1201.54
-9.42	-36.48	1827.37	1208.47
-9.42	-36.48	1826.56	1208.47
-9.42	-36.48	1825.75	1209.93
-9.42	-36.48	1824.93	1212.17
-9.42	-36.48	1824.12	1214.55
-9.42	-36.48	1823.3	1217.52
-9.42	-36.48	1822.49	1218.52
-9.42	-36.48	1821.68	1214.13
-9.42	-36.48	1820.86	1215.48
-9.42	-36.48	1820.05	1218.47
-9.42	-36.48	1819.23	1219.48
-9.42	-36.48	1818.42	1224.15
-9.42	-36.48	1817.6	1225.91
-9.42	-36.48	1816.79	1228.73
-9.42	-36.48	1815.97	1222.33
-9.42	-36.48	1815.16	1223.36
-9.42	-36.48	1814.34	1223.47
-9.42	-36.48	1813.53	1225.19
-9.42	-36.48	1812.71	1222.85
-9.42	-36.48	1811.89	1221.45
-9.42	-36.48	1811.08	1221.09
-9.42	-36.48	1810.26	1226.45
-9.42	-36.48	1809.45	1227.49
-9.42	-36.48	1808.63	1225.9
-9.42	-36.48	1807.81	1226.86
-9.42	-36.48	1807.0	1230.64
-9.42	-36.48	1806.18	1230.63
-9.42	-36.48	1805.36	1230.17
-9.42	-36.48	1804.54	1233.79
-9.42	-36.48	1803.73	1237.14
-9.42	-36.48	1802.91	1243.55
-9.42	-36.48	1802.09	1241.71
-9.42	-36.48	1801.27	1238.59
-9.42	-36.48	1800.46	1243.33
-9.42	-36.48	1799.64	1244.95
-9.42	-36.48	1798.82	1246.52
-9.42	-36.48	1798.0	1246.11
-9.42	-36.48	1797.18	1250.58
-9.42	-36.48	1796.37	1257.2
-9.42	-36.48	1795.55	1261.84
-9.42	-36.48	1794.73	1262.62
-9.42	-36.48	1793.91	1269.49
-9.42	-36.48	1793.09	1274.91
-9.42	-36.48	1792.27	1278.82
-9.42	-36.48	1791.45	1283.1
-9.42	-36.48	1790.63	1284.9
-9.42	-36.48	1789.81	1287.45
-9.42	-36.48	1788.99	1295.93
-9.42	-36.48	1788.17	1299.55
-9.42	-36.48	1787.35	1302.84
-9.42	-36.48	1786.53	1306.52
-9.42	-36.48	1785.71	1312.99
-9.42	-36.48	1784.89	1317.17
-9.42	-36.48	1784.07	1320.32
-9.42	-36.48	1783.25	1317.74
-9.42	-36.48	1782.43	1323.71
-9.42	-36.48	1781.61	1325.38
-9.42	-36.48	1780.79	1329.54
-9.42	-36.48	1779.97	1330.92
-9.42	-36.48	1779.14	1330.17
-9.42	-36.48	1778.32	1326.87
-9.42	-36.48	1777.5	1330.7
-9.42	-36.48	1776.68	1330.59
-9.42	-36.48	1775.86	1337.88
-9.42	-36.48	1775.03	1333.99
-9.42	-36.48	1774.21	1334.58
-9.42	-36.48	1773.39	1339.54
-9.42	-36.48	1772.57	1342.83
-9.42	-36.48	1771.74	1345.15
-9.42	-36.48	1770.92	1347.74
-9.42	-36.48	1770.1	1354.45
-9.42	-36.48	1769.28	1363.51
-9.42	-36.48	1768.45	1363.37
-9.42	-36.48	1767.63	1363.8
-9.42	-36.48	1766.81	1369.55
-9.42	-36.48	1765.98	1377.05
-9.42	-36.48	1765.16	1387.58
-9.42	-36.48	1764.33	1393.55
-9.42	-36.48	1763.51	1399.22
-9.42	-36.48	1762.69	1406.44
-9.42	-36.48	1761.86	1412.1
-9.42	-36.48	1761.04	1419.08
-9.42	-36.48	1760.21	1423.29
-9.42	-36.48	1759.39	1420.22
-9.42	-36.48	1758.56	1430.78
-9.42	-36.48	1757.74	1445.02
-9.42	-36.48	1756.91	1445.84
-9.42	-36.48	1756.09	1449.66
-9.42	-36.48	1755.26	1453.38
-9.42	-36.48	1754.44	1459.77
-9.42	-36.48	1753.61	1468.57
-9.42	-36.48	1752.78	1473.11
-9.42	-36.48	1751.96	1478.08
-9.42	-36.48	1751.13	1480.05
-9.42	-36.48	1750.31	1480.82
-9.42	-36.48	1749.48	1483.94
-9.42	-36.48	1748.65	1488.55
-9.42	-36.48	1747.83	1494.24
-9.42	-36.48	1747.0	1492.76
-9.42	-36.48	1746.17	1487.91
-9.42	-36.48	1745.34	1487.96
-9.42	-36.48	1744.52	1491.98
-9.42	-36.48	1743.69	1490.39
-9.42	-36.48	1742.86	1493.65
-9.42	-36.48	1742.03	1496.74
-9.42	-36.48	1741.21	1502.47
-9.42	-36.48	1740.38	1502.88
-9.42	-36.48	1739.55	1507.65
-9.42	-36.48	1738.72	1512.4
-9.42	-36.48	1737.89	1513.46
-9.42	-36.48	1737.07	1517.18
-9.42	-36.48	1736.24	1521.01
-9.42	-36.48	1735.41	1522.01
-9.42	-36.48	1734.58	1525.36
-9.42	-36.48	1733.75	1537.77
-9.42	-36.48	1732.92	1539.23
-9.42	-36.48	1732.09	1541.41
-9.42	-36.48	1731.26	1545.27
-9.42	-36.48	1730.43	1546.16
-9.42	-36.48	1729.6	1550.27
-9.42	-36.48	1728.77	1555.26
-9.42	-36.48	1727.94	1554.76
-9.42	-36.48	1727.11	1556.64
-9.42	-36.48	1726.28	1555.18
-9.42	-36.48	1725.45	1559.73
-9.42	-36.48	1724.62	1563.38
-9.42	-36.48	1723.79	1564.74
-9.42	-36.48	1722.96	1563.24
-9.42	-36.48	1722.13	1564.9
-9.42	-36.48	1721.3	1571.05
-9.42	-36.48	1720.46	1578.89
-9.42	-36.48	1719.63	1586.59
-9.42	-36.48	1718.8	1585.16
-9.42	-36.48	1717.97	1594.19
-9.42	-36.48	1717.14	1604.55
-9.42	-36.48	1716.3	1608.54
-9.42	-36.48	1715.47	1618.02
-9.42	-36.48	1714.64	1627.17
-9.42	-36.48	1713.81	1636.18
-9.42	-36.48	1712.97	1644.66
-9.42	-36.48	1712.14	1648.84
-9.42	-36.48	1711.31	1656.84
-9.42	-36.48	1710.48	1666.12
-9.42	-36.48	1709.64	1674.4
-9.42	-36.48	1708.81	1684.19
-9.42	-36.48	1707.98	1692.08
-9.42	-36.48	1707.14	1698.43
-9.42	-36.48	1706.31	1705.41
-9.42	-36.48	1705.47	1710.64
-9.42	-36.48	1704.64	1719.08
-9.42	-36.48	1703.81	1721.78
-9.42	-36.48	1702.97	1724.57
-9.42	-36.48	1702.14	1726.89
-9.42	-36.48	1701.3	1733.95
-9.42	-36.48	1700.47	1739.12
-9.42	-36.48	1699.63	1743.32
-9.42	-36.48	1698.8	1745.06
-9.42	-36.48	1697.96	1751.38
-9.42	-36.48	1697.13	1757.93
-9.42	-36.48	1696.29	1758.17
-9.42	-36.48	1695.46	1763.01
-9.42	-36.48	1694.62	1764.4
-9.42	-36.48	1693.78	1764.72
-9.42	-36.48	1692.95	1771.45
-9.42	-36.48	1692.11	1776.19
-9.42	-36.48	1691.28	1787.62
-9.42	-36.48	1690.44	1795.54
-9.42	-36.48	1689.6	1801.44
-9.42	-36.48	1688.77	1811.85
-9.42	-36.48	1687.93	1817.64
-9.42	-36.48	1687.09	1821.06
-9.42	-36.48	1686.25	1830.21
-9.42	-36.48	1685.42	1839.66
-9.42	-36.48	1684.58	1851.13
-9.42	-36.48	1683.74	1863.41
-9.42	-36.48	1682.9	1870.48
-9.42	-36.48	1682.07	1878.2
-9.42	-36.48	1681.23	1894.45
-9.42	-36.48	1680.39	1901.36
-9.42	-36.48	1679.55	1906.34
-9.42	-36.48	1678.71	1910.0
-9.42	-36.48	1677.87	1923.24
-9.42	-36.48	1677.04	1934.56
-9.42	-36.48	1676.2	1945.49
-9.42	-36.48	1675.36	1950.72
-9.42	-36.48	1674.52	1957.25
-9.42	-36.48	1673.68	1969.2
-9.42	-36.48	1672.84	1982.87
-9.42	-36.48	1672.0	1992.71
-9.42	-36.48	1671.16	2008.18
-9.42	-36.48	1670.32	2029.99
-9.42	-36.48	1669.48	2047.51
-9.42	-36.48	1668.64	2064.18
-9.42	-36.48	1667.8	2087.0
-9.42	-36.48	1666.96	2113.75
-9.42	-36.48	1666.12	2145.3
-9.42	-36.48	1665.28	2162.36
-9.42	-36.48	1664.44	2182.0
-9.42	-36.48	1663.6	2204.94
-9.42	-36.48	1662.75	2229.28
-9.42	-36.48	1661.91	2264.09
-9.42	-36.48	1661.07	2294.19
-9.42	-36.48	1660.23	2330.76
-9.42	-36.48	1659.39	2370.89
-9.42	-36.48	1658.55	2406.41
-9.42	-36.48	1657.7	2443.15
-9.42	-36.48	1656.86	2478.47
-9.42	-36.48	1656.02	2517.74
-9.42	-36.48	1655.18	2552.43
-9.42	-36.48	1654.33	2588.89
-9.42	-36.48	1653.49	2623.45
-9.42	-36.48	1652.65	2662.34
-9.42	-36.48	1651.81	2698.33
-9.42	-36.48	1650.96	2732.8
-9.42	-36.48	1650.12	2762.44
-9.42	-36.48	1649.28	2799.39
-9.42	-36.48	1648.43	2839.22
-9.42	-36.48	1647.59	2880.35
-9.42	-36.48	1646.74	2919.39
-9.42	-36.48	1645.9	2952.06
-9.42	-36.48	1645.06	2980.44
-9.42	-36.48	1644.21	3014.97
-9.42	-36.48	1643.37	3044.12
-9.42	-36.48	1642.52	3077.05
-9.42	-36.48	1641.68	3102.27
-9.42	-36.48	1640.83	3127.37
-9.42	-36.48	1639.99	3155.69
-9.42	-36.48	1639.14	3177.21
-9.42	-36.48	1638.3	3207.73
-9.42	-36.48	1637.45	3230.72
-9.42	-36.48	1636.61	3262.58
-9.42	-36.48	1635.76	3279.16
-9.42	-36.48	1634.91	3294.49
-9.42	-36.48	1634.07	3313.77
-9.42	-36.48	1633.22	3322.66
-9.42	-36.48	1632.38	3330.59
-9.42	-36.48	1631.53	3332.84
-9.42	-36.48	1630.68	3338.92
-9.42	-36.48	1629.84	3343.67
-9.42	-36.48	1628.99	3353.37
-9.42	-36.48	1628.14	3358.96
-9.42	-36.48	1627.29	3363.73
-9.42	-36.48	1626.45	3371.31
-9.42	-36.48	1625.6	3390.02
-9.42	-36.48	1624.75	3402.71
-9.42	-36.48	1623.9	3416.37
-9.42	-36.48	1623.06	3428.92
-9.42	-36.48	1622.21	3459.0
-9.42	-36.48	1621.36	3479.2
-9.42	-36.48	1620.51	3490.85
-9.42	-36.48	1619.66	3508.56
-9.42	-36.48	1618.81	3546.44
-9.42	-36.48	1617.96	3573.3
-9.42	-36.48	1617.12	3604.54
-9.42	-36.48	1616.27	3634.25
-9.42	-36.48	1615.42	3671.99
-9.42	-36.48	1614.57	3716.15
-9.42	-36.48	1613.72	3748.01
-9.42	-36.48	1612.87	3784.25
-9.42	-36.48	1612.02	3814.16
-9.42	-36.48	1611.17	3861.01
-9.42	-36.48	1610.32	3902.83
-9.42	-36.48	1609.47	3939.89
-9.42	-36.48	1608.62	3974.31
-9.42	-36.48	1607.77	4009.3
-9.42	-36.48	1606.92	4041.94
-9.42	-36.48	1606.06	4079.88
-9.42	-36.48	1605.21	4113.96
-9.42	-36.48	1604.36	4145.43
-9.42	-36.48	1603.51	4185.0
-9.42	-36.48	1602.66	4216.4
-9.42	-36.48	1601.81	4235.29
-9.42	-36.48	1600.96	4255.63
-9.42	-36.48	1600.1	4282.79
-9.42	-36.48	1599.25	4299.23
-9.42	-36.48	1598.4	4312.76
-9.42	-36.48	1597.55	4325.53
-9.42	-36.48	1596.69	4338.07
-9.42	-36.48	1595.84	4348.29
-9.42	-36.48	1594.99	4353.19
-9.42	-36.48	1594.14	4356.08
-9.42	-36.48	1593.28	4362.55
-9.42	-36.48	1592.43	4371.46
-9.42	-36.48	1591.58	4386.68
-9.42	-36.48	1590.72	4384.54
-9.42	-36.48	1589.87	4382.76
-9.42	-36.48	1589.02	4387.25
-9.42	-36.48	1588.16	4391.31
-9.42	-36.48	1587.31	4393.0
-9.42	-36.48	1586.45	4388.99
-9.42	-36.48	1585.6	4388.07
-9.42	-36.48	1584.74	4397.38
-9.42	-36.48	1583.89	4389.52
-9.42	-36.48	1583.03	4375.4
-9.42	-36.48	1582.18	4371.06
-9.42	-36.48	1581.32	4369.45
-9.42	-36.48	1580.47	4373.63
-9.42	-36.48	1579.61	4362.65
-9.42	-36.48	1578.76	4350.05
-9.42	-36.48	1577.9	4341.69
-9.42	-36.48	1577.05	4328.81
-9.42	-36.48	1576.19	4312.59
-9.42	-36.48	1575.33	4302.67
-9.42	-36.48	1574.48	4292.09
-9.42	-36.48	1573.62	4295.53
-9.42	-36.48	1572.76	4295.87
-9.42	-36.48	1571.91	4285.24
-9.42	-36.48	1571.05	4281.41
-9.42	-36.48	1570.19	4298.27
-9.42	-36.48	1569.34	4300.66
-9.42	-36.48	1568.48	4299.82
-9.42	-36.48	1567.62	4296.66
-9.42	-36.48	1566.76	4308.59
-9.42	-36.48	1565.91	4314.84
-9.42	-36.48	1565.05	4305.74
-9.42	-36.48	1564.19	4296.79
-9.42	-36.48	1563.33	4295.92
-9.42	-36.48	1562.47	4297.43
-9.42	-36.48	1561.62	4297.13
-9.42	-36.48	1560.76	4278.39
-9.42	-36.48	1559.9	4271.84
-9.42	-36.48	1559.04	4278.48
-9.42	-36.48	1558.18	4271.55
-9.42	-36.48	1557.32	4270.24
-9.42	-36.48	1556.46	4255.6
-9.42	-36.48	1555.6	4256.09
-9.42	-36.48	1554.74	4252.84
-9.42	-36.48	1553.88	4249.45
-9.42	-36.48	1553.02	4232.3
-9.42	-36.48	1552.16	4230.98
-9.42	-36.48	1551.3	4231.29
-9.42	-36.48	1550.44	4238.89
-9.42	-36.48	1549.58	4232.77
-9.42	-36.48	1548.72	4226.11
-9.42	-36.48	1547.86	4237.21
-9.42	-36.48	1547.0	4241.48
-9.42	-36.48	1546.14	4235.63
-9.42	-36.48	1545.28	4227.37
-9.42	-36.48	1544.41	4232.34
-9.42	-36.48	1543.55	4230.79
-9.42	-36.48	1542.69	4218.63
-9.42	-36.48	1541.83	4197.92
-9.42	-36.48	1540.97	4185.54
-9.42	-36.48	1540.1	4170.32
-9.42	-36.48	1539.24	4152.84
-9.42	-36.48	1538.38	4130.89
-9.42	-36.48	1537.52	4112.24
-9.42	-36.48	1536.65	4096.94
-9.42	-36.48	1535.79	4086.71
-9.42	-36.48	1534.93	4065.33
-9.42	-36.48	1534.06	4055.7
-9.42	-36.48	1533.2	4056.73
-9.42	-36.48	1532.34	4062.33
-9.42	-36.48	1531.47	4062.91
-9.42	-36.48	1530.61	4056.21
-9.42	-36.48	1529.75	4077.44
-9.42	-36.48	1528.88	4103.11
-9.42	-36.48	1528.02	4132.65
-9.42	-36.48	1527.15	4158.27
-9.42	-36.48	1526.29	4201.92
-9.42	-36.48	1525.42	4254.59
-9.42	-36.48	1524.56	4314.95
-9.42	-36.48	1523.69	4365.34
-9.42	-36.48	1522.83	4424.86
-9.42	-36.48	1521.96	4492.63
-9.42	-36.48	1521.1	4564.81
-9.42	-36.48	1520.23	4637.65
-9.42	-36.48	1519.37	4697.5
-9.42	-36.48	1518.5	4775.38
-9.42	-36.48	1517.63	4851.69
-9.42	-36.48	1516.77	4921.31
-9.42	-36.48	1515.9	4981.54
-9.42	-36.48	1515.03	5032.26
-9.42	-36.48	1514.17	5089.46
-9.42	-36.48	1513.3	5147.02
-9.42	-36.48	1512.43	5186.63
-9.42	-36.48	1511.57	5217.06
-9.42	-36.48	1510.7	5243.97
-9.42	-36.48	1509.83	5273.88
-9.42	-36.48	1508.96	5283.16
-9.42	-36.48	1508.1	5283.46
-9.42	-36.48	1507.23	5281.09
-9.42	-36.48	1506.36	5268.1
-9.42	-36.48	1505.49	5235.09
-9.42	-36.48	1504.62	5197.07
-9.42	-36.48	1503.76	5155.02
-9.42	-36.48	1502.89	5105.4
-9.42	-36.48	1502.02	5050.51
-9.42	-36.48	1501.15	4982.18
-9.42	-36.48	1500.28	4914.07
-9.42	-36.48	1499.41	4853.79
-9.42	-36.48	1498.54	4792.26
-9.42	-36.48	1497.67	4720.09
-9.42	-36.48	1496.8	4648.3
-9.42	-36.48	1495.93	4589.52
-9.42	-36.48	1495.06	4535.23
-9.42	-36.48	1494.19	4475.41
-9.42	-36.48	1493.32	4410.21
-9.42	-36.48	1492.45	4375.36
-9.42	-36.48	1491.58	4346.41
-9.42	-36.48	1490.71	4318.28
-9.42	-36.48	1489.84	4273.01
-9.42	-36.48	1488.97	4237.22
-9.42	-36.48	1488.1	4228.34
-9.42	-36.48	1487.23	4220.44
-9.42	-36.48	1486.35	4193.45
-9.42	-36.48	1485.48	4182.47
-9.42	-36.48	1484.61	4172.32
-9.42	-36.48	1483.74	4174.64
-9.42	-36.48	1482.87	4165.81
-9.42	-36.48	1481.99	4143.51
-9.42	-36.48	1481.12	4132.59
-9.42	-36.48	1480.25	4125.5
-9.42	-36.48	1479.38	4105.52
-9.42	-36.48	1478.5	4083.01
-9.42	-36.48	1477.63	4064.15
-9.42	-36.48	1476.76	4039.57
-9.42	-36.48	1475.88	4014.19
-9.42	-36.48	1475.01	3981.23
-9.42	-36.48	1474.14	3954.54
-9.42	-36.48	1473.26	3936.82
-9.42	-36.48	1472.39	3924.39
-9.42	-36.48	1471.51	3890.41
-9.42	-36.48	1470.64	3861.91
-9.42	-36.48	1469.77	3839.29
-9.42	-36.48	1468.89	3811.31
-9.42	-36.48	1468.02	3775.22
-9.42	-36.48	1467.14	3755.45
-9.42	-36.48	1466.27	3735.75
-9.42	-36.48	1465.39	3721.42
-9.42	-36.48	1464.52	3698.23
-9.42	-36.48	1463.64	3663.77
-9.42	-36.48	1462.77	3644.19
-9.42	-36.48	1461.89	3638.03
-9.42	-36.48	1461.01	3623.49
-9.42	-36.48	1460.14	3602.67
-9.42	-36.48	1459.26	3595.31
-9.42	-36.48	1458.39	3592.28
-9.42	-36.48	1457.51	3594.05
-9.42	-36.48	1456.63	3586.38
-9.42	-36.48	1455.76	3583.12
-9.42	-36.48	1454.88	3589.28
-9.42	-36.48	1454.0	3601.78
-9.42	-36.48	1453.12	3612.22
-9.42	-36.48	1452.25	3616.22
-9.42	-36.48	1451.37	3627.76
-9.42	-36.48	1450.49	3642.04
-9.42	-36.48	1449.61	3660.11
-9.42	-36.48	1448.74	3677.55
-9.42	-36.48	1447.86	3699.78
-9.42	-36.48	1446.98	3727.95
-9.42	-36.48	1446.1	3753.5
-9.42	-36.48	1445.22	3759.79
-9.42	-36.48	1444.34	3773.11
-9.42	-36.48	1443.46	3793.27
-9.42	-36.48	1442.58	3810.85
-9.42	-36.48	1441.71	3816.8
-9.42	-36.48	1440.83	3829.5
-9.42	-36.48	1439.95	3832.59
-9.42	-36.48	1439.07	3844.94
-9.42	-36.48	1438.19	3843.6
-9.42	-36.48	1437.31	3830.71
-9.42	-36.48	1436.43	3829.3
-9.42	-36.48	1435.55	3832.05
-9.42	-36.48	1434.67	3824.38
-9.42	-36.48	1433.79	3811.06
-9.42	-36.48	1432.9	3808.91
-9.42	-36.48	1432.02	3815.98
-9.42	-36.48	1431.14	3810.03
-9.42	-36.48	1430.26	3801.47
-9.42	-36.48	1429.38	3791.59
-9.42	-36.48	1428.5	3787.3
-9.42	-36.48	1427.62	3789.28
-9.42	-36.48	1426.74	3776.36
-9.42	-36.48	1425.85	3758.96
-9.42	-36.48	1424.97	3748.07
-9.42	-36.48	1424.09	3751.76
-9.42	-36.48	1423.21	3738.26
-9.42	-36.48	1422.32	3726.05
-9.42	-36.48	1421.44	3728.54
-9.42	-36.48	1420.56	3735.13
-9.42	-36.48	1419.67	3736.28
-9.42	-36.48	1418.79	3726.95
-9.42	-36.48	1417.91	3730.79
-9.42	-36.48	1417.02	3746.11
-9.42	-36.48	1416.14	3744.63
-9.42	-36.48	1415.26	3734.84
-9.42	-36.48	1414.37	3735.9
-9.42	-36.48	1413.49	3744.37
-9.42	-36.48	1412.6	3750.74
-9.42	-36.48	1411.72	3744.21
-9.42	-36.48	1410.84	3734.0
-9.42	-36.48	1409.95	3742.94
-9.42	-36.48	1409.07	3742.18
-9.42	-36.48	1408.18	3741.11
-9.42	-36.48	1407.3	3738.03
-9.42	-36.48	1406.41	3750.39
-9.42	-36.48	1405.52	3755.31
-9.42	-36.48	1404.64	3749.45
-9.42	-36.48	1403.75	3732.22
-9.42	-36.48	1402.87	3728.14
-9.42	-36.48	1401.98	3730.07
-9.42	-36.48	1401.09	3720.0
-9.42	-36.48	1400.21	3699.59
-9.42	-36.48	1399.32	3687.32
-9.42	-36.48	1398.43	3679.94
-9.42	-36.48	1397.55	3677.85
-9.42	-36.48	1396.66	3662.65
-9.42	-36.48	1395.77	3655.12
-9.42	-36.48	1394.89	3660.1
-9.42	-36.48	1394.0	3660.92
-9.42	-36.48	1393.11	3647.51
-9.42	-36.48	1392.22	3635.99
-9.42	-36.48	1391.34	3636.28
-9.42	-36.48	1390.45	3644.9
-9.42	-36.48	1389.56	3633.22
-9.42	-36.48	1388.67	3625.07
-9.42	-36.48	1387.78	3629.98
-9.42	-36.48	1386.89	3639.95
-9.42	-36.48	1386.0	3637.04
-9.42	-36.48	1385.11	3634.04
-9.42	-36.48	1384.23	3640.38
-9.42	-36.48	1383.34	3649.98
-9.42	-36.48	1382.45	3657.48
-9.42	-36.48	1381.56	3660.2
-9.42	-36.48	1380.67	3674.88
-9.42	-36.48	1379.78	3692.31
-9.42	-36.48	1378.89	3701.49
-9.42	-36.48	1378.0	3707.76
-9.42	-36.48	1377.11	3712.26
-9.42	-36.48	1376.22	3742.83
-9.42	-36.48	1375.32	3760.07
-9.42	-36.48	1374.43	3766.88
-9.42	-36.48	1373.54	3778.19
-9.42	-36.48	1372.65	3803.8
-9.42	-36.48	1371.76	3827.81
-9.42	-36.48	1370.87	3828.76
-9.42	-36.48	1369.98	3844.16
-9.42	-36.48	1369.08	3863.14
-9.42	-36.48	1368.19	3886.76
-9.42	-36.48	1367.3	3903.3
-9.42	-36.48	1366.41	3902.04
-9.42	-36.48	1365.52	3926.33
-9.42	-36.48	1364.62	3952.21
-9.42	-36.48	1363.73	3977.77
-9.42	-36.48	1362.84	3998.22
-9.42	-36.48	1361.94	4029.88
-9.42	-36.48	1361.05	4073.77
-9.42	-36.48	1360.16	4112.84
-9.42	-36.48	1359.26	4147.83
-9.42	-36.48	1358.37	4189.82
-9.42	-36.48	1357.48	4237.14
-9.42	-36.48	1356.58	4279.54
-9.42	-36.48	1355.69	4321.56
-9.42	-36.48	1354.79	4363.93
-9.42	-36.48	1353.9	4418.15
-9.42	-36.48	1353.0	4464.14
-9.42	-36.48	1352.11	4508.87
-9.42	-36.48	1351.21	4547.46
-9.42	-36.48	1350.32	4588.97
-9.42	-36.48	1349.42	4632.48
-9.42	-36.48	1348.53	4659.02
-9.42	-36.48	1347.63	4688.56
-9.42	-36.48	1346.74	4728.78
-9.42	-36.48	1345.84	4760.45
-9.42	-36.48	1344.94	4777.08
-9.42	-36.48	1344.05	4787.04
-9.42	-36.48	1343.15	4811.84
-9.42	-36.48	1342.26	4825.17
-9.42	-36.48	1341.36	4836.7
-9.42	-36.48	1340.46	4834.36
-9.42	-36.48	1339.56	4832.63
-9.42	-36.48	1338.67	4858.09
-9.42	-36.48	1337.77	4857.69
-9.42	-36.48	1336.87	4856.71
-9.42	-36.48	1335.97	4860.31
-9.42	-36.48	1335.08	4873.72
-9.42	-36.48	1334.18	4879.83
-9.42	-36.48	1333.28	4877.59
-9.42	-36.48	1332.38	4884.79
-9.42	-36.48	1331.48	4903.01
-9.42	-36.48	1330.59	4920.38
-9.42	-36.48	1329.69	4929.32
-9.42	-36.48	1328.79	4943.93
-9.42	-36.48	1327.89	4965.7
-9.42	-36.48	1326.99	4979.41
-9.42	-36.48	1326.09	4994.64
-9.42	-36.48	1325.19	5002.36
-9.42	-36.48	1324.29	5016.53
-9.42	-36.48	1323.39	5040.31
-9.42	-36.48	1322.49	5051.41
-9.42	-36.48	1321.59	5064.25
-9.42	-36.48	1320.69	5091.02
-9.42	-36.48	1319.79	5112.34
-9.42	-36.48	1318.89	5121.88
-9.42	-36.48	1317.99	5125.4
-9.42	-36.48	1317.09	5144.22
-9.42	-36.48	1316.19	5160.32
-9.42	-36.48	1315.29	5170.39
-9.42	-36.48	1314.38	5173.36
-9.42	-36.48	1313.48	5175.7
-9.42	-36.48	1312.58	5184.88
-9.42	-36.48	1311.68	5177.73
-9.42	-36.48	1310.78	5155.5
-9.42	-36.48	1309.87	5151.29
-9.42	-36.48	1308.97	5139.53
-9.42	-36.48	1308.07	5131.63
-9.42	-36.48	1307.17	5108.06
-9.42	-36.48	1306.26	5077.76
-9.42	-36.48	1305.36	5059.69
-9.42	-36.48	1304.46	5034.69
-9.42	-36.48	1303.55	4994.78
-9.42	-36.48	1302.65	4947.97
-9.42	-36.48	1301.75	4912.6
-9.42	-36.48	1300.84	4859.67
-9.42	-36.48	1299.94	4807.74
-9.42	-36.48	1299.03	4750.85
-9.42	-36.48	1298.13	4701.19
-9.42	-36.48	1297.23	4664.13
-9.42	-36.48	1296.32	4611.81
-9.42	-36.48	1295.42	4549.28
-9.42	-36.48	1294.51	4504.67
-9.42	-36.48	1293.61	4463.09
-9.42	-36.48	1292.7	4411.98
-9.42	-36.48	1291.8	4352.77
-9.42	-36.48	1290.89	4315.39
-9.42	-36.48	1289.98	4289.24
-9.42	-36.48	1289.08	4255.15
-9.42	-36.48	1288.17	4222.41
-9.42	-36.48	1287.27	4206.31
-9.42	-36.48	1286.36	4197.03
-9.42	-36.48	1285.45	4173.17
-9.42	-36.48	1284.55	4149.28
-9.42	-36.48	1283.64	4142.31
-9.42	-36.48	1282.73	4141.77
-9.42	-36.48	1281.83	4134.26
-9.42	-36.48	1280.92	4123.39
-9.42	-36.48	1280.01	4108.14
-9.42	-36.48	1279.1	4097.88
-9.42	-36.48	1278.2	4096.22
-9.42	-36.48	1277.29	4080.91
-9.42	-36.48	1276.38	4069.88
-9.42	-36.48	1275.47	4064.89
-9.42	-36.48	1274.56	4054.9
-9.42	-36.48	1273.65	4026.54
-9.42	-36.48	1272.75	4016.35
-9.42	-36.48	1271.84	3999.36
-9.42	-36.48	1270.93	3988.64
-9.42	-36.48	1270.02	3971.37
-9.42	-36.48	1269.11	3942.84
-9.42	-36.48	1268.2	3924.43
-9.42	-36.48	1267.29	3903.93
-9.42	-36.48	1266.38	3867.07
-9.42	-36.48	1265.47	3838.01
-9.42	-36.48	1264.56	3812.77
-9.42	-36.48	1263.65	3795.18
-9.42	-36.48	1262.74	3767.59
-9.42	-36.48	1261.83	3742.02
-9.42	-36.48	1260.92	3725.84
-9.42	-36.48	1260.01	3713.5
-9.42	-36.48	1259.1	3686.36
-9.42	-36.48	1258.18	3657.75
-9.42	-36.48	1257.27	3635.19
-9.42	-36.48	1256.36	3612.38
-9.42	-36.48	1255.45	3593.31
-9.42	-36.48	1254.54	3573.63
-9.42	-36.48	1253.62	3553.95
-9.42	-36.48	1252.71	3547.16
-9.42	-36.48	1251.8	3539.69
-9.42	-36.48	1250.89	3530.96
-9.42	-36.48	1249.97	3524.2
-9.42	-36.48	1249.06	3529.61
-9.42	-36.48	1248.15	3534.6
-9.42	-36.48	1247.24	3526.99
-9.42	-36.48	1246.32	3531.26
-9.42	-36.48	1245.41	3544.72
-9.42	-36.48	1244.49	3543.51
-9.42	-36.48	1243.58	3545.01
-9.42	-36.48	1242.67	3554.92
-9.42	-36.48	1241.75	3565.51
-9.42	-36.48	1240.84	3570.04
-9.42	-36.48	1239.92	3564.63
-9.42	-36.48	1239.01	3567.6
-9.42	-36.48	1238.09	3573.61
-9.42	-36.48	1237.18	3563.37
-9.42	-36.48	1236.26	3549.22
-9.42	-36.48	1235.35	3541.66
-9.42	-36.48	1234.43	3542.8
-9.42	-36.48	1233.52	3541.33
-9.42	-36.48	1232.6	3528.51
-9.42	-36.48	1231.69	3514.63
-9.42	-36.48	1230.77	3512.54
-9.42	-36.48	1229.85	3504.93
-9.42	-36.48	1228.94	3501.63
-9.42	-36.48	1228.02	3512.39
-9.42	-36.48	1227.1	3533.14
-9.42	-36.48	1226.19	3554.23
-9.42	-36.48	1225.27	3563.43
-9.42	-36.48	1224.35	3587.27
-9.42	-36.48	1223.43	3615.65
-9.42	-36.48	1222.52	3640.86
-9.42	-36.48	1221.6	3666.35
-9.42	-36.48	1220.68	3691.03
-9.42	-36.48	1219.76	3714.76
-9.42	-36.48	1218.84	3743.87
-9.42	-36.48	1217.93	3760.3
-9.42	-36.48	1217.01	3782.06
-9.42	-36.48	1216.09	3813.71
-9.42	-36.48	1215.17	3834.77
-9.42	-36.48	1214.25	3838.99
-9.42	-36.48	1213.33	3839.81
-9.42	-36.48	1212.41	3841.26
-9.42	-36.48	1211.49	3844.91
-9.42	-36.48	1210.57	3830.0
-9.42	-36.48	1209.65	3812.99
-9.42	-36.48	1208.73	3804.58
-9.42	-36.48	1207.81	3794.46
-9.42	-36.48	1206.89	3775.54
-9.42	-36.48	1205.97	3751.74
-9.42	-36.48	1205.05	3735.39
-9.42	-36.48	1204.13	3717.62
-9.42	-36.48	1203.21	3697.58
-9.42	-36.48	1202.29	3675.38
-9.42	-36.48	1201.37	3665.73
-9.42	-36.48	1200.45	3658.63
-9.42	-36.48	1199.52	3641.37
-9.42	-36.48	1198.6	3619.49
-9.42	-36.48	1197.68	3598.92
-9.42	-36.48	1196.76	3591.82
-9.42	-36.48	1195.84	3569.51
-9.42	-36.48	1194.91	3541.64
-9.42	-36.48	1193.99	3524.64
-9.42	-36.48	1193.07	3511.25
-9.42	-36.48	1192.14	3490.51
-9.42	-36.48	1191.22	3462.11
-9.42	-36.48	1190.3	3441.72
-9.42	-36.48	1189.37	3425.58
-9.42	-36.48	1188.45	3396.67
-9.42	-36.48	1187.53	3364.59
-9.42	-36.48	1186.6	3342.74
-9.42	-36.48	1185.68	3323.35
-9.42	-36.48	1184.76	3298.61
-9.42	-36.48	1183.83	3275.89
-9.42	-36.48	1182.91	3252.11
-9.42	-36.48	1181.98	3233.03
-9.42	-36.48	1181.06	3212.69
-9.42	-36.48	1180.13	3194.42
-9.42	-36.48	1179.21	3181.44
-9.42	-36.48	1178.28	3174.49
-9.42	-36.48	1177.36	3164.04
-9.42	-36.48	1176.43	3146.83
-9.42	-36.48	1175.5	3147.48
-9.42	-36.48	1174.58	3158.51
-9.42	-36.48	1173.65	3161.74
-9.42	-36.48	1172.72	3157.96
-9.42	-36.48	1171.8	3162.9
-9.42	-36.48	1170.87	3171.24
-9.42	-36.48	1169.94	3166.0
-9.42	-36.48	1169.02	3161.66
-9.42	-36.48	1168.09	3156.2
-9.42	-36.48	1167.16	3152.7
-9.42	-36.48	1166.24	3152.1
-9.42	-36.48	1165.31	3139.83
-9.42	-36.48	1164.38	3125.12
-9.42	-36.48	1163.45	3116.45
-9.42	-36.48	1162.52	3106.45
-9.42	-36.48	1161.6	3085.64
-9.42	-36.48	1160.67	3077.79
-9.42	-36.48	1159.74	3070.67
-9.42	-36.48	1158.81	3061.02
-9.42	-36.48	1157.88	3045.24
-9.42	-36.48	1156.95	3040.6
-9.42	-36.48	1156.02	3040.34
-9.42	-36.48	1155.09	3036.86
-9.42	-36.48	1154.16	3037.45
-9.42	-36.48	1153.23	3039.35
-9.42	-36.48	1152.3	3047.31
-9.42	-36.48	1151.37	3056.28
-9.42	-36.48	1150.44	3059.65
-9.42	-36.48	1149.51	3068.72
-9.42	-36.48	1148.58	3086.59
-9.42	-36.48	1147.65	3109.92
-9.42	-36.48	1146.72	3122.52
-9.42	-36.48	1145.79	3146.06
-9.42	-36.48	1144.86	3169.1
-9.42	-36.48	1143.92	3188.59
-9.42	-36.48	1142.99	3198.16
-9.42	-36.48	1142.06	3211.4
-9.42	-36.48	1141.13	3237.15
-9.42	-36.48	1140.2	3255.7
-9.42	-36.48	1139.26	3266.58
-9.42	-36.48	1138.33	3278.61
-9.42	-36.48	1137.4	3294.91
-9.42	-36.48	1136.47	3305.2
-9.42	-36.48	1135.53	3317.69
-9.42	-36.48	1134.6	3322.27
-9.42	-36.48	1133.67	3334.95
-9.42	-36.48	1132.73	3341.08
-9.42	-36.48	1131.8	3342.62
-9.42	-36.48	1130.87	3347.87
-9.42	-36.48	1129.93	3351.48
-9.42	-36.48	1129.0	3351.43
-9.42	-36.48	1128.06	3349.22
-9.42	-36.48	1127.13	3349.45
-9.42	-36.48	1126.19	3350.75
-9.42	-36.48	1125.26	3342.24
-9.42	-36.48	1124.32	3340.13
-9.42	-36.48	1123.39	3341.14
-9.42	-36.48	1122.45	3335.86
-9.42	-36.48	1121.52	3334.07
-9.42	-36.48	1120.58	3330.83
-9.42	-36.48	1119.65	3330.4
-9.42	-36.48	1118.71	3324.21
-9.42	-36.48	1117.78	3325.27
-9.42	-36.48	1116.84	3303.69
-9.42	-36.48	1115.9	3287.55
-9.42	-36.48	1114.97	3279.28
-9.42	-36.48	1114.03	3260.65
-9.42	-36.48	1113.09	3239.02
-9.42	-36.48	1112.15	3209.74
-9.42	-36.48	1111.22	3180.22
-9.42	-36.48	1110.28	3155.6
-9.42	-36.48	1109.34	3131.1
-9.42	-36.48	1108.4	3095.4
-9.42	-36.48	1107.47	3070.24
-9.42	-36.48	1106.53	3031.59
-9.42	-36.48	1105.59	2995.35
-9.42	-36.48	1104.65	2953.54
-9.42	-36.48	1103.71	2925.77
-9.42	-36.48	1102.77	2900.8
-9.42	-36.48	1101.83	2880.38
-9.42	-36.48	1100.9	2865.54
-9.42	-36.48	1099.96	2868.33
-9.42	-36.48	1099.02	2869.82
-9.42	-36.48	1098.08	2869.56
-9.42	-36.48	1097.14	2878.42
-9.42	-36.48	1096.2	2897.66
-9.42	-36.48	1095.26	2912.49
-9.42	-36.48	1094.32	2921.52
-9.42	-36.48	1093.38	2931.76
-9.42	-36.48	1092.44	2939.85
-9.42	-36.48	1091.49	2944.46
-9.42	-36.48	1090.55	2938.77
-9.42	-36.48	1089.61	2941.56
-9.42	-36.48	1088.67	2933.32
-9.42	-36.48	1087.73	2931.45
-9.42	-36.48	1086.79	2921.69
-9.42	-36.48	1085.85	2906.96
-9.42	-36.48	1084.9	2898.39
-9.42	-36.48	1083.96	2880.34
-9.42	-36.48	1083.02	2864.04
-9.42	-36.48	1082.08	2850.59
-9.42	-36.48	1081.13	2832.29
-9.42	-36.48	1080.19	2804.59
-9.42	-36.48	1079.25	2783.1
-9.42	-36.48	1078.31	2757.28
-9.42	-36.48	1077.36	2741.22
-9.42	-36.48	1076.42	2722.64
-9.42	-36.48	1075.48	2713.83
-9.42	-36.48	1074.53	2713.26
-9.42	-36.48	1073.59	2714.44
-9.42	-36.48	1072.64	2708.43
-9.42	-36.48	1071.7	2709.62
-9.42	-36.48	1070.75	2708.95
-9.42	-36.48	1069.81	2704.56
-9.42	-36.48	1068.86	2700.93
-9.42	-36.48	1067.92	2692.43
-9.42	-36.48	1066.97	2682.39
-9.42	-36.48	1066.03	2671.3
-9.42	-36.48	1065.08	2651.65
-9.42	-36.48	1064.14	2640.18
-9.42	-36.48	1063.19	2631.14
-9.42	-36.48	1062.25	2620.57
-9.42	-36.48	1061.3	2609.53
-9.42	-36.48	1060.35	2598.88
-9.42	-36.48	1059.41	2590.73
-9.42	-36.48	1058.46	2578.09
-9.42	-36.48	1057.51	2571.47
-9.42	-36.48	1056.57	2561.47
-9.42	-36.48	1055.62	2555.15
-9.42	-36.48	1054.67	2551.23
-9.42	-36.48	1053.72	2540.0
-9.42	-36.48	1052.78	2528.21
-9.42	-36.48	1051.83	2524.35
-9.42	-36.48	1050.88	2525.72
-9.42	-36.48	1049.93	2520.39
-9.42	-36.48	1048.98	2521.39
-9.42	-36.48	1048.03	2516.51
-9.42	-36.48	1047.09	2517.86
-9.42	-36.48	1046.14	2513.75
-9.42	-36.48	1045.19	2517.88
-9.42	-36.48	1044.24	2515.56
-9.42	-36.48	1043.29	2521.04
-9.42	-36.48	1042.34	2523.08
-9.42	-36.48	1041.39	2527.01
-9.42	-36.48	1040.44	2533.79
-9.42	-36.48	1039.49	2536.22
-9.42	-36.48	1038.54	2544.61
-9.42	-36.48	1037.59	2558.32
-9.42	-36.48	1036.64	2564.02
-9.42	-36.48	1035.69	2574.18
-9.42	-36.48	1034.74	2581.56
-9.42	-36.48	1033.79	2584.84
-9.42	-36.48	1032.83	2587.93
-9.42	-36.48	1031.88	2597.54
-9.42	-36.48	1030.93	2598.35
-9.42	-36.48	1029.98	2609.45
-9.42	-36.48	1029.03	2630.6
-9.42	-36.48	1028.07	2646.27
-9.42	-36.48	1027.12	2666.16
-9.42	-36.48	1026.17	2680.86
-9.42	-36.48	1025.22	2689.19
-9.42	-36.48	1024.26	2700.16
-9.42	-36.48	1023.31	2714.47
-9.42	-36.48	1022.36	2719.62
-9.42	-36.48	1021.4	2720.63
-9.42	-36.48	1020.45	2720.31
-9.42	-36.48	1019.5	2713.62
-9.42	-36.48	1018.54	2709.18
-9.42	-36.48	1017.59	2698.5
-9.42	-36.48	1016.64	2695.47
-9.42	-36.48	1015.68	2683.23
-9.42	-36.48	1014.73	2675.8
-9.42	-36.48	1013.77	2663.08
-9.42	-36.48	1012.82	2645.43
-9.42	-36.48	1011.86	2633.37
-9.42	-36.48	1010.91	2613.17
-9.42	-36.48	1009.95	2595.07
-9.42	-36.48	1009.0	2574.59
-9.42	-36.48	1008.04	2551.58
-9.42	-36.48	1007.08	2530.21
-9.42	-36.48	1006.13	2517.36
-9.42	-36.48	1005.17	2507.71
-9.42	-36.48	1004.22	2501.15
-9.42	-36.48	1003.26	2500.61
-9.42	-36.48	1002.3	2498.95
-9.42	-36.48	1001.34	2507.74
-9.42	-36.48	1000.39	2515.39
-9.42	-36.48	999.431	2524.15
-9.42	-36.48	998.4730000000001	2535.73
-9.42	-36.48	997.515	2537.3
-9.42	-36.48	996.558	2540.38
-9.42	-36.48	995.6	2543.18
-9.42	-36.48	994.6410000000001	2549.23
-9.42	-36.48	993.683	2544.47
-9.42	-36.48	992.725	2548.45
-9.42	-36.48	991.7660000000001	2547.01
-9.42	-36.48	990.807	2542.33
-9.42	-36.48	989.8480000000001	2539.48
-9.42	-36.48	988.8889999999999	2539.07
-9.42	-36.48	987.93	2542.18
-9.42	-36.48	986.97	2550.22
-9.42	-36.48	986.01	2567.77
-9.42	-36.48	985.05	2592.89
-9.42	-36.48	984.09	2617.57
-9.42	-36.48	983.13	2651.65
-9.42	-36.48	982.17	2679.59
-9.42	-36.48	981.209	2713.5
-9.42	-36.48	980.248	2752.95
-9.42	-36.48	979.288	2799.64
-9.42	-36.48	978.326	2836.61
-9.42	-36.48	977.365	2879.4
-9.42	-36.48	976.404	2914.27
-9.42	-36.48	975.442	2939.04
-9.42	-36.48	974.48	2964.92
-9.42	-36.48	973.518	2983.45
-9.42	-36.48	972.556	2992.1
-9.42	-36.48	971.5939999999999	2994.17
-9.42	-36.48	970.632	2997.79
-9.42	-36.48	969.669	2982.99
-9.42	-36.48	968.706	2958.43
-9.42	-36.48	967.743	2938.82
-9.42	-36.48	966.78	2909.84
-9.42	-36.48	965.817	2879.09
-9.42	-36.48	964.8530000000001	2849.1
-9.42	-36.48	963.8889999999999	2822.4
-9.42	-36.48	962.926	2800.99
-9.42	-36.48	961.961	2772.23
-9.42	-36.48	960.997	2754.39
-9.42	-36.48	960.033	2745.97
-9.42	-36.48	959.068	2745.05
-9.42	-36.48	958.1039999999999	2749.42
-9.42	-36.48	957.1389999999999	2759.21
-9.42	-36.48	956.174	2771.64
-9.42	-36.48	955.2080000000001	2779.36
-9.42	-36.48	954.243	2791.54
-9.42	-36.48	953.2769999999999	2809.14
-9.42	-36.48	952.312	2827.6
-9.42	-36.48	951.346	2839.0
-9.42	-36.48	950.38	2850.24
-9.42	-36.48	949.413	2850.36
-9.42	-36.48	948.447	2857.76
-9.42	-36.48	947.48	2856.07
-9.42	-36.48	946.513	2853.16
-9.42	-36.48	945.546	2850.83
-9.42	-36.48	944.579	2838.51
-9.42	-36.48	943.612	2823.71
-9.42	-36.48	942.6439999999999	2811.98
-9.42	-36.48	941.677	2797.24
-9.42	-36.48	940.709	2782.47
-9.42	-36.48	939.7410000000001	2772.73
-9.42	-36.48	938.773	2767.26
-9.42	-36.48	937.804	2763.36
-9.42	-36.48	936.836	2761.41
-9.42	-36.48	935.867	2764.77
-9.42	-36.48	934.898	2767.03
-9.42	-36.48	933.929	2774.14
-9.42	-36.48	932.96	2770.22
-9.42	-36.48	931.99	2779.0
-9.42	-36.48	931.0210000000001	2782.82
-9.42	-36.48	930.051	2783.23
-9.42	-36.48	929.081	2774.56
-9.42	-36.48	928.1110000000001	2770.79
-9.42	-36.48	927.1410000000001	2764.11
-9.42	-36.48	926.17	2757.07
-9.42	-36.48	925.199	2751.33
-9.42	-36.48	924.2289999999999	2741.14
-9.42	-36.48	923.258	2735.18
-9.42	-36.48	922.2860000000001	2725.21
-9.42	-36.48	921.315	2722.44
-9.42	-36.48	920.3439999999999	2709.81
-9.42	-36.48	919.372	2701.94
-9.42	-36.48	918.4	2694.88
-9.42	-36.48	917.428	2689.72
-9.42	-36.48	916.456	2680.73
-9.42	-36.48	915.4830000000001	2680.09
-9.42	-36.48	914.5110000000001	2688.29
-9.42	-36.48	913.538	2691.85
-9.42	-36.48	912.565	2700.06
-9.42	-36.48	911.592	2711.51
-9.42	-36.48	910.6189999999999	2719.97
-9.42	-36.48	909.645	2726.5
-9.42	-36.48	908.671	2738.3
-9.42	-36.48	907.698	2749.73
-9.42	-36.48	906.7239999999999	2754.26
-9.42	-36.48	905.75	2756.02
-9.42	-36.48	904.775	2763.47
-9.42	-36.48	903.801	2774.58
-9.42	-36.48	902.826	2789.03
-9.42	-36.48	901.8510000000001	2796.11
-9.42	-36.48	900.8760000000001	2810.38
-9.42	-36.48	899.9010000000001	2831.2
-9.42	-36.48	898.925	2857.31
-9.42	-36.48	897.95	2882.05
-9.42	-36.48	896.9739999999999	2913.07
-9.42	-36.48	895.998	2943.85
-9.42	-36.48	895.0219999999999	2967.34
-9.42	-36.48	894.046	2992.37
-9.42	-36.48	893.069	3020.9
-9.42	-36.48	892.0930000000001	3029.84
-9.42	-36.48	891.1160000000001	3035.01
-9.42	-36.48	890.1389999999999	3036.16
-9.42	-36.48	889.1619999999999	3040.33
-9.42	-36.48	888.184	3039.46
-9.42	-36.48	887.207	3031.51
-9.42	-36.48	886.2289999999999	3028.55
-9.42	-36.48	885.2510000000001	3018.43
-9.42	-36.48	884.273	2994.64
-9.42	-36.48	883.295	2968.62
-9.42	-36.48	882.317	2932.72
-9.42	-36.48	881.3380000000001	2902.53
-9.42	-36.48	880.3589999999999	2872.48
-9.42	-36.48	879.38	2839.44
-9.42	-36.48	878.4010000000001	2803.57
-9.42	-36.48	877.422	2763.1
-9.42	-36.48	876.442	2738.01
-9.42	-36.48	875.4630000000001	2716.27
-9.42	-36.48	874.4830000000001	2705.63
-9.42	-36.48	873.503	2705.24
-9.42	-36.48	872.523	2702.45
-9.42	-36.48	871.5419999999999	2709.97
-9.42	-36.48	870.562	2735.03
-9.42	-36.48	869.581	2753.85
-9.42	-36.48	868.6	2772.22
-9.42	-36.48	867.6189999999999	2790.76
-9.42	-36.48	866.638	2806.75
-9.42	-36.48	865.6569999999999	2817.77
-9.42	-36.48	864.675	2825.17
-9.42	-36.48	863.693	2835.2
-9.42	-36.48	862.711	2834.79
-9.42	-36.48	861.7289999999999	2841.31
-9.42	-36.48	860.747	2840.35
-9.42	-36.48	859.7639999999999	2845.73
-9.42	-36.48	858.7819999999999	2852.32
-9.42	-36.48	857.799	2855.66
-9.42	-36.48	856.816	2858.07
-9.42	-36.48	855.8330000000001	2862.16
-9.42	-36.48	854.8489999999999	2861.62
-9.42	-36.48	853.8660000000001	2855.83
-9.42	-36.48	852.882	2852.5
-9.42	-36.48	851.898	2861.32
-9.42	-36.48	850.914	2862.86
-9.42	-36.48	849.93	2857.72
-9.42	-36.48	848.945	2862.38
-9.42	-36.48	847.961	2869.95
-9.42	-36.48	846.9760000000001	2877.04
-9.42	-36.48	845.9910000000001	2877.11
-9.42	-36.48	845.0060000000001	2891.6
-9.42	-36.48	844.02	2906.04
-9.42	-36.48	843.035	2911.14
-9.42	-36.48	842.049	2914.88
-9.42	-36.48	841.063	2928.79
-9.42	-36.48	840.077	2928.93
-9.42	-36.48	839.091	2926.57
-9.42	-36.48	838.1039999999999	2920.44
-9.42	-36.48	837.118	2915.72
-9.42	-36.48	836.1310000000001	2906.22
-9.42	-36.48	835.1439999999999	2890.44
-9.42	-36.48	834.1569999999999	2879.43
-9.42	-36.48	833.17	2878.37
-9.42	-36.48	832.182	2864.28
-9.42	-36.48	831.195	2845.48
-9.42	-36.48	830.207	2832.06
-9.42	-36.48	829.2189999999999	2826.59
-9.42	-36.48	828.23	2809.19
-9.42	-36.48	827.242	2796.5
-9.42	-36.48	826.253	2778.57
-9.42	-36.48	825.265	2762.38
-9.42	-36.48	824.2760000000001	2742.5
-9.42	-36.48	823.2869999999999	2724.6
-9.42	-36.48	822.297	2714.44
-9.42	-36.48	821.308	2697.24
-9.42	-36.48	820.318	2675.07
-9.42	-36.48	819.328	2655.8
-9.42	-36.48	818.3380000000001	2636.34
-9.42	-36.48	817.3480000000001	2610.19
-9.42	-36.48	816.3580000000001	2593.75
-9.42	-36.48	815.367	2583.0
-9.42	-36.48	814.377	2574.0
-9.42	-36.48	813.3860000000001	2557.5
-9.42	-36.48	812.395	2544.34
-9.42	-36.48	811.403	2546.01
-9.42	-36.48	810.4119999999999	2537.33
-9.42	-36.48	809.42	2528.67
-9.42	-36.48	808.428	2524.12
-9.42	-36.48	807.436	2521.49
-9.42	-36.48	806.444	2515.45
-9.42	-36.48	805.452	2514.9
-9.42	-36.48	804.459	2513.27
-9.42	-36.48	803.467	2519.43
-9.42	-36.48	802.4739999999999	2510.69
-9.42	-36.48	801.4810000000001	2505.12
-9.42	-36.48	800.487	2510.63
-9.42	-36.48	799.4939999999999	2514.47
-9.42	-36.48	798.5	2518.82
-9.42	-36.48	797.507	2532.5
-9.42	-36.48	796.513	2543.66
-9.42	-36.48	795.518	2565.21
-9.42	-36.48	794.5239999999999	2583.73
-9.42	-36.48	793.529	2605.66
-9.42	-36.48	792.535	2640.65
-9.42	-36.48	791.54	2661.94
-9.42	-36.48	790.545	2679.78
-9.42	-36.48	789.55	2707.61
-9.42	-36.48	788.554	2734.03
-9.42	-36.48	787.559	2756.57
-9.42	-36.48	786.563	2783.8
-9.42	-36.48	785.567	2806.63
-9.42	-36.48	784.571	2832.07
-9.42	-36.48	783.574	2841.45
-9.42	-36.48	782.578	2844.86
-9.42	-36.48	781.581	2854.92
-9.42	-36.48	780.584	2848.3
-9.42	-36.48	779.587	2842.25
-9.42	-36.48	778.59	2832.46
-9.42	-36.48	777.592	2823.11
-9.42	-36.48	776.595	2807.81
-9.42	-36.48	775.597	2787.65
-9.42	-36.48	774.5989999999999	2761.46
-9.42	-36.48	773.6010000000001	2737.94
-9.42	-36.48	772.602	2707.31
-9.42	-36.48	771.6039999999999	2676.6
-9.42	-36.48	770.605	2656.7
-9.42	-36.48	769.6060000000001	2636.37
-9.42	-36.48	768.607	2618.51
-9.42	-36.48	767.6080000000001	2598.11
-9.42	-36.48	766.6089999999999	2587.52
-9.42	-36.48	765.6089999999999	2578.5
-9.42	-36.48	764.6089999999999	2576.09
-9.42	-36.48	763.6089999999999	2575.61
-9.42	-36.48	762.6089999999999	2582.16
-9.42	-36.48	761.6089999999999	2579.19
-9.42	-36.48	760.6080000000001	2581.14
-9.42	-36.48	759.607	2592.53
-9.42	-36.48	758.607	2605.8
-9.42	-36.48	757.605	2620.54
-9.42	-36.48	756.6039999999999	2632.7
-9.42	-36.48	755.6030000000001	2647.98
-9.42	-36.48	754.6010000000001	2665.23
-9.42	-36.48	753.5989999999999	2675.25
-9.42	-36.48	752.597	2685.66
-9.42	-36.48	751.595	2705.74
-9.42	-36.48	750.5930000000001	2721.01
-9.42	-36.48	749.59	2735.91
-9.42	-36.48	748.587	2750.15
-9.42	-36.48	747.585	2770.86
-9.42	-36.48	746.581	2786.07
-9.42	-36.48	745.578	2802.01
-9.42	-36.48	744.575	2822.46
-9.42	-36.48	743.571	2854.42
-9.42	-36.48	742.567	2885.84
-9.42	-36.48	741.563	2912.79
-9.42	-36.48	740.559	2950.73
-9.42	-36.48	739.555	2982.98
-9.42	-36.48	738.55	3006.76
-9.42	-36.48	737.545	3031.58
-9.42	-36.48	736.54	3057.71
-9.42	-36.48	735.535	3074.99
-9.42	-36.48	734.53	3088.8
-9.42	-36.48	733.525	3092.64
-9.42	-36.48	732.5189999999999	3095.36
-9.42	-36.48	731.513	3097.71
-9.42	-36.48	730.507	3091.59
-9.42	-36.48	729.5010000000001	3096.52
-9.42	-36.48	728.4939999999999	3099.63
-9.42	-36.48	727.488	3091.93
-9.42	-36.48	726.4810000000001	3084.1
-9.42	-36.48	725.4739999999999	3079.21
-9.42	-36.48	724.467	3070.22
-9.42	-36.48	723.46	3053.01
-9.42	-36.48	722.452	3031.69
-9.42	-36.48	721.444	3013.87
-9.42	-36.48	720.436	2987.1
-9.42	-36.48	719.428	2954.14
-9.42	-36.48	718.42	2931.51
-9.42	-36.48	717.4119999999999	2915.79
-9.42	-36.48	716.403	2895.92
-9.42	-36.48	715.3939999999999	2888.22
-9.42	-36.48	714.385	2885.21
-9.42	-36.48	713.3760000000001	2890.05
-9.42	-36.48	712.367	2879.16
-9.42	-36.48	711.357	2876.87
-9.42	-36.48	710.347	2881.7
-9.42	-36.48	709.3380000000001	2879.67
-9.42	-36.48	708.327	2868.99
-9.42	-36.48	707.317	2865.35
-9.42	-36.48	706.307	2862.24
-9.42	-36.48	705.296	2846.57
-9.42	-36.48	704.285	2839.38
-9.42	-36.48	703.2739999999999	2839.18
-9.42	-36.48	702.263	2841.17
-9.42	-36.48	701.252	2837.33
-9.42	-36.48	700.24	2839.12
-9.42	-36.48	699.2280000000001	2851.96
-9.42	-36.48	698.216	2858.82
-9.42	-36.48	697.204	2856.9
-9.42	-36.48	696.192	2858.01
-9.42	-36.48	695.179	2860.1
-9.42	-36.48	694.1669999999999	2862.66
-9.42	-36.48	693.154	2862.86
-9.42	-36.48	692.1410000000001	2865.9
-9.42	-36.48	691.127	2866.23
-9.42	-36.48	690.1139999999999	2859.51
-9.42	-36.48	689.1	2864.52
-9.42	-36.48	688.086	2879.7
-9.42	-36.48	687.072	2889.77
-9.42	-36.48	686.058	2891.11
-9.42	-36.48	685.044	2910.54
-9.42	-36.48	684.029	2922.8
-9.42	-36.48	683.015	2932.44
-9.42	-36.48	682.0	2940.37
-9.42	-36.48	680.985	2958.76
-9.42	-36.48	679.9689999999999	2970.87
-9.42	-36.48	678.954	2984.55
-9.42	-36.48	677.938	2995.66
-9.42	-36.48	676.922	3015.74
-9.42	-36.48	675.9060000000001	3029.08
-9.42	-36.48	674.89	3037.02
-9.42	-36.48	673.8739999999999	3054.74
-9.42	-36.48	672.857	3073.36
-9.42	-36.48	671.84	3075.45
-9.42	-36.48	670.823	3078.98
-9.42	-36.48	669.806	3089.05
-9.42	-36.48	668.789	3089.3
-9.42	-36.48	667.7710000000001	3087.86
-9.42	-36.48	666.753	3084.82
-9.42	-36.48	665.735	3085.79
-9.42	-36.48	664.717	3081.01
-9.42	-36.48	663.699	3075.97
-9.42	-36.48	662.68	3075.5
-9.42	-36.48	661.6619999999999	3072.31
-9.42	-36.48	660.643	3060.54
-9.42	-36.48	659.6239999999999	3044.35
-9.42	-36.48	658.605	3034.77
-9.42	-36.48	657.585	3021.64
-9.42	-36.48	656.566	2996.28
-9.42	-36.48	655.546	2976.9
-9.42	-36.48	654.526	2967.83
-9.42	-36.48	653.506	2944.27
-9.42	-36.48	652.485	2926.0
-9.42	-36.48	651.465	2915.08
-9.42	-36.48	650.444	2909.06
-9.42	-36.48	649.423	2902.32
-9.42	-36.48	648.4019999999999	2895.46
-9.42	-36.48	647.381	2898.42
-9.42	-36.48	646.359	2898.94
-9.42	-36.48	645.3380000000001	2902.67
-9.42	-36.48	644.316	2913.65
-9.42	-36.48	643.294	2928.87
-9.42	-36.48	642.271	2947.88
-9.42	-36.48	641.249	2962.67
-9.42	-36.48	640.226	2987.83
-9.42	-36.48	639.2040000000001	3014.28
-9.42	-36.48	638.181	3034.14
-9.42	-36.48	637.1569999999999	3054.51
-9.42	-36.48	636.134	3086.57
-9.42	-36.48	635.11	3124.64
-9.42	-36.48	634.087	3160.83
-9.42	-36.48	633.063	3222.81
-9.42	-36.48	632.039	3291.1
-9.42	-36.48	631.014	3350.97
-9.42	-36.48	629.99	3411.09
-9.42	-36.48	628.965	3467.86
-9.42	-36.48	627.94	3524.61
-9.42	-36.48	626.915	3566.47
-9.42	-36.48	625.89	3603.08
-9.42	-36.48	624.864	3640.41
-9.42	-36.48	623.839	3658.88
-9.42	-36.48	622.813	3661.48
-9.42	-36.48	621.7869999999999	3663.11
-9.42	-36.48	620.761	3649.97
-9.42	-36.48	619.734	3628.61
-9.42	-36.48	618.7080000000001	3590.67
-9.42	-36.48	617.681	3550.47
-9.42	-36.48	616.654	3511.89
-9.42	-36.48	615.627	3453.99
-9.42	-36.48	614.599	3414.53
-9.42	-36.48	613.572	3365.32
-9.42	-36.48	612.544	3313.54
-9.42	-36.48	611.516	3266.95
-9.42	-36.48	610.488	3230.48
-9.42	-36.48	609.46	3197.14
-9.42	-36.48	608.431	3162.75
-9.42	-36.48	607.403	3132.8
-9.42	-36.48	606.374	3123.77
-9.42	-36.48	605.345	3122.66
-9.42	-36.48	604.316	3122.46
-9.42	-36.48	603.286	3128.42
-9.42	-36.48	602.257	3145.54
-9.42	-36.48	601.227	3140.6
-9.42	-36.48	600.197	3140.84
-9.42	-36.48	599.1669999999999	3139.66
-9.42	-36.48	598.136	3130.38
-9.42	-36.48	597.106	3112.01
-9.42	-36.48	596.075	3087.78
-9.42	-36.48	595.044	3071.33
-9.42	-36.48	594.013	3046.08
-9.42	-36.48	592.981	3005.73
-9.42	-36.48	591.95	2972.43
-9.42	-36.48	590.918	2943.07
-9.42	-36.48	589.886	2908.67
-9.42	-36.48	588.854	2878.91
-9.42	-36.48	587.822	2854.59
-9.42	-36.48	586.789	2829.3
-9.42	-36.48	585.757	2809.21
-9.42	-36.48	584.724	2794.36
-9.42	-36.48	583.691	2793.39
-9.42	-36.48	582.6569999999999	2782.07
-9.42	-36.48	581.624	2778.84
-9.42	-36.48	580.59	2784.34
-9.42	-36.48	579.557	2802.66
-9.42	-36.48	578.523	2807.1
-9.42	-36.48	577.488	2812.4
-9.42	-36.48	576.4540000000001	2828.31
-9.42	-36.48	575.419	2833.39
-9.42	-36.48	574.385	2825.48
-9.42	-36.48	573.35	2828.32
-9.42	-36.48	572.314	2829.69
-9.42	-36.48	571.279	2824.56
-9.42	-36.48	570.244	2819.13
-9.42	-36.48	569.2080000000001	2829.94
-9.42	-36.48	568.172	2827.78
-9.42	-36.48	567.136	2833.57
-9.42	-36.48	566.099	2840.89
-9.42	-36.48	565.063	2860.55
-9.42	-36.48	564.026	2881.55
-9.42	-36.48	562.989	2903.65
-9.42	-36.48	561.952	2937.46
-9.42	-36.48	560.915	2965.38
-9.42	-36.48	559.877	2995.18
-9.42	-36.48	558.84	3023.03
-9.42	-36.48	557.802	3052.07
-9.42	-36.48	556.764	3075.96
-9.42	-36.48	555.726	3095.14
-9.42	-36.48	554.687	3123.5
-9.42	-36.48	553.649	3142.7
-9.42	-36.48	552.61	3151.36
-9.42	-36.48	551.571	3152.55
-9.42	-36.48	550.5319999999999	3155.74
-9.42	-36.48	549.492	3162.18
-9.42	-36.48	548.453	3170.0
-9.42	-36.48	547.413	3160.32
-9.42	-36.48	546.373	3159.08
-9.42	-36.48	545.3330000000001	3150.15
-9.42	-36.48	544.2919999999999	3137.48
-9.42	-36.48	543.252	3123.66
-9.42	-36.48	542.211	3113.82
-9.42	-36.48	541.17	3092.2
-9.42	-36.48	540.129	3071.67
-9.42	-36.48	539.0880000000001	3049.46
-9.42	-36.48	538.0459999999999	3031.41
-9.42	-36.48	537.004	3015.43
-9.42	-36.48	535.962	3013.64
-9.42	-36.48	534.92	3002.93
-9.42	-36.48	533.878	2997.04
-9.42	-36.48	532.836	2984.93
-9.42	-36.48	531.793	2988.44
-9.42	-36.48	530.75	2986.3
-9.42	-36.48	529.707	2976.93
-9.42	-36.48	528.664	2977.44
-9.42	-36.48	527.62	2976.8
-9.42	-36.48	526.577	2971.64
-9.42	-36.48	525.533	2966.19
-9.42	-36.48	524.489	2967.44
-9.42	-36.48	523.445	2964.39
-9.42	-36.48	522.4	2967.27
-9.42	-36.48	521.355	2976.23
-9.42	-36.48	520.311	2995.42
-9.42	-36.48	519.266	3016.83
-9.42	-36.48	518.22	3038.27
-9.42	-36.48	517.175	3060.57
-9.42	-36.48	516.129	3077.07
-9.42	-36.48	515.0840000000001	3093.19
-9.42	-36.48	514.038	3107.89
-9.42	-36.48	512.992	3126.01
-9.42	-36.48	511.945	3136.12
-9.42	-36.48	510.899	3143.26
-9.42	-36.48	509.852	3151.34
-9.42	-36.48	508.805	3158.12
-9.42	-36.48	507.75800000000004	3162.26
-9.42	-36.48	506.71	3172.48
-9.42	-36.48	505.663	3178.97
-9.42	-36.48	504.615	3176.84
-9.42	-36.48	503.56699999999995	3168.72
-9.42	-36.48	502.519	3162.59
-9.42	-36.48	501.471	3157.39
-9.42	-36.48	500.42199999999997	3151.4
-9.42	-36.48	499.374	3134.69
-9.42	-36.48	498.325	3122.87
-9.42	-36.48	497.276	3106.99
-9.42	-36.48	496.226	3088.31
-9.42	-36.48	495.17699999999996	3065.87
-9.42	-36.48	494.12699999999995	3050.49
-9.42	-36.48	493.077	3037.9
-9.42	-36.48	492.027	3033.93
-9.42	-36.48	490.977	3041.23
-9.42	-36.48	489.926	3046.45
-9.42	-36.48	488.876	3049.52
-9.42	-36.48	487.825	3047.52
-9.42	-36.48	486.774	3048.67
-9.42	-36.48	485.723	3049.17
-9.42	-36.48	484.671	3047.98
-9.42	-36.48	483.619	3057.35
-9.42	-36.48	482.56800000000004	3058.45
-9.42	-36.48	481.51599999999996	3059.93
-9.42	-36.48	480.463	3064.57
-9.42	-36.48	479.411	3059.63
-9.42	-36.48	478.358	3054.81
-9.42	-36.48	477.305	3053.01
-9.42	-36.48	476.25199999999995	3053.55
-9.42	-36.48	475.199	3042.73
-9.42	-36.48	474.14599999999996	3033.97
-9.42	-36.48	473.092	3027.34
-9.42	-36.48	472.038	3022.29
-9.42	-36.48	470.98400000000004	3013.08
-9.42	-36.48	469.93	3005.52
-9.42	-36.48	468.876	3000.33
-9.42	-36.48	467.82099999999997	2993.76
-9.42	-36.48	466.76599999999996	2984.29
-9.42	-36.48	465.711	2983.63
-9.42	-36.48	464.656	2978.96
-9.42	-36.48	463.601	2971.47
-9.42	-36.48	462.545	2982.83
-9.42	-36.48	461.49	2984.67
-9.42	-36.48	460.434	2991.29
-9.42	-36.48	459.37699999999995	2990.94
-9.42	-36.48	458.32099999999997	2994.94
-9.42	-36.48	457.264	2994.49
-9.42	-36.48	456.208	2997.08
-9.42	-36.48	455.151	3002.92
-9.42	-36.48	454.094	3026.88
-9.42	-36.48	453.036	3061.03
-9.42	-36.48	451.97900000000004	3109.34
-9.42	-36.48	450.921	3153.17
-9.42	-36.48	449.86300000000006	3214.91
-9.42	-36.48	448.805	3271.57
-9.42	-36.48	447.74699999999996	3323.27
-9.42	-36.48	446.68800000000005	3387.91
-9.42	-36.48	445.629	3447.45
-9.42	-36.48	444.57	3487.8
-9.42	-36.48	443.51099999999997	3527.26
-9.42	-36.48	442.452	3577.48
-9.42	-36.48	441.392	3609.86
-9.42	-36.48	440.333	3626.26
-9.42	-36.48	439.273	3637.48
-9.42	-36.48	438.213	3651.42
-9.42	-36.48	437.152	3655.04
-9.42	-36.48	436.092	3642.76
-9.42	-36.48	435.031	3626.26
-9.42	-36.48	433.97	3602.42
-9.42	-36.48	432.909	3566.93
-9.42	-36.48	431.848	3521.11
-9.42	-36.48	430.786	3484.45
-9.42	-36.48	429.724	3420.26
-9.42	-36.48	428.663	3359.06
-9.42	-36.48	427.6	3298.11
-9.42	-36.48	426.538	3238.9
-9.42	-36.48	425.476	3175.63
-9.42	-36.48	424.413	3126.22
-9.42	-36.48	423.35	3087.72
-9.42	-36.48	422.287	3063.46
-9.42	-36.48	421.224	3043.18
-9.42	-36.48	420.16	3037.23
-9.42	-36.48	419.096	3020.99
-9.42	-36.48	418.033	3014.39
-9.42	-36.48	416.968	3008.72
-9.42	-36.48	415.904	3023.21
-9.42	-36.48	414.84	3044.46
-9.42	-36.48	413.775	3072.37
-9.42	-36.48	412.71	3119.48
-9.42	-36.48	411.645	3180.0
-9.42	-36.48	410.58	3242.97
-9.42	-36.48	409.514	3299.45
-9.42	-36.48	408.44800000000004	3355.26
-9.42	-36.48	407.38300000000004	3414.4
-9.42	-36.48	406.316	3473.71
-9.42	-36.48	405.25	3518.53
-9.42	-36.48	404.184	3562.21
-9.42	-36.48	403.11699999999996	3592.36
-9.42	-36.48	402.05	3614.19
-9.42	-36.48	400.983	3636.17
-9.42	-36.48	399.916	3646.22
-9.42	-36.48	398.848	3650.02
-9.42	-36.48	397.781	3636.79
-9.42	-36.48	396.713	3616.15
-9.42	-36.48	395.645	3584.89
-9.42	-36.48	394.57599999999996	3547.06
-9.42	-36.48	393.50800000000004	3499.85
-9.42	-36.48	392.439	3449.53
-9.42	-36.48	391.37	3398.8
-9.42	-36.48	390.301	3344.15
-9.42	-36.48	389.23199999999997	3282.32
-9.42	-36.48	388.162	3223.26
-9.42	-36.48	387.093	3164.79
-9.42	-36.48	386.023	3123.77
-9.42	-36.48	384.95300000000003	3088.7
-9.42	-36.48	383.88199999999995	3074.06
-9.42	-36.48	382.81199999999995	3064.86
-9.42	-36.48	381.741	3063.14
-9.42	-36.48	380.67	3074.86
-9.42	-36.48	379.599	3079.32
-9.42	-36.48	378.528	3089.17
-9.42	-36.48	377.45599999999996	3095.3
-9.42	-36.48	376.384	3107.12
-9.42	-36.48	375.31300000000005	3122.5
-9.42	-36.48	374.24	3136.61
-9.42	-36.48	373.168	3152.53
-9.42	-36.48	372.096	3173.25
-9.42	-36.48	371.023	3184.84
-9.42	-36.48	369.95	3198.8
-9.42	-36.48	368.87699999999995	3214.17
-9.42	-36.48	367.80400000000003	3227.16
-9.42	-36.48	366.73	3235.34
-9.42	-36.48	365.656	3240.25
-9.42	-36.48	364.582	3248.27
-9.42	-36.48	363.50800000000004	3251.13
-9.42	-36.48	362.434	3255.69
-9.42	-36.48	361.35900000000004	3264.9
-9.42	-36.48	360.285	3276.25
-9.42	-36.48	359.21	3293.47
-9.42	-36.48	358.135	3305.01
-9.42	-36.48	357.059	3316.61
-9.42	-36.48	355.98400000000004	3335.54
-9.42	-36.48	354.908	3353.33
-9.42	-36.48	353.832	3371.07
-9.42	-36.48	352.756	3381.06
-9.42	-36.48	351.67900000000003	3396.43
-9.42	-36.48	350.603	3400.63
-9.42	-36.48	349.526	3407.09
-9.42	-36.48	348.449	3412.27
-9.42	-36.48	347.37199999999996	3408.13
-9.42	-36.48	346.295	3412.03
-9.42	-36.48	345.217	3417.9
-9.42	-36.48	344.139	3418.54
-9.42	-36.48	343.061	3412.65
-9.42	-36.48	341.983	3405.86
-9.42	-36.48	340.905	3398.09
-9.42	-36.48	339.82599999999996	3382.3
-9.42	-36.48	338.74699999999996	3368.25
-9.42	-36.48	337.668	3353.58
-9.42	-36.48	336.589	3339.97
-9.42	-36.48	335.51	3324.39
-9.42	-36.48	334.43	3304.44
-9.42	-36.48	333.35	3291.04
-9.42	-36.48	332.27	3283.69
-9.42	-36.48	331.19	3275.71
-9.42	-36.48	330.11	3276.79
-9.42	-36.48	329.029	3287.23
-9.42	-36.48	327.94800000000004	3296.3
-9.42	-36.48	326.867	3316.14
-9.42	-36.48	325.786	3332.55
-9.42	-36.48	324.705	3346.86
-9.42	-36.48	323.623	3371.82
-9.42	-36.48	322.541	3388.31
-9.42	-36.48	321.459	3411.15
-9.42	-36.48	320.377	3438.22
-9.42	-36.48	319.29400000000004	3465.31
-9.42	-36.48	318.212	3492.59
-9.42	-36.48	317.129	3522.61
-9.42	-36.48	316.046	3545.44
-9.42	-36.48	314.962	3580.4
-9.42	-36.48	313.879	3617.91
-9.42	-36.48	312.795	3650.73
-9.42	-36.48	311.711	3680.4
-9.42	-36.48	310.627	3706.59
-9.42	-36.48	309.543	3730.0
-9.42	-36.48	308.45799999999997	3754.49
-9.42	-36.48	307.374	3778.93
-9.42	-36.48	306.289	3802.75
-9.42	-36.48	305.204	3817.31
-9.42	-36.48	304.118	3830.71
-9.42	-36.48	303.033	3846.3
-9.42	-36.48	301.947	3863.24
-9.42	-36.48	300.861	3876.58
-9.42	-36.48	299.775	3880.32
-9.42	-36.48	298.689	3888.69
-9.42	-36.48	297.60200000000003	3889.85
-9.42	-36.48	296.515	3891.41
-9.42	-36.48	295.428	3888.13
-9.42	-36.48	294.341	3887.86
-9.42	-36.48	293.254	3878.61
-9.42	-36.48	292.166	3880.44
-9.42	-36.48	291.079	3885.26
-9.42	-36.48	289.991	3884.48
-9.42	-36.48	288.902	3883.77
-9.42	-36.48	287.814	3893.92
-9.42	-36.48	286.725	3899.21
-9.42	-36.48	285.637	3906.15
-9.42	-36.48	284.547	3916.41
-9.42	-36.48	283.45799999999997	3936.35
-9.42	-36.48	282.369	3964.65
-9.42	-36.48	281.279	3989.37
-9.42	-36.48	280.189	4019.4
-9.42	-36.48	279.099	4048.63
-9.42	-36.48	278.009	4077.68
-9.42	-36.48	276.91900000000004	4116.65
-9.42	-36.48	275.828	4157.25
-9.42	-36.48	274.737	4185.92
-9.42	-36.48	273.64599999999996	4224.51
-9.42	-36.48	272.555	4264.77
-9.42	-36.48	271.46299999999997	4296.99
-9.42	-36.48	270.371	4333.79
-9.42	-36.48	269.28	4364.98
-9.42	-36.48	268.187	4388.06
-9.42	-36.48	267.095	4402.39
-9.42	-36.48	266.003	4430.09
-9.42	-36.48	264.91	4455.7
-9.42	-36.48	263.817	4473.49
-9.42	-36.48	262.724	4491.83
-9.42	-36.48	261.63	4514.89
-9.42	-36.48	260.53700000000003	4527.27
-9.42	-36.48	259.443	4536.79
-9.42	-36.48	258.349	4541.05
-9.42	-36.48	257.255	4544.11
-9.42	-36.48	256.16	4539.49
-9.42	-36.48	255.06599999999997	4545.66
-9.42	-36.48	253.97099999999998	4545.01
-9.42	-36.48	252.87599999999998	4537.9
-9.42	-36.48	251.78099999999998	4542.17
-9.42	-36.48	250.685	4539.5
-9.42	-36.48	249.59	4535.58
-9.42	-36.48	248.49400000000003	4517.27
-9.42	-36.48	247.398	4510.23
-9.42	-36.48	246.30200000000002	4503.09
-9.42	-36.48	245.205	4488.76
-9.42	-36.48	244.108	4481.42
-9.42	-36.48	243.012	4460.87
-9.42	-36.48	241.91400000000002	4447.68
-9.42	-36.48	240.817	4434.42
-9.42	-36.48	239.72	4410.77
-9.42	-36.48	238.622	4386.66
-9.42	-36.48	237.524	4366.96
-9.42	-36.48	236.426	4348.76
-9.42	-36.48	235.328	4330.34
-9.42	-36.48	234.229	4314.76
-9.42	-36.48	233.13	4302.93
-9.42	-36.48	232.03099999999998	4293.99
-9.42	-36.48	230.93200000000002	4281.31
-9.42	-36.48	229.833	4271.33
-9.42	-36.48	228.733	4257.94
-9.42	-36.48	227.63299999999998	4248.14
-9.42	-36.48	226.533	4236.53
-9.42	-36.48	225.433	4229.74
-9.42	-36.48	224.333	4228.89
-9.42	-36.48	223.232	4228.0
-9.42	-36.48	222.13099999999997	4225.35
-9.42	-36.48	221.03	4225.74
-9.42	-36.48	219.929	4225.38
-9.42	-36.48	218.827	4228.57
-9.42	-36.48	217.726	4230.58
-9.42	-36.48	216.62400000000002	4237.53
-9.42	-36.48	215.52200000000002	4239.83
-9.42	-36.48	214.419	4255.37
-9.42	-36.48	213.317	4266.81
-9.42	-36.48	212.21400000000003	4273.76
-9.42	-36.48	211.111	4289.85
-9.42	-36.48	210.00799999999998	4297.95
-9.42	-36.48	208.905	4317.14
-9.42	-36.48	207.801	4325.89
-9.42	-36.48	206.697	4340.99
-9.42	-36.48	205.593	4357.37
-9.42	-36.48	204.489	4369.13
-9.42	-36.48	203.385	4384.41
-9.42	-36.48	202.28	4395.55
-9.42	-36.48	201.175	4403.49
-9.42	-36.48	200.07	4407.21
