-9.42	-30.48	1999.92	779.56
-9.42	-30.48	1999.14	779.432
-9.42	-30.48	1998.35	780.137
-9.42	-30.48	1997.57	781.623
-9.42	-30.48	1996.78	780.898
-9.42	-30.48	1996.0	778.799
-9.42	-30.48	1995.21	775.2539999999999
-9.42	-30.48	1994.42	771.783
-9.42	-30.48	1993.64	770.841
-9.42	-30.48	1992.85	767.944
-9.42	-30.48	1992.07	767.732
-9.42	-30.48	1991.28	771.477
-9.42	-30.48	1990.5	771.1060000000001
-9.42	-30.48	1989.71	777.238
-9.42	-30.48	1988.92	780.1669999999999
-9.42	-30.48	1988.14	778.928
-9.42	-30.48	1987.35	782.3939999999999
-9.42	-30.48	1986.56	785.71
-9.42	-30.48	1985.78	789.7610000000001
-9.42	-30.48	1984.99	791.59
-9.42	-30.48	1984.2	789.903
-9.42	-30.48	1983.42	793.1569999999999
-9.42	-30.48	1982.63	795.187
-9.42	-30.48	1981.84	800.556
-9.42	-30.48	1981.05	801.303
-9.42	-30.48	1980.27	800.99
-9.42	-30.48	1979.48	803.05
-9.42	-30.48	1978.69	805.9639999999999
-9.42	-30.48	1977.9	806.482
-9.42	-30.48	1977.11	808.957
-9.42	-30.48	1976.33	806.931
-9.42	-30.48	1975.54	807.459
-9.42	-30.48	1974.75	810.5830000000001
-9.42	-30.48	1973.96	808.424
-9.42	-30.48	1973.17	805.992
-9.42	-30.48	1972.38	800.918
-9.42	-30.48	1971.59	800.555
-9.42	-30.48	1970.8	801.409
-9.42	-30.48	1970.01	803.3330000000001
-9.42	-30.48	1969.22	803.686
-9.42	-30.48	1968.43	805.716
-9.42	-30.48	1967.64	811.977
-9.42	-30.48	1966.85	813.3939999999999
-9.42	-30.48	1966.06	816.107
-9.42	-30.48	1965.27	813.062
-9.42	-30.48	1964.48	811.048
-9.42	-30.48	1963.69	817.054
-9.42	-30.48	1962.9	817.487
-9.42	-30.48	1962.11	813.8889999999999
-9.42	-30.48	1961.32	811.3689999999999
-9.42	-30.48	1960.53	815.069
-9.42	-30.48	1959.74	819.96
-9.42	-30.48	1958.95	822.128
-9.42	-30.48	1958.16	823.045
-9.42	-30.48	1957.37	820.4630000000001
-9.42	-30.48	1956.57	822.727
-9.42	-30.48	1955.78	824.145
-9.42	-30.48	1954.99	824.67
-9.42	-30.48	1954.2	823.025
-9.42	-30.48	1953.41	823.7439999999999
-9.42	-30.48	1952.61	821.056
-9.42	-30.48	1951.82	822.086
-9.42	-30.48	1951.03	825.76
-9.42	-30.48	1950.24	822.987
-9.42	-30.48	1949.44	824.2330000000001
-9.42	-30.48	1948.65	824.665
-9.42	-30.48	1947.86	825.585
-9.42	-30.48	1947.06	827.4069999999999
-9.42	-30.48	1946.27	829.4739999999999
-9.42	-30.48	1945.48	830.918
-9.42	-30.48	1944.68	831.63
-9.42	-30.48	1943.89	834.862
-9.42	-30.48	1943.1	833.477
-9.42	-30.48	1942.3	833.737
-9.42	-30.48	1941.51	837.553
-9.42	-30.48	1940.71	838.475
-9.42	-30.48	1939.92	840.238
-9.42	-30.48	1939.12	841.946
-9.42	-30.48	1938.33	843.309
-9.42	-30.48	1937.53	845.58
-9.42	-30.48	1936.74	849.365
-9.42	-30.48	1935.94	846.1210000000001
-9.42	-30.48	1935.15	845.0169999999999
-9.42	-30.48	1934.35	842.472
-9.42	-30.48	1933.56	839.966
-9.42	-30.48	1932.76	839.25
-9.42	-30.48	1931.97	836.186
-9.42	-30.48	1931.17	834.699
-9.42	-30.48	1930.37	835.567
-9.42	-30.48	1929.58	833.055
-9.42	-30.48	1928.78	829.3969999999999
-9.42	-30.48	1927.99	827.163
-9.42	-30.48	1927.19	824.312
-9.42	-30.48	1926.39	821.427
-9.42	-30.48	1925.6	821.541
-9.42	-30.48	1924.8	822.69
-9.42	-30.48	1924.0	818.363
-9.42	-30.48	1923.2	822.613
-9.42	-30.48	1922.41	823.88
-9.42	-30.48	1921.61	825.802
-9.42	-30.48	1920.81	827.015
-9.42	-30.48	1920.01	831.633
-9.42	-30.48	1919.22	840.069
-9.42	-30.48	1918.42	845.592
-9.42	-30.48	1917.62	847.653
-9.42	-30.48	1916.82	847.7810000000001
-9.42	-30.48	1916.02	850.567
-9.42	-30.48	1915.22	854.498
-9.42	-30.48	1914.43	856.421
-9.42	-30.48	1913.63	856.2710000000001
-9.42	-30.48	1912.83	854.9910000000001
-9.42	-30.48	1912.03	853.188
-9.42	-30.48	1911.23	857.288
-9.42	-30.48	1910.43	857.3330000000001
-9.42	-30.48	1909.63	857.789
-9.42	-30.48	1908.83	859.173
-9.42	-30.48	1908.03	861.847
-9.42	-30.48	1907.23	860.454
-9.42	-30.48	1906.43	860.5989999999999
-9.42	-30.48	1905.63	860.07
-9.42	-30.48	1904.83	857.1419999999999
-9.42	-30.48	1904.03	859.6089999999999
-9.42	-30.48	1903.23	859.077
-9.42	-30.48	1902.43	861.062
-9.42	-30.48	1901.63	864.905
-9.42	-30.48	1900.83	867.5010000000001
-9.42	-30.48	1900.03	869.4780000000001
-9.42	-30.48	1899.23	873.24
-9.42	-30.48	1898.42	873.077
-9.42	-30.48	1897.62	874.668
-9.42	-30.48	1896.82	878.4810000000001
-9.42	-30.48	1896.02	882.8389999999999
-9.42	-30.48	1895.22	884.735
-9.42	-30.48	1894.41	882.78
-9.42	-30.48	1893.61	883.168
-9.42	-30.48	1892.81	882.582
-9.42	-30.48	1892.01	881.8710000000001
-9.42	-30.48	1891.21	884.039
-9.42	-30.48	1890.4	884.923
-9.42	-30.48	1889.6	884.475
-9.42	-30.48	1888.8	888.439
-9.42	-30.48	1887.99	893.317
-9.42	-30.48	1887.19	894.462
-9.42	-30.48	1886.39	891.1519999999999
-9.42	-30.48	1885.58	891.207
-9.42	-30.48	1884.78	892.472
-9.42	-30.48	1883.98	893.21
-9.42	-30.48	1883.17	892.215
-9.42	-30.48	1882.37	896.55
-9.42	-30.48	1881.56	899.2189999999999
-9.42	-30.48	1880.76	899.477
-9.42	-30.48	1879.95	905.365
-9.42	-30.48	1879.15	902.947
-9.42	-30.48	1878.35	909.456
-9.42	-30.48	1877.54	908.6110000000001
-9.42	-30.48	1876.74	905.523
-9.42	-30.48	1875.93	905.304
-9.42	-30.48	1875.13	904.105
-9.42	-30.48	1874.32	905.278
-9.42	-30.48	1873.51	908.1469999999999
-9.42	-30.48	1872.71	908.817
-9.42	-30.48	1871.9	909.257
-9.42	-30.48	1871.1	911.0830000000001
-9.42	-30.48	1870.29	913.102
-9.42	-30.48	1869.48	911.664
-9.42	-30.48	1868.68	909.7130000000001
-9.42	-30.48	1867.87	909.765
-9.42	-30.48	1867.06	914.0889999999999
-9.42	-30.48	1866.26	916.076
-9.42	-30.48	1865.45	915.6260000000001
-9.42	-30.48	1864.64	916.6289999999999
-9.42	-30.48	1863.84	916.326
-9.42	-30.48	1863.03	916.887
-9.42	-30.48	1862.22	918.066
-9.42	-30.48	1861.41	922.005
-9.42	-30.48	1860.61	923.9739999999999
-9.42	-30.48	1859.8	927.548
-9.42	-30.48	1858.99	929.115
-9.42	-30.48	1858.18	929.863
-9.42	-30.48	1857.37	933.579
-9.42	-30.48	1856.57	935.691
-9.42	-30.48	1855.76	937.541
-9.42	-30.48	1854.95	936.706
-9.42	-30.48	1854.14	940.883
-9.42	-30.48	1853.33	938.566
-9.42	-30.48	1852.52	938.758
-9.42	-30.48	1851.71	940.939
-9.42	-30.48	1850.9	941.648
-9.42	-30.48	1850.09	941.926
-9.42	-30.48	1849.28	944.248
-9.42	-30.48	1848.47	945.7230000000001
-9.42	-30.48	1847.66	947.4910000000001
-9.42	-30.48	1846.85	949.823
-9.42	-30.48	1846.04	945.046
-9.42	-30.48	1845.23	943.2360000000001
-9.42	-30.48	1844.42	948.023
-9.42	-30.48	1843.61	950.763
-9.42	-30.48	1842.8	955.095
-9.42	-30.48	1841.99	956.5360000000001
-9.42	-30.48	1841.18	960.368
-9.42	-30.48	1840.37	960.475
-9.42	-30.48	1839.56	964.6080000000001
-9.42	-30.48	1838.75	966.7130000000001
-9.42	-30.48	1837.94	965.925
-9.42	-30.48	1837.12	967.23
-9.42	-30.48	1836.31	968.837
-9.42	-30.48	1835.5	969.03
-9.42	-30.48	1834.69	968.4010000000001
-9.42	-30.48	1833.88	969.2919999999999
-9.42	-30.48	1833.06	971.567
-9.42	-30.48	1832.25	970.704
-9.42	-30.48	1831.44	971.328
-9.42	-30.48	1830.63	971.043
-9.42	-30.48	1829.81	972.543
-9.42	-30.48	1829.0	966.0210000000001
-9.42	-30.48	1828.19	961.795
-9.42	-30.48	1827.37	957.993
-9.42	-30.48	1826.56	958.299
-9.42	-30.48	1825.75	960.174
-9.42	-30.48	1824.93	961.877
-9.42	-30.48	1824.12	961.632
-9.42	-30.48	1823.3	960.812
-9.42	-30.48	1822.49	961.2719999999999
-9.42	-30.48	1821.68	959.721
-9.42	-30.48	1820.86	964.888
-9.42	-30.48	1820.05	966.862
-9.42	-30.48	1819.23	966.77
-9.42	-30.48	1818.42	970.145
-9.42	-30.48	1817.6	970.829
-9.42	-30.48	1816.79	972.284
-9.42	-30.48	1815.97	969.414
-9.42	-30.48	1815.16	970.6030000000001
-9.42	-30.48	1814.34	967.8939999999999
-9.42	-30.48	1813.53	966.1419999999999
-9.42	-30.48	1812.71	966.2539999999999
-9.42	-30.48	1811.89	969.465
-9.42	-30.48	1811.08	970.082
-9.42	-30.48	1810.26	970.3860000000001
-9.42	-30.48	1809.45	968.544
-9.42	-30.48	1808.63	969.1419999999999
-9.42	-30.48	1807.81	971.815
-9.42	-30.48	1807.0	974.862
-9.42	-30.48	1806.18	976.421
-9.42	-30.48	1805.36	973.8589999999999
-9.42	-30.48	1804.54	972.284
-9.42	-30.48	1803.73	975.112
-9.42	-30.48	1802.91	976.294
-9.42	-30.48	1802.09	978.2539999999999
-9.42	-30.48	1801.27	980.317
-9.42	-30.48	1800.46	983.823
-9.42	-30.48	1799.64	984.562
-9.42	-30.48	1798.82	984.6669999999999
-9.42	-30.48	1798.0	986.296
-9.42	-30.48	1797.18	990.5089999999999
-9.42	-30.48	1796.37	993.4119999999999
-9.42	-30.48	1795.55	995.908
-9.42	-30.48	1794.73	998.049
-9.42	-30.48	1793.91	1001.77
-9.42	-30.48	1793.09	1003.76
-9.42	-30.48	1792.27	1007.18
-9.42	-30.48	1791.45	1010.15
-9.42	-30.48	1790.63	1006.96
-9.42	-30.48	1789.81	1009.61
-9.42	-30.48	1788.99	1016.32
-9.42	-30.48	1788.17	1021.68
-9.42	-30.48	1787.35	1026.53
-9.42	-30.48	1786.53	1025.99
-9.42	-30.48	1785.71	1021.95
-9.42	-30.48	1784.89	1025.12
-9.42	-30.48	1784.07	1028.8
-9.42	-30.48	1783.25	1029.94
-9.42	-30.48	1782.43	1031.48
-9.42	-30.48	1781.61	1037.68
-9.42	-30.48	1780.79	1039.06
-9.42	-30.48	1779.97	1041.15
-9.42	-30.48	1779.14	1037.71
-9.42	-30.48	1778.32	1035.0
-9.42	-30.48	1777.5	1036.96
-9.42	-30.48	1776.68	1040.7
-9.42	-30.48	1775.86	1041.28
-9.42	-30.48	1775.03	1038.87
-9.42	-30.48	1774.21	1042.42
-9.42	-30.48	1773.39	1044.58
-9.42	-30.48	1772.57	1048.25
-9.42	-30.48	1771.74	1048.84
-9.42	-30.48	1770.92	1052.28
-9.42	-30.48	1770.1	1055.3
-9.42	-30.48	1769.28	1058.69
-9.42	-30.48	1768.45	1058.33
-9.42	-30.48	1767.63	1059.1
-9.42	-30.48	1766.81	1062.38
-9.42	-30.48	1765.98	1060.14
-9.42	-30.48	1765.16	1065.37
-9.42	-30.48	1764.33	1069.84
-9.42	-30.48	1763.51	1068.75
-9.42	-30.48	1762.69	1071.72
-9.42	-30.48	1761.86	1071.44
-9.42	-30.48	1761.04	1069.32
-9.42	-30.48	1760.21	1074.32
-9.42	-30.48	1759.39	1076.17
-9.42	-30.48	1758.56	1076.74
-9.42	-30.48	1757.74	1082.21
-9.42	-30.48	1756.91	1086.6
-9.42	-30.48	1756.09	1085.04
-9.42	-30.48	1755.26	1082.63
-9.42	-30.48	1754.44	1080.47
-9.42	-30.48	1753.61	1083.59
-9.42	-30.48	1752.78	1086.54
-9.42	-30.48	1751.96	1086.59
-9.42	-30.48	1751.13	1088.2
-9.42	-30.48	1750.31	1089.47
-9.42	-30.48	1749.48	1091.94
-9.42	-30.48	1748.65	1092.57
-9.42	-30.48	1747.83	1095.4
-9.42	-30.48	1747.0	1097.6
-9.42	-30.48	1746.17	1098.47
-9.42	-30.48	1745.34	1101.21
-9.42	-30.48	1744.52	1100.07
-9.42	-30.48	1743.69	1102.72
-9.42	-30.48	1742.86	1108.27
-9.42	-30.48	1742.03	1109.23
-9.42	-30.48	1741.21	1112.66
-9.42	-30.48	1740.38	1116.71
-9.42	-30.48	1739.55	1118.7
-9.42	-30.48	1738.72	1116.65
-9.42	-30.48	1737.89	1117.43
-9.42	-30.48	1737.07	1118.28
-9.42	-30.48	1736.24	1116.39
-9.42	-30.48	1735.41	1116.98
-9.42	-30.48	1734.58	1118.32
-9.42	-30.48	1733.75	1119.33
-9.42	-30.48	1732.92	1125.03
-9.42	-30.48	1732.09	1125.12
-9.42	-30.48	1731.26	1122.17
-9.42	-30.48	1730.43	1122.67
-9.42	-30.48	1729.6	1123.52
-9.42	-30.48	1728.77	1127.09
-9.42	-30.48	1727.94	1126.76
-9.42	-30.48	1727.11	1129.5
-9.42	-30.48	1726.28	1131.44
-9.42	-30.48	1725.45	1130.95
-9.42	-30.48	1724.62	1133.75
-9.42	-30.48	1723.79	1136.48
-9.42	-30.48	1722.96	1139.66
-9.42	-30.48	1722.13	1147.65
-9.42	-30.48	1721.3	1153.25
-9.42	-30.48	1720.46	1160.58
-9.42	-30.48	1719.63	1158.29
-9.42	-30.48	1718.8	1165.01
-9.42	-30.48	1717.97	1168.89
-9.42	-30.48	1717.14	1170.54
-9.42	-30.48	1716.3	1176.87
-9.42	-30.48	1715.47	1177.57
-9.42	-30.48	1714.64	1178.52
-9.42	-30.48	1713.81	1178.42
-9.42	-30.48	1712.97	1180.42
-9.42	-30.48	1712.14	1182.28
-9.42	-30.48	1711.31	1181.1
-9.42	-30.48	1710.48	1181.27
-9.42	-30.48	1709.64	1180.06
-9.42	-30.48	1708.81	1186.5
-9.42	-30.48	1707.98	1188.99
-9.42	-30.48	1707.14	1189.06
-9.42	-30.48	1706.31	1189.06
-9.42	-30.48	1705.47	1190.48
-9.42	-30.48	1704.64	1191.3
-9.42	-30.48	1703.81	1192.38
-9.42	-30.48	1702.97	1189.41
-9.42	-30.48	1702.14	1190.13
-9.42	-30.48	1701.3	1193.07
-9.42	-30.48	1700.47	1193.23
-9.42	-30.48	1699.63	1194.34
-9.42	-30.48	1698.8	1200.01
-9.42	-30.48	1697.96	1204.26
-9.42	-30.48	1697.13	1211.65
-9.42	-30.48	1696.29	1209.5
-9.42	-30.48	1695.46	1206.79
-9.42	-30.48	1694.62	1207.16
-9.42	-30.48	1693.78	1214.58
-9.42	-30.48	1692.95	1216.55
-9.42	-30.48	1692.11	1217.02
-9.42	-30.48	1691.28	1220.43
-9.42	-30.48	1690.44	1225.62
-9.42	-30.48	1689.6	1230.52
-9.42	-30.48	1688.77	1235.04
-9.42	-30.48	1687.93	1243.63
-9.42	-30.48	1687.09	1247.46
-9.42	-30.48	1686.25	1256.37
-9.42	-30.48	1685.42	1262.37
-9.42	-30.48	1684.58	1275.02
-9.42	-30.48	1683.74	1285.92
-9.42	-30.48	1682.9	1289.63
-9.42	-30.48	1682.07	1294.3
-9.42	-30.48	1681.23	1300.8
-9.42	-30.48	1680.39	1306.94
-9.42	-30.48	1679.55	1312.18
-9.42	-30.48	1678.71	1317.96
-9.42	-30.48	1677.87	1323.16
-9.42	-30.48	1677.04	1335.21
-9.42	-30.48	1676.2	1339.9
-9.42	-30.48	1675.36	1341.33
-9.42	-30.48	1674.52	1347.92
-9.42	-30.48	1673.68	1357.37
-9.42	-30.48	1672.84	1361.3
-9.42	-30.48	1672.0	1369.41
-9.42	-30.48	1671.16	1368.77
-9.42	-30.48	1670.32	1378.89
-9.42	-30.48	1669.48	1390.9
-9.42	-30.48	1668.64	1397.01
-9.42	-30.48	1667.8	1403.44
-9.42	-30.48	1666.96	1410.11
-9.42	-30.48	1666.12	1427.0
-9.42	-30.48	1665.28	1440.98
-9.42	-30.48	1664.44	1455.17
-9.42	-30.48	1663.6	1463.18
-9.42	-30.48	1662.75	1474.47
-9.42	-30.48	1661.91	1483.75
-9.42	-30.48	1661.07	1492.76
-9.42	-30.48	1660.23	1505.48
-9.42	-30.48	1659.39	1516.46
-9.42	-30.48	1658.55	1517.38
-9.42	-30.48	1657.7	1520.53
-9.42	-30.48	1656.86	1523.38
-9.42	-30.48	1656.02	1530.02
-9.42	-30.48	1655.18	1535.01
-9.42	-30.48	1654.33	1542.91
-9.42	-30.48	1653.49	1551.12
-9.42	-30.48	1652.65	1558.64
-9.42	-30.48	1651.81	1570.69
-9.42	-30.48	1650.96	1578.12
-9.42	-30.48	1650.12	1585.55
-9.42	-30.48	1649.28	1599.67
-9.42	-30.48	1648.43	1611.98
-9.42	-30.48	1647.59	1625.51
-9.42	-30.48	1646.74	1636.23
-9.42	-30.48	1645.9	1645.58
-9.42	-30.48	1645.06	1662.71
-9.42	-30.48	1644.21	1675.25
-9.42	-30.48	1643.37	1692.8
-9.42	-30.48	1642.52	1711.2
-9.42	-30.48	1641.68	1729.39
-9.42	-30.48	1640.83	1757.49
-9.42	-30.48	1639.99	1777.68
-9.42	-30.48	1639.14	1802.14
-9.42	-30.48	1638.3	1817.66
-9.42	-30.48	1637.45	1843.62
-9.42	-30.48	1636.61	1870.51
-9.42	-30.48	1635.76	1892.19
-9.42	-30.48	1634.91	1918.8
-9.42	-30.48	1634.07	1937.44
-9.42	-30.48	1633.22	1956.87
-9.42	-30.48	1632.38	1979.34
-9.42	-30.48	1631.53	2007.5
-9.42	-30.48	1630.68	2037.98
-9.42	-30.48	1629.84	2066.51
-9.42	-30.48	1628.99	2094.9
-9.42	-30.48	1628.14	2121.99
-9.42	-30.48	1627.29	2152.98
-9.42	-30.48	1626.45	2180.17
-9.42	-30.48	1625.6	2207.15
-9.42	-30.48	1624.75	2232.93
-9.42	-30.48	1623.9	2262.21
-9.42	-30.48	1623.06	2289.35
-9.42	-30.48	1622.21	2318.15
-9.42	-30.48	1621.36	2345.38
-9.42	-30.48	1620.51	2369.2
-9.42	-30.48	1619.66	2391.96
-9.42	-30.48	1618.81	2420.12
-9.42	-30.48	1617.96	2446.25
-9.42	-30.48	1617.12	2471.79
-9.42	-30.48	1616.27	2493.96
-9.42	-30.48	1615.42	2516.64
-9.42	-30.48	1614.57	2535.32
-9.42	-30.48	1613.72	2551.51
-9.42	-30.48	1612.87	2561.51
-9.42	-30.48	1612.02	2576.09
-9.42	-30.48	1611.17	2594.61
-9.42	-30.48	1610.32	2615.02
-9.42	-30.48	1609.47	2629.53
-9.42	-30.48	1608.62	2643.92
-9.42	-30.48	1607.77	2659.45
-9.42	-30.48	1606.92	2678.04
-9.42	-30.48	1606.06	2693.99
-9.42	-30.48	1605.21	2704.48
-9.42	-30.48	1604.36	2715.66
-9.42	-30.48	1603.51	2730.16
-9.42	-30.48	1602.66	2741.98
-9.42	-30.48	1601.81	2756.96
-9.42	-30.48	1600.96	2763.98
-9.42	-30.48	1600.1	2775.31
-9.42	-30.48	1599.25	2783.64
-9.42	-30.48	1598.4	2788.48
-9.42	-30.48	1597.55	2796.62
-9.42	-30.48	1596.69	2800.66
-9.42	-30.48	1595.84	2807.57
-9.42	-30.48	1594.99	2811.91
-9.42	-30.48	1594.14	2813.9
-9.42	-30.48	1593.28	2817.1
-9.42	-30.48	1592.43	2816.53
-9.42	-30.48	1591.58	2817.23
-9.42	-30.48	1590.72	2805.37
-9.42	-30.48	1589.87	2799.69
-9.42	-30.48	1589.02	2798.15
-9.42	-30.48	1588.16	2789.42
-9.42	-30.48	1587.31	2782.15
-9.42	-30.48	1586.45	2773.4
-9.42	-30.48	1585.6	2766.17
-9.42	-30.48	1584.74	2760.38
-9.42	-30.48	1583.89	2742.66
-9.42	-30.48	1583.03	2733.6
-9.42	-30.48	1582.18	2715.94
-9.42	-30.48	1581.32	2712.21
-9.42	-30.48	1580.47	2697.68
-9.42	-30.48	1579.61	2683.72
-9.42	-30.48	1578.76	2671.16
-9.42	-30.48	1577.9	2661.17
-9.42	-30.48	1577.05	2647.98
-9.42	-30.48	1576.19	2639.67
-9.42	-30.48	1575.33	2620.45
-9.42	-30.48	1574.48	2607.55
-9.42	-30.48	1573.62	2596.35
-9.42	-30.48	1572.76	2588.35
-9.42	-30.48	1571.91	2580.57
-9.42	-30.48	1571.05	2573.4
-9.42	-30.48	1570.19	2572.2
-9.42	-30.48	1569.34	2566.85
-9.42	-30.48	1568.48	2549.53
-9.42	-30.48	1567.62	2539.18
-9.42	-30.48	1566.76	2532.47
-9.42	-30.48	1565.91	2529.67
-9.42	-30.48	1565.05	2521.64
-9.42	-30.48	1564.19	2512.04
-9.42	-30.48	1563.33	2505.69
-9.42	-30.48	1562.47	2492.29
-9.42	-30.48	1561.62	2482.56
-9.42	-30.48	1560.76	2468.79
-9.42	-30.48	1559.9	2456.44
-9.42	-30.48	1559.04	2448.81
-9.42	-30.48	1558.18	2432.21
-9.42	-30.48	1557.32	2418.07
-9.42	-30.48	1556.46	2407.19
-9.42	-30.48	1555.6	2406.84
-9.42	-30.48	1554.74	2396.01
-9.42	-30.48	1553.88	2390.09
-9.42	-30.48	1553.02	2381.84
-9.42	-30.48	1552.16	2374.92
-9.42	-30.48	1551.3	2365.07
-9.42	-30.48	1550.44	2358.42
-9.42	-30.48	1549.58	2347.08
-9.42	-30.48	1548.72	2339.01
-9.42	-30.48	1547.86	2331.07
-9.42	-30.48	1547.0	2327.09
-9.42	-30.48	1546.14	2316.39
-9.42	-30.48	1545.28	2304.66
-9.42	-30.48	1544.41	2295.29
-9.42	-30.48	1543.55	2290.57
-9.42	-30.48	1542.69	2277.6
-9.42	-30.48	1541.83	2273.96
-9.42	-30.48	1540.97	2273.21
-9.42	-30.48	1540.1	2273.23
-9.42	-30.48	1539.24	2268.0
-9.42	-30.48	1538.38	2263.05
-9.42	-30.48	1537.52	2260.81
-9.42	-30.48	1536.65	2254.41
-9.42	-30.48	1535.79	2253.84
-9.42	-30.48	1534.93	2251.6
-9.42	-30.48	1534.06	2242.93
-9.42	-30.48	1533.2	2243.37
-9.42	-30.48	1532.34	2243.54
-9.42	-30.48	1531.47	2243.27
-9.42	-30.48	1530.61	2250.07
-9.42	-30.48	1529.75	2251.22
-9.42	-30.48	1528.88	2255.04
-9.42	-30.48	1528.02	2261.86
-9.42	-30.48	1527.15	2266.06
-9.42	-30.48	1526.29	2266.32
-9.42	-30.48	1525.42	2272.06
-9.42	-30.48	1524.56	2279.2
-9.42	-30.48	1523.69	2281.88
-9.42	-30.48	1522.83	2286.79
-9.42	-30.48	1521.96	2288.64
-9.42	-30.48	1521.1	2294.07
-9.42	-30.48	1520.23	2298.25
-9.42	-30.48	1519.37	2300.22
-9.42	-30.48	1518.5	2310.67
-9.42	-30.48	1517.63	2319.63
-9.42	-30.48	1516.77	2314.99
-9.42	-30.48	1515.9	2318.73
-9.42	-30.48	1515.03	2318.39
-9.42	-30.48	1514.17	2320.07
-9.42	-30.48	1513.3	2323.65
-9.42	-30.48	1512.43	2319.96
-9.42	-30.48	1511.57	2312.96
-9.42	-30.48	1510.7	2311.76
-9.42	-30.48	1509.83	2312.91
-9.42	-30.48	1508.96	2305.88
-9.42	-30.48	1508.1	2301.58
-9.42	-30.48	1507.23	2302.72
-9.42	-30.48	1506.36	2295.59
-9.42	-30.48	1505.49	2297.46
-9.42	-30.48	1504.62	2301.04
-9.42	-30.48	1503.76	2296.97
-9.42	-30.48	1502.89	2306.11
-9.42	-30.48	1502.02	2309.01
-9.42	-30.48	1501.15	2311.46
-9.42	-30.48	1500.28	2311.42
-9.42	-30.48	1499.41	2321.79
-9.42	-30.48	1498.54	2332.53
-9.42	-30.48	1497.67	2338.67
-9.42	-30.48	1496.8	2345.79
-9.42	-30.48	1495.93	2360.75
-9.42	-30.48	1495.06	2375.88
-9.42	-30.48	1494.19	2387.3
-9.42	-30.48	1493.32	2393.93
-9.42	-30.48	1492.45	2404.68
-9.42	-30.48	1491.58	2405.85
-9.42	-30.48	1490.71	2408.91
-9.42	-30.48	1489.84	2412.34
-9.42	-30.48	1488.97	2417.24
-9.42	-30.48	1488.1	2425.02
-9.42	-30.48	1487.23	2424.4
-9.42	-30.48	1486.35	2415.34
-9.42	-30.48	1485.48	2409.94
-9.42	-30.48	1484.61	2414.13
-9.42	-30.48	1483.74	2409.04
-9.42	-30.48	1482.87	2400.18
-9.42	-30.48	1481.99	2402.61
-9.42	-30.48	1481.12	2393.02
-9.42	-30.48	1480.25	2391.7
-9.42	-30.48	1479.38	2394.1
-9.42	-30.48	1478.5	2382.24
-9.42	-30.48	1477.63	2375.45
-9.42	-30.48	1476.76	2376.5
-9.42	-30.48	1475.88	2369.52
-9.42	-30.48	1475.01	2368.37
-9.42	-30.48	1474.14	2366.06
-9.42	-30.48	1473.26	2371.66
-9.42	-30.48	1472.39	2379.76
-9.42	-30.48	1471.51	2378.12
-9.42	-30.48	1470.64	2381.45
-9.42	-30.48	1469.77	2391.13
-9.42	-30.48	1468.89	2395.02
-9.42	-30.48	1468.02	2395.93
-9.42	-30.48	1467.14	2397.97
-9.42	-30.48	1466.27	2397.98
-9.42	-30.48	1465.39	2400.64
-9.42	-30.48	1464.52	2405.16
-9.42	-30.48	1463.64	2403.93
-9.42	-30.48	1462.77	2409.11
-9.42	-30.48	1461.89	2405.57
-9.42	-30.48	1461.01	2405.16
-9.42	-30.48	1460.14	2404.92
-9.42	-30.48	1459.26	2408.84
-9.42	-30.48	1458.39	2403.6
-9.42	-30.48	1457.51	2402.73
-9.42	-30.48	1456.63	2401.74
-9.42	-30.48	1455.76	2401.0
-9.42	-30.48	1454.88	2393.93
-9.42	-30.48	1454.0	2401.58
-9.42	-30.48	1453.12	2394.91
-9.42	-30.48	1452.25	2391.83
-9.42	-30.48	1451.37	2399.27
-9.42	-30.48	1450.49	2399.83
-9.42	-30.48	1449.61	2402.78
-9.42	-30.48	1448.74	2403.92
-9.42	-30.48	1447.86	2403.73
-9.42	-30.48	1446.98	2414.65
-9.42	-30.48	1446.1	2425.84
-9.42	-30.48	1445.22	2426.2
-9.42	-30.48	1444.34	2439.4
-9.42	-30.48	1443.46	2450.65
-9.42	-30.48	1442.58	2466.77
-9.42	-30.48	1441.71	2474.86
-9.42	-30.48	1440.83	2486.95
-9.42	-30.48	1439.95	2502.38
-9.42	-30.48	1439.07	2521.58
-9.42	-30.48	1438.19	2539.26
-9.42	-30.48	1437.31	2558.23
-9.42	-30.48	1436.43	2571.63
-9.42	-30.48	1435.55	2587.15
-9.42	-30.48	1434.67	2606.27
-9.42	-30.48	1433.79	2614.25
-9.42	-30.48	1432.9	2628.76
-9.42	-30.48	1432.02	2642.42
-9.42	-30.48	1431.14	2663.21
-9.42	-30.48	1430.26	2675.45
-9.42	-30.48	1429.38	2688.71
-9.42	-30.48	1428.5	2706.25
-9.42	-30.48	1427.62	2717.55
-9.42	-30.48	1426.74	2720.24
-9.42	-30.48	1425.85	2731.42
-9.42	-30.48	1424.97	2744.63
-9.42	-30.48	1424.09	2743.78
-9.42	-30.48	1423.21	2748.52
-9.42	-30.48	1422.32	2751.68
-9.42	-30.48	1421.44	2754.45
-9.42	-30.48	1420.56	2769.71
-9.42	-30.48	1419.67	2769.15
-9.42	-30.48	1418.79	2760.63
-9.42	-30.48	1417.91	2762.3
-9.42	-30.48	1417.02	2762.61
-9.42	-30.48	1416.14	2762.27
-9.42	-30.48	1415.26	2755.18
-9.42	-30.48	1414.37	2749.88
-9.42	-30.48	1413.49	2752.68
-9.42	-30.48	1412.6	2744.37
-9.42	-30.48	1411.72	2737.81
-9.42	-30.48	1410.84	2728.15
-9.42	-30.48	1409.95	2719.0
-9.42	-30.48	1409.07	2719.94
-9.42	-30.48	1408.18	2710.78
-9.42	-30.48	1407.3	2700.6
-9.42	-30.48	1406.41	2701.23
-9.42	-30.48	1405.52	2703.63
-9.42	-30.48	1404.64	2696.51
-9.42	-30.48	1403.75	2687.98
-9.42	-30.48	1402.87	2675.19
-9.42	-30.48	1401.98	2674.87
-9.42	-30.48	1401.09	2664.26
-9.42	-30.48	1400.21	2660.73
-9.42	-30.48	1399.32	2660.13
-9.42	-30.48	1398.43	2666.78
-9.42	-30.48	1397.55	2661.32
-9.42	-30.48	1396.66	2663.4
-9.42	-30.48	1395.77	2668.8
-9.42	-30.48	1394.89	2677.92
-9.42	-30.48	1394.0	2691.77
-9.42	-30.48	1393.11	2700.6
-9.42	-30.48	1392.22	2715.52
-9.42	-30.48	1391.34	2743.89
-9.42	-30.48	1390.45	2774.81
-9.42	-30.48	1389.56	2795.92
-9.42	-30.48	1388.67	2823.22
-9.42	-30.48	1387.78	2855.64
-9.42	-30.48	1386.89	2895.73
-9.42	-30.48	1386.0	2924.74
-9.42	-30.48	1385.11	2958.02
-9.42	-30.48	1384.23	2995.2
-9.42	-30.48	1383.34	3031.72
-9.42	-30.48	1382.45	3061.55
-9.42	-30.48	1381.56	3083.09
-9.42	-30.48	1380.67	3108.1
-9.42	-30.48	1379.78	3126.66
-9.42	-30.48	1378.89	3139.28
-9.42	-30.48	1378.0	3135.16
-9.42	-30.48	1377.11	3138.99
-9.42	-30.48	1376.22	3136.07
-9.42	-30.48	1375.32	3129.87
-9.42	-30.48	1374.43	3111.85
-9.42	-30.48	1373.54	3095.58
-9.42	-30.48	1372.65	3079.23
-9.42	-30.48	1371.76	3062.12
-9.42	-30.48	1370.87	3029.76
-9.42	-30.48	1369.98	2999.1
-9.42	-30.48	1369.08	2972.32
-9.42	-30.48	1368.19	2946.81
-9.42	-30.48	1367.3	2922.69
-9.42	-30.48	1366.41	2894.85
-9.42	-30.48	1365.52	2869.91
-9.42	-30.48	1364.62	2854.97
-9.42	-30.48	1363.73	2832.59
-9.42	-30.48	1362.84	2811.29
-9.42	-30.48	1361.94	2800.39
-9.42	-30.48	1361.05	2802.8
-9.42	-30.48	1360.16	2800.42
-9.42	-30.48	1359.26	2798.5
-9.42	-30.48	1358.37	2806.44
-9.42	-30.48	1357.48	2822.16
-9.42	-30.48	1356.58	2839.65
-9.42	-30.48	1355.69	2854.61
-9.42	-30.48	1354.79	2867.81
-9.42	-30.48	1353.9	2892.61
-9.42	-30.48	1353.0	2923.84
-9.42	-30.48	1352.11	2949.78
-9.42	-30.48	1351.21	2984.14
-9.42	-30.48	1350.32	3028.5
-9.42	-30.48	1349.42	3062.86
-9.42	-30.48	1348.53	3096.13
-9.42	-30.48	1347.63	3131.13
-9.42	-30.48	1346.74	3170.83
-9.42	-30.48	1345.84	3208.71
-9.42	-30.48	1344.94	3237.81
-9.42	-30.48	1344.05	3259.64
-9.42	-30.48	1343.15	3287.9
-9.42	-30.48	1342.26	3319.86
-9.42	-30.48	1341.36	3345.15
-9.42	-30.48	1340.46	3362.99
-9.42	-30.48	1339.56	3380.85
-9.42	-30.48	1338.67	3399.85
-9.42	-30.48	1337.77	3418.41
-9.42	-30.48	1336.87	3423.82
-9.42	-30.48	1335.97	3445.34
-9.42	-30.48	1335.08	3469.0
-9.42	-30.48	1334.18	3488.43
-9.42	-30.48	1333.28	3489.07
-9.42	-30.48	1332.38	3502.46
-9.42	-30.48	1331.48	3512.4
-9.42	-30.48	1330.59	3520.93
-9.42	-30.48	1329.69	3520.1
-9.42	-30.48	1328.79	3514.06
-9.42	-30.48	1327.89	3516.13
-9.42	-30.48	1326.99	3529.13
-9.42	-30.48	1326.09	3531.06
-9.42	-30.48	1325.19	3524.41
-9.42	-30.48	1324.29	3527.96
-9.42	-30.48	1323.39	3520.99
-9.42	-30.48	1322.49	3504.82
-9.42	-30.48	1321.59	3495.13
-9.42	-30.48	1320.69	3486.92
-9.42	-30.48	1319.79	3481.56
-9.42	-30.48	1318.89	3473.96
-9.42	-30.48	1317.99	3464.48
-9.42	-30.48	1317.09	3455.01
-9.42	-30.48	1316.19	3452.99
-9.42	-30.48	1315.29	3438.76
-9.42	-30.48	1314.38	3427.31
-9.42	-30.48	1313.48	3420.26
-9.42	-30.48	1312.58	3418.43
-9.42	-30.48	1311.68	3415.42
-9.42	-30.48	1310.78	3406.93
-9.42	-30.48	1309.87	3401.62
-9.42	-30.48	1308.97	3406.56
-9.42	-30.48	1308.07	3392.92
-9.42	-30.48	1307.17	3369.95
-9.42	-30.48	1306.26	3353.56
-9.42	-30.48	1305.36	3338.95
-9.42	-30.48	1304.46	3320.86
-9.42	-30.48	1303.55	3295.7
-9.42	-30.48	1302.65	3262.32
-9.42	-30.48	1301.75	3242.23
-9.42	-30.48	1300.84	3224.2
-9.42	-30.48	1299.94	3192.57
-9.42	-30.48	1299.03	3154.09
-9.42	-30.48	1298.13	3124.28
-9.42	-30.48	1297.23	3094.72
-9.42	-30.48	1296.32	3064.58
-9.42	-30.48	1295.42	3033.61
-9.42	-30.48	1294.51	3013.42
-9.42	-30.48	1293.61	2984.53
-9.42	-30.48	1292.7	2956.96
-9.42	-30.48	1291.8	2935.03
-9.42	-30.48	1290.89	2912.15
-9.42	-30.48	1289.98	2887.92
-9.42	-30.48	1289.08	2870.15
-9.42	-30.48	1288.17	2851.26
-9.42	-30.48	1287.27	2841.29
-9.42	-30.48	1286.36	2830.41
-9.42	-30.48	1285.45	2810.06
-9.42	-30.48	1284.55	2796.51
-9.42	-30.48	1283.64	2780.82
-9.42	-30.48	1282.73	2772.27
-9.42	-30.48	1281.83	2754.7
-9.42	-30.48	1280.92	2734.18
-9.42	-30.48	1280.01	2717.55
-9.42	-30.48	1279.1	2706.45
-9.42	-30.48	1278.2	2688.16
-9.42	-30.48	1277.29	2667.07
-9.42	-30.48	1276.38	2649.31
-9.42	-30.48	1275.47	2635.74
-9.42	-30.48	1274.56	2626.37
-9.42	-30.48	1273.65	2608.64
-9.42	-30.48	1272.75	2591.25
-9.42	-30.48	1271.84	2582.15
-9.42	-30.48	1270.93	2578.32
-9.42	-30.48	1270.02	2568.34
-9.42	-30.48	1269.11	2556.83
-9.42	-30.48	1268.2	2547.93
-9.42	-30.48	1267.29	2546.11
-9.42	-30.48	1266.38	2538.69
-9.42	-30.48	1265.47	2536.4
-9.42	-30.48	1264.56	2539.1
-9.42	-30.48	1263.65	2547.5
-9.42	-30.48	1262.74	2546.54
-9.42	-30.48	1261.83	2545.56
-9.42	-30.48	1260.92	2554.11
-9.42	-30.48	1260.01	2555.41
-9.42	-30.48	1259.1	2555.15
-9.42	-30.48	1258.18	2546.23
-9.42	-30.48	1257.27	2554.15
-9.42	-30.48	1256.36	2557.03
-9.42	-30.48	1255.45	2556.42
-9.42	-30.48	1254.54	2547.01
-9.42	-30.48	1253.62	2541.04
-9.42	-30.48	1252.71	2531.97
-9.42	-30.48	1251.8	2526.53
-9.42	-30.48	1250.89	2517.03
-9.42	-30.48	1249.97	2501.44
-9.42	-30.48	1249.06	2492.65
-9.42	-30.48	1248.15	2476.23
-9.42	-30.48	1247.24	2459.61
-9.42	-30.48	1246.32	2446.26
-9.42	-30.48	1245.41	2432.87
-9.42	-30.48	1244.49	2419.81
-9.42	-30.48	1243.58	2407.25
-9.42	-30.48	1242.67	2389.19
-9.42	-30.48	1241.75	2383.24
-9.42	-30.48	1240.84	2373.47
-9.42	-30.48	1239.92	2357.1
-9.42	-30.48	1239.01	2340.29
-9.42	-30.48	1238.09	2330.64
-9.42	-30.48	1237.18	2312.41
-9.42	-30.48	1236.26	2299.43
-9.42	-30.48	1235.35	2275.98
-9.42	-30.48	1234.43	2268.29
-9.42	-30.48	1233.52	2264.72
-9.42	-30.48	1232.6	2243.19
-9.42	-30.48	1231.69	2230.72
-9.42	-30.48	1230.77	2228.32
-9.42	-30.48	1229.85	2228.39
-9.42	-30.48	1228.94	2221.67
-9.42	-30.48	1228.02	2219.96
-9.42	-30.48	1227.1	2216.75
-9.42	-30.48	1226.19	2215.7
-9.42	-30.48	1225.27	2212.24
-9.42	-30.48	1224.35	2211.75
-9.42	-30.48	1223.43	2213.53
-9.42	-30.48	1222.52	2211.88
-9.42	-30.48	1221.6	2210.09
-9.42	-30.48	1220.68	2214.7
-9.42	-30.48	1219.76	2218.29
-9.42	-30.48	1218.84	2226.65
-9.42	-30.48	1217.93	2227.49
-9.42	-30.48	1217.01	2233.33
-9.42	-30.48	1216.09	2237.18
-9.42	-30.48	1215.17	2241.26
-9.42	-30.48	1214.25	2245.75
-9.42	-30.48	1213.33	2236.91
-9.42	-30.48	1212.41	2229.35
-9.42	-30.48	1211.49	2230.59
-9.42	-30.48	1210.57	2223.59
-9.42	-30.48	1209.65	2211.9
-9.42	-30.48	1208.73	2213.25
-9.42	-30.48	1207.81	2206.87
-9.42	-30.48	1206.89	2202.65
-9.42	-30.48	1205.97	2190.25
-9.42	-30.48	1205.05	2180.42
-9.42	-30.48	1204.13	2185.2
-9.42	-30.48	1203.21	2186.98
-9.42	-30.48	1202.29	2185.85
-9.42	-30.48	1201.37	2186.82
-9.42	-30.48	1200.45	2191.13
-9.42	-30.48	1199.52	2188.82
-9.42	-30.48	1198.6	2189.0
-9.42	-30.48	1197.68	2191.88
-9.42	-30.48	1196.76	2196.97
-9.42	-30.48	1195.84	2196.91
-9.42	-30.48	1194.91	2194.13
-9.42	-30.48	1193.99	2193.99
-9.42	-30.48	1193.07	2201.94
-9.42	-30.48	1192.14	2201.6
-9.42	-30.48	1191.22	2198.87
-9.42	-30.48	1190.3	2201.41
-9.42	-30.48	1189.37	2204.61
-9.42	-30.48	1188.45	2204.77
-9.42	-30.48	1187.53	2207.66
-9.42	-30.48	1186.6	2204.96
-9.42	-30.48	1185.68	2206.58
-9.42	-30.48	1184.76	2208.96
-9.42	-30.48	1183.83	2200.47
-9.42	-30.48	1182.91	2196.93
-9.42	-30.48	1181.98	2192.54
-9.42	-30.48	1181.06	2187.04
-9.42	-30.48	1180.13	2182.11
-9.42	-30.48	1179.21	2176.2
-9.42	-30.48	1178.28	2178.17
-9.42	-30.48	1177.36	2180.27
-9.42	-30.48	1176.43	2183.21
-9.42	-30.48	1175.5	2185.1
-9.42	-30.48	1174.58	2185.48
-9.42	-30.48	1173.65	2185.06
-9.42	-30.48	1172.72	2181.1
-9.42	-30.48	1171.8	2182.61
-9.42	-30.48	1170.87	2183.7
-9.42	-30.48	1169.94	2179.15
-9.42	-30.48	1169.02	2171.6
-9.42	-30.48	1168.09	2166.2
-9.42	-30.48	1167.16	2170.35
-9.42	-30.48	1166.24	2172.71
-9.42	-30.48	1165.31	2171.74
-9.42	-30.48	1164.38	2166.52
-9.42	-30.48	1163.45	2160.08
-9.42	-30.48	1162.52	2163.21
-9.42	-30.48	1161.6	2157.88
-9.42	-30.48	1160.67	2155.34
-9.42	-30.48	1159.74	2153.86
-9.42	-30.48	1158.81	2149.57
-9.42	-30.48	1157.88	2136.18
-9.42	-30.48	1156.95	2130.03
-9.42	-30.48	1156.02	2121.63
-9.42	-30.48	1155.09	2122.53
-9.42	-30.48	1154.16	2109.29
-9.42	-30.48	1153.23	2107.47
-9.42	-30.48	1152.3	2108.38
-9.42	-30.48	1151.37	2101.69
-9.42	-30.48	1150.44	2097.28
-9.42	-30.48	1149.51	2091.66
-9.42	-30.48	1148.58	2086.5
-9.42	-30.48	1147.65	2078.44
-9.42	-30.48	1146.72	2070.8
-9.42	-30.48	1145.79	2066.64
-9.42	-30.48	1144.86	2058.83
-9.42	-30.48	1143.92	2054.72
-9.42	-30.48	1142.99	2047.0
-9.42	-30.48	1142.06	2040.39
-9.42	-30.48	1141.13	2032.01
-9.42	-30.48	1140.2	2029.09
-9.42	-30.48	1139.26	2024.17
-9.42	-30.48	1138.33	2018.68
-9.42	-30.48	1137.4	2006.99
-9.42	-30.48	1136.47	1997.77
-9.42	-30.48	1135.53	1988.49
-9.42	-30.48	1134.6	1987.92
-9.42	-30.48	1133.67	1983.99
-9.42	-30.48	1132.73	1977.92
-9.42	-30.48	1131.8	1973.24
-9.42	-30.48	1130.87	1971.85
-9.42	-30.48	1129.93	1969.51
-9.42	-30.48	1129.0	1980.57
-9.42	-30.48	1128.06	1978.56
-9.42	-30.48	1127.13	1980.03
-9.42	-30.48	1126.19	1982.62
-9.42	-30.48	1125.26	1983.48
-9.42	-30.48	1124.32	1985.12
-9.42	-30.48	1123.39	1985.85
-9.42	-30.48	1122.45	1991.21
-9.42	-30.48	1121.52	2002.17
-9.42	-30.48	1120.58	2007.09
-9.42	-30.48	1119.65	2014.83
-9.42	-30.48	1118.71	2020.51
-9.42	-30.48	1117.78	2025.59
-9.42	-30.48	1116.84	2028.64
-9.42	-30.48	1115.9	2030.62
-9.42	-30.48	1114.97	2030.42
-9.42	-30.48	1114.03	2024.37
-9.42	-30.48	1113.09	2015.46
-9.42	-30.48	1112.15	2018.9
-9.42	-30.48	1111.22	2016.99
-9.42	-30.48	1110.28	2013.85
-9.42	-30.48	1109.34	2006.77
-9.42	-30.48	1108.4	2008.62
-9.42	-30.48	1107.47	2007.01
-9.42	-30.48	1106.53	1999.71
-9.42	-30.48	1105.59	1993.14
-9.42	-30.48	1104.65	1983.76
-9.42	-30.48	1103.71	1981.77
-9.42	-30.48	1102.77	1969.03
-9.42	-30.48	1101.83	1951.82
-9.42	-30.48	1100.9	1939.99
-9.42	-30.48	1099.96	1921.46
-9.42	-30.48	1099.02	1910.14
-9.42	-30.48	1098.08	1888.52
-9.42	-30.48	1097.14	1870.86
-9.42	-30.48	1096.2	1858.6
-9.42	-30.48	1095.26	1844.07
-9.42	-30.48	1094.32	1835.56
-9.42	-30.48	1093.38	1821.78
-9.42	-30.48	1092.44	1807.91
-9.42	-30.48	1091.49	1794.38
-9.42	-30.48	1090.55	1782.87
-9.42	-30.48	1089.61	1770.96
-9.42	-30.48	1088.67	1758.03
-9.42	-30.48	1087.73	1742.32
-9.42	-30.48	1086.79	1729.34
-9.42	-30.48	1085.85	1718.11
-9.42	-30.48	1084.9	1711.46
-9.42	-30.48	1083.96	1712.34
-9.42	-30.48	1083.02	1708.62
-9.42	-30.48	1082.08	1711.26
-9.42	-30.48	1081.13	1710.12
-9.42	-30.48	1080.19	1708.63
-9.42	-30.48	1079.25	1705.23
-9.42	-30.48	1078.31	1703.07
-9.42	-30.48	1077.36	1707.91
-9.42	-30.48	1076.42	1703.19
-9.42	-30.48	1075.48	1704.37
-9.42	-30.48	1074.53	1699.52
-9.42	-30.48	1073.59	1702.2
-9.42	-30.48	1072.64	1702.74
-9.42	-30.48	1071.7	1693.63
-9.42	-30.48	1070.75	1694.58
-9.42	-30.48	1069.81	1688.39
-9.42	-30.48	1068.86	1692.98
-9.42	-30.48	1067.92	1689.36
-9.42	-30.48	1066.97	1689.9
-9.42	-30.48	1066.03	1691.08
-9.42	-30.48	1065.08	1687.95
-9.42	-30.48	1064.14	1687.34
-9.42	-30.48	1063.19	1688.48
-9.42	-30.48	1062.25	1688.24
-9.42	-30.48	1061.3	1679.05
-9.42	-30.48	1060.35	1674.72
-9.42	-30.48	1059.41	1670.25
-9.42	-30.48	1058.46	1670.6
-9.42	-30.48	1057.51	1667.47
-9.42	-30.48	1056.57	1667.59
-9.42	-30.48	1055.62	1671.25
-9.42	-30.48	1054.67	1669.81
-9.42	-30.48	1053.72	1666.95
-9.42	-30.48	1052.78	1662.88
-9.42	-30.48	1051.83	1665.71
-9.42	-30.48	1050.88	1668.66
-9.42	-30.48	1049.93	1667.15
-9.42	-30.48	1048.98	1668.36
-9.42	-30.48	1048.03	1667.21
-9.42	-30.48	1047.09	1669.22
-9.42	-30.48	1046.14	1673.55
-9.42	-30.48	1045.19	1672.19
-9.42	-30.48	1044.24	1671.64
-9.42	-30.48	1043.29	1673.57
-9.42	-30.48	1042.34	1680.65
-9.42	-30.48	1041.39	1680.89
-9.42	-30.48	1040.44	1687.71
-9.42	-30.48	1039.49	1688.78
-9.42	-30.48	1038.54	1693.4
-9.42	-30.48	1037.59	1696.77
-9.42	-30.48	1036.64	1696.82
-9.42	-30.48	1035.69	1700.54
-9.42	-30.48	1034.74	1702.77
-9.42	-30.48	1033.79	1697.3
-9.42	-30.48	1032.83	1695.36
-9.42	-30.48	1031.88	1695.76
-9.42	-30.48	1030.93	1693.05
-9.42	-30.48	1029.98	1688.97
-9.42	-30.48	1029.03	1684.8
-9.42	-30.48	1028.07	1679.84
-9.42	-30.48	1027.12	1672.35
-9.42	-30.48	1026.17	1665.16
-9.42	-30.48	1025.22	1656.76
-9.42	-30.48	1024.26	1652.26
-9.42	-30.48	1023.31	1646.51
-9.42	-30.48	1022.36	1636.31
-9.42	-30.48	1021.4	1630.47
-9.42	-30.48	1020.45	1625.83
-9.42	-30.48	1019.5	1623.41
-9.42	-30.48	1018.54	1622.55
-9.42	-30.48	1017.59	1623.92
-9.42	-30.48	1016.64	1624.03
-9.42	-30.48	1015.68	1626.13
-9.42	-30.48	1014.73	1625.52
-9.42	-30.48	1013.77	1628.3
-9.42	-30.48	1012.82	1630.19
-9.42	-30.48	1011.86	1639.44
-9.42	-30.48	1010.91	1643.01
-9.42	-30.48	1009.95	1644.94
-9.42	-30.48	1009.0	1648.85
-9.42	-30.48	1008.04	1653.6
-9.42	-30.48	1007.08	1657.24
-9.42	-30.48	1006.13	1655.24
-9.42	-30.48	1005.17	1659.18
-9.42	-30.48	1004.22	1666.32
-9.42	-30.48	1003.26	1668.38
-9.42	-30.48	1002.3	1669.93
-9.42	-30.48	1001.34	1670.24
-9.42	-30.48	1000.39	1666.69
-9.42	-30.48	999.431	1662.4
-9.42	-30.48	998.4730000000001	1661.16
-9.42	-30.48	997.515	1655.4
-9.42	-30.48	996.558	1644.76
-9.42	-30.48	995.6	1637.9
-9.42	-30.48	994.6410000000001	1628.29
-9.42	-30.48	993.683	1617.74
-9.42	-30.48	992.725	1612.8
-9.42	-30.48	991.7660000000001	1608.63
-9.42	-30.48	990.807	1603.51
-9.42	-30.48	989.8480000000001	1597.67
-9.42	-30.48	988.8889999999999	1588.52
-9.42	-30.48	987.93	1584.6
-9.42	-30.48	986.97	1573.5
-9.42	-30.48	986.01	1569.98
-9.42	-30.48	985.05	1566.62
-9.42	-30.48	984.09	1564.91
-9.42	-30.48	983.13	1565.14
-9.42	-30.48	982.17	1561.04
-9.42	-30.48	981.209	1561.56
-9.42	-30.48	980.248	1565.32
-9.42	-30.48	979.288	1566.31
-9.42	-30.48	978.326	1564.43
-9.42	-30.48	977.365	1565.59
-9.42	-30.48	976.404	1572.38
-9.42	-30.48	975.442	1575.76
-9.42	-30.48	974.48	1579.03
-9.42	-30.48	973.518	1579.33
-9.42	-30.48	972.556	1578.69
-9.42	-30.48	971.5939999999999	1578.6
-9.42	-30.48	970.632	1581.28
-9.42	-30.48	969.669	1582.95
-9.42	-30.48	968.706	1584.61
-9.42	-30.48	967.743	1585.66
-9.42	-30.48	966.78	1589.28
-9.42	-30.48	965.817	1590.22
-9.42	-30.48	964.8530000000001	1592.83
-9.42	-30.48	963.8889999999999	1598.83
-9.42	-30.48	962.926	1604.55
-9.42	-30.48	961.961	1605.99
-9.42	-30.48	960.997	1607.29
-9.42	-30.48	960.033	1611.88
-9.42	-30.48	959.068	1618.06
-9.42	-30.48	958.1039999999999	1626.3
-9.42	-30.48	957.1389999999999	1635.94
-9.42	-30.48	956.174	1643.83
-9.42	-30.48	955.2080000000001	1652.77
-9.42	-30.48	954.243	1658.4
-9.42	-30.48	953.2769999999999	1664.08
-9.42	-30.48	952.312	1676.64
-9.42	-30.48	951.346	1684.21
-9.42	-30.48	950.38	1691.9
-9.42	-30.48	949.413	1696.43
-9.42	-30.48	948.447	1706.04
-9.42	-30.48	947.48	1713.69
-9.42	-30.48	946.513	1722.32
-9.42	-30.48	945.546	1726.79
-9.42	-30.48	944.579	1732.29
-9.42	-30.48	943.612	1738.36
-9.42	-30.48	942.6439999999999	1736.98
-9.42	-30.48	941.677	1737.87
-9.42	-30.48	940.709	1737.45
-9.42	-30.48	939.7410000000001	1738.1
-9.42	-30.48	938.773	1736.42
-9.42	-30.48	937.804	1737.68
-9.42	-30.48	936.836	1733.37
-9.42	-30.48	935.867	1728.84
-9.42	-30.48	934.898	1727.44
-9.42	-30.48	933.929	1722.17
-9.42	-30.48	932.96	1716.08
-9.42	-30.48	931.99	1709.64
-9.42	-30.48	931.0210000000001	1709.53
-9.42	-30.48	930.051	1703.5
-9.42	-30.48	929.081	1698.77
-9.42	-30.48	928.1110000000001	1686.51
-9.42	-30.48	927.1410000000001	1678.32
-9.42	-30.48	926.17	1671.83
-9.42	-30.48	925.199	1666.75
-9.42	-30.48	924.2289999999999	1664.15
-9.42	-30.48	923.258	1665.55
-9.42	-30.48	922.2860000000001	1664.04
-9.42	-30.48	921.315	1662.61
-9.42	-30.48	920.3439999999999	1653.08
-9.42	-30.48	919.372	1653.33
-9.42	-30.48	918.4	1650.21
-9.42	-30.48	917.428	1648.37
-9.42	-30.48	916.456	1645.65
-9.42	-30.48	915.4830000000001	1647.33
-9.42	-30.48	914.5110000000001	1644.55
-9.42	-30.48	913.538	1641.48
-9.42	-30.48	912.565	1638.18
-9.42	-30.48	911.592	1640.12
-9.42	-30.48	910.6189999999999	1645.26
-9.42	-30.48	909.645	1645.68
-9.42	-30.48	908.671	1644.66
-9.42	-30.48	907.698	1641.92
-9.42	-30.48	906.7239999999999	1642.6
-9.42	-30.48	905.75	1642.85
-9.42	-30.48	904.775	1643.84
-9.42	-30.48	903.801	1650.54
-9.42	-30.48	902.826	1653.78
-9.42	-30.48	901.8510000000001	1654.13
-9.42	-30.48	900.8760000000001	1651.91
-9.42	-30.48	899.9010000000001	1654.26
-9.42	-30.48	898.925	1654.37
-9.42	-30.48	897.95	1657.04
-9.42	-30.48	896.9739999999999	1659.7
-9.42	-30.48	895.998	1662.08
-9.42	-30.48	895.0219999999999	1660.84
-9.42	-30.48	894.046	1659.55
-9.42	-30.48	893.069	1657.36
-9.42	-30.48	892.0930000000001	1654.87
-9.42	-30.48	891.1160000000001	1649.62
-9.42	-30.48	890.1389999999999	1652.11
-9.42	-30.48	889.1619999999999	1654.37
-9.42	-30.48	888.184	1656.55
-9.42	-30.48	887.207	1658.39
-9.42	-30.48	886.2289999999999	1660.06
-9.42	-30.48	885.2510000000001	1662.72
-9.42	-30.48	884.273	1662.39
-9.42	-30.48	883.295	1658.0
-9.42	-30.48	882.317	1664.76
-9.42	-30.48	881.3380000000001	1665.49
-9.42	-30.48	880.3589999999999	1663.3
-9.42	-30.48	879.38	1664.86
-9.42	-30.48	878.4010000000001	1671.27
-9.42	-30.48	877.422	1678.21
-9.42	-30.48	876.442	1680.22
-9.42	-30.48	875.4630000000001	1688.84
-9.42	-30.48	874.4830000000001	1696.21
-9.42	-30.48	873.503	1702.0
-9.42	-30.48	872.523	1702.68
-9.42	-30.48	871.5419999999999	1707.5
-9.42	-30.48	870.562	1720.06
-9.42	-30.48	869.581	1722.77
-9.42	-30.48	868.6	1727.5
-9.42	-30.48	867.6189999999999	1734.37
-9.42	-30.48	866.638	1745.7
-9.42	-30.48	865.6569999999999	1765.97
-9.42	-30.48	864.675	1786.99
-9.42	-30.48	863.693	1814.0
-9.42	-30.48	862.711	1847.25
-9.42	-30.48	861.7289999999999	1879.44
-9.42	-30.48	860.747	1919.65
-9.42	-30.48	859.7639999999999	1962.24
-9.42	-30.48	858.7819999999999	2005.42
-9.42	-30.48	857.799	2043.92
-9.42	-30.48	856.816	2082.12
-9.42	-30.48	855.8330000000001	2115.94
-9.42	-30.48	854.8489999999999	2150.62
-9.42	-30.48	853.8660000000001	2177.68
-9.42	-30.48	852.882	2205.93
-9.42	-30.48	851.898	2225.92
-9.42	-30.48	850.914	2239.23
-9.42	-30.48	849.93	2250.72
-9.42	-30.48	848.945	2256.39
-9.42	-30.48	847.961	2264.79
-9.42	-30.48	846.9760000000001	2257.52
-9.42	-30.48	845.9910000000001	2247.9
-9.42	-30.48	845.0060000000001	2235.59
-9.42	-30.48	844.02	2216.2
-9.42	-30.48	843.035	2184.8
-9.42	-30.48	842.049	2156.85
-9.42	-30.48	841.063	2124.39
-9.42	-30.48	840.077	2084.04
-9.42	-30.48	839.091	2054.0
-9.42	-30.48	838.1039999999999	2020.7
-9.42	-30.48	837.118	1992.63
-9.42	-30.48	836.1310000000001	1965.77
-9.42	-30.48	835.1439999999999	1934.96
-9.42	-30.48	834.1569999999999	1915.49
-9.42	-30.48	833.17	1894.2
-9.42	-30.48	832.182	1877.07
-9.42	-30.48	831.195	1858.47
-9.42	-30.48	830.207	1839.31
-9.42	-30.48	829.2189999999999	1821.55
-9.42	-30.48	828.23	1802.96
-9.42	-30.48	827.242	1781.61
-9.42	-30.48	826.253	1764.1
-9.42	-30.48	825.265	1754.1
-9.42	-30.48	824.2760000000001	1732.14
-9.42	-30.48	823.2869999999999	1717.2
-9.42	-30.48	822.297	1709.79
-9.42	-30.48	821.308	1703.19
-9.42	-30.48	820.318	1695.88
-9.42	-30.48	819.328	1693.52
-9.42	-30.48	818.3380000000001	1693.16
-9.42	-30.48	817.3480000000001	1684.45
-9.42	-30.48	816.3580000000001	1684.32
-9.42	-30.48	815.367	1685.3
-9.42	-30.48	814.377	1680.6
-9.42	-30.48	813.3860000000001	1677.39
-9.42	-30.48	812.395	1676.84
-9.42	-30.48	811.403	1675.82
-9.42	-30.48	810.4119999999999	1680.3
-9.42	-30.48	809.42	1687.98
-9.42	-30.48	808.428	1690.91
-9.42	-30.48	807.436	1691.49
-9.42	-30.48	806.444	1698.09
-9.42	-30.48	805.452	1702.87
-9.42	-30.48	804.459	1711.45
-9.42	-30.48	803.467	1711.02
-9.42	-30.48	802.4739999999999	1714.71
-9.42	-30.48	801.4810000000001	1712.87
-9.42	-30.48	800.487	1713.24
-9.42	-30.48	799.4939999999999	1713.66
-9.42	-30.48	798.5	1714.23
-9.42	-30.48	797.507	1706.53
-9.42	-30.48	796.513	1704.72
-9.42	-30.48	795.518	1702.5
-9.42	-30.48	794.5239999999999	1690.03
-9.42	-30.48	793.529	1691.22
-9.42	-30.48	792.535	1691.45
-9.42	-30.48	791.54	1682.97
-9.42	-30.48	790.545	1676.16
-9.42	-30.48	789.55	1672.35
-9.42	-30.48	788.554	1668.3
-9.42	-30.48	787.559	1664.77
-9.42	-30.48	786.563	1661.19
-9.42	-30.48	785.567	1662.25
-9.42	-30.48	784.571	1663.94
-9.42	-30.48	783.574	1665.6
-9.42	-30.48	782.578	1665.24
-9.42	-30.48	781.581	1671.1
-9.42	-30.48	780.584	1676.92
-9.42	-30.48	779.587	1682.59
-9.42	-30.48	778.59	1684.07
-9.42	-30.48	777.592	1681.55
-9.42	-30.48	776.595	1688.45
-9.42	-30.48	775.597	1685.54
-9.42	-30.48	774.5989999999999	1688.39
-9.42	-30.48	773.6010000000001	1683.11
-9.42	-30.48	772.602	1684.21
-9.42	-30.48	771.6039999999999	1681.63
-9.42	-30.48	770.605	1680.55
-9.42	-30.48	769.6060000000001	1684.8
-9.42	-30.48	768.607	1683.26
-9.42	-30.48	767.6080000000001	1679.76
-9.42	-30.48	766.6089999999999	1679.55
-9.42	-30.48	765.6089999999999	1681.65
-9.42	-30.48	764.6089999999999	1677.75
-9.42	-30.48	763.6089999999999	1677.73
-9.42	-30.48	762.6089999999999	1672.52
-9.42	-30.48	761.6089999999999	1671.05
-9.42	-30.48	760.6080000000001	1667.99
-9.42	-30.48	759.607	1670.16
-9.42	-30.48	758.607	1674.2
-9.42	-30.48	757.605	1678.42
-9.42	-30.48	756.6039999999999	1686.65
-9.42	-30.48	755.6030000000001	1696.47
-9.42	-30.48	754.6010000000001	1704.59
-9.42	-30.48	753.5989999999999	1707.34
-9.42	-30.48	752.597	1708.72
-9.42	-30.48	751.595	1716.88
-9.42	-30.48	750.5930000000001	1721.47
-9.42	-30.48	749.59	1723.52
-9.42	-30.48	748.587	1728.48
-9.42	-30.48	747.585	1734.57
-9.42	-30.48	746.581	1742.83
-9.42	-30.48	745.578	1742.32
-9.42	-30.48	744.575	1739.79
-9.42	-30.48	743.571	1741.39
-9.42	-30.48	742.567	1745.37
-9.42	-30.48	741.563	1747.64
-9.42	-30.48	740.559	1747.98
-9.42	-30.48	739.555	1750.48
-9.42	-30.48	738.55	1744.43
-9.42	-30.48	737.545	1738.48
-9.42	-30.48	736.54	1738.62
-9.42	-30.48	735.535	1738.01
-9.42	-30.48	734.53	1728.23
-9.42	-30.48	733.525	1723.29
-9.42	-30.48	732.5189999999999	1720.66
-9.42	-30.48	731.513	1714.27
-9.42	-30.48	730.507	1705.05
-9.42	-30.48	729.5010000000001	1705.69
-9.42	-30.48	728.4939999999999	1705.86
-9.42	-30.48	727.488	1701.25
-9.42	-30.48	726.4810000000001	1696.7
-9.42	-30.48	725.4739999999999	1694.84
-9.42	-30.48	724.467	1690.41
-9.42	-30.48	723.46	1683.28
-9.42	-30.48	722.452	1682.03
-9.42	-30.48	721.444	1685.64
-9.42	-30.48	720.436	1686.41
-9.42	-30.48	719.428	1685.52
-9.42	-30.48	718.42	1692.61
-9.42	-30.48	717.4119999999999	1698.15
-9.42	-30.48	716.403	1698.02
-9.42	-30.48	715.3939999999999	1691.25
-9.42	-30.48	714.385	1688.11
-9.42	-30.48	713.3760000000001	1694.19
-9.42	-30.48	712.367	1695.83
-9.42	-30.48	711.357	1698.63
-9.42	-30.48	710.347	1695.06
-9.42	-30.48	709.3380000000001	1698.8
-9.42	-30.48	708.327	1700.62
-9.42	-30.48	707.317	1697.27
-9.42	-30.48	706.307	1702.03
-9.42	-30.48	705.296	1698.16
-9.42	-30.48	704.285	1699.24
-9.42	-30.48	703.2739999999999	1702.97
-9.42	-30.48	702.263	1704.65
-9.42	-30.48	701.252	1702.75
-9.42	-30.48	700.24	1704.42
-9.42	-30.48	699.2280000000001	1709.82
-9.42	-30.48	698.216	1710.38
-9.42	-30.48	697.204	1707.93
-9.42	-30.48	696.192	1713.1
-9.42	-30.48	695.179	1713.19
-9.42	-30.48	694.1669999999999	1715.46
-9.42	-30.48	693.154	1717.52
-9.42	-30.48	692.1410000000001	1717.44
-9.42	-30.48	691.127	1722.85
-9.42	-30.48	690.1139999999999	1722.97
-9.42	-30.48	689.1	1727.66
-9.42	-30.48	688.086	1736.22
-9.42	-30.48	687.072	1739.23
-9.42	-30.48	686.058	1734.2
-9.42	-30.48	685.044	1740.19
-9.42	-30.48	684.029	1745.84
-9.42	-30.48	683.015	1754.35
-9.42	-30.48	682.0	1761.16
-9.42	-30.48	680.985	1766.47
-9.42	-30.48	679.9689999999999	1770.09
-9.42	-30.48	678.954	1775.77
-9.42	-30.48	677.938	1772.67
-9.42	-30.48	676.922	1770.91
-9.42	-30.48	675.9060000000001	1777.32
-9.42	-30.48	674.89	1776.77
-9.42	-30.48	673.8739999999999	1781.15
-9.42	-30.48	672.857	1777.53
-9.42	-30.48	671.84	1777.75
-9.42	-30.48	670.823	1773.9
-9.42	-30.48	669.806	1770.09
-9.42	-30.48	668.789	1764.69
-9.42	-30.48	667.7710000000001	1757.86
-9.42	-30.48	666.753	1753.95
-9.42	-30.48	665.735	1752.57
-9.42	-30.48	664.717	1747.43
-9.42	-30.48	663.699	1746.92
-9.42	-30.48	662.68	1743.49
-9.42	-30.48	661.6619999999999	1746.51
-9.42	-30.48	660.643	1748.9
-9.42	-30.48	659.6239999999999	1746.7
-9.42	-30.48	658.605	1752.28
-9.42	-30.48	657.585	1755.77
-9.42	-30.48	656.566	1755.9
-9.42	-30.48	655.546	1765.17
-9.42	-30.48	654.526	1774.37
-9.42	-30.48	653.506	1776.87
-9.42	-30.48	652.485	1778.56
-9.42	-30.48	651.465	1781.24
-9.42	-30.48	650.444	1780.92
-9.42	-30.48	649.423	1780.71
-9.42	-30.48	648.4019999999999	1779.83
-9.42	-30.48	647.381	1775.95
-9.42	-30.48	646.359	1775.71
-9.42	-30.48	645.3380000000001	1772.18
-9.42	-30.48	644.316	1766.51
-9.42	-30.48	643.294	1768.92
-9.42	-30.48	642.271	1764.0
-9.42	-30.48	641.249	1760.24
-9.42	-30.48	640.226	1754.69
-9.42	-30.48	639.2040000000001	1753.04
-9.42	-30.48	638.181	1746.96
-9.42	-30.48	637.1569999999999	1745.75
-9.42	-30.48	636.134	1750.91
-9.42	-30.48	635.11	1757.82
-9.42	-30.48	634.087	1761.89
-9.42	-30.48	633.063	1771.4
-9.42	-30.48	632.039	1779.33
-9.42	-30.48	631.014	1790.32
-9.42	-30.48	629.99	1785.12
-9.42	-30.48	628.965	1790.38
-9.42	-30.48	627.94	1795.91
-9.42	-30.48	626.915	1799.61
-9.42	-30.48	625.89	1800.33
-9.42	-30.48	624.864	1802.66
-9.42	-30.48	623.839	1795.06
-9.42	-30.48	622.813	1789.19
-9.42	-30.48	621.7869999999999	1779.05
-9.42	-30.48	620.761	1777.71
-9.42	-30.48	619.734	1768.87
-9.42	-30.48	618.7080000000001	1763.38
-9.42	-30.48	617.681	1757.91
-9.42	-30.48	616.654	1747.08
-9.42	-30.48	615.627	1736.18
-9.42	-30.48	614.599	1732.37
-9.42	-30.48	613.572	1725.01
-9.42	-30.48	612.544	1716.08
-9.42	-30.48	611.516	1702.88
-9.42	-30.48	610.488	1697.36
-9.42	-30.48	609.46	1694.54
-9.42	-30.48	608.431	1687.71
-9.42	-30.48	607.403	1681.81
-9.42	-30.48	606.374	1685.87
-9.42	-30.48	605.345	1690.09
-9.42	-30.48	604.316	1694.7
-9.42	-30.48	603.286	1705.1
-9.42	-30.48	602.257	1721.07
-9.42	-30.48	601.227	1732.26
-9.42	-30.48	600.197	1746.46
-9.42	-30.48	599.1669999999999	1754.65
-9.42	-30.48	598.136	1774.61
-9.42	-30.48	597.106	1790.14
-9.42	-30.48	596.075	1804.8
-9.42	-30.48	595.044	1813.27
-9.42	-30.48	594.013	1826.34
-9.42	-30.48	592.981	1833.69
-9.42	-30.48	591.95	1840.66
-9.42	-30.48	590.918	1847.25
-9.42	-30.48	589.886	1850.18
-9.42	-30.48	588.854	1844.8
-9.42	-30.48	587.822	1849.69
-9.42	-30.48	586.789	1845.99
-9.42	-30.48	585.757	1834.8
-9.42	-30.48	584.724	1827.41
-9.42	-30.48	583.691	1819.57
-9.42	-30.48	582.6569999999999	1802.46
-9.42	-30.48	581.624	1788.04
-9.42	-30.48	580.59	1770.93
-9.42	-30.48	579.557	1757.18
-9.42	-30.48	578.523	1739.27
-9.42	-30.48	577.488	1723.47
-9.42	-30.48	576.4540000000001	1718.71
-9.42	-30.48	575.419	1711.0
-9.42	-30.48	574.385	1701.7
-9.42	-30.48	573.35	1698.37
-9.42	-30.48	572.314	1701.59
-9.42	-30.48	571.279	1702.49
-9.42	-30.48	570.244	1699.19
-9.42	-30.48	569.2080000000001	1698.95
-9.42	-30.48	568.172	1701.24
-9.42	-30.48	567.136	1700.53
-9.42	-30.48	566.099	1698.27
-9.42	-30.48	565.063	1695.97
-9.42	-30.48	564.026	1697.55
-9.42	-30.48	562.989	1700.05
-9.42	-30.48	561.952	1698.32
-9.42	-30.48	560.915	1696.94
-9.42	-30.48	559.877	1695.43
-9.42	-30.48	558.84	1694.46
-9.42	-30.48	557.802	1699.62
-9.42	-30.48	556.764	1702.31
-9.42	-30.48	555.726	1696.42
-9.42	-30.48	554.687	1692.82
-9.42	-30.48	553.649	1695.79
-9.42	-30.48	552.61	1695.81
-9.42	-30.48	551.571	1695.8
-9.42	-30.48	550.5319999999999	1695.08
-9.42	-30.48	549.492	1698.59
-9.42	-30.48	548.453	1707.23
-9.42	-30.48	547.413	1718.7
-9.42	-30.48	546.373	1728.5
-9.42	-30.48	545.3330000000001	1740.6
-9.42	-30.48	544.2919999999999	1746.65
-9.42	-30.48	543.252	1766.88
-9.42	-30.48	542.211	1790.66
-9.42	-30.48	541.17	1818.58
-9.42	-30.48	540.129	1842.36
-9.42	-30.48	539.0880000000001	1869.6
-9.42	-30.48	538.0459999999999	1892.77
-9.42	-30.48	537.004	1911.69
-9.42	-30.48	535.962	1929.03
-9.42	-30.48	534.92	1948.2
-9.42	-30.48	533.878	1965.85
-9.42	-30.48	532.836	1979.4
-9.42	-30.48	531.793	1990.27
-9.42	-30.48	530.75	2000.52
-9.42	-30.48	529.707	2000.42
-9.42	-30.48	528.664	2004.09
-9.42	-30.48	527.62	2006.38
-9.42	-30.48	526.577	2004.02
-9.42	-30.48	525.533	1997.33
-9.42	-30.48	524.489	1993.94
-9.42	-30.48	523.445	1988.83
-9.42	-30.48	522.4	1981.68
-9.42	-30.48	521.355	1966.64
-9.42	-30.48	520.311	1958.09
-9.42	-30.48	519.266	1943.45
-9.42	-30.48	518.22	1934.12
-9.42	-30.48	517.175	1922.75
-9.42	-30.48	516.129	1913.94
-9.42	-30.48	515.0840000000001	1897.93
-9.42	-30.48	514.038	1890.41
-9.42	-30.48	512.992	1886.1
-9.42	-30.48	511.945	1894.89
-9.42	-30.48	510.899	1891.45
-9.42	-30.48	509.852	1889.79
-9.42	-30.48	508.805	1885.16
-9.42	-30.48	507.75800000000004	1879.29
-9.42	-30.48	506.71	1869.26
-9.42	-30.48	505.663	1869.39
-9.42	-30.48	504.615	1871.27
-9.42	-30.48	503.56699999999995	1869.87
-9.42	-30.48	502.519	1869.0
-9.42	-30.48	501.471	1872.05
-9.42	-30.48	500.42199999999997	1880.85
-9.42	-30.48	499.374	1884.69
-9.42	-30.48	498.325	1896.61
-9.42	-30.48	497.276	1919.4
-9.42	-30.48	496.226	1940.7
-9.42	-30.48	495.17699999999996	1965.98
-9.42	-30.48	494.12699999999995	1995.31
-9.42	-30.48	493.077	2019.21
-9.42	-30.48	492.027	2037.46
-9.42	-30.48	490.977	2058.07
-9.42	-30.48	489.926	2076.01
-9.42	-30.48	488.876	2096.7
-9.42	-30.48	487.825	2102.47
-9.42	-30.48	486.774	2110.28
-9.42	-30.48	485.723	2113.35
-9.42	-30.48	484.671	2113.06
-9.42	-30.48	483.619	2110.17
-9.42	-30.48	482.56800000000004	2108.14
-9.42	-30.48	481.51599999999996	2096.73
-9.42	-30.48	480.463	2084.55
-9.42	-30.48	479.411	2063.91
-9.42	-30.48	478.358	2045.23
-9.42	-30.48	477.305	2022.29
-9.42	-30.48	476.25199999999995	1999.1
-9.42	-30.48	475.199	1978.79
-9.42	-30.48	474.14599999999996	1959.87
-9.42	-30.48	473.092	1936.06
-9.42	-30.48	472.038	1916.13
-9.42	-30.48	470.98400000000004	1899.39
-9.42	-30.48	469.93	1885.48
-9.42	-30.48	468.876	1870.96
-9.42	-30.48	467.82099999999997	1864.97
-9.42	-30.48	466.76599999999996	1868.53
-9.42	-30.48	465.711	1865.93
-9.42	-30.48	464.656	1866.72
-9.42	-30.48	463.601	1871.03
-9.42	-30.48	462.545	1870.77
-9.42	-30.48	461.49	1873.93
-9.42	-30.48	460.434	1882.64
-9.42	-30.48	459.37699999999995	1886.71
-9.42	-30.48	458.32099999999997	1886.39
-9.42	-30.48	457.264	1896.17
-9.42	-30.48	456.208	1896.09
-9.42	-30.48	455.151	1901.29
-9.42	-30.48	454.094	1909.55
-9.42	-30.48	453.036	1920.07
-9.42	-30.48	451.97900000000004	1934.74
-9.42	-30.48	450.921	1947.61
-9.42	-30.48	449.86300000000006	1961.29
-9.42	-30.48	448.805	1978.57
-9.42	-30.48	447.74699999999996	1994.2
-9.42	-30.48	446.68800000000005	2016.7
-9.42	-30.48	445.629	2034.2
-9.42	-30.48	444.57	2047.87
-9.42	-30.48	443.51099999999997	2063.06
-9.42	-30.48	442.452	2079.56
-9.42	-30.48	441.392	2092.2
-9.42	-30.48	440.333	2099.51
-9.42	-30.48	439.273	2108.43
-9.42	-30.48	438.213	2113.03
-9.42	-30.48	437.152	2108.49
-9.42	-30.48	436.092	2112.85
-9.42	-30.48	435.031	2111.63
-9.42	-30.48	433.97	2107.28
-9.42	-30.48	432.909	2107.05
-9.42	-30.48	431.848	2107.72
-9.42	-30.48	430.786	2104.73
-9.42	-30.48	429.724	2095.18
-9.42	-30.48	428.663	2085.05
-9.42	-30.48	427.6	2069.52
-9.42	-30.48	426.538	2057.42
-9.42	-30.48	425.476	2050.13
-9.42	-30.48	424.413	2027.56
-9.42	-30.48	423.35	2016.9
-9.42	-30.48	422.287	2006.21
-9.42	-30.48	421.224	1995.78
-9.42	-30.48	420.16	1991.35
-9.42	-30.48	419.096	1981.65
-9.42	-30.48	418.033	1973.24
-9.42	-30.48	416.968	1963.61
-9.42	-30.48	415.904	1960.22
-9.42	-30.48	414.84	1957.06
-9.42	-30.48	413.775	1950.99
-9.42	-30.48	412.71	1945.58
-9.42	-30.48	411.645	1944.05
-9.42	-30.48	410.58	1943.16
-9.42	-30.48	409.514	1938.5
-9.42	-30.48	408.44800000000004	1931.72
-9.42	-30.48	407.38300000000004	1930.14
-9.42	-30.48	406.316	1927.88
-9.42	-30.48	405.25	1928.94
-9.42	-30.48	404.184	1937.04
-9.42	-30.48	403.11699999999996	1942.85
-9.42	-30.48	402.05	1951.19
-9.42	-30.48	400.983	1963.6
-9.42	-30.48	399.916	1966.33
-9.42	-30.48	398.848	1970.71
-9.42	-30.48	397.781	1975.26
-9.42	-30.48	396.713	1987.7
-9.42	-30.48	395.645	1997.81
-9.42	-30.48	394.57599999999996	2005.44
-9.42	-30.48	393.50800000000004	2014.52
-9.42	-30.48	392.439	2015.61
-9.42	-30.48	391.37	2027.53
-9.42	-30.48	390.301	2032.51
-9.42	-30.48	389.23199999999997	2036.05
-9.42	-30.48	388.162	2038.55
-9.42	-30.48	387.093	2040.15
-9.42	-30.48	386.023	2046.32
-9.42	-30.48	384.95300000000003	2050.15
-9.42	-30.48	383.88199999999995	2056.83
-9.42	-30.48	382.81199999999995	2059.82
-9.42	-30.48	381.741	2063.38
-9.42	-30.48	380.67	2063.87
-9.42	-30.48	379.599	2068.62
-9.42	-30.48	378.528	2070.54
-9.42	-30.48	377.45599999999996	2071.47
-9.42	-30.48	376.384	2068.43
-9.42	-30.48	375.31300000000005	2076.19
-9.42	-30.48	374.24	2079.03
-9.42	-30.48	373.168	2078.68
-9.42	-30.48	372.096	2078.44
-9.42	-30.48	371.023	2080.14
-9.42	-30.48	369.95	2082.79
-9.42	-30.48	368.87699999999995	2088.57
-9.42	-30.48	367.80400000000003	2086.02
-9.42	-30.48	366.73	2095.83
-9.42	-30.48	365.656	2104.01
-9.42	-30.48	364.582	2109.41
-9.42	-30.48	363.50800000000004	2113.9
-9.42	-30.48	362.434	2119.56
-9.42	-30.48	361.35900000000004	2122.44
-9.42	-30.48	360.285	2123.35
-9.42	-30.48	359.21	2130.45
-9.42	-30.48	358.135	2132.0
-9.42	-30.48	357.059	2135.34
-9.42	-30.48	355.98400000000004	2135.56
-9.42	-30.48	354.908	2138.27
-9.42	-30.48	353.832	2141.17
-9.42	-30.48	352.756	2141.66
-9.42	-30.48	351.67900000000003	2139.81
-9.42	-30.48	350.603	2139.59
-9.42	-30.48	349.526	2142.02
-9.42	-30.48	348.449	2141.1
-9.42	-30.48	347.37199999999996	2144.66
-9.42	-30.48	346.295	2141.18
-9.42	-30.48	345.217	2142.53
-9.42	-30.48	344.139	2145.14
-9.42	-30.48	343.061	2153.86
-9.42	-30.48	341.983	2153.14
-9.42	-30.48	340.905	2161.59
-9.42	-30.48	339.82599999999996	2171.46
-9.42	-30.48	338.74699999999996	2183.06
-9.42	-30.48	337.668	2194.45
-9.42	-30.48	336.589	2207.64
-9.42	-30.48	335.51	2219.0
-9.42	-30.48	334.43	2238.47
-9.42	-30.48	333.35	2256.5
-9.42	-30.48	332.27	2268.81
-9.42	-30.48	331.19	2283.07
-9.42	-30.48	330.11	2298.96
-9.42	-30.48	329.029	2311.45
-9.42	-30.48	327.94800000000004	2330.7
-9.42	-30.48	326.867	2351.83
-9.42	-30.48	325.786	2372.85
-9.42	-30.48	324.705	2388.58
-9.42	-30.48	323.623	2402.04
-9.42	-30.48	322.541	2415.47
-9.42	-30.48	321.459	2431.69
-9.42	-30.48	320.377	2447.8
-9.42	-30.48	319.29400000000004	2458.74
-9.42	-30.48	318.212	2479.97
-9.42	-30.48	317.129	2491.18
-9.42	-30.48	316.046	2500.97
-9.42	-30.48	314.962	2516.82
-9.42	-30.48	313.879	2525.41
-9.42	-30.48	312.795	2538.95
-9.42	-30.48	311.711	2552.05
-9.42	-30.48	310.627	2558.45
-9.42	-30.48	309.543	2564.15
-9.42	-30.48	308.45799999999997	2572.68
-9.42	-30.48	307.374	2574.44
-9.42	-30.48	306.289	2582.62
-9.42	-30.48	305.204	2591.5
-9.42	-30.48	304.118	2594.9
-9.42	-30.48	303.033	2600.41
-9.42	-30.48	301.947	2614.05
-9.42	-30.48	300.861	2614.57
-9.42	-30.48	299.775	2620.38
-9.42	-30.48	298.689	2626.87
-9.42	-30.48	297.60200000000003	2634.95
-9.42	-30.48	296.515	2645.1
-9.42	-30.48	295.428	2657.46
-9.42	-30.48	294.341	2666.75
-9.42	-30.48	293.254	2676.14
-9.42	-30.48	292.166	2681.49
-9.42	-30.48	291.079	2694.35
-9.42	-30.48	289.991	2705.89
-9.42	-30.48	288.902	2714.7
-9.42	-30.48	287.814	2727.0
-9.42	-30.48	286.725	2738.91
-9.42	-30.48	285.637	2753.71
-9.42	-30.48	284.547	2757.48
-9.42	-30.48	283.45799999999997	2772.48
-9.42	-30.48	282.369	2778.41
-9.42	-30.48	281.279	2785.04
-9.42	-30.48	280.189	2789.83
-9.42	-30.48	279.099	2795.59
-9.42	-30.48	278.009	2792.36
-9.42	-30.48	276.91900000000004	2790.82
-9.42	-30.48	275.828	2789.32
-9.42	-30.48	274.737	2790.23
-9.42	-30.48	273.64599999999996	2789.05
-9.42	-30.48	272.555	2789.69
-9.42	-30.48	271.46299999999997	2789.56
-9.42	-30.48	270.371	2788.46
-9.42	-30.48	269.28	2789.05
-9.42	-30.48	268.187	2785.19
-9.42	-30.48	267.095	2785.88
-9.42	-30.48	266.003	2783.8
-9.42	-30.48	264.91	2786.66
-9.42	-30.48	263.817	2787.75
-9.42	-30.48	262.724	2787.15
-9.42	-30.48	261.63	2779.95
-9.42	-30.48	260.53700000000003	2781.58
-9.42	-30.48	259.443	2778.36
-9.42	-30.48	258.349	2773.34
-9.42	-30.48	257.255	2765.42
-9.42	-30.48	256.16	2760.84
-9.42	-30.48	255.06599999999997	2759.86
-9.42	-30.48	253.97099999999998	2764.27
-9.42	-30.48	252.87599999999998	2767.16
-9.42	-30.48	251.78099999999998	2762.99
-9.42	-30.48	250.685	2765.07
-9.42	-30.48	249.59	2766.25
-9.42	-30.48	248.49400000000003	2773.37
-9.42	-30.48	247.398	2770.42
-9.42	-30.48	246.30200000000002	2774.27
-9.42	-30.48	245.205	2771.98
-9.42	-30.48	244.108	2772.29
-9.42	-30.48	243.012	2775.81
-9.42	-30.48	241.91400000000002	2782.42
-9.42	-30.48	240.817	2783.68
-9.42	-30.48	239.72	2788.97
-9.42	-30.48	238.622	2791.61
-9.42	-30.48	237.524	2793.37
-9.42	-30.48	236.426	2795.3
-9.42	-30.48	235.328	2803.49
-9.42	-30.48	234.229	2803.53
-9.42	-30.48	233.13	2804.3
-9.42	-30.48	232.03099999999998	2798.87
-9.42	-30.48	230.93200000000002	2793.7
-9.42	-30.48	229.833	2786.98
-9.42	-30.48	228.733	2782.6
-9.42	-30.48	227.63299999999998	2787.55
-9.42	-30.48	226.533	2780.14
-9.42	-30.48	225.433	2772.73
-9.42	-30.48	224.333	2774.83
-9.42	-30.48	223.232	2781.58
-9.42	-30.48	222.13099999999997	2778.45
-9.42	-30.48	221.03	2774.77
-9.42	-30.48	219.929	2774.71
-9.42	-30.48	218.827	2771.57
-9.42	-30.48	217.726	2777.09
-9.42	-30.48	216.62400000000002	2785.76
-9.42	-30.48	215.52200000000002	2788.52
-9.42	-30.48	214.419	2786.97
-9.42	-30.48	213.317	2792.56
-9.42	-30.48	212.21400000000003	2793.86
-9.42	-30.48	211.111	2793.46
-9.42	-30.48	210.00799999999998	2795.05
-9.42	-30.48	208.905	2796.06
-9.42	-30.48	207.801	2792.05
-9.42	-30.48	206.697	2787.72
-9.42	-30.48	205.593	2786.4
-9.42	-30.48	204.489	2783.5
-9.42	-30.48	203.385	2773.61
-9.42	-30.48	202.28	2770.28
-9.42	-30.48	201.175	2759.54
-9.42	-30.48	200.07	2749.01
