-9.42	-14.48	1999.92	1050.77
-9.42	-14.48	1999.14	1046.75
-9.42	-14.48	1998.35	1050.09
-9.42	-14.48	1997.57	1048.88
-9.42	-14.48	1996.78	1044.96
-9.42	-14.48	1996.0	1043.5
-9.42	-14.48	1995.21	1035.97
-9.42	-14.48	1994.42	1035.71
-9.42	-14.48	1993.64	1033.39
-9.42	-14.48	1992.85	1034.68
-9.42	-14.48	1992.07	1029.88
-9.42	-14.48	1991.28	1029.11
-9.42	-14.48	1990.5	1030.35
-9.42	-14.48	1989.71	1031.63
-9.42	-14.48	1988.92	1031.37
-9.42	-14.48	1988.14	1031.97
-9.42	-14.48	1987.35	1033.3
-9.42	-14.48	1986.56	1038.39
-9.42	-14.48	1985.78	1041.2
-9.42	-14.48	1984.99	1042.96
-9.42	-14.48	1984.2	1047.97
-9.42	-14.48	1983.42	1048.76
-9.42	-14.48	1982.63	1053.02
-9.42	-14.48	1981.84	1059.87
-9.42	-14.48	1981.05	1054.96
-9.42	-14.48	1980.27	1054.18
-9.42	-14.48	1979.48	1055.49
-9.42	-14.48	1978.69	1056.72
-9.42	-14.48	1977.9	1057.23
-9.42	-14.48	1977.11	1059.9
-9.42	-14.48	1976.33	1062.45
-9.42	-14.48	1975.54	1062.69
-9.42	-14.48	1974.75	1067.48
-9.42	-14.48	1973.96	1058.83
-9.42	-14.48	1973.17	1056.13
-9.42	-14.48	1972.38	1057.47
-9.42	-14.48	1971.59	1054.88
-9.42	-14.48	1970.8	1062.44
-9.42	-14.48	1970.01	1060.15
-9.42	-14.48	1969.22	1065.64
-9.42	-14.48	1968.43	1064.45
-9.42	-14.48	1967.64	1069.54
-9.42	-14.48	1966.85	1070.17
-9.42	-14.48	1966.06	1070.49
-9.42	-14.48	1965.27	1071.14
-9.42	-14.48	1964.48	1077.31
-9.42	-14.48	1963.69	1081.23
-9.42	-14.48	1962.9	1085.87
-9.42	-14.48	1962.11	1086.98
-9.42	-14.48	1961.32	1084.75
-9.42	-14.48	1960.53	1086.6
-9.42	-14.48	1959.74	1088.04
-9.42	-14.48	1958.95	1091.38
-9.42	-14.48	1958.16	1087.9
-9.42	-14.48	1957.37	1086.61
-9.42	-14.48	1956.57	1087.92
-9.42	-14.48	1955.78	1084.06
-9.42	-14.48	1954.99	1081.78
-9.42	-14.48	1954.2	1084.3
-9.42	-14.48	1953.41	1089.12
-9.42	-14.48	1952.61	1093.1
-9.42	-14.48	1951.82	1092.3
-9.42	-14.48	1951.03	1090.55
-9.42	-14.48	1950.24	1090.39
-9.42	-14.48	1949.44	1095.62
-9.42	-14.48	1948.65	1095.69
-9.42	-14.48	1947.86	1096.11
-9.42	-14.48	1947.06	1097.22
-9.42	-14.48	1946.27	1095.15
-9.42	-14.48	1945.48	1097.42
-9.42	-14.48	1944.68	1096.21
-9.42	-14.48	1943.89	1092.38
-9.42	-14.48	1943.1	1088.67
-9.42	-14.48	1942.3	1091.21
-9.42	-14.48	1941.51	1094.16
-9.42	-14.48	1940.71	1096.5
-9.42	-14.48	1939.92	1097.55
-9.42	-14.48	1939.12	1099.65
-9.42	-14.48	1938.33	1097.9
-9.42	-14.48	1937.53	1096.72
-9.42	-14.48	1936.74	1099.14
-9.42	-14.48	1935.94	1098.06
-9.42	-14.48	1935.15	1096.21
-9.42	-14.48	1934.35	1089.66
-9.42	-14.48	1933.56	1092.03
-9.42	-14.48	1932.76	1088.05
-9.42	-14.48	1931.97	1088.35
-9.42	-14.48	1931.17	1094.11
-9.42	-14.48	1930.37	1098.37
-9.42	-14.48	1929.58	1101.51
-9.42	-14.48	1928.78	1100.37
-9.42	-14.48	1927.99	1101.51
-9.42	-14.48	1927.19	1102.02
-9.42	-14.48	1926.39	1107.13
-9.42	-14.48	1925.6	1107.07
-9.42	-14.48	1924.8	1107.83
-9.42	-14.48	1924.0	1107.53
-9.42	-14.48	1923.2	1107.13
-9.42	-14.48	1922.41	1110.0
-9.42	-14.48	1921.61	1109.48
-9.42	-14.48	1920.81	1104.82
-9.42	-14.48	1920.01	1103.95
-9.42	-14.48	1919.22	1106.33
-9.42	-14.48	1918.42	1110.06
-9.42	-14.48	1917.62	1110.39
-9.42	-14.48	1916.82	1108.09
-9.42	-14.48	1916.02	1112.25
-9.42	-14.48	1915.22	1115.78
-9.42	-14.48	1914.43	1116.5
-9.42	-14.48	1913.63	1118.58
-9.42	-14.48	1912.83	1115.15
-9.42	-14.48	1912.03	1114.24
-9.42	-14.48	1911.23	1114.98
-9.42	-14.48	1910.43	1112.67
-9.42	-14.48	1909.63	1111.27
-9.42	-14.48	1908.83	1111.11
-9.42	-14.48	1908.03	1116.6
-9.42	-14.48	1907.23	1118.84
-9.42	-14.48	1906.43	1118.58
-9.42	-14.48	1905.63	1120.79
-9.42	-14.48	1904.83	1125.74
-9.42	-14.48	1904.03	1131.18
-9.42	-14.48	1903.23	1132.06
-9.42	-14.48	1902.43	1133.64
-9.42	-14.48	1901.63	1134.17
-9.42	-14.48	1900.83	1133.88
-9.42	-14.48	1900.03	1136.59
-9.42	-14.48	1899.23	1137.34
-9.42	-14.48	1898.42	1137.38
-9.42	-14.48	1897.62	1136.51
-9.42	-14.48	1896.82	1138.09
-9.42	-14.48	1896.02	1146.31
-9.42	-14.48	1895.22	1146.05
-9.42	-14.48	1894.41	1145.98
-9.42	-14.48	1893.61	1144.77
-9.42	-14.48	1892.81	1146.27
-9.42	-14.48	1892.01	1150.4
-9.42	-14.48	1891.21	1149.93
-9.42	-14.48	1890.4	1144.57
-9.42	-14.48	1889.6	1141.99
-9.42	-14.48	1888.8	1139.44
-9.42	-14.48	1887.99	1137.01
-9.42	-14.48	1887.19	1131.94
-9.42	-14.48	1886.39	1132.26
-9.42	-14.48	1885.58	1136.15
-9.42	-14.48	1884.78	1142.79
-9.42	-14.48	1883.98	1146.91
-9.42	-14.48	1883.17	1153.48
-9.42	-14.48	1882.37	1157.54
-9.42	-14.48	1881.56	1162.26
-9.42	-14.48	1880.76	1159.61
-9.42	-14.48	1879.95	1157.98
-9.42	-14.48	1879.15	1158.68
-9.42	-14.48	1878.35	1161.84
-9.42	-14.48	1877.54	1164.54
-9.42	-14.48	1876.74	1168.38
-9.42	-14.48	1875.93	1171.23
-9.42	-14.48	1875.13	1167.82
-9.42	-14.48	1874.32	1171.9
-9.42	-14.48	1873.51	1174.11
-9.42	-14.48	1872.71	1176.06
-9.42	-14.48	1871.9	1177.96
-9.42	-14.48	1871.1	1179.74
-9.42	-14.48	1870.29	1183.66
-9.42	-14.48	1869.48	1185.93
-9.42	-14.48	1868.68	1184.8
-9.42	-14.48	1867.87	1184.54
-9.42	-14.48	1867.06	1178.18
-9.42	-14.48	1866.26	1175.29
-9.42	-14.48	1865.45	1177.64
-9.42	-14.48	1864.64	1176.48
-9.42	-14.48	1863.84	1176.18
-9.42	-14.48	1863.03	1179.09
-9.42	-14.48	1862.22	1182.1
-9.42	-14.48	1861.41	1184.0
-9.42	-14.48	1860.61	1185.52
-9.42	-14.48	1859.8	1189.56
-9.42	-14.48	1858.99	1196.04
-9.42	-14.48	1858.18	1193.98
-9.42	-14.48	1857.37	1192.06
-9.42	-14.48	1856.57	1189.07
-9.42	-14.48	1855.76	1191.81
-9.42	-14.48	1854.95	1197.02
-9.42	-14.48	1854.14	1198.12
-9.42	-14.48	1853.33	1203.25
-9.42	-14.48	1852.52	1202.92
-9.42	-14.48	1851.71	1202.32
-9.42	-14.48	1850.9	1202.78
-9.42	-14.48	1850.09	1207.4
-9.42	-14.48	1849.28	1213.73
-9.42	-14.48	1848.47	1217.4
-9.42	-14.48	1847.66	1224.44
-9.42	-14.48	1846.85	1229.43
-9.42	-14.48	1846.04	1232.26
-9.42	-14.48	1845.23	1234.66
-9.42	-14.48	1844.42	1228.46
-9.42	-14.48	1843.61	1231.04
-9.42	-14.48	1842.8	1231.27
-9.42	-14.48	1841.99	1237.36
-9.42	-14.48	1841.18	1240.6
-9.42	-14.48	1840.37	1241.8
-9.42	-14.48	1839.56	1242.2
-9.42	-14.48	1838.75	1241.89
-9.42	-14.48	1837.94	1242.46
-9.42	-14.48	1837.12	1248.17
-9.42	-14.48	1836.31	1249.12
-9.42	-14.48	1835.5	1254.79
-9.42	-14.48	1834.69	1255.9
-9.42	-14.48	1833.88	1255.45
-9.42	-14.48	1833.06	1255.45
-9.42	-14.48	1832.25	1254.92
-9.42	-14.48	1831.44	1256.89
-9.42	-14.48	1830.63	1259.91
-9.42	-14.48	1829.81	1259.05
-9.42	-14.48	1829.0	1259.85
-9.42	-14.48	1828.19	1256.48
-9.42	-14.48	1827.37	1255.87
-9.42	-14.48	1826.56	1258.1
-9.42	-14.48	1825.75	1257.29
-9.42	-14.48	1824.93	1261.66
-9.42	-14.48	1824.12	1257.35
-9.42	-14.48	1823.3	1262.09
-9.42	-14.48	1822.49	1262.82
-9.42	-14.48	1821.68	1266.84
-9.42	-14.48	1820.86	1268.34
-9.42	-14.48	1820.05	1267.18
-9.42	-14.48	1819.23	1279.22
-9.42	-14.48	1818.42	1279.22
-9.42	-14.48	1817.6	1279.86
-9.42	-14.48	1816.79	1276.59
-9.42	-14.48	1815.97	1277.01
-9.42	-14.48	1815.16	1274.78
-9.42	-14.48	1814.34	1277.09
-9.42	-14.48	1813.53	1280.32
-9.42	-14.48	1812.71	1282.67
-9.42	-14.48	1811.89	1283.19
-9.42	-14.48	1811.08	1290.74
-9.42	-14.48	1810.26	1292.93
-9.42	-14.48	1809.45	1297.34
-9.42	-14.48	1808.63	1294.33
-9.42	-14.48	1807.81	1297.81
-9.42	-14.48	1807.0	1305.92
-9.42	-14.48	1806.18	1308.13
-9.42	-14.48	1805.36	1309.78
-9.42	-14.48	1804.54	1308.83
-9.42	-14.48	1803.73	1315.64
-9.42	-14.48	1802.91	1315.22
-9.42	-14.48	1802.09	1317.45
-9.42	-14.48	1801.27	1317.75
-9.42	-14.48	1800.46	1326.41
-9.42	-14.48	1799.64	1325.34
-9.42	-14.48	1798.82	1329.05
-9.42	-14.48	1798.0	1327.52
-9.42	-14.48	1797.18	1328.27
-9.42	-14.48	1796.37	1329.21
-9.42	-14.48	1795.55	1325.51
-9.42	-14.48	1794.73	1330.26
-9.42	-14.48	1793.91	1324.46
-9.42	-14.48	1793.09	1323.55
-9.42	-14.48	1792.27	1322.15
-9.42	-14.48	1791.45	1324.93
-9.42	-14.48	1790.63	1324.39
-9.42	-14.48	1789.81	1324.37
-9.42	-14.48	1788.99	1330.26
-9.42	-14.48	1788.17	1331.36
-9.42	-14.48	1787.35	1333.65
-9.42	-14.48	1786.53	1338.3
-9.42	-14.48	1785.71	1340.87
-9.42	-14.48	1784.89	1345.58
-9.42	-14.48	1784.07	1346.54
-9.42	-14.48	1783.25	1354.37
-9.42	-14.48	1782.43	1359.75
-9.42	-14.48	1781.61	1358.33
-9.42	-14.48	1780.79	1363.48
-9.42	-14.48	1779.97	1367.32
-9.42	-14.48	1779.14	1372.67
-9.42	-14.48	1778.32	1370.35
-9.42	-14.48	1777.5	1374.35
-9.42	-14.48	1776.68	1380.63
-9.42	-14.48	1775.86	1378.47
-9.42	-14.48	1775.03	1381.74
-9.42	-14.48	1774.21	1385.66
-9.42	-14.48	1773.39	1387.12
-9.42	-14.48	1772.57	1394.34
-9.42	-14.48	1771.74	1400.37
-9.42	-14.48	1770.92	1407.48
-9.42	-14.48	1770.1	1420.78
-9.42	-14.48	1769.28	1425.46
-9.42	-14.48	1768.45	1429.9
-9.42	-14.48	1767.63	1439.27
-9.42	-14.48	1766.81	1445.52
-9.42	-14.48	1765.98	1448.2
-9.42	-14.48	1765.16	1453.84
-9.42	-14.48	1764.33	1461.0
-9.42	-14.48	1763.51	1461.47
-9.42	-14.48	1762.69	1468.09
-9.42	-14.48	1761.86	1474.12
-9.42	-14.48	1761.04	1478.2
-9.42	-14.48	1760.21	1481.32
-9.42	-14.48	1759.39	1482.12
-9.42	-14.48	1758.56	1486.43
-9.42	-14.48	1757.74	1486.72
-9.42	-14.48	1756.91	1485.26
-9.42	-14.48	1756.09	1486.67
-9.42	-14.48	1755.26	1486.92
-9.42	-14.48	1754.44	1483.29
-9.42	-14.48	1753.61	1484.99
-9.42	-14.48	1752.78	1486.95
-9.42	-14.48	1751.96	1488.19
-9.42	-14.48	1751.13	1485.35
-9.42	-14.48	1750.31	1492.22
-9.42	-14.48	1749.48	1492.85
-9.42	-14.48	1748.65	1498.36
-9.42	-14.48	1747.83	1505.08
-9.42	-14.48	1747.0	1508.37
-9.42	-14.48	1746.17	1515.13
-9.42	-14.48	1745.34	1517.42
-9.42	-14.48	1744.52	1523.54
-9.42	-14.48	1743.69	1525.09
-9.42	-14.48	1742.86	1532.31
-9.42	-14.48	1742.03	1532.67
-9.42	-14.48	1741.21	1531.09
-9.42	-14.48	1740.38	1535.75
-9.42	-14.48	1739.55	1540.74
-9.42	-14.48	1738.72	1541.95
-9.42	-14.48	1737.89	1542.89
-9.42	-14.48	1737.07	1544.08
-9.42	-14.48	1736.24	1547.13
-9.42	-14.48	1735.41	1547.04
-9.42	-14.48	1734.58	1547.31
-9.42	-14.48	1733.75	1547.89
-9.42	-14.48	1732.92	1543.07
-9.42	-14.48	1732.09	1543.09
-9.42	-14.48	1731.26	1542.52
-9.42	-14.48	1730.43	1542.07
-9.42	-14.48	1729.6	1544.88
-9.42	-14.48	1728.77	1547.68
-9.42	-14.48	1727.94	1544.07
-9.42	-14.48	1727.11	1546.42
-9.42	-14.48	1726.28	1542.46
-9.42	-14.48	1725.45	1547.87
-9.42	-14.48	1724.62	1551.21
-9.42	-14.48	1723.79	1556.72
-9.42	-14.48	1722.96	1557.03
-9.42	-14.48	1722.13	1561.81
-9.42	-14.48	1721.3	1565.59
-9.42	-14.48	1720.46	1568.11
-9.42	-14.48	1719.63	1576.79
-9.42	-14.48	1718.8	1578.07
-9.42	-14.48	1717.97	1584.04
-9.42	-14.48	1717.14	1588.95
-9.42	-14.48	1716.3	1589.55
-9.42	-14.48	1715.47	1595.0
-9.42	-14.48	1714.64	1596.73
-9.42	-14.48	1713.81	1594.77
-9.42	-14.48	1712.97	1594.45
-9.42	-14.48	1712.14	1604.31
-9.42	-14.48	1711.31	1606.74
-9.42	-14.48	1710.48	1607.49
-9.42	-14.48	1709.64	1604.48
-9.42	-14.48	1708.81	1606.8
-9.42	-14.48	1707.98	1608.87
-9.42	-14.48	1707.14	1609.53
-9.42	-14.48	1706.31	1615.97
-9.42	-14.48	1705.47	1622.13
-9.42	-14.48	1704.64	1630.91
-9.42	-14.48	1703.81	1630.07
-9.42	-14.48	1702.97	1631.01
-9.42	-14.48	1702.14	1634.85
-9.42	-14.48	1701.3	1635.68
-9.42	-14.48	1700.47	1646.12
-9.42	-14.48	1699.63	1647.54
-9.42	-14.48	1698.8	1655.74
-9.42	-14.48	1697.96	1658.34
-9.42	-14.48	1697.13	1664.32
-9.42	-14.48	1696.29	1665.78
-9.42	-14.48	1695.46	1672.71
-9.42	-14.48	1694.62	1679.05
-9.42	-14.48	1693.78	1683.94
-9.42	-14.48	1692.95	1695.76
-9.42	-14.48	1692.11	1704.9
-9.42	-14.48	1691.28	1707.89
-9.42	-14.48	1690.44	1713.1
-9.42	-14.48	1689.6	1719.99
-9.42	-14.48	1688.77	1719.86
-9.42	-14.48	1687.93	1725.86
-9.42	-14.48	1687.09	1738.24
-9.42	-14.48	1686.25	1739.92
-9.42	-14.48	1685.42	1743.81
-9.42	-14.48	1684.58	1746.03
-9.42	-14.48	1683.74	1754.76
-9.42	-14.48	1682.9	1760.94
-9.42	-14.48	1682.07	1771.91
-9.42	-14.48	1681.23	1784.4
-9.42	-14.48	1680.39	1791.39
-9.42	-14.48	1679.55	1802.26
-9.42	-14.48	1678.71	1809.85
-9.42	-14.48	1677.87	1821.55
-9.42	-14.48	1677.04	1829.87
-9.42	-14.48	1676.2	1839.72
-9.42	-14.48	1675.36	1846.78
-9.42	-14.48	1674.52	1854.59
-9.42	-14.48	1673.68	1865.81
-9.42	-14.48	1672.84	1870.18
-9.42	-14.48	1672.0	1882.08
-9.42	-14.48	1671.16	1891.48
-9.42	-14.48	1670.32	1914.64
-9.42	-14.48	1669.48	1933.75
-9.42	-14.48	1668.64	1956.38
-9.42	-14.48	1667.8	1978.57
-9.42	-14.48	1666.96	1994.06
-9.42	-14.48	1666.12	2009.51
-9.42	-14.48	1665.28	2019.44
-9.42	-14.48	1664.44	2030.87
-9.42	-14.48	1663.6	2039.13
-9.42	-14.48	1662.75	2055.4
-9.42	-14.48	1661.91	2070.73
-9.42	-14.48	1661.07	2079.12
-9.42	-14.48	1660.23	2091.83
-9.42	-14.48	1659.39	2101.45
-9.42	-14.48	1658.55	2114.09
-9.42	-14.48	1657.7	2130.33
-9.42	-14.48	1656.86	2151.56
-9.42	-14.48	1656.02	2162.33
-9.42	-14.48	1655.18	2178.96
-9.42	-14.48	1654.33	2194.32
-9.42	-14.48	1653.49	2205.67
-9.42	-14.48	1652.65	2221.13
-9.42	-14.48	1651.81	2232.23
-9.42	-14.48	1650.96	2252.22
-9.42	-14.48	1650.12	2269.86
-9.42	-14.48	1649.28	2288.25
-9.42	-14.48	1648.43	2313.7
-9.42	-14.48	1647.59	2337.44
-9.42	-14.48	1646.74	2370.59
-9.42	-14.48	1645.9	2400.67
-9.42	-14.48	1645.06	2433.89
-9.42	-14.48	1644.21	2462.49
-9.42	-14.48	1643.37	2495.04
-9.42	-14.48	1642.52	2529.11
-9.42	-14.48	1641.68	2557.64
-9.42	-14.48	1640.83	2580.04
-9.42	-14.48	1639.99	2603.03
-9.42	-14.48	1639.14	2634.9
-9.42	-14.48	1638.3	2664.0
-9.42	-14.48	1637.45	2695.4
-9.42	-14.48	1636.61	2734.82
-9.42	-14.48	1635.76	2767.94
-9.42	-14.48	1634.91	2792.06
-9.42	-14.48	1634.07	2820.35
-9.42	-14.48	1633.22	2856.21
-9.42	-14.48	1632.38	2897.3
-9.42	-14.48	1631.53	2932.55
-9.42	-14.48	1630.68	2964.2
-9.42	-14.48	1629.84	3007.27
-9.42	-14.48	1628.99	3042.98
-9.42	-14.48	1628.14	3079.93
-9.42	-14.48	1627.29	3119.91
-9.42	-14.48	1626.45	3156.91
-9.42	-14.48	1625.6	3199.45
-9.42	-14.48	1624.75	3242.08
-9.42	-14.48	1623.9	3277.8
-9.42	-14.48	1623.06	3319.38
-9.42	-14.48	1622.21	3357.89
-9.42	-14.48	1621.36	3401.45
-9.42	-14.48	1620.51	3434.11
-9.42	-14.48	1619.66	3464.45
-9.42	-14.48	1618.81	3501.45
-9.42	-14.48	1617.96	3525.52
-9.42	-14.48	1617.12	3545.43
-9.42	-14.48	1616.27	3555.83
-9.42	-14.48	1615.42	3570.4
-9.42	-14.48	1614.57	3591.12
-9.42	-14.48	1613.72	3609.65
-9.42	-14.48	1612.87	3627.34
-9.42	-14.48	1612.02	3638.38
-9.42	-14.48	1611.17	3659.4
-9.42	-14.48	1610.32	3667.67
-9.42	-14.48	1609.47	3671.06
-9.42	-14.48	1608.62	3690.03
-9.42	-14.48	1607.77	3708.35
-9.42	-14.48	1606.92	3723.88
-9.42	-14.48	1606.06	3732.13
-9.42	-14.48	1605.21	3750.44
-9.42	-14.48	1604.36	3766.0
-9.42	-14.48	1603.51	3769.87
-9.42	-14.48	1602.66	3783.38
-9.42	-14.48	1601.81	3797.3
-9.42	-14.48	1600.96	3811.88
-9.42	-14.48	1600.1	3830.98
-9.42	-14.48	1599.25	3847.79
-9.42	-14.48	1598.4	3852.86
-9.42	-14.48	1597.55	3862.76
-9.42	-14.48	1596.69	3879.39
-9.42	-14.48	1595.84	3887.62
-9.42	-14.48	1594.99	3886.3
-9.42	-14.48	1594.14	3879.27
-9.42	-14.48	1593.28	3878.72
-9.42	-14.48	1592.43	3871.2
-9.42	-14.48	1591.58	3867.09
-9.42	-14.48	1590.72	3864.14
-9.42	-14.48	1589.87	3859.67
-9.42	-14.48	1589.02	3854.57
-9.42	-14.48	1588.16	3852.23
-9.42	-14.48	1587.31	3847.12
-9.42	-14.48	1586.45	3837.77
-9.42	-14.48	1585.6	3843.63
-9.42	-14.48	1584.74	3839.27
-9.42	-14.48	1583.89	3839.31
-9.42	-14.48	1583.03	3841.88
-9.42	-14.48	1582.18	3840.82
-9.42	-14.48	1581.32	3841.61
-9.42	-14.48	1580.47	3847.17
-9.42	-14.48	1579.61	3850.67
-9.42	-14.48	1578.76	3847.45
-9.42	-14.48	1577.9	3849.31
-9.42	-14.48	1577.05	3855.54
-9.42	-14.48	1576.19	3858.65
-9.42	-14.48	1575.33	3863.4
-9.42	-14.48	1574.48	3867.39
-9.42	-14.48	1573.62	3868.46
-9.42	-14.48	1572.76	3864.76
-9.42	-14.48	1571.91	3863.92
-9.42	-14.48	1571.05	3863.03
-9.42	-14.48	1570.19	3857.77
-9.42	-14.48	1569.34	3855.5
-9.42	-14.48	1568.48	3850.08
-9.42	-14.48	1567.62	3848.99
-9.42	-14.48	1566.76	3842.33
-9.42	-14.48	1565.91	3834.75
-9.42	-14.48	1565.05	3826.69
-9.42	-14.48	1564.19	3818.88
-9.42	-14.48	1563.33	3818.45
-9.42	-14.48	1562.47	3817.11
-9.42	-14.48	1561.62	3815.09
-9.42	-14.48	1560.76	3814.89
-9.42	-14.48	1559.9	3817.01
-9.42	-14.48	1559.04	3811.29
-9.42	-14.48	1558.18	3809.5
-9.42	-14.48	1557.32	3803.56
-9.42	-14.48	1556.46	3796.7
-9.42	-14.48	1555.6	3793.12
-9.42	-14.48	1554.74	3788.12
-9.42	-14.48	1553.88	3781.0
-9.42	-14.48	1553.02	3764.94
-9.42	-14.48	1552.16	3758.53
-9.42	-14.48	1551.3	3757.01
-9.42	-14.48	1550.44	3754.61
-9.42	-14.48	1549.58	3748.52
-9.42	-14.48	1548.72	3746.08
-9.42	-14.48	1547.86	3746.26
-9.42	-14.48	1547.0	3747.95
-9.42	-14.48	1546.14	3745.91
-9.42	-14.48	1545.28	3750.99
-9.42	-14.48	1544.41	3759.19
-9.42	-14.48	1543.55	3770.73
-9.42	-14.48	1542.69	3780.74
-9.42	-14.48	1541.83	3782.3
-9.42	-14.48	1540.97	3797.39
-9.42	-14.48	1540.1	3820.98
-9.42	-14.48	1539.24	3844.91
-9.42	-14.48	1538.38	3875.07
-9.42	-14.48	1537.52	3906.31
-9.42	-14.48	1536.65	3935.32
-9.42	-14.48	1535.79	3971.75
-9.42	-14.48	1534.93	4004.17
-9.42	-14.48	1534.06	4036.58
-9.42	-14.48	1533.2	4063.81
-9.42	-14.48	1532.34	4099.31
-9.42	-14.48	1531.47	4121.68
-9.42	-14.48	1530.61	4144.61
-9.42	-14.48	1529.75	4176.46
-9.42	-14.48	1528.88	4199.57
-9.42	-14.48	1528.02	4218.87
-9.42	-14.48	1527.15	4235.32
-9.42	-14.48	1526.29	4259.56
-9.42	-14.48	1525.42	4287.54
-9.42	-14.48	1524.56	4309.69
-9.42	-14.48	1523.69	4323.15
-9.42	-14.48	1522.83	4337.65
-9.42	-14.48	1521.96	4357.43
-9.42	-14.48	1521.1	4376.43
-9.42	-14.48	1520.23	4389.29
-9.42	-14.48	1519.37	4407.65
-9.42	-14.48	1518.5	4426.01
-9.42	-14.48	1517.63	4447.71
-9.42	-14.48	1516.77	4478.11
-9.42	-14.48	1515.9	4498.15
-9.42	-14.48	1515.03	4526.92
-9.42	-14.48	1514.17	4550.35
-9.42	-14.48	1513.3	4576.82
-9.42	-14.48	1512.43	4601.15
-9.42	-14.48	1511.57	4629.54
-9.42	-14.48	1510.7	4659.24
-9.42	-14.48	1509.83	4689.85
-9.42	-14.48	1508.96	4712.69
-9.42	-14.48	1508.1	4729.44
-9.42	-14.48	1507.23	4747.57
-9.42	-14.48	1506.36	4759.97
-9.42	-14.48	1505.49	4763.7
-9.42	-14.48	1504.62	4775.16
-9.42	-14.48	1503.76	4777.99
-9.42	-14.48	1502.89	4772.91
-9.42	-14.48	1502.02	4765.04
-9.42	-14.48	1501.15	4756.64
-9.42	-14.48	1500.28	4741.43
-9.42	-14.48	1499.41	4725.77
-9.42	-14.48	1498.54	4706.27
-9.42	-14.48	1497.67	4668.85
-9.42	-14.48	1496.8	4636.52
-9.42	-14.48	1495.93	4611.96
-9.42	-14.48	1495.06	4576.71
-9.42	-14.48	1494.19	4537.71
-9.42	-14.48	1493.32	4503.34
-9.42	-14.48	1492.45	4471.41
-9.42	-14.48	1491.58	4432.47
-9.42	-14.48	1490.71	4396.47
-9.42	-14.48	1489.84	4348.06
-9.42	-14.48	1488.97	4303.92
-9.42	-14.48	1488.1	4273.5
-9.42	-14.48	1487.23	4246.78
-9.42	-14.48	1486.35	4218.78
-9.42	-14.48	1485.48	4199.8
-9.42	-14.48	1484.61	4179.13
-9.42	-14.48	1483.74	4167.34
-9.42	-14.48	1482.87	4156.11
-9.42	-14.48	1481.99	4146.43
-9.42	-14.48	1481.12	4145.25
-9.42	-14.48	1480.25	4150.31
-9.42	-14.48	1479.38	4161.04
-9.42	-14.48	1478.5	4164.39
-9.42	-14.48	1477.63	4178.69
-9.42	-14.48	1476.76	4204.51
-9.42	-14.48	1475.88	4220.77
-9.42	-14.48	1475.01	4239.66
-9.42	-14.48	1474.14	4253.35
-9.42	-14.48	1473.26	4274.63
-9.42	-14.48	1472.39	4294.21
-9.42	-14.48	1471.51	4304.48
-9.42	-14.48	1470.64	4324.59
-9.42	-14.48	1469.77	4346.25
-9.42	-14.48	1468.89	4354.06
-9.42	-14.48	1468.02	4359.54
-9.42	-14.48	1467.14	4360.04
-9.42	-14.48	1466.27	4359.77
-9.42	-14.48	1465.39	4359.95
-9.42	-14.48	1464.52	4358.11
-9.42	-14.48	1463.64	4352.33
-9.42	-14.48	1462.77	4349.84
-9.42	-14.48	1461.89	4351.81
-9.42	-14.48	1461.01	4337.29
-9.42	-14.48	1460.14	4322.71
-9.42	-14.48	1459.26	4304.21
-9.42	-14.48	1458.39	4293.04
-9.42	-14.48	1457.51	4283.57
-9.42	-14.48	1456.63	4263.31
-9.42	-14.48	1455.76	4243.99
-9.42	-14.48	1454.88	4231.0
-9.42	-14.48	1454.0	4220.09
-9.42	-14.48	1453.12	4199.57
-9.42	-14.48	1452.25	4173.58
-9.42	-14.48	1451.37	4161.12
-9.42	-14.48	1450.49	4148.06
-9.42	-14.48	1449.61	4124.92
-9.42	-14.48	1448.74	4100.67
-9.42	-14.48	1447.86	4082.36
-9.42	-14.48	1446.98	4077.63
-9.42	-14.48	1446.1	4059.31
-9.42	-14.48	1445.22	4042.76
-9.42	-14.48	1444.34	4026.44
-9.42	-14.48	1443.46	4005.69
-9.42	-14.48	1442.58	3981.13
-9.42	-14.48	1441.71	3967.45
-9.42	-14.48	1440.83	3950.2
-9.42	-14.48	1439.95	3934.87
-9.42	-14.48	1439.07	3922.35
-9.42	-14.48	1438.19	3911.9
-9.42	-14.48	1437.31	3894.9
-9.42	-14.48	1436.43	3888.47
-9.42	-14.48	1435.55	3878.02
-9.42	-14.48	1434.67	3867.16
-9.42	-14.48	1433.79	3845.35
-9.42	-14.48	1432.9	3838.5
-9.42	-14.48	1432.02	3835.65
-9.42	-14.48	1431.14	3826.11
-9.42	-14.48	1430.26	3812.37
-9.42	-14.48	1429.38	3807.74
-9.42	-14.48	1428.5	3801.83
-9.42	-14.48	1427.62	3800.09
-9.42	-14.48	1426.74	3796.46
-9.42	-14.48	1425.85	3796.65
-9.42	-14.48	1424.97	3796.06
-9.42	-14.48	1424.09	3803.27
-9.42	-14.48	1423.21	3805.16
-9.42	-14.48	1422.32	3803.52
-9.42	-14.48	1421.44	3813.54
-9.42	-14.48	1420.56	3821.68
-9.42	-14.48	1419.67	3818.27
-9.42	-14.48	1418.79	3820.04
-9.42	-14.48	1417.91	3827.71
-9.42	-14.48	1417.02	3824.1
-9.42	-14.48	1416.14	3827.96
-9.42	-14.48	1415.26	3830.92
-9.42	-14.48	1414.37	3822.07
-9.42	-14.48	1413.49	3821.72
-9.42	-14.48	1412.6	3825.9
-9.42	-14.48	1411.72	3819.57
-9.42	-14.48	1410.84	3808.66
-9.42	-14.48	1409.95	3807.63
-9.42	-14.48	1409.07	3798.84
-9.42	-14.48	1408.18	3787.03
-9.42	-14.48	1407.3	3770.6
-9.42	-14.48	1406.41	3770.2
-9.42	-14.48	1405.52	3767.43
-9.42	-14.48	1404.64	3754.87
-9.42	-14.48	1403.75	3748.63
-9.42	-14.48	1402.87	3752.77
-9.42	-14.48	1401.98	3747.35
-9.42	-14.48	1401.09	3749.12
-9.42	-14.48	1400.21	3743.08
-9.42	-14.48	1399.32	3736.52
-9.42	-14.48	1398.43	3733.31
-9.42	-14.48	1397.55	3740.23
-9.42	-14.48	1396.66	3740.39
-9.42	-14.48	1395.77	3739.64
-9.42	-14.48	1394.89	3751.46
-9.42	-14.48	1394.0	3755.63
-9.42	-14.48	1393.11	3767.39
-9.42	-14.48	1392.22	3777.08
-9.42	-14.48	1391.34	3794.33
-9.42	-14.48	1390.45	3806.48
-9.42	-14.48	1389.56	3827.59
-9.42	-14.48	1388.67	3845.84
-9.42	-14.48	1387.78	3858.88
-9.42	-14.48	1386.89	3883.13
-9.42	-14.48	1386.0	3898.75
-9.42	-14.48	1385.11	3909.28
-9.42	-14.48	1384.23	3933.93
-9.42	-14.48	1383.34	3948.32
-9.42	-14.48	1382.45	3956.49
-9.42	-14.48	1381.56	3968.18
-9.42	-14.48	1380.67	3979.33
-9.42	-14.48	1379.78	3989.66
-9.42	-14.48	1378.89	3999.13
-9.42	-14.48	1378.0	4005.15
-9.42	-14.48	1377.11	4014.3
-9.42	-14.48	1376.22	4016.06
-9.42	-14.48	1375.32	4015.46
-9.42	-14.48	1374.43	4010.63
-9.42	-14.48	1373.54	4004.78
-9.42	-14.48	1372.65	4001.96
-9.42	-14.48	1371.76	4002.96
-9.42	-14.48	1370.87	4007.65
-9.42	-14.48	1369.98	3999.13
-9.42	-14.48	1369.08	4002.75
-9.42	-14.48	1368.19	4010.25
-9.42	-14.48	1367.3	4015.66
-9.42	-14.48	1366.41	4029.99
-9.42	-14.48	1365.52	4039.01
-9.42	-14.48	1364.62	4061.36
-9.42	-14.48	1363.73	4079.01
-9.42	-14.48	1362.84	4099.41
-9.42	-14.48	1361.94	4122.58
-9.42	-14.48	1361.05	4153.03
-9.42	-14.48	1360.16	4187.97
-9.42	-14.48	1359.26	4224.67
-9.42	-14.48	1358.37	4256.59
-9.42	-14.48	1357.48	4293.55
-9.42	-14.48	1356.58	4323.52
-9.42	-14.48	1355.69	4351.33
-9.42	-14.48	1354.79	4383.08
-9.42	-14.48	1353.9	4412.78
-9.42	-14.48	1353.0	4452.53
-9.42	-14.48	1352.11	4472.42
-9.42	-14.48	1351.21	4497.4
-9.42	-14.48	1350.32	4520.19
-9.42	-14.48	1349.42	4547.88
-9.42	-14.48	1348.53	4573.61
-9.42	-14.48	1347.63	4594.6
-9.42	-14.48	1346.74	4622.91
-9.42	-14.48	1345.84	4645.91
-9.42	-14.48	1344.94	4669.07
-9.42	-14.48	1344.05	4688.84
-9.42	-14.48	1343.15	4715.07
-9.42	-14.48	1342.26	4743.58
-9.42	-14.48	1341.36	4764.46
-9.42	-14.48	1340.46	4785.54
-9.42	-14.48	1339.56	4804.18
-9.42	-14.48	1338.67	4833.32
-9.42	-14.48	1337.77	4855.12
-9.42	-14.48	1336.87	4876.67
-9.42	-14.48	1335.97	4895.68
-9.42	-14.48	1335.08	4921.94
-9.42	-14.48	1334.18	4950.62
-9.42	-14.48	1333.28	4968.78
-9.42	-14.48	1332.38	4988.28
-9.42	-14.48	1331.48	4999.5
-9.42	-14.48	1330.59	5017.1
-9.42	-14.48	1329.69	5026.49
-9.42	-14.48	1328.79	5036.11
-9.42	-14.48	1327.89	5055.91
-9.42	-14.48	1326.99	5076.93
-9.42	-14.48	1326.09	5093.12
-9.42	-14.48	1325.19	5098.48
-9.42	-14.48	1324.29	5121.62
-9.42	-14.48	1323.39	5146.48
-9.42	-14.48	1322.49	5165.83
-9.42	-14.48	1321.59	5185.6
-9.42	-14.48	1320.69	5208.08
-9.42	-14.48	1319.79	5228.5
-9.42	-14.48	1318.89	5234.85
-9.42	-14.48	1317.99	5251.82
-9.42	-14.48	1317.09	5265.87
-9.42	-14.48	1316.19	5287.62
-9.42	-14.48	1315.29	5287.16
-9.42	-14.48	1314.38	5285.38
-9.42	-14.48	1313.48	5285.06
-9.42	-14.48	1312.58	5278.05
-9.42	-14.48	1311.68	5267.86
-9.42	-14.48	1310.78	5244.18
-9.42	-14.48	1309.87	5213.36
-9.42	-14.48	1308.97	5182.08
-9.42	-14.48	1308.07	5148.51
-9.42	-14.48	1307.17	5099.08
-9.42	-14.48	1306.26	5044.52
-9.42	-14.48	1305.36	4993.52
-9.42	-14.48	1304.46	4942.5
-9.42	-14.48	1303.55	4886.86
-9.42	-14.48	1302.65	4827.85
-9.42	-14.48	1301.75	4775.01
-9.42	-14.48	1300.84	4720.49
-9.42	-14.48	1299.94	4661.05
-9.42	-14.48	1299.03	4604.9
-9.42	-14.48	1298.13	4556.19
-9.42	-14.48	1297.23	4516.37
-9.42	-14.48	1296.32	4467.37
-9.42	-14.48	1295.42	4427.51
-9.42	-14.48	1294.51	4391.77
-9.42	-14.48	1293.61	4355.21
-9.42	-14.48	1292.7	4325.08
-9.42	-14.48	1291.8	4289.64
-9.42	-14.48	1290.89	4271.14
-9.42	-14.48	1289.98	4243.89
-9.42	-14.48	1289.08	4228.97
-9.42	-14.48	1288.17	4207.71
-9.42	-14.48	1287.27	4193.27
-9.42	-14.48	1286.36	4185.12
-9.42	-14.48	1285.45	4173.07
-9.42	-14.48	1284.55	4157.0
-9.42	-14.48	1283.64	4144.26
-9.42	-14.48	1282.73	4128.42
-9.42	-14.48	1281.83	4119.12
-9.42	-14.48	1280.92	4097.12
-9.42	-14.48	1280.01	4078.82
-9.42	-14.48	1279.1	4064.58
-9.42	-14.48	1278.2	4053.31
-9.42	-14.48	1277.29	4033.26
-9.42	-14.48	1276.38	4006.77
-9.42	-14.48	1275.47	3979.03
-9.42	-14.48	1274.56	3956.24
-9.42	-14.48	1273.65	3932.89
-9.42	-14.48	1272.75	3906.75
-9.42	-14.48	1271.84	3886.04
-9.42	-14.48	1270.93	3866.56
-9.42	-14.48	1270.02	3846.16
-9.42	-14.48	1269.11	3816.01
-9.42	-14.48	1268.2	3801.53
-9.42	-14.48	1267.29	3778.67
-9.42	-14.48	1266.38	3763.72
-9.42	-14.48	1265.47	3750.05
-9.42	-14.48	1264.56	3730.11
-9.42	-14.48	1263.65	3726.27
-9.42	-14.48	1262.74	3715.03
-9.42	-14.48	1261.83	3712.58
-9.42	-14.48	1260.92	3714.58
-9.42	-14.48	1260.01	3726.18
-9.42	-14.48	1259.1	3739.69
-9.42	-14.48	1258.18	3749.05
-9.42	-14.48	1257.27	3768.9
-9.42	-14.48	1256.36	3794.53
-9.42	-14.48	1255.45	3808.83
-9.42	-14.48	1254.54	3820.88
-9.42	-14.48	1253.62	3835.17
-9.42	-14.48	1252.71	3858.13
-9.42	-14.48	1251.8	3877.56
-9.42	-14.48	1250.89	3885.5
-9.42	-14.48	1249.97	3892.7
-9.42	-14.48	1249.06	3898.42
-9.42	-14.48	1248.15	3897.48
-9.42	-14.48	1247.24	3898.52
-9.42	-14.48	1246.32	3895.64
-9.42	-14.48	1245.41	3886.5
-9.42	-14.48	1244.49	3876.04
-9.42	-14.48	1243.58	3861.79
-9.42	-14.48	1242.67	3846.92
-9.42	-14.48	1241.75	3835.63
-9.42	-14.48	1240.84	3822.66
-9.42	-14.48	1239.92	3794.9
-9.42	-14.48	1239.01	3775.14
-9.42	-14.48	1238.09	3754.05
-9.42	-14.48	1237.18	3733.78
-9.42	-14.48	1236.26	3713.67
-9.42	-14.48	1235.35	3690.6
-9.42	-14.48	1234.43	3678.91
-9.42	-14.48	1233.52	3671.43
-9.42	-14.48	1232.6	3660.47
-9.42	-14.48	1231.69	3658.38
-9.42	-14.48	1230.77	3654.14
-9.42	-14.48	1229.85	3647.63
-9.42	-14.48	1228.94	3637.97
-9.42	-14.48	1228.02	3629.38
-9.42	-14.48	1227.1	3630.91
-9.42	-14.48	1226.19	3630.23
-9.42	-14.48	1225.27	3631.19
-9.42	-14.48	1224.35	3627.67
-9.42	-14.48	1223.43	3625.54
-9.42	-14.48	1222.52	3633.28
-9.42	-14.48	1221.6	3629.48
-9.42	-14.48	1220.68	3628.29
-9.42	-14.48	1219.76	3638.26
-9.42	-14.48	1218.84	3652.5
-9.42	-14.48	1217.93	3657.2
-9.42	-14.48	1217.01	3663.63
-9.42	-14.48	1216.09	3681.01
-9.42	-14.48	1215.17	3698.21
-9.42	-14.48	1214.25	3713.51
-9.42	-14.48	1213.33	3729.15
-9.42	-14.48	1212.41	3748.67
-9.42	-14.48	1211.49	3780.27
-9.42	-14.48	1210.57	3810.79
-9.42	-14.48	1209.65	3841.66
-9.42	-14.48	1208.73	3874.46
-9.42	-14.48	1207.81	3910.48
-9.42	-14.48	1206.89	3950.65
-9.42	-14.48	1205.97	3991.5
-9.42	-14.48	1205.05	4033.28
-9.42	-14.48	1204.13	4082.9
-9.42	-14.48	1203.21	4119.51
-9.42	-14.48	1202.29	4153.74
-9.42	-14.48	1201.37	4202.98
-9.42	-14.48	1200.45	4260.11
-9.42	-14.48	1199.52	4300.95
-9.42	-14.48	1198.6	4349.16
-9.42	-14.48	1197.68	4405.89
-9.42	-14.48	1196.76	4462.99
-9.42	-14.48	1195.84	4525.82
-9.42	-14.48	1194.91	4574.78
-9.42	-14.48	1193.99	4620.56
-9.42	-14.48	1193.07	4680.79
-9.42	-14.48	1192.14	4734.07
-9.42	-14.48	1191.22	4780.69
-9.42	-14.48	1190.3	4814.81
-9.42	-14.48	1189.37	4842.01
-9.42	-14.48	1188.45	4867.81
-9.42	-14.48	1187.53	4878.14
-9.42	-14.48	1186.6	4884.48
-9.42	-14.48	1185.68	4886.42
-9.42	-14.48	1184.76	4875.72
-9.42	-14.48	1183.83	4853.82
-9.42	-14.48	1182.91	4823.71
-9.42	-14.48	1181.98	4778.18
-9.42	-14.48	1181.06	4719.12
-9.42	-14.48	1180.13	4648.55
-9.42	-14.48	1179.21	4576.93
-9.42	-14.48	1178.28	4504.79
-9.42	-14.48	1177.36	4415.05
-9.42	-14.48	1176.43	4327.19
-9.42	-14.48	1175.5	4235.62
-9.42	-14.48	1174.58	4149.35
-9.42	-14.48	1173.65	4069.55
-9.42	-14.48	1172.72	3985.18
-9.42	-14.48	1171.8	3897.66
-9.42	-14.48	1170.87	3829.1
-9.42	-14.48	1169.94	3760.15
-9.42	-14.48	1169.02	3692.03
-9.42	-14.48	1168.09	3637.86
-9.42	-14.48	1167.16	3582.08
-9.42	-14.48	1166.24	3540.01
-9.42	-14.48	1165.31	3509.36
-9.42	-14.48	1164.38	3468.72
-9.42	-14.48	1163.45	3437.89
-9.42	-14.48	1162.52	3411.97
-9.42	-14.48	1161.6	3383.98
-9.42	-14.48	1160.67	3364.93
-9.42	-14.48	1159.74	3347.77
-9.42	-14.48	1158.81	3329.77
-9.42	-14.48	1157.88	3318.3
-9.42	-14.48	1156.95	3309.29
-9.42	-14.48	1156.02	3300.39
-9.42	-14.48	1155.09	3281.96
-9.42	-14.48	1154.16	3266.78
-9.42	-14.48	1153.23	3255.16
-9.42	-14.48	1152.3	3246.73
-9.42	-14.48	1151.37	3244.83
-9.42	-14.48	1150.44	3246.57
-9.42	-14.48	1149.51	3238.22
-9.42	-14.48	1148.58	3239.8
-9.42	-14.48	1147.65	3241.71
-9.42	-14.48	1146.72	3244.41
-9.42	-14.48	1145.79	3246.5
-9.42	-14.48	1144.86	3253.08
-9.42	-14.48	1143.92	3258.39
-9.42	-14.48	1142.99	3260.08
-9.42	-14.48	1142.06	3265.2
-9.42	-14.48	1141.13	3267.74
-9.42	-14.48	1140.2	3276.1
-9.42	-14.48	1139.26	3275.13
-9.42	-14.48	1138.33	3271.65
-9.42	-14.48	1137.4	3271.61
-9.42	-14.48	1136.47	3261.3
-9.42	-14.48	1135.53	3255.15
-9.42	-14.48	1134.6	3243.31
-9.42	-14.48	1133.67	3222.74
-9.42	-14.48	1132.73	3205.36
-9.42	-14.48	1131.8	3186.85
-9.42	-14.48	1130.87	3166.61
-9.42	-14.48	1129.93	3145.15
-9.42	-14.48	1129.0	3113.65
-9.42	-14.48	1128.06	3084.44
-9.42	-14.48	1127.13	3056.87
-9.42	-14.48	1126.19	3036.54
-9.42	-14.48	1125.26	3011.5
-9.42	-14.48	1124.32	2986.82
-9.42	-14.48	1123.39	2973.97
-9.42	-14.48	1122.45	2954.85
-9.42	-14.48	1121.52	2940.95
-9.42	-14.48	1120.58	2928.81
-9.42	-14.48	1119.65	2924.6
-9.42	-14.48	1118.71	2926.51
-9.42	-14.48	1117.78	2927.35
-9.42	-14.48	1116.84	2929.28
-9.42	-14.48	1115.9	2925.4
-9.42	-14.48	1114.97	2933.94
-9.42	-14.48	1114.03	2936.46
-9.42	-14.48	1113.09	2933.08
-9.42	-14.48	1112.15	2944.7
-9.42	-14.48	1111.22	2957.7
-9.42	-14.48	1110.28	2962.9
-9.42	-14.48	1109.34	2971.07
-9.42	-14.48	1108.4	2974.74
-9.42	-14.48	1107.47	2980.74
-9.42	-14.48	1106.53	2982.96
-9.42	-14.48	1105.59	2983.68
-9.42	-14.48	1104.65	2984.11
-9.42	-14.48	1103.71	2985.62
-9.42	-14.48	1102.77	2979.36
-9.42	-14.48	1101.83	2971.98
-9.42	-14.48	1100.9	2962.21
-9.42	-14.48	1099.96	2960.15
-9.42	-14.48	1099.02	2950.14
-9.42	-14.48	1098.08	2935.04
-9.42	-14.48	1097.14	2930.05
-9.42	-14.48	1096.2	2921.38
-9.42	-14.48	1095.26	2912.18
-9.42	-14.48	1094.32	2896.24
-9.42	-14.48	1093.38	2889.33
-9.42	-14.48	1092.44	2873.63
-9.42	-14.48	1091.49	2862.18
-9.42	-14.48	1090.55	2847.0
-9.42	-14.48	1089.61	2836.24
-9.42	-14.48	1088.67	2818.87
-9.42	-14.48	1087.73	2803.04
-9.42	-14.48	1086.79	2791.37
-9.42	-14.48	1085.85	2771.99
-9.42	-14.48	1084.9	2764.7
-9.42	-14.48	1083.96	2759.4
-9.42	-14.48	1083.02	2744.09
-9.42	-14.48	1082.08	2730.35
-9.42	-14.48	1081.13	2723.51
-9.42	-14.48	1080.19	2710.88
-9.42	-14.48	1079.25	2700.18
-9.42	-14.48	1078.31	2689.7
-9.42	-14.48	1077.36	2678.6
-9.42	-14.48	1076.42	2672.51
-9.42	-14.48	1075.48	2665.96
-9.42	-14.48	1074.53	2658.73
-9.42	-14.48	1073.59	2660.04
-9.42	-14.48	1072.64	2654.37
-9.42	-14.48	1071.7	2653.65
-9.42	-14.48	1070.75	2649.47
-9.42	-14.48	1069.81	2651.39
-9.42	-14.48	1068.86	2646.98
-9.42	-14.48	1067.92	2640.19
-9.42	-14.48	1066.97	2636.03
-9.42	-14.48	1066.03	2634.73
-9.42	-14.48	1065.08	2628.58
-9.42	-14.48	1064.14	2621.36
-9.42	-14.48	1063.19	2625.94
-9.42	-14.48	1062.25	2624.88
-9.42	-14.48	1061.3	2625.26
-9.42	-14.48	1060.35	2621.82
-9.42	-14.48	1059.41	2627.27
-9.42	-14.48	1058.46	2631.09
-9.42	-14.48	1057.51	2629.18
-9.42	-14.48	1056.57	2628.0
-9.42	-14.48	1055.62	2620.58
-9.42	-14.48	1054.67	2619.06
-9.42	-14.48	1053.72	2621.44
-9.42	-14.48	1052.78	2620.63
-9.42	-14.48	1051.83	2622.1
-9.42	-14.48	1050.88	2624.5
-9.42	-14.48	1049.93	2628.5
-9.42	-14.48	1048.98	2633.04
-9.42	-14.48	1048.03	2640.95
-9.42	-14.48	1047.09	2642.69
-9.42	-14.48	1046.14	2642.57
-9.42	-14.48	1045.19	2648.83
-9.42	-14.48	1044.24	2646.73
-9.42	-14.48	1043.29	2645.09
-9.42	-14.48	1042.34	2636.03
-9.42	-14.48	1041.39	2634.41
-9.42	-14.48	1040.44	2629.9
-9.42	-14.48	1039.49	2627.52
-9.42	-14.48	1038.54	2625.5
-9.42	-14.48	1037.59	2617.4
-9.42	-14.48	1036.64	2612.92
-9.42	-14.48	1035.69	2606.95
-9.42	-14.48	1034.74	2599.57
-9.42	-14.48	1033.79	2590.49
-9.42	-14.48	1032.83	2587.87
-9.42	-14.48	1031.88	2579.14
-9.42	-14.48	1030.93	2572.42
-9.42	-14.48	1029.98	2561.88
-9.42	-14.48	1029.03	2551.12
-9.42	-14.48	1028.07	2537.34
-9.42	-14.48	1027.12	2521.29
-9.42	-14.48	1026.17	2517.6
-9.42	-14.48	1025.22	2510.7
-9.42	-14.48	1024.26	2504.86
-9.42	-14.48	1023.31	2505.37
-9.42	-14.48	1022.36	2499.97
-9.42	-14.48	1021.4	2500.33
-9.42	-14.48	1020.45	2501.12
-9.42	-14.48	1019.5	2504.45
-9.42	-14.48	1018.54	2513.7
-9.42	-14.48	1017.59	2524.97
-9.42	-14.48	1016.64	2539.71
-9.42	-14.48	1015.68	2546.26
-9.42	-14.48	1014.73	2560.73
-9.42	-14.48	1013.77	2574.45
-9.42	-14.48	1012.82	2596.81
-9.42	-14.48	1011.86	2614.09
-9.42	-14.48	1010.91	2632.94
-9.42	-14.48	1009.95	2656.83
-9.42	-14.48	1009.0	2675.13
-9.42	-14.48	1008.04	2703.17
-9.42	-14.48	1007.08	2727.39
-9.42	-14.48	1006.13	2755.08
-9.42	-14.48	1005.17	2781.29
-9.42	-14.48	1004.22	2798.95
-9.42	-14.48	1003.26	2812.66
-9.42	-14.48	1002.3	2829.1
-9.42	-14.48	1001.34	2836.52
-9.42	-14.48	1000.39	2839.99
-9.42	-14.48	999.431	2837.14
-9.42	-14.48	998.4730000000001	2835.13
-9.42	-14.48	997.515	2830.62
-9.42	-14.48	996.558	2818.58
-9.42	-14.48	995.6	2809.58
-9.42	-14.48	994.6410000000001	2794.66
-9.42	-14.48	993.683	2772.27
-9.42	-14.48	992.725	2748.49
-9.42	-14.48	991.7660000000001	2728.2
-9.42	-14.48	990.807	2704.05
-9.42	-14.48	989.8480000000001	2679.78
-9.42	-14.48	988.8889999999999	2649.07
-9.42	-14.48	987.93	2615.07
-9.42	-14.48	986.97	2588.46
-9.42	-14.48	986.01	2568.42
-9.42	-14.48	985.05	2551.61
-9.42	-14.48	984.09	2536.0
-9.42	-14.48	983.13	2520.72
-9.42	-14.48	982.17	2510.54
-9.42	-14.48	981.209	2503.8
-9.42	-14.48	980.248	2495.54
-9.42	-14.48	979.288	2488.37
-9.42	-14.48	978.326	2484.0
-9.42	-14.48	977.365	2481.25
-9.42	-14.48	976.404	2480.89
-9.42	-14.48	975.442	2480.46
-9.42	-14.48	974.48	2479.86
-9.42	-14.48	973.518	2476.47
-9.42	-14.48	972.556	2478.31
-9.42	-14.48	971.5939999999999	2476.24
-9.42	-14.48	970.632	2468.69
-9.42	-14.48	969.669	2462.24
-9.42	-14.48	968.706	2455.16
-9.42	-14.48	967.743	2453.52
-9.42	-14.48	966.78	2450.04
-9.42	-14.48	965.817	2444.93
-9.42	-14.48	964.8530000000001	2434.33
-9.42	-14.48	963.8889999999999	2429.39
-9.42	-14.48	962.926	2426.91
-9.42	-14.48	961.961	2421.18
-9.42	-14.48	960.997	2416.15
-9.42	-14.48	960.033	2414.8
-9.42	-14.48	959.068	2418.71
-9.42	-14.48	958.1039999999999	2422.91
-9.42	-14.48	957.1389999999999	2426.59
-9.42	-14.48	956.174	2437.02
-9.42	-14.48	955.2080000000001	2444.98
-9.42	-14.48	954.243	2456.95
-9.42	-14.48	953.2769999999999	2470.26
-9.42	-14.48	952.312	2488.43
-9.42	-14.48	951.346	2512.33
-9.42	-14.48	950.38	2542.72
-9.42	-14.48	949.413	2585.17
-9.42	-14.48	948.447	2625.2
-9.42	-14.48	947.48	2668.13
-9.42	-14.48	946.513	2702.69
-9.42	-14.48	945.546	2736.34
-9.42	-14.48	944.579	2771.54
-9.42	-14.48	943.612	2805.67
-9.42	-14.48	942.6439999999999	2828.62
-9.42	-14.48	941.677	2850.33
-9.42	-14.48	940.709	2875.13
-9.42	-14.48	939.7410000000001	2893.4
-9.42	-14.48	938.773	2894.99
-9.42	-14.48	937.804	2890.31
-9.42	-14.48	936.836	2883.06
-9.42	-14.48	935.867	2862.27
-9.42	-14.48	934.898	2846.22
-9.42	-14.48	933.929	2819.1
-9.42	-14.48	932.96	2789.63
-9.42	-14.48	931.99	2751.88
-9.42	-14.48	931.0210000000001	2717.84
-9.42	-14.48	930.051	2678.05
-9.42	-14.48	929.081	2633.61
-9.42	-14.48	928.1110000000001	2594.32
-9.42	-14.48	927.1410000000001	2558.19
-9.42	-14.48	926.17	2526.66
-9.42	-14.48	925.199	2493.25
-9.42	-14.48	924.2289999999999	2464.14
-9.42	-14.48	923.258	2439.94
-9.42	-14.48	922.2860000000001	2426.86
-9.42	-14.48	921.315	2413.8
-9.42	-14.48	920.3439999999999	2404.44
-9.42	-14.48	919.372	2393.11
-9.42	-14.48	918.4	2389.91
-9.42	-14.48	917.428	2384.27
-9.42	-14.48	916.456	2376.83
-9.42	-14.48	915.4830000000001	2376.53
-9.42	-14.48	914.5110000000001	2377.92
-9.42	-14.48	913.538	2381.64
-9.42	-14.48	912.565	2382.26
-9.42	-14.48	911.592	2387.62
-9.42	-14.48	910.6189999999999	2389.63
-9.42	-14.48	909.645	2382.64
-9.42	-14.48	908.671	2386.45
-9.42	-14.48	907.698	2393.62
-9.42	-14.48	906.7239999999999	2395.01
-9.42	-14.48	905.75	2399.08
-9.42	-14.48	904.775	2403.56
-9.42	-14.48	903.801	2409.22
-9.42	-14.48	902.826	2414.06
-9.42	-14.48	901.8510000000001	2424.31
-9.42	-14.48	900.8760000000001	2431.77
-9.42	-14.48	899.9010000000001	2451.86
-9.42	-14.48	898.925	2476.63
-9.42	-14.48	897.95	2493.29
-9.42	-14.48	896.9739999999999	2511.86
-9.42	-14.48	895.998	2527.38
-9.42	-14.48	895.0219999999999	2544.77
-9.42	-14.48	894.046	2558.0
-9.42	-14.48	893.069	2586.36
-9.42	-14.48	892.0930000000001	2603.95
-9.42	-14.48	891.1160000000001	2618.48
-9.42	-14.48	890.1389999999999	2629.04
-9.42	-14.48	889.1619999999999	2645.0
-9.42	-14.48	888.184	2655.55
-9.42	-14.48	887.207	2659.0
-9.42	-14.48	886.2289999999999	2669.57
-9.42	-14.48	885.2510000000001	2682.83
-9.42	-14.48	884.273	2692.24
-9.42	-14.48	883.295	2693.47
-9.42	-14.48	882.317	2699.28
-9.42	-14.48	881.3380000000001	2696.46
-9.42	-14.48	880.3589999999999	2691.14
-9.42	-14.48	879.38	2683.96
-9.42	-14.48	878.4010000000001	2676.52
-9.42	-14.48	877.422	2665.43
-9.42	-14.48	876.442	2656.92
-9.42	-14.48	875.4630000000001	2649.63
-9.42	-14.48	874.4830000000001	2645.02
-9.42	-14.48	873.503	2641.84
-9.42	-14.48	872.523	2642.94
-9.42	-14.48	871.5419999999999	2639.52
-9.42	-14.48	870.562	2646.49
-9.42	-14.48	869.581	2651.63
-9.42	-14.48	868.6	2640.63
-9.42	-14.48	867.6189999999999	2637.73
-9.42	-14.48	866.638	2643.65
-9.42	-14.48	865.6569999999999	2649.94
-9.42	-14.48	864.675	2651.27
-9.42	-14.48	863.693	2658.52
-9.42	-14.48	862.711	2658.45
-9.42	-14.48	861.7289999999999	2664.91
-9.42	-14.48	860.747	2671.38
-9.42	-14.48	859.7639999999999	2678.67
-9.42	-14.48	858.7819999999999	2692.43
-9.42	-14.48	857.799	2693.57
-9.42	-14.48	856.816	2702.1
-9.42	-14.48	855.8330000000001	2708.05
-9.42	-14.48	854.8489999999999	2713.53
-9.42	-14.48	853.8660000000001	2710.61
-9.42	-14.48	852.882	2714.81
-9.42	-14.48	851.898	2712.82
-9.42	-14.48	850.914	2716.57
-9.42	-14.48	849.93	2708.49
-9.42	-14.48	848.945	2707.42
-9.42	-14.48	847.961	2712.48
-9.42	-14.48	846.9760000000001	2712.85
-9.42	-14.48	845.9910000000001	2716.85
-9.42	-14.48	845.0060000000001	2715.85
-9.42	-14.48	844.02	2719.53
-9.42	-14.48	843.035	2723.52
-9.42	-14.48	842.049	2720.48
-9.42	-14.48	841.063	2721.6
-9.42	-14.48	840.077	2726.12
-9.42	-14.48	839.091	2717.59
-9.42	-14.48	838.1039999999999	2717.46
-9.42	-14.48	837.118	2720.41
-9.42	-14.48	836.1310000000001	2725.73
-9.42	-14.48	835.1439999999999	2719.84
-9.42	-14.48	834.1569999999999	2717.75
-9.42	-14.48	833.17	2714.9
-9.42	-14.48	832.182	2711.96
-9.42	-14.48	831.195	2702.98
-9.42	-14.48	830.207	2692.41
-9.42	-14.48	829.2189999999999	2692.91
-9.42	-14.48	828.23	2675.82
-9.42	-14.48	827.242	2671.04
-9.42	-14.48	826.253	2664.89
-9.42	-14.48	825.265	2662.31
-9.42	-14.48	824.2760000000001	2650.24
-9.42	-14.48	823.2869999999999	2645.11
-9.42	-14.48	822.297	2636.29
-9.42	-14.48	821.308	2633.68
-9.42	-14.48	820.318	2628.46
-9.42	-14.48	819.328	2629.64
-9.42	-14.48	818.3380000000001	2632.94
-9.42	-14.48	817.3480000000001	2628.51
-9.42	-14.48	816.3580000000001	2633.8
-9.42	-14.48	815.367	2639.85
-9.42	-14.48	814.377	2651.59
-9.42	-14.48	813.3860000000001	2655.67
-9.42	-14.48	812.395	2655.32
-9.42	-14.48	811.403	2655.79
-9.42	-14.48	810.4119999999999	2657.7
-9.42	-14.48	809.42	2656.61
-9.42	-14.48	808.428	2653.13
-9.42	-14.48	807.436	2648.18
-9.42	-14.48	806.444	2644.78
-9.42	-14.48	805.452	2627.49
-9.42	-14.48	804.459	2615.65
-9.42	-14.48	803.467	2604.2
-9.42	-14.48	802.4739999999999	2592.4
-9.42	-14.48	801.4810000000001	2580.06
-9.42	-14.48	800.487	2568.58
-9.42	-14.48	799.4939999999999	2558.0
-9.42	-14.48	798.5	2536.86
-9.42	-14.48	797.507	2519.76
-9.42	-14.48	796.513	2505.22
-9.42	-14.48	795.518	2489.5
-9.42	-14.48	794.5239999999999	2471.21
-9.42	-14.48	793.529	2456.78
-9.42	-14.48	792.535	2449.88
-9.42	-14.48	791.54	2442.02
-9.42	-14.48	790.545	2428.42
-9.42	-14.48	789.55	2416.97
-9.42	-14.48	788.554	2411.99
-9.42	-14.48	787.559	2408.28
-9.42	-14.48	786.563	2405.78
-9.42	-14.48	785.567	2406.32
-9.42	-14.48	784.571	2406.94
-9.42	-14.48	783.574	2400.58
-9.42	-14.48	782.578	2396.87
-9.42	-14.48	781.581	2395.23
-9.42	-14.48	780.584	2399.86
-9.42	-14.48	779.587	2406.56
-9.42	-14.48	778.59	2408.02
-9.42	-14.48	777.592	2420.44
-9.42	-14.48	776.595	2442.73
-9.42	-14.48	775.597	2457.15
-9.42	-14.48	774.5989999999999	2473.49
-9.42	-14.48	773.6010000000001	2495.4
-9.42	-14.48	772.602	2510.22
-9.42	-14.48	771.6039999999999	2525.49
-9.42	-14.48	770.605	2540.67
-9.42	-14.48	769.6060000000001	2553.26
-9.42	-14.48	768.607	2563.94
-9.42	-14.48	767.6080000000001	2573.47
-9.42	-14.48	766.6089999999999	2590.14
-9.42	-14.48	765.6089999999999	2596.46
-9.42	-14.48	764.6089999999999	2600.36
-9.42	-14.48	763.6089999999999	2607.66
-9.42	-14.48	762.6089999999999	2617.19
-9.42	-14.48	761.6089999999999	2623.24
-9.42	-14.48	760.6080000000001	2621.79
-9.42	-14.48	759.607	2624.89
-9.42	-14.48	758.607	2633.29
-9.42	-14.48	757.605	2635.11
-9.42	-14.48	756.6039999999999	2633.39
-9.42	-14.48	755.6030000000001	2636.8
-9.42	-14.48	754.6010000000001	2634.85
-9.42	-14.48	753.5989999999999	2626.69
-9.42	-14.48	752.597	2623.94
-9.42	-14.48	751.595	2625.24
-9.42	-14.48	750.5930000000001	2632.45
-9.42	-14.48	749.59	2628.68
-9.42	-14.48	748.587	2631.18
-9.42	-14.48	747.585	2639.09
-9.42	-14.48	746.581	2637.39
-9.42	-14.48	745.578	2629.63
-9.42	-14.48	744.575	2631.32
-9.42	-14.48	743.571	2636.66
-9.42	-14.48	742.567	2631.48
-9.42	-14.48	741.563	2628.0
-9.42	-14.48	740.559	2628.93
-9.42	-14.48	739.555	2631.9
-9.42	-14.48	738.55	2633.22
-9.42	-14.48	737.545	2641.66
-9.42	-14.48	736.54	2663.74
-9.42	-14.48	735.535	2680.45
-9.42	-14.48	734.53	2709.35
-9.42	-14.48	733.525	2739.56
-9.42	-14.48	732.5189999999999	2783.07
-9.42	-14.48	731.513	2823.69
-9.42	-14.48	730.507	2853.91
-9.42	-14.48	729.5010000000001	2902.73
-9.42	-14.48	728.4939999999999	2947.88
-9.42	-14.48	727.488	2981.06
-9.42	-14.48	726.4810000000001	3012.79
-9.42	-14.48	725.4739999999999	3039.46
-9.42	-14.48	724.467	3055.66
-9.42	-14.48	723.46	3062.66
-9.42	-14.48	722.452	3074.63
-9.42	-14.48	721.444	3084.44
-9.42	-14.48	720.436	3083.92
-9.42	-14.48	719.428	3069.53
-9.42	-14.48	718.42	3064.28
-9.42	-14.48	717.4119999999999	3054.71
-9.42	-14.48	716.403	3027.59
-9.42	-14.48	715.3939999999999	3001.46
-9.42	-14.48	714.385	2978.43
-9.42	-14.48	713.3760000000001	2941.01
-9.42	-14.48	712.367	2897.4
-9.42	-14.48	711.357	2858.94
-9.42	-14.48	710.347	2832.7
-9.42	-14.48	709.3380000000001	2801.79
-9.42	-14.48	708.327	2769.35
-9.42	-14.48	707.317	2749.22
-9.42	-14.48	706.307	2738.94
-9.42	-14.48	705.296	2725.14
-9.42	-14.48	704.285	2729.16
-9.42	-14.48	703.2739999999999	2738.59
-9.42	-14.48	702.263	2764.57
-9.42	-14.48	701.252	2777.37
-9.42	-14.48	700.24	2796.86
-9.42	-14.48	699.2280000000001	2827.14
-9.42	-14.48	698.216	2850.62
-9.42	-14.48	697.204	2868.85
-9.42	-14.48	696.192	2897.42
-9.42	-14.48	695.179	2927.38
-9.42	-14.48	694.1669999999999	2953.13
-9.42	-14.48	693.154	2989.83
-9.42	-14.48	692.1410000000001	3041.71
-9.42	-14.48	691.127	3081.43
-9.42	-14.48	690.1139999999999	3117.02
-9.42	-14.48	689.1	3150.9
-9.42	-14.48	688.086	3183.68
-9.42	-14.48	687.072	3210.63
-9.42	-14.48	686.058	3221.14
-9.42	-14.48	685.044	3236.39
-9.42	-14.48	684.029	3252.56
-9.42	-14.48	683.015	3259.37
-9.42	-14.48	682.0	3265.34
-9.42	-14.48	680.985	3275.45
-9.42	-14.48	679.9689999999999	3278.01
-9.42	-14.48	678.954	3266.37
-9.42	-14.48	677.938	3258.51
-9.42	-14.48	676.922	3263.21
-9.42	-14.48	675.9060000000001	3267.84
-9.42	-14.48	674.89	3265.01
-9.42	-14.48	673.8739999999999	3273.12
-9.42	-14.48	672.857	3274.92
-9.42	-14.48	671.84	3280.17
-9.42	-14.48	670.823	3275.42
-9.42	-14.48	669.806	3281.73
-9.42	-14.48	668.789	3286.46
-9.42	-14.48	667.7710000000001	3284.73
-9.42	-14.48	666.753	3284.48
-9.42	-14.48	665.735	3296.24
-9.42	-14.48	664.717	3302.47
-9.42	-14.48	663.699	3310.08
-9.42	-14.48	662.68	3324.35
-9.42	-14.48	661.6619999999999	3331.11
-9.42	-14.48	660.643	3327.68
-9.42	-14.48	659.6239999999999	3324.1
-9.42	-14.48	658.605	3328.12
-9.42	-14.48	657.585	3319.75
-9.42	-14.48	656.566	3315.68
-9.42	-14.48	655.546	3307.88
-9.42	-14.48	654.526	3305.69
-9.42	-14.48	653.506	3307.14
-9.42	-14.48	652.485	3297.57
-9.42	-14.48	651.465	3287.5
-9.42	-14.48	650.444	3277.0
-9.42	-14.48	649.423	3256.68
-9.42	-14.48	648.4019999999999	3246.74
-9.42	-14.48	647.381	3240.45
-9.42	-14.48	646.359	3237.42
-9.42	-14.48	645.3380000000001	3228.01
-9.42	-14.48	644.316	3218.01
-9.42	-14.48	643.294	3221.99
-9.42	-14.48	642.271	3223.44
-9.42	-14.48	641.249	3225.61
-9.42	-14.48	640.226	3222.89
-9.42	-14.48	639.2040000000001	3225.81
-9.42	-14.48	638.181	3218.39
-9.42	-14.48	637.1569999999999	3208.55
-9.42	-14.48	636.134	3209.52
-9.42	-14.48	635.11	3206.16
-9.42	-14.48	634.087	3200.22
-9.42	-14.48	633.063	3194.03
-9.42	-14.48	632.039	3190.71
-9.42	-14.48	631.014	3177.35
-9.42	-14.48	629.99	3167.1
-9.42	-14.48	628.965	3159.23
-9.42	-14.48	627.94	3150.88
-9.42	-14.48	626.915	3129.99
-9.42	-14.48	625.89	3120.59
-9.42	-14.48	624.864	3105.29
-9.42	-14.48	623.839	3089.86
-9.42	-14.48	622.813	3066.2
-9.42	-14.48	621.7869999999999	3037.35
-9.42	-14.48	620.761	3018.01
-9.42	-14.48	619.734	2998.29
-9.42	-14.48	618.7080000000001	2973.23
-9.42	-14.48	617.681	2960.56
-9.42	-14.48	616.654	2939.59
-9.42	-14.48	615.627	2916.09
-9.42	-14.48	614.599	2898.86
-9.42	-14.48	613.572	2888.13
-9.42	-14.48	612.544	2876.56
-9.42	-14.48	611.516	2859.86
-9.42	-14.48	610.488	2847.93
-9.42	-14.48	609.46	2834.52
-9.42	-14.48	608.431	2816.81
-9.42	-14.48	607.403	2797.43
-9.42	-14.48	606.374	2784.54
-9.42	-14.48	605.345	2775.12
-9.42	-14.48	604.316	2762.47
-9.42	-14.48	603.286	2749.28
-9.42	-14.48	602.257	2742.52
-9.42	-14.48	601.227	2735.11
-9.42	-14.48	600.197	2721.52
-9.42	-14.48	599.1669999999999	2716.64
-9.42	-14.48	598.136	2716.08
-9.42	-14.48	597.106	2702.05
-9.42	-14.48	596.075	2693.3
-9.42	-14.48	595.044	2686.24
-9.42	-14.48	594.013	2676.59
-9.42	-14.48	592.981	2667.29
-9.42	-14.48	591.95	2661.74
-9.42	-14.48	590.918	2663.88
-9.42	-14.48	589.886	2658.28
-9.42	-14.48	588.854	2661.0
-9.42	-14.48	587.822	2669.02
-9.42	-14.48	586.789	2676.51
-9.42	-14.48	585.757	2682.68
-9.42	-14.48	584.724	2689.61
-9.42	-14.48	583.691	2706.16
-9.42	-14.48	582.6569999999999	2722.28
-9.42	-14.48	581.624	2732.01
-9.42	-14.48	580.59	2746.37
-9.42	-14.48	579.557	2756.91
-9.42	-14.48	578.523	2756.01
-9.42	-14.48	577.488	2758.69
-9.42	-14.48	576.4540000000001	2762.13
-9.42	-14.48	575.419	2764.22
-9.42	-14.48	574.385	2756.12
-9.42	-14.48	573.35	2749.94
-9.42	-14.48	572.314	2749.07
-9.42	-14.48	571.279	2745.61
-9.42	-14.48	570.244	2730.14
-9.42	-14.48	569.2080000000001	2721.37
-9.42	-14.48	568.172	2712.28
-9.42	-14.48	567.136	2693.22
-9.42	-14.48	566.099	2670.34
-9.42	-14.48	565.063	2656.53
-9.42	-14.48	564.026	2638.93
-9.42	-14.48	562.989	2625.84
-9.42	-14.48	561.952	2613.22
-9.42	-14.48	560.915	2602.26
-9.42	-14.48	559.877	2586.65
-9.42	-14.48	558.84	2568.3
-9.42	-14.48	557.802	2570.48
-9.42	-14.48	556.764	2565.57
-9.42	-14.48	555.726	2555.05
-9.42	-14.48	554.687	2552.7
-9.42	-14.48	553.649	2552.67
-9.42	-14.48	552.61	2551.78
-9.42	-14.48	551.571	2552.39
-9.42	-14.48	550.5319999999999	2553.59
-9.42	-14.48	549.492	2555.57
-9.42	-14.48	548.453	2560.74
-9.42	-14.48	547.413	2569.99
-9.42	-14.48	546.373	2582.04
-9.42	-14.48	545.3330000000001	2582.92
-9.42	-14.48	544.2919999999999	2591.39
-9.42	-14.48	543.252	2606.22
-9.42	-14.48	542.211	2626.6
-9.42	-14.48	541.17	2643.29
-9.42	-14.48	540.129	2656.94
-9.42	-14.48	539.0880000000001	2676.02
-9.42	-14.48	538.0459999999999	2694.59
-9.42	-14.48	537.004	2710.45
-9.42	-14.48	535.962	2724.21
-9.42	-14.48	534.92	2744.38
-9.42	-14.48	533.878	2754.64
-9.42	-14.48	532.836	2763.91
-9.42	-14.48	531.793	2779.17
-9.42	-14.48	530.75	2782.41
-9.42	-14.48	529.707	2778.55
-9.42	-14.48	528.664	2786.46
-9.42	-14.48	527.62	2790.97
-9.42	-14.48	526.577	2794.02
-9.42	-14.48	525.533	2798.11
-9.42	-14.48	524.489	2800.84
-9.42	-14.48	523.445	2801.93
-9.42	-14.48	522.4	2805.55
-9.42	-14.48	521.355	2813.53
-9.42	-14.48	520.311	2824.42
-9.42	-14.48	519.266	2835.67
-9.42	-14.48	518.22	2851.27
-9.42	-14.48	517.175	2860.39
-9.42	-14.48	516.129	2865.66
-9.42	-14.48	515.0840000000001	2864.65
-9.42	-14.48	514.038	2863.03
-9.42	-14.48	512.992	2872.7
-9.42	-14.48	511.945	2879.66
-9.42	-14.48	510.899	2883.4
-9.42	-14.48	509.852	2886.63
-9.42	-14.48	508.805	2891.73
-9.42	-14.48	507.75800000000004	2889.35
-9.42	-14.48	506.71	2884.81
-9.42	-14.48	505.663	2894.42
-9.42	-14.48	504.615	2891.95
-9.42	-14.48	503.56699999999995	2894.69
-9.42	-14.48	502.519	2894.27
-9.42	-14.48	501.471	2898.0
-9.42	-14.48	500.42199999999997	2900.31
-9.42	-14.48	499.374	2903.73
-9.42	-14.48	498.325	2909.74
-9.42	-14.48	497.276	2925.1
-9.42	-14.48	496.226	2931.32
-9.42	-14.48	495.17699999999996	2936.42
-9.42	-14.48	494.12699999999995	2954.65
-9.42	-14.48	493.077	2972.07
-9.42	-14.48	492.027	2992.35
-9.42	-14.48	490.977	3019.6
-9.42	-14.48	489.926	3050.23
-9.42	-14.48	488.876	3076.48
-9.42	-14.48	487.825	3107.76
-9.42	-14.48	486.774	3133.96
-9.42	-14.48	485.723	3154.62
-9.42	-14.48	484.671	3181.38
-9.42	-14.48	483.619	3202.63
-9.42	-14.48	482.56800000000004	3224.12
-9.42	-14.48	481.51599999999996	3241.87
-9.42	-14.48	480.463	3260.52
-9.42	-14.48	479.411	3272.83
-9.42	-14.48	478.358	3281.97
-9.42	-14.48	477.305	3283.15
-9.42	-14.48	476.25199999999995	3286.82
-9.42	-14.48	475.199	3289.64
-9.42	-14.48	474.14599999999996	3286.52
-9.42	-14.48	473.092	3277.51
-9.42	-14.48	472.038	3275.34
-9.42	-14.48	470.98400000000004	3254.08
-9.42	-14.48	469.93	3234.68
-9.42	-14.48	468.876	3221.31
-9.42	-14.48	467.82099999999997	3201.96
-9.42	-14.48	466.76599999999996	3175.7
-9.42	-14.48	465.711	3156.39
-9.42	-14.48	464.656	3141.88
-9.42	-14.48	463.601	3120.87
-9.42	-14.48	462.545	3108.88
-9.42	-14.48	461.49	3095.51
-9.42	-14.48	460.434	3072.54
-9.42	-14.48	459.37699999999995	3057.23
-9.42	-14.48	458.32099999999997	3045.25
-9.42	-14.48	457.264	3028.06
-9.42	-14.48	456.208	3011.17
-9.42	-14.48	455.151	2990.59
-9.42	-14.48	454.094	2979.36
-9.42	-14.48	453.036	2966.08
-9.42	-14.48	451.97900000000004	2943.5
-9.42	-14.48	450.921	2930.54
-9.42	-14.48	449.86300000000006	2918.91
-9.42	-14.48	448.805	2910.75
-9.42	-14.48	447.74699999999996	2889.2
-9.42	-14.48	446.68800000000005	2876.23
-9.42	-14.48	445.629	2857.83
-9.42	-14.48	444.57	2841.93
-9.42	-14.48	443.51099999999997	2827.39
-9.42	-14.48	442.452	2817.24
-9.42	-14.48	441.392	2815.43
-9.42	-14.48	440.333	2805.86
-9.42	-14.48	439.273	2802.9
-9.42	-14.48	438.213	2816.16
-9.42	-14.48	437.152	2825.45
-9.42	-14.48	436.092	2832.33
-9.42	-14.48	435.031	2851.45
-9.42	-14.48	433.97	2874.44
-9.42	-14.48	432.909	2899.32
-9.42	-14.48	431.848	2920.24
-9.42	-14.48	430.786	2945.03
-9.42	-14.48	429.724	2965.3
-9.42	-14.48	428.663	2986.35
-9.42	-14.48	427.6	3012.26
-9.42	-14.48	426.538	3033.37
-9.42	-14.48	425.476	3046.21
-9.42	-14.48	424.413	3070.13
-9.42	-14.48	423.35	3088.73
-9.42	-14.48	422.287	3104.54
-9.42	-14.48	421.224	3111.7
-9.42	-14.48	420.16	3118.54
-9.42	-14.48	419.096	3126.86
-9.42	-14.48	418.033	3122.12
-9.42	-14.48	416.968	3116.3
-9.42	-14.48	415.904	3102.72
-9.42	-14.48	414.84	3091.22
-9.42	-14.48	413.775	3075.45
-9.42	-14.48	412.71	3063.47
-9.42	-14.48	411.645	3056.25
-9.42	-14.48	410.58	3038.3
-9.42	-14.48	409.514	3030.7
-9.42	-14.48	408.44800000000004	3015.48
-9.42	-14.48	407.38300000000004	3004.0
-9.42	-14.48	406.316	2994.18
-9.42	-14.48	405.25	2976.62
-9.42	-14.48	404.184	2966.09
-9.42	-14.48	403.11699999999996	2960.23
-9.42	-14.48	402.05	2949.58
-9.42	-14.48	400.983	2947.41
-9.42	-14.48	399.916	2937.42
-9.42	-14.48	398.848	2929.43
-9.42	-14.48	397.781	2927.32
-9.42	-14.48	396.713	2919.7
-9.42	-14.48	395.645	2913.35
-9.42	-14.48	394.57599999999996	2909.56
-9.42	-14.48	393.50800000000004	2909.05
-9.42	-14.48	392.439	2912.69
-9.42	-14.48	391.37	2905.09
-9.42	-14.48	390.301	2905.2
-9.42	-14.48	389.23199999999997	2897.18
-9.42	-14.48	388.162	2894.79
-9.42	-14.48	387.093	2889.84
-9.42	-14.48	386.023	2882.23
-9.42	-14.48	384.95300000000003	2875.34
-9.42	-14.48	383.88199999999995	2871.72
-9.42	-14.48	382.81199999999995	2871.67
-9.42	-14.48	381.741	2872.17
-9.42	-14.48	380.67	2869.12
-9.42	-14.48	379.599	2863.88
-9.42	-14.48	378.528	2850.27
-9.42	-14.48	377.45599999999996	2850.35
-9.42	-14.48	376.384	2839.36
-9.42	-14.48	375.31300000000005	2831.89
-9.42	-14.48	374.24	2825.23
-9.42	-14.48	373.168	2810.77
-9.42	-14.48	372.096	2813.74
-9.42	-14.48	371.023	2810.9
-9.42	-14.48	369.95	2803.57
-9.42	-14.48	368.87699999999995	2805.77
-9.42	-14.48	367.80400000000003	2801.89
-9.42	-14.48	366.73	2804.98
-9.42	-14.48	365.656	2808.36
-9.42	-14.48	364.582	2806.57
-9.42	-14.48	363.50800000000004	2811.24
-9.42	-14.48	362.434	2817.77
-9.42	-14.48	361.35900000000004	2825.93
-9.42	-14.48	360.285	2828.08
-9.42	-14.48	359.21	2829.3
-9.42	-14.48	358.135	2841.61
-9.42	-14.48	357.059	2844.83
-9.42	-14.48	355.98400000000004	2860.49
-9.42	-14.48	354.908	2870.47
-9.42	-14.48	353.832	2875.16
-9.42	-14.48	352.756	2884.99
-9.42	-14.48	351.67900000000003	2895.54
-9.42	-14.48	350.603	2903.39
-9.42	-14.48	349.526	2910.21
-9.42	-14.48	348.449	2912.45
-9.42	-14.48	347.37199999999996	2918.13
-9.42	-14.48	346.295	2916.17
-9.42	-14.48	345.217	2925.78
-9.42	-14.48	344.139	2927.28
-9.42	-14.48	343.061	2926.57
-9.42	-14.48	341.983	2933.41
-9.42	-14.48	340.905	2944.78
-9.42	-14.48	339.82599999999996	2958.97
-9.42	-14.48	338.74699999999996	2967.45
-9.42	-14.48	337.668	2975.38
-9.42	-14.48	336.589	2986.74
-9.42	-14.48	335.51	3002.18
-9.42	-14.48	334.43	3020.78
-9.42	-14.48	333.35	3031.19
-9.42	-14.48	332.27	3040.51
-9.42	-14.48	331.19	3051.84
-9.42	-14.48	330.11	3066.32
-9.42	-14.48	329.029	3079.0
-9.42	-14.48	327.94800000000004	3092.97
-9.42	-14.48	326.867	3115.35
-9.42	-14.48	325.786	3134.66
-9.42	-14.48	324.705	3144.24
-9.42	-14.48	323.623	3167.13
-9.42	-14.48	322.541	3175.13
-9.42	-14.48	321.459	3195.75
-9.42	-14.48	320.377	3216.39
-9.42	-14.48	319.29400000000004	3239.88
-9.42	-14.48	318.212	3263.71
-9.42	-14.48	317.129	3289.92
-9.42	-14.48	316.046	3312.87
-9.42	-14.48	314.962	3340.1
-9.42	-14.48	313.879	3363.71
-9.42	-14.48	312.795	3398.34
-9.42	-14.48	311.711	3425.76
-9.42	-14.48	310.627	3451.43
-9.42	-14.48	309.543	3492.62
-9.42	-14.48	308.45799999999997	3528.47
-9.42	-14.48	307.374	3556.67
-9.42	-14.48	306.289	3592.33
-9.42	-14.48	305.204	3614.95
-9.42	-14.48	304.118	3639.12
-9.42	-14.48	303.033	3661.04
-9.42	-14.48	301.947	3680.1
-9.42	-14.48	300.861	3690.45
-9.42	-14.48	299.775	3705.23
-9.42	-14.48	298.689	3723.23
-9.42	-14.48	297.60200000000003	3738.12
-9.42	-14.48	296.515	3751.89
-9.42	-14.48	295.428	3759.56
-9.42	-14.48	294.341	3769.48
-9.42	-14.48	293.254	3766.81
-9.42	-14.48	292.166	3771.25
-9.42	-14.48	291.079	3783.91
-9.42	-14.48	289.991	3779.58
-9.42	-14.48	288.902	3785.26
-9.42	-14.48	287.814	3784.82
-9.42	-14.48	286.725	3785.05
-9.42	-14.48	285.637	3783.62
-9.42	-14.48	284.547	3792.04
-9.42	-14.48	283.45799999999997	3804.83
-9.42	-14.48	282.369	3818.61
-9.42	-14.48	281.279	3825.07
-9.42	-14.48	280.189	3838.72
-9.42	-14.48	279.099	3848.41
-9.42	-14.48	278.009	3858.57
-9.42	-14.48	276.91900000000004	3874.1
-9.42	-14.48	275.828	3881.81
-9.42	-14.48	274.737	3884.98
-9.42	-14.48	273.64599999999996	3890.36
-9.42	-14.48	272.555	3896.4
-9.42	-14.48	271.46299999999997	3906.41
-9.42	-14.48	270.371	3914.12
-9.42	-14.48	269.28	3929.08
-9.42	-14.48	268.187	3948.98
-9.42	-14.48	267.095	3959.26
-9.42	-14.48	266.003	3967.94
-9.42	-14.48	264.91	3977.27
-9.42	-14.48	263.817	3981.82
-9.42	-14.48	262.724	3980.27
-9.42	-14.48	261.63	3985.85
-9.42	-14.48	260.53700000000003	3991.47
-9.42	-14.48	259.443	3993.13
-9.42	-14.48	258.349	3996.04
-9.42	-14.48	257.255	3988.04
-9.42	-14.48	256.16	3988.87
-9.42	-14.48	255.06599999999997	3989.62
-9.42	-14.48	253.97099999999998	3992.78
-9.42	-14.48	252.87599999999998	3997.97
-9.42	-14.48	251.78099999999998	4000.29
-9.42	-14.48	250.685	4008.08
-9.42	-14.48	249.59	4006.43
-9.42	-14.48	248.49400000000003	3994.16
-9.42	-14.48	247.398	3990.15
-9.42	-14.48	246.30200000000002	3988.25
-9.42	-14.48	245.205	3975.29
-9.42	-14.48	244.108	3963.04
-9.42	-14.48	243.012	3960.34
-9.42	-14.48	241.91400000000002	3955.16
-9.42	-14.48	240.817	3945.91
-9.42	-14.48	239.72	3942.94
-9.42	-14.48	238.622	3935.5
-9.42	-14.48	237.524	3919.67
-9.42	-14.48	236.426	3912.04
-9.42	-14.48	235.328	3907.52
-9.42	-14.48	234.229	3889.75
-9.42	-14.48	233.13	3876.92
-9.42	-14.48	232.03099999999998	3875.19
-9.42	-14.48	230.93200000000002	3871.24
-9.42	-14.48	229.833	3862.41
-9.42	-14.48	228.733	3862.18
-9.42	-14.48	227.63299999999998	3864.32
-9.42	-14.48	226.533	3857.71
-9.42	-14.48	225.433	3859.39
-9.42	-14.48	224.333	3863.47
-9.42	-14.48	223.232	3870.91
-9.42	-14.48	222.13099999999997	3875.81
-9.42	-14.48	221.03	3886.39
-9.42	-14.48	219.929	3899.36
-9.42	-14.48	218.827	3906.61
-9.42	-14.48	217.726	3916.41
-9.42	-14.48	216.62400000000002	3935.4
-9.42	-14.48	215.52200000000002	3953.19
-9.42	-14.48	214.419	3975.67
-9.42	-14.48	213.317	3996.49
-9.42	-14.48	212.21400000000003	4008.91
-9.42	-14.48	211.111	4025.49
-9.42	-14.48	210.00799999999998	4044.08
-9.42	-14.48	208.905	4052.84
-9.42	-14.48	207.801	4058.84
-9.42	-14.48	206.697	4067.41
-9.42	-14.48	205.593	4072.68
-9.42	-14.48	204.489	4074.75
-9.42	-14.48	203.385	4081.58
-9.42	-14.48	202.28	4086.74
-9.42	-14.48	201.175	4085.65
-9.42	-14.48	200.07	4084.08
