-9.42	-28.48	1999.92	980.455
-9.42	-28.48	1999.14	988.51
-9.42	-28.48	1998.35	992.574
-9.42	-28.48	1997.57	996.52
-9.42	-28.48	1996.78	1003.81
-9.42	-28.48	1996.0	1011.35
-9.42	-28.48	1995.21	1014.96
-9.42	-28.48	1994.42	1020.21
-9.42	-28.48	1993.64	1026.13
-9.42	-28.48	1992.85	1030.71
-9.42	-28.48	1992.07	1031.97
-9.42	-28.48	1991.28	1031.11
-9.42	-28.48	1990.5	1029.09
-9.42	-28.48	1989.71	1028.86
-9.42	-28.48	1988.92	1026.78
-9.42	-28.48	1988.14	1024.17
-9.42	-28.48	1987.35	1022.88
-9.42	-28.48	1986.56	1024.27
-9.42	-28.48	1985.78	1027.42
-9.42	-28.48	1984.99	1028.13
-9.42	-28.48	1984.2	1027.93
-9.42	-28.48	1983.42	1024.67
-9.42	-28.48	1982.63	1025.27
-9.42	-28.48	1981.84	1024.99
-9.42	-28.48	1981.05	1019.56
-9.42	-28.48	1980.27	1017.59
-9.42	-28.48	1979.48	1019.61
-9.42	-28.48	1978.69	1020.91
-9.42	-28.48	1977.9	1018.75
-9.42	-28.48	1977.11	1024.03
-9.42	-28.48	1976.33	1027.26
-9.42	-28.48	1975.54	1028.61
-9.42	-28.48	1974.75	1030.26
-9.42	-28.48	1973.96	1031.45
-9.42	-28.48	1973.17	1033.27
-9.42	-28.48	1972.38	1033.86
-9.42	-28.48	1971.59	1033.31
-9.42	-28.48	1970.8	1034.85
-9.42	-28.48	1970.01	1038.58
-9.42	-28.48	1969.22	1038.4
-9.42	-28.48	1968.43	1034.86
-9.42	-28.48	1967.64	1037.44
-9.42	-28.48	1966.85	1037.85
-9.42	-28.48	1966.06	1044.21
-9.42	-28.48	1965.27	1048.98
-9.42	-28.48	1964.48	1054.42
-9.42	-28.48	1963.69	1061.68
-9.42	-28.48	1962.9	1065.09
-9.42	-28.48	1962.11	1066.41
-9.42	-28.48	1961.32	1066.45
-9.42	-28.48	1960.53	1062.9
-9.42	-28.48	1959.74	1066.63
-9.42	-28.48	1958.95	1064.7
-9.42	-28.48	1958.16	1063.69
-9.42	-28.48	1957.37	1061.28
-9.42	-28.48	1956.57	1060.52
-9.42	-28.48	1955.78	1065.0
-9.42	-28.48	1954.99	1063.86
-9.42	-28.48	1954.2	1059.97
-9.42	-28.48	1953.41	1061.7
-9.42	-28.48	1952.61	1061.76
-9.42	-28.48	1951.82	1057.92
-9.42	-28.48	1951.03	1052.05
-9.42	-28.48	1950.24	1046.89
-9.42	-28.48	1949.44	1049.64
-9.42	-28.48	1948.65	1052.52
-9.42	-28.48	1947.86	1049.93
-9.42	-28.48	1947.06	1047.12
-9.42	-28.48	1946.27	1049.67
-9.42	-28.48	1945.48	1052.34
-9.42	-28.48	1944.68	1057.97
-9.42	-28.48	1943.89	1066.48
-9.42	-28.48	1943.1	1068.7
-9.42	-28.48	1942.3	1074.96
-9.42	-28.48	1941.51	1075.39
-9.42	-28.48	1940.71	1074.44
-9.42	-28.48	1939.92	1073.85
-9.42	-28.48	1939.12	1071.12
-9.42	-28.48	1938.33	1075.25
-9.42	-28.48	1937.53	1077.82
-9.42	-28.48	1936.74	1077.94
-9.42	-28.48	1935.94	1078.73
-9.42	-28.48	1935.15	1076.07
-9.42	-28.48	1934.35	1081.0
-9.42	-28.48	1933.56	1081.96
-9.42	-28.48	1932.76	1084.98
-9.42	-28.48	1931.97	1087.23
-9.42	-28.48	1931.17	1087.55
-9.42	-28.48	1930.37	1084.74
-9.42	-28.48	1929.58	1083.78
-9.42	-28.48	1928.78	1084.3
-9.42	-28.48	1927.99	1080.5
-9.42	-28.48	1927.19	1086.34
-9.42	-28.48	1926.39	1092.3
-9.42	-28.48	1925.6	1095.87
-9.42	-28.48	1924.8	1093.58
-9.42	-28.48	1924.0	1091.32
-9.42	-28.48	1923.2	1095.04
-9.42	-28.48	1922.41	1097.62
-9.42	-28.48	1921.61	1099.42
-9.42	-28.48	1920.81	1098.81
-9.42	-28.48	1920.01	1094.84
-9.42	-28.48	1919.22	1092.94
-9.42	-28.48	1918.42	1086.74
-9.42	-28.48	1917.62	1082.52
-9.42	-28.48	1916.82	1081.61
-9.42	-28.48	1916.02	1085.03
-9.42	-28.48	1915.22	1088.93
-9.42	-28.48	1914.43	1091.1
-9.42	-28.48	1913.63	1087.0
-9.42	-28.48	1912.83	1088.4
-9.42	-28.48	1912.03	1086.16
-9.42	-28.48	1911.23	1090.18
-9.42	-28.48	1910.43	1092.68
-9.42	-28.48	1909.63	1092.53
-9.42	-28.48	1908.83	1100.52
-9.42	-28.48	1908.03	1105.03
-9.42	-28.48	1907.23	1112.72
-9.42	-28.48	1906.43	1111.9
-9.42	-28.48	1905.63	1116.93
-9.42	-28.48	1904.83	1125.63
-9.42	-28.48	1904.03	1132.83
-9.42	-28.48	1903.23	1138.8
-9.42	-28.48	1902.43	1139.15
-9.42	-28.48	1901.63	1136.32
-9.42	-28.48	1900.83	1134.31
-9.42	-28.48	1900.03	1135.54
-9.42	-28.48	1899.23	1136.24
-9.42	-28.48	1898.42	1134.32
-9.42	-28.48	1897.62	1132.56
-9.42	-28.48	1896.82	1134.91
-9.42	-28.48	1896.02	1136.22
-9.42	-28.48	1895.22	1138.45
-9.42	-28.48	1894.41	1137.33
-9.42	-28.48	1893.61	1140.08
-9.42	-28.48	1892.81	1143.14
-9.42	-28.48	1892.01	1144.88
-9.42	-28.48	1891.21	1145.69
-9.42	-28.48	1890.4	1147.69
-9.42	-28.48	1889.6	1152.83
-9.42	-28.48	1888.8	1161.09
-9.42	-28.48	1887.99	1160.9
-9.42	-28.48	1887.19	1162.98
-9.42	-28.48	1886.39	1163.82
-9.42	-28.48	1885.58	1170.39
-9.42	-28.48	1884.78	1177.22
-9.42	-28.48	1883.98	1176.51
-9.42	-28.48	1883.17	1179.63
-9.42	-28.48	1882.37	1180.18
-9.42	-28.48	1881.56	1181.39
-9.42	-28.48	1880.76	1179.79
-9.42	-28.48	1879.95	1179.24
-9.42	-28.48	1879.15	1171.85
-9.42	-28.48	1878.35	1170.49
-9.42	-28.48	1877.54	1164.43
-9.42	-28.48	1876.74	1163.04
-9.42	-28.48	1875.93	1161.33
-9.42	-28.48	1875.13	1159.34
-9.42	-28.48	1874.32	1157.51
-9.42	-28.48	1873.51	1153.19
-9.42	-28.48	1872.71	1159.6
-9.42	-28.48	1871.9	1160.94
-9.42	-28.48	1871.1	1166.63
-9.42	-28.48	1870.29	1169.6
-9.42	-28.48	1869.48	1171.05
-9.42	-28.48	1868.68	1174.86
-9.42	-28.48	1867.87	1180.27
-9.42	-28.48	1867.06	1186.65
-9.42	-28.48	1866.26	1193.38
-9.42	-28.48	1865.45	1199.08
-9.42	-28.48	1864.64	1204.1
-9.42	-28.48	1863.84	1203.12
-9.42	-28.48	1863.03	1205.01
-9.42	-28.48	1862.22	1207.49
-9.42	-28.48	1861.41	1212.85
-9.42	-28.48	1860.61	1213.28
-9.42	-28.48	1859.8	1219.82
-9.42	-28.48	1858.99	1223.96
-9.42	-28.48	1858.18	1223.3
-9.42	-28.48	1857.37	1219.33
-9.42	-28.48	1856.57	1219.89
-9.42	-28.48	1855.76	1220.05
-9.42	-28.48	1854.95	1219.87
-9.42	-28.48	1854.14	1221.25
-9.42	-28.48	1853.33	1216.76
-9.42	-28.48	1852.52	1215.28
-9.42	-28.48	1851.71	1213.64
-9.42	-28.48	1850.9	1217.46
-9.42	-28.48	1850.09	1216.37
-9.42	-28.48	1849.28	1220.45
-9.42	-28.48	1848.47	1227.05
-9.42	-28.48	1847.66	1222.6
-9.42	-28.48	1846.85	1223.44
-9.42	-28.48	1846.04	1222.12
-9.42	-28.48	1845.23	1225.06
-9.42	-28.48	1844.42	1230.52
-9.42	-28.48	1843.61	1228.85
-9.42	-28.48	1842.8	1228.68
-9.42	-28.48	1841.99	1232.23
-9.42	-28.48	1841.18	1235.02
-9.42	-28.48	1840.37	1239.41
-9.42	-28.48	1839.56	1233.17
-9.42	-28.48	1838.75	1234.5
-9.42	-28.48	1837.94	1235.77
-9.42	-28.48	1837.12	1238.73
-9.42	-28.48	1836.31	1240.74
-9.42	-28.48	1835.5	1240.93
-9.42	-28.48	1834.69	1240.65
-9.42	-28.48	1833.88	1238.84
-9.42	-28.48	1833.06	1243.16
-9.42	-28.48	1832.25	1246.57
-9.42	-28.48	1831.44	1247.94
-9.42	-28.48	1830.63	1251.65
-9.42	-28.48	1829.81	1252.61
-9.42	-28.48	1829.0	1254.0
-9.42	-28.48	1828.19	1255.88
-9.42	-28.48	1827.37	1260.68
-9.42	-28.48	1826.56	1264.32
-9.42	-28.48	1825.75	1265.89
-9.42	-28.48	1824.93	1269.54
-9.42	-28.48	1824.12	1268.14
-9.42	-28.48	1823.3	1268.25
-9.42	-28.48	1822.49	1275.26
-9.42	-28.48	1821.68	1282.42
-9.42	-28.48	1820.86	1283.09
-9.42	-28.48	1820.05	1284.34
-9.42	-28.48	1819.23	1283.36
-9.42	-28.48	1818.42	1292.09
-9.42	-28.48	1817.6	1296.82
-9.42	-28.48	1816.79	1298.62
-9.42	-28.48	1815.97	1299.33
-9.42	-28.48	1815.16	1298.39
-9.42	-28.48	1814.34	1301.95
-9.42	-28.48	1813.53	1306.61
-9.42	-28.48	1812.71	1307.75
-9.42	-28.48	1811.89	1307.58
-9.42	-28.48	1811.08	1307.01
-9.42	-28.48	1810.26	1314.6
-9.42	-28.48	1809.45	1315.57
-9.42	-28.48	1808.63	1316.21
-9.42	-28.48	1807.81	1313.55
-9.42	-28.48	1807.0	1313.66
-9.42	-28.48	1806.18	1310.03
-9.42	-28.48	1805.36	1307.9
-9.42	-28.48	1804.54	1309.91
-9.42	-28.48	1803.73	1311.97
-9.42	-28.48	1802.91	1313.26
-9.42	-28.48	1802.09	1312.48
-9.42	-28.48	1801.27	1313.99
-9.42	-28.48	1800.46	1314.24
-9.42	-28.48	1799.64	1319.12
-9.42	-28.48	1798.82	1323.34
-9.42	-28.48	1798.0	1326.2
-9.42	-28.48	1797.18	1328.71
-9.42	-28.48	1796.37	1329.47
-9.42	-28.48	1795.55	1336.4
-9.42	-28.48	1794.73	1339.05
-9.42	-28.48	1793.91	1346.1
-9.42	-28.48	1793.09	1351.0
-9.42	-28.48	1792.27	1353.8
-9.42	-28.48	1791.45	1359.08
-9.42	-28.48	1790.63	1363.49
-9.42	-28.48	1789.81	1364.65
-9.42	-28.48	1788.99	1371.03
-9.42	-28.48	1788.17	1368.28
-9.42	-28.48	1787.35	1366.98
-9.42	-28.48	1786.53	1369.59
-9.42	-28.48	1785.71	1375.03
-9.42	-28.48	1784.89	1375.58
-9.42	-28.48	1784.07	1373.45
-9.42	-28.48	1783.25	1372.85
-9.42	-28.48	1782.43	1371.76
-9.42	-28.48	1781.61	1371.91
-9.42	-28.48	1780.79	1377.9
-9.42	-28.48	1779.97	1377.84
-9.42	-28.48	1779.14	1377.0
-9.42	-28.48	1778.32	1377.84
-9.42	-28.48	1777.5	1381.41
-9.42	-28.48	1776.68	1380.74
-9.42	-28.48	1775.86	1383.98
-9.42	-28.48	1775.03	1389.63
-9.42	-28.48	1774.21	1394.28
-9.42	-28.48	1773.39	1397.37
-9.42	-28.48	1772.57	1400.8
-9.42	-28.48	1771.74	1406.06
-9.42	-28.48	1770.92	1410.82
-9.42	-28.48	1770.1	1416.33
-9.42	-28.48	1769.28	1425.75
-9.42	-28.48	1768.45	1424.93
-9.42	-28.48	1767.63	1424.04
-9.42	-28.48	1766.81	1429.69
-9.42	-28.48	1765.98	1433.61
-9.42	-28.48	1765.16	1433.99
-9.42	-28.48	1764.33	1432.47
-9.42	-28.48	1763.51	1431.97
-9.42	-28.48	1762.69	1438.96
-9.42	-28.48	1761.86	1447.5
-9.42	-28.48	1761.04	1451.19
-9.42	-28.48	1760.21	1452.93
-9.42	-28.48	1759.39	1454.46
-9.42	-28.48	1758.56	1456.71
-9.42	-28.48	1757.74	1459.05
-9.42	-28.48	1756.91	1464.36
-9.42	-28.48	1756.09	1468.55
-9.42	-28.48	1755.26	1472.28
-9.42	-28.48	1754.44	1482.16
-9.42	-28.48	1753.61	1484.03
-9.42	-28.48	1752.78	1487.18
-9.42	-28.48	1751.96	1492.46
-9.42	-28.48	1751.13	1504.83
-9.42	-28.48	1750.31	1513.33
-9.42	-28.48	1749.48	1518.41
-9.42	-28.48	1748.65	1523.47
-9.42	-28.48	1747.83	1533.19
-9.42	-28.48	1747.0	1542.45
-9.42	-28.48	1746.17	1544.53
-9.42	-28.48	1745.34	1548.93
-9.42	-28.48	1744.52	1550.7
-9.42	-28.48	1743.69	1549.26
-9.42	-28.48	1742.86	1558.37
-9.42	-28.48	1742.03	1560.14
-9.42	-28.48	1741.21	1563.61
-9.42	-28.48	1740.38	1566.92
-9.42	-28.48	1739.55	1570.67
-9.42	-28.48	1738.72	1571.51
-9.42	-28.48	1737.89	1576.66
-9.42	-28.48	1737.07	1578.16
-9.42	-28.48	1736.24	1575.53
-9.42	-28.48	1735.41	1578.76
-9.42	-28.48	1734.58	1585.36
-9.42	-28.48	1733.75	1586.42
-9.42	-28.48	1732.92	1590.49
-9.42	-28.48	1732.09	1597.26
-9.42	-28.48	1731.26	1601.7
-9.42	-28.48	1730.43	1602.68
-9.42	-28.48	1729.6	1606.95
-9.42	-28.48	1728.77	1604.99
-9.42	-28.48	1727.94	1614.47
-9.42	-28.48	1727.11	1618.81
-9.42	-28.48	1726.28	1616.72
-9.42	-28.48	1725.45	1619.36
-9.42	-28.48	1724.62	1620.03
-9.42	-28.48	1723.79	1623.63
-9.42	-28.48	1722.96	1624.52
-9.42	-28.48	1722.13	1626.46
-9.42	-28.48	1721.3	1627.96
-9.42	-28.48	1720.46	1629.09
-9.42	-28.48	1719.63	1627.5
-9.42	-28.48	1718.8	1625.88
-9.42	-28.48	1717.97	1629.72
-9.42	-28.48	1717.14	1632.11
-9.42	-28.48	1716.3	1641.58
-9.42	-28.48	1715.47	1645.83
-9.42	-28.48	1714.64	1646.83
-9.42	-28.48	1713.81	1646.36
-9.42	-28.48	1712.97	1650.67
-9.42	-28.48	1712.14	1658.13
-9.42	-28.48	1711.31	1660.82
-9.42	-28.48	1710.48	1666.43
-9.42	-28.48	1709.64	1677.63
-9.42	-28.48	1708.81	1683.86
-9.42	-28.48	1707.98	1691.09
-9.42	-28.48	1707.14	1695.95
-9.42	-28.48	1706.31	1702.62
-9.42	-28.48	1705.47	1708.21
-9.42	-28.48	1704.64	1717.27
-9.42	-28.48	1703.81	1721.4
-9.42	-28.48	1702.97	1727.13
-9.42	-28.48	1702.14	1726.91
-9.42	-28.48	1701.3	1727.92
-9.42	-28.48	1700.47	1736.56
-9.42	-28.48	1699.63	1736.32
-9.42	-28.48	1698.8	1737.81
-9.42	-28.48	1697.96	1744.34
-9.42	-28.48	1697.13	1748.62
-9.42	-28.48	1696.29	1751.82
-9.42	-28.48	1695.46	1757.07
-9.42	-28.48	1694.62	1764.53
-9.42	-28.48	1693.78	1771.09
-9.42	-28.48	1692.95	1786.07
-9.42	-28.48	1692.11	1799.01
-9.42	-28.48	1691.28	1807.33
-9.42	-28.48	1690.44	1813.79
-9.42	-28.48	1689.6	1824.12
-9.42	-28.48	1688.77	1833.82
-9.42	-28.48	1687.93	1852.01
-9.42	-28.48	1687.09	1866.03
-9.42	-28.48	1686.25	1870.38
-9.42	-28.48	1685.42	1887.66
-9.42	-28.48	1684.58	1908.37
-9.42	-28.48	1683.74	1924.33
-9.42	-28.48	1682.9	1933.61
-9.42	-28.48	1682.07	1948.89
-9.42	-28.48	1681.23	1965.46
-9.42	-28.48	1680.39	1975.02
-9.42	-28.48	1679.55	1987.2
-9.42	-28.48	1678.71	2000.05
-9.42	-28.48	1677.87	2007.5
-9.42	-28.48	1677.04	2022.67
-9.42	-28.48	1676.2	2029.84
-9.42	-28.48	1675.36	2043.04
-9.42	-28.48	1674.52	2059.92
-9.42	-28.48	1673.68	2077.68
-9.42	-28.48	1672.84	2101.71
-9.42	-28.48	1672.0	2116.68
-9.42	-28.48	1671.16	2138.62
-9.42	-28.48	1670.32	2164.73
-9.42	-28.48	1669.48	2184.42
-9.42	-28.48	1668.64	2206.28
-9.42	-28.48	1667.8	2235.52
-9.42	-28.48	1666.96	2263.95
-9.42	-28.48	1666.12	2296.4
-9.42	-28.48	1665.28	2329.83
-9.42	-28.48	1664.44	2363.43
-9.42	-28.48	1663.6	2400.76
-9.42	-28.48	1662.75	2436.37
-9.42	-28.48	1661.91	2472.19
-9.42	-28.48	1661.07	2507.86
-9.42	-28.48	1660.23	2550.08
-9.42	-28.48	1659.39	2588.24
-9.42	-28.48	1658.55	2622.09
-9.42	-28.48	1657.7	2655.5
-9.42	-28.48	1656.86	2684.56
-9.42	-28.48	1656.02	2713.18
-9.42	-28.48	1655.18	2736.59
-9.42	-28.48	1654.33	2765.65
-9.42	-28.48	1653.49	2793.82
-9.42	-28.48	1652.65	2812.28
-9.42	-28.48	1651.81	2836.51
-9.42	-28.48	1650.96	2853.77
-9.42	-28.48	1650.12	2873.22
-9.42	-28.48	1649.28	2888.51
-9.42	-28.48	1648.43	2900.51
-9.42	-28.48	1647.59	2910.35
-9.42	-28.48	1646.74	2917.71
-9.42	-28.48	1645.9	2934.5
-9.42	-28.48	1645.06	2947.86
-9.42	-28.48	1644.21	2957.09
-9.42	-28.48	1643.37	2982.44
-9.42	-28.48	1642.52	2999.98
-9.42	-28.48	1641.68	3019.68
-9.42	-28.48	1640.83	3034.14
-9.42	-28.48	1639.99	3049.2
-9.42	-28.48	1639.14	3069.59
-9.42	-28.48	1638.3	3092.07
-9.42	-28.48	1637.45	3112.45
-9.42	-28.48	1636.61	3144.64
-9.42	-28.48	1635.76	3171.05
-9.42	-28.48	1634.91	3196.99
-9.42	-28.48	1634.07	3221.23
-9.42	-28.48	1633.22	3249.52
-9.42	-28.48	1632.38	3285.47
-9.42	-28.48	1631.53	3310.8
-9.42	-28.48	1630.68	3343.13
-9.42	-28.48	1629.84	3373.74
-9.42	-28.48	1628.99	3418.55
-9.42	-28.48	1628.14	3452.89
-9.42	-28.48	1627.29	3486.88
-9.42	-28.48	1626.45	3523.25
-9.42	-28.48	1625.6	3559.42
-9.42	-28.48	1624.75	3598.87
-9.42	-28.48	1623.9	3630.55
-9.42	-28.48	1623.06	3659.4
-9.42	-28.48	1622.21	3692.23
-9.42	-28.48	1621.36	3725.79
-9.42	-28.48	1620.51	3755.58
-9.42	-28.48	1619.66	3783.26
-9.42	-28.48	1618.81	3815.77
-9.42	-28.48	1617.96	3854.7
-9.42	-28.48	1617.12	3871.79
-9.42	-28.48	1616.27	3899.24
-9.42	-28.48	1615.42	3922.47
-9.42	-28.48	1614.57	3952.08
-9.42	-28.48	1613.72	3984.55
-9.42	-28.48	1612.87	4012.8
-9.42	-28.48	1612.02	4041.47
-9.42	-28.48	1611.17	4072.95
-9.42	-28.48	1610.32	4098.84
-9.42	-28.48	1609.47	4121.43
-9.42	-28.48	1608.62	4148.14
-9.42	-28.48	1607.77	4177.31
-9.42	-28.48	1606.92	4208.02
-9.42	-28.48	1606.06	4242.21
-9.42	-28.48	1605.21	4284.95
-9.42	-28.48	1604.36	4332.88
-9.42	-28.48	1603.51	4397.49
-9.42	-28.48	1602.66	4453.1
-9.42	-28.48	1601.81	4528.21
-9.42	-28.48	1600.96	4605.64
-9.42	-28.48	1600.1	4699.83
-9.42	-28.48	1599.25	4810.16
-9.42	-28.48	1598.4	4918.64
-9.42	-28.48	1597.55	5029.05
-9.42	-28.48	1596.69	5168.14
-9.42	-28.48	1595.84	5302.55
-9.42	-28.48	1594.99	5443.79
-9.42	-28.48	1594.14	5598.6
-9.42	-28.48	1593.28	5751.68
-9.42	-28.48	1592.43	5910.23
-9.42	-28.48	1591.58	6072.62
-9.42	-28.48	1590.72	6227.67
-9.42	-28.48	1589.87	6386.33
-9.42	-28.48	1589.02	6526.45
-9.42	-28.48	1588.16	6663.45
-9.42	-28.48	1587.31	6781.91
-9.42	-28.48	1586.45	6879.85
-9.42	-28.48	1585.6	6963.53
-9.42	-28.48	1584.74	7026.24
-9.42	-28.48	1583.89	7057.3
-9.42	-28.48	1583.03	7065.76
-9.42	-28.48	1582.18	7044.76
-9.42	-28.48	1581.32	7011.9
-9.42	-28.48	1580.47	6968.37
-9.42	-28.48	1579.61	6889.97
-9.42	-28.48	1578.76	6793.91
-9.42	-28.48	1577.9	6692.67
-9.42	-28.48	1577.05	6570.02
-9.42	-28.48	1576.19	6450.46
-9.42	-28.48	1575.33	6313.65
-9.42	-28.48	1574.48	6177.38
-9.42	-28.48	1573.62	6049.85
-9.42	-28.48	1572.76	5908.36
-9.42	-28.48	1571.91	5762.78
-9.42	-28.48	1571.05	5626.09
-9.42	-28.48	1570.19	5483.44
-9.42	-28.48	1569.34	5362.68
-9.42	-28.48	1568.48	5238.67
-9.42	-28.48	1567.62	5128.37
-9.42	-28.48	1566.76	5035.57
-9.42	-28.48	1565.91	4961.84
-9.42	-28.48	1565.05	4886.54
-9.42	-28.48	1564.19	4824.61
-9.42	-28.48	1563.33	4767.05
-9.42	-28.48	1562.47	4730.72
-9.42	-28.48	1561.62	4700.42
-9.42	-28.48	1560.76	4664.66
-9.42	-28.48	1559.9	4633.93
-9.42	-28.48	1559.04	4602.58
-9.42	-28.48	1558.18	4586.54
-9.42	-28.48	1557.32	4563.7
-9.42	-28.48	1556.46	4533.04
-9.42	-28.48	1555.6	4516.29
-9.42	-28.48	1554.74	4509.8
-9.42	-28.48	1553.88	4489.23
-9.42	-28.48	1553.02	4479.0
-9.42	-28.48	1552.16	4475.89
-9.42	-28.48	1551.3	4475.49
-9.42	-28.48	1550.44	4475.56
-9.42	-28.48	1549.58	4471.82
-9.42	-28.48	1548.72	4459.79
-9.42	-28.48	1547.86	4456.99
-9.42	-28.48	1547.0	4455.19
-9.42	-28.48	1546.14	4442.03
-9.42	-28.48	1545.28	4430.15
-9.42	-28.48	1544.41	4425.34
-9.42	-28.48	1543.55	4430.78
-9.42	-28.48	1542.69	4428.28
-9.42	-28.48	1541.83	4432.96
-9.42	-28.48	1540.97	4441.4
-9.42	-28.48	1540.1	4452.33
-9.42	-28.48	1539.24	4463.28
-9.42	-28.48	1538.38	4476.19
-9.42	-28.48	1537.52	4491.3
-9.42	-28.48	1536.65	4500.55
-9.42	-28.48	1535.79	4512.72
-9.42	-28.48	1534.93	4519.35
-9.42	-28.48	1534.06	4522.51
-9.42	-28.48	1533.2	4533.04
-9.42	-28.48	1532.34	4554.78
-9.42	-28.48	1531.47	4554.41
-9.42	-28.48	1530.61	4552.84
-9.42	-28.48	1529.75	4565.3
-9.42	-28.48	1528.88	4575.78
-9.42	-28.48	1528.02	4577.7
-9.42	-28.48	1527.15	4587.42
-9.42	-28.48	1526.29	4590.25
-9.42	-28.48	1525.42	4599.49
-9.42	-28.48	1524.56	4603.45
-9.42	-28.48	1523.69	4606.83
-9.42	-28.48	1522.83	4597.11
-9.42	-28.48	1521.96	4612.43
-9.42	-28.48	1521.1	4635.25
-9.42	-28.48	1520.23	4642.69
-9.42	-28.48	1519.37	4652.18
-9.42	-28.48	1518.5	4660.02
-9.42	-28.48	1517.63	4683.74
-9.42	-28.48	1516.77	4702.52
-9.42	-28.48	1515.9	4720.9
-9.42	-28.48	1515.03	4741.09
-9.42	-28.48	1514.17	4758.12
-9.42	-28.48	1513.3	4782.44
-9.42	-28.48	1512.43	4795.4
-9.42	-28.48	1511.57	4795.79
-9.42	-28.48	1510.7	4796.16
-9.42	-28.48	1509.83	4812.73
-9.42	-28.48	1508.96	4819.0
-9.42	-28.48	1508.1	4817.7
-9.42	-28.48	1507.23	4829.36
-9.42	-28.48	1506.36	4831.42
-9.42	-28.48	1505.49	4824.08
-9.42	-28.48	1504.62	4808.66
-9.42	-28.48	1503.76	4797.0
-9.42	-28.48	1502.89	4789.77
-9.42	-28.48	1502.02	4779.65
-9.42	-28.48	1501.15	4762.33
-9.42	-28.48	1500.28	4745.62
-9.42	-28.48	1499.41	4735.58
-9.42	-28.48	1498.54	4714.47
-9.42	-28.48	1497.67	4693.32
-9.42	-28.48	1496.8	4665.22
-9.42	-28.48	1495.93	4650.21
-9.42	-28.48	1495.06	4630.89
-9.42	-28.48	1494.19	4608.34
-9.42	-28.48	1493.32	4583.92
-9.42	-28.48	1492.45	4564.72
-9.42	-28.48	1491.58	4554.25
-9.42	-28.48	1490.71	4538.6
-9.42	-28.48	1489.84	4519.68
-9.42	-28.48	1488.97	4501.4
-9.42	-28.48	1488.1	4492.88
-9.42	-28.48	1487.23	4492.91
-9.42	-28.48	1486.35	4479.95
-9.42	-28.48	1485.48	4463.55
-9.42	-28.48	1484.61	4457.03
-9.42	-28.48	1483.74	4474.24
-9.42	-28.48	1482.87	4472.71
-9.42	-28.48	1481.99	4472.21
-9.42	-28.48	1481.12	4476.69
-9.42	-28.48	1480.25	4491.29
-9.42	-28.48	1479.38	4503.83
-9.42	-28.48	1478.5	4505.62
-9.42	-28.48	1477.63	4508.8
-9.42	-28.48	1476.76	4528.53
-9.42	-28.48	1475.88	4539.41
-9.42	-28.48	1475.01	4544.67
-9.42	-28.48	1474.14	4554.99
-9.42	-28.48	1473.26	4561.77
-9.42	-28.48	1472.39	4572.91
-9.42	-28.48	1471.51	4578.8
-9.42	-28.48	1470.64	4576.36
-9.42	-28.48	1469.77	4587.5
-9.42	-28.48	1468.89	4604.28
-9.42	-28.48	1468.02	4616.2
-9.42	-28.48	1467.14	4624.22
-9.42	-28.48	1466.27	4627.7
-9.42	-28.48	1465.39	4638.86
-9.42	-28.48	1464.52	4668.28
-9.42	-28.48	1463.64	4686.73
-9.42	-28.48	1462.77	4712.18
-9.42	-28.48	1461.89	4743.86
-9.42	-28.48	1461.01	4777.91
-9.42	-28.48	1460.14	4795.8
-9.42	-28.48	1459.26	4815.98
-9.42	-28.48	1458.39	4851.89
-9.42	-28.48	1457.51	4901.39
-9.42	-28.48	1456.63	4941.69
-9.42	-28.48	1455.76	4978.46
-9.42	-28.48	1454.88	5030.03
-9.42	-28.48	1454.0	5083.63
-9.42	-28.48	1453.12	5121.87
-9.42	-28.48	1452.25	5163.33
-9.42	-28.48	1451.37	5214.09
-9.42	-28.48	1450.49	5280.94
-9.42	-28.48	1449.61	5331.72
-9.42	-28.48	1448.74	5371.34
-9.42	-28.48	1447.86	5413.14
-9.42	-28.48	1446.98	5455.6
-9.42	-28.48	1446.1	5507.97
-9.42	-28.48	1445.22	5534.04
-9.42	-28.48	1444.34	5554.13
-9.42	-28.48	1443.46	5580.28
-9.42	-28.48	1442.58	5600.16
-9.42	-28.48	1441.71	5604.38
-9.42	-28.48	1440.83	5599.85
-9.42	-28.48	1439.95	5600.04
-9.42	-28.48	1439.07	5598.11
-9.42	-28.48	1438.19	5594.92
-9.42	-28.48	1437.31	5570.76
-9.42	-28.48	1436.43	5548.78
-9.42	-28.48	1435.55	5519.79
-9.42	-28.48	1434.67	5475.83
-9.42	-28.48	1433.79	5416.99
-9.42	-28.48	1432.9	5366.7
-9.42	-28.48	1432.02	5323.83
-9.42	-28.48	1431.14	5280.87
-9.42	-28.48	1430.26	5224.21
-9.42	-28.48	1429.38	5165.4
-9.42	-28.48	1428.5	5126.94
-9.42	-28.48	1427.62	5090.75
-9.42	-28.48	1426.74	5046.9
-9.42	-28.48	1425.85	5012.71
-9.42	-28.48	1424.97	4987.17
-9.42	-28.48	1424.09	4974.67
-9.42	-28.48	1423.21	4950.93
-9.42	-28.48	1422.32	4929.93
-9.42	-28.48	1421.44	4918.33
-9.42	-28.48	1420.56	4920.61
-9.42	-28.48	1419.67	4933.24
-9.42	-28.48	1418.79	4931.85
-9.42	-28.48	1417.91	4940.39
-9.42	-28.48	1417.02	4969.13
-9.42	-28.48	1416.14	4999.84
-9.42	-28.48	1415.26	5025.7
-9.42	-28.48	1414.37	5046.85
-9.42	-28.48	1413.49	5078.28
-9.42	-28.48	1412.6	5106.52
-9.42	-28.48	1411.72	5140.28
-9.42	-28.48	1410.84	5158.09
-9.42	-28.48	1409.95	5172.33
-9.42	-28.48	1409.07	5195.87
-9.42	-28.48	1408.18	5212.01
-9.42	-28.48	1407.3	5224.16
-9.42	-28.48	1406.41	5244.94
-9.42	-28.48	1405.52	5256.78
-9.42	-28.48	1404.64	5266.27
-9.42	-28.48	1403.75	5270.79
-9.42	-28.48	1402.87	5278.5
-9.42	-28.48	1401.98	5288.91
-9.42	-28.48	1401.09	5288.26
-9.42	-28.48	1400.21	5271.24
-9.42	-28.48	1399.32	5271.9
-9.42	-28.48	1398.43	5266.41
-9.42	-28.48	1397.55	5265.33
-9.42	-28.48	1396.66	5248.59
-9.42	-28.48	1395.77	5229.86
-9.42	-28.48	1394.89	5226.59
-9.42	-28.48	1394.0	5226.08
-9.42	-28.48	1393.11	5215.26
-9.42	-28.48	1392.22	5208.61
-9.42	-28.48	1391.34	5213.58
-9.42	-28.48	1390.45	5215.94
-9.42	-28.48	1389.56	5217.96
-9.42	-28.48	1388.67	5206.23
-9.42	-28.48	1387.78	5203.82
-9.42	-28.48	1386.89	5215.53
-9.42	-28.48	1386.0	5237.77
-9.42	-28.48	1385.11	5240.73
-9.42	-28.48	1384.23	5248.73
-9.42	-28.48	1383.34	5268.71
-9.42	-28.48	1382.45	5288.81
-9.42	-28.48	1381.56	5301.46
-9.42	-28.48	1380.67	5309.97
-9.42	-28.48	1379.78	5330.0
-9.42	-28.48	1378.89	5341.24
-9.42	-28.48	1378.0	5356.95
-9.42	-28.48	1377.11	5374.6
-9.42	-28.48	1376.22	5397.11
-9.42	-28.48	1375.32	5433.19
-9.42	-28.48	1374.43	5460.08
-9.42	-28.48	1373.54	5483.22
-9.42	-28.48	1372.65	5522.67
-9.42	-28.48	1371.76	5561.14
-9.42	-28.48	1370.87	5598.16
-9.42	-28.48	1369.98	5628.48
-9.42	-28.48	1369.08	5658.38
-9.42	-28.48	1368.19	5714.25
-9.42	-28.48	1367.3	5742.83
-9.42	-28.48	1366.41	5770.47
-9.42	-28.48	1365.52	5809.98
-9.42	-28.48	1364.62	5841.21
-9.42	-28.48	1363.73	5854.75
-9.42	-28.48	1362.84	5865.97
-9.42	-28.48	1361.94	5868.18
-9.42	-28.48	1361.05	5879.0
-9.42	-28.48	1360.16	5875.6
-9.42	-28.48	1359.26	5871.33
-9.42	-28.48	1358.37	5840.39
-9.42	-28.48	1357.48	5826.74
-9.42	-28.48	1356.58	5796.28
-9.42	-28.48	1355.69	5771.26
-9.42	-28.48	1354.79	5745.97
-9.42	-28.48	1353.9	5713.3
-9.42	-28.48	1353.0	5694.03
-9.42	-28.48	1352.11	5651.54
-9.42	-28.48	1351.21	5616.26
-9.42	-28.48	1350.32	5593.52
-9.42	-28.48	1349.42	5579.52
-9.42	-28.48	1348.53	5559.06
-9.42	-28.48	1347.63	5522.72
-9.42	-28.48	1346.74	5512.08
-9.42	-28.48	1345.84	5509.47
-9.42	-28.48	1344.94	5505.63
-9.42	-28.48	1344.05	5490.26
-9.42	-28.48	1343.15	5480.17
-9.42	-28.48	1342.26	5477.42
-9.42	-28.48	1341.36	5481.64
-9.42	-28.48	1340.46	5458.14
-9.42	-28.48	1339.56	5445.77
-9.42	-28.48	1338.67	5446.2
-9.42	-28.48	1337.77	5436.62
-9.42	-28.48	1336.87	5423.75
-9.42	-28.48	1335.97	5416.86
-9.42	-28.48	1335.08	5421.37
-9.42	-28.48	1334.18	5426.88
-9.42	-28.48	1333.28	5430.11
-9.42	-28.48	1332.38	5437.39
-9.42	-28.48	1331.48	5443.81
-9.42	-28.48	1330.59	5467.76
-9.42	-28.48	1329.69	5480.67
-9.42	-28.48	1328.79	5502.95
-9.42	-28.48	1327.89	5524.38
-9.42	-28.48	1326.99	5550.49
-9.42	-28.48	1326.09	5570.47
-9.42	-28.48	1325.19	5576.26
-9.42	-28.48	1324.29	5601.08
-9.42	-28.48	1323.39	5643.72
-9.42	-28.48	1322.49	5667.98
-9.42	-28.48	1321.59	5674.7
-9.42	-28.48	1320.69	5701.35
-9.42	-28.48	1319.79	5744.22
-9.42	-28.48	1318.89	5764.2
-9.42	-28.48	1317.99	5780.21
-9.42	-28.48	1317.09	5797.39
-9.42	-28.48	1316.19	5817.69
-9.42	-28.48	1315.29	5834.72
-9.42	-28.48	1314.38	5840.63
-9.42	-28.48	1313.48	5853.2
-9.42	-28.48	1312.58	5860.69
-9.42	-28.48	1311.68	5873.51
-9.42	-28.48	1310.78	5867.08
-9.42	-28.48	1309.87	5870.75
-9.42	-28.48	1308.97	5870.06
-9.42	-28.48	1308.07	5856.98
-9.42	-28.48	1307.17	5836.94
-9.42	-28.48	1306.26	5811.31
-9.42	-28.48	1305.36	5782.21
-9.42	-28.48	1304.46	5757.9
-9.42	-28.48	1303.55	5712.97
-9.42	-28.48	1302.65	5666.91
-9.42	-28.48	1301.75	5633.18
-9.42	-28.48	1300.84	5594.36
-9.42	-28.48	1299.94	5548.32
-9.42	-28.48	1299.03	5485.94
-9.42	-28.48	1298.13	5430.27
-9.42	-28.48	1297.23	5381.45
-9.42	-28.48	1296.32	5332.13
-9.42	-28.48	1295.42	5257.85
-9.42	-28.48	1294.51	5194.85
-9.42	-28.48	1293.61	5157.88
-9.42	-28.48	1292.7	5108.08
-9.42	-28.48	1291.8	5041.14
-9.42	-28.48	1290.89	4995.19
-9.42	-28.48	1289.98	4957.52
-9.42	-28.48	1289.08	4917.81
-9.42	-28.48	1288.17	4877.83
-9.42	-28.48	1287.27	4845.27
-9.42	-28.48	1286.36	4831.83
-9.42	-28.48	1285.45	4806.22
-9.42	-28.48	1284.55	4780.02
-9.42	-28.48	1283.64	4755.29
-9.42	-28.48	1282.73	4740.39
-9.42	-28.48	1281.83	4715.31
-9.42	-28.48	1280.92	4686.61
-9.42	-28.48	1280.01	4672.15
-9.42	-28.48	1279.1	4662.0
-9.42	-28.48	1278.2	4646.93
-9.42	-28.48	1277.29	4624.39
-9.42	-28.48	1276.38	4606.26
-9.42	-28.48	1275.47	4613.23
-9.42	-28.48	1274.56	4615.6
-9.42	-28.48	1273.65	4598.1
-9.42	-28.48	1272.75	4588.6
-9.42	-28.48	1271.84	4582.07
-9.42	-28.48	1270.93	4579.58
-9.42	-28.48	1270.02	4570.38
-9.42	-28.48	1269.11	4560.55
-9.42	-28.48	1268.2	4553.52
-9.42	-28.48	1267.29	4555.04
-9.42	-28.48	1266.38	4549.75
-9.42	-28.48	1265.47	4531.97
-9.42	-28.48	1264.56	4516.29
-9.42	-28.48	1263.65	4510.95
-9.42	-28.48	1262.74	4500.83
-9.42	-28.48	1261.83	4495.29
-9.42	-28.48	1260.92	4495.03
-9.42	-28.48	1260.01	4497.72
-9.42	-28.48	1259.1	4494.2
-9.42	-28.48	1258.18	4474.54
-9.42	-28.48	1257.27	4462.97
-9.42	-28.48	1256.36	4463.77
-9.42	-28.48	1255.45	4449.91
-9.42	-28.48	1254.54	4437.38
-9.42	-28.48	1253.62	4427.36
-9.42	-28.48	1252.71	4424.53
-9.42	-28.48	1251.8	4410.3
-9.42	-28.48	1250.89	4390.23
-9.42	-28.48	1249.97	4380.87
-9.42	-28.48	1249.06	4386.35
-9.42	-28.48	1248.15	4383.61
-9.42	-28.48	1247.24	4367.91
-9.42	-28.48	1246.32	4351.78
-9.42	-28.48	1245.41	4353.61
-9.42	-28.48	1244.49	4354.88
-9.42	-28.48	1243.58	4346.7
-9.42	-28.48	1242.67	4343.52
-9.42	-28.48	1241.75	4353.59
-9.42	-28.48	1240.84	4358.48
-9.42	-28.48	1239.92	4348.08
-9.42	-28.48	1239.01	4337.28
-9.42	-28.48	1238.09	4337.66
-9.42	-28.48	1237.18	4326.18
-9.42	-28.48	1236.26	4316.23
-9.42	-28.48	1235.35	4322.05
-9.42	-28.48	1234.43	4330.64
-9.42	-28.48	1233.52	4330.52
-9.42	-28.48	1232.6	4320.07
-9.42	-28.48	1231.69	4317.62
-9.42	-28.48	1230.77	4323.14
-9.42	-28.48	1229.85	4335.46
-9.42	-28.48	1228.94	4337.68
-9.42	-28.48	1228.02	4335.66
-9.42	-28.48	1227.1	4345.25
-9.42	-28.48	1226.19	4353.72
-9.42	-28.48	1225.27	4349.92
-9.42	-28.48	1224.35	4350.52
-9.42	-28.48	1223.43	4367.25
-9.42	-28.48	1222.52	4379.88
-9.42	-28.48	1221.6	4383.15
-9.42	-28.48	1220.68	4388.73
-9.42	-28.48	1219.76	4405.05
-9.42	-28.48	1218.84	4428.92
-9.42	-28.48	1217.93	4450.31
-9.42	-28.48	1217.01	4467.38
-9.42	-28.48	1216.09	4484.7
-9.42	-28.48	1215.17	4509.45
-9.42	-28.48	1214.25	4525.01
-9.42	-28.48	1213.33	4533.4
-9.42	-28.48	1212.41	4544.23
-9.42	-28.48	1211.49	4569.1
-9.42	-28.48	1210.57	4581.16
-9.42	-28.48	1209.65	4590.47
-9.42	-28.48	1208.73	4620.66
-9.42	-28.48	1207.81	4651.22
-9.42	-28.48	1206.89	4664.47
-9.42	-28.48	1205.97	4680.74
-9.42	-28.48	1205.05	4701.24
-9.42	-28.48	1204.13	4722.21
-9.42	-28.48	1203.21	4731.67
-9.42	-28.48	1202.29	4736.19
-9.42	-28.48	1201.37	4733.92
-9.42	-28.48	1200.45	4730.78
-9.42	-28.48	1199.52	4714.16
-9.42	-28.48	1198.6	4693.99
-9.42	-28.48	1197.68	4666.17
-9.42	-28.48	1196.76	4650.08
-9.42	-28.48	1195.84	4622.4
-9.42	-28.48	1194.91	4575.52
-9.42	-28.48	1193.99	4537.54
-9.42	-28.48	1193.07	4497.85
-9.42	-28.48	1192.14	4453.12
-9.42	-28.48	1191.22	4407.36
-9.42	-28.48	1190.3	4351.36
-9.42	-28.48	1189.37	4302.79
-9.42	-28.48	1188.45	4246.63
-9.42	-28.48	1187.53	4187.92
-9.42	-28.48	1186.6	4127.55
-9.42	-28.48	1185.68	4084.36
-9.42	-28.48	1184.76	4041.78
-9.42	-28.48	1183.83	3996.08
-9.42	-28.48	1182.91	3959.86
-9.42	-28.48	1181.98	3940.23
-9.42	-28.48	1181.06	3915.54
-9.42	-28.48	1180.13	3884.29
-9.42	-28.48	1179.21	3859.23
-9.42	-28.48	1178.28	3846.86
-9.42	-28.48	1177.36	3820.42
-9.42	-28.48	1176.43	3797.45
-9.42	-28.48	1175.5	3770.63
-9.42	-28.48	1174.58	3753.91
-9.42	-28.48	1173.65	3734.38
-9.42	-28.48	1172.72	3707.19
-9.42	-28.48	1171.8	3688.4
-9.42	-28.48	1170.87	3672.47
-9.42	-28.48	1169.94	3659.95
-9.42	-28.48	1169.02	3644.07
-9.42	-28.48	1168.09	3621.17
-9.42	-28.48	1167.16	3601.82
-9.42	-28.48	1166.24	3583.21
-9.42	-28.48	1165.31	3563.95
-9.42	-28.48	1164.38	3546.54
-9.42	-28.48	1163.45	3529.04
-9.42	-28.48	1162.52	3503.0
-9.42	-28.48	1161.6	3475.26
-9.42	-28.48	1160.67	3446.04
-9.42	-28.48	1159.74	3430.84
-9.42	-28.48	1158.81	3415.46
-9.42	-28.48	1157.88	3401.39
-9.42	-28.48	1156.95	3383.02
-9.42	-28.48	1156.02	3371.84
-9.42	-28.48	1155.09	3365.61
-9.42	-28.48	1154.16	3343.68
-9.42	-28.48	1153.23	3327.8
-9.42	-28.48	1152.3	3313.52
-9.42	-28.48	1151.37	3301.8
-9.42	-28.48	1150.44	3288.1
-9.42	-28.48	1149.51	3273.19
-9.42	-28.48	1148.58	3270.04
-9.42	-28.48	1147.65	3258.2
-9.42	-28.48	1146.72	3254.72
-9.42	-28.48	1145.79	3252.56
-9.42	-28.48	1144.86	3245.16
-9.42	-28.48	1143.92	3250.16
-9.42	-28.48	1142.99	3248.4
-9.42	-28.48	1142.06	3251.93
-9.42	-28.48	1141.13	3247.41
-9.42	-28.48	1140.2	3241.03
-9.42	-28.48	1139.26	3235.55
-9.42	-28.48	1138.33	3234.58
-9.42	-28.48	1137.4	3235.85
-9.42	-28.48	1136.47	3232.69
-9.42	-28.48	1135.53	3223.66
-9.42	-28.48	1134.6	3225.58
-9.42	-28.48	1133.67	3232.07
-9.42	-28.48	1132.73	3239.19
-9.42	-28.48	1131.8	3246.26
-9.42	-28.48	1130.87	3252.94
-9.42	-28.48	1129.93	3258.99
-9.42	-28.48	1129.0	3263.02
-9.42	-28.48	1128.06	3267.58
-9.42	-28.48	1127.13	3268.55
-9.42	-28.48	1126.19	3271.89
-9.42	-28.48	1125.26	3285.88
-9.42	-28.48	1124.32	3282.63
-9.42	-28.48	1123.39	3290.68
-9.42	-28.48	1122.45	3302.12
-9.42	-28.48	1121.52	3303.38
-9.42	-28.48	1120.58	3306.21
-9.42	-28.48	1119.65	3308.96
-9.42	-28.48	1118.71	3320.3
-9.42	-28.48	1117.78	3325.85
-9.42	-28.48	1116.84	3316.59
-9.42	-28.48	1115.9	3324.2
-9.42	-28.48	1114.97	3334.24
-9.42	-28.48	1114.03	3330.13
-9.42	-28.48	1113.09	3325.46
-9.42	-28.48	1112.15	3324.37
-9.42	-28.48	1111.22	3326.23
-9.42	-28.48	1110.28	3326.7
-9.42	-28.48	1109.34	3322.67
-9.42	-28.48	1108.4	3322.11
-9.42	-28.48	1107.47	3315.0
-9.42	-28.48	1106.53	3315.25
-9.42	-28.48	1105.59	3304.25
-9.42	-28.48	1104.65	3296.37
-9.42	-28.48	1103.71	3287.73
-9.42	-28.48	1102.77	3280.83
-9.42	-28.48	1101.83	3265.26
-9.42	-28.48	1100.9	3249.69
-9.42	-28.48	1099.96	3239.16
-9.42	-28.48	1099.02	3226.38
-9.42	-28.48	1098.08	3207.7
-9.42	-28.48	1097.14	3190.36
-9.42	-28.48	1096.2	3161.2
-9.42	-28.48	1095.26	3144.46
-9.42	-28.48	1094.32	3122.6
-9.42	-28.48	1093.38	3100.51
-9.42	-28.48	1092.44	3082.14
-9.42	-28.48	1091.49	3064.19
-9.42	-28.48	1090.55	3039.29
-9.42	-28.48	1089.61	3012.74
-9.42	-28.48	1088.67	2996.92
-9.42	-28.48	1087.73	2987.62
-9.42	-28.48	1086.79	2976.42
-9.42	-28.48	1085.85	2961.8
-9.42	-28.48	1084.9	2956.74
-9.42	-28.48	1083.96	2949.23
-9.42	-28.48	1083.02	2944.01
-9.42	-28.48	1082.08	2944.06
-9.42	-28.48	1081.13	2944.94
-9.42	-28.48	1080.19	2948.28
-9.42	-28.48	1079.25	2953.29
-9.42	-28.48	1078.31	2966.01
-9.42	-28.48	1077.36	2980.38
-9.42	-28.48	1076.42	2996.57
-9.42	-28.48	1075.48	3016.22
-9.42	-28.48	1074.53	3045.01
-9.42	-28.48	1073.59	3059.49
-9.42	-28.48	1072.64	3083.81
-9.42	-28.48	1071.7	3107.34
-9.42	-28.48	1070.75	3129.07
-9.42	-28.48	1069.81	3150.28
-9.42	-28.48	1068.86	3164.76
-9.42	-28.48	1067.92	3175.52
-9.42	-28.48	1066.97	3194.57
-9.42	-28.48	1066.03	3205.69
-9.42	-28.48	1065.08	3218.54
-9.42	-28.48	1064.14	3224.83
-9.42	-28.48	1063.19	3227.67
-9.42	-28.48	1062.25	3233.6
-9.42	-28.48	1061.3	3239.56
-9.42	-28.48	1060.35	3244.92
-9.42	-28.48	1059.41	3241.55
-9.42	-28.48	1058.46	3239.07
-9.42	-28.48	1057.51	3224.59
-9.42	-28.48	1056.57	3205.46
-9.42	-28.48	1055.62	3193.0
-9.42	-28.48	1054.67	3182.18
-9.42	-28.48	1053.72	3168.36
-9.42	-28.48	1052.78	3159.11
-9.42	-28.48	1051.83	3146.07
-9.42	-28.48	1050.88	3133.73
-9.42	-28.48	1049.93	3119.56
-9.42	-28.48	1048.98	3107.7
-9.42	-28.48	1048.03	3088.81
-9.42	-28.48	1047.09	3080.7
-9.42	-28.48	1046.14	3062.76
-9.42	-28.48	1045.19	3037.64
-9.42	-28.48	1044.24	3027.05
-9.42	-28.48	1043.29	3009.89
-9.42	-28.48	1042.34	2991.1
-9.42	-28.48	1041.39	2977.91
-9.42	-28.48	1040.44	2958.23
-9.42	-28.48	1039.49	2950.04
-9.42	-28.48	1038.54	2940.59
-9.42	-28.48	1037.59	2935.51
-9.42	-28.48	1036.64	2933.04
-9.42	-28.48	1035.69	2923.04
-9.42	-28.48	1034.74	2916.51
-9.42	-28.48	1033.79	2919.84
-9.42	-28.48	1032.83	2914.53
-9.42	-28.48	1031.88	2909.36
-9.42	-28.48	1030.93	2897.54
-9.42	-28.48	1029.98	2893.39
-9.42	-28.48	1029.03	2886.9
-9.42	-28.48	1028.07	2884.29
-9.42	-28.48	1027.12	2891.35
-9.42	-28.48	1026.17	2897.94
-9.42	-28.48	1025.22	2901.11
-9.42	-28.48	1024.26	2906.09
-9.42	-28.48	1023.31	2902.41
-9.42	-28.48	1022.36	2905.63
-9.42	-28.48	1021.4	2909.24
-9.42	-28.48	1020.45	2910.28
-9.42	-28.48	1019.5	2899.24
-9.42	-28.48	1018.54	2901.67
-9.42	-28.48	1017.59	2895.52
-9.42	-28.48	1016.64	2887.15
-9.42	-28.48	1015.68	2886.97
-9.42	-28.48	1014.73	2883.58
-9.42	-28.48	1013.77	2874.01
-9.42	-28.48	1012.82	2871.51
-9.42	-28.48	1011.86	2859.84
-9.42	-28.48	1010.91	2856.91
-9.42	-28.48	1009.95	2846.81
-9.42	-28.48	1009.0	2840.76
-9.42	-28.48	1008.04	2827.12
-9.42	-28.48	1007.08	2815.46
-9.42	-28.48	1006.13	2809.46
-9.42	-28.48	1005.17	2802.8
-9.42	-28.48	1004.22	2795.87
-9.42	-28.48	1003.26	2791.46
-9.42	-28.48	1002.3	2784.68
-9.42	-28.48	1001.34	2788.07
-9.42	-28.48	1000.39	2786.43
-9.42	-28.48	999.431	2786.79
-9.42	-28.48	998.4730000000001	2787.61
-9.42	-28.48	997.515	2788.89
-9.42	-28.48	996.558	2789.23
-9.42	-28.48	995.6	2789.73
-9.42	-28.48	994.6410000000001	2787.42
-9.42	-28.48	993.683	2786.37
-9.42	-28.48	992.725	2787.67
-9.42	-28.48	991.7660000000001	2779.91
-9.42	-28.48	990.807	2772.0
-9.42	-28.48	989.8480000000001	2771.08
-9.42	-28.48	988.8889999999999	2762.67
-9.42	-28.48	987.93	2755.97
-9.42	-28.48	986.97	2750.07
-9.42	-28.48	986.01	2735.34
-9.42	-28.48	985.05	2723.29
-9.42	-28.48	984.09	2715.77
-9.42	-28.48	983.13	2705.55
-9.42	-28.48	982.17	2698.26
-9.42	-28.48	981.209	2692.64
-9.42	-28.48	980.248	2683.96
-9.42	-28.48	979.288	2678.7
-9.42	-28.48	978.326	2673.36
-9.42	-28.48	977.365	2671.17
-9.42	-28.48	976.404	2675.69
-9.42	-28.48	975.442	2679.67
-9.42	-28.48	974.48	2683.1
-9.42	-28.48	973.518	2684.43
-9.42	-28.48	972.556	2689.34
-9.42	-28.48	971.5939999999999	2689.35
-9.42	-28.48	970.632	2693.15
-9.42	-28.48	969.669	2694.92
-9.42	-28.48	968.706	2702.41
-9.42	-28.48	967.743	2705.7
-9.42	-28.48	966.78	2712.19
-9.42	-28.48	965.817	2720.47
-9.42	-28.48	964.8530000000001	2720.29
-9.42	-28.48	963.8889999999999	2725.24
-9.42	-28.48	962.926	2725.41
-9.42	-28.48	961.961	2730.91
-9.42	-28.48	960.997	2730.1
-9.42	-28.48	960.033	2730.28
-9.42	-28.48	959.068	2731.15
-9.42	-28.48	958.1039999999999	2725.5
-9.42	-28.48	957.1389999999999	2721.08
-9.42	-28.48	956.174	2726.16
-9.42	-28.48	955.2080000000001	2723.53
-9.42	-28.48	954.243	2730.77
-9.42	-28.48	953.2769999999999	2736.11
-9.42	-28.48	952.312	2738.21
-9.42	-28.48	951.346	2741.98
-9.42	-28.48	950.38	2744.38
-9.42	-28.48	949.413	2748.82
-9.42	-28.48	948.447	2755.24
-9.42	-28.48	947.48	2759.08
-9.42	-28.48	946.513	2752.97
-9.42	-28.48	945.546	2748.71
-9.42	-28.48	944.579	2740.38
-9.42	-28.48	943.612	2730.86
-9.42	-28.48	942.6439999999999	2725.38
-9.42	-28.48	941.677	2718.6
-9.42	-28.48	940.709	2709.46
-9.42	-28.48	939.7410000000001	2704.78
-9.42	-28.48	938.773	2696.35
-9.42	-28.48	937.804	2691.93
-9.42	-28.48	936.836	2688.09
-9.42	-28.48	935.867	2682.4
-9.42	-28.48	934.898	2682.48
-9.42	-28.48	933.929	2683.31
-9.42	-28.48	932.96	2685.5
-9.42	-28.48	931.99	2680.49
-9.42	-28.48	931.0210000000001	2685.49
-9.42	-28.48	930.051	2694.55
-9.42	-28.48	929.081	2699.51
-9.42	-28.48	928.1110000000001	2705.82
-9.42	-28.48	927.1410000000001	2715.47
-9.42	-28.48	926.17	2719.76
-9.42	-28.48	925.199	2728.12
-9.42	-28.48	924.2289999999999	2729.37
-9.42	-28.48	923.258	2735.61
-9.42	-28.48	922.2860000000001	2749.27
-9.42	-28.48	921.315	2745.74
-9.42	-28.48	920.3439999999999	2751.22
-9.42	-28.48	919.372	2751.66
-9.42	-28.48	918.4	2749.96
-9.42	-28.48	917.428	2741.69
-9.42	-28.48	916.456	2728.68
-9.42	-28.48	915.4830000000001	2721.33
-9.42	-28.48	914.5110000000001	2719.26
-9.42	-28.48	913.538	2716.85
-9.42	-28.48	912.565	2708.3
-9.42	-28.48	911.592	2704.71
-9.42	-28.48	910.6189999999999	2704.98
-9.42	-28.48	909.645	2694.27
-9.42	-28.48	908.671	2693.72
-9.42	-28.48	907.698	2699.71
-9.42	-28.48	906.7239999999999	2696.85
-9.42	-28.48	905.75	2690.18
-9.42	-28.48	904.775	2691.34
-9.42	-28.48	903.801	2691.86
-9.42	-28.48	902.826	2692.37
-9.42	-28.48	901.8510000000001	2696.18
-9.42	-28.48	900.8760000000001	2701.48
-9.42	-28.48	899.9010000000001	2695.78
-9.42	-28.48	898.925	2691.73
-9.42	-28.48	897.95	2692.13
-9.42	-28.48	896.9739999999999	2695.95
-9.42	-28.48	895.998	2700.8
-9.42	-28.48	895.0219999999999	2707.09
-9.42	-28.48	894.046	2707.67
-9.42	-28.48	893.069	2708.34
-9.42	-28.48	892.0930000000001	2711.8
-9.42	-28.48	891.1160000000001	2716.57
-9.42	-28.48	890.1389999999999	2717.13
-9.42	-28.48	889.1619999999999	2717.52
-9.42	-28.48	888.184	2717.14
-9.42	-28.48	887.207	2720.54
-9.42	-28.48	886.2289999999999	2733.25
-9.42	-28.48	885.2510000000001	2742.99
-9.42	-28.48	884.273	2749.8
-9.42	-28.48	883.295	2760.23
-9.42	-28.48	882.317	2771.52
-9.42	-28.48	881.3380000000001	2777.47
-9.42	-28.48	880.3589999999999	2778.35
-9.42	-28.48	879.38	2785.67
-9.42	-28.48	878.4010000000001	2795.2
-9.42	-28.48	877.422	2794.07
-9.42	-28.48	876.442	2799.0
-9.42	-28.48	875.4630000000001	2803.08
-9.42	-28.48	874.4830000000001	2813.94
-9.42	-28.48	873.503	2821.54
-9.42	-28.48	872.523	2823.76
-9.42	-28.48	871.5419999999999	2825.53
-9.42	-28.48	870.562	2837.49
-9.42	-28.48	869.581	2849.27
-9.42	-28.48	868.6	2852.8
-9.42	-28.48	867.6189999999999	2863.44
-9.42	-28.48	866.638	2873.14
-9.42	-28.48	865.6569999999999	2877.64
-9.42	-28.48	864.675	2879.28
-9.42	-28.48	863.693	2884.04
-9.42	-28.48	862.711	2900.32
-9.42	-28.48	861.7289999999999	2906.7
-9.42	-28.48	860.747	2911.93
-9.42	-28.48	859.7639999999999	2923.18
-9.42	-28.48	858.7819999999999	2937.09
-9.42	-28.48	857.799	2947.43
-9.42	-28.48	856.816	2958.39
-9.42	-28.48	855.8330000000001	2976.73
-9.42	-28.48	854.8489999999999	2993.67
-9.42	-28.48	853.8660000000001	3011.03
-9.42	-28.48	852.882	3025.88
-9.42	-28.48	851.898	3039.52
-9.42	-28.48	850.914	3053.43
-9.42	-28.48	849.93	3068.01
-9.42	-28.48	848.945	3089.36
-9.42	-28.48	847.961	3105.47
-9.42	-28.48	846.9760000000001	3127.45
-9.42	-28.48	845.9910000000001	3140.33
-9.42	-28.48	845.0060000000001	3161.7
-9.42	-28.48	844.02	3180.04
-9.42	-28.48	843.035	3199.29
-9.42	-28.48	842.049	3208.0
-9.42	-28.48	841.063	3228.81
-9.42	-28.48	840.077	3242.46
-9.42	-28.48	839.091	3251.95
-9.42	-28.48	838.1039999999999	3270.57
-9.42	-28.48	837.118	3286.77
-9.42	-28.48	836.1310000000001	3287.79
-9.42	-28.48	835.1439999999999	3290.37
-9.42	-28.48	834.1569999999999	3296.33
-9.42	-28.48	833.17	3308.89
-9.42	-28.48	832.182	3309.08
-9.42	-28.48	831.195	3298.28
-9.42	-28.48	830.207	3290.05
-9.42	-28.48	829.2189999999999	3282.51
-9.42	-28.48	828.23	3270.93
-9.42	-28.48	827.242	3255.27
-9.42	-28.48	826.253	3247.04
-9.42	-28.48	825.265	3231.64
-9.42	-28.48	824.2760000000001	3213.76
-9.42	-28.48	823.2869999999999	3195.82
-9.42	-28.48	822.297	3172.42
-9.42	-28.48	821.308	3148.89
-9.42	-28.48	820.318	3124.85
-9.42	-28.48	819.328	3103.25
-9.42	-28.48	818.3380000000001	3088.91
-9.42	-28.48	817.3480000000001	3065.42
-9.42	-28.48	816.3580000000001	3043.84
-9.42	-28.48	815.367	3026.27
-9.42	-28.48	814.377	3016.05
-9.42	-28.48	813.3860000000001	2994.64
-9.42	-28.48	812.395	2974.56
-9.42	-28.48	811.403	2975.65
-9.42	-28.48	810.4119999999999	2973.26
-9.42	-28.48	809.42	2960.38
-9.42	-28.48	808.428	2956.03
-9.42	-28.48	807.436	2952.11
-9.42	-28.48	806.444	2944.83
-9.42	-28.48	805.452	2940.63
-9.42	-28.48	804.459	2941.47
-9.42	-28.48	803.467	2938.8
-9.42	-28.48	802.4739999999999	2934.53
-9.42	-28.48	801.4810000000001	2918.37
-9.42	-28.48	800.487	2911.96
-9.42	-28.48	799.4939999999999	2914.42
-9.42	-28.48	798.5	2911.47
-9.42	-28.48	797.507	2898.0
-9.42	-28.48	796.513	2902.31
-9.42	-28.48	795.518	2900.61
-9.42	-28.48	794.5239999999999	2900.3
-9.42	-28.48	793.529	2900.19
-9.42	-28.48	792.535	2901.78
-9.42	-28.48	791.54	2898.82
-9.42	-28.48	790.545	2903.52
-9.42	-28.48	789.55	2911.62
-9.42	-28.48	788.554	2931.22
-9.42	-28.48	787.559	2936.33
-9.42	-28.48	786.563	2946.37
-9.42	-28.48	785.567	2958.74
-9.42	-28.48	784.571	2975.6
-9.42	-28.48	783.574	2981.36
-9.42	-28.48	782.578	2994.46
-9.42	-28.48	781.581	3003.02
-9.42	-28.48	780.584	3005.3
-9.42	-28.48	779.587	3005.52
-9.42	-28.48	778.59	3009.59
-9.42	-28.48	777.592	3010.61
-9.42	-28.48	776.595	3002.06
-9.42	-28.48	775.597	2987.76
-9.42	-28.48	774.5989999999999	2980.59
-9.42	-28.48	773.6010000000001	2977.91
-9.42	-28.48	772.602	2965.38
-9.42	-28.48	771.6039999999999	2953.43
-9.42	-28.48	770.605	2956.82
-9.42	-28.48	769.6060000000001	2956.03
-9.42	-28.48	768.607	2947.6
-9.42	-28.48	767.6080000000001	2941.74
-9.42	-28.48	766.6089999999999	2949.58
-9.42	-28.48	765.6089999999999	2950.64
-9.42	-28.48	764.6089999999999	2958.35
-9.42	-28.48	763.6089999999999	2964.23
-9.42	-28.48	762.6089999999999	2975.32
-9.42	-28.48	761.6089999999999	2983.97
-9.42	-28.48	760.6080000000001	2995.88
-9.42	-28.48	759.607	3005.14
-9.42	-28.48	758.607	3017.57
-9.42	-28.48	757.605	3013.11
-9.42	-28.48	756.6039999999999	3012.25
-9.42	-28.48	755.6030000000001	3017.53
-9.42	-28.48	754.6010000000001	3020.5
-9.42	-28.48	753.5989999999999	3016.85
-9.42	-28.48	752.597	3006.64
-9.42	-28.48	751.595	3000.76
-9.42	-28.48	750.5930000000001	3000.88
-9.42	-28.48	749.59	2995.96
-9.42	-28.48	748.587	2995.43
-9.42	-28.48	747.585	2994.09
-9.42	-28.48	746.581	2993.03
-9.42	-28.48	745.578	2993.43
-9.42	-28.48	744.575	3003.52
-9.42	-28.48	743.571	3017.44
-9.42	-28.48	742.567	3017.89
-9.42	-28.48	741.563	3031.45
-9.42	-28.48	740.559	3047.29
-9.42	-28.48	739.555	3055.04
-9.42	-28.48	738.55	3062.36
-9.42	-28.48	737.545	3075.6
-9.42	-28.48	736.54	3082.59
-9.42	-28.48	735.535	3094.27
-9.42	-28.48	734.53	3103.81
-9.42	-28.48	733.525	3107.87
-9.42	-28.48	732.5189999999999	3107.17
-9.42	-28.48	731.513	3105.39
-9.42	-28.48	730.507	3099.48
-9.42	-28.48	729.5010000000001	3096.71
-9.42	-28.48	728.4939999999999	3084.54
-9.42	-28.48	727.488	3064.8
-9.42	-28.48	726.4810000000001	3052.67
-9.42	-28.48	725.4739999999999	3032.63
-9.42	-28.48	724.467	3013.86
-9.42	-28.48	723.46	2985.49
-9.42	-28.48	722.452	2960.3
-9.42	-28.48	721.444	2953.5
-9.42	-28.48	720.436	2934.75
-9.42	-28.48	719.428	2913.33
-9.42	-28.48	718.42	2902.23
-9.42	-28.48	717.4119999999999	2883.3
-9.42	-28.48	716.403	2869.59
-9.42	-28.48	715.3939999999999	2855.89
-9.42	-28.48	714.385	2849.54
-9.42	-28.48	713.3760000000001	2845.77
-9.42	-28.48	712.367	2839.97
-9.42	-28.48	711.357	2847.54
-9.42	-28.48	710.347	2859.97
-9.42	-28.48	709.3380000000001	2863.26
-9.42	-28.48	708.327	2870.49
-9.42	-28.48	707.317	2879.64
-9.42	-28.48	706.307	2890.36
-9.42	-28.48	705.296	2913.28
-9.42	-28.48	704.285	2928.41
-9.42	-28.48	703.2739999999999	2955.15
-9.42	-28.48	702.263	2988.06
-9.42	-28.48	701.252	3023.5
-9.42	-28.48	700.24	3062.64
-9.42	-28.48	699.2280000000001	3108.67
-9.42	-28.48	698.216	3140.79
-9.42	-28.48	697.204	3176.49
-9.42	-28.48	696.192	3212.62
-9.42	-28.48	695.179	3244.14
-9.42	-28.48	694.1669999999999	3278.05
-9.42	-28.48	693.154	3305.93
-9.42	-28.48	692.1410000000001	3335.61
-9.42	-28.48	691.127	3366.69
-9.42	-28.48	690.1139999999999	3381.86
-9.42	-28.48	689.1	3399.02
-9.42	-28.48	688.086	3416.58
-9.42	-28.48	687.072	3423.58
-9.42	-28.48	686.058	3424.76
-9.42	-28.48	685.044	3424.59
-9.42	-28.48	684.029	3420.51
-9.42	-28.48	683.015	3412.83
-9.42	-28.48	682.0	3393.83
-9.42	-28.48	680.985	3384.17
-9.42	-28.48	679.9689999999999	3362.11
-9.42	-28.48	678.954	3331.14
-9.42	-28.48	677.938	3302.7
-9.42	-28.48	676.922	3274.93
-9.42	-28.48	675.9060000000001	3250.44
-9.42	-28.48	674.89	3218.7
-9.42	-28.48	673.8739999999999	3191.13
-9.42	-28.48	672.857	3176.22
-9.42	-28.48	671.84	3153.96
-9.42	-28.48	670.823	3134.1
-9.42	-28.48	669.806	3118.1
-9.42	-28.48	668.789	3104.43
-9.42	-28.48	667.7710000000001	3088.18
-9.42	-28.48	666.753	3080.58
-9.42	-28.48	665.735	3072.68
-9.42	-28.48	664.717	3069.15
-9.42	-28.48	663.699	3064.7
-9.42	-28.48	662.68	3074.87
-9.42	-28.48	661.6619999999999	3078.6
-9.42	-28.48	660.643	3091.15
-9.42	-28.48	659.6239999999999	3103.3
-9.42	-28.48	658.605	3121.1
-9.42	-28.48	657.585	3141.52
-9.42	-28.48	656.566	3154.21
-9.42	-28.48	655.546	3166.39
-9.42	-28.48	654.526	3180.14
-9.42	-28.48	653.506	3189.85
-9.42	-28.48	652.485	3193.81
-9.42	-28.48	651.465	3202.37
-9.42	-28.48	650.444	3209.71
-9.42	-28.48	649.423	3203.01
-9.42	-28.48	648.4019999999999	3198.61
-9.42	-28.48	647.381	3194.41
-9.42	-28.48	646.359	3184.83
-9.42	-28.48	645.3380000000001	3168.97
-9.42	-28.48	644.316	3151.7
-9.42	-28.48	643.294	3145.99
-9.42	-28.48	642.271	3138.16
-9.42	-28.48	641.249	3118.39
-9.42	-28.48	640.226	3114.48
-9.42	-28.48	639.2040000000001	3107.66
-9.42	-28.48	638.181	3109.0
-9.42	-28.48	637.1569999999999	3102.55
-9.42	-28.48	636.134	3105.23
-9.42	-28.48	635.11	3103.03
-9.42	-28.48	634.087	3100.39
-9.42	-28.48	633.063	3105.92
-9.42	-28.48	632.039	3123.74
-9.42	-28.48	631.014	3124.06
-9.42	-28.48	629.99	3141.8
-9.42	-28.48	628.965	3157.72
-9.42	-28.48	627.94	3171.62
-9.42	-28.48	626.915	3177.74
-9.42	-28.48	625.89	3176.3
-9.42	-28.48	624.864	3178.61
-9.42	-28.48	623.839	3171.73
-9.42	-28.48	622.813	3160.25
-9.42	-28.48	621.7869999999999	3148.93
-9.42	-28.48	620.761	3137.38
-9.42	-28.48	619.734	3117.01
-9.42	-28.48	618.7080000000001	3096.56
-9.42	-28.48	617.681	3086.04
-9.42	-28.48	616.654	3072.94
-9.42	-28.48	615.627	3053.56
-9.42	-28.48	614.599	3040.28
-9.42	-28.48	613.572	3031.24
-9.42	-28.48	612.544	3024.11
-9.42	-28.48	611.516	3018.7
-9.42	-28.48	610.488	3009.3
-9.42	-28.48	609.46	3011.27
-9.42	-28.48	608.431	3005.96
-9.42	-28.48	607.403	3001.72
-9.42	-28.48	606.374	2997.3
-9.42	-28.48	605.345	3003.72
-9.42	-28.48	604.316	2994.65
-9.42	-28.48	603.286	3004.46
-9.42	-28.48	602.257	3017.58
-9.42	-28.48	601.227	3026.54
-9.42	-28.48	600.197	3026.15
-9.42	-28.48	599.1669999999999	3045.42
-9.42	-28.48	598.136	3061.93
-9.42	-28.48	597.106	3065.49
-9.42	-28.48	596.075	3076.47
-9.42	-28.48	595.044	3082.33
-9.42	-28.48	594.013	3092.12
-9.42	-28.48	592.981	3083.82
-9.42	-28.48	591.95	3081.4
-9.42	-28.48	590.918	3079.65
-9.42	-28.48	589.886	3072.64
-9.42	-28.48	588.854	3071.27
-9.42	-28.48	587.822	3079.34
-9.42	-28.48	586.789	3085.76
-9.42	-28.48	585.757	3087.53
-9.42	-28.48	584.724	3094.9
-9.42	-28.48	583.691	3097.15
-9.42	-28.48	582.6569999999999	3096.72
-9.42	-28.48	581.624	3091.21
-9.42	-28.48	580.59	3095.52
-9.42	-28.48	579.557	3097.35
-9.42	-28.48	578.523	3093.08
-9.42	-28.48	577.488	3091.09
-9.42	-28.48	576.4540000000001	3098.52
-9.42	-28.48	575.419	3099.05
-9.42	-28.48	574.385	3100.16
-9.42	-28.48	573.35	3105.6
-9.42	-28.48	572.314	3121.58
-9.42	-28.48	571.279	3120.54
-9.42	-28.48	570.244	3123.83
-9.42	-28.48	569.2080000000001	3130.38
-9.42	-28.48	568.172	3144.0
-9.42	-28.48	567.136	3141.37
-9.42	-28.48	566.099	3131.87
-9.42	-28.48	565.063	3133.33
-9.42	-28.48	564.026	3128.36
-9.42	-28.48	562.989	3126.2
-9.42	-28.48	561.952	3114.07
-9.42	-28.48	560.915	3110.75
-9.42	-28.48	559.877	3105.01
-9.42	-28.48	558.84	3105.42
-9.42	-28.48	557.802	3113.4
-9.42	-28.48	556.764	3120.34
-9.42	-28.48	555.726	3123.88
-9.42	-28.48	554.687	3134.84
-9.42	-28.48	553.649	3150.48
-9.42	-28.48	552.61	3154.38
-9.42	-28.48	551.571	3162.81
-9.42	-28.48	550.5319999999999	3186.32
-9.42	-28.48	549.492	3208.44
-9.42	-28.48	548.453	3220.66
-9.42	-28.48	547.413	3235.83
-9.42	-28.48	546.373	3250.36
-9.42	-28.48	545.3330000000001	3260.6
-9.42	-28.48	544.2919999999999	3262.16
-9.42	-28.48	543.252	3271.07
-9.42	-28.48	542.211	3273.35
-9.42	-28.48	541.17	3270.78
-9.42	-28.48	540.129	3270.23
-9.42	-28.48	539.0880000000001	3269.9
-9.42	-28.48	538.0459999999999	3260.59
-9.42	-28.48	537.004	3248.12
-9.42	-28.48	535.962	3238.72
-9.42	-28.48	534.92	3227.72
-9.42	-28.48	533.878	3218.41
-9.42	-28.48	532.836	3212.71
-9.42	-28.48	531.793	3201.83
-9.42	-28.48	530.75	3186.6
-9.42	-28.48	529.707	3166.63
-9.42	-28.48	528.664	3159.87
-9.42	-28.48	527.62	3146.89
-9.42	-28.48	526.577	3126.14
-9.42	-28.48	525.533	3115.18
-9.42	-28.48	524.489	3106.53
-9.42	-28.48	523.445	3099.14
-9.42	-28.48	522.4	3086.08
-9.42	-28.48	521.355	3070.17
-9.42	-28.48	520.311	3060.39
-9.42	-28.48	519.266	3050.44
-9.42	-28.48	518.22	3027.49
-9.42	-28.48	517.175	3012.08
-9.42	-28.48	516.129	2993.45
-9.42	-28.48	515.0840000000001	2966.32
-9.42	-28.48	514.038	2949.79
-9.42	-28.48	512.992	2936.37
-9.42	-28.48	511.945	2919.18
-9.42	-28.48	510.899	2908.43
-9.42	-28.48	509.852	2902.56
-9.42	-28.48	508.805	2895.86
-9.42	-28.48	507.75800000000004	2886.42
-9.42	-28.48	506.71	2883.67
-9.42	-28.48	505.663	2893.06
-9.42	-28.48	504.615	2898.61
-9.42	-28.48	503.56699999999995	2902.94
-9.42	-28.48	502.519	2916.59
-9.42	-28.48	501.471	2933.32
-9.42	-28.48	500.42199999999997	2946.62
-9.42	-28.48	499.374	2961.89
-9.42	-28.48	498.325	2977.83
-9.42	-28.48	497.276	2998.7
-9.42	-28.48	496.226	3007.52
-9.42	-28.48	495.17699999999996	3025.06
-9.42	-28.48	494.12699999999995	3052.52
-9.42	-28.48	493.077	3073.32
-9.42	-28.48	492.027	3095.43
-9.42	-28.48	490.977	3116.36
-9.42	-28.48	489.926	3135.08
-9.42	-28.48	488.876	3148.98
-9.42	-28.48	487.825	3160.64
-9.42	-28.48	486.774	3171.32
-9.42	-28.48	485.723	3175.31
-9.42	-28.48	484.671	3173.59
-9.42	-28.48	483.619	3176.44
-9.42	-28.48	482.56800000000004	3177.95
-9.42	-28.48	481.51599999999996	3176.92
-9.42	-28.48	480.463	3169.71
-9.42	-28.48	479.411	3166.28
-9.42	-28.48	478.358	3155.63
-9.42	-28.48	477.305	3144.51
-9.42	-28.48	476.25199999999995	3135.27
-9.42	-28.48	475.199	3125.39
-9.42	-28.48	474.14599999999996	3118.16
-9.42	-28.48	473.092	3112.99
-9.42	-28.48	472.038	3109.89
-9.42	-28.48	470.98400000000004	3101.58
-9.42	-28.48	469.93	3094.35
-9.42	-28.48	468.876	3095.66
-9.42	-28.48	467.82099999999997	3099.97
-9.42	-28.48	466.76599999999996	3100.1
-9.42	-28.48	465.711	3114.71
-9.42	-28.48	464.656	3129.44
-9.42	-28.48	463.601	3152.95
-9.42	-28.48	462.545	3179.81
-9.42	-28.48	461.49	3205.4
-9.42	-28.48	460.434	3236.83
-9.42	-28.48	459.37699999999995	3256.21
-9.42	-28.48	458.32099999999997	3280.21
-9.42	-28.48	457.264	3307.36
-9.42	-28.48	456.208	3330.12
-9.42	-28.48	455.151	3345.83
-9.42	-28.48	454.094	3355.58
-9.42	-28.48	453.036	3366.96
-9.42	-28.48	451.97900000000004	3374.73
-9.42	-28.48	450.921	3382.25
-9.42	-28.48	449.86300000000006	3386.05
-9.42	-28.48	448.805	3381.98
-9.42	-28.48	447.74699999999996	3381.19
-9.42	-28.48	446.68800000000005	3372.68
-9.42	-28.48	445.629	3363.57
-9.42	-28.48	444.57	3350.12
-9.42	-28.48	443.51099999999997	3337.78
-9.42	-28.48	442.452	3325.81
-9.42	-28.48	441.392	3313.47
-9.42	-28.48	440.333	3299.42
-9.42	-28.48	439.273	3291.93
-9.42	-28.48	438.213	3297.87
-9.42	-28.48	437.152	3303.37
-9.42	-28.48	436.092	3312.72
-9.42	-28.48	435.031	3329.11
-9.42	-28.48	433.97	3354.06
-9.42	-28.48	432.909	3371.1
-9.42	-28.48	431.848	3395.22
-9.42	-28.48	430.786	3417.6
-9.42	-28.48	429.724	3435.64
-9.42	-28.48	428.663	3456.85
-9.42	-28.48	427.6	3471.65
-9.42	-28.48	426.538	3490.68
-9.42	-28.48	425.476	3497.72
-9.42	-28.48	424.413	3505.89
-9.42	-28.48	423.35	3511.53
-9.42	-28.48	422.287	3513.23
-9.42	-28.48	421.224	3516.01
-9.42	-28.48	420.16	3521.42
-9.42	-28.48	419.096	3526.55
-9.42	-28.48	418.033	3526.96
-9.42	-28.48	416.968	3522.3
-9.42	-28.48	415.904	3516.62
-9.42	-28.48	414.84	3507.04
-9.42	-28.48	413.775	3497.62
-9.42	-28.48	412.71	3485.55
-9.42	-28.48	411.645	3472.8
-9.42	-28.48	410.58	3457.62
-9.42	-28.48	409.514	3455.49
-9.42	-28.48	408.44800000000004	3449.99
-9.42	-28.48	407.38300000000004	3439.7
-9.42	-28.48	406.316	3432.45
-9.42	-28.48	405.25	3426.4
-9.42	-28.48	404.184	3422.75
-9.42	-28.48	403.11699999999996	3418.62
-9.42	-28.48	402.05	3415.15
-9.42	-28.48	400.983	3406.37
-9.42	-28.48	399.916	3394.49
-9.42	-28.48	398.848	3388.78
-9.42	-28.48	397.781	3384.89
-9.42	-28.48	396.713	3377.3
-9.42	-28.48	395.645	3369.98
-9.42	-28.48	394.57599999999996	3362.23
-9.42	-28.48	393.50800000000004	3352.09
-9.42	-28.48	392.439	3346.02
-9.42	-28.48	391.37	3338.99
-9.42	-28.48	390.301	3328.93
-9.42	-28.48	389.23199999999997	3318.82
-9.42	-28.48	388.162	3313.34
-9.42	-28.48	387.093	3306.91
-9.42	-28.48	386.023	3299.99
-9.42	-28.48	384.95300000000003	3286.8
-9.42	-28.48	383.88199999999995	3287.14
-9.42	-28.48	382.81199999999995	3287.72
-9.42	-28.48	381.741	3283.02
-9.42	-28.48	380.67	3279.54
-9.42	-28.48	379.599	3279.12
-9.42	-28.48	378.528	3281.8
-9.42	-28.48	377.45599999999996	3285.69
-9.42	-28.48	376.384	3282.47
-9.42	-28.48	375.31300000000005	3288.04
-9.42	-28.48	374.24	3294.47
-9.42	-28.48	373.168	3305.83
-9.42	-28.48	372.096	3316.76
-9.42	-28.48	371.023	3324.58
-9.42	-28.48	369.95	3331.71
-9.42	-28.48	368.87699999999995	3340.26
-9.42	-28.48	367.80400000000003	3354.21
-9.42	-28.48	366.73	3364.74
-9.42	-28.48	365.656	3377.02
-9.42	-28.48	364.582	3389.68
-9.42	-28.48	363.50800000000004	3395.67
-9.42	-28.48	362.434	3400.85
-9.42	-28.48	361.35900000000004	3397.07
-9.42	-28.48	360.285	3402.8
-9.42	-28.48	359.21	3396.91
-9.42	-28.48	358.135	3388.06
-9.42	-28.48	357.059	3386.24
-9.42	-28.48	355.98400000000004	3379.63
-9.42	-28.48	354.908	3376.16
-9.42	-28.48	353.832	3374.98
-9.42	-28.48	352.756	3374.46
-9.42	-28.48	351.67900000000003	3382.69
-9.42	-28.48	350.603	3385.72
-9.42	-28.48	349.526	3387.41
-9.42	-28.48	348.449	3397.35
-9.42	-28.48	347.37199999999996	3401.1
-9.42	-28.48	346.295	3407.7
-9.42	-28.48	345.217	3404.97
-9.42	-28.48	344.139	3411.1
-9.42	-28.48	343.061	3416.54
-9.42	-28.48	341.983	3417.83
-9.42	-28.48	340.905	3419.56
-9.42	-28.48	339.82599999999996	3428.02
-9.42	-28.48	338.74699999999996	3428.52
-9.42	-28.48	337.668	3434.98
-9.42	-28.48	336.589	3441.27
-9.42	-28.48	335.51	3448.61
-9.42	-28.48	334.43	3451.74
-9.42	-28.48	333.35	3460.56
-9.42	-28.48	332.27	3469.32
-9.42	-28.48	331.19	3473.67
-9.42	-28.48	330.11	3484.78
-9.42	-28.48	329.029	3491.5
-9.42	-28.48	327.94800000000004	3497.93
-9.42	-28.48	326.867	3504.43
-9.42	-28.48	325.786	3517.03
-9.42	-28.48	324.705	3532.21
-9.42	-28.48	323.623	3543.98
-9.42	-28.48	322.541	3553.47
-9.42	-28.48	321.459	3569.62
-9.42	-28.48	320.377	3586.32
-9.42	-28.48	319.29400000000004	3607.85
-9.42	-28.48	318.212	3616.95
-9.42	-28.48	317.129	3631.89
-9.42	-28.48	316.046	3649.22
-9.42	-28.48	314.962	3652.76
-9.42	-28.48	313.879	3672.18
-9.42	-28.48	312.795	3690.65
-9.42	-28.48	311.711	3706.12
-9.42	-28.48	310.627	3724.91
-9.42	-28.48	309.543	3743.74
-9.42	-28.48	308.45799999999997	3755.42
-9.42	-28.48	307.374	3776.4
-9.42	-28.48	306.289	3793.94
-9.42	-28.48	305.204	3810.88
-9.42	-28.48	304.118	3823.96
-9.42	-28.48	303.033	3843.9
-9.42	-28.48	301.947	3866.29
-9.42	-28.48	300.861	3890.16
-9.42	-28.48	299.775	3907.2
-9.42	-28.48	298.689	3931.31
-9.42	-28.48	297.60200000000003	3951.17
-9.42	-28.48	296.515	3965.97
-9.42	-28.48	295.428	3976.18
-9.42	-28.48	294.341	4005.99
-9.42	-28.48	293.254	4027.23
-9.42	-28.48	292.166	4048.7
-9.42	-28.48	291.079	4071.64
-9.42	-28.48	289.991	4089.22
-9.42	-28.48	288.902	4117.51
-9.42	-28.48	287.814	4145.3
-9.42	-28.48	286.725	4174.42
-9.42	-28.48	285.637	4191.39
-9.42	-28.48	284.547	4220.02
-9.42	-28.48	283.45799999999997	4244.1
-9.42	-28.48	282.369	4265.79
-9.42	-28.48	281.279	4290.85
-9.42	-28.48	280.189	4312.48
-9.42	-28.48	279.099	4323.89
-9.42	-28.48	278.009	4338.13
-9.42	-28.48	276.91900000000004	4343.8
-9.42	-28.48	275.828	4355.5
-9.42	-28.48	274.737	4365.12
-9.42	-28.48	273.64599999999996	4368.51
-9.42	-28.48	272.555	4369.0
-9.42	-28.48	271.46299999999997	4369.15
-9.42	-28.48	270.371	4364.77
-9.42	-28.48	269.28	4358.24
-9.42	-28.48	268.187	4352.77
-9.42	-28.48	267.095	4333.98
-9.42	-28.48	266.003	4330.71
-9.42	-28.48	264.91	4321.39
-9.42	-28.48	263.817	4315.78
-9.42	-28.48	262.724	4304.48
-9.42	-28.48	261.63	4304.93
-9.42	-28.48	260.53700000000003	4298.0
-9.42	-28.48	259.443	4287.81
-9.42	-28.48	258.349	4290.87
-9.42	-28.48	257.255	4286.11
-9.42	-28.48	256.16	4283.27
-9.42	-28.48	255.06599999999997	4284.04
-9.42	-28.48	253.97099999999998	4282.63
-9.42	-28.48	252.87599999999998	4276.62
-9.42	-28.48	251.78099999999998	4271.9
-9.42	-28.48	250.685	4268.9
-9.42	-28.48	249.59	4264.22
-9.42	-28.48	248.49400000000003	4248.57
-9.42	-28.48	247.398	4240.59
-9.42	-28.48	246.30200000000002	4232.35
-9.42	-28.48	245.205	4218.0
-9.42	-28.48	244.108	4205.99
-9.42	-28.48	243.012	4194.66
-9.42	-28.48	241.91400000000002	4170.08
-9.42	-28.48	240.817	4144.62
-9.42	-28.48	239.72	4127.22
-9.42	-28.48	238.622	4106.98
-9.42	-28.48	237.524	4084.11
-9.42	-28.48	236.426	4072.42
-9.42	-28.48	235.328	4071.23
-9.42	-28.48	234.229	4060.98
-9.42	-28.48	233.13	4052.9
-9.42	-28.48	232.03099999999998	4045.2
-9.42	-28.48	230.93200000000002	4037.63
-9.42	-28.48	229.833	4024.5
-9.42	-28.48	228.733	4018.32
-9.42	-28.48	227.63299999999998	4016.93
-9.42	-28.48	226.533	4015.59
-9.42	-28.48	225.433	4027.1
-9.42	-28.48	224.333	4029.73
-9.42	-28.48	223.232	4036.73
-9.42	-28.48	222.13099999999997	4049.6
-9.42	-28.48	221.03	4062.49
-9.42	-28.48	219.929	4074.22
-9.42	-28.48	218.827	4075.49
-9.42	-28.48	217.726	4082.75
-9.42	-28.48	216.62400000000002	4091.41
-9.42	-28.48	215.52200000000002	4095.51
-9.42	-28.48	214.419	4106.96
-9.42	-28.48	213.317	4115.38
-9.42	-28.48	212.21400000000003	4116.85
-9.42	-28.48	211.111	4119.16
-9.42	-28.48	210.00799999999998	4119.22
-9.42	-28.48	208.905	4117.22
-9.42	-28.48	207.801	4114.93
-9.42	-28.48	206.697	4118.79
-9.42	-28.48	205.593	4119.66
-9.42	-28.48	204.489	4122.21
-9.42	-28.48	203.385	4124.62
-9.42	-28.48	202.28	4126.67
-9.42	-28.48	201.175	4121.57
-9.42	-28.48	200.07	4111.46
