-9.42	-22.48	1999.92	1216.66
-9.42	-22.48	1999.14	1222.97
-9.42	-22.48	1998.35	1222.85
-9.42	-22.48	1997.57	1224.94
-9.42	-22.48	1996.78	1224.61
-9.42	-22.48	1996.0	1223.66
-9.42	-22.48	1995.21	1223.82
-9.42	-22.48	1994.42	1223.84
-9.42	-22.48	1993.64	1228.05
-9.42	-22.48	1992.85	1229.11
-9.42	-22.48	1992.07	1233.49
-9.42	-22.48	1991.28	1234.04
-9.42	-22.48	1990.5	1235.17
-9.42	-22.48	1989.71	1234.29
-9.42	-22.48	1988.92	1233.98
-9.42	-22.48	1988.14	1237.49
-9.42	-22.48	1987.35	1235.52
-9.42	-22.48	1986.56	1239.99
-9.42	-22.48	1985.78	1237.44
-9.42	-22.48	1984.99	1234.45
-9.42	-22.48	1984.2	1233.69
-9.42	-22.48	1983.42	1234.91
-9.42	-22.48	1982.63	1237.67
-9.42	-22.48	1981.84	1240.57
-9.42	-22.48	1981.05	1242.73
-9.42	-22.48	1980.27	1244.47
-9.42	-22.48	1979.48	1245.99
-9.42	-22.48	1978.69	1251.43
-9.42	-22.48	1977.9	1254.63
-9.42	-22.48	1977.11	1253.05
-9.42	-22.48	1976.33	1256.48
-9.42	-22.48	1975.54	1259.56
-9.42	-22.48	1974.75	1255.92
-9.42	-22.48	1973.96	1260.5
-9.42	-22.48	1973.17	1259.53
-9.42	-22.48	1972.38	1262.96
-9.42	-22.48	1971.59	1265.34
-9.42	-22.48	1970.8	1267.25
-9.42	-22.48	1970.01	1271.98
-9.42	-22.48	1969.22	1272.12
-9.42	-22.48	1968.43	1273.15
-9.42	-22.48	1967.64	1274.53
-9.42	-22.48	1966.85	1277.09
-9.42	-22.48	1966.06	1273.84
-9.42	-22.48	1965.27	1274.39
-9.42	-22.48	1964.48	1275.85
-9.42	-22.48	1963.69	1275.43
-9.42	-22.48	1962.9	1277.63
-9.42	-22.48	1962.11	1270.42
-9.42	-22.48	1961.32	1267.39
-9.42	-22.48	1960.53	1268.23
-9.42	-22.48	1959.74	1267.87
-9.42	-22.48	1958.95	1263.2
-9.42	-22.48	1958.16	1262.15
-9.42	-22.48	1957.37	1260.58
-9.42	-22.48	1956.57	1263.53
-9.42	-22.48	1955.78	1267.32
-9.42	-22.48	1954.99	1268.8
-9.42	-22.48	1954.2	1271.74
-9.42	-22.48	1953.41	1273.37
-9.42	-22.48	1952.61	1277.86
-9.42	-22.48	1951.82	1282.23
-9.42	-22.48	1951.03	1283.62
-9.42	-22.48	1950.24	1289.78
-9.42	-22.48	1949.44	1293.9
-9.42	-22.48	1948.65	1295.27
-9.42	-22.48	1947.86	1294.35
-9.42	-22.48	1947.06	1291.5
-9.42	-22.48	1946.27	1290.25
-9.42	-22.48	1945.48	1287.99
-9.42	-22.48	1944.68	1288.51
-9.42	-22.48	1943.89	1291.23
-9.42	-22.48	1943.1	1286.31
-9.42	-22.48	1942.3	1282.54
-9.42	-22.48	1941.51	1281.78
-9.42	-22.48	1940.71	1283.55
-9.42	-22.48	1939.92	1284.04
-9.42	-22.48	1939.12	1282.55
-9.42	-22.48	1938.33	1283.19
-9.42	-22.48	1937.53	1281.93
-9.42	-22.48	1936.74	1282.88
-9.42	-22.48	1935.94	1284.66
-9.42	-22.48	1935.15	1284.66
-9.42	-22.48	1934.35	1291.51
-9.42	-22.48	1933.56	1293.9
-9.42	-22.48	1932.76	1295.2
-9.42	-22.48	1931.97	1291.94
-9.42	-22.48	1931.17	1294.6
-9.42	-22.48	1930.37	1298.15
-9.42	-22.48	1929.58	1300.72
-9.42	-22.48	1928.78	1304.47
-9.42	-22.48	1927.99	1302.11
-9.42	-22.48	1927.19	1302.37
-9.42	-22.48	1926.39	1305.95
-9.42	-22.48	1925.6	1301.97
-9.42	-22.48	1924.8	1297.97
-9.42	-22.48	1924.0	1297.66
-9.42	-22.48	1923.2	1298.58
-9.42	-22.48	1922.41	1303.69
-9.42	-22.48	1921.61	1306.97
-9.42	-22.48	1920.81	1306.93
-9.42	-22.48	1920.01	1307.17
-9.42	-22.48	1919.22	1307.51
-9.42	-22.48	1918.42	1314.11
-9.42	-22.48	1917.62	1316.32
-9.42	-22.48	1916.82	1321.94
-9.42	-22.48	1916.02	1326.43
-9.42	-22.48	1915.22	1333.22
-9.42	-22.48	1914.43	1335.25
-9.42	-22.48	1913.63	1335.4
-9.42	-22.48	1912.83	1343.73
-9.42	-22.48	1912.03	1344.98
-9.42	-22.48	1911.23	1348.18
-9.42	-22.48	1910.43	1350.96
-9.42	-22.48	1909.63	1349.27
-9.42	-22.48	1908.83	1348.47
-9.42	-22.48	1908.03	1352.84
-9.42	-22.48	1907.23	1353.88
-9.42	-22.48	1906.43	1352.55
-9.42	-22.48	1905.63	1353.22
-9.42	-22.48	1904.83	1349.29
-9.42	-22.48	1904.03	1348.88
-9.42	-22.48	1903.23	1346.8
-9.42	-22.48	1902.43	1346.63
-9.42	-22.48	1901.63	1348.98
-9.42	-22.48	1900.83	1353.96
-9.42	-22.48	1900.03	1354.72
-9.42	-22.48	1899.23	1356.24
-9.42	-22.48	1898.42	1355.06
-9.42	-22.48	1897.62	1350.54
-9.42	-22.48	1896.82	1351.67
-9.42	-22.48	1896.02	1351.14
-9.42	-22.48	1895.22	1350.37
-9.42	-22.48	1894.41	1350.03
-9.42	-22.48	1893.61	1349.61
-9.42	-22.48	1892.81	1349.3
-9.42	-22.48	1892.01	1349.16
-9.42	-22.48	1891.21	1345.13
-9.42	-22.48	1890.4	1343.06
-9.42	-22.48	1889.6	1345.37
-9.42	-22.48	1888.8	1343.77
-9.42	-22.48	1887.99	1342.96
-9.42	-22.48	1887.19	1344.84
-9.42	-22.48	1886.39	1339.8
-9.42	-22.48	1885.58	1343.21
-9.42	-22.48	1884.78	1342.55
-9.42	-22.48	1883.98	1345.02
-9.42	-22.48	1883.17	1340.99
-9.42	-22.48	1882.37	1342.9
-9.42	-22.48	1881.56	1347.24
-9.42	-22.48	1880.76	1346.57
-9.42	-22.48	1879.95	1352.15
-9.42	-22.48	1879.15	1351.61
-9.42	-22.48	1878.35	1362.21
-9.42	-22.48	1877.54	1369.24
-9.42	-22.48	1876.74	1369.16
-9.42	-22.48	1875.93	1370.31
-9.42	-22.48	1875.13	1371.83
-9.42	-22.48	1874.32	1377.73
-9.42	-22.48	1873.51	1381.42
-9.42	-22.48	1872.71	1385.96
-9.42	-22.48	1871.9	1384.46
-9.42	-22.48	1871.1	1387.92
-9.42	-22.48	1870.29	1391.27
-9.42	-22.48	1869.48	1397.31
-9.42	-22.48	1868.68	1393.36
-9.42	-22.48	1867.87	1393.93
-9.42	-22.48	1867.06	1398.17
-9.42	-22.48	1866.26	1399.4
-9.42	-22.48	1865.45	1400.02
-9.42	-22.48	1864.64	1397.72
-9.42	-22.48	1863.84	1397.76
-9.42	-22.48	1863.03	1395.29
-9.42	-22.48	1862.22	1396.42
-9.42	-22.48	1861.41	1399.11
-9.42	-22.48	1860.61	1397.57
-9.42	-22.48	1859.8	1398.95
-9.42	-22.48	1858.99	1399.32
-9.42	-22.48	1858.18	1403.91
-9.42	-22.48	1857.37	1406.55
-9.42	-22.48	1856.57	1409.26
-9.42	-22.48	1855.76	1415.2
-9.42	-22.48	1854.95	1415.61
-9.42	-22.48	1854.14	1420.12
-9.42	-22.48	1853.33	1420.55
-9.42	-22.48	1852.52	1421.13
-9.42	-22.48	1851.71	1421.95
-9.42	-22.48	1850.9	1423.22
-9.42	-22.48	1850.09	1426.75
-9.42	-22.48	1849.28	1424.66
-9.42	-22.48	1848.47	1430.72
-9.42	-22.48	1847.66	1435.12
-9.42	-22.48	1846.85	1440.78
-9.42	-22.48	1846.04	1440.62
-9.42	-22.48	1845.23	1442.69
-9.42	-22.48	1844.42	1442.8
-9.42	-22.48	1843.61	1446.58
-9.42	-22.48	1842.8	1446.5
-9.42	-22.48	1841.99	1441.42
-9.42	-22.48	1841.18	1445.95
-9.42	-22.48	1840.37	1449.09
-9.42	-22.48	1839.56	1448.03
-9.42	-22.48	1838.75	1450.75
-9.42	-22.48	1837.94	1451.97
-9.42	-22.48	1837.12	1455.87
-9.42	-22.48	1836.31	1457.77
-9.42	-22.48	1835.5	1461.67
-9.42	-22.48	1834.69	1469.21
-9.42	-22.48	1833.88	1472.4
-9.42	-22.48	1833.06	1476.39
-9.42	-22.48	1832.25	1479.91
-9.42	-22.48	1831.44	1478.21
-9.42	-22.48	1830.63	1479.22
-9.42	-22.48	1829.81	1486.32
-9.42	-22.48	1829.0	1493.33
-9.42	-22.48	1828.19	1496.22
-9.42	-22.48	1827.37	1495.86
-9.42	-22.48	1826.56	1500.26
-9.42	-22.48	1825.75	1499.34
-9.42	-22.48	1824.93	1501.93
-9.42	-22.48	1824.12	1508.04
-9.42	-22.48	1823.3	1510.37
-9.42	-22.48	1822.49	1510.46
-9.42	-22.48	1821.68	1508.6
-9.42	-22.48	1820.86	1510.43
-9.42	-22.48	1820.05	1511.37
-9.42	-22.48	1819.23	1510.51
-9.42	-22.48	1818.42	1514.09
-9.42	-22.48	1817.6	1515.37
-9.42	-22.48	1816.79	1516.74
-9.42	-22.48	1815.97	1509.64
-9.42	-22.48	1815.16	1503.12
-9.42	-22.48	1814.34	1500.81
-9.42	-22.48	1813.53	1499.45
-9.42	-22.48	1812.71	1500.17
-9.42	-22.48	1811.89	1494.29
-9.42	-22.48	1811.08	1498.35
-9.42	-22.48	1810.26	1497.47
-9.42	-22.48	1809.45	1493.72
-9.42	-22.48	1808.63	1493.19
-9.42	-22.48	1807.81	1492.55
-9.42	-22.48	1807.0	1494.25
-9.42	-22.48	1806.18	1500.6
-9.42	-22.48	1805.36	1504.63
-9.42	-22.48	1804.54	1510.17
-9.42	-22.48	1803.73	1511.83
-9.42	-22.48	1802.91	1516.69
-9.42	-22.48	1802.09	1524.92
-9.42	-22.48	1801.27	1525.7
-9.42	-22.48	1800.46	1536.09
-9.42	-22.48	1799.64	1539.22
-9.42	-22.48	1798.82	1545.3
-9.42	-22.48	1798.0	1552.09
-9.42	-22.48	1797.18	1560.09
-9.42	-22.48	1796.37	1566.92
-9.42	-22.48	1795.55	1572.17
-9.42	-22.48	1794.73	1577.97
-9.42	-22.48	1793.91	1582.88
-9.42	-22.48	1793.09	1582.12
-9.42	-22.48	1792.27	1584.31
-9.42	-22.48	1791.45	1580.28
-9.42	-22.48	1790.63	1583.8
-9.42	-22.48	1789.81	1584.24
-9.42	-22.48	1788.99	1586.51
-9.42	-22.48	1788.17	1584.66
-9.42	-22.48	1787.35	1582.13
-9.42	-22.48	1786.53	1581.86
-9.42	-22.48	1785.71	1580.63
-9.42	-22.48	1784.89	1583.39
-9.42	-22.48	1784.07	1579.75
-9.42	-22.48	1783.25	1579.51
-9.42	-22.48	1782.43	1576.74
-9.42	-22.48	1781.61	1578.79
-9.42	-22.48	1780.79	1583.87
-9.42	-22.48	1779.97	1586.63
-9.42	-22.48	1779.14	1586.79
-9.42	-22.48	1778.32	1590.51
-9.42	-22.48	1777.5	1595.45
-9.42	-22.48	1776.68	1591.66
-9.42	-22.48	1775.86	1590.33
-9.42	-22.48	1775.03	1584.11
-9.42	-22.48	1774.21	1592.35
-9.42	-22.48	1773.39	1600.09
-9.42	-22.48	1772.57	1601.62
-9.42	-22.48	1771.74	1602.38
-9.42	-22.48	1770.92	1606.22
-9.42	-22.48	1770.1	1613.38
-9.42	-22.48	1769.28	1617.32
-9.42	-22.48	1768.45	1623.82
-9.42	-22.48	1767.63	1624.61
-9.42	-22.48	1766.81	1623.84
-9.42	-22.48	1765.98	1631.58
-9.42	-22.48	1765.16	1639.89
-9.42	-22.48	1764.33	1646.81
-9.42	-22.48	1763.51	1658.22
-9.42	-22.48	1762.69	1666.61
-9.42	-22.48	1761.86	1675.41
-9.42	-22.48	1761.04	1685.79
-9.42	-22.48	1760.21	1689.71
-9.42	-22.48	1759.39	1689.07
-9.42	-22.48	1758.56	1695.08
-9.42	-22.48	1757.74	1697.05
-9.42	-22.48	1756.91	1701.05
-9.42	-22.48	1756.09	1707.88
-9.42	-22.48	1755.26	1705.13
-9.42	-22.48	1754.44	1704.44
-9.42	-22.48	1753.61	1707.21
-9.42	-22.48	1752.78	1708.78
-9.42	-22.48	1751.96	1706.33
-9.42	-22.48	1751.13	1706.02
-9.42	-22.48	1750.31	1706.63
-9.42	-22.48	1749.48	1708.78
-9.42	-22.48	1748.65	1706.83
-9.42	-22.48	1747.83	1703.8
-9.42	-22.48	1747.0	1703.93
-9.42	-22.48	1746.17	1705.71
-9.42	-22.48	1745.34	1703.12
-9.42	-22.48	1744.52	1705.97
-9.42	-22.48	1743.69	1711.8
-9.42	-22.48	1742.86	1712.62
-9.42	-22.48	1742.03	1720.7
-9.42	-22.48	1741.21	1727.59
-9.42	-22.48	1740.38	1737.91
-9.42	-22.48	1739.55	1746.71
-9.42	-22.48	1738.72	1750.22
-9.42	-22.48	1737.89	1750.84
-9.42	-22.48	1737.07	1754.15
-9.42	-22.48	1736.24	1760.68
-9.42	-22.48	1735.41	1764.0
-9.42	-22.48	1734.58	1764.79
-9.42	-22.48	1733.75	1767.89
-9.42	-22.48	1732.92	1771.37
-9.42	-22.48	1732.09	1775.32
-9.42	-22.48	1731.26	1782.25
-9.42	-22.48	1730.43	1781.22
-9.42	-22.48	1729.6	1792.58
-9.42	-22.48	1728.77	1796.39
-9.42	-22.48	1727.94	1800.21
-9.42	-22.48	1727.11	1800.09
-9.42	-22.48	1726.28	1800.46
-9.42	-22.48	1725.45	1805.48
-9.42	-22.48	1724.62	1806.18
-9.42	-22.48	1723.79	1809.7
-9.42	-22.48	1722.96	1814.42
-9.42	-22.48	1722.13	1812.83
-9.42	-22.48	1721.3	1820.49
-9.42	-22.48	1720.46	1827.62
-9.42	-22.48	1719.63	1833.21
-9.42	-22.48	1718.8	1835.22
-9.42	-22.48	1717.97	1836.66
-9.42	-22.48	1717.14	1839.88
-9.42	-22.48	1716.3	1836.02
-9.42	-22.48	1715.47	1842.57
-9.42	-22.48	1714.64	1845.61
-9.42	-22.48	1713.81	1847.92
-9.42	-22.48	1712.97	1855.7
-9.42	-22.48	1712.14	1856.91
-9.42	-22.48	1711.31	1864.36
-9.42	-22.48	1710.48	1868.7
-9.42	-22.48	1709.64	1874.91
-9.42	-22.48	1708.81	1881.36
-9.42	-22.48	1707.98	1887.26
-9.42	-22.48	1707.14	1896.11
-9.42	-22.48	1706.31	1901.3
-9.42	-22.48	1705.47	1905.87
-9.42	-22.48	1704.64	1909.98
-9.42	-22.48	1703.81	1908.42
-9.42	-22.48	1702.97	1914.26
-9.42	-22.48	1702.14	1915.96
-9.42	-22.48	1701.3	1922.73
-9.42	-22.48	1700.47	1930.9
-9.42	-22.48	1699.63	1937.22
-9.42	-22.48	1698.8	1947.67
-9.42	-22.48	1697.96	1958.83
-9.42	-22.48	1697.13	1966.6
-9.42	-22.48	1696.29	1979.58
-9.42	-22.48	1695.46	1986.73
-9.42	-22.48	1694.62	1991.75
-9.42	-22.48	1693.78	1994.59
-9.42	-22.48	1692.95	1996.09
-9.42	-22.48	1692.11	2002.3
-9.42	-22.48	1691.28	2010.51
-9.42	-22.48	1690.44	2020.01
-9.42	-22.48	1689.6	2027.06
-9.42	-22.48	1688.77	2034.47
-9.42	-22.48	1687.93	2040.06
-9.42	-22.48	1687.09	2044.54
-9.42	-22.48	1686.25	2051.93
-9.42	-22.48	1685.42	2058.85
-9.42	-22.48	1684.58	2069.93
-9.42	-22.48	1683.74	2074.87
-9.42	-22.48	1682.9	2081.42
-9.42	-22.48	1682.07	2084.18
-9.42	-22.48	1681.23	2089.4
-9.42	-22.48	1680.39	2097.66
-9.42	-22.48	1679.55	2099.45
-9.42	-22.48	1678.71	2105.96
-9.42	-22.48	1677.87	2108.29
-9.42	-22.48	1677.04	2116.59
-9.42	-22.48	1676.2	2127.97
-9.42	-22.48	1675.36	2141.94
-9.42	-22.48	1674.52	2155.74
-9.42	-22.48	1673.68	2162.98
-9.42	-22.48	1672.84	2177.76
-9.42	-22.48	1672.0	2189.85
-9.42	-22.48	1671.16	2202.35
-9.42	-22.48	1670.32	2213.38
-9.42	-22.48	1669.48	2224.79
-9.42	-22.48	1668.64	2232.63
-9.42	-22.48	1667.8	2245.69
-9.42	-22.48	1666.96	2259.32
-9.42	-22.48	1666.12	2270.52
-9.42	-22.48	1665.28	2276.17
-9.42	-22.48	1664.44	2283.44
-9.42	-22.48	1663.6	2292.21
-9.42	-22.48	1662.75	2297.84
-9.42	-22.48	1661.91	2304.46
-9.42	-22.48	1661.07	2313.85
-9.42	-22.48	1660.23	2327.31
-9.42	-22.48	1659.39	2340.0
-9.42	-22.48	1658.55	2349.74
-9.42	-22.48	1657.7	2357.38
-9.42	-22.48	1656.86	2364.02
-9.42	-22.48	1656.02	2377.33
-9.42	-22.48	1655.18	2385.34
-9.42	-22.48	1654.33	2394.61
-9.42	-22.48	1653.49	2404.52
-9.42	-22.48	1652.65	2416.77
-9.42	-22.48	1651.81	2430.96
-9.42	-22.48	1650.96	2448.29
-9.42	-22.48	1650.12	2463.09
-9.42	-22.48	1649.28	2481.46
-9.42	-22.48	1648.43	2504.31
-9.42	-22.48	1647.59	2534.6
-9.42	-22.48	1646.74	2556.53
-9.42	-22.48	1645.9	2581.13
-9.42	-22.48	1645.06	2609.35
-9.42	-22.48	1644.21	2643.27
-9.42	-22.48	1643.37	2670.09
-9.42	-22.48	1642.52	2700.85
-9.42	-22.48	1641.68	2738.47
-9.42	-22.48	1640.83	2773.52
-9.42	-22.48	1639.99	2808.67
-9.42	-22.48	1639.14	2846.99
-9.42	-22.48	1638.3	2887.5
-9.42	-22.48	1637.45	2929.89
-9.42	-22.48	1636.61	2971.59
-9.42	-22.48	1635.76	3010.19
-9.42	-22.48	1634.91	3044.96
-9.42	-22.48	1634.07	3075.92
-9.42	-22.48	1633.22	3112.72
-9.42	-22.48	1632.38	3145.92
-9.42	-22.48	1631.53	3183.66
-9.42	-22.48	1630.68	3221.43
-9.42	-22.48	1629.84	3260.3
-9.42	-22.48	1628.99	3296.7
-9.42	-22.48	1628.14	3326.61
-9.42	-22.48	1627.29	3361.93
-9.42	-22.48	1626.45	3394.13
-9.42	-22.48	1625.6	3433.15
-9.42	-22.48	1624.75	3463.7
-9.42	-22.48	1623.9	3497.3
-9.42	-22.48	1623.06	3532.02
-9.42	-22.48	1622.21	3562.19
-9.42	-22.48	1621.36	3597.41
-9.42	-22.48	1620.51	3632.94
-9.42	-22.48	1619.66	3664.01
-9.42	-22.48	1618.81	3696.09
-9.42	-22.48	1617.96	3724.66
-9.42	-22.48	1617.12	3757.85
-9.42	-22.48	1616.27	3795.11
-9.42	-22.48	1615.42	3826.05
-9.42	-22.48	1614.57	3860.13
-9.42	-22.48	1613.72	3900.6
-9.42	-22.48	1612.87	3934.88
-9.42	-22.48	1612.02	3965.53
-9.42	-22.48	1611.17	3997.27
-9.42	-22.48	1610.32	4022.76
-9.42	-22.48	1609.47	4051.51
-9.42	-22.48	1608.62	4082.93
-9.42	-22.48	1607.77	4124.36
-9.42	-22.48	1606.92	4165.11
-9.42	-22.48	1606.06	4216.62
-9.42	-22.48	1605.21	4264.61
-9.42	-22.48	1604.36	4311.06
-9.42	-22.48	1603.51	4360.8
-9.42	-22.48	1602.66	4415.27
-9.42	-22.48	1601.81	4476.35
-9.42	-22.48	1600.96	4538.22
-9.42	-22.48	1600.1	4599.8
-9.42	-22.48	1599.25	4656.94
-9.42	-22.48	1598.4	4706.66
-9.42	-22.48	1597.55	4758.28
-9.42	-22.48	1596.69	4801.88
-9.42	-22.48	1595.84	4843.48
-9.42	-22.48	1594.99	4873.26
-9.42	-22.48	1594.14	4896.83
-9.42	-22.48	1593.28	4907.56
-9.42	-22.48	1592.43	4913.19
-9.42	-22.48	1591.58	4917.43
-9.42	-22.48	1590.72	4913.94
-9.42	-22.48	1589.87	4896.73
-9.42	-22.48	1589.02	4876.34
-9.42	-22.48	1588.16	4858.25
-9.42	-22.48	1587.31	4820.23
-9.42	-22.48	1586.45	4776.79
-9.42	-22.48	1585.6	4732.44
-9.42	-22.48	1584.74	4686.53
-9.42	-22.48	1583.89	4642.82
-9.42	-22.48	1583.03	4585.37
-9.42	-22.48	1582.18	4539.29
-9.42	-22.48	1581.32	4497.43
-9.42	-22.48	1580.47	4460.21
-9.42	-22.48	1579.61	4413.27
-9.42	-22.48	1578.76	4378.02
-9.42	-22.48	1577.9	4349.68
-9.42	-22.48	1577.05	4331.29
-9.42	-22.48	1576.19	4314.2
-9.42	-22.48	1575.33	4298.03
-9.42	-22.48	1574.48	4282.39
-9.42	-22.48	1573.62	4267.52
-9.42	-22.48	1572.76	4254.13
-9.42	-22.48	1571.91	4247.42
-9.42	-22.48	1571.05	4234.7
-9.42	-22.48	1570.19	4220.83
-9.42	-22.48	1569.34	4215.2
-9.42	-22.48	1568.48	4205.58
-9.42	-22.48	1567.62	4191.5
-9.42	-22.48	1566.76	4189.67
-9.42	-22.48	1565.91	4190.19
-9.42	-22.48	1565.05	4178.63
-9.42	-22.48	1564.19	4168.71
-9.42	-22.48	1563.33	4160.39
-9.42	-22.48	1562.47	4158.3
-9.42	-22.48	1561.62	4147.64
-9.42	-22.48	1560.76	4141.67
-9.42	-22.48	1559.9	4140.74
-9.42	-22.48	1559.04	4144.08
-9.42	-22.48	1558.18	4144.41
-9.42	-22.48	1557.32	4132.69
-9.42	-22.48	1556.46	4137.26
-9.42	-22.48	1555.6	4139.14
-9.42	-22.48	1554.74	4152.01
-9.42	-22.48	1553.88	4156.28
-9.42	-22.48	1553.02	4163.69
-9.42	-22.48	1552.16	4166.48
-9.42	-22.48	1551.3	4182.39
-9.42	-22.48	1550.44	4192.95
-9.42	-22.48	1549.58	4206.84
-9.42	-22.48	1548.72	4218.22
-9.42	-22.48	1547.86	4234.29
-9.42	-22.48	1547.0	4254.75
-9.42	-22.48	1546.14	4269.71
-9.42	-22.48	1545.28	4283.75
-9.42	-22.48	1544.41	4301.7
-9.42	-22.48	1543.55	4331.33
-9.42	-22.48	1542.69	4360.26
-9.42	-22.48	1541.83	4391.77
-9.42	-22.48	1540.97	4417.51
-9.42	-22.48	1540.1	4450.57
-9.42	-22.48	1539.24	4481.23
-9.42	-22.48	1538.38	4510.13
-9.42	-22.48	1537.52	4536.7
-9.42	-22.48	1536.65	4576.11
-9.42	-22.48	1535.79	4614.43
-9.42	-22.48	1534.93	4642.99
-9.42	-22.48	1534.06	4675.02
-9.42	-22.48	1533.2	4701.83
-9.42	-22.48	1532.34	4737.96
-9.42	-22.48	1531.47	4756.68
-9.42	-22.48	1530.61	4769.64
-9.42	-22.48	1529.75	4791.85
-9.42	-22.48	1528.88	4814.68
-9.42	-22.48	1528.02	4826.17
-9.42	-22.48	1527.15	4832.96
-9.42	-22.48	1526.29	4842.99
-9.42	-22.48	1525.42	4849.79
-9.42	-22.48	1524.56	4859.27
-9.42	-22.48	1523.69	4867.59
-9.42	-22.48	1522.83	4868.0
-9.42	-22.48	1521.96	4868.88
-9.42	-22.48	1521.1	4864.95
-9.42	-22.48	1520.23	4855.83
-9.42	-22.48	1519.37	4842.65
-9.42	-22.48	1518.5	4822.86
-9.42	-22.48	1517.63	4813.66
-9.42	-22.48	1516.77	4802.58
-9.42	-22.48	1515.9	4777.24
-9.42	-22.48	1515.03	4750.21
-9.42	-22.48	1514.17	4726.29
-9.42	-22.48	1513.3	4697.33
-9.42	-22.48	1512.43	4650.22
-9.42	-22.48	1511.57	4610.33
-9.42	-22.48	1510.7	4573.06
-9.42	-22.48	1509.83	4534.45
-9.42	-22.48	1508.96	4483.58
-9.42	-22.48	1508.1	4438.83
-9.42	-22.48	1507.23	4400.36
-9.42	-22.48	1506.36	4361.9
-9.42	-22.48	1505.49	4313.21
-9.42	-22.48	1504.62	4269.7
-9.42	-22.48	1503.76	4248.04
-9.42	-22.48	1502.89	4219.06
-9.42	-22.48	1502.02	4192.64
-9.42	-22.48	1501.15	4169.26
-9.42	-22.48	1500.28	4158.81
-9.42	-22.48	1499.41	4151.49
-9.42	-22.48	1498.54	4151.11
-9.42	-22.48	1497.67	4145.87
-9.42	-22.48	1496.8	4131.88
-9.42	-22.48	1495.93	4128.02
-9.42	-22.48	1495.06	4129.74
-9.42	-22.48	1494.19	4131.35
-9.42	-22.48	1493.32	4125.49
-9.42	-22.48	1492.45	4118.75
-9.42	-22.48	1491.58	4126.35
-9.42	-22.48	1490.71	4127.97
-9.42	-22.48	1489.84	4119.5
-9.42	-22.48	1488.97	4115.07
-9.42	-22.48	1488.1	4105.7
-9.42	-22.48	1487.23	4111.53
-9.42	-22.48	1486.35	4100.36
-9.42	-22.48	1485.48	4092.58
-9.42	-22.48	1484.61	4089.31
-9.42	-22.48	1483.74	4090.27
-9.42	-22.48	1482.87	4077.97
-9.42	-22.48	1481.99	4063.85
-9.42	-22.48	1481.12	4054.54
-9.42	-22.48	1480.25	4042.64
-9.42	-22.48	1479.38	4031.01
-9.42	-22.48	1478.5	4019.96
-9.42	-22.48	1477.63	4016.44
-9.42	-22.48	1476.76	4014.58
-9.42	-22.48	1475.88	4011.57
-9.42	-22.48	1475.01	4003.49
-9.42	-22.48	1474.14	3998.77
-9.42	-22.48	1473.26	3984.45
-9.42	-22.48	1472.39	3975.83
-9.42	-22.48	1471.51	3964.13
-9.42	-22.48	1470.64	3939.9
-9.42	-22.48	1469.77	3929.23
-9.42	-22.48	1468.89	3924.04
-9.42	-22.48	1468.02	3908.16
-9.42	-22.48	1467.14	3890.5
-9.42	-22.48	1466.27	3869.31
-9.42	-22.48	1465.39	3866.42
-9.42	-22.48	1464.52	3850.31
-9.42	-22.48	1463.64	3830.45
-9.42	-22.48	1462.77	3820.69
-9.42	-22.48	1461.89	3814.01
-9.42	-22.48	1461.01	3813.87
-9.42	-22.48	1460.14	3793.6
-9.42	-22.48	1459.26	3783.36
-9.42	-22.48	1458.39	3774.57
-9.42	-22.48	1457.51	3759.71
-9.42	-22.48	1456.63	3751.25
-9.42	-22.48	1455.76	3736.37
-9.42	-22.48	1454.88	3729.73
-9.42	-22.48	1454.0	3729.81
-9.42	-22.48	1453.12	3721.34
-9.42	-22.48	1452.25	3710.99
-9.42	-22.48	1451.37	3708.33
-9.42	-22.48	1450.49	3707.25
-9.42	-22.48	1449.61	3693.93
-9.42	-22.48	1448.74	3688.02
-9.42	-22.48	1447.86	3681.94
-9.42	-22.48	1446.98	3674.3
-9.42	-22.48	1446.1	3670.88
-9.42	-22.48	1445.22	3655.22
-9.42	-22.48	1444.34	3643.39
-9.42	-22.48	1443.46	3649.4
-9.42	-22.48	1442.58	3649.19
-9.42	-22.48	1441.71	3639.85
-9.42	-22.48	1440.83	3633.96
-9.42	-22.48	1439.95	3626.31
-9.42	-22.48	1439.07	3627.01
-9.42	-22.48	1438.19	3618.81
-9.42	-22.48	1437.31	3613.58
-9.42	-22.48	1436.43	3613.74
-9.42	-22.48	1435.55	3610.04
-9.42	-22.48	1434.67	3600.99
-9.42	-22.48	1433.79	3589.7
-9.42	-22.48	1432.9	3590.9
-9.42	-22.48	1432.02	3584.99
-9.42	-22.48	1431.14	3587.97
-9.42	-22.48	1430.26	3600.17
-9.42	-22.48	1429.38	3592.29
-9.42	-22.48	1428.5	3592.88
-9.42	-22.48	1427.62	3591.21
-9.42	-22.48	1426.74	3581.87
-9.42	-22.48	1425.85	3571.33
-9.42	-22.48	1424.97	3574.66
-9.42	-22.48	1424.09	3576.84
-9.42	-22.48	1423.21	3573.61
-9.42	-22.48	1422.32	3568.49
-9.42	-22.48	1421.44	3559.69
-9.42	-22.48	1420.56	3570.09
-9.42	-22.48	1419.67	3564.91
-9.42	-22.48	1418.79	3565.97
-9.42	-22.48	1417.91	3578.64
-9.42	-22.48	1417.02	3589.06
-9.42	-22.48	1416.14	3596.92
-9.42	-22.48	1415.26	3602.45
-9.42	-22.48	1414.37	3610.57
-9.42	-22.48	1413.49	3621.16
-9.42	-22.48	1412.6	3641.93
-9.42	-22.48	1411.72	3656.42
-9.42	-22.48	1410.84	3666.95
-9.42	-22.48	1409.95	3688.87
-9.42	-22.48	1409.07	3714.25
-9.42	-22.48	1408.18	3727.44
-9.42	-22.48	1407.3	3751.78
-9.42	-22.48	1406.41	3778.91
-9.42	-22.48	1405.52	3807.82
-9.42	-22.48	1404.64	3848.45
-9.42	-22.48	1403.75	3874.42
-9.42	-22.48	1402.87	3888.33
-9.42	-22.48	1401.98	3914.07
-9.42	-22.48	1401.09	3939.31
-9.42	-22.48	1400.21	3958.66
-9.42	-22.48	1399.32	3978.17
-9.42	-22.48	1398.43	4006.11
-9.42	-22.48	1397.55	4027.58
-9.42	-22.48	1396.66	4045.69
-9.42	-22.48	1395.77	4054.5
-9.42	-22.48	1394.89	4077.55
-9.42	-22.48	1394.0	4097.38
-9.42	-22.48	1393.11	4109.36
-9.42	-22.48	1392.22	4127.48
-9.42	-22.48	1391.34	4144.83
-9.42	-22.48	1390.45	4168.92
-9.42	-22.48	1389.56	4183.71
-9.42	-22.48	1388.67	4191.27
-9.42	-22.48	1387.78	4206.33
-9.42	-22.48	1386.89	4220.73
-9.42	-22.48	1386.0	4227.61
-9.42	-22.48	1385.11	4222.05
-9.42	-22.48	1384.23	4234.83
-9.42	-22.48	1383.34	4248.94
-9.42	-22.48	1382.45	4255.18
-9.42	-22.48	1381.56	4252.99
-9.42	-22.48	1380.67	4262.66
-9.42	-22.48	1379.78	4274.65
-9.42	-22.48	1378.89	4289.18
-9.42	-22.48	1378.0	4288.24
-9.42	-22.48	1377.11	4278.74
-9.42	-22.48	1376.22	4283.88
-9.42	-22.48	1375.32	4293.16
-9.42	-22.48	1374.43	4295.3
-9.42	-22.48	1373.54	4290.06
-9.42	-22.48	1372.65	4294.91
-9.42	-22.48	1371.76	4295.42
-9.42	-22.48	1370.87	4289.13
-9.42	-22.48	1369.98	4278.33
-9.42	-22.48	1369.08	4279.81
-9.42	-22.48	1368.19	4288.91
-9.42	-22.48	1367.3	4299.84
-9.42	-22.48	1366.41	4300.1
-9.42	-22.48	1365.52	4308.71
-9.42	-22.48	1364.62	4321.09
-9.42	-22.48	1363.73	4343.83
-9.42	-22.48	1362.84	4348.28
-9.42	-22.48	1361.94	4357.89
-9.42	-22.48	1361.05	4372.33
-9.42	-22.48	1360.16	4376.6
-9.42	-22.48	1359.26	4384.84
-9.42	-22.48	1358.37	4397.78
-9.42	-22.48	1357.48	4425.65
-9.42	-22.48	1356.58	4448.68
-9.42	-22.48	1355.69	4465.52
-9.42	-22.48	1354.79	4487.89
-9.42	-22.48	1353.9	4507.42
-9.42	-22.48	1353.0	4530.1
-9.42	-22.48	1352.11	4545.48
-9.42	-22.48	1351.21	4558.59
-9.42	-22.48	1350.32	4585.05
-9.42	-22.48	1349.42	4611.9
-9.42	-22.48	1348.53	4629.3
-9.42	-22.48	1347.63	4639.76
-9.42	-22.48	1346.74	4655.36
-9.42	-22.48	1345.84	4673.96
-9.42	-22.48	1344.94	4684.66
-9.42	-22.48	1344.05	4701.3
-9.42	-22.48	1343.15	4718.74
-9.42	-22.48	1342.26	4755.99
-9.42	-22.48	1341.36	4781.03
-9.42	-22.48	1340.46	4789.37
-9.42	-22.48	1339.56	4802.25
-9.42	-22.48	1338.67	4834.89
-9.42	-22.48	1337.77	4855.3
-9.42	-22.48	1336.87	4879.43
-9.42	-22.48	1335.97	4886.28
-9.42	-22.48	1335.08	4905.91
-9.42	-22.48	1334.18	4917.87
-9.42	-22.48	1333.28	4929.1
-9.42	-22.48	1332.38	4950.47
-9.42	-22.48	1331.48	4965.21
-9.42	-22.48	1330.59	4986.95
-9.42	-22.48	1329.69	4999.11
-9.42	-22.48	1328.79	5001.69
-9.42	-22.48	1327.89	5024.71
-9.42	-22.48	1326.99	5036.18
-9.42	-22.48	1326.09	5047.78
-9.42	-22.48	1325.19	5056.8
-9.42	-22.48	1324.29	5065.24
-9.42	-22.48	1323.39	5073.67
-9.42	-22.48	1322.49	5079.68
-9.42	-22.48	1321.59	5080.75
-9.42	-22.48	1320.69	5088.73
-9.42	-22.48	1319.79	5102.71
-9.42	-22.48	1318.89	5104.46
-9.42	-22.48	1317.99	5101.81
-9.42	-22.48	1317.09	5102.59
-9.42	-22.48	1316.19	5103.03
-9.42	-22.48	1315.29	5100.19
-9.42	-22.48	1314.38	5081.4
-9.42	-22.48	1313.48	5055.87
-9.42	-22.48	1312.58	5055.16
-9.42	-22.48	1311.68	5038.52
-9.42	-22.48	1310.78	5006.25
-9.42	-22.48	1309.87	4978.5
-9.42	-22.48	1308.97	4951.43
-9.42	-22.48	1308.07	4930.98
-9.42	-22.48	1307.17	4893.81
-9.42	-22.48	1306.26	4870.91
-9.42	-22.48	1305.36	4847.95
-9.42	-22.48	1304.46	4818.82
-9.42	-22.48	1303.55	4792.01
-9.42	-22.48	1302.65	4762.48
-9.42	-22.48	1301.75	4738.32
-9.42	-22.48	1300.84	4727.14
-9.42	-22.48	1299.94	4700.18
-9.42	-22.48	1299.03	4676.29
-9.42	-22.48	1298.13	4660.22
-9.42	-22.48	1297.23	4645.87
-9.42	-22.48	1296.32	4631.19
-9.42	-22.48	1295.42	4622.51
-9.42	-22.48	1294.51	4610.98
-9.42	-22.48	1293.61	4610.47
-9.42	-22.48	1292.7	4589.69
-9.42	-22.48	1291.8	4565.54
-9.42	-22.48	1290.89	4554.28
-9.42	-22.48	1289.98	4540.88
-9.42	-22.48	1289.08	4524.19
-9.42	-22.48	1288.17	4495.55
-9.42	-22.48	1287.27	4474.27
-9.42	-22.48	1286.36	4451.08
-9.42	-22.48	1285.45	4431.33
-9.42	-22.48	1284.55	4403.42
-9.42	-22.48	1283.64	4372.61
-9.42	-22.48	1282.73	4357.51
-9.42	-22.48	1281.83	4339.49
-9.42	-22.48	1280.92	4316.46
-9.42	-22.48	1280.01	4288.32
-9.42	-22.48	1279.1	4270.33
-9.42	-22.48	1278.2	4251.58
-9.42	-22.48	1277.29	4220.27
-9.42	-22.48	1276.38	4193.96
-9.42	-22.48	1275.47	4168.83
-9.42	-22.48	1274.56	4144.72
-9.42	-22.48	1273.65	4117.27
-9.42	-22.48	1272.75	4087.09
-9.42	-22.48	1271.84	4061.49
-9.42	-22.48	1270.93	4037.85
-9.42	-22.48	1270.02	4000.98
-9.42	-22.48	1269.11	3968.89
-9.42	-22.48	1268.2	3953.22
-9.42	-22.48	1267.29	3932.73
-9.42	-22.48	1266.38	3904.39
-9.42	-22.48	1265.47	3867.59
-9.42	-22.48	1264.56	3848.75
-9.42	-22.48	1263.65	3836.88
-9.42	-22.48	1262.74	3815.42
-9.42	-22.48	1261.83	3793.86
-9.42	-22.48	1260.92	3776.57
-9.42	-22.48	1260.01	3760.25
-9.42	-22.48	1259.1	3751.73
-9.42	-22.48	1258.18	3740.77
-9.42	-22.48	1257.27	3733.48
-9.42	-22.48	1256.36	3725.69
-9.42	-22.48	1255.45	3721.64
-9.42	-22.48	1254.54	3712.08
-9.42	-22.48	1253.62	3712.23
-9.42	-22.48	1252.71	3705.85
-9.42	-22.48	1251.8	3700.32
-9.42	-22.48	1250.89	3699.7
-9.42	-22.48	1249.97	3691.15
-9.42	-22.48	1249.06	3696.36
-9.42	-22.48	1248.15	3692.74
-9.42	-22.48	1247.24	3676.37
-9.42	-22.48	1246.32	3668.55
-9.42	-22.48	1245.41	3671.48
-9.42	-22.48	1244.49	3666.58
-9.42	-22.48	1243.58	3656.51
-9.42	-22.48	1242.67	3652.32
-9.42	-22.48	1241.75	3659.13
-9.42	-22.48	1240.84	3662.53
-9.42	-22.48	1239.92	3645.84
-9.42	-22.48	1239.01	3636.11
-9.42	-22.48	1238.09	3633.02
-9.42	-22.48	1237.18	3639.5
-9.42	-22.48	1236.26	3635.26
-9.42	-22.48	1235.35	3634.39
-9.42	-22.48	1234.43	3629.39
-9.42	-22.48	1233.52	3631.7
-9.42	-22.48	1232.6	3622.45
-9.42	-22.48	1231.69	3627.62
-9.42	-22.48	1230.77	3626.24
-9.42	-22.48	1229.85	3623.14
-9.42	-22.48	1228.94	3626.49
-9.42	-22.48	1228.02	3627.6
-9.42	-22.48	1227.1	3633.85
-9.42	-22.48	1226.19	3634.65
-9.42	-22.48	1225.27	3621.1
-9.42	-22.48	1224.35	3618.07
-9.42	-22.48	1223.43	3624.12
-9.42	-22.48	1222.52	3623.23
-9.42	-22.48	1221.6	3622.51
-9.42	-22.48	1220.68	3610.86
-9.42	-22.48	1219.76	3604.08
-9.42	-22.48	1218.84	3609.87
-9.42	-22.48	1217.93	3605.13
-9.42	-22.48	1217.01	3596.39
-9.42	-22.48	1216.09	3597.41
-9.42	-22.48	1215.17	3595.84
-9.42	-22.48	1214.25	3589.12
-9.42	-22.48	1213.33	3580.42
-9.42	-22.48	1212.41	3565.35
-9.42	-22.48	1211.49	3563.47
-9.42	-22.48	1210.57	3551.52
-9.42	-22.48	1209.65	3548.47
-9.42	-22.48	1208.73	3540.27
-9.42	-22.48	1207.81	3541.02
-9.42	-22.48	1206.89	3538.13
-9.42	-22.48	1205.97	3534.03
-9.42	-22.48	1205.05	3530.1
-9.42	-22.48	1204.13	3535.2
-9.42	-22.48	1203.21	3536.58
-9.42	-22.48	1202.29	3526.75
-9.42	-22.48	1201.37	3541.39
-9.42	-22.48	1200.45	3548.01
-9.42	-22.48	1199.52	3546.21
-9.42	-22.48	1198.6	3545.66
-9.42	-22.48	1197.68	3553.05
-9.42	-22.48	1196.76	3572.06
-9.42	-22.48	1195.84	3584.86
-9.42	-22.48	1194.91	3601.22
-9.42	-22.48	1193.99	3614.84
-9.42	-22.48	1193.07	3630.37
-9.42	-22.48	1192.14	3645.47
-9.42	-22.48	1191.22	3658.62
-9.42	-22.48	1190.3	3669.55
-9.42	-22.48	1189.37	3688.31
-9.42	-22.48	1188.45	3690.47
-9.42	-22.48	1187.53	3687.25
-9.42	-22.48	1186.6	3687.67
-9.42	-22.48	1185.68	3685.27
-9.42	-22.48	1184.76	3676.01
-9.42	-22.48	1183.83	3664.03
-9.42	-22.48	1182.91	3650.01
-9.42	-22.48	1181.98	3645.32
-9.42	-22.48	1181.06	3621.44
-9.42	-22.48	1180.13	3598.38
-9.42	-22.48	1179.21	3573.42
-9.42	-22.48	1178.28	3555.12
-9.42	-22.48	1177.36	3528.11
-9.42	-22.48	1176.43	3499.3
-9.42	-22.48	1175.5	3475.54
-9.42	-22.48	1174.58	3450.46
-9.42	-22.48	1173.65	3435.61
-9.42	-22.48	1172.72	3408.8
-9.42	-22.48	1171.8	3383.66
-9.42	-22.48	1170.87	3372.36
-9.42	-22.48	1169.94	3360.93
-9.42	-22.48	1169.02	3349.42
-9.42	-22.48	1168.09	3332.73
-9.42	-22.48	1167.16	3325.77
-9.42	-22.48	1166.24	3312.36
-9.42	-22.48	1165.31	3301.34
-9.42	-22.48	1164.38	3299.11
-9.42	-22.48	1163.45	3301.12
-9.42	-22.48	1162.52	3300.83
-9.42	-22.48	1161.6	3301.15
-9.42	-22.48	1160.67	3297.31
-9.42	-22.48	1159.74	3303.81
-9.42	-22.48	1158.81	3310.23
-9.42	-22.48	1157.88	3311.15
-9.42	-22.48	1156.95	3308.31
-9.42	-22.48	1156.02	3308.47
-9.42	-22.48	1155.09	3317.93
-9.42	-22.48	1154.16	3316.96
-9.42	-22.48	1153.23	3315.88
-9.42	-22.48	1152.3	3322.13
-9.42	-22.48	1151.37	3322.29
-9.42	-22.48	1150.44	3324.29
-9.42	-22.48	1149.51	3316.78
-9.42	-22.48	1148.58	3317.33
-9.42	-22.48	1147.65	3321.35
-9.42	-22.48	1146.72	3314.66
-9.42	-22.48	1145.79	3316.86
-9.42	-22.48	1144.86	3317.38
-9.42	-22.48	1143.92	3312.86
-9.42	-22.48	1142.99	3308.48
-9.42	-22.48	1142.06	3304.13
-9.42	-22.48	1141.13	3295.02
-9.42	-22.48	1140.2	3285.88
-9.42	-22.48	1139.26	3280.63
-9.42	-22.48	1138.33	3274.16
-9.42	-22.48	1137.4	3273.12
-9.42	-22.48	1136.47	3270.56
-9.42	-22.48	1135.53	3267.8
-9.42	-22.48	1134.6	3259.92
-9.42	-22.48	1133.67	3254.85
-9.42	-22.48	1132.73	3247.43
-9.42	-22.48	1131.8	3235.06
-9.42	-22.48	1130.87	3229.59
-9.42	-22.48	1129.93	3210.91
-9.42	-22.48	1129.0	3196.76
-9.42	-22.48	1128.06	3185.52
-9.42	-22.48	1127.13	3175.78
-9.42	-22.48	1126.19	3164.54
-9.42	-22.48	1125.26	3154.04
-9.42	-22.48	1124.32	3134.66
-9.42	-22.48	1123.39	3113.78
-9.42	-22.48	1122.45	3101.75
-9.42	-22.48	1121.52	3092.97
-9.42	-22.48	1120.58	3080.48
-9.42	-22.48	1119.65	3068.17
-9.42	-22.48	1118.71	3053.33
-9.42	-22.48	1117.78	3038.34
-9.42	-22.48	1116.84	3016.75
-9.42	-22.48	1115.9	3002.3
-9.42	-22.48	1114.97	2992.98
-9.42	-22.48	1114.03	2983.02
-9.42	-22.48	1113.09	2971.43
-9.42	-22.48	1112.15	2962.38
-9.42	-22.48	1111.22	2958.9
-9.42	-22.48	1110.28	2955.28
-9.42	-22.48	1109.34	2946.52
-9.42	-22.48	1108.4	2937.16
-9.42	-22.48	1107.47	2936.96
-9.42	-22.48	1106.53	2930.28
-9.42	-22.48	1105.59	2923.54
-9.42	-22.48	1104.65	2911.02
-9.42	-22.48	1103.71	2903.16
-9.42	-22.48	1102.77	2889.17
-9.42	-22.48	1101.83	2878.73
-9.42	-22.48	1100.9	2873.75
-9.42	-22.48	1099.96	2870.49
-9.42	-22.48	1099.02	2857.04
-9.42	-22.48	1098.08	2847.7
-9.42	-22.48	1097.14	2834.06
-9.42	-22.48	1096.2	2825.28
-9.42	-22.48	1095.26	2811.77
-9.42	-22.48	1094.32	2804.47
-9.42	-22.48	1093.38	2798.33
-9.42	-22.48	1092.44	2790.59
-9.42	-22.48	1091.49	2778.81
-9.42	-22.48	1090.55	2775.02
-9.42	-22.48	1089.61	2769.78
-9.42	-22.48	1088.67	2767.98
-9.42	-22.48	1087.73	2764.05
-9.42	-22.48	1086.79	2756.66
-9.42	-22.48	1085.85	2753.85
-9.42	-22.48	1084.9	2757.18
-9.42	-22.48	1083.96	2757.63
-9.42	-22.48	1083.02	2757.75
-9.42	-22.48	1082.08	2754.34
-9.42	-22.48	1081.13	2747.08
-9.42	-22.48	1080.19	2745.76
-9.42	-22.48	1079.25	2745.32
-9.42	-22.48	1078.31	2743.44
-9.42	-22.48	1077.36	2737.31
-9.42	-22.48	1076.42	2732.0
-9.42	-22.48	1075.48	2729.98
-9.42	-22.48	1074.53	2720.65
-9.42	-22.48	1073.59	2717.39
-9.42	-22.48	1072.64	2705.6
-9.42	-22.48	1071.7	2696.36
-9.42	-22.48	1070.75	2682.77
-9.42	-22.48	1069.81	2675.32
-9.42	-22.48	1068.86	2663.76
-9.42	-22.48	1067.92	2654.48
-9.42	-22.48	1066.97	2645.06
-9.42	-22.48	1066.03	2639.89
-9.42	-22.48	1065.08	2636.84
-9.42	-22.48	1064.14	2638.3
-9.42	-22.48	1063.19	2639.11
-9.42	-22.48	1062.25	2641.36
-9.42	-22.48	1061.3	2640.57
-9.42	-22.48	1060.35	2631.11
-9.42	-22.48	1059.41	2629.97
-9.42	-22.48	1058.46	2628.46
-9.42	-22.48	1057.51	2635.18
-9.42	-22.48	1056.57	2635.13
-9.42	-22.48	1055.62	2637.97
-9.42	-22.48	1054.67	2636.18
-9.42	-22.48	1053.72	2640.53
-9.42	-22.48	1052.78	2634.58
-9.42	-22.48	1051.83	2642.74
-9.42	-22.48	1050.88	2640.46
-9.42	-22.48	1049.93	2643.48
-9.42	-22.48	1048.98	2645.07
-9.42	-22.48	1048.03	2645.02
-9.42	-22.48	1047.09	2639.68
-9.42	-22.48	1046.14	2629.61
-9.42	-22.48	1045.19	2624.17
-9.42	-22.48	1044.24	2623.42
-9.42	-22.48	1043.29	2619.86
-9.42	-22.48	1042.34	2612.75
-9.42	-22.48	1041.39	2605.48
-9.42	-22.48	1040.44	2604.35
-9.42	-22.48	1039.49	2603.02
-9.42	-22.48	1038.54	2601.66
-9.42	-22.48	1037.59	2599.87
-9.42	-22.48	1036.64	2599.63
-9.42	-22.48	1035.69	2603.35
-9.42	-22.48	1034.74	2602.67
-9.42	-22.48	1033.79	2598.55
-9.42	-22.48	1032.83	2594.97
-9.42	-22.48	1031.88	2590.24
-9.42	-22.48	1030.93	2591.62
-9.42	-22.48	1029.98	2594.48
-9.42	-22.48	1029.03	2594.79
-9.42	-22.48	1028.07	2590.99
-9.42	-22.48	1027.12	2597.71
-9.42	-22.48	1026.17	2600.79
-9.42	-22.48	1025.22	2605.8
-9.42	-22.48	1024.26	2606.26
-9.42	-22.48	1023.31	2614.43
-9.42	-22.48	1022.36	2615.07
-9.42	-22.48	1021.4	2630.63
-9.42	-22.48	1020.45	2638.83
-9.42	-22.48	1019.5	2645.95
-9.42	-22.48	1018.54	2649.9
-9.42	-22.48	1017.59	2658.63
-9.42	-22.48	1016.64	2664.01
-9.42	-22.48	1015.68	2670.87
-9.42	-22.48	1014.73	2677.83
-9.42	-22.48	1013.77	2678.12
-9.42	-22.48	1012.82	2675.25
-9.42	-22.48	1011.86	2677.06
-9.42	-22.48	1010.91	2675.45
-9.42	-22.48	1009.95	2668.83
-9.42	-22.48	1009.0	2661.78
-9.42	-22.48	1008.04	2652.06
-9.42	-22.48	1007.08	2647.21
-9.42	-22.48	1006.13	2637.87
-9.42	-22.48	1005.17	2625.1
-9.42	-22.48	1004.22	2618.78
-9.42	-22.48	1003.26	2609.63
-9.42	-22.48	1002.3	2599.16
-9.42	-22.48	1001.34	2594.34
-9.42	-22.48	1000.39	2582.39
-9.42	-22.48	999.431	2575.81
-9.42	-22.48	998.4730000000001	2576.53
-9.42	-22.48	997.515	2569.39
-9.42	-22.48	996.558	2562.7
-9.42	-22.48	995.6	2561.85
-9.42	-22.48	994.6410000000001	2558.08
-9.42	-22.48	993.683	2560.19
-9.42	-22.48	992.725	2565.58
-9.42	-22.48	991.7660000000001	2564.92
-9.42	-22.48	990.807	2559.7
-9.42	-22.48	989.8480000000001	2555.13
-9.42	-22.48	988.8889999999999	2556.93
-9.42	-22.48	987.93	2551.27
-9.42	-22.48	986.97	2549.33
-9.42	-22.48	986.01	2548.84
-9.42	-22.48	985.05	2544.42
-9.42	-22.48	984.09	2541.9
-9.42	-22.48	983.13	2543.69
-9.42	-22.48	982.17	2540.07
-9.42	-22.48	981.209	2533.69
-9.42	-22.48	980.248	2527.23
-9.42	-22.48	979.288	2520.07
-9.42	-22.48	978.326	2512.11
-9.42	-22.48	977.365	2503.02
-9.42	-22.48	976.404	2495.05
-9.42	-22.48	975.442	2491.54
-9.42	-22.48	974.48	2486.31
-9.42	-22.48	973.518	2485.35
-9.42	-22.48	972.556	2483.73
-9.42	-22.48	971.5939999999999	2479.09
-9.42	-22.48	970.632	2474.51
-9.42	-22.48	969.669	2480.9
-9.42	-22.48	968.706	2477.55
-9.42	-22.48	967.743	2480.64
-9.42	-22.48	966.78	2486.96
-9.42	-22.48	965.817	2495.48
-9.42	-22.48	964.8530000000001	2500.2
-9.42	-22.48	963.8889999999999	2503.66
-9.42	-22.48	962.926	2510.09
-9.42	-22.48	961.961	2514.2
-9.42	-22.48	960.997	2520.13
-9.42	-22.48	960.033	2528.03
-9.42	-22.48	959.068	2534.69
-9.42	-22.48	958.1039999999999	2538.05
-9.42	-22.48	957.1389999999999	2547.07
-9.42	-22.48	956.174	2550.94
-9.42	-22.48	955.2080000000001	2549.43
-9.42	-22.48	954.243	2547.09
-9.42	-22.48	953.2769999999999	2543.77
-9.42	-22.48	952.312	2541.35
-9.42	-22.48	951.346	2534.86
-9.42	-22.48	950.38	2532.55
-9.42	-22.48	949.413	2519.4
-9.42	-22.48	948.447	2513.2
-9.42	-22.48	947.48	2505.04
-9.42	-22.48	946.513	2501.97
-9.42	-22.48	945.546	2497.13
-9.42	-22.48	944.579	2493.32
-9.42	-22.48	943.612	2490.8
-9.42	-22.48	942.6439999999999	2489.84
-9.42	-22.48	941.677	2490.78
-9.42	-22.48	940.709	2490.75
-9.42	-22.48	939.7410000000001	2489.89
-9.42	-22.48	938.773	2487.95
-9.42	-22.48	937.804	2494.25
-9.42	-22.48	936.836	2495.78
-9.42	-22.48	935.867	2486.9
-9.42	-22.48	934.898	2486.42
-9.42	-22.48	933.929	2489.88
-9.42	-22.48	932.96	2491.94
-9.42	-22.48	931.99	2487.44
-9.42	-22.48	931.0210000000001	2487.83
-9.42	-22.48	930.051	2490.44
-9.42	-22.48	929.081	2487.55
-9.42	-22.48	928.1110000000001	2485.86
-9.42	-22.48	927.1410000000001	2482.77
-9.42	-22.48	926.17	2483.14
-9.42	-22.48	925.199	2482.33
-9.42	-22.48	924.2289999999999	2484.67
-9.42	-22.48	923.258	2483.14
-9.42	-22.48	922.2860000000001	2481.1
-9.42	-22.48	921.315	2477.39
-9.42	-22.48	920.3439999999999	2470.38
-9.42	-22.48	919.372	2469.5
-9.42	-22.48	918.4	2469.11
-9.42	-22.48	917.428	2464.5
-9.42	-22.48	916.456	2464.77
-9.42	-22.48	915.4830000000001	2470.88
-9.42	-22.48	914.5110000000001	2470.83
-9.42	-22.48	913.538	2465.78
-9.42	-22.48	912.565	2463.68
-9.42	-22.48	911.592	2460.58
-9.42	-22.48	910.6189999999999	2467.69
-9.42	-22.48	909.645	2467.0
-9.42	-22.48	908.671	2467.2
-9.42	-22.48	907.698	2461.19
-9.42	-22.48	906.7239999999999	2458.98
-9.42	-22.48	905.75	2454.79
-9.42	-22.48	904.775	2448.0
-9.42	-22.48	903.801	2447.32
-9.42	-22.48	902.826	2444.44
-9.42	-22.48	901.8510000000001	2443.01
-9.42	-22.48	900.8760000000001	2444.79
-9.42	-22.48	899.9010000000001	2449.56
-9.42	-22.48	898.925	2446.2
-9.42	-22.48	897.95	2444.72
-9.42	-22.48	896.9739999999999	2453.2
-9.42	-22.48	895.998	2455.54
-9.42	-22.48	895.0219999999999	2459.86
-9.42	-22.48	894.046	2457.75
-9.42	-22.48	893.069	2466.28
-9.42	-22.48	892.0930000000001	2470.3
-9.42	-22.48	891.1160000000001	2471.71
-9.42	-22.48	890.1389999999999	2468.73
-9.42	-22.48	889.1619999999999	2475.03
-9.42	-22.48	888.184	2480.5
-9.42	-22.48	887.207	2490.5
-9.42	-22.48	886.2289999999999	2497.62
-9.42	-22.48	885.2510000000001	2500.22
-9.42	-22.48	884.273	2507.79
-9.42	-22.48	883.295	2514.31
-9.42	-22.48	882.317	2525.02
-9.42	-22.48	881.3380000000001	2532.32
-9.42	-22.48	880.3589999999999	2536.49
-9.42	-22.48	879.38	2531.4
-9.42	-22.48	878.4010000000001	2532.6
-9.42	-22.48	877.422	2536.88
-9.42	-22.48	876.442	2529.74
-9.42	-22.48	875.4630000000001	2525.85
-9.42	-22.48	874.4830000000001	2533.96
-9.42	-22.48	873.503	2536.45
-9.42	-22.48	872.523	2530.56
-9.42	-22.48	871.5419999999999	2526.19
-9.42	-22.48	870.562	2525.47
-9.42	-22.48	869.581	2522.7
-9.42	-22.48	868.6	2526.87
-9.42	-22.48	867.6189999999999	2525.47
-9.42	-22.48	866.638	2524.71
-9.42	-22.48	865.6569999999999	2529.3
-9.42	-22.48	864.675	2531.53
-9.42	-22.48	863.693	2536.79
-9.42	-22.48	862.711	2538.45
-9.42	-22.48	861.7289999999999	2533.45
-9.42	-22.48	860.747	2527.73
-9.42	-22.48	859.7639999999999	2533.02
-9.42	-22.48	858.7819999999999	2538.67
-9.42	-22.48	857.799	2541.23
-9.42	-22.48	856.816	2543.03
-9.42	-22.48	855.8330000000001	2550.23
-9.42	-22.48	854.8489999999999	2559.02
-9.42	-22.48	853.8660000000001	2558.84
-9.42	-22.48	852.882	2560.53
-9.42	-22.48	851.898	2561.23
-9.42	-22.48	850.914	2572.0
-9.42	-22.48	849.93	2564.19
-9.42	-22.48	848.945	2568.09
-9.42	-22.48	847.961	2572.4
-9.42	-22.48	846.9760000000001	2568.93
-9.42	-22.48	845.9910000000001	2570.93
-9.42	-22.48	845.0060000000001	2579.08
-9.42	-22.48	844.02	2580.62
-9.42	-22.48	843.035	2580.75
-9.42	-22.48	842.049	2580.25
-9.42	-22.48	841.063	2587.6
-9.42	-22.48	840.077	2596.05
-9.42	-22.48	839.091	2598.53
-9.42	-22.48	838.1039999999999	2597.54
-9.42	-22.48	837.118	2606.23
-9.42	-22.48	836.1310000000001	2609.44
-9.42	-22.48	835.1439999999999	2605.77
-9.42	-22.48	834.1569999999999	2602.61
-9.42	-22.48	833.17	2604.51
-9.42	-22.48	832.182	2601.69
-9.42	-22.48	831.195	2595.17
-9.42	-22.48	830.207	2594.91
-9.42	-22.48	829.2189999999999	2599.65
-9.42	-22.48	828.23	2594.82
-9.42	-22.48	827.242	2586.89
-9.42	-22.48	826.253	2588.32
-9.42	-22.48	825.265	2578.56
-9.42	-22.48	824.2760000000001	2575.62
-9.42	-22.48	823.2869999999999	2570.33
-9.42	-22.48	822.297	2573.66
-9.42	-22.48	821.308	2574.4
-9.42	-22.48	820.318	2564.57
-9.42	-22.48	819.328	2567.92
-9.42	-22.48	818.3380000000001	2573.37
-9.42	-22.48	817.3480000000001	2571.23
-9.42	-22.48	816.3580000000001	2575.34
-9.42	-22.48	815.367	2581.19
-9.42	-22.48	814.377	2579.94
-9.42	-22.48	813.3860000000001	2580.9
-9.42	-22.48	812.395	2574.74
-9.42	-22.48	811.403	2579.29
-9.42	-22.48	810.4119999999999	2577.48
-9.42	-22.48	809.42	2573.77
-9.42	-22.48	808.428	2568.28
-9.42	-22.48	807.436	2567.16
-9.42	-22.48	806.444	2566.49
-9.42	-22.48	805.452	2557.96
-9.42	-22.48	804.459	2550.37
-9.42	-22.48	803.467	2550.76
-9.42	-22.48	802.4739999999999	2544.0
-9.42	-22.48	801.4810000000001	2529.04
-9.42	-22.48	800.487	2522.32
-9.42	-22.48	799.4939999999999	2525.34
-9.42	-22.48	798.5	2521.87
-9.42	-22.48	797.507	2516.06
-9.42	-22.48	796.513	2520.86
-9.42	-22.48	795.518	2525.47
-9.42	-22.48	794.5239999999999	2532.33
-9.42	-22.48	793.529	2529.73
-9.42	-22.48	792.535	2539.87
-9.42	-22.48	791.54	2540.27
-9.42	-22.48	790.545	2542.23
-9.42	-22.48	789.55	2548.14
-9.42	-22.48	788.554	2556.05
-9.42	-22.48	787.559	2562.61
-9.42	-22.48	786.563	2562.18
-9.42	-22.48	785.567	2563.01
-9.42	-22.48	784.571	2561.27
-9.42	-22.48	783.574	2557.46
-9.42	-22.48	782.578	2550.01
-9.42	-22.48	781.581	2549.98
-9.42	-22.48	780.584	2547.74
-9.42	-22.48	779.587	2542.83
-9.42	-22.48	778.59	2535.88
-9.42	-22.48	777.592	2528.78
-9.42	-22.48	776.595	2516.97
-9.42	-22.48	775.597	2504.61
-9.42	-22.48	774.5989999999999	2496.97
-9.42	-22.48	773.6010000000001	2495.7
-9.42	-22.48	772.602	2486.74
-9.42	-22.48	771.6039999999999	2480.05
-9.42	-22.48	770.605	2490.81
-9.42	-22.48	769.6060000000001	2499.71
-9.42	-22.48	768.607	2503.18
-9.42	-22.48	767.6080000000001	2501.03
-9.42	-22.48	766.6089999999999	2511.34
-9.42	-22.48	765.6089999999999	2521.96
-9.42	-22.48	764.6089999999999	2523.68
-9.42	-22.48	763.6089999999999	2529.92
-9.42	-22.48	762.6089999999999	2538.87
-9.42	-22.48	761.6089999999999	2538.83
-9.42	-22.48	760.6080000000001	2543.82
-9.42	-22.48	759.607	2547.08
-9.42	-22.48	758.607	2559.14
-9.42	-22.48	757.605	2561.27
-9.42	-22.48	756.6039999999999	2554.3
-9.42	-22.48	755.6030000000001	2557.15
-9.42	-22.48	754.6010000000001	2565.05
-9.42	-22.48	753.5989999999999	2562.48
-9.42	-22.48	752.597	2561.49
-9.42	-22.48	751.595	2568.49
-9.42	-22.48	750.5930000000001	2567.1
-9.42	-22.48	749.59	2566.66
-9.42	-22.48	748.587	2571.57
-9.42	-22.48	747.585	2572.18
-9.42	-22.48	746.581	2575.22
-9.42	-22.48	745.578	2574.97
-9.42	-22.48	744.575	2573.61
-9.42	-22.48	743.571	2577.36
-9.42	-22.48	742.567	2582.16
-9.42	-22.48	741.563	2588.76
-9.42	-22.48	740.559	2597.76
-9.42	-22.48	739.555	2596.1
-9.42	-22.48	738.55	2599.72
-9.42	-22.48	737.545	2597.88
-9.42	-22.48	736.54	2605.91
-9.42	-22.48	735.535	2613.22
-9.42	-22.48	734.53	2611.0
-9.42	-22.48	733.525	2613.38
-9.42	-22.48	732.5189999999999	2609.63
-9.42	-22.48	731.513	2606.98
-9.42	-22.48	730.507	2600.94
-9.42	-22.48	729.5010000000001	2598.3
-9.42	-22.48	728.4939999999999	2600.35
-9.42	-22.48	727.488	2589.02
-9.42	-22.48	726.4810000000001	2579.61
-9.42	-22.48	725.4739999999999	2575.39
-9.42	-22.48	724.467	2572.69
-9.42	-22.48	723.46	2562.89
-9.42	-22.48	722.452	2560.67
-9.42	-22.48	721.444	2567.52
-9.42	-22.48	720.436	2565.49
-9.42	-22.48	719.428	2566.78
-9.42	-22.48	718.42	2568.04
-9.42	-22.48	717.4119999999999	2571.98
-9.42	-22.48	716.403	2578.14
-9.42	-22.48	715.3939999999999	2579.36
-9.42	-22.48	714.385	2581.96
-9.42	-22.48	713.3760000000001	2588.74
-9.42	-22.48	712.367	2594.1
-9.42	-22.48	711.357	2598.7
-9.42	-22.48	710.347	2602.25
-9.42	-22.48	709.3380000000001	2604.58
-9.42	-22.48	708.327	2607.71
-9.42	-22.48	707.317	2608.0
-9.42	-22.48	706.307	2618.57
-9.42	-22.48	705.296	2618.41
-9.42	-22.48	704.285	2610.79
-9.42	-22.48	703.2739999999999	2614.25
-9.42	-22.48	702.263	2617.63
-9.42	-22.48	701.252	2617.06
-9.42	-22.48	700.24	2612.11
-9.42	-22.48	699.2280000000001	2615.05
-9.42	-22.48	698.216	2613.16
-9.42	-22.48	697.204	2605.94
-9.42	-22.48	696.192	2602.72
-9.42	-22.48	695.179	2609.91
-9.42	-22.48	694.1669999999999	2611.67
-9.42	-22.48	693.154	2619.4
-9.42	-22.48	692.1410000000001	2629.82
-9.42	-22.48	691.127	2639.56
-9.42	-22.48	690.1139999999999	2641.95
-9.42	-22.48	689.1	2650.03
-9.42	-22.48	688.086	2664.21
-9.42	-22.48	687.072	2679.48
-9.42	-22.48	686.058	2681.93
-9.42	-22.48	685.044	2683.57
-9.42	-22.48	684.029	2688.27
-9.42	-22.48	683.015	2690.75
-9.42	-22.48	682.0	2688.44
-9.42	-22.48	680.985	2689.29
-9.42	-22.48	679.9689999999999	2680.83
-9.42	-22.48	678.954	2676.82
-9.42	-22.48	677.938	2673.28
-9.42	-22.48	676.922	2666.97
-9.42	-22.48	675.9060000000001	2658.55
-9.42	-22.48	674.89	2642.49
-9.42	-22.48	673.8739999999999	2632.24
-9.42	-22.48	672.857	2633.21
-9.42	-22.48	671.84	2620.17
-9.42	-22.48	670.823	2609.66
-9.42	-22.48	669.806	2604.12
-9.42	-22.48	668.789	2607.17
-9.42	-22.48	667.7710000000001	2599.06
-9.42	-22.48	666.753	2601.18
-9.42	-22.48	665.735	2610.79
-9.42	-22.48	664.717	2619.19
-9.42	-22.48	663.699	2615.83
-9.42	-22.48	662.68	2631.23
-9.42	-22.48	661.6619999999999	2645.51
-9.42	-22.48	660.643	2651.99
-9.42	-22.48	659.6239999999999	2662.2
-9.42	-22.48	658.605	2672.84
-9.42	-22.48	657.585	2680.51
-9.42	-22.48	656.566	2687.46
-9.42	-22.48	655.546	2692.87
-9.42	-22.48	654.526	2701.29
-9.42	-22.48	653.506	2710.89
-9.42	-22.48	652.485	2712.8
-9.42	-22.48	651.465	2717.39
-9.42	-22.48	650.444	2724.67
-9.42	-22.48	649.423	2719.82
-9.42	-22.48	648.4019999999999	2724.71
-9.42	-22.48	647.381	2731.37
-9.42	-22.48	646.359	2728.09
-9.42	-22.48	645.3380000000001	2722.77
-9.42	-22.48	644.316	2719.02
-9.42	-22.48	643.294	2716.8
-9.42	-22.48	642.271	2713.0
-9.42	-22.48	641.249	2704.04
-9.42	-22.48	640.226	2708.91
-9.42	-22.48	639.2040000000001	2706.91
-9.42	-22.48	638.181	2703.76
-9.42	-22.48	637.1569999999999	2699.8
-9.42	-22.48	636.134	2706.12
-9.42	-22.48	635.11	2703.26
-9.42	-22.48	634.087	2689.0
-9.42	-22.48	633.063	2680.79
-9.42	-22.48	632.039	2687.44
-9.42	-22.48	631.014	2677.17
-9.42	-22.48	629.99	2663.13
-9.42	-22.48	628.965	2654.47
-9.42	-22.48	627.94	2636.35
-9.42	-22.48	626.915	2625.23
-9.42	-22.48	625.89	2613.05
-9.42	-22.48	624.864	2608.07
-9.42	-22.48	623.839	2599.02
-9.42	-22.48	622.813	2595.55
-9.42	-22.48	621.7869999999999	2589.71
-9.42	-22.48	620.761	2591.53
-9.42	-22.48	619.734	2590.71
-9.42	-22.48	618.7080000000001	2589.45
-9.42	-22.48	617.681	2592.99
-9.42	-22.48	616.654	2594.94
-9.42	-22.48	615.627	2582.97
-9.42	-22.48	614.599	2581.29
-9.42	-22.48	613.572	2581.0
-9.42	-22.48	612.544	2578.21
-9.42	-22.48	611.516	2573.02
-9.42	-22.48	610.488	2573.57
-9.42	-22.48	609.46	2576.35
-9.42	-22.48	608.431	2568.28
-9.42	-22.48	607.403	2558.39
-9.42	-22.48	606.374	2561.79
-9.42	-22.48	605.345	2556.34
-9.42	-22.48	604.316	2539.6
-9.42	-22.48	603.286	2531.63
-9.42	-22.48	602.257	2529.68
-9.42	-22.48	601.227	2521.53
-9.42	-22.48	600.197	2512.26
-9.42	-22.48	599.1669999999999	2508.38
-9.42	-22.48	598.136	2510.77
-9.42	-22.48	597.106	2507.31
-9.42	-22.48	596.075	2513.15
-9.42	-22.48	595.044	2522.49
-9.42	-22.48	594.013	2532.51
-9.42	-22.48	592.981	2541.44
-9.42	-22.48	591.95	2560.44
-9.42	-22.48	590.918	2569.97
-9.42	-22.48	589.886	2580.3
-9.42	-22.48	588.854	2585.01
-9.42	-22.48	587.822	2592.83
-9.42	-22.48	586.789	2592.53
-9.42	-22.48	585.757	2594.38
-9.42	-22.48	584.724	2597.16
-9.42	-22.48	583.691	2603.06
-9.42	-22.48	582.6569999999999	2603.28
-9.42	-22.48	581.624	2601.28
-9.42	-22.48	580.59	2598.69
-9.42	-22.48	579.557	2601.82
-9.42	-22.48	578.523	2589.47
-9.42	-22.48	577.488	2581.34
-9.42	-22.48	576.4540000000001	2578.71
-9.42	-22.48	575.419	2575.84
-9.42	-22.48	574.385	2561.08
-9.42	-22.48	573.35	2549.16
-9.42	-22.48	572.314	2543.76
-9.42	-22.48	571.279	2535.38
-9.42	-22.48	570.244	2531.93
-9.42	-22.48	569.2080000000001	2536.95
-9.42	-22.48	568.172	2536.67
-9.42	-22.48	567.136	2538.94
-9.42	-22.48	566.099	2535.77
-9.42	-22.48	565.063	2547.02
-9.42	-22.48	564.026	2552.88
-9.42	-22.48	562.989	2546.02
-9.42	-22.48	561.952	2549.4
-9.42	-22.48	560.915	2550.05
-9.42	-22.48	559.877	2543.02
-9.42	-22.48	558.84	2538.28
-9.42	-22.48	557.802	2540.73
-9.42	-22.48	556.764	2542.03
-9.42	-22.48	555.726	2539.65
-9.42	-22.48	554.687	2542.6
-9.42	-22.48	553.649	2545.84
-9.42	-22.48	552.61	2544.84
-9.42	-22.48	551.571	2543.65
-9.42	-22.48	550.5319999999999	2544.44
-9.42	-22.48	549.492	2550.3
-9.42	-22.48	548.453	2554.05
-9.42	-22.48	547.413	2549.91
-9.42	-22.48	546.373	2557.69
-9.42	-22.48	545.3330000000001	2561.99
-9.42	-22.48	544.2919999999999	2563.68
-9.42	-22.48	543.252	2570.93
-9.42	-22.48	542.211	2578.65
-9.42	-22.48	541.17	2583.38
-9.42	-22.48	540.129	2593.14
-9.42	-22.48	539.0880000000001	2607.42
-9.42	-22.48	538.0459999999999	2611.94
-9.42	-22.48	537.004	2617.0
-9.42	-22.48	535.962	2624.32
-9.42	-22.48	534.92	2635.77
-9.42	-22.48	533.878	2644.84
-9.42	-22.48	532.836	2645.02
-9.42	-22.48	531.793	2647.22
-9.42	-22.48	530.75	2656.07
-9.42	-22.48	529.707	2653.15
-9.42	-22.48	528.664	2657.29
-9.42	-22.48	527.62	2656.55
-9.42	-22.48	526.577	2654.85
-9.42	-22.48	525.533	2651.42
-9.42	-22.48	524.489	2650.39
-9.42	-22.48	523.445	2643.03
-9.42	-22.48	522.4	2633.19
-9.42	-22.48	521.355	2624.09
-9.42	-22.48	520.311	2619.17
-9.42	-22.48	519.266	2611.77
-9.42	-22.48	518.22	2611.4
-9.42	-22.48	517.175	2607.49
-9.42	-22.48	516.129	2609.05
-9.42	-22.48	515.0840000000001	2612.03
-9.42	-22.48	514.038	2619.09
-9.42	-22.48	512.992	2625.94
-9.42	-22.48	511.945	2629.84
-9.42	-22.48	510.899	2628.25
-9.42	-22.48	509.852	2635.96
-9.42	-22.48	508.805	2643.93
-9.42	-22.48	507.75800000000004	2650.36
-9.42	-22.48	506.71	2652.1
-9.42	-22.48	505.663	2670.05
-9.42	-22.48	504.615	2682.05
-9.42	-22.48	503.56699999999995	2703.05
-9.42	-22.48	502.519	2716.64
-9.42	-22.48	501.471	2736.64
-9.42	-22.48	500.42199999999997	2748.51
-9.42	-22.48	499.374	2760.07
-9.42	-22.48	498.325	2768.39
-9.42	-22.48	497.276	2777.12
-9.42	-22.48	496.226	2778.41
-9.42	-22.48	495.17699999999996	2785.31
-9.42	-22.48	494.12699999999995	2794.55
-9.42	-22.48	493.077	2797.82
-9.42	-22.48	492.027	2791.92
-9.42	-22.48	490.977	2790.8
-9.42	-22.48	489.926	2789.85
-9.42	-22.48	488.876	2784.8
-9.42	-22.48	487.825	2780.15
-9.42	-22.48	486.774	2782.89
-9.42	-22.48	485.723	2786.43
-9.42	-22.48	484.671	2786.98
-9.42	-22.48	483.619	2789.31
-9.42	-22.48	482.56800000000004	2792.36
-9.42	-22.48	481.51599999999996	2791.81
-9.42	-22.48	480.463	2795.47
-9.42	-22.48	479.411	2805.32
-9.42	-22.48	478.358	2822.29
-9.42	-22.48	477.305	2833.63
-9.42	-22.48	476.25199999999995	2857.61
-9.42	-22.48	475.199	2883.84
-9.42	-22.48	474.14599999999996	2914.71
-9.42	-22.48	473.092	2942.83
-9.42	-22.48	472.038	2972.1
-9.42	-22.48	470.98400000000004	2997.14
-9.42	-22.48	469.93	3016.88
-9.42	-22.48	468.876	3036.86
-9.42	-22.48	467.82099999999997	3055.41
-9.42	-22.48	466.76599999999996	3060.66
-9.42	-22.48	465.711	3070.87
-9.42	-22.48	464.656	3078.14
-9.42	-22.48	463.601	3079.45
-9.42	-22.48	462.545	3077.08
-9.42	-22.48	461.49	3070.52
-9.42	-22.48	460.434	3058.11
-9.42	-22.48	459.37699999999995	3039.67
-9.42	-22.48	458.32099999999997	3027.6
-9.42	-22.48	457.264	3010.53
-9.42	-22.48	456.208	2992.56
-9.42	-22.48	455.151	2977.07
-9.42	-22.48	454.094	2963.94
-9.42	-22.48	453.036	2941.99
-9.42	-22.48	451.97900000000004	2921.4
-9.42	-22.48	450.921	2905.89
-9.42	-22.48	449.86300000000006	2896.4
-9.42	-22.48	448.805	2887.48
-9.42	-22.48	447.74699999999996	2874.98
-9.42	-22.48	446.68800000000005	2868.57
-9.42	-22.48	445.629	2860.18
-9.42	-22.48	444.57	2857.59
-9.42	-22.48	443.51099999999997	2851.79
-9.42	-22.48	442.452	2850.06
-9.42	-22.48	441.392	2847.55
-9.42	-22.48	440.333	2840.45
-9.42	-22.48	439.273	2837.5
-9.42	-22.48	438.213	2833.58
-9.42	-22.48	437.152	2831.51
-9.42	-22.48	436.092	2817.93
-9.42	-22.48	435.031	2811.64
-9.42	-22.48	433.97	2806.64
-9.42	-22.48	432.909	2798.12
-9.42	-22.48	431.848	2795.46
-9.42	-22.48	430.786	2789.88
-9.42	-22.48	429.724	2778.28
-9.42	-22.48	428.663	2775.43
-9.42	-22.48	427.6	2774.63
-9.42	-22.48	426.538	2781.85
-9.42	-22.48	425.476	2776.13
-9.42	-22.48	424.413	2781.26
-9.42	-22.48	423.35	2786.15
-9.42	-22.48	422.287	2784.07
-9.42	-22.48	421.224	2786.33
-9.42	-22.48	420.16	2794.93
-9.42	-22.48	419.096	2802.11
-9.42	-22.48	418.033	2806.02
-9.42	-22.48	416.968	2806.94
-9.42	-22.48	415.904	2815.19
-9.42	-22.48	414.84	2822.86
-9.42	-22.48	413.775	2831.46
-9.42	-22.48	412.71	2839.74
-9.42	-22.48	411.645	2854.88
-9.42	-22.48	410.58	2863.56
-9.42	-22.48	409.514	2873.69
-9.42	-22.48	408.44800000000004	2883.93
-9.42	-22.48	407.38300000000004	2893.52
-9.42	-22.48	406.316	2897.76
-9.42	-22.48	405.25	2901.69
-9.42	-22.48	404.184	2906.55
-9.42	-22.48	403.11699999999996	2911.87
-9.42	-22.48	402.05	2913.93
-9.42	-22.48	400.983	2919.7
-9.42	-22.48	399.916	2909.34
-9.42	-22.48	398.848	2905.0
-9.42	-22.48	397.781	2905.46
-9.42	-22.48	396.713	2909.7
-9.42	-22.48	395.645	2905.39
-9.42	-22.48	394.57599999999996	2905.87
-9.42	-22.48	393.50800000000004	2904.52
-9.42	-22.48	392.439	2903.81
-9.42	-22.48	391.37	2899.83
-9.42	-22.48	390.301	2898.24
-9.42	-22.48	389.23199999999997	2900.58
-9.42	-22.48	388.162	2902.88
-9.42	-22.48	387.093	2905.93
-9.42	-22.48	386.023	2910.1
-9.42	-22.48	384.95300000000003	2911.45
-9.42	-22.48	383.88199999999995	2914.88
-9.42	-22.48	382.81199999999995	2917.64
-9.42	-22.48	381.741	2923.38
-9.42	-22.48	380.67	2926.7
-9.42	-22.48	379.599	2932.09
-9.42	-22.48	378.528	2932.68
-9.42	-22.48	377.45599999999996	2933.72
-9.42	-22.48	376.384	2940.57
-9.42	-22.48	375.31300000000005	2946.29
-9.42	-22.48	374.24	2948.08
-9.42	-22.48	373.168	2955.56
-9.42	-22.48	372.096	2958.46
-9.42	-22.48	371.023	2956.86
-9.42	-22.48	369.95	2956.06
-9.42	-22.48	368.87699999999995	2957.55
-9.42	-22.48	367.80400000000003	2957.27
-9.42	-22.48	366.73	2962.27
-9.42	-22.48	365.656	2964.27
-9.42	-22.48	364.582	2963.25
-9.42	-22.48	363.50800000000004	2965.0
-9.42	-22.48	362.434	2966.37
-9.42	-22.48	361.35900000000004	2963.21
-9.42	-22.48	360.285	2958.65
-9.42	-22.48	359.21	2961.0
-9.42	-22.48	358.135	2959.32
-9.42	-22.48	357.059	2961.52
-9.42	-22.48	355.98400000000004	2966.0
-9.42	-22.48	354.908	2968.42
-9.42	-22.48	353.832	2963.33
-9.42	-22.48	352.756	2961.25
-9.42	-22.48	351.67900000000003	2964.13
-9.42	-22.48	350.603	2965.72
-9.42	-22.48	349.526	2964.59
-9.42	-22.48	348.449	2960.05
-9.42	-22.48	347.37199999999996	2951.38
-9.42	-22.48	346.295	2955.77
-9.42	-22.48	345.217	2948.62
-9.42	-22.48	344.139	2954.7
-9.42	-22.48	343.061	2953.26
-9.42	-22.48	341.983	2948.59
-9.42	-22.48	340.905	2944.99
-9.42	-22.48	339.82599999999996	2941.75
-9.42	-22.48	338.74699999999996	2942.62
-9.42	-22.48	337.668	2945.71
-9.42	-22.48	336.589	2949.79
-9.42	-22.48	335.51	2952.93
-9.42	-22.48	334.43	2949.77
-9.42	-22.48	333.35	2964.3
-9.42	-22.48	332.27	2966.3
-9.42	-22.48	331.19	2971.87
-9.42	-22.48	330.11	2974.82
-9.42	-22.48	329.029	2985.2
-9.42	-22.48	327.94800000000004	3002.39
-9.42	-22.48	326.867	3023.9
-9.42	-22.48	325.786	3041.59
-9.42	-22.48	324.705	3068.01
-9.42	-22.48	323.623	3090.07
-9.42	-22.48	322.541	3108.48
-9.42	-22.48	321.459	3130.1
-9.42	-22.48	320.377	3158.81
-9.42	-22.48	319.29400000000004	3184.37
-9.42	-22.48	318.212	3200.92
-9.42	-22.48	317.129	3216.38
-9.42	-22.48	316.046	3238.38
-9.42	-22.48	314.962	3258.91
-9.42	-22.48	313.879	3281.57
-9.42	-22.48	312.795	3293.62
-9.42	-22.48	311.711	3314.89
-9.42	-22.48	310.627	3328.52
-9.42	-22.48	309.543	3346.9
-9.42	-22.48	308.45799999999997	3365.68
-9.42	-22.48	307.374	3384.72
-9.42	-22.48	306.289	3405.5
-9.42	-22.48	305.204	3424.35
-9.42	-22.48	304.118	3435.57
-9.42	-22.48	303.033	3455.06
-9.42	-22.48	301.947	3469.58
-9.42	-22.48	300.861	3491.03
-9.42	-22.48	299.775	3503.27
-9.42	-22.48	298.689	3525.22
-9.42	-22.48	297.60200000000003	3548.47
-9.42	-22.48	296.515	3566.59
-9.42	-22.48	295.428	3590.11
-9.42	-22.48	294.341	3611.18
-9.42	-22.48	293.254	3633.69
-9.42	-22.48	292.166	3658.24
-9.42	-22.48	291.079	3679.22
-9.42	-22.48	289.991	3699.44
-9.42	-22.48	288.902	3717.4
-9.42	-22.48	287.814	3730.71
-9.42	-22.48	286.725	3742.6
-9.42	-22.48	285.637	3749.42
-9.42	-22.48	284.547	3759.78
-9.42	-22.48	283.45799999999997	3772.72
-9.42	-22.48	282.369	3778.56
-9.42	-22.48	281.279	3782.63
-9.42	-22.48	280.189	3782.25
-9.42	-22.48	279.099	3787.07
-9.42	-22.48	278.009	3790.01
-9.42	-22.48	276.91900000000004	3794.0
-9.42	-22.48	275.828	3793.86
-9.42	-22.48	274.737	3791.48
-9.42	-22.48	273.64599999999996	3786.01
-9.42	-22.48	272.555	3782.87
-9.42	-22.48	271.46299999999997	3775.71
-9.42	-22.48	270.371	3774.64
-9.42	-22.48	269.28	3772.59
-9.42	-22.48	268.187	3775.61
-9.42	-22.48	267.095	3772.34
-9.42	-22.48	266.003	3768.36
-9.42	-22.48	264.91	3766.37
-9.42	-22.48	263.817	3767.1
-9.42	-22.48	262.724	3772.33
-9.42	-22.48	261.63	3778.59
-9.42	-22.48	260.53700000000003	3786.23
-9.42	-22.48	259.443	3791.58
-9.42	-22.48	258.349	3792.11
-9.42	-22.48	257.255	3797.94
-9.42	-22.48	256.16	3790.62
-9.42	-22.48	255.06599999999997	3792.94
-9.42	-22.48	253.97099999999998	3794.52
-9.42	-22.48	252.87599999999998	3796.37
-9.42	-22.48	251.78099999999998	3799.83
-9.42	-22.48	250.685	3803.16
-9.42	-22.48	249.59	3803.11
-9.42	-22.48	248.49400000000003	3802.36
-9.42	-22.48	247.398	3802.36
-9.42	-22.48	246.30200000000002	3809.97
-9.42	-22.48	245.205	3808.06
-9.42	-22.48	244.108	3809.07
-9.42	-22.48	243.012	3809.73
-9.42	-22.48	241.91400000000002	3809.8
-9.42	-22.48	240.817	3798.66
-9.42	-22.48	239.72	3798.61
-9.42	-22.48	238.622	3793.04
-9.42	-22.48	237.524	3786.37
-9.42	-22.48	236.426	3782.07
-9.42	-22.48	235.328	3783.26
-9.42	-22.48	234.229	3777.92
-9.42	-22.48	233.13	3773.06
-9.42	-22.48	232.03099999999998	3780.05
-9.42	-22.48	230.93200000000002	3778.95
-9.42	-22.48	229.833	3773.64
-9.42	-22.48	228.733	3774.3
-9.42	-22.48	227.63299999999998	3770.28
-9.42	-22.48	226.533	3772.56
-9.42	-22.48	225.433	3761.34
-9.42	-22.48	224.333	3764.09
-9.42	-22.48	223.232	3757.7
-9.42	-22.48	222.13099999999997	3759.85
-9.42	-22.48	221.03	3754.65
-9.42	-22.48	219.929	3756.35
-9.42	-22.48	218.827	3752.04
-9.42	-22.48	217.726	3745.26
-9.42	-22.48	216.62400000000002	3745.16
-9.42	-22.48	215.52200000000002	3747.95
-9.42	-22.48	214.419	3747.89
-9.42	-22.48	213.317	3750.65
-9.42	-22.48	212.21400000000003	3750.3
-9.42	-22.48	211.111	3754.51
-9.42	-22.48	210.00799999999998	3755.41
-9.42	-22.48	208.905	3756.23
-9.42	-22.48	207.801	3751.75
-9.42	-22.48	206.697	3757.8
-9.42	-22.48	205.593	3761.09
-9.42	-22.48	204.489	3765.51
-9.42	-22.48	203.385	3772.17
-9.42	-22.48	202.28	3781.01
-9.42	-22.48	201.175	3784.38
-9.42	-22.48	200.07	3788.03
