-9.42	-20.48	1999.92	1410.13
-9.42	-20.48	1999.14	1412.24
-9.42	-20.48	1998.35	1412.61
-9.42	-20.48	1997.57	1418.26
-9.42	-20.48	1996.78	1425.96
-9.42	-20.48	1996.0	1429.64
-9.42	-20.48	1995.21	1432.62
-9.42	-20.48	1994.42	1436.4
-9.42	-20.48	1993.64	1439.43
-9.42	-20.48	1992.85	1440.86
-9.42	-20.48	1992.07	1446.08
-9.42	-20.48	1991.28	1449.19
-9.42	-20.48	1990.5	1452.06
-9.42	-20.48	1989.71	1457.83
-9.42	-20.48	1988.92	1459.96
-9.42	-20.48	1988.14	1464.98
-9.42	-20.48	1987.35	1467.72
-9.42	-20.48	1986.56	1471.17
-9.42	-20.48	1985.78	1477.63
-9.42	-20.48	1984.99	1481.04
-9.42	-20.48	1984.2	1473.68
-9.42	-20.48	1983.42	1470.35
-9.42	-20.48	1982.63	1469.81
-9.42	-20.48	1981.84	1468.4
-9.42	-20.48	1981.05	1472.09
-9.42	-20.48	1980.27	1471.36
-9.42	-20.48	1979.48	1471.39
-9.42	-20.48	1978.69	1472.14
-9.42	-20.48	1977.9	1470.1
-9.42	-20.48	1977.11	1468.92
-9.42	-20.48	1976.33	1471.31
-9.42	-20.48	1975.54	1472.49
-9.42	-20.48	1974.75	1474.06
-9.42	-20.48	1973.96	1482.41
-9.42	-20.48	1973.17	1480.87
-9.42	-20.48	1972.38	1476.88
-9.42	-20.48	1971.59	1476.9
-9.42	-20.48	1970.8	1478.15
-9.42	-20.48	1970.01	1476.67
-9.42	-20.48	1969.22	1479.05
-9.42	-20.48	1968.43	1484.23
-9.42	-20.48	1967.64	1483.6
-9.42	-20.48	1966.85	1486.29
-9.42	-20.48	1966.06	1487.73
-9.42	-20.48	1965.27	1491.11
-9.42	-20.48	1964.48	1493.71
-9.42	-20.48	1963.69	1495.32
-9.42	-20.48	1962.9	1497.28
-9.42	-20.48	1962.11	1500.46
-9.42	-20.48	1961.32	1498.42
-9.42	-20.48	1960.53	1497.93
-9.42	-20.48	1959.74	1505.1
-9.42	-20.48	1958.95	1505.77
-9.42	-20.48	1958.16	1510.71
-9.42	-20.48	1957.37	1511.65
-9.42	-20.48	1956.57	1515.48
-9.42	-20.48	1955.78	1520.63
-9.42	-20.48	1954.99	1522.35
-9.42	-20.48	1954.2	1524.44
-9.42	-20.48	1953.41	1523.82
-9.42	-20.48	1952.61	1533.68
-9.42	-20.48	1951.82	1537.88
-9.42	-20.48	1951.03	1540.14
-9.42	-20.48	1950.24	1543.48
-9.42	-20.48	1949.44	1543.81
-9.42	-20.48	1948.65	1548.23
-9.42	-20.48	1947.86	1543.9
-9.42	-20.48	1947.06	1541.81
-9.42	-20.48	1946.27	1545.1
-9.42	-20.48	1945.48	1549.28
-9.42	-20.48	1944.68	1553.0
-9.42	-20.48	1943.89	1554.67
-9.42	-20.48	1943.1	1558.4
-9.42	-20.48	1942.3	1559.0
-9.42	-20.48	1941.51	1562.96
-9.42	-20.48	1940.71	1565.5
-9.42	-20.48	1939.92	1571.71
-9.42	-20.48	1939.12	1573.25
-9.42	-20.48	1938.33	1571.61
-9.42	-20.48	1937.53	1574.56
-9.42	-20.48	1936.74	1577.12
-9.42	-20.48	1935.94	1581.3
-9.42	-20.48	1935.15	1579.4
-9.42	-20.48	1934.35	1579.99
-9.42	-20.48	1933.56	1578.86
-9.42	-20.48	1932.76	1584.08
-9.42	-20.48	1931.97	1581.99
-9.42	-20.48	1931.17	1586.73
-9.42	-20.48	1930.37	1586.6
-9.42	-20.48	1929.58	1587.7
-9.42	-20.48	1928.78	1589.38
-9.42	-20.48	1927.99	1585.84
-9.42	-20.48	1927.19	1582.73
-9.42	-20.48	1926.39	1585.9
-9.42	-20.48	1925.6	1584.88
-9.42	-20.48	1924.8	1580.92
-9.42	-20.48	1924.0	1571.24
-9.42	-20.48	1923.2	1579.5
-9.42	-20.48	1922.41	1587.61
-9.42	-20.48	1921.61	1590.2
-9.42	-20.48	1920.81	1594.99
-9.42	-20.48	1920.01	1593.66
-9.42	-20.48	1919.22	1595.18
-9.42	-20.48	1918.42	1592.52
-9.42	-20.48	1917.62	1595.34
-9.42	-20.48	1916.82	1597.81
-9.42	-20.48	1916.02	1597.62
-9.42	-20.48	1915.22	1595.0
-9.42	-20.48	1914.43	1597.95
-9.42	-20.48	1913.63	1601.12
-9.42	-20.48	1912.83	1602.38
-9.42	-20.48	1912.03	1604.64
-9.42	-20.48	1911.23	1600.96
-9.42	-20.48	1910.43	1599.45
-9.42	-20.48	1909.63	1601.13
-9.42	-20.48	1908.83	1604.58
-9.42	-20.48	1908.03	1610.22
-9.42	-20.48	1907.23	1610.27
-9.42	-20.48	1906.43	1606.84
-9.42	-20.48	1905.63	1605.76
-9.42	-20.48	1904.83	1600.33
-9.42	-20.48	1904.03	1606.0
-9.42	-20.48	1903.23	1606.08
-9.42	-20.48	1902.43	1606.83
-9.42	-20.48	1901.63	1606.17
-9.42	-20.48	1900.83	1606.66
-9.42	-20.48	1900.03	1611.02
-9.42	-20.48	1899.23	1621.9
-9.42	-20.48	1898.42	1627.0
-9.42	-20.48	1897.62	1634.37
-9.42	-20.48	1896.82	1638.58
-9.42	-20.48	1896.02	1641.2
-9.42	-20.48	1895.22	1645.25
-9.42	-20.48	1894.41	1646.63
-9.42	-20.48	1893.61	1657.36
-9.42	-20.48	1892.81	1666.11
-9.42	-20.48	1892.01	1675.88
-9.42	-20.48	1891.21	1682.8
-9.42	-20.48	1890.4	1689.43
-9.42	-20.48	1889.6	1694.42
-9.42	-20.48	1888.8	1705.9
-9.42	-20.48	1887.99	1708.72
-9.42	-20.48	1887.19	1710.74
-9.42	-20.48	1886.39	1715.33
-9.42	-20.48	1885.58	1722.59
-9.42	-20.48	1884.78	1724.19
-9.42	-20.48	1883.98	1724.45
-9.42	-20.48	1883.17	1720.27
-9.42	-20.48	1882.37	1722.22
-9.42	-20.48	1881.56	1724.43
-9.42	-20.48	1880.76	1724.57
-9.42	-20.48	1879.95	1722.26
-9.42	-20.48	1879.15	1718.07
-9.42	-20.48	1878.35	1717.14
-9.42	-20.48	1877.54	1720.84
-9.42	-20.48	1876.74	1721.68
-9.42	-20.48	1875.93	1721.16
-9.42	-20.48	1875.13	1723.94
-9.42	-20.48	1874.32	1730.37
-9.42	-20.48	1873.51	1733.28
-9.42	-20.48	1872.71	1734.57
-9.42	-20.48	1871.9	1737.13
-9.42	-20.48	1871.1	1742.14
-9.42	-20.48	1870.29	1751.99
-9.42	-20.48	1869.48	1759.73
-9.42	-20.48	1868.68	1765.47
-9.42	-20.48	1867.87	1769.76
-9.42	-20.48	1867.06	1772.17
-9.42	-20.48	1866.26	1776.75
-9.42	-20.48	1865.45	1783.11
-9.42	-20.48	1864.64	1788.83
-9.42	-20.48	1863.84	1793.85
-9.42	-20.48	1863.03	1795.15
-9.42	-20.48	1862.22	1800.54
-9.42	-20.48	1861.41	1802.32
-9.42	-20.48	1860.61	1803.53
-9.42	-20.48	1859.8	1810.75
-9.42	-20.48	1858.99	1813.63
-9.42	-20.48	1858.18	1814.43
-9.42	-20.48	1857.37	1819.49
-9.42	-20.48	1856.57	1825.38
-9.42	-20.48	1855.76	1832.45
-9.42	-20.48	1854.95	1835.66
-9.42	-20.48	1854.14	1838.47
-9.42	-20.48	1853.33	1841.37
-9.42	-20.48	1852.52	1839.47
-9.42	-20.48	1851.71	1842.59
-9.42	-20.48	1850.9	1848.77
-9.42	-20.48	1850.09	1855.03
-9.42	-20.48	1849.28	1855.36
-9.42	-20.48	1848.47	1863.96
-9.42	-20.48	1847.66	1866.3
-9.42	-20.48	1846.85	1864.18
-9.42	-20.48	1846.04	1861.06
-9.42	-20.48	1845.23	1859.04
-9.42	-20.48	1844.42	1859.55
-9.42	-20.48	1843.61	1855.27
-9.42	-20.48	1842.8	1854.29
-9.42	-20.48	1841.99	1849.99
-9.42	-20.48	1841.18	1853.43
-9.42	-20.48	1840.37	1856.16
-9.42	-20.48	1839.56	1852.17
-9.42	-20.48	1838.75	1844.47
-9.42	-20.48	1837.94	1847.82
-9.42	-20.48	1837.12	1850.14
-9.42	-20.48	1836.31	1856.79
-9.42	-20.48	1835.5	1857.89
-9.42	-20.48	1834.69	1855.99
-9.42	-20.48	1833.88	1861.54
-9.42	-20.48	1833.06	1873.88
-9.42	-20.48	1832.25	1879.19
-9.42	-20.48	1831.44	1880.48
-9.42	-20.48	1830.63	1884.33
-9.42	-20.48	1829.81	1891.37
-9.42	-20.48	1829.0	1891.76
-9.42	-20.48	1828.19	1898.31
-9.42	-20.48	1827.37	1910.24
-9.42	-20.48	1826.56	1915.41
-9.42	-20.48	1825.75	1920.72
-9.42	-20.48	1824.93	1923.79
-9.42	-20.48	1824.12	1928.65
-9.42	-20.48	1823.3	1922.58
-9.42	-20.48	1822.49	1926.71
-9.42	-20.48	1821.68	1930.52
-9.42	-20.48	1820.86	1933.65
-9.42	-20.48	1820.05	1931.03
-9.42	-20.48	1819.23	1934.42
-9.42	-20.48	1818.42	1933.02
-9.42	-20.48	1817.6	1928.06
-9.42	-20.48	1816.79	1929.45
-9.42	-20.48	1815.97	1928.08
-9.42	-20.48	1815.16	1925.81
-9.42	-20.48	1814.34	1927.08
-9.42	-20.48	1813.53	1928.07
-9.42	-20.48	1812.71	1932.2
-9.42	-20.48	1811.89	1931.62
-9.42	-20.48	1811.08	1933.08
-9.42	-20.48	1810.26	1940.79
-9.42	-20.48	1809.45	1947.53
-9.42	-20.48	1808.63	1950.61
-9.42	-20.48	1807.81	1950.42
-9.42	-20.48	1807.0	1958.02
-9.42	-20.48	1806.18	1966.17
-9.42	-20.48	1805.36	1963.31
-9.42	-20.48	1804.54	1966.92
-9.42	-20.48	1803.73	1975.3
-9.42	-20.48	1802.91	1976.24
-9.42	-20.48	1802.09	1981.96
-9.42	-20.48	1801.27	1985.96
-9.42	-20.48	1800.46	1990.88
-9.42	-20.48	1799.64	1996.88
-9.42	-20.48	1798.82	2000.31
-9.42	-20.48	1798.0	2006.07
-9.42	-20.48	1797.18	2009.0
-9.42	-20.48	1796.37	2014.9
-9.42	-20.48	1795.55	2024.55
-9.42	-20.48	1794.73	2027.0
-9.42	-20.48	1793.91	2023.52
-9.42	-20.48	1793.09	2028.47
-9.42	-20.48	1792.27	2037.2
-9.42	-20.48	1791.45	2046.67
-9.42	-20.48	1790.63	2047.07
-9.42	-20.48	1789.81	2053.28
-9.42	-20.48	1788.99	2059.94
-9.42	-20.48	1788.17	2071.7
-9.42	-20.48	1787.35	2079.03
-9.42	-20.48	1786.53	2091.03
-9.42	-20.48	1785.71	2098.62
-9.42	-20.48	1784.89	2106.06
-9.42	-20.48	1784.07	2116.19
-9.42	-20.48	1783.25	2125.46
-9.42	-20.48	1782.43	2137.03
-9.42	-20.48	1781.61	2150.08
-9.42	-20.48	1780.79	2160.78
-9.42	-20.48	1779.97	2173.09
-9.42	-20.48	1779.14	2181.43
-9.42	-20.48	1778.32	2194.9
-9.42	-20.48	1777.5	2211.21
-9.42	-20.48	1776.68	2218.21
-9.42	-20.48	1775.86	2224.42
-9.42	-20.48	1775.03	2234.45
-9.42	-20.48	1774.21	2242.49
-9.42	-20.48	1773.39	2251.63
-9.42	-20.48	1772.57	2261.0
-9.42	-20.48	1771.74	2262.23
-9.42	-20.48	1770.92	2264.33
-9.42	-20.48	1770.1	2260.76
-9.42	-20.48	1769.28	2267.73
-9.42	-20.48	1768.45	2273.58
-9.42	-20.48	1767.63	2276.6
-9.42	-20.48	1766.81	2275.31
-9.42	-20.48	1765.98	2271.08
-9.42	-20.48	1765.16	2273.35
-9.42	-20.48	1764.33	2272.08
-9.42	-20.48	1763.51	2269.2
-9.42	-20.48	1762.69	2273.29
-9.42	-20.48	1761.86	2272.32
-9.42	-20.48	1761.04	2271.9
-9.42	-20.48	1760.21	2278.43
-9.42	-20.48	1759.39	2283.26
-9.42	-20.48	1758.56	2283.67
-9.42	-20.48	1757.74	2288.32
-9.42	-20.48	1756.91	2288.88
-9.42	-20.48	1756.09	2289.64
-9.42	-20.48	1755.26	2290.34
-9.42	-20.48	1754.44	2298.02
-9.42	-20.48	1753.61	2304.54
-9.42	-20.48	1752.78	2301.72
-9.42	-20.48	1751.96	2308.51
-9.42	-20.48	1751.13	2313.52
-9.42	-20.48	1750.31	2314.55
-9.42	-20.48	1749.48	2317.42
-9.42	-20.48	1748.65	2311.98
-9.42	-20.48	1747.83	2316.71
-9.42	-20.48	1747.0	2317.03
-9.42	-20.48	1746.17	2317.81
-9.42	-20.48	1745.34	2317.62
-9.42	-20.48	1744.52	2321.42
-9.42	-20.48	1743.69	2322.83
-9.42	-20.48	1742.86	2318.64
-9.42	-20.48	1742.03	2316.44
-9.42	-20.48	1741.21	2317.86
-9.42	-20.48	1740.38	2318.86
-9.42	-20.48	1739.55	2322.19
-9.42	-20.48	1738.72	2322.91
-9.42	-20.48	1737.89	2330.81
-9.42	-20.48	1737.07	2335.69
-9.42	-20.48	1736.24	2343.69
-9.42	-20.48	1735.41	2356.8
-9.42	-20.48	1734.58	2363.99
-9.42	-20.48	1733.75	2373.76
-9.42	-20.48	1732.92	2380.58
-9.42	-20.48	1732.09	2392.7
-9.42	-20.48	1731.26	2404.79
-9.42	-20.48	1730.43	2411.55
-9.42	-20.48	1729.6	2419.51
-9.42	-20.48	1728.77	2424.23
-9.42	-20.48	1727.94	2431.98
-9.42	-20.48	1727.11	2442.65
-9.42	-20.48	1726.28	2444.72
-9.42	-20.48	1725.45	2448.88
-9.42	-20.48	1724.62	2455.76
-9.42	-20.48	1723.79	2458.35
-9.42	-20.48	1722.96	2471.19
-9.42	-20.48	1722.13	2471.27
-9.42	-20.48	1721.3	2470.66
-9.42	-20.48	1720.46	2474.39
-9.42	-20.48	1719.63	2474.16
-9.42	-20.48	1718.8	2471.88
-9.42	-20.48	1717.97	2476.14
-9.42	-20.48	1717.14	2476.59
-9.42	-20.48	1716.3	2473.85
-9.42	-20.48	1715.47	2470.87
-9.42	-20.48	1714.64	2472.66
-9.42	-20.48	1713.81	2478.7
-9.42	-20.48	1712.97	2490.09
-9.42	-20.48	1712.14	2496.98
-9.42	-20.48	1711.31	2498.76
-9.42	-20.48	1710.48	2509.19
-9.42	-20.48	1709.64	2513.63
-9.42	-20.48	1708.81	2521.96
-9.42	-20.48	1707.98	2523.21
-9.42	-20.48	1707.14	2533.09
-9.42	-20.48	1706.31	2533.48
-9.42	-20.48	1705.47	2536.95
-9.42	-20.48	1704.64	2541.31
-9.42	-20.48	1703.81	2546.28
-9.42	-20.48	1702.97	2550.39
-9.42	-20.48	1702.14	2553.87
-9.42	-20.48	1701.3	2560.45
-9.42	-20.48	1700.47	2568.86
-9.42	-20.48	1699.63	2578.02
-9.42	-20.48	1698.8	2592.52
-9.42	-20.48	1697.96	2608.66
-9.42	-20.48	1697.13	2614.25
-9.42	-20.48	1696.29	2620.5
-9.42	-20.48	1695.46	2636.26
-9.42	-20.48	1694.62	2644.96
-9.42	-20.48	1693.78	2651.81
-9.42	-20.48	1692.95	2667.03
-9.42	-20.48	1692.11	2670.19
-9.42	-20.48	1691.28	2679.79
-9.42	-20.48	1690.44	2688.65
-9.42	-20.48	1689.6	2707.93
-9.42	-20.48	1688.77	2726.29
-9.42	-20.48	1687.93	2744.01
-9.42	-20.48	1687.09	2748.54
-9.42	-20.48	1686.25	2759.51
-9.42	-20.48	1685.42	2781.3
-9.42	-20.48	1684.58	2795.72
-9.42	-20.48	1683.74	2810.52
-9.42	-20.48	1682.9	2820.32
-9.42	-20.48	1682.07	2833.93
-9.42	-20.48	1681.23	2847.05
-9.42	-20.48	1680.39	2860.59
-9.42	-20.48	1679.55	2870.33
-9.42	-20.48	1678.71	2881.41
-9.42	-20.48	1677.87	2898.36
-9.42	-20.48	1677.04	2917.69
-9.42	-20.48	1676.2	2933.98
-9.42	-20.48	1675.36	2956.06
-9.42	-20.48	1674.52	2971.84
-9.42	-20.48	1673.68	2988.51
-9.42	-20.48	1672.84	3000.48
-9.42	-20.48	1672.0	3008.63
-9.42	-20.48	1671.16	3022.99
-9.42	-20.48	1670.32	3044.31
-9.42	-20.48	1669.48	3056.08
-9.42	-20.48	1668.64	3062.97
-9.42	-20.48	1667.8	3081.67
-9.42	-20.48	1666.96	3095.73
-9.42	-20.48	1666.12	3112.27
-9.42	-20.48	1665.28	3138.61
-9.42	-20.48	1664.44	3170.29
-9.42	-20.48	1663.6	3190.57
-9.42	-20.48	1662.75	3222.12
-9.42	-20.48	1661.91	3248.34
-9.42	-20.48	1661.07	3280.46
-9.42	-20.48	1660.23	3303.44
-9.42	-20.48	1659.39	3324.53
-9.42	-20.48	1658.55	3350.84
-9.42	-20.48	1657.7	3377.48
-9.42	-20.48	1656.86	3407.69
-9.42	-20.48	1656.02	3440.5
-9.42	-20.48	1655.18	3467.02
-9.42	-20.48	1654.33	3495.1
-9.42	-20.48	1653.49	3524.03
-9.42	-20.48	1652.65	3564.74
-9.42	-20.48	1651.81	3600.58
-9.42	-20.48	1650.96	3638.6
-9.42	-20.48	1650.12	3666.42
-9.42	-20.48	1649.28	3695.05
-9.42	-20.48	1648.43	3729.01
-9.42	-20.48	1647.59	3766.35
-9.42	-20.48	1646.74	3809.82
-9.42	-20.48	1645.9	3845.95
-9.42	-20.48	1645.06	3890.99
-9.42	-20.48	1644.21	3939.34
-9.42	-20.48	1643.37	3984.24
-9.42	-20.48	1642.52	4046.76
-9.42	-20.48	1641.68	4102.0
-9.42	-20.48	1640.83	4172.87
-9.42	-20.48	1639.99	4249.09
-9.42	-20.48	1639.14	4305.38
-9.42	-20.48	1638.3	4374.97
-9.42	-20.48	1637.45	4446.3
-9.42	-20.48	1636.61	4516.01
-9.42	-20.48	1635.76	4575.37
-9.42	-20.48	1634.91	4634.03
-9.42	-20.48	1634.07	4696.19
-9.42	-20.48	1633.22	4757.49
-9.42	-20.48	1632.38	4826.49
-9.42	-20.48	1631.53	4885.3
-9.42	-20.48	1630.68	4936.62
-9.42	-20.48	1629.84	4986.19
-9.42	-20.48	1628.99	5035.72
-9.42	-20.48	1628.14	5080.03
-9.42	-20.48	1627.29	5119.43
-9.42	-20.48	1626.45	5152.24
-9.42	-20.48	1625.6	5180.71
-9.42	-20.48	1624.75	5194.85
-9.42	-20.48	1623.9	5220.02
-9.42	-20.48	1623.06	5230.63
-9.42	-20.48	1622.21	5249.56
-9.42	-20.48	1621.36	5265.97
-9.42	-20.48	1620.51	5268.69
-9.42	-20.48	1619.66	5281.77
-9.42	-20.48	1618.81	5292.18
-9.42	-20.48	1617.96	5307.24
-9.42	-20.48	1617.12	5324.06
-9.42	-20.48	1616.27	5328.93
-9.42	-20.48	1615.42	5338.0
-9.42	-20.48	1614.57	5345.78
-9.42	-20.48	1613.72	5344.93
-9.42	-20.48	1612.87	5352.77
-9.42	-20.48	1612.02	5355.83
-9.42	-20.48	1611.17	5363.73
-9.42	-20.48	1610.32	5371.01
-9.42	-20.48	1609.47	5381.33
-9.42	-20.48	1608.62	5388.36
-9.42	-20.48	1607.77	5407.16
-9.42	-20.48	1606.92	5433.98
-9.42	-20.48	1606.06	5447.71
-9.42	-20.48	1605.21	5466.11
-9.42	-20.48	1604.36	5490.59
-9.42	-20.48	1603.51	5510.89
-9.42	-20.48	1602.66	5539.37
-9.42	-20.48	1601.81	5573.44
-9.42	-20.48	1600.96	5604.81
-9.42	-20.48	1600.1	5635.43
-9.42	-20.48	1599.25	5674.12
-9.42	-20.48	1598.4	5718.35
-9.42	-20.48	1597.55	5751.11
-9.42	-20.48	1596.69	5801.93
-9.42	-20.48	1595.84	5855.01
-9.42	-20.48	1594.99	5893.22
-9.42	-20.48	1594.14	5928.8
-9.42	-20.48	1593.28	5960.75
-9.42	-20.48	1592.43	6009.21
-9.42	-20.48	1591.58	6040.1
-9.42	-20.48	1590.72	6061.99
-9.42	-20.48	1589.87	6082.63
-9.42	-20.48	1589.02	6105.76
-9.42	-20.48	1588.16	6126.31
-9.42	-20.48	1587.31	6144.45
-9.42	-20.48	1586.45	6158.34
-9.42	-20.48	1585.6	6172.6
-9.42	-20.48	1584.74	6192.98
-9.42	-20.48	1583.89	6205.51
-9.42	-20.48	1583.03	6218.36
-9.42	-20.48	1582.18	6241.62
-9.42	-20.48	1581.32	6266.84
-9.42	-20.48	1580.47	6289.28
-9.42	-20.48	1579.61	6304.01
-9.42	-20.48	1578.76	6316.85
-9.42	-20.48	1577.9	6329.64
-9.42	-20.48	1577.05	6354.24
-9.42	-20.48	1576.19	6364.5
-9.42	-20.48	1575.33	6364.0
-9.42	-20.48	1574.48	6373.3
-9.42	-20.48	1573.62	6389.11
-9.42	-20.48	1572.76	6400.15
-9.42	-20.48	1571.91	6391.76
-9.42	-20.48	1571.05	6397.62
-9.42	-20.48	1570.19	6399.71
-9.42	-20.48	1569.34	6383.44
-9.42	-20.48	1568.48	6369.77
-9.42	-20.48	1567.62	6361.15
-9.42	-20.48	1566.76	6355.4
-9.42	-20.48	1565.91	6344.84
-9.42	-20.48	1565.05	6323.95
-9.42	-20.48	1564.19	6298.91
-9.42	-20.48	1563.33	6279.76
-9.42	-20.48	1562.47	6279.7
-9.42	-20.48	1561.62	6263.32
-9.42	-20.48	1560.76	6246.39
-9.42	-20.48	1559.9	6228.69
-9.42	-20.48	1559.04	6218.12
-9.42	-20.48	1558.18	6220.64
-9.42	-20.48	1557.32	6222.36
-9.42	-20.48	1556.46	6224.66
-9.42	-20.48	1555.6	6233.33
-9.42	-20.48	1554.74	6241.24
-9.42	-20.48	1553.88	6243.29
-9.42	-20.48	1553.02	6241.97
-9.42	-20.48	1552.16	6237.69
-9.42	-20.48	1551.3	6244.66
-9.42	-20.48	1550.44	6250.78
-9.42	-20.48	1549.58	6249.81
-9.42	-20.48	1548.72	6246.3
-9.42	-20.48	1547.86	6250.88
-9.42	-20.48	1547.0	6256.85
-9.42	-20.48	1546.14	6253.58
-9.42	-20.48	1545.28	6257.4
-9.42	-20.48	1544.41	6256.34
-9.42	-20.48	1543.55	6260.58
-9.42	-20.48	1542.69	6266.83
-9.42	-20.48	1541.83	6268.63
-9.42	-20.48	1540.97	6271.81
-9.42	-20.48	1540.1	6291.91
-9.42	-20.48	1539.24	6300.84
-9.42	-20.48	1538.38	6315.72
-9.42	-20.48	1537.52	6349.88
-9.42	-20.48	1536.65	6389.46
-9.42	-20.48	1535.79	6419.93
-9.42	-20.48	1534.93	6446.32
-9.42	-20.48	1534.06	6471.73
-9.42	-20.48	1533.2	6518.56
-9.42	-20.48	1532.34	6565.21
-9.42	-20.48	1531.47	6596.49
-9.42	-20.48	1530.61	6621.56
-9.42	-20.48	1529.75	6631.62
-9.42	-20.48	1528.88	6641.67
-9.42	-20.48	1528.02	6642.98
-9.42	-20.48	1527.15	6624.64
-9.42	-20.48	1526.29	6605.66
-9.42	-20.48	1525.42	6581.58
-9.42	-20.48	1524.56	6555.47
-9.42	-20.48	1523.69	6502.3
-9.42	-20.48	1522.83	6444.85
-9.42	-20.48	1521.96	6395.96
-9.42	-20.48	1521.1	6338.34
-9.42	-20.48	1520.23	6273.62
-9.42	-20.48	1519.37	6204.6
-9.42	-20.48	1518.5	6135.52
-9.42	-20.48	1517.63	6075.1
-9.42	-20.48	1516.77	6016.41
-9.42	-20.48	1515.9	5951.47
-9.42	-20.48	1515.03	5893.88
-9.42	-20.48	1514.17	5859.69
-9.42	-20.48	1513.3	5817.96
-9.42	-20.48	1512.43	5778.68
-9.42	-20.48	1511.57	5743.17
-9.42	-20.48	1510.7	5718.96
-9.42	-20.48	1509.83	5693.4
-9.42	-20.48	1508.96	5666.27
-9.42	-20.48	1508.1	5648.3
-9.42	-20.48	1507.23	5634.95
-9.42	-20.48	1506.36	5610.91
-9.42	-20.48	1505.49	5582.99
-9.42	-20.48	1504.62	5552.35
-9.42	-20.48	1503.76	5517.08
-9.42	-20.48	1502.89	5500.43
-9.42	-20.48	1502.02	5476.11
-9.42	-20.48	1501.15	5436.83
-9.42	-20.48	1500.28	5410.98
-9.42	-20.48	1499.41	5387.68
-9.42	-20.48	1498.54	5376.79
-9.42	-20.48	1497.67	5344.73
-9.42	-20.48	1496.8	5311.39
-9.42	-20.48	1495.93	5299.45
-9.42	-20.48	1495.06	5286.22
-9.42	-20.48	1494.19	5276.03
-9.42	-20.48	1493.32	5268.48
-9.42	-20.48	1492.45	5256.74
-9.42	-20.48	1491.58	5262.58
-9.42	-20.48	1490.71	5266.64
-9.42	-20.48	1489.84	5261.89
-9.42	-20.48	1488.97	5265.2
-9.42	-20.48	1488.1	5287.84
-9.42	-20.48	1487.23	5302.12
-9.42	-20.48	1486.35	5317.75
-9.42	-20.48	1485.48	5339.74
-9.42	-20.48	1484.61	5373.31
-9.42	-20.48	1483.74	5410.35
-9.42	-20.48	1482.87	5441.78
-9.42	-20.48	1481.99	5469.11
-9.42	-20.48	1481.12	5505.31
-9.42	-20.48	1480.25	5545.67
-9.42	-20.48	1479.38	5586.63
-9.42	-20.48	1478.5	5630.91
-9.42	-20.48	1477.63	5671.75
-9.42	-20.48	1476.76	5725.41
-9.42	-20.48	1475.88	5785.54
-9.42	-20.48	1475.01	5830.38
-9.42	-20.48	1474.14	5884.27
-9.42	-20.48	1473.26	5937.19
-9.42	-20.48	1472.39	5988.71
-9.42	-20.48	1471.51	6016.32
-9.42	-20.48	1470.64	6041.35
-9.42	-20.48	1469.77	6079.37
-9.42	-20.48	1468.89	6108.92
-9.42	-20.48	1468.02	6128.88
-9.42	-20.48	1467.14	6134.53
-9.42	-20.48	1466.27	6131.29
-9.42	-20.48	1465.39	6120.61
-9.42	-20.48	1464.52	6092.17
-9.42	-20.48	1463.64	6051.45
-9.42	-20.48	1462.77	6013.69
-9.42	-20.48	1461.89	5975.15
-9.42	-20.48	1461.01	5927.3
-9.42	-20.48	1460.14	5865.48
-9.42	-20.48	1459.26	5807.35
-9.42	-20.48	1458.39	5748.47
-9.42	-20.48	1457.51	5688.2
-9.42	-20.48	1456.63	5610.49
-9.42	-20.48	1455.76	5543.42
-9.42	-20.48	1454.88	5484.71
-9.42	-20.48	1454.0	5428.76
-9.42	-20.48	1453.12	5367.38
-9.42	-20.48	1452.25	5307.58
-9.42	-20.48	1451.37	5252.31
-9.42	-20.48	1450.49	5215.08
-9.42	-20.48	1449.61	5172.96
-9.42	-20.48	1448.74	5126.19
-9.42	-20.48	1447.86	5086.73
-9.42	-20.48	1446.98	5062.51
-9.42	-20.48	1446.1	5035.55
-9.42	-20.48	1445.22	5003.99
-9.42	-20.48	1444.34	4977.11
-9.42	-20.48	1443.46	4957.89
-9.42	-20.48	1442.58	4948.57
-9.42	-20.48	1441.71	4924.69
-9.42	-20.48	1440.83	4902.75
-9.42	-20.48	1439.95	4881.33
-9.42	-20.48	1439.07	4860.82
-9.42	-20.48	1438.19	4841.05
-9.42	-20.48	1437.31	4818.17
-9.42	-20.48	1436.43	4808.56
-9.42	-20.48	1435.55	4794.75
-9.42	-20.48	1434.67	4782.85
-9.42	-20.48	1433.79	4770.03
-9.42	-20.48	1432.9	4763.57
-9.42	-20.48	1432.02	4754.32
-9.42	-20.48	1431.14	4738.13
-9.42	-20.48	1430.26	4721.91
-9.42	-20.48	1429.38	4705.15
-9.42	-20.48	1428.5	4696.96
-9.42	-20.48	1427.62	4691.69
-9.42	-20.48	1426.74	4672.07
-9.42	-20.48	1425.85	4654.23
-9.42	-20.48	1424.97	4643.89
-9.42	-20.48	1424.09	4638.72
-9.42	-20.48	1423.21	4615.98
-9.42	-20.48	1422.32	4604.11
-9.42	-20.48	1421.44	4595.93
-9.42	-20.48	1420.56	4592.75
-9.42	-20.48	1419.67	4584.18
-9.42	-20.48	1418.79	4573.26
-9.42	-20.48	1417.91	4561.31
-9.42	-20.48	1417.02	4553.37
-9.42	-20.48	1416.14	4550.76
-9.42	-20.48	1415.26	4536.75
-9.42	-20.48	1414.37	4534.82
-9.42	-20.48	1413.49	4527.88
-9.42	-20.48	1412.6	4520.59
-9.42	-20.48	1411.72	4512.79
-9.42	-20.48	1410.84	4504.66
-9.42	-20.48	1409.95	4505.04
-9.42	-20.48	1409.07	4497.71
-9.42	-20.48	1408.18	4495.04
-9.42	-20.48	1407.3	4492.54
-9.42	-20.48	1406.41	4491.46
-9.42	-20.48	1405.52	4494.76
-9.42	-20.48	1404.64	4493.02
-9.42	-20.48	1403.75	4495.71
-9.42	-20.48	1402.87	4512.35
-9.42	-20.48	1401.98	4537.47
-9.42	-20.48	1401.09	4549.43
-9.42	-20.48	1400.21	4558.5
-9.42	-20.48	1399.32	4573.72
-9.42	-20.48	1398.43	4592.89
-9.42	-20.48	1397.55	4614.54
-9.42	-20.48	1396.66	4626.54
-9.42	-20.48	1395.77	4649.6
-9.42	-20.48	1394.89	4683.31
-9.42	-20.48	1394.0	4703.78
-9.42	-20.48	1393.11	4720.64
-9.42	-20.48	1392.22	4729.4
-9.42	-20.48	1391.34	4742.14
-9.42	-20.48	1390.45	4762.9
-9.42	-20.48	1389.56	4777.16
-9.42	-20.48	1388.67	4790.09
-9.42	-20.48	1387.78	4801.14
-9.42	-20.48	1386.89	4804.21
-9.42	-20.48	1386.0	4806.67
-9.42	-20.48	1385.11	4809.57
-9.42	-20.48	1384.23	4812.61
-9.42	-20.48	1383.34	4815.01
-9.42	-20.48	1382.45	4812.25
-9.42	-20.48	1381.56	4812.07
-9.42	-20.48	1380.67	4813.59
-9.42	-20.48	1379.78	4819.06
-9.42	-20.48	1378.89	4821.99
-9.42	-20.48	1378.0	4810.52
-9.42	-20.48	1377.11	4815.78
-9.42	-20.48	1376.22	4836.66
-9.42	-20.48	1375.32	4834.89
-9.42	-20.48	1374.43	4830.41
-9.42	-20.48	1373.54	4825.77
-9.42	-20.48	1372.65	4826.4
-9.42	-20.48	1371.76	4838.83
-9.42	-20.48	1370.87	4842.43
-9.42	-20.48	1369.98	4840.56
-9.42	-20.48	1369.08	4853.39
-9.42	-20.48	1368.19	4864.16
-9.42	-20.48	1367.3	4861.91
-9.42	-20.48	1366.41	4866.3
-9.42	-20.48	1365.52	4874.61
-9.42	-20.48	1364.62	4895.53
-9.42	-20.48	1363.73	4910.14
-9.42	-20.48	1362.84	4914.61
-9.42	-20.48	1361.94	4929.54
-9.42	-20.48	1361.05	4944.04
-9.42	-20.48	1360.16	4957.22
-9.42	-20.48	1359.26	4969.24
-9.42	-20.48	1358.37	4983.12
-9.42	-20.48	1357.48	5014.89
-9.42	-20.48	1356.58	5029.68
-9.42	-20.48	1355.69	5045.89
-9.42	-20.48	1354.79	5062.29
-9.42	-20.48	1353.9	5092.39
-9.42	-20.48	1353.0	5111.34
-9.42	-20.48	1352.11	5131.81
-9.42	-20.48	1351.21	5142.98
-9.42	-20.48	1350.32	5180.53
-9.42	-20.48	1349.42	5214.17
-9.42	-20.48	1348.53	5230.25
-9.42	-20.48	1347.63	5259.1
-9.42	-20.48	1346.74	5298.04
-9.42	-20.48	1345.84	5348.57
-9.42	-20.48	1344.94	5379.19
-9.42	-20.48	1344.05	5401.59
-9.42	-20.48	1343.15	5436.85
-9.42	-20.48	1342.26	5477.23
-9.42	-20.48	1341.36	5511.94
-9.42	-20.48	1340.46	5537.77
-9.42	-20.48	1339.56	5571.37
-9.42	-20.48	1338.67	5603.99
-9.42	-20.48	1337.77	5628.91
-9.42	-20.48	1336.87	5648.37
-9.42	-20.48	1335.97	5671.57
-9.42	-20.48	1335.08	5694.63
-9.42	-20.48	1334.18	5716.88
-9.42	-20.48	1333.28	5733.77
-9.42	-20.48	1332.38	5745.12
-9.42	-20.48	1331.48	5763.45
-9.42	-20.48	1330.59	5783.46
-9.42	-20.48	1329.69	5772.0
-9.42	-20.48	1328.79	5778.33
-9.42	-20.48	1327.89	5785.25
-9.42	-20.48	1326.99	5790.88
-9.42	-20.48	1326.09	5785.24
-9.42	-20.48	1325.19	5781.41
-9.42	-20.48	1324.29	5778.43
-9.42	-20.48	1323.39	5791.36
-9.42	-20.48	1322.49	5791.34
-9.42	-20.48	1321.59	5783.73
-9.42	-20.48	1320.69	5784.12
-9.42	-20.48	1319.79	5782.53
-9.42	-20.48	1318.89	5763.25
-9.42	-20.48	1317.99	5736.84
-9.42	-20.48	1317.09	5735.03
-9.42	-20.48	1316.19	5731.86
-9.42	-20.48	1315.29	5712.21
-9.42	-20.48	1314.38	5683.97
-9.42	-20.48	1313.48	5666.44
-9.42	-20.48	1312.58	5662.42
-9.42	-20.48	1311.68	5647.42
-9.42	-20.48	1310.78	5615.57
-9.42	-20.48	1309.87	5591.34
-9.42	-20.48	1308.97	5578.63
-9.42	-20.48	1308.07	5560.65
-9.42	-20.48	1307.17	5541.38
-9.42	-20.48	1306.26	5509.63
-9.42	-20.48	1305.36	5484.43
-9.42	-20.48	1304.46	5464.68
-9.42	-20.48	1303.55	5436.49
-9.42	-20.48	1302.65	5390.9
-9.42	-20.48	1301.75	5371.95
-9.42	-20.48	1300.84	5343.02
-9.42	-20.48	1299.94	5305.21
-9.42	-20.48	1299.03	5273.48
-9.42	-20.48	1298.13	5241.08
-9.42	-20.48	1297.23	5217.9
-9.42	-20.48	1296.32	5186.14
-9.42	-20.48	1295.42	5150.0
-9.42	-20.48	1294.51	5120.83
-9.42	-20.48	1293.61	5093.1
-9.42	-20.48	1292.7	5066.45
-9.42	-20.48	1291.8	5030.8
-9.42	-20.48	1290.89	5008.97
-9.42	-20.48	1289.98	4995.08
-9.42	-20.48	1289.08	4967.23
-9.42	-20.48	1288.17	4934.33
-9.42	-20.48	1287.27	4911.45
-9.42	-20.48	1286.36	4912.38
-9.42	-20.48	1285.45	4891.84
-9.42	-20.48	1284.55	4870.41
-9.42	-20.48	1283.64	4852.82
-9.42	-20.48	1282.73	4841.21
-9.42	-20.48	1281.83	4835.29
-9.42	-20.48	1280.92	4816.64
-9.42	-20.48	1280.01	4798.35
-9.42	-20.48	1279.1	4785.94
-9.42	-20.48	1278.2	4784.02
-9.42	-20.48	1277.29	4764.11
-9.42	-20.48	1276.38	4748.91
-9.42	-20.48	1275.47	4733.73
-9.42	-20.48	1274.56	4727.24
-9.42	-20.48	1273.65	4708.01
-9.42	-20.48	1272.75	4686.63
-9.42	-20.48	1271.84	4680.14
-9.42	-20.48	1270.93	4667.06
-9.42	-20.48	1270.02	4647.81
-9.42	-20.48	1269.11	4625.23
-9.42	-20.48	1268.2	4618.92
-9.42	-20.48	1267.29	4604.16
-9.42	-20.48	1266.38	4575.34
-9.42	-20.48	1265.47	4557.55
-9.42	-20.48	1264.56	4540.63
-9.42	-20.48	1263.65	4530.04
-9.42	-20.48	1262.74	4515.95
-9.42	-20.48	1261.83	4500.01
-9.42	-20.48	1260.92	4486.4
-9.42	-20.48	1260.01	4475.13
-9.42	-20.48	1259.1	4469.56
-9.42	-20.48	1258.18	4454.43
-9.42	-20.48	1257.27	4450.47
-9.42	-20.48	1256.36	4444.7
-9.42	-20.48	1255.45	4432.88
-9.42	-20.48	1254.54	4426.73
-9.42	-20.48	1253.62	4424.66
-9.42	-20.48	1252.71	4423.61
-9.42	-20.48	1251.8	4420.12
-9.42	-20.48	1250.89	4419.15
-9.42	-20.48	1249.97	4422.2
-9.42	-20.48	1249.06	4427.27
-9.42	-20.48	1248.15	4426.77
-9.42	-20.48	1247.24	4429.33
-9.42	-20.48	1246.32	4427.41
-9.42	-20.48	1245.41	4435.08
-9.42	-20.48	1244.49	4440.32
-9.42	-20.48	1243.58	4440.64
-9.42	-20.48	1242.67	4438.61
-9.42	-20.48	1241.75	4450.79
-9.42	-20.48	1240.84	4458.94
-9.42	-20.48	1239.92	4457.28
-9.42	-20.48	1239.01	4454.42
-9.42	-20.48	1238.09	4471.68
-9.42	-20.48	1237.18	4476.87
-9.42	-20.48	1236.26	4479.12
-9.42	-20.48	1235.35	4482.11
-9.42	-20.48	1234.43	4484.49
-9.42	-20.48	1233.52	4479.42
-9.42	-20.48	1232.6	4467.03
-9.42	-20.48	1231.69	4459.8
-9.42	-20.48	1230.77	4457.63
-9.42	-20.48	1229.85	4452.27
-9.42	-20.48	1228.94	4434.85
-9.42	-20.48	1228.02	4421.63
-9.42	-20.48	1227.1	4416.77
-9.42	-20.48	1226.19	4413.3
-9.42	-20.48	1225.27	4407.59
-9.42	-20.48	1224.35	4400.94
-9.42	-20.48	1223.43	4408.51
-9.42	-20.48	1222.52	4420.42
-9.42	-20.48	1221.6	4417.25
-9.42	-20.48	1220.68	4430.22
-9.42	-20.48	1219.76	4448.0
-9.42	-20.48	1218.84	4458.43
-9.42	-20.48	1217.93	4474.42
-9.42	-20.48	1217.01	4479.04
-9.42	-20.48	1216.09	4503.31
-9.42	-20.48	1215.17	4518.48
-9.42	-20.48	1214.25	4538.18
-9.42	-20.48	1213.33	4548.07
-9.42	-20.48	1212.41	4561.1
-9.42	-20.48	1211.49	4573.44
-9.42	-20.48	1210.57	4584.82
-9.42	-20.48	1209.65	4582.97
-9.42	-20.48	1208.73	4585.51
-9.42	-20.48	1207.81	4580.47
-9.42	-20.48	1206.89	4560.76
-9.42	-20.48	1205.97	4546.38
-9.42	-20.48	1205.05	4526.05
-9.42	-20.48	1204.13	4506.88
-9.42	-20.48	1203.21	4484.49
-9.42	-20.48	1202.29	4456.3
-9.42	-20.48	1201.37	4424.97
-9.42	-20.48	1200.45	4409.24
-9.42	-20.48	1199.52	4388.72
-9.42	-20.48	1198.6	4363.33
-9.42	-20.48	1197.68	4349.38
-9.42	-20.48	1196.76	4336.63
-9.42	-20.48	1195.84	4322.77
-9.42	-20.48	1194.91	4309.03
-9.42	-20.48	1193.99	4299.29
-9.42	-20.48	1193.07	4296.2
-9.42	-20.48	1192.14	4278.85
-9.42	-20.48	1191.22	4265.3
-9.42	-20.48	1190.3	4260.99
-9.42	-20.48	1189.37	4262.25
-9.42	-20.48	1188.45	4273.2
-9.42	-20.48	1187.53	4280.51
-9.42	-20.48	1186.6	4296.41
-9.42	-20.48	1185.68	4321.88
-9.42	-20.48	1184.76	4358.71
-9.42	-20.48	1183.83	4392.59
-9.42	-20.48	1182.91	4435.69
-9.42	-20.48	1181.98	4498.49
-9.42	-20.48	1181.06	4567.54
-9.42	-20.48	1180.13	4622.29
-9.42	-20.48	1179.21	4685.04
-9.42	-20.48	1178.28	4764.91
-9.42	-20.48	1177.36	4824.92
-9.42	-20.48	1176.43	4882.2
-9.42	-20.48	1175.5	4940.73
-9.42	-20.48	1174.58	4996.24
-9.42	-20.48	1173.65	5046.97
-9.42	-20.48	1172.72	5083.32
-9.42	-20.48	1171.8	5106.96
-9.42	-20.48	1170.87	5128.03
-9.42	-20.48	1169.94	5136.28
-9.42	-20.48	1169.02	5122.49
-9.42	-20.48	1168.09	5097.93
-9.42	-20.48	1167.16	5059.38
-9.42	-20.48	1166.24	5006.93
-9.42	-20.48	1165.31	4938.59
-9.42	-20.48	1164.38	4857.06
-9.42	-20.48	1163.45	4780.82
-9.42	-20.48	1162.52	4702.79
-9.42	-20.48	1161.6	4607.52
-9.42	-20.48	1160.67	4517.74
-9.42	-20.48	1159.74	4435.51
-9.42	-20.48	1158.81	4348.29
-9.42	-20.48	1157.88	4262.96
-9.42	-20.48	1156.95	4183.84
-9.42	-20.48	1156.02	4103.27
-9.42	-20.48	1155.09	4039.85
-9.42	-20.48	1154.16	3980.18
-9.42	-20.48	1153.23	3918.78
-9.42	-20.48	1152.3	3862.54
-9.42	-20.48	1151.37	3821.26
-9.42	-20.48	1150.44	3780.18
-9.42	-20.48	1149.51	3738.77
-9.42	-20.48	1148.58	3710.45
-9.42	-20.48	1147.65	3684.26
-9.42	-20.48	1146.72	3656.03
-9.42	-20.48	1145.79	3639.84
-9.42	-20.48	1144.86	3625.97
-9.42	-20.48	1143.92	3610.87
-9.42	-20.48	1142.99	3597.22
-9.42	-20.48	1142.06	3595.7
-9.42	-20.48	1141.13	3593.22
-9.42	-20.48	1140.2	3590.74
-9.42	-20.48	1139.26	3587.9
-9.42	-20.48	1138.33	3592.08
-9.42	-20.48	1137.4	3598.32
-9.42	-20.48	1136.47	3601.99
-9.42	-20.48	1135.53	3609.66
-9.42	-20.48	1134.6	3622.07
-9.42	-20.48	1133.67	3625.79
-9.42	-20.48	1132.73	3630.48
-9.42	-20.48	1131.8	3636.66
-9.42	-20.48	1130.87	3631.5
-9.42	-20.48	1129.93	3630.68
-9.42	-20.48	1129.0	3630.11
-9.42	-20.48	1128.06	3625.55
-9.42	-20.48	1127.13	3626.56
-9.42	-20.48	1126.19	3625.2
-9.42	-20.48	1125.26	3624.54
-9.42	-20.48	1124.32	3615.68
-9.42	-20.48	1123.39	3606.8
-9.42	-20.48	1122.45	3593.52
-9.42	-20.48	1121.52	3583.62
-9.42	-20.48	1120.58	3566.6
-9.42	-20.48	1119.65	3548.47
-9.42	-20.48	1118.71	3537.33
-9.42	-20.48	1117.78	3530.69
-9.42	-20.48	1116.84	3517.72
-9.42	-20.48	1115.9	3507.48
-9.42	-20.48	1114.97	3505.37
-9.42	-20.48	1114.03	3500.31
-9.42	-20.48	1113.09	3485.26
-9.42	-20.48	1112.15	3474.08
-9.42	-20.48	1111.22	3473.77
-9.42	-20.48	1110.28	3465.83
-9.42	-20.48	1109.34	3460.55
-9.42	-20.48	1108.4	3460.1
-9.42	-20.48	1107.47	3457.11
-9.42	-20.48	1106.53	3452.44
-9.42	-20.48	1105.59	3434.31
-9.42	-20.48	1104.65	3425.31
-9.42	-20.48	1103.71	3423.48
-9.42	-20.48	1102.77	3414.04
-9.42	-20.48	1101.83	3406.85
-9.42	-20.48	1100.9	3397.71
-9.42	-20.48	1099.96	3387.91
-9.42	-20.48	1099.02	3375.62
-9.42	-20.48	1098.08	3356.65
-9.42	-20.48	1097.14	3349.47
-9.42	-20.48	1096.2	3333.51
-9.42	-20.48	1095.26	3324.21
-9.42	-20.48	1094.32	3309.27
-9.42	-20.48	1093.38	3299.6
-9.42	-20.48	1092.44	3287.27
-9.42	-20.48	1091.49	3274.74
-9.42	-20.48	1090.55	3268.24
-9.42	-20.48	1089.61	3259.29
-9.42	-20.48	1088.67	3255.81
-9.42	-20.48	1087.73	3249.81
-9.42	-20.48	1086.79	3235.22
-9.42	-20.48	1085.85	3224.94
-9.42	-20.48	1084.9	3224.15
-9.42	-20.48	1083.96	3217.32
-9.42	-20.48	1083.02	3216.42
-9.42	-20.48	1082.08	3210.8
-9.42	-20.48	1081.13	3206.28
-9.42	-20.48	1080.19	3197.17
-9.42	-20.48	1079.25	3184.62
-9.42	-20.48	1078.31	3178.1
-9.42	-20.48	1077.36	3168.02
-9.42	-20.48	1076.42	3170.6
-9.42	-20.48	1075.48	3163.49
-9.42	-20.48	1074.53	3156.76
-9.42	-20.48	1073.59	3155.81
-9.42	-20.48	1072.64	3148.85
-9.42	-20.48	1071.7	3136.3
-9.42	-20.48	1070.75	3133.74
-9.42	-20.48	1069.81	3128.27
-9.42	-20.48	1068.86	3123.55
-9.42	-20.48	1067.92	3115.87
-9.42	-20.48	1066.97	3110.33
-9.42	-20.48	1066.03	3104.81
-9.42	-20.48	1065.08	3103.07
-9.42	-20.48	1064.14	3101.92
-9.42	-20.48	1063.19	3097.43
-9.42	-20.48	1062.25	3097.42
-9.42	-20.48	1061.3	3087.4
-9.42	-20.48	1060.35	3079.54
-9.42	-20.48	1059.41	3070.02
-9.42	-20.48	1058.46	3066.75
-9.42	-20.48	1057.51	3059.58
-9.42	-20.48	1056.57	3053.09
-9.42	-20.48	1055.62	3043.22
-9.42	-20.48	1054.67	3032.53
-9.42	-20.48	1053.72	3023.66
-9.42	-20.48	1052.78	3014.35
-9.42	-20.48	1051.83	3008.45
-9.42	-20.48	1050.88	3005.14
-9.42	-20.48	1049.93	3003.67
-9.42	-20.48	1048.98	2996.75
-9.42	-20.48	1048.03	2997.97
-9.42	-20.48	1047.09	2992.88
-9.42	-20.48	1046.14	2985.15
-9.42	-20.48	1045.19	2983.67
-9.42	-20.48	1044.24	2974.25
-9.42	-20.48	1043.29	2969.55
-9.42	-20.48	1042.34	2970.53
-9.42	-20.48	1041.39	2970.47
-9.42	-20.48	1040.44	2976.38
-9.42	-20.48	1039.49	2978.87
-9.42	-20.48	1038.54	2977.25
-9.42	-20.48	1037.59	2982.78
-9.42	-20.48	1036.64	2994.28
-9.42	-20.48	1035.69	2993.26
-9.42	-20.48	1034.74	2992.52
-9.42	-20.48	1033.79	2997.04
-9.42	-20.48	1032.83	2996.83
-9.42	-20.48	1031.88	2997.18
-9.42	-20.48	1030.93	2999.18
-9.42	-20.48	1029.98	2999.33
-9.42	-20.48	1029.03	2994.76
-9.42	-20.48	1028.07	2994.03
-9.42	-20.48	1027.12	2992.27
-9.42	-20.48	1026.17	2984.01
-9.42	-20.48	1025.22	2991.99
-9.42	-20.48	1024.26	2987.02
-9.42	-20.48	1023.31	2982.66
-9.42	-20.48	1022.36	2986.65
-9.42	-20.48	1021.4	2986.52
-9.42	-20.48	1020.45	2980.8
-9.42	-20.48	1019.5	2977.81
-9.42	-20.48	1018.54	2975.4
-9.42	-20.48	1017.59	2973.36
-9.42	-20.48	1016.64	2973.91
-9.42	-20.48	1015.68	2968.05
-9.42	-20.48	1014.73	2969.91
-9.42	-20.48	1013.77	2970.33
-9.42	-20.48	1012.82	2977.02
-9.42	-20.48	1011.86	2981.31
-9.42	-20.48	1010.91	2980.1
-9.42	-20.48	1009.95	2986.21
-9.42	-20.48	1009.0	2985.09
-9.42	-20.48	1008.04	2991.69
-9.42	-20.48	1007.08	2992.11
-9.42	-20.48	1006.13	2996.86
-9.42	-20.48	1005.17	3001.87
-9.42	-20.48	1004.22	3003.33
-9.42	-20.48	1003.26	3006.18
-9.42	-20.48	1002.3	3000.73
-9.42	-20.48	1001.34	2991.61
-9.42	-20.48	1000.39	2989.14
-9.42	-20.48	999.431	2990.79
-9.42	-20.48	998.4730000000001	2984.34
-9.42	-20.48	997.515	2975.42
-9.42	-20.48	996.558	2976.69
-9.42	-20.48	995.6	2966.58
-9.42	-20.48	994.6410000000001	2956.56
-9.42	-20.48	993.683	2952.39
-9.42	-20.48	992.725	2942.79
-9.42	-20.48	991.7660000000001	2932.23
-9.42	-20.48	990.807	2925.02
-9.42	-20.48	989.8480000000001	2916.68
-9.42	-20.48	988.8889999999999	2902.21
-9.42	-20.48	987.93	2886.92
-9.42	-20.48	986.97	2881.86
-9.42	-20.48	986.01	2879.06
-9.42	-20.48	985.05	2872.26
-9.42	-20.48	984.09	2868.72
-9.42	-20.48	983.13	2867.43
-9.42	-20.48	982.17	2860.85
-9.42	-20.48	981.209	2851.16
-9.42	-20.48	980.248	2846.17
-9.42	-20.48	979.288	2851.83
-9.42	-20.48	978.326	2851.63
-9.42	-20.48	977.365	2846.69
-9.42	-20.48	976.404	2842.92
-9.42	-20.48	975.442	2835.37
-9.42	-20.48	974.48	2834.27
-9.42	-20.48	973.518	2824.43
-9.42	-20.48	972.556	2824.75
-9.42	-20.48	971.5939999999999	2818.16
-9.42	-20.48	970.632	2812.0
-9.42	-20.48	969.669	2799.1
-9.42	-20.48	968.706	2794.1
-9.42	-20.48	967.743	2794.12
-9.42	-20.48	966.78	2785.96
-9.42	-20.48	965.817	2773.17
-9.42	-20.48	964.8530000000001	2769.45
-9.42	-20.48	963.8889999999999	2766.3
-9.42	-20.48	962.926	2764.71
-9.42	-20.48	961.961	2764.65
-9.42	-20.48	960.997	2760.44
-9.42	-20.48	960.033	2755.12
-9.42	-20.48	959.068	2756.11
-9.42	-20.48	958.1039999999999	2761.61
-9.42	-20.48	957.1389999999999	2755.52
-9.42	-20.48	956.174	2756.89
-9.42	-20.48	955.2080000000001	2758.12
-9.42	-20.48	954.243	2756.73
-9.42	-20.48	953.2769999999999	2754.43
-9.42	-20.48	952.312	2758.82
-9.42	-20.48	951.346	2770.71
-9.42	-20.48	950.38	2771.17
-9.42	-20.48	949.413	2773.65
-9.42	-20.48	948.447	2776.7
-9.42	-20.48	947.48	2781.75
-9.42	-20.48	946.513	2789.0
-9.42	-20.48	945.546	2797.9
-9.42	-20.48	944.579	2799.97
-9.42	-20.48	943.612	2803.41
-9.42	-20.48	942.6439999999999	2801.7
-9.42	-20.48	941.677	2811.45
-9.42	-20.48	940.709	2819.92
-9.42	-20.48	939.7410000000001	2828.64
-9.42	-20.48	938.773	2837.8
-9.42	-20.48	937.804	2843.98
-9.42	-20.48	936.836	2858.33
-9.42	-20.48	935.867	2867.67
-9.42	-20.48	934.898	2882.36
-9.42	-20.48	933.929	2899.88
-9.42	-20.48	932.96	2906.89
-9.42	-20.48	931.99	2913.1
-9.42	-20.48	931.0210000000001	2922.91
-9.42	-20.48	930.051	2937.07
-9.42	-20.48	929.081	2946.95
-9.42	-20.48	928.1110000000001	2945.36
-9.42	-20.48	927.1410000000001	2948.04
-9.42	-20.48	926.17	2947.45
-9.42	-20.48	925.199	2952.86
-9.42	-20.48	924.2289999999999	2959.49
-9.42	-20.48	923.258	2963.24
-9.42	-20.48	922.2860000000001	2966.81
-9.42	-20.48	921.315	2961.59
-9.42	-20.48	920.3439999999999	2961.97
-9.42	-20.48	919.372	2962.58
-9.42	-20.48	918.4	2960.61
-9.42	-20.48	917.428	2957.41
-9.42	-20.48	916.456	2946.79
-9.42	-20.48	915.4830000000001	2945.36
-9.42	-20.48	914.5110000000001	2936.13
-9.42	-20.48	913.538	2933.3
-9.42	-20.48	912.565	2932.02
-9.42	-20.48	911.592	2933.3
-9.42	-20.48	910.6189999999999	2934.29
-9.42	-20.48	909.645	2934.31
-9.42	-20.48	908.671	2935.4
-9.42	-20.48	907.698	2937.11
-9.42	-20.48	906.7239999999999	2926.52
-9.42	-20.48	905.75	2928.15
-9.42	-20.48	904.775	2926.97
-9.42	-20.48	903.801	2918.42
-9.42	-20.48	902.826	2922.05
-9.42	-20.48	901.8510000000001	2913.17
-9.42	-20.48	900.8760000000001	2905.09
-9.42	-20.48	899.9010000000001	2895.96
-9.42	-20.48	898.925	2882.93
-9.42	-20.48	897.95	2878.74
-9.42	-20.48	896.9739999999999	2883.98
-9.42	-20.48	895.998	2892.79
-9.42	-20.48	895.0219999999999	2897.89
-9.42	-20.48	894.046	2899.25
-9.42	-20.48	893.069	2908.6
-9.42	-20.48	892.0930000000001	2915.58
-9.42	-20.48	891.1160000000001	2918.6
-9.42	-20.48	890.1389999999999	2920.96
-9.42	-20.48	889.1619999999999	2921.1
-9.42	-20.48	888.184	2928.88
-9.42	-20.48	887.207	2926.04
-9.42	-20.48	886.2289999999999	2934.57
-9.42	-20.48	885.2510000000001	2942.2
-9.42	-20.48	884.273	2957.7
-9.42	-20.48	883.295	2960.61
-9.42	-20.48	882.317	2966.03
-9.42	-20.48	881.3380000000001	2972.84
-9.42	-20.48	880.3589999999999	2979.98
-9.42	-20.48	879.38	2980.84
-9.42	-20.48	878.4010000000001	2983.55
-9.42	-20.48	877.422	2984.57
-9.42	-20.48	876.442	2983.75
-9.42	-20.48	875.4630000000001	2974.07
-9.42	-20.48	874.4830000000001	2968.72
-9.42	-20.48	873.503	2962.38
-9.42	-20.48	872.523	2948.8
-9.42	-20.48	871.5419999999999	2941.59
-9.42	-20.48	870.562	2937.83
-9.42	-20.48	869.581	2941.51
-9.42	-20.48	868.6	2941.98
-9.42	-20.48	867.6189999999999	2944.73
-9.42	-20.48	866.638	2943.06
-9.42	-20.48	865.6569999999999	2941.42
-9.42	-20.48	864.675	2931.56
-9.42	-20.48	863.693	2935.77
-9.42	-20.48	862.711	2937.77
-9.42	-20.48	861.7289999999999	2934.24
-9.42	-20.48	860.747	2930.85
-9.42	-20.48	859.7639999999999	2933.09
-9.42	-20.48	858.7819999999999	2940.04
-9.42	-20.48	857.799	2937.32
-9.42	-20.48	856.816	2944.44
-9.42	-20.48	855.8330000000001	2948.46
-9.42	-20.48	854.8489999999999	2947.11
-9.42	-20.48	853.8660000000001	2944.73
-9.42	-20.48	852.882	2947.01
-9.42	-20.48	851.898	2949.17
-9.42	-20.48	850.914	2951.24
-9.42	-20.48	849.93	2949.98
-9.42	-20.48	848.945	2948.58
-9.42	-20.48	847.961	2955.13
-9.42	-20.48	846.9760000000001	2955.29
-9.42	-20.48	845.9910000000001	2958.68
-9.42	-20.48	845.0060000000001	2969.17
-9.42	-20.48	844.02	2980.33
-9.42	-20.48	843.035	2992.05
-9.42	-20.48	842.049	2999.41
-9.42	-20.48	841.063	3012.17
-9.42	-20.48	840.077	3019.77
-9.42	-20.48	839.091	3022.9
-9.42	-20.48	838.1039999999999	3026.32
-9.42	-20.48	837.118	3037.71
-9.42	-20.48	836.1310000000001	3047.79
-9.42	-20.48	835.1439999999999	3059.47
-9.42	-20.48	834.1569999999999	3074.15
-9.42	-20.48	833.17	3082.16
-9.42	-20.48	832.182	3081.71
-9.42	-20.48	831.195	3079.05
-9.42	-20.48	830.207	3083.06
-9.42	-20.48	829.2189999999999	3085.04
-9.42	-20.48	828.23	3082.65
-9.42	-20.48	827.242	3077.91
-9.42	-20.48	826.253	3069.52
-9.42	-20.48	825.265	3059.6
-9.42	-20.48	824.2760000000001	3055.05
-9.42	-20.48	823.2869999999999	3038.95
-9.42	-20.48	822.297	3026.97
-9.42	-20.48	821.308	3015.44
-9.42	-20.48	820.318	3001.85
-9.42	-20.48	819.328	2984.34
-9.42	-20.48	818.3380000000001	2979.71
-9.42	-20.48	817.3480000000001	2968.75
-9.42	-20.48	816.3580000000001	2962.14
-9.42	-20.48	815.367	2956.16
-9.42	-20.48	814.377	2959.12
-9.42	-20.48	813.3860000000001	2947.99
-9.42	-20.48	812.395	2938.85
-9.42	-20.48	811.403	2932.28
-9.42	-20.48	810.4119999999999	2928.39
-9.42	-20.48	809.42	2922.39
-9.42	-20.48	808.428	2917.11
-9.42	-20.48	807.436	2915.82
-9.42	-20.48	806.444	2907.61
-9.42	-20.48	805.452	2901.0
-9.42	-20.48	804.459	2891.43
-9.42	-20.48	803.467	2885.78
-9.42	-20.48	802.4739999999999	2881.32
-9.42	-20.48	801.4810000000001	2880.19
-9.42	-20.48	800.487	2873.76
-9.42	-20.48	799.4939999999999	2868.46
-9.42	-20.48	798.5	2864.33
-9.42	-20.48	797.507	2858.05
-9.42	-20.48	796.513	2847.05
-9.42	-20.48	795.518	2839.7
-9.42	-20.48	794.5239999999999	2828.43
-9.42	-20.48	793.529	2812.29
-9.42	-20.48	792.535	2805.18
-9.42	-20.48	791.54	2793.47
-9.42	-20.48	790.545	2790.49
-9.42	-20.48	789.55	2790.84
-9.42	-20.48	788.554	2797.77
-9.42	-20.48	787.559	2796.29
-9.42	-20.48	786.563	2801.84
-9.42	-20.48	785.567	2807.96
-9.42	-20.48	784.571	2815.75
-9.42	-20.48	783.574	2818.27
-9.42	-20.48	782.578	2819.02
-9.42	-20.48	781.581	2824.2
-9.42	-20.48	780.584	2838.46
-9.42	-20.48	779.587	2841.33
-9.42	-20.48	778.59	2845.29
-9.42	-20.48	777.592	2849.81
-9.42	-20.48	776.595	2854.18
-9.42	-20.48	775.597	2858.32
-9.42	-20.48	774.5989999999999	2866.06
-9.42	-20.48	773.6010000000001	2879.41
-9.42	-20.48	772.602	2883.6
-9.42	-20.48	771.6039999999999	2880.52
-9.42	-20.48	770.605	2880.07
-9.42	-20.48	769.6060000000001	2881.28
-9.42	-20.48	768.607	2880.91
-9.42	-20.48	767.6080000000001	2877.48
-9.42	-20.48	766.6089999999999	2867.14
-9.42	-20.48	765.6089999999999	2870.05
-9.42	-20.48	764.6089999999999	2865.98
-9.42	-20.48	763.6089999999999	2872.1
-9.42	-20.48	762.6089999999999	2880.67
-9.42	-20.48	761.6089999999999	2882.11
-9.42	-20.48	760.6080000000001	2886.72
-9.42	-20.48	759.607	2883.88
-9.42	-20.48	758.607	2890.47
-9.42	-20.48	757.605	2886.01
-9.42	-20.48	756.6039999999999	2894.74
-9.42	-20.48	755.6030000000001	2904.91
-9.42	-20.48	754.6010000000001	2908.46
-9.42	-20.48	753.5989999999999	2911.97
-9.42	-20.48	752.597	2909.03
-9.42	-20.48	751.595	2921.42
-9.42	-20.48	750.5930000000001	2928.77
-9.42	-20.48	749.59	2933.6
-9.42	-20.48	748.587	2930.85
-9.42	-20.48	747.585	2939.72
-9.42	-20.48	746.581	2938.62
-9.42	-20.48	745.578	2936.45
-9.42	-20.48	744.575	2944.88
-9.42	-20.48	743.571	2949.57
-9.42	-20.48	742.567	2946.48
-9.42	-20.48	741.563	2945.44
-9.42	-20.48	740.559	2953.83
-9.42	-20.48	739.555	2951.62
-9.42	-20.48	738.55	2949.61
-9.42	-20.48	737.545	2943.4
-9.42	-20.48	736.54	2945.49
-9.42	-20.48	735.535	2945.06
-9.42	-20.48	734.53	2937.84
-9.42	-20.48	733.525	2937.35
-9.42	-20.48	732.5189999999999	2932.84
-9.42	-20.48	731.513	2918.22
-9.42	-20.48	730.507	2907.8
-9.42	-20.48	729.5010000000001	2901.82
-9.42	-20.48	728.4939999999999	2907.74
-9.42	-20.48	727.488	2897.52
-9.42	-20.48	726.4810000000001	2895.17
-9.42	-20.48	725.4739999999999	2891.11
-9.42	-20.48	724.467	2878.5
-9.42	-20.48	723.46	2872.38
-9.42	-20.48	722.452	2870.45
-9.42	-20.48	721.444	2873.04
-9.42	-20.48	720.436	2874.28
-9.42	-20.48	719.428	2872.2
-9.42	-20.48	718.42	2869.8
-9.42	-20.48	717.4119999999999	2883.82
-9.42	-20.48	716.403	2880.69
-9.42	-20.48	715.3939999999999	2887.57
-9.42	-20.48	714.385	2897.75
-9.42	-20.48	713.3760000000001	2913.03
-9.42	-20.48	712.367	2920.29
-9.42	-20.48	711.357	2932.69
-9.42	-20.48	710.347	2950.05
-9.42	-20.48	709.3380000000001	2957.77
-9.42	-20.48	708.327	2962.67
-9.42	-20.48	707.317	2969.23
-9.42	-20.48	706.307	2977.79
-9.42	-20.48	705.296	2977.26
-9.42	-20.48	704.285	2981.62
-9.42	-20.48	703.2739999999999	2990.88
-9.42	-20.48	702.263	2996.0
-9.42	-20.48	701.252	2993.75
-9.42	-20.48	700.24	2989.86
-9.42	-20.48	699.2280000000001	2990.52
-9.42	-20.48	698.216	2995.21
-9.42	-20.48	697.204	2992.49
-9.42	-20.48	696.192	3000.17
-9.42	-20.48	695.179	3021.69
-9.42	-20.48	694.1669999999999	3043.65
-9.42	-20.48	693.154	3071.55
-9.42	-20.48	692.1410000000001	3100.42
-9.42	-20.48	691.127	3134.35
-9.42	-20.48	690.1139999999999	3163.08
-9.42	-20.48	689.1	3178.08
-9.42	-20.48	688.086	3209.18
-9.42	-20.48	687.072	3230.37
-9.42	-20.48	686.058	3239.28
-9.42	-20.48	685.044	3253.81
-9.42	-20.48	684.029	3262.12
-9.42	-20.48	683.015	3272.77
-9.42	-20.48	682.0	3275.95
-9.42	-20.48	680.985	3285.63
-9.42	-20.48	679.9689999999999	3288.7
-9.42	-20.48	678.954	3287.61
-9.42	-20.48	677.938	3279.1
-9.42	-20.48	676.922	3276.35
-9.42	-20.48	675.9060000000001	3261.56
-9.42	-20.48	674.89	3249.64
-9.42	-20.48	673.8739999999999	3235.56
-9.42	-20.48	672.857	3226.27
-9.42	-20.48	671.84	3205.74
-9.42	-20.48	670.823	3181.56
-9.42	-20.48	669.806	3163.76
-9.42	-20.48	668.789	3161.52
-9.42	-20.48	667.7710000000001	3157.33
-9.42	-20.48	666.753	3165.14
-9.42	-20.48	665.735	3189.47
-9.42	-20.48	664.717	3207.0
-9.42	-20.48	663.699	3218.45
-9.42	-20.48	662.68	3235.75
-9.42	-20.48	661.6619999999999	3245.26
-9.42	-20.48	660.643	3252.49
-9.42	-20.48	659.6239999999999	3250.95
-9.42	-20.48	658.605	3252.45
-9.42	-20.48	657.585	3263.35
-9.42	-20.48	656.566	3260.63
-9.42	-20.48	655.546	3255.5
-9.42	-20.48	654.526	3255.88
-9.42	-20.48	653.506	3256.28
-9.42	-20.48	652.485	3258.22
-9.42	-20.48	651.465	3259.71
-9.42	-20.48	650.444	3263.18
-9.42	-20.48	649.423	3253.32
-9.42	-20.48	648.4019999999999	3244.92
-9.42	-20.48	647.381	3234.44
-9.42	-20.48	646.359	3221.26
-9.42	-20.48	645.3380000000001	3201.7
-9.42	-20.48	644.316	3191.01
-9.42	-20.48	643.294	3187.22
-9.42	-20.48	642.271	3173.18
-9.42	-20.48	641.249	3149.73
-9.42	-20.48	640.226	3138.63
-9.42	-20.48	639.2040000000001	3133.55
-9.42	-20.48	638.181	3121.35
-9.42	-20.48	637.1569999999999	3111.37
-9.42	-20.48	636.134	3114.31
-9.42	-20.48	635.11	3107.88
-9.42	-20.48	634.087	3090.35
-9.42	-20.48	633.063	3087.19
-9.42	-20.48	632.039	3084.25
-9.42	-20.48	631.014	3077.63
-9.42	-20.48	629.99	3070.47
-9.42	-20.48	628.965	3071.51
-9.42	-20.48	627.94	3071.0
-9.42	-20.48	626.915	3069.22
-9.42	-20.48	625.89	3061.44
-9.42	-20.48	624.864	3069.76
-9.42	-20.48	623.839	3077.76
-9.42	-20.48	622.813	3071.8
-9.42	-20.48	621.7869999999999	3073.5
-9.42	-20.48	620.761	3074.34
-9.42	-20.48	619.734	3076.57
-9.42	-20.48	618.7080000000001	3059.98
-9.42	-20.48	617.681	3055.43
-9.42	-20.48	616.654	3053.88
-9.42	-20.48	615.627	3047.03
-9.42	-20.48	614.599	3044.45
-9.42	-20.48	613.572	3045.29
-9.42	-20.48	612.544	3047.73
-9.42	-20.48	611.516	3032.94
-9.42	-20.48	610.488	3030.54
-9.42	-20.48	609.46	3036.78
-9.42	-20.48	608.431	3040.97
-9.42	-20.48	607.403	3034.64
-9.42	-20.48	606.374	3043.1
-9.42	-20.48	605.345	3047.37
-9.42	-20.48	604.316	3049.24
-9.42	-20.48	603.286	3057.99
-9.42	-20.48	602.257	3077.0
-9.42	-20.48	601.227	3081.64
-9.42	-20.48	600.197	3092.01
-9.42	-20.48	599.1669999999999	3100.7
-9.42	-20.48	598.136	3114.69
-9.42	-20.48	597.106	3118.99
-9.42	-20.48	596.075	3130.33
-9.42	-20.48	595.044	3147.63
-9.42	-20.48	594.013	3163.74
-9.42	-20.48	592.981	3164.21
-9.42	-20.48	591.95	3166.85
-9.42	-20.48	590.918	3180.37
-9.42	-20.48	589.886	3177.19
-9.42	-20.48	588.854	3178.19
-9.42	-20.48	587.822	3178.43
-9.42	-20.48	586.789	3185.01
-9.42	-20.48	585.757	3185.56
-9.42	-20.48	584.724	3187.26
-9.42	-20.48	583.691	3189.66
-9.42	-20.48	582.6569999999999	3187.48
-9.42	-20.48	581.624	3180.23
-9.42	-20.48	580.59	3179.39
-9.42	-20.48	579.557	3182.16
-9.42	-20.48	578.523	3175.45
-9.42	-20.48	577.488	3171.84
-9.42	-20.48	576.4540000000001	3165.22
-9.42	-20.48	575.419	3165.57
-9.42	-20.48	574.385	3158.75
-9.42	-20.48	573.35	3156.84
-9.42	-20.48	572.314	3152.31
-9.42	-20.48	571.279	3149.58
-9.42	-20.48	570.244	3139.17
-9.42	-20.48	569.2080000000001	3138.07
-9.42	-20.48	568.172	3129.86
-9.42	-20.48	567.136	3119.5
-9.42	-20.48	566.099	3111.93
-9.42	-20.48	565.063	3105.48
-9.42	-20.48	564.026	3096.77
-9.42	-20.48	562.989	3081.79
-9.42	-20.48	561.952	3077.25
-9.42	-20.48	560.915	3074.86
-9.42	-20.48	559.877	3064.16
-9.42	-20.48	558.84	3058.07
-9.42	-20.48	557.802	3059.57
-9.42	-20.48	556.764	3051.98
-9.42	-20.48	555.726	3044.61
-9.42	-20.48	554.687	3044.71
-9.42	-20.48	553.649	3055.06
-9.42	-20.48	552.61	3059.79
-9.42	-20.48	551.571	3070.19
-9.42	-20.48	550.5319999999999	3085.04
-9.42	-20.48	549.492	3101.25
-9.42	-20.48	548.453	3105.62
-9.42	-20.48	547.413	3118.0
-9.42	-20.48	546.373	3134.54
-9.42	-20.48	545.3330000000001	3147.26
-9.42	-20.48	544.2919999999999	3153.35
-9.42	-20.48	543.252	3161.44
-9.42	-20.48	542.211	3172.27
-9.42	-20.48	541.17	3173.41
-9.42	-20.48	540.129	3174.89
-9.42	-20.48	539.0880000000001	3176.64
-9.42	-20.48	538.0459999999999	3175.73
-9.42	-20.48	537.004	3169.44
-9.42	-20.48	535.962	3173.73
-9.42	-20.48	534.92	3173.76
-9.42	-20.48	533.878	3166.32
-9.42	-20.48	532.836	3167.1
-9.42	-20.48	531.793	3168.46
-9.42	-20.48	530.75	3162.2
-9.42	-20.48	529.707	3151.01
-9.42	-20.48	528.664	3142.23
-9.42	-20.48	527.62	3138.61
-9.42	-20.48	526.577	3122.77
-9.42	-20.48	525.533	3113.37
-9.42	-20.48	524.489	3116.02
-9.42	-20.48	523.445	3125.63
-9.42	-20.48	522.4	3133.08
-9.42	-20.48	521.355	3139.96
-9.42	-20.48	520.311	3158.26
-9.42	-20.48	519.266	3164.57
-9.42	-20.48	518.22	3175.55
-9.42	-20.48	517.175	3202.13
-9.42	-20.48	516.129	3226.27
-9.42	-20.48	515.0840000000001	3245.36
-9.42	-20.48	514.038	3271.92
-9.42	-20.48	512.992	3299.28
-9.42	-20.48	511.945	3327.62
-9.42	-20.48	510.899	3345.28
-9.42	-20.48	509.852	3372.49
-9.42	-20.48	508.805	3399.01
-9.42	-20.48	507.75800000000004	3425.3
-9.42	-20.48	506.71	3455.07
-9.42	-20.48	505.663	3480.7
-9.42	-20.48	504.615	3511.73
-9.42	-20.48	503.56699999999995	3519.24
-9.42	-20.48	502.519	3537.44
-9.42	-20.48	501.471	3549.33
-9.42	-20.48	500.42199999999997	3546.8
-9.42	-20.48	499.374	3542.8
-9.42	-20.48	498.325	3540.46
-9.42	-20.48	497.276	3532.31
-9.42	-20.48	496.226	3519.06
-9.42	-20.48	495.17699999999996	3505.66
-9.42	-20.48	494.12699999999995	3495.61
-9.42	-20.48	493.077	3479.72
-9.42	-20.48	492.027	3465.36
-9.42	-20.48	490.977	3452.57
-9.42	-20.48	489.926	3439.14
-9.42	-20.48	488.876	3428.43
-9.42	-20.48	487.825	3415.4
-9.42	-20.48	486.774	3413.98
-9.42	-20.48	485.723	3407.15
-9.42	-20.48	484.671	3389.85
-9.42	-20.48	483.619	3382.35
-9.42	-20.48	482.56800000000004	3375.73
-9.42	-20.48	481.51599999999996	3361.64
-9.42	-20.48	480.463	3356.8
-9.42	-20.48	479.411	3356.04
-9.42	-20.48	478.358	3365.21
-9.42	-20.48	477.305	3369.26
-9.42	-20.48	476.25199999999995	3375.62
-9.42	-20.48	475.199	3383.03
-9.42	-20.48	474.14599999999996	3382.47
-9.42	-20.48	473.092	3382.64
-9.42	-20.48	472.038	3379.58
-9.42	-20.48	470.98400000000004	3380.17
-9.42	-20.48	469.93	3371.18
-9.42	-20.48	468.876	3366.21
-9.42	-20.48	467.82099999999997	3364.08
-9.42	-20.48	466.76599999999996	3357.17
-9.42	-20.48	465.711	3347.77
-9.42	-20.48	464.656	3342.57
-9.42	-20.48	463.601	3330.55
-9.42	-20.48	462.545	3312.56
-9.42	-20.48	461.49	3292.65
-9.42	-20.48	460.434	3284.28
-9.42	-20.48	459.37699999999995	3269.47
-9.42	-20.48	458.32099999999997	3249.35
-9.42	-20.48	457.264	3236.84
-9.42	-20.48	456.208	3213.3
-9.42	-20.48	455.151	3186.77
-9.42	-20.48	454.094	3167.17
-9.42	-20.48	453.036	3154.92
-9.42	-20.48	451.97900000000004	3139.45
-9.42	-20.48	450.921	3127.63
-9.42	-20.48	449.86300000000006	3125.92
-9.42	-20.48	448.805	3132.73
-9.42	-20.48	447.74699999999996	3139.7
-9.42	-20.48	446.68800000000005	3148.49
-9.42	-20.48	445.629	3164.66
-9.42	-20.48	444.57	3171.57
-9.42	-20.48	443.51099999999997	3180.44
-9.42	-20.48	442.452	3195.9
-9.42	-20.48	441.392	3208.11
-9.42	-20.48	440.333	3220.29
-9.42	-20.48	439.273	3233.07
-9.42	-20.48	438.213	3249.89
-9.42	-20.48	437.152	3260.96
-9.42	-20.48	436.092	3278.26
-9.42	-20.48	435.031	3294.29
-9.42	-20.48	433.97	3303.34
-9.42	-20.48	432.909	3318.33
-9.42	-20.48	431.848	3327.47
-9.42	-20.48	430.786	3332.74
-9.42	-20.48	429.724	3338.22
-9.42	-20.48	428.663	3348.03
-9.42	-20.48	427.6	3348.87
-9.42	-20.48	426.538	3345.98
-9.42	-20.48	425.476	3346.98
-9.42	-20.48	424.413	3338.77
-9.42	-20.48	423.35	3337.92
-9.42	-20.48	422.287	3345.26
-9.42	-20.48	421.224	3345.37
-9.42	-20.48	420.16	3351.15
-9.42	-20.48	419.096	3352.52
-9.42	-20.48	418.033	3352.0
-9.42	-20.48	416.968	3349.0
-9.42	-20.48	415.904	3357.41
-9.42	-20.48	414.84	3359.36
-9.42	-20.48	413.775	3363.41
-9.42	-20.48	412.71	3364.23
-9.42	-20.48	411.645	3366.06
-9.42	-20.48	410.58	3370.52
-9.42	-20.48	409.514	3372.02
-9.42	-20.48	408.44800000000004	3376.8
-9.42	-20.48	407.38300000000004	3376.86
-9.42	-20.48	406.316	3378.41
-9.42	-20.48	405.25	3382.55
-9.42	-20.48	404.184	3389.15
-9.42	-20.48	403.11699999999996	3385.63
-9.42	-20.48	402.05	3386.02
-9.42	-20.48	400.983	3390.22
-9.42	-20.48	399.916	3385.16
-9.42	-20.48	398.848	3378.72
-9.42	-20.48	397.781	3380.35
-9.42	-20.48	396.713	3379.31
-9.42	-20.48	395.645	3373.17
-9.42	-20.48	394.57599999999996	3370.72
-9.42	-20.48	393.50800000000004	3369.53
-9.42	-20.48	392.439	3360.62
-9.42	-20.48	391.37	3365.61
-9.42	-20.48	390.301	3362.51
-9.42	-20.48	389.23199999999997	3352.02
-9.42	-20.48	388.162	3348.28
-9.42	-20.48	387.093	3336.66
-9.42	-20.48	386.023	3334.81
-9.42	-20.48	384.95300000000003	3329.35
-9.42	-20.48	383.88199999999995	3325.89
-9.42	-20.48	382.81199999999995	3319.94
-9.42	-20.48	381.741	3318.18
-9.42	-20.48	380.67	3309.1
-9.42	-20.48	379.599	3308.46
-9.42	-20.48	378.528	3304.74
-9.42	-20.48	377.45599999999996	3297.21
-9.42	-20.48	376.384	3295.3
-9.42	-20.48	375.31300000000005	3289.26
-9.42	-20.48	374.24	3284.46
-9.42	-20.48	373.168	3280.92
-9.42	-20.48	372.096	3277.38
-9.42	-20.48	371.023	3273.18
-9.42	-20.48	369.95	3274.88
-9.42	-20.48	368.87699999999995	3269.34
-9.42	-20.48	367.80400000000003	3267.97
-9.42	-20.48	366.73	3266.93
-9.42	-20.48	365.656	3268.85
-9.42	-20.48	364.582	3268.87
-9.42	-20.48	363.50800000000004	3270.33
-9.42	-20.48	362.434	3279.19
-9.42	-20.48	361.35900000000004	3285.04
-9.42	-20.48	360.285	3289.86
-9.42	-20.48	359.21	3301.73
-9.42	-20.48	358.135	3301.2
-9.42	-20.48	357.059	3316.76
-9.42	-20.48	355.98400000000004	3338.45
-9.42	-20.48	354.908	3352.86
-9.42	-20.48	353.832	3377.36
-9.42	-20.48	352.756	3397.24
-9.42	-20.48	351.67900000000003	3417.58
-9.42	-20.48	350.603	3448.05
-9.42	-20.48	349.526	3480.79
-9.42	-20.48	348.449	3509.85
-9.42	-20.48	347.37199999999996	3542.72
-9.42	-20.48	346.295	3569.86
-9.42	-20.48	345.217	3593.81
-9.42	-20.48	344.139	3617.98
-9.42	-20.48	343.061	3633.97
-9.42	-20.48	341.983	3652.63
-9.42	-20.48	340.905	3664.95
-9.42	-20.48	339.82599999999996	3675.88
-9.42	-20.48	338.74699999999996	3673.77
-9.42	-20.48	337.668	3674.14
-9.42	-20.48	336.589	3671.68
-9.42	-20.48	335.51	3669.83
-9.42	-20.48	334.43	3661.86
-9.42	-20.48	333.35	3654.35
-9.42	-20.48	332.27	3648.52
-9.42	-20.48	331.19	3642.1
-9.42	-20.48	330.11	3631.86
-9.42	-20.48	329.029	3618.51
-9.42	-20.48	327.94800000000004	3608.91
-9.42	-20.48	326.867	3603.45
-9.42	-20.48	325.786	3597.27
-9.42	-20.48	324.705	3599.59
-9.42	-20.48	323.623	3602.08
-9.42	-20.48	322.541	3604.9
-9.42	-20.48	321.459	3621.28
-9.42	-20.48	320.377	3630.73
-9.42	-20.48	319.29400000000004	3636.19
-9.42	-20.48	318.212	3653.09
-9.42	-20.48	317.129	3676.9
-9.42	-20.48	316.046	3688.3
-9.42	-20.48	314.962	3700.18
-9.42	-20.48	313.879	3709.04
-9.42	-20.48	312.795	3717.64
-9.42	-20.48	311.711	3726.77
-9.42	-20.48	310.627	3735.59
-9.42	-20.48	309.543	3747.85
-9.42	-20.48	308.45799999999997	3755.44
-9.42	-20.48	307.374	3762.02
-9.42	-20.48	306.289	3764.98
-9.42	-20.48	305.204	3780.18
-9.42	-20.48	304.118	3789.67
-9.42	-20.48	303.033	3793.95
-9.42	-20.48	301.947	3806.45
-9.42	-20.48	300.861	3813.99
-9.42	-20.48	299.775	3818.29
-9.42	-20.48	298.689	3830.16
-9.42	-20.48	297.60200000000003	3841.35
-9.42	-20.48	296.515	3850.09
-9.42	-20.48	295.428	3865.32
-9.42	-20.48	294.341	3884.84
-9.42	-20.48	293.254	3903.27
-9.42	-20.48	292.166	3926.25
-9.42	-20.48	291.079	3943.66
-9.42	-20.48	289.991	3966.45
-9.42	-20.48	288.902	3984.61
-9.42	-20.48	287.814	3999.84
-9.42	-20.48	286.725	4026.74
-9.42	-20.48	285.637	4055.02
-9.42	-20.48	284.547	4084.93
-9.42	-20.48	283.45799999999997	4108.59
-9.42	-20.48	282.369	4136.58
-9.42	-20.48	281.279	4156.66
-9.42	-20.48	280.189	4187.9
-9.42	-20.48	279.099	4209.83
-9.42	-20.48	278.009	4223.38
-9.42	-20.48	276.91900000000004	4239.36
-9.42	-20.48	275.828	4258.46
-9.42	-20.48	274.737	4262.48
-9.42	-20.48	273.64599999999996	4266.64
-9.42	-20.48	272.555	4280.22
-9.42	-20.48	271.46299999999997	4284.31
-9.42	-20.48	270.371	4284.57
-9.42	-20.48	269.28	4285.86
-9.42	-20.48	268.187	4286.66
-9.42	-20.48	267.095	4285.37
-9.42	-20.48	266.003	4288.53
-9.42	-20.48	264.91	4287.72
-9.42	-20.48	263.817	4290.15
-9.42	-20.48	262.724	4290.98
-9.42	-20.48	261.63	4294.29
-9.42	-20.48	260.53700000000003	4289.24
-9.42	-20.48	259.443	4285.79
-9.42	-20.48	258.349	4285.55
-9.42	-20.48	257.255	4299.4
-9.42	-20.48	256.16	4299.73
-9.42	-20.48	255.06599999999997	4320.54
-9.42	-20.48	253.97099999999998	4344.18
-9.42	-20.48	252.87599999999998	4357.56
-9.42	-20.48	251.78099999999998	4376.49
-9.42	-20.48	250.685	4395.96
-9.42	-20.48	249.59	4414.02
-9.42	-20.48	248.49400000000003	4422.59
-9.42	-20.48	247.398	4433.76
-9.42	-20.48	246.30200000000002	4446.61
-9.42	-20.48	245.205	4446.0
-9.42	-20.48	244.108	4455.21
-9.42	-20.48	243.012	4467.68
-9.42	-20.48	241.91400000000002	4467.62
-9.42	-20.48	240.817	4463.49
-9.42	-20.48	239.72	4471.67
-9.42	-20.48	238.622	4472.48
-9.42	-20.48	237.524	4466.26
-9.42	-20.48	236.426	4459.21
-9.42	-20.48	235.328	4462.68
-9.42	-20.48	234.229	4455.25
-9.42	-20.48	233.13	4447.12
-9.42	-20.48	232.03099999999998	4448.36
-9.42	-20.48	230.93200000000002	4445.01
-9.42	-20.48	229.833	4427.53
-9.42	-20.48	228.733	4421.81
-9.42	-20.48	227.63299999999998	4420.59
-9.42	-20.48	226.533	4419.52
-9.42	-20.48	225.433	4418.4
-9.42	-20.48	224.333	4422.08
-9.42	-20.48	223.232	4423.63
-9.42	-20.48	222.13099999999997	4426.77
-9.42	-20.48	221.03	4425.53
-9.42	-20.48	219.929	4429.02
-9.42	-20.48	218.827	4437.99
-9.42	-20.48	217.726	4441.92
-9.42	-20.48	216.62400000000002	4443.21
-9.42	-20.48	215.52200000000002	4441.52
-9.42	-20.48	214.419	4446.5
-9.42	-20.48	213.317	4456.17
-9.42	-20.48	212.21400000000003	4455.99
-9.42	-20.48	211.111	4462.98
-9.42	-20.48	210.00799999999998	4470.64
-9.42	-20.48	208.905	4474.34
-9.42	-20.48	207.801	4476.64
-9.42	-20.48	206.697	4488.2
-9.42	-20.48	205.593	4496.5
-9.42	-20.48	204.489	4499.8
-9.42	-20.48	203.385	4505.68
-9.42	-20.48	202.28	4518.22
-9.42	-20.48	201.175	4525.58
-9.42	-20.48	200.07	4532.22
