-9.42	-34.48	1999.92	1482.12
-9.42	-34.48	1999.14	1481.68
-9.42	-34.48	1998.35	1483.91
-9.42	-34.48	1997.57	1488.01
-9.42	-34.48	1996.78	1487.74
-9.42	-34.48	1996.0	1488.56
-9.42	-34.48	1995.21	1490.02
-9.42	-34.48	1994.42	1490.57
-9.42	-34.48	1993.64	1491.89
-9.42	-34.48	1992.85	1493.55
-9.42	-34.48	1992.07	1489.85
-9.42	-34.48	1991.28	1487.11
-9.42	-34.48	1990.5	1489.49
-9.42	-34.48	1989.71	1491.32
-9.42	-34.48	1988.92	1493.36
-9.42	-34.48	1988.14	1491.53
-9.42	-34.48	1987.35	1489.19
-9.42	-34.48	1986.56	1491.84
-9.42	-34.48	1985.78	1494.91
-9.42	-34.48	1984.99	1492.54
-9.42	-34.48	1984.2	1492.87
-9.42	-34.48	1983.42	1495.18
-9.42	-34.48	1982.63	1508.04
-9.42	-34.48	1981.84	1516.3
-9.42	-34.48	1981.05	1518.17
-9.42	-34.48	1980.27	1517.17
-9.42	-34.48	1979.48	1520.89
-9.42	-34.48	1978.69	1523.98
-9.42	-34.48	1977.9	1525.38
-9.42	-34.48	1977.11	1528.82
-9.42	-34.48	1976.33	1528.32
-9.42	-34.48	1975.54	1536.18
-9.42	-34.48	1974.75	1541.92
-9.42	-34.48	1973.96	1538.95
-9.42	-34.48	1973.17	1535.15
-9.42	-34.48	1972.38	1537.8
-9.42	-34.48	1971.59	1539.45
-9.42	-34.48	1970.8	1543.26
-9.42	-34.48	1970.01	1544.55
-9.42	-34.48	1969.22	1544.93
-9.42	-34.48	1968.43	1541.95
-9.42	-34.48	1967.64	1544.7
-9.42	-34.48	1966.85	1554.88
-9.42	-34.48	1966.06	1552.06
-9.42	-34.48	1965.27	1553.6
-9.42	-34.48	1964.48	1556.21
-9.42	-34.48	1963.69	1559.95
-9.42	-34.48	1962.9	1561.46
-9.42	-34.48	1962.11	1564.36
-9.42	-34.48	1961.32	1565.56
-9.42	-34.48	1960.53	1575.35
-9.42	-34.48	1959.74	1581.25
-9.42	-34.48	1958.95	1582.68
-9.42	-34.48	1958.16	1579.31
-9.42	-34.48	1957.37	1579.91
-9.42	-34.48	1956.57	1579.23
-9.42	-34.48	1955.78	1580.75
-9.42	-34.48	1954.99	1575.79
-9.42	-34.48	1954.2	1574.97
-9.42	-34.48	1953.41	1576.86
-9.42	-34.48	1952.61	1576.4
-9.42	-34.48	1951.82	1578.04
-9.42	-34.48	1951.03	1575.82
-9.42	-34.48	1950.24	1570.47
-9.42	-34.48	1949.44	1573.78
-9.42	-34.48	1948.65	1579.66
-9.42	-34.48	1947.86	1582.43
-9.42	-34.48	1947.06	1587.45
-9.42	-34.48	1946.27	1584.84
-9.42	-34.48	1945.48	1590.01
-9.42	-34.48	1944.68	1592.92
-9.42	-34.48	1943.89	1594.73
-9.42	-34.48	1943.1	1599.33
-9.42	-34.48	1942.3	1596.11
-9.42	-34.48	1941.51	1605.21
-9.42	-34.48	1940.71	1610.45
-9.42	-34.48	1939.92	1604.19
-9.42	-34.48	1939.12	1599.35
-9.42	-34.48	1938.33	1601.75
-9.42	-34.48	1937.53	1600.69
-9.42	-34.48	1936.74	1604.53
-9.42	-34.48	1935.94	1595.04
-9.42	-34.48	1935.15	1593.12
-9.42	-34.48	1934.35	1594.08
-9.42	-34.48	1933.56	1589.94
-9.42	-34.48	1932.76	1589.43
-9.42	-34.48	1931.97	1590.43
-9.42	-34.48	1931.17	1593.41
-9.42	-34.48	1930.37	1599.11
-9.42	-34.48	1929.58	1602.59
-9.42	-34.48	1928.78	1598.81
-9.42	-34.48	1927.99	1601.34
-9.42	-34.48	1927.19	1600.99
-9.42	-34.48	1926.39	1604.47
-9.42	-34.48	1925.6	1607.41
-9.42	-34.48	1924.8	1611.3
-9.42	-34.48	1924.0	1611.58
-9.42	-34.48	1923.2	1618.45
-9.42	-34.48	1922.41	1622.5
-9.42	-34.48	1921.61	1625.44
-9.42	-34.48	1920.81	1622.14
-9.42	-34.48	1920.01	1629.01
-9.42	-34.48	1919.22	1637.73
-9.42	-34.48	1918.42	1639.97
-9.42	-34.48	1917.62	1646.39
-9.42	-34.48	1916.82	1643.76
-9.42	-34.48	1916.02	1640.96
-9.42	-34.48	1915.22	1641.9
-9.42	-34.48	1914.43	1643.32
-9.42	-34.48	1913.63	1645.03
-9.42	-34.48	1912.83	1649.65
-9.42	-34.48	1912.03	1649.99
-9.42	-34.48	1911.23	1652.3
-9.42	-34.48	1910.43	1650.59
-9.42	-34.48	1909.63	1648.51
-9.42	-34.48	1908.83	1656.39
-9.42	-34.48	1908.03	1660.97
-9.42	-34.48	1907.23	1666.36
-9.42	-34.48	1906.43	1665.17
-9.42	-34.48	1905.63	1665.74
-9.42	-34.48	1904.83	1667.83
-9.42	-34.48	1904.03	1671.45
-9.42	-34.48	1903.23	1675.09
-9.42	-34.48	1902.43	1675.64
-9.42	-34.48	1901.63	1676.7
-9.42	-34.48	1900.83	1681.03
-9.42	-34.48	1900.03	1682.95
-9.42	-34.48	1899.23	1684.3
-9.42	-34.48	1898.42	1679.79
-9.42	-34.48	1897.62	1676.35
-9.42	-34.48	1896.82	1680.63
-9.42	-34.48	1896.02	1688.11
-9.42	-34.48	1895.22	1688.29
-9.42	-34.48	1894.41	1687.69
-9.42	-34.48	1893.61	1689.89
-9.42	-34.48	1892.81	1688.03
-9.42	-34.48	1892.01	1687.47
-9.42	-34.48	1891.21	1690.4
-9.42	-34.48	1890.4	1686.51
-9.42	-34.48	1889.6	1692.67
-9.42	-34.48	1888.8	1697.02
-9.42	-34.48	1887.99	1696.6
-9.42	-34.48	1887.19	1695.51
-9.42	-34.48	1886.39	1699.14
-9.42	-34.48	1885.58	1705.32
-9.42	-34.48	1884.78	1713.89
-9.42	-34.48	1883.98	1722.58
-9.42	-34.48	1883.17	1726.03
-9.42	-34.48	1882.37	1729.15
-9.42	-34.48	1881.56	1737.16
-9.42	-34.48	1880.76	1745.05
-9.42	-34.48	1879.95	1751.4
-9.42	-34.48	1879.15	1754.88
-9.42	-34.48	1878.35	1759.3
-9.42	-34.48	1877.54	1764.84
-9.42	-34.48	1876.74	1772.19
-9.42	-34.48	1875.93	1770.88
-9.42	-34.48	1875.13	1769.15
-9.42	-34.48	1874.32	1772.4
-9.42	-34.48	1873.51	1777.57
-9.42	-34.48	1872.71	1780.05
-9.42	-34.48	1871.9	1781.49
-9.42	-34.48	1871.1	1788.1
-9.42	-34.48	1870.29	1791.14
-9.42	-34.48	1869.48	1787.56
-9.42	-34.48	1868.68	1788.53
-9.42	-34.48	1867.87	1787.38
-9.42	-34.48	1867.06	1788.98
-9.42	-34.48	1866.26	1785.9
-9.42	-34.48	1865.45	1787.43
-9.42	-34.48	1864.64	1781.87
-9.42	-34.48	1863.84	1775.68
-9.42	-34.48	1863.03	1775.14
-9.42	-34.48	1862.22	1769.84
-9.42	-34.48	1861.41	1773.57
-9.42	-34.48	1860.61	1771.95
-9.42	-34.48	1859.8	1776.56
-9.42	-34.48	1858.99	1775.71
-9.42	-34.48	1858.18	1781.33
-9.42	-34.48	1857.37	1783.59
-9.42	-34.48	1856.57	1787.98
-9.42	-34.48	1855.76	1796.95
-9.42	-34.48	1854.95	1798.62
-9.42	-34.48	1854.14	1804.33
-9.42	-34.48	1853.33	1808.76
-9.42	-34.48	1852.52	1816.29
-9.42	-34.48	1851.71	1814.98
-9.42	-34.48	1850.9	1816.86
-9.42	-34.48	1850.09	1820.33
-9.42	-34.48	1849.28	1823.58
-9.42	-34.48	1848.47	1830.17
-9.42	-34.48	1847.66	1839.18
-9.42	-34.48	1846.85	1849.61
-9.42	-34.48	1846.04	1850.59
-9.42	-34.48	1845.23	1857.1
-9.42	-34.48	1844.42	1868.92
-9.42	-34.48	1843.61	1871.8
-9.42	-34.48	1842.8	1877.35
-9.42	-34.48	1841.99	1879.94
-9.42	-34.48	1841.18	1876.52
-9.42	-34.48	1840.37	1878.64
-9.42	-34.48	1839.56	1876.49
-9.42	-34.48	1838.75	1879.07
-9.42	-34.48	1837.94	1877.6
-9.42	-34.48	1837.12	1889.65
-9.42	-34.48	1836.31	1888.74
-9.42	-34.48	1835.5	1896.24
-9.42	-34.48	1834.69	1893.76
-9.42	-34.48	1833.88	1898.38
-9.42	-34.48	1833.06	1901.4
-9.42	-34.48	1832.25	1911.14
-9.42	-34.48	1831.44	1914.26
-9.42	-34.48	1830.63	1914.05
-9.42	-34.48	1829.81	1917.76
-9.42	-34.48	1829.0	1922.65
-9.42	-34.48	1828.19	1920.63
-9.42	-34.48	1827.37	1916.35
-9.42	-34.48	1826.56	1917.85
-9.42	-34.48	1825.75	1921.88
-9.42	-34.48	1824.93	1927.6
-9.42	-34.48	1824.12	1936.31
-9.42	-34.48	1823.3	1935.23
-9.42	-34.48	1822.49	1939.2
-9.42	-34.48	1821.68	1937.18
-9.42	-34.48	1820.86	1941.78
-9.42	-34.48	1820.05	1945.64
-9.42	-34.48	1819.23	1947.04
-9.42	-34.48	1818.42	1948.76
-9.42	-34.48	1817.6	1950.18
-9.42	-34.48	1816.79	1951.45
-9.42	-34.48	1815.97	1950.15
-9.42	-34.48	1815.16	1960.33
-9.42	-34.48	1814.34	1971.81
-9.42	-34.48	1813.53	1976.02
-9.42	-34.48	1812.71	1982.38
-9.42	-34.48	1811.89	1986.27
-9.42	-34.48	1811.08	1993.38
-9.42	-34.48	1810.26	1998.63
-9.42	-34.48	1809.45	2009.19
-9.42	-34.48	1808.63	2015.54
-9.42	-34.48	1807.81	2019.68
-9.42	-34.48	1807.0	2025.6
-9.42	-34.48	1806.18	2031.4
-9.42	-34.48	1805.36	2033.42
-9.42	-34.48	1804.54	2037.12
-9.42	-34.48	1803.73	2038.94
-9.42	-34.48	1802.91	2042.25
-9.42	-34.48	1802.09	2048.55
-9.42	-34.48	1801.27	2051.61
-9.42	-34.48	1800.46	2054.45
-9.42	-34.48	1799.64	2054.81
-9.42	-34.48	1798.82	2050.34
-9.42	-34.48	1798.0	2055.56
-9.42	-34.48	1797.18	2055.86
-9.42	-34.48	1796.37	2065.25
-9.42	-34.48	1795.55	2073.74
-9.42	-34.48	1794.73	2072.2
-9.42	-34.48	1793.91	2071.43
-9.42	-34.48	1793.09	2075.74
-9.42	-34.48	1792.27	2082.08
-9.42	-34.48	1791.45	2089.1
-9.42	-34.48	1790.63	2101.48
-9.42	-34.48	1789.81	2103.45
-9.42	-34.48	1788.99	2104.75
-9.42	-34.48	1788.17	2112.97
-9.42	-34.48	1787.35	2114.49
-9.42	-34.48	1786.53	2117.02
-9.42	-34.48	1785.71	2129.52
-9.42	-34.48	1784.89	2141.24
-9.42	-34.48	1784.07	2148.9
-9.42	-34.48	1783.25	2162.33
-9.42	-34.48	1782.43	2173.19
-9.42	-34.48	1781.61	2177.65
-9.42	-34.48	1780.79	2192.22
-9.42	-34.48	1779.97	2205.73
-9.42	-34.48	1779.14	2220.26
-9.42	-34.48	1778.32	2227.64
-9.42	-34.48	1777.5	2240.93
-9.42	-34.48	1776.68	2248.78
-9.42	-34.48	1775.86	2264.82
-9.42	-34.48	1775.03	2274.83
-9.42	-34.48	1774.21	2290.5
-9.42	-34.48	1773.39	2307.1
-9.42	-34.48	1772.57	2319.22
-9.42	-34.48	1771.74	2334.69
-9.42	-34.48	1770.92	2340.7
-9.42	-34.48	1770.1	2343.23
-9.42	-34.48	1769.28	2350.12
-9.42	-34.48	1768.45	2355.72
-9.42	-34.48	1767.63	2364.65
-9.42	-34.48	1766.81	2372.49
-9.42	-34.48	1765.98	2379.48
-9.42	-34.48	1765.16	2384.74
-9.42	-34.48	1764.33	2389.83
-9.42	-34.48	1763.51	2393.12
-9.42	-34.48	1762.69	2398.72
-9.42	-34.48	1761.86	2415.04
-9.42	-34.48	1761.04	2425.91
-9.42	-34.48	1760.21	2435.42
-9.42	-34.48	1759.39	2441.82
-9.42	-34.48	1758.56	2456.19
-9.42	-34.48	1757.74	2457.31
-9.42	-34.48	1756.91	2464.85
-9.42	-34.48	1756.09	2475.64
-9.42	-34.48	1755.26	2482.33
-9.42	-34.48	1754.44	2485.83
-9.42	-34.48	1753.61	2479.08
-9.42	-34.48	1752.78	2480.81
-9.42	-34.48	1751.96	2480.85
-9.42	-34.48	1751.13	2487.29
-9.42	-34.48	1750.31	2484.17
-9.42	-34.48	1749.48	2478.04
-9.42	-34.48	1748.65	2476.78
-9.42	-34.48	1747.83	2478.48
-9.42	-34.48	1747.0	2479.81
-9.42	-34.48	1746.17	2468.99
-9.42	-34.48	1745.34	2464.49
-9.42	-34.48	1744.52	2463.54
-9.42	-34.48	1743.69	2461.15
-9.42	-34.48	1742.86	2464.16
-9.42	-34.48	1742.03	2463.61
-9.42	-34.48	1741.21	2462.15
-9.42	-34.48	1740.38	2464.65
-9.42	-34.48	1739.55	2468.15
-9.42	-34.48	1738.72	2470.28
-9.42	-34.48	1737.89	2473.19
-9.42	-34.48	1737.07	2482.19
-9.42	-34.48	1736.24	2495.93
-9.42	-34.48	1735.41	2515.6
-9.42	-34.48	1734.58	2524.83
-9.42	-34.48	1733.75	2538.84
-9.42	-34.48	1732.92	2546.83
-9.42	-34.48	1732.09	2558.26
-9.42	-34.48	1731.26	2570.92
-9.42	-34.48	1730.43	2576.39
-9.42	-34.48	1729.6	2580.68
-9.42	-34.48	1728.77	2588.65
-9.42	-34.48	1727.94	2594.31
-9.42	-34.48	1727.11	2597.13
-9.42	-34.48	1726.28	2606.1
-9.42	-34.48	1725.45	2617.75
-9.42	-34.48	1724.62	2621.56
-9.42	-34.48	1723.79	2640.72
-9.42	-34.48	1722.96	2650.47
-9.42	-34.48	1722.13	2656.26
-9.42	-34.48	1721.3	2663.4
-9.42	-34.48	1720.46	2678.61
-9.42	-34.48	1719.63	2680.7
-9.42	-34.48	1718.8	2688.74
-9.42	-34.48	1717.97	2693.32
-9.42	-34.48	1717.14	2699.62
-9.42	-34.48	1716.3	2700.47
-9.42	-34.48	1715.47	2696.8
-9.42	-34.48	1714.64	2697.77
-9.42	-34.48	1713.81	2705.29
-9.42	-34.48	1712.97	2714.81
-9.42	-34.48	1712.14	2727.27
-9.42	-34.48	1711.31	2734.35
-9.42	-34.48	1710.48	2736.46
-9.42	-34.48	1709.64	2736.6
-9.42	-34.48	1708.81	2737.96
-9.42	-34.48	1707.98	2744.36
-9.42	-34.48	1707.14	2752.56
-9.42	-34.48	1706.31	2756.4
-9.42	-34.48	1705.47	2752.52
-9.42	-34.48	1704.64	2757.78
-9.42	-34.48	1703.81	2757.12
-9.42	-34.48	1702.97	2760.01
-9.42	-34.48	1702.14	2767.41
-9.42	-34.48	1701.3	2776.58
-9.42	-34.48	1700.47	2778.91
-9.42	-34.48	1699.63	2772.78
-9.42	-34.48	1698.8	2779.97
-9.42	-34.48	1697.96	2779.66
-9.42	-34.48	1697.13	2786.21
-9.42	-34.48	1696.29	2790.47
-9.42	-34.48	1695.46	2797.85
-9.42	-34.48	1694.62	2798.01
-9.42	-34.48	1693.78	2804.37
-9.42	-34.48	1692.95	2801.87
-9.42	-34.48	1692.11	2808.69
-9.42	-34.48	1691.28	2807.78
-9.42	-34.48	1690.44	2814.88
-9.42	-34.48	1689.6	2828.11
-9.42	-34.48	1688.77	2837.91
-9.42	-34.48	1687.93	2842.96
-9.42	-34.48	1687.09	2855.04
-9.42	-34.48	1686.25	2862.33
-9.42	-34.48	1685.42	2876.75
-9.42	-34.48	1684.58	2890.27
-9.42	-34.48	1683.74	2898.93
-9.42	-34.48	1682.9	2920.04
-9.42	-34.48	1682.07	2940.94
-9.42	-34.48	1681.23	2958.46
-9.42	-34.48	1680.39	2977.56
-9.42	-34.48	1679.55	2998.98
-9.42	-34.48	1678.71	3014.34
-9.42	-34.48	1677.87	3035.61
-9.42	-34.48	1677.04	3047.79
-9.42	-34.48	1676.2	3065.14
-9.42	-34.48	1675.36	3085.37
-9.42	-34.48	1674.52	3100.86
-9.42	-34.48	1673.68	3126.36
-9.42	-34.48	1672.84	3152.53
-9.42	-34.48	1672.0	3173.86
-9.42	-34.48	1671.16	3190.12
-9.42	-34.48	1670.32	3220.79
-9.42	-34.48	1669.48	3241.78
-9.42	-34.48	1668.64	3271.97
-9.42	-34.48	1667.8	3303.5
-9.42	-34.48	1666.96	3336.02
-9.42	-34.48	1666.12	3364.24
-9.42	-34.48	1665.28	3397.85
-9.42	-34.48	1664.44	3423.06
-9.42	-34.48	1663.6	3453.24
-9.42	-34.48	1662.75	3491.73
-9.42	-34.48	1661.91	3524.68
-9.42	-34.48	1661.07	3550.62
-9.42	-34.48	1660.23	3590.67
-9.42	-34.48	1659.39	3629.98
-9.42	-34.48	1658.55	3673.26
-9.42	-34.48	1657.7	3725.58
-9.42	-34.48	1656.86	3769.81
-9.42	-34.48	1656.02	3812.18
-9.42	-34.48	1655.18	3851.43
-9.42	-34.48	1654.33	3886.04
-9.42	-34.48	1653.49	3931.06
-9.42	-34.48	1652.65	3975.36
-9.42	-34.48	1651.81	4025.53
-9.42	-34.48	1650.96	4078.33
-9.42	-34.48	1650.12	4123.73
-9.42	-34.48	1649.28	4169.15
-9.42	-34.48	1648.43	4220.97
-9.42	-34.48	1647.59	4273.01
-9.42	-34.48	1646.74	4318.99
-9.42	-34.48	1645.9	4364.78
-9.42	-34.48	1645.06	4429.86
-9.42	-34.48	1644.21	4486.9
-9.42	-34.48	1643.37	4546.49
-9.42	-34.48	1642.52	4599.3
-9.42	-34.48	1641.68	4650.75
-9.42	-34.48	1640.83	4701.36
-9.42	-34.48	1639.99	4760.62
-9.42	-34.48	1639.14	4816.82
-9.42	-34.48	1638.3	4879.31
-9.42	-34.48	1637.45	4931.3
-9.42	-34.48	1636.61	4994.04
-9.42	-34.48	1635.76	5060.83
-9.42	-34.48	1634.91	5131.33
-9.42	-34.48	1634.07	5197.93
-9.42	-34.48	1633.22	5259.98
-9.42	-34.48	1632.38	5330.22
-9.42	-34.48	1631.53	5392.99
-9.42	-34.48	1630.68	5470.21
-9.42	-34.48	1629.84	5543.67
-9.42	-34.48	1628.99	5616.95
-9.42	-34.48	1628.14	5696.06
-9.42	-34.48	1627.29	5765.07
-9.42	-34.48	1626.45	5847.3
-9.42	-34.48	1625.6	5922.61
-9.42	-34.48	1624.75	6000.44
-9.42	-34.48	1623.9	6073.62
-9.42	-34.48	1623.06	6147.61
-9.42	-34.48	1622.21	6218.95
-9.42	-34.48	1621.36	6294.39
-9.42	-34.48	1620.51	6367.36
-9.42	-34.48	1619.66	6443.76
-9.42	-34.48	1618.81	6511.11
-9.42	-34.48	1617.96	6581.63
-9.42	-34.48	1617.12	6648.01
-9.42	-34.48	1616.27	6697.88
-9.42	-34.48	1615.42	6751.24
-9.42	-34.48	1614.57	6801.08
-9.42	-34.48	1613.72	6850.69
-9.42	-34.48	1612.87	6888.46
-9.42	-34.48	1612.02	6922.38
-9.42	-34.48	1611.17	6975.79
-9.42	-34.48	1610.32	7010.61
-9.42	-34.48	1609.47	7042.08
-9.42	-34.48	1608.62	7064.53
-9.42	-34.48	1607.77	7093.14
-9.42	-34.48	1606.92	7116.58
-9.42	-34.48	1606.06	7133.27
-9.42	-34.48	1605.21	7146.24
-9.42	-34.48	1604.36	7148.49
-9.42	-34.48	1603.51	7158.31
-9.42	-34.48	1602.66	7168.81
-9.42	-34.48	1601.81	7166.78
-9.42	-34.48	1600.96	7168.06
-9.42	-34.48	1600.1	7167.06
-9.42	-34.48	1599.25	7167.48
-9.42	-34.48	1598.4	7164.46
-9.42	-34.48	1597.55	7172.84
-9.42	-34.48	1596.69	7172.41
-9.42	-34.48	1595.84	7192.55
-9.42	-34.48	1594.99	7210.36
-9.42	-34.48	1594.14	7228.71
-9.42	-34.48	1593.28	7237.28
-9.42	-34.48	1592.43	7260.97
-9.42	-34.48	1591.58	7279.2
-9.42	-34.48	1590.72	7295.11
-9.42	-34.48	1589.87	7324.43
-9.42	-34.48	1589.02	7361.88
-9.42	-34.48	1588.16	7416.31
-9.42	-34.48	1587.31	7475.45
-9.42	-34.48	1586.45	7518.95
-9.42	-34.48	1585.6	7581.07
-9.42	-34.48	1584.74	7657.29
-9.42	-34.48	1583.89	7735.39
-9.42	-34.48	1583.03	7817.11
-9.42	-34.48	1582.18	7896.45
-9.42	-34.48	1581.32	7994.96
-9.42	-34.48	1580.47	8101.36
-9.42	-34.48	1579.61	8209.09
-9.42	-34.48	1578.76	8317.21
-9.42	-34.48	1577.9	8434.85
-9.42	-34.48	1577.05	8566.25
-9.42	-34.48	1576.19	8695.93
-9.42	-34.48	1575.33	8849.72
-9.42	-34.48	1574.48	9008.44
-9.42	-34.48	1573.62	9174.05
-9.42	-34.48	1572.76	9350.71
-9.42	-34.48	1571.91	9537.75
-9.42	-34.48	1571.05	9717.56
-9.42	-34.48	1570.19	9922.98
-9.42	-34.48	1569.34	10137.1
-9.42	-34.48	1568.48	10329.9
-9.42	-34.48	1567.62	10504.3
-9.42	-34.48	1566.76	10697.3
-9.42	-34.48	1565.91	10869.2
-9.42	-34.48	1565.05	11025.0
-9.42	-34.48	1564.19	11164.5
-9.42	-34.48	1563.33	11276.1
-9.42	-34.48	1562.47	11377.5
-9.42	-34.48	1561.62	11448.6
-9.42	-34.48	1560.76	11470.5
-9.42	-34.48	1559.9	11500.7
-9.42	-34.48	1559.04	11502.4
-9.42	-34.48	1558.18	11470.8
-9.42	-34.48	1557.32	11408.7
-9.42	-34.48	1556.46	11315.9
-9.42	-34.48	1555.6	11225.4
-9.42	-34.48	1554.74	11114.8
-9.42	-34.48	1553.88	10982.2
-9.42	-34.48	1553.02	10831.4
-9.42	-34.48	1552.16	10694.5
-9.42	-34.48	1551.3	10563.9
-9.42	-34.48	1550.44	10417.8
-9.42	-34.48	1549.58	10273.5
-9.42	-34.48	1548.72	10117.5
-9.42	-34.48	1547.86	9976.67
-9.42	-34.48	1547.0	9843.57
-9.42	-34.48	1546.14	9731.98
-9.42	-34.48	1545.28	9621.57
-9.42	-34.48	1544.41	9534.57
-9.42	-34.48	1543.55	9461.29
-9.42	-34.48	1542.69	9380.56
-9.42	-34.48	1541.83	9315.84
-9.42	-34.48	1540.97	9262.55
-9.42	-34.48	1540.1	9197.33
-9.42	-34.48	1539.24	9142.49
-9.42	-34.48	1538.38	9089.13
-9.42	-34.48	1537.52	9019.02
-9.42	-34.48	1536.65	8984.6
-9.42	-34.48	1535.79	8936.67
-9.42	-34.48	1534.93	8885.36
-9.42	-34.48	1534.06	8841.06
-9.42	-34.48	1533.2	8790.1
-9.42	-34.48	1532.34	8744.53
-9.42	-34.48	1531.47	8697.12
-9.42	-34.48	1530.61	8657.91
-9.42	-34.48	1529.75	8621.59
-9.42	-34.48	1528.88	8606.11
-9.42	-34.48	1528.02	8570.99
-9.42	-34.48	1527.15	8539.93
-9.42	-34.48	1526.29	8524.94
-9.42	-34.48	1525.42	8497.05
-9.42	-34.48	1524.56	8457.16
-9.42	-34.48	1523.69	8438.8
-9.42	-34.48	1522.83	8414.63
-9.42	-34.48	1521.96	8415.7
-9.42	-34.48	1521.1	8432.27
-9.42	-34.48	1520.23	8463.54
-9.42	-34.48	1519.37	8482.28
-9.42	-34.48	1518.5	8525.8
-9.42	-34.48	1517.63	8586.86
-9.42	-34.48	1516.77	8647.05
-9.42	-34.48	1515.9	8690.81
-9.42	-34.48	1515.03	8735.77
-9.42	-34.48	1514.17	8786.29
-9.42	-34.48	1513.3	8852.85
-9.42	-34.48	1512.43	8919.23
-9.42	-34.48	1511.57	8970.03
-9.42	-34.48	1510.7	9039.11
-9.42	-34.48	1509.83	9089.88
-9.42	-34.48	1508.96	9118.91
-9.42	-34.48	1508.1	9142.27
-9.42	-34.48	1507.23	9167.29
-9.42	-34.48	1506.36	9201.41
-9.42	-34.48	1505.49	9210.48
-9.42	-34.48	1504.62	9216.81
-9.42	-34.48	1503.76	9204.64
-9.42	-34.48	1502.89	9214.16
-9.42	-34.48	1502.02	9201.39
-9.42	-34.48	1501.15	9175.47
-9.42	-34.48	1500.28	9140.58
-9.42	-34.48	1499.41	9104.47
-9.42	-34.48	1498.54	9066.08
-9.42	-34.48	1497.67	9047.1
-9.42	-34.48	1496.8	9008.12
-9.42	-34.48	1495.93	8985.86
-9.42	-34.48	1495.06	8961.9
-9.42	-34.48	1494.19	8916.89
-9.42	-34.48	1493.32	8873.2
-9.42	-34.48	1492.45	8840.13
-9.42	-34.48	1491.58	8803.67
-9.42	-34.48	1490.71	8766.22
-9.42	-34.48	1489.84	8729.84
-9.42	-34.48	1488.97	8703.03
-9.42	-34.48	1488.1	8690.13
-9.42	-34.48	1487.23	8681.57
-9.42	-34.48	1486.35	8667.74
-9.42	-34.48	1485.48	8651.15
-9.42	-34.48	1484.61	8640.73
-9.42	-34.48	1483.74	8633.87
-9.42	-34.48	1482.87	8630.95
-9.42	-34.48	1481.99	8635.72
-9.42	-34.48	1481.12	8650.29
-9.42	-34.48	1480.25	8666.11
-9.42	-34.48	1479.38	8681.06
-9.42	-34.48	1478.5	8709.11
-9.42	-34.48	1477.63	8725.63
-9.42	-34.48	1476.76	8764.33
-9.42	-34.48	1475.88	8797.8
-9.42	-34.48	1475.01	8814.11
-9.42	-34.48	1474.14	8840.11
-9.42	-34.48	1473.26	8875.82
-9.42	-34.48	1472.39	8902.36
-9.42	-34.48	1471.51	8927.95
-9.42	-34.48	1470.64	8941.54
-9.42	-34.48	1469.77	8951.47
-9.42	-34.48	1468.89	8950.61
-9.42	-34.48	1468.02	8948.59
-9.42	-34.48	1467.14	8956.53
-9.42	-34.48	1466.27	8956.36
-9.42	-34.48	1465.39	8975.39
-9.42	-34.48	1464.52	8991.22
-9.42	-34.48	1463.64	8997.42
-9.42	-34.48	1462.77	9013.9
-9.42	-34.48	1461.89	9044.71
-9.42	-34.48	1461.01	9058.07
-9.42	-34.48	1460.14	9079.77
-9.42	-34.48	1459.26	9099.88
-9.42	-34.48	1458.39	9133.57
-9.42	-34.48	1457.51	9179.8
-9.42	-34.48	1456.63	9219.85
-9.42	-34.48	1455.76	9257.4
-9.42	-34.48	1454.88	9318.94
-9.42	-34.48	1454.0	9379.76
-9.42	-34.48	1453.12	9450.71
-9.42	-34.48	1452.25	9508.88
-9.42	-34.48	1451.37	9569.57
-9.42	-34.48	1450.49	9651.42
-9.42	-34.48	1449.61	9725.46
-9.42	-34.48	1448.74	9782.04
-9.42	-34.48	1447.86	9845.5
-9.42	-34.48	1446.98	9896.5
-9.42	-34.48	1446.1	9947.39
-9.42	-34.48	1445.22	9974.8
-9.42	-34.48	1444.34	9995.11
-9.42	-34.48	1443.46	10007.8
-9.42	-34.48	1442.58	10016.1
-9.42	-34.48	1441.71	10003.4
-9.42	-34.48	1440.83	9980.4
-9.42	-34.48	1439.95	9953.25
-9.42	-34.48	1439.07	9929.83
-9.42	-34.48	1438.19	9887.06
-9.42	-34.48	1437.31	9840.16
-9.42	-34.48	1436.43	9815.64
-9.42	-34.48	1435.55	9798.45
-9.42	-34.48	1434.67	9781.03
-9.42	-34.48	1433.79	9776.53
-9.42	-34.48	1432.9	9780.3
-9.42	-34.48	1432.02	9843.34
-9.42	-34.48	1431.14	9922.23
-9.42	-34.48	1430.26	10040.5
-9.42	-34.48	1429.38	10198.4
-9.42	-34.48	1428.5	10412.7
-9.42	-34.48	1427.62	10639.3
-9.42	-34.48	1426.74	10870.0
-9.42	-34.48	1425.85	11117.6
-9.42	-34.48	1424.97	11382.7
-9.42	-34.48	1424.09	11643.4
-9.42	-34.48	1423.21	11896.1
-9.42	-34.48	1422.32	12119.1
-9.42	-34.48	1421.44	12326.6
-9.42	-34.48	1420.56	12514.6
-9.42	-34.48	1419.67	12687.1
-9.42	-34.48	1418.79	12806.4
-9.42	-34.48	1417.91	12901.4
-9.42	-34.48	1417.02	12962.2
-9.42	-34.48	1416.14	12990.6
-9.42	-34.48	1415.26	12965.8
-9.42	-34.48	1414.37	12915.7
-9.42	-34.48	1413.49	12844.4
-9.42	-34.48	1412.6	12740.2
-9.42	-34.48	1411.72	12601.5
-9.42	-34.48	1410.84	12447.5
-9.42	-34.48	1409.95	12296.9
-9.42	-34.48	1409.07	12130.1
-9.42	-34.48	1408.18	11961.7
-9.42	-34.48	1407.3	11786.1
-9.42	-34.48	1406.41	11665.2
-9.42	-34.48	1405.52	11575.0
-9.42	-34.48	1404.64	11494.8
-9.42	-34.48	1403.75	11451.0
-9.42	-34.48	1402.87	11430.5
-9.42	-34.48	1401.98	11433.3
-9.42	-34.48	1401.09	11429.6
-9.42	-34.48	1400.21	11426.7
-9.42	-34.48	1399.32	11462.3
-9.42	-34.48	1398.43	11516.9
-9.42	-34.48	1397.55	11576.3
-9.42	-34.48	1396.66	11648.4
-9.42	-34.48	1395.77	11707.0
-9.42	-34.48	1394.89	11789.0
-9.42	-34.48	1394.0	11889.4
-9.42	-34.48	1393.11	11962.8
-9.42	-34.48	1392.22	12019.0
-9.42	-34.48	1391.34	12097.7
-9.42	-34.48	1390.45	12167.9
-9.42	-34.48	1389.56	12234.0
-9.42	-34.48	1388.67	12276.0
-9.42	-34.48	1387.78	12316.5
-9.42	-34.48	1386.89	12372.7
-9.42	-34.48	1386.0	12399.1
-9.42	-34.48	1385.11	12418.4
-9.42	-34.48	1384.23	12445.0
-9.42	-34.48	1383.34	12479.6
-9.42	-34.48	1382.45	12499.1
-9.42	-34.48	1381.56	12512.9
-9.42	-34.48	1380.67	12519.4
-9.42	-34.48	1379.78	12551.3
-9.42	-34.48	1378.89	12569.1
-9.42	-34.48	1378.0	12580.6
-9.42	-34.48	1377.11	12614.6
-9.42	-34.48	1376.22	12650.4
-9.42	-34.48	1375.32	12684.9
-9.42	-34.48	1374.43	12720.5
-9.42	-34.48	1373.54	12771.5
-9.42	-34.48	1372.65	12831.1
-9.42	-34.48	1371.76	12906.7
-9.42	-34.48	1370.87	12967.6
-9.42	-34.48	1369.98	13018.7
-9.42	-34.48	1369.08	13065.7
-9.42	-34.48	1368.19	13121.3
-9.42	-34.48	1367.3	13157.7
-9.42	-34.48	1366.41	13155.2
-9.42	-34.48	1365.52	13157.2
-9.42	-34.48	1364.62	13161.4
-9.42	-34.48	1363.73	13146.1
-9.42	-34.48	1362.84	13120.6
-9.42	-34.48	1361.94	13067.6
-9.42	-34.48	1361.05	13015.4
-9.42	-34.48	1360.16	12957.6
-9.42	-34.48	1359.26	12874.4
-9.42	-34.48	1358.37	12797.1
-9.42	-34.48	1357.48	12707.9
-9.42	-34.48	1356.58	12612.7
-9.42	-34.48	1355.69	12505.1
-9.42	-34.48	1354.79	12391.9
-9.42	-34.48	1353.9	12282.1
-9.42	-34.48	1353.0	12190.1
-9.42	-34.48	1352.11	12089.7
-9.42	-34.48	1351.21	11994.9
-9.42	-34.48	1350.32	11928.1
-9.42	-34.48	1349.42	11872.2
-9.42	-34.48	1348.53	11823.5
-9.42	-34.48	1347.63	11775.4
-9.42	-34.48	1346.74	11756.1
-9.42	-34.48	1345.84	11740.0
-9.42	-34.48	1344.94	11744.9
-9.42	-34.48	1344.05	11745.0
-9.42	-34.48	1343.15	11767.4
-9.42	-34.48	1342.26	11801.9
-9.42	-34.48	1341.36	11834.2
-9.42	-34.48	1340.46	11845.5
-9.42	-34.48	1339.56	11865.8
-9.42	-34.48	1338.67	11898.3
-9.42	-34.48	1337.77	11945.4
-9.42	-34.48	1336.87	11985.3
-9.42	-34.48	1335.97	12012.8
-9.42	-34.48	1335.08	12030.1
-9.42	-34.48	1334.18	12052.1
-9.42	-34.48	1333.28	12058.9
-9.42	-34.48	1332.38	12073.8
-9.42	-34.48	1331.48	12091.3
-9.42	-34.48	1330.59	12092.7
-9.42	-34.48	1329.69	12095.5
-9.42	-34.48	1328.79	12083.4
-9.42	-34.48	1327.89	12072.9
-9.42	-34.48	1326.99	12066.5
-9.42	-34.48	1326.09	12068.3
-9.42	-34.48	1325.19	12043.7
-9.42	-34.48	1324.29	12037.4
-9.42	-34.48	1323.39	12039.2
-9.42	-34.48	1322.49	12025.5
-9.42	-34.48	1321.59	11995.6
-9.42	-34.48	1320.69	11981.2
-9.42	-34.48	1319.79	11976.1
-9.42	-34.48	1318.89	11967.5
-9.42	-34.48	1317.99	11958.9
-9.42	-34.48	1317.09	11952.8
-9.42	-34.48	1316.19	11976.5
-9.42	-34.48	1315.29	11980.8
-9.42	-34.48	1314.38	11986.1
-9.42	-34.48	1313.48	11996.3
-9.42	-34.48	1312.58	12026.8
-9.42	-34.48	1311.68	12052.0
-9.42	-34.48	1310.78	12068.2
-9.42	-34.48	1309.87	12086.7
-9.42	-34.48	1308.97	12118.4
-9.42	-34.48	1308.07	12145.5
-9.42	-34.48	1307.17	12169.1
-9.42	-34.48	1306.26	12187.0
-9.42	-34.48	1305.36	12239.5
-9.42	-34.48	1304.46	12276.5
-9.42	-34.48	1303.55	12299.0
-9.42	-34.48	1302.65	12323.7
-9.42	-34.48	1301.75	12346.1
-9.42	-34.48	1300.84	12384.3
-9.42	-34.48	1299.94	12404.8
-9.42	-34.48	1299.03	12414.4
-9.42	-34.48	1298.13	12402.6
-9.42	-34.48	1297.23	12412.9
-9.42	-34.48	1296.32	12407.7
-9.42	-34.48	1295.42	12380.0
-9.42	-34.48	1294.51	12342.1
-9.42	-34.48	1293.61	12323.6
-9.42	-34.48	1292.7	12278.4
-9.42	-34.48	1291.8	12229.8
-9.42	-34.48	1290.89	12189.4
-9.42	-34.48	1289.98	12154.3
-9.42	-34.48	1289.08	12122.6
-9.42	-34.48	1288.17	12046.5
-9.42	-34.48	1287.27	11995.2
-9.42	-34.48	1286.36	11952.5
-9.42	-34.48	1285.45	11908.1
-9.42	-34.48	1284.55	11851.4
-9.42	-34.48	1283.64	11804.5
-9.42	-34.48	1282.73	11786.4
-9.42	-34.48	1281.83	11744.7
-9.42	-34.48	1280.92	11693.0
-9.42	-34.48	1280.01	11623.4
-9.42	-34.48	1279.1	11573.6
-9.42	-34.48	1278.2	11533.0
-9.42	-34.48	1277.29	11466.5
-9.42	-34.48	1276.38	11396.6
-9.42	-34.48	1275.47	11338.0
-9.42	-34.48	1274.56	11283.6
-9.42	-34.48	1273.65	11215.1
-9.42	-34.48	1272.75	11123.9
-9.42	-34.48	1271.84	11046.1
-9.42	-34.48	1270.93	10965.7
-9.42	-34.48	1270.02	10877.3
-9.42	-34.48	1269.11	10784.8
-9.42	-34.48	1268.2	10688.9
-9.42	-34.48	1267.29	10594.8
-9.42	-34.48	1266.38	10516.2
-9.42	-34.48	1265.47	10421.7
-9.42	-34.48	1264.56	10347.3
-9.42	-34.48	1263.65	10276.3
-9.42	-34.48	1262.74	10202.2
-9.42	-34.48	1261.83	10132.9
-9.42	-34.48	1260.92	10069.3
-9.42	-34.48	1260.01	10040.0
-9.42	-34.48	1259.1	9998.14
-9.42	-34.48	1258.18	9947.01
-9.42	-34.48	1257.27	9899.03
-9.42	-34.48	1256.36	9877.81
-9.42	-34.48	1255.45	9853.74
-9.42	-34.48	1254.54	9804.65
-9.42	-34.48	1253.62	9783.8
-9.42	-34.48	1252.71	9762.3
-9.42	-34.48	1251.8	9752.56
-9.42	-34.48	1250.89	9732.82
-9.42	-34.48	1249.97	9738.59
-9.42	-34.48	1249.06	9751.8
-9.42	-34.48	1248.15	9781.79
-9.42	-34.48	1247.24	9802.81
-9.42	-34.48	1246.32	9820.12
-9.42	-34.48	1245.41	9858.85
-9.42	-34.48	1244.49	9904.17
-9.42	-34.48	1243.58	9936.92
-9.42	-34.48	1242.67	9970.97
-9.42	-34.48	1241.75	10035.2
-9.42	-34.48	1240.84	10095.8
-9.42	-34.48	1239.92	10161.1
-9.42	-34.48	1239.01	10220.8
-9.42	-34.48	1238.09	10286.9
-9.42	-34.48	1237.18	10350.9
-9.42	-34.48	1236.26	10396.3
-9.42	-34.48	1235.35	10445.3
-9.42	-34.48	1234.43	10505.5
-9.42	-34.48	1233.52	10556.9
-9.42	-34.48	1232.6	10584.2
-9.42	-34.48	1231.69	10612.3
-9.42	-34.48	1230.77	10648.7
-9.42	-34.48	1229.85	10686.3
-9.42	-34.48	1228.94	10707.4
-9.42	-34.48	1228.02	10721.9
-9.42	-34.48	1227.1	10728.7
-9.42	-34.48	1226.19	10752.7
-9.42	-34.48	1225.27	10752.4
-9.42	-34.48	1224.35	10740.1
-9.42	-34.48	1223.43	10751.4
-9.42	-34.48	1222.52	10775.2
-9.42	-34.48	1221.6	10765.1
-9.42	-34.48	1220.68	10772.2
-9.42	-34.48	1219.76	10788.0
-9.42	-34.48	1218.84	10804.4
-9.42	-34.48	1217.93	10818.2
-9.42	-34.48	1217.01	10815.0
-9.42	-34.48	1216.09	10827.7
-9.42	-34.48	1215.17	10846.9
-9.42	-34.48	1214.25	10868.2
-9.42	-34.48	1213.33	10887.0
-9.42	-34.48	1212.41	10892.1
-9.42	-34.48	1211.49	10897.8
-9.42	-34.48	1210.57	10883.5
-9.42	-34.48	1209.65	10843.9
-9.42	-34.48	1208.73	10795.4
-9.42	-34.48	1207.81	10741.9
-9.42	-34.48	1206.89	10663.9
-9.42	-34.48	1205.97	10567.5
-9.42	-34.48	1205.05	10460.9
-9.42	-34.48	1204.13	10359.5
-9.42	-34.48	1203.21	10236.2
-9.42	-34.48	1202.29	10091.4
-9.42	-34.48	1201.37	9934.16
-9.42	-34.48	1200.45	9789.55
-9.42	-34.48	1199.52	9629.23
-9.42	-34.48	1198.6	9468.29
-9.42	-34.48	1197.68	9311.59
-9.42	-34.48	1196.76	9166.64
-9.42	-34.48	1195.84	9025.12
-9.42	-34.48	1194.91	8892.42
-9.42	-34.48	1193.99	8771.84
-9.42	-34.48	1193.07	8704.05
-9.42	-34.48	1192.14	8638.82
-9.42	-34.48	1191.22	8579.15
-9.42	-34.48	1190.3	8549.5
-9.42	-34.48	1189.37	8543.88
-9.42	-34.48	1188.45	8551.53
-9.42	-34.48	1187.53	8577.33
-9.42	-34.48	1186.6	8616.09
-9.42	-34.48	1185.68	8671.6
-9.42	-34.48	1184.76	8737.54
-9.42	-34.48	1183.83	8812.89
-9.42	-34.48	1182.91	8882.19
-9.42	-34.48	1181.98	8975.8
-9.42	-34.48	1181.06	9069.25
-9.42	-34.48	1180.13	9160.45
-9.42	-34.48	1179.21	9265.31
-9.42	-34.48	1178.28	9382.96
-9.42	-34.48	1177.36	9494.53
-9.42	-34.48	1176.43	9602.82
-9.42	-34.48	1175.5	9713.37
-9.42	-34.48	1174.58	9826.28
-9.42	-34.48	1173.65	9939.65
-9.42	-34.48	1172.72	10036.4
-9.42	-34.48	1171.8	10128.7
-9.42	-34.48	1170.87	10220.8
-9.42	-34.48	1169.94	10322.3
-9.42	-34.48	1169.02	10407.9
-9.42	-34.48	1168.09	10501.2
-9.42	-34.48	1167.16	10601.0
-9.42	-34.48	1166.24	10692.2
-9.42	-34.48	1165.31	10773.4
-9.42	-34.48	1164.38	10851.3
-9.42	-34.48	1163.45	10937.8
-9.42	-34.48	1162.52	11002.2
-9.42	-34.48	1161.6	11047.9
-9.42	-34.48	1160.67	11077.4
-9.42	-34.48	1159.74	11116.7
-9.42	-34.48	1158.81	11134.0
-9.42	-34.48	1157.88	11141.5
-9.42	-34.48	1156.95	11136.4
-9.42	-34.48	1156.02	11120.5
-9.42	-34.48	1155.09	11093.5
-9.42	-34.48	1154.16	11038.2
-9.42	-34.48	1153.23	10960.9
-9.42	-34.48	1152.3	10890.2
-9.42	-34.48	1151.37	10813.2
-9.42	-34.48	1150.44	10700.4
-9.42	-34.48	1149.51	10591.5
-9.42	-34.48	1148.58	10483.8
-9.42	-34.48	1147.65	10358.3
-9.42	-34.48	1146.72	10225.7
-9.42	-34.48	1145.79	10087.9
-9.42	-34.48	1144.86	9958.85
-9.42	-34.48	1143.92	9854.06
-9.42	-34.48	1142.99	9733.19
-9.42	-34.48	1142.06	9626.91
-9.42	-34.48	1141.13	9542.36
-9.42	-34.48	1140.2	9478.24
-9.42	-34.48	1139.26	9413.27
-9.42	-34.48	1138.33	9361.96
-9.42	-34.48	1137.4	9332.55
-9.42	-34.48	1136.47	9320.4
-9.42	-34.48	1135.53	9305.39
-9.42	-34.48	1134.6	9291.28
-9.42	-34.48	1133.67	9303.36
-9.42	-34.48	1132.73	9324.67
-9.42	-34.48	1131.8	9336.48
-9.42	-34.48	1130.87	9335.75
-9.42	-34.48	1129.93	9333.53
-9.42	-34.48	1129.0	9324.71
-9.42	-34.48	1128.06	9304.36
-9.42	-34.48	1127.13	9269.88
-9.42	-34.48	1126.19	9221.84
-9.42	-34.48	1125.26	9175.7
-9.42	-34.48	1124.32	9112.65
-9.42	-34.48	1123.39	9044.21
-9.42	-34.48	1122.45	8963.35
-9.42	-34.48	1121.52	8874.22
-9.42	-34.48	1120.58	8770.1
-9.42	-34.48	1119.65	8653.78
-9.42	-34.48	1118.71	8552.74
-9.42	-34.48	1117.78	8447.87
-9.42	-34.48	1116.84	8346.99
-9.42	-34.48	1115.9	8237.32
-9.42	-34.48	1114.97	8140.18
-9.42	-34.48	1114.03	8058.26
-9.42	-34.48	1113.09	7989.95
-9.42	-34.48	1112.15	7939.54
-9.42	-34.48	1111.22	7900.82
-9.42	-34.48	1110.28	7875.87
-9.42	-34.48	1109.34	7852.3
-9.42	-34.48	1108.4	7845.44
-9.42	-34.48	1107.47	7850.67
-9.42	-34.48	1106.53	7864.45
-9.42	-34.48	1105.59	7877.16
-9.42	-34.48	1104.65	7891.85
-9.42	-34.48	1103.71	7893.57
-9.42	-34.48	1102.77	7898.79
-9.42	-34.48	1101.83	7905.77
-9.42	-34.48	1100.9	7923.82
-9.42	-34.48	1099.96	7930.96
-9.42	-34.48	1099.02	7919.68
-9.42	-34.48	1098.08	7920.97
-9.42	-34.48	1097.14	7922.58
-9.42	-34.48	1096.2	7928.74
-9.42	-34.48	1095.26	7938.28
-9.42	-34.48	1094.32	7938.79
-9.42	-34.48	1093.38	7945.54
-9.42	-34.48	1092.44	7972.78
-9.42	-34.48	1091.49	7991.3
-9.42	-34.48	1090.55	8003.14
-9.42	-34.48	1089.61	8021.24
-9.42	-34.48	1088.67	8052.43
-9.42	-34.48	1087.73	8079.56
-9.42	-34.48	1086.79	8112.67
-9.42	-34.48	1085.85	8145.57
-9.42	-34.48	1084.9	8197.05
-9.42	-34.48	1083.96	8241.8
-9.42	-34.48	1083.02	8266.84
-9.42	-34.48	1082.08	8298.68
-9.42	-34.48	1081.13	8326.82
-9.42	-34.48	1080.19	8368.05
-9.42	-34.48	1079.25	8397.12
-9.42	-34.48	1078.31	8446.63
-9.42	-34.48	1077.36	8518.05
-9.42	-34.48	1076.42	8597.05
-9.42	-34.48	1075.48	8693.99
-9.42	-34.48	1074.53	8816.02
-9.42	-34.48	1073.59	8958.0
-9.42	-34.48	1072.64	9105.11
-9.42	-34.48	1071.7	9258.39
-9.42	-34.48	1070.75	9441.86
-9.42	-34.48	1069.81	9666.53
-9.42	-34.48	1068.86	9874.49
-9.42	-34.48	1067.92	10085.2
-9.42	-34.48	1066.97	10293.5
-9.42	-34.48	1066.03	10494.6
-9.42	-34.48	1065.08	10670.2
-9.42	-34.48	1064.14	10807.7
-9.42	-34.48	1063.19	10897.2
-9.42	-34.48	1062.25	10954.6
-9.42	-34.48	1061.3	10969.6
-9.42	-34.48	1060.35	10940.9
-9.42	-34.48	1059.41	10858.0
-9.42	-34.48	1058.46	10743.2
-9.42	-34.48	1057.51	10581.5
-9.42	-34.48	1056.57	10352.3
-9.42	-34.48	1055.62	10081.3
-9.42	-34.48	1054.67	9796.47
-9.42	-34.48	1053.72	9491.63
-9.42	-34.48	1052.78	9169.03
-9.42	-34.48	1051.83	8848.76
-9.42	-34.48	1050.88	8522.47
-9.42	-34.48	1049.93	8223.04
-9.42	-34.48	1048.98	7928.34
-9.42	-34.48	1048.03	7643.05
-9.42	-34.48	1047.09	7393.76
-9.42	-34.48	1046.14	7152.86
-9.42	-34.48	1045.19	6937.93
-9.42	-34.48	1044.24	6752.71
-9.42	-34.48	1043.29	6607.34
-9.42	-34.48	1042.34	6485.05
-9.42	-34.48	1041.39	6378.75
-9.42	-34.48	1040.44	6283.46
-9.42	-34.48	1039.49	6213.81
-9.42	-34.48	1038.54	6151.52
-9.42	-34.48	1037.59	6096.81
-9.42	-34.48	1036.64	6035.07
-9.42	-34.48	1035.69	5979.44
-9.42	-34.48	1034.74	5927.36
-9.42	-34.48	1033.79	5882.65
-9.42	-34.48	1032.83	5840.01
-9.42	-34.48	1031.88	5801.17
-9.42	-34.48	1030.93	5753.54
-9.42	-34.48	1029.98	5727.22
-9.42	-34.48	1029.03	5695.28
-9.42	-34.48	1028.07	5673.28
-9.42	-34.48	1027.12	5674.71
-9.42	-34.48	1026.17	5681.52
-9.42	-34.48	1025.22	5694.75
-9.42	-34.48	1024.26	5712.56
-9.42	-34.48	1023.31	5741.33
-9.42	-34.48	1022.36	5764.7
-9.42	-34.48	1021.4	5807.09
-9.42	-34.48	1020.45	5839.07
-9.42	-34.48	1019.5	5859.53
-9.42	-34.48	1018.54	5887.05
-9.42	-34.48	1017.59	5907.06
-9.42	-34.48	1016.64	5920.58
-9.42	-34.48	1015.68	5924.48
-9.42	-34.48	1014.73	5922.22
-9.42	-34.48	1013.77	5900.29
-9.42	-34.48	1012.82	5876.61
-9.42	-34.48	1011.86	5852.56
-9.42	-34.48	1010.91	5821.91
-9.42	-34.48	1009.95	5777.17
-9.42	-34.48	1009.0	5735.19
-9.42	-34.48	1008.04	5681.21
-9.42	-34.48	1007.08	5640.7
-9.42	-34.48	1006.13	5599.54
-9.42	-34.48	1005.17	5554.54
-9.42	-34.48	1004.22	5509.84
-9.42	-34.48	1003.26	5455.22
-9.42	-34.48	1002.3	5419.04
-9.42	-34.48	1001.34	5391.5
-9.42	-34.48	1000.39	5359.68
-9.42	-34.48	999.431	5328.53
-9.42	-34.48	998.4730000000001	5297.72
-9.42	-34.48	997.515	5278.4
-9.42	-34.48	996.558	5265.35
-9.42	-34.48	995.6	5241.81
-9.42	-34.48	994.6410000000001	5232.91
-9.42	-34.48	993.683	5227.11
-9.42	-34.48	992.725	5221.0
-9.42	-34.48	991.7660000000001	5202.09
-9.42	-34.48	990.807	5188.65
-9.42	-34.48	989.8480000000001	5190.61
-9.42	-34.48	988.8889999999999	5181.39
-9.42	-34.48	987.93	5172.77
-9.42	-34.48	986.97	5166.55
-9.42	-34.48	986.01	5175.03
-9.42	-34.48	985.05	5178.04
-9.42	-34.48	984.09	5199.05
-9.42	-34.48	983.13	5225.43
-9.42	-34.48	982.17	5257.47
-9.42	-34.48	981.209	5295.7
-9.42	-34.48	980.248	5335.41
-9.42	-34.48	979.288	5371.46
-9.42	-34.48	978.326	5404.37
-9.42	-34.48	977.365	5427.85
-9.42	-34.48	976.404	5437.31
-9.42	-34.48	975.442	5450.14
-9.42	-34.48	974.48	5445.49
-9.42	-34.48	973.518	5439.33
-9.42	-34.48	972.556	5416.59
-9.42	-34.48	971.5939999999999	5382.45
-9.42	-34.48	970.632	5339.3
-9.42	-34.48	969.669	5291.49
-9.42	-34.48	968.706	5237.9
-9.42	-34.48	967.743	5167.21
-9.42	-34.48	966.78	5091.35
-9.42	-34.48	965.817	5011.47
-9.42	-34.48	964.8530000000001	4934.66
-9.42	-34.48	963.8889999999999	4850.04
-9.42	-34.48	962.926	4764.64
-9.42	-34.48	961.961	4688.84
-9.42	-34.48	960.997	4615.03
-9.42	-34.48	960.033	4544.34
-9.42	-34.48	959.068	4491.21
-9.42	-34.48	958.1039999999999	4444.08
-9.42	-34.48	957.1389999999999	4418.92
-9.42	-34.48	956.174	4395.29
-9.42	-34.48	955.2080000000001	4382.97
-9.42	-34.48	954.243	4370.89
-9.42	-34.48	953.2769999999999	4373.45
-9.42	-34.48	952.312	4370.92
-9.42	-34.48	951.346	4370.21
-9.42	-34.48	950.38	4378.54
-9.42	-34.48	949.413	4395.07
-9.42	-34.48	948.447	4422.13
-9.42	-34.48	947.48	4442.98
-9.42	-34.48	946.513	4474.33
-9.42	-34.48	945.546	4507.47
-9.42	-34.48	944.579	4551.06
-9.42	-34.48	943.612	4582.44
-9.42	-34.48	942.6439999999999	4616.15
-9.42	-34.48	941.677	4652.36
-9.42	-34.48	940.709	4683.39
-9.42	-34.48	939.7410000000001	4706.86
-9.42	-34.48	938.773	4732.74
-9.42	-34.48	937.804	4766.02
-9.42	-34.48	936.836	4793.62
-9.42	-34.48	935.867	4823.59
-9.42	-34.48	934.898	4850.0
-9.42	-34.48	933.929	4876.38
-9.42	-34.48	932.96	4910.87
-9.42	-34.48	931.99	4938.55
-9.42	-34.48	931.0210000000001	4968.07
-9.42	-34.48	930.051	5004.93
-9.42	-34.48	929.081	5026.58
-9.42	-34.48	928.1110000000001	5038.01
-9.42	-34.48	927.1410000000001	5044.05
-9.42	-34.48	926.17	5040.03
-9.42	-34.48	925.199	5022.28
-9.42	-34.48	924.2289999999999	5005.24
-9.42	-34.48	923.258	4980.27
-9.42	-34.48	922.2860000000001	4961.14
-9.42	-34.48	921.315	4921.0
-9.42	-34.48	920.3439999999999	4879.8
-9.42	-34.48	919.372	4831.11
-9.42	-34.48	918.4	4771.93
-9.42	-34.48	917.428	4718.48
-9.42	-34.48	916.456	4662.46
-9.42	-34.48	915.4830000000001	4601.02
-9.42	-34.48	914.5110000000001	4538.41
-9.42	-34.48	913.538	4477.17
-9.42	-34.48	912.565	4407.69
-9.42	-34.48	911.592	4347.67
-9.42	-34.48	910.6189999999999	4292.34
-9.42	-34.48	909.645	4244.3
-9.42	-34.48	908.671	4203.92
-9.42	-34.48	907.698	4164.79
-9.42	-34.48	906.7239999999999	4136.72
-9.42	-34.48	905.75	4109.82
-9.42	-34.48	904.775	4097.46
-9.42	-34.48	903.801	4101.71
-9.42	-34.48	902.826	4093.94
-9.42	-34.48	901.8510000000001	4091.55
-9.42	-34.48	900.8760000000001	4098.96
-9.42	-34.48	899.9010000000001	4099.7
-9.42	-34.48	898.925	4101.4
-9.42	-34.48	897.95	4106.41
-9.42	-34.48	896.9739999999999	4112.19
-9.42	-34.48	895.998	4115.54
-9.42	-34.48	895.0219999999999	4115.98
-9.42	-34.48	894.046	4110.24
-9.42	-34.48	893.069	4104.55
-9.42	-34.48	892.0930000000001	4087.57
-9.42	-34.48	891.1160000000001	4080.68
-9.42	-34.48	890.1389999999999	4058.38
-9.42	-34.48	889.1619999999999	4038.31
-9.42	-34.48	888.184	4029.73
-9.42	-34.48	887.207	4008.23
-9.42	-34.48	886.2289999999999	3990.34
-9.42	-34.48	885.2510000000001	3983.81
-9.42	-34.48	884.273	3964.11
-9.42	-34.48	883.295	3946.09
-9.42	-34.48	882.317	3932.09
-9.42	-34.48	881.3380000000001	3915.64
-9.42	-34.48	880.3589999999999	3900.07
-9.42	-34.48	879.38	3881.15
-9.42	-34.48	878.4010000000001	3860.88
-9.42	-34.48	877.422	3855.74
-9.42	-34.48	876.442	3834.23
-9.42	-34.48	875.4630000000001	3826.91
-9.42	-34.48	874.4830000000001	3821.2
-9.42	-34.48	873.503	3804.21
-9.42	-34.48	872.523	3789.08
-9.42	-34.48	871.5419999999999	3781.76
-9.42	-34.48	870.562	3766.76
-9.42	-34.48	869.581	3755.58
-9.42	-34.48	868.6	3745.78
-9.42	-34.48	867.6189999999999	3747.31
-9.42	-34.48	866.638	3744.93
-9.42	-34.48	865.6569999999999	3736.74
-9.42	-34.48	864.675	3724.4
-9.42	-34.48	863.693	3721.51
-9.42	-34.48	862.711	3720.47
-9.42	-34.48	861.7289999999999	3710.75
-9.42	-34.48	860.747	3697.19
-9.42	-34.48	859.7639999999999	3696.4
-9.42	-34.48	858.7819999999999	3696.67
-9.42	-34.48	857.799	3685.41
-9.42	-34.48	856.816	3683.46
-9.42	-34.48	855.8330000000001	3685.22
-9.42	-34.48	854.8489999999999	3677.38
-9.42	-34.48	853.8660000000001	3664.04
-9.42	-34.48	852.882	3653.14
-9.42	-34.48	851.898	3646.24
-9.42	-34.48	850.914	3638.04
-9.42	-34.48	849.93	3628.37
-9.42	-34.48	848.945	3621.19
-9.42	-34.48	847.961	3632.38
-9.42	-34.48	846.9760000000001	3623.66
-9.42	-34.48	845.9910000000001	3630.4
-9.42	-34.48	845.0060000000001	3632.46
-9.42	-34.48	844.02	3630.51
-9.42	-34.48	843.035	3631.72
-9.42	-34.48	842.049	3633.84
-9.42	-34.48	841.063	3637.98
-9.42	-34.48	840.077	3647.22
-9.42	-34.48	839.091	3651.38
-9.42	-34.48	838.1039999999999	3655.32
-9.42	-34.48	837.118	3656.65
-9.42	-34.48	836.1310000000001	3660.52
-9.42	-34.48	835.1439999999999	3658.16
-9.42	-34.48	834.1569999999999	3671.95
-9.42	-34.48	833.17	3686.1
-9.42	-34.48	832.182	3691.04
-9.42	-34.48	831.195	3701.3
-9.42	-34.48	830.207	3711.41
-9.42	-34.48	829.2189999999999	3723.19
-9.42	-34.48	828.23	3726.37
-9.42	-34.48	827.242	3730.55
-9.42	-34.48	826.253	3737.85
-9.42	-34.48	825.265	3748.02
-9.42	-34.48	824.2760000000001	3745.7
-9.42	-34.48	823.2869999999999	3747.45
-9.42	-34.48	822.297	3748.65
-9.42	-34.48	821.308	3744.82
-9.42	-34.48	820.318	3739.63
-9.42	-34.48	819.328	3734.21
-9.42	-34.48	818.3380000000001	3733.66
-9.42	-34.48	817.3480000000001	3720.06
-9.42	-34.48	816.3580000000001	3700.45
-9.42	-34.48	815.367	3677.78
-9.42	-34.48	814.377	3653.96
-9.42	-34.48	813.3860000000001	3631.52
-9.42	-34.48	812.395	3593.18
-9.42	-34.48	811.403	3559.15
-9.42	-34.48	810.4119999999999	3529.32
-9.42	-34.48	809.42	3508.3
-9.42	-34.48	808.428	3496.89
-9.42	-34.48	807.436	3509.8
-9.42	-34.48	806.444	3534.37
-9.42	-34.48	805.452	3551.76
-9.42	-34.48	804.459	3581.77
-9.42	-34.48	803.467	3617.76
-9.42	-34.48	802.4739999999999	3647.43
-9.42	-34.48	801.4810000000001	3675.19
-9.42	-34.48	800.487	3703.59
-9.42	-34.48	799.4939999999999	3732.51
-9.42	-34.48	798.5	3752.18
-9.42	-34.48	797.507	3769.8
-9.42	-34.48	796.513	3792.59
-9.42	-34.48	795.518	3808.65
-9.42	-34.48	794.5239999999999	3806.91
-9.42	-34.48	793.529	3800.46
-9.42	-34.48	792.535	3789.75
-9.42	-34.48	791.54	3770.9
-9.42	-34.48	790.545	3742.59
-9.42	-34.48	789.55	3711.7
-9.42	-34.48	788.554	3678.95
-9.42	-34.48	787.559	3634.56
-9.42	-34.48	786.563	3580.4
-9.42	-34.48	785.567	3535.53
-9.42	-34.48	784.571	3504.48
-9.42	-34.48	783.574	3463.87
-9.42	-34.48	782.578	3424.11
-9.42	-34.48	781.581	3404.82
-9.42	-34.48	780.584	3397.9
-9.42	-34.48	779.587	3402.02
-9.42	-34.48	778.59	3409.28
-9.42	-34.48	777.592	3431.05
-9.42	-34.48	776.595	3453.1
-9.42	-34.48	775.597	3458.26
-9.42	-34.48	774.5989999999999	3481.44
-9.42	-34.48	773.6010000000001	3509.17
-9.42	-34.48	772.602	3525.01
-9.42	-34.48	771.6039999999999	3540.29
-9.42	-34.48	770.605	3559.82
-9.42	-34.48	769.6060000000001	3576.09
-9.42	-34.48	768.607	3587.6
-9.42	-34.48	767.6080000000001	3586.44
-9.42	-34.48	766.6089999999999	3604.8
-9.42	-34.48	765.6089999999999	3614.59
-9.42	-34.48	764.6089999999999	3608.47
-9.42	-34.48	763.6089999999999	3603.66
-9.42	-34.48	762.6089999999999	3591.46
-9.42	-34.48	761.6089999999999	3583.16
-9.42	-34.48	760.6080000000001	3563.31
-9.42	-34.48	759.607	3546.68
-9.42	-34.48	758.607	3537.01
-9.42	-34.48	757.605	3520.11
-9.42	-34.48	756.6039999999999	3510.88
-9.42	-34.48	755.6030000000001	3502.94
-9.42	-34.48	754.6010000000001	3509.36
-9.42	-34.48	753.5989999999999	3493.1
-9.42	-34.48	752.597	3491.44
-9.42	-34.48	751.595	3490.42
-9.42	-34.48	750.5930000000001	3486.76
-9.42	-34.48	749.59	3487.88
-9.42	-34.48	748.587	3486.09
-9.42	-34.48	747.585	3496.05
-9.42	-34.48	746.581	3506.35
-9.42	-34.48	745.578	3509.42
-9.42	-34.48	744.575	3529.86
-9.42	-34.48	743.571	3534.56
-9.42	-34.48	742.567	3540.25
-9.42	-34.48	741.563	3542.72
-9.42	-34.48	740.559	3547.88
-9.42	-34.48	739.555	3556.16
-9.42	-34.48	738.55	3564.81
-9.42	-34.48	737.545	3570.26
-9.42	-34.48	736.54	3588.32
-9.42	-34.48	735.535	3588.98
-9.42	-34.48	734.53	3583.98
-9.42	-34.48	733.525	3587.09
-9.42	-34.48	732.5189999999999	3590.71
-9.42	-34.48	731.513	3599.05
-9.42	-34.48	730.507	3593.31
-9.42	-34.48	729.5010000000001	3597.47
-9.42	-34.48	728.4939999999999	3605.81
-9.42	-34.48	727.488	3600.02
-9.42	-34.48	726.4810000000001	3595.41
-9.42	-34.48	725.4739999999999	3594.37
-9.42	-34.48	724.467	3600.35
-9.42	-34.48	723.46	3596.47
-9.42	-34.48	722.452	3600.02
-9.42	-34.48	721.444	3602.82
-9.42	-34.48	720.436	3599.7
-9.42	-34.48	719.428	3599.43
-9.42	-34.48	718.42	3601.72
-9.42	-34.48	717.4119999999999	3604.02
-9.42	-34.48	716.403	3599.0
-9.42	-34.48	715.3939999999999	3591.51
-9.42	-34.48	714.385	3585.87
-9.42	-34.48	713.3760000000001	3575.56
-9.42	-34.48	712.367	3561.51
-9.42	-34.48	711.357	3553.22
-9.42	-34.48	710.347	3555.19
-9.42	-34.48	709.3380000000001	3567.6
-9.42	-34.48	708.327	3575.78
-9.42	-34.48	707.317	3593.43
-9.42	-34.48	706.307	3618.22
-9.42	-34.48	705.296	3639.64
-9.42	-34.48	704.285	3666.57
-9.42	-34.48	703.2739999999999	3696.21
-9.42	-34.48	702.263	3724.77
-9.42	-34.48	701.252	3748.37
-9.42	-34.48	700.24	3766.79
-9.42	-34.48	699.2280000000001	3797.55
-9.42	-34.48	698.216	3815.28
-9.42	-34.48	697.204	3825.36
-9.42	-34.48	696.192	3838.29
-9.42	-34.48	695.179	3852.8
-9.42	-34.48	694.1669999999999	3857.57
-9.42	-34.48	693.154	3852.31
-9.42	-34.48	692.1410000000001	3854.3
-9.42	-34.48	691.127	3855.08
-9.42	-34.48	690.1139999999999	3837.84
-9.42	-34.48	689.1	3826.82
-9.42	-34.48	688.086	3821.11
-9.42	-34.48	687.072	3800.71
-9.42	-34.48	686.058	3778.1
-9.42	-34.48	685.044	3759.02
-9.42	-34.48	684.029	3753.17
-9.42	-34.48	683.015	3751.18
-9.42	-34.48	682.0	3739.69
-9.42	-34.48	680.985	3769.9
-9.42	-34.48	679.9689999999999	3802.89
-9.42	-34.48	678.954	3836.46
-9.42	-34.48	677.938	3878.24
-9.42	-34.48	676.922	3925.56
-9.42	-34.48	675.9060000000001	3971.28
-9.42	-34.48	674.89	4008.78
-9.42	-34.48	673.8739999999999	4051.23
-9.42	-34.48	672.857	4090.56
-9.42	-34.48	671.84	4121.18
-9.42	-34.48	670.823	4144.24
-9.42	-34.48	669.806	4166.88
-9.42	-34.48	668.789	4184.05
-9.42	-34.48	667.7710000000001	4185.88
-9.42	-34.48	666.753	4184.2
-9.42	-34.48	665.735	4182.8
-9.42	-34.48	664.717	4171.92
-9.42	-34.48	663.699	4152.34
-9.42	-34.48	662.68	4141.71
-9.42	-34.48	661.6619999999999	4128.94
-9.42	-34.48	660.643	4105.02
-9.42	-34.48	659.6239999999999	4081.09
-9.42	-34.48	658.605	4058.55
-9.42	-34.48	657.585	4040.85
-9.42	-34.48	656.566	4005.63
-9.42	-34.48	655.546	3983.5
-9.42	-34.48	654.526	3966.08
-9.42	-34.48	653.506	3953.43
-9.42	-34.48	652.485	3929.74
-9.42	-34.48	651.465	3911.08
-9.42	-34.48	650.444	3908.62
-9.42	-34.48	649.423	3888.66
-9.42	-34.48	648.4019999999999	3875.72
-9.42	-34.48	647.381	3877.91
-9.42	-34.48	646.359	3872.61
-9.42	-34.48	645.3380000000001	3858.83
-9.42	-34.48	644.316	3848.42
-9.42	-34.48	643.294	3840.71
-9.42	-34.48	642.271	3816.72
-9.42	-34.48	641.249	3793.17
-9.42	-34.48	640.226	3768.98
-9.42	-34.48	639.2040000000001	3748.74
-9.42	-34.48	638.181	3719.52
-9.42	-34.48	637.1569999999999	3692.47
-9.42	-34.48	636.134	3667.01
-9.42	-34.48	635.11	3644.01
-9.42	-34.48	634.087	3612.85
-9.42	-34.48	633.063	3582.4
-9.42	-34.48	632.039	3563.73
-9.42	-34.48	631.014	3536.59
-9.42	-34.48	629.99	3515.17
-9.42	-34.48	628.965	3502.11
-9.42	-34.48	627.94	3476.19
-9.42	-34.48	626.915	3458.69
-9.42	-34.48	625.89	3432.28
-9.42	-34.48	624.864	3410.43
-9.42	-34.48	623.839	3385.92
-9.42	-34.48	622.813	3365.65
-9.42	-34.48	621.7869999999999	3346.27
-9.42	-34.48	620.761	3336.93
-9.42	-34.48	619.734	3326.02
-9.42	-34.48	618.7080000000001	3321.11
-9.42	-34.48	617.681	3323.48
-9.42	-34.48	616.654	3325.61
-9.42	-34.48	615.627	3311.45
-9.42	-34.48	614.599	3301.52
-9.42	-34.48	613.572	3299.9
-9.42	-34.48	612.544	3295.77
-9.42	-34.48	611.516	3278.38
-9.42	-34.48	610.488	3274.74
-9.42	-34.48	609.46	3272.69
-9.42	-34.48	608.431	3262.3
-9.42	-34.48	607.403	3254.06
-9.42	-34.48	606.374	3242.82
-9.42	-34.48	605.345	3237.41
-9.42	-34.48	604.316	3221.83
-9.42	-34.48	603.286	3208.6
-9.42	-34.48	602.257	3205.94
-9.42	-34.48	601.227	3203.24
-9.42	-34.48	600.197	3199.03
-9.42	-34.48	599.1669999999999	3197.18
-9.42	-34.48	598.136	3189.42
-9.42	-34.48	597.106	3175.09
-9.42	-34.48	596.075	3172.52
-9.42	-34.48	595.044	3169.95
-9.42	-34.48	594.013	3160.31
-9.42	-34.48	592.981	3157.7
-9.42	-34.48	591.95	3159.65
-9.42	-34.48	590.918	3163.87
-9.42	-34.48	589.886	3167.31
-9.42	-34.48	588.854	3169.95
-9.42	-34.48	587.822	3179.46
-9.42	-34.48	586.789	3185.67
-9.42	-34.48	585.757	3191.81
-9.42	-34.48	584.724	3194.36
-9.42	-34.48	583.691	3209.67
-9.42	-34.48	582.6569999999999	3218.73
-9.42	-34.48	581.624	3231.77
-9.42	-34.48	580.59	3238.74
-9.42	-34.48	579.557	3258.42
-9.42	-34.48	578.523	3273.13
-9.42	-34.48	577.488	3275.53
-9.42	-34.48	576.4540000000001	3294.54
-9.42	-34.48	575.419	3303.47
-9.42	-34.48	574.385	3315.26
-9.42	-34.48	573.35	3323.27
-9.42	-34.48	572.314	3340.31
-9.42	-34.48	571.279	3348.2
-9.42	-34.48	570.244	3352.7
-9.42	-34.48	569.2080000000001	3360.06
-9.42	-34.48	568.172	3360.6
-9.42	-34.48	567.136	3355.14
-9.42	-34.48	566.099	3360.06
-9.42	-34.48	565.063	3370.05
-9.42	-34.48	564.026	3372.97
-9.42	-34.48	562.989	3370.9
-9.42	-34.48	561.952	3393.95
-9.42	-34.48	560.915	3411.1
-9.42	-34.48	559.877	3427.55
-9.42	-34.48	558.84	3444.27
-9.42	-34.48	557.802	3464.42
-9.42	-34.48	556.764	3478.98
-9.42	-34.48	555.726	3490.56
-9.42	-34.48	554.687	3499.37
-9.42	-34.48	553.649	3513.16
-9.42	-34.48	552.61	3514.61
-9.42	-34.48	551.571	3515.1
-9.42	-34.48	550.5319999999999	3515.49
-9.42	-34.48	549.492	3513.77
-9.42	-34.48	548.453	3509.14
-9.42	-34.48	547.413	3506.38
-9.42	-34.48	546.373	3500.33
-9.42	-34.48	545.3330000000001	3491.69
-9.42	-34.48	544.2919999999999	3472.16
-9.42	-34.48	543.252	3462.0
-9.42	-34.48	542.211	3443.83
-9.42	-34.48	541.17	3421.69
-9.42	-34.48	540.129	3399.69
-9.42	-34.48	539.0880000000001	3384.75
-9.42	-34.48	538.0459999999999	3356.82
-9.42	-34.48	537.004	3338.16
-9.42	-34.48	535.962	3326.78
-9.42	-34.48	534.92	3310.88
-9.42	-34.48	533.878	3292.83
-9.42	-34.48	532.836	3281.03
-9.42	-34.48	531.793	3279.41
-9.42	-34.48	530.75	3278.69
-9.42	-34.48	529.707	3276.51
-9.42	-34.48	528.664	3287.86
-9.42	-34.48	527.62	3303.34
-9.42	-34.48	526.577	3319.75
-9.42	-34.48	525.533	3333.01
-9.42	-34.48	524.489	3358.12
-9.42	-34.48	523.445	3375.52
-9.42	-34.48	522.4	3392.42
-9.42	-34.48	521.355	3401.07
-9.42	-34.48	520.311	3426.77
-9.42	-34.48	519.266	3440.39
-9.42	-34.48	518.22	3456.74
-9.42	-34.48	517.175	3472.45
-9.42	-34.48	516.129	3486.11
-9.42	-34.48	515.0840000000001	3486.57
-9.42	-34.48	514.038	3491.06
-9.42	-34.48	512.992	3487.87
-9.42	-34.48	511.945	3484.01
-9.42	-34.48	510.899	3466.85
-9.42	-34.48	509.852	3461.68
-9.42	-34.48	508.805	3448.78
-9.42	-34.48	507.75800000000004	3430.62
-9.42	-34.48	506.71	3409.38
-9.42	-34.48	505.663	3407.52
-9.42	-34.48	504.615	3388.79
-9.42	-34.48	503.56699999999995	3366.86
-9.42	-34.48	502.519	3359.78
-9.42	-34.48	501.471	3362.69
-9.42	-34.48	500.42199999999997	3365.96
-9.42	-34.48	499.374	3379.38
-9.42	-34.48	498.325	3413.41
-9.42	-34.48	497.276	3451.33
-9.42	-34.48	496.226	3484.11
-9.42	-34.48	495.17699999999996	3533.54
-9.42	-34.48	494.12699999999995	3584.0
-9.42	-34.48	493.077	3639.04
-9.42	-34.48	492.027	3689.06
-9.42	-34.48	490.977	3744.43
-9.42	-34.48	489.926	3795.3
-9.42	-34.48	488.876	3843.13
-9.42	-34.48	487.825	3878.5
-9.42	-34.48	486.774	3911.83
-9.42	-34.48	485.723	3929.18
-9.42	-34.48	484.671	3935.94
-9.42	-34.48	483.619	3938.06
-9.42	-34.48	482.56800000000004	3934.04
-9.42	-34.48	481.51599999999996	3908.91
-9.42	-34.48	480.463	3889.08
-9.42	-34.48	479.411	3865.09
-9.42	-34.48	478.358	3837.77
-9.42	-34.48	477.305	3800.53
-9.42	-34.48	476.25199999999995	3767.28
-9.42	-34.48	475.199	3729.1
-9.42	-34.48	474.14599999999996	3695.48
-9.42	-34.48	473.092	3646.77
-9.42	-34.48	472.038	3611.37
-9.42	-34.48	470.98400000000004	3572.2
-9.42	-34.48	469.93	3533.88
-9.42	-34.48	468.876	3503.96
-9.42	-34.48	467.82099999999997	3480.09
-9.42	-34.48	466.76599999999996	3454.55
-9.42	-34.48	465.711	3437.33
-9.42	-34.48	464.656	3426.35
-9.42	-34.48	463.601	3426.39
-9.42	-34.48	462.545	3428.02
-9.42	-34.48	461.49	3437.99
-9.42	-34.48	460.434	3444.98
-9.42	-34.48	459.37699999999995	3452.62
-9.42	-34.48	458.32099999999997	3456.36
-9.42	-34.48	457.264	3465.68
-9.42	-34.48	456.208	3462.69
-9.42	-34.48	455.151	3462.28
-9.42	-34.48	454.094	3468.01
-9.42	-34.48	453.036	3474.31
-9.42	-34.48	451.97900000000004	3476.31
-9.42	-34.48	450.921	3487.23
-9.42	-34.48	449.86300000000006	3501.03
-9.42	-34.48	448.805	3515.54
-9.42	-34.48	447.74699999999996	3530.97
-9.42	-34.48	446.68800000000005	3552.52
-9.42	-34.48	445.629	3576.45
-9.42	-34.48	444.57	3590.47
-9.42	-34.48	443.51099999999997	3608.92
-9.42	-34.48	442.452	3636.4
-9.42	-34.48	441.392	3649.18
-9.42	-34.48	440.333	3658.43
-9.42	-34.48	439.273	3659.01
-9.42	-34.48	438.213	3669.4
-9.42	-34.48	437.152	3677.02
-9.42	-34.48	436.092	3683.04
-9.42	-34.48	435.031	3688.7
-9.42	-34.48	433.97	3698.41
-9.42	-34.48	432.909	3709.42
-9.42	-34.48	431.848	3719.41
-9.42	-34.48	430.786	3735.26
-9.42	-34.48	429.724	3742.19
-9.42	-34.48	428.663	3752.08
-9.42	-34.48	427.6	3763.15
-9.42	-34.48	426.538	3772.74
-9.42	-34.48	425.476	3783.35
-9.42	-34.48	424.413	3788.25
-9.42	-34.48	423.35	3805.4
-9.42	-34.48	422.287	3811.56
-9.42	-34.48	421.224	3818.06
-9.42	-34.48	420.16	3837.01
-9.42	-34.48	419.096	3853.65
-9.42	-34.48	418.033	3857.52
-9.42	-34.48	416.968	3862.2
-9.42	-34.48	415.904	3874.21
-9.42	-34.48	414.84	3880.75
-9.42	-34.48	413.775	3879.25
-9.42	-34.48	412.71	3874.34
-9.42	-34.48	411.645	3864.56
-9.42	-34.48	410.58	3843.45
-9.42	-34.48	409.514	3815.53
-9.42	-34.48	408.44800000000004	3785.92
-9.42	-34.48	407.38300000000004	3756.04
-9.42	-34.48	406.316	3731.06
-9.42	-34.48	405.25	3701.66
-9.42	-34.48	404.184	3673.38
-9.42	-34.48	403.11699999999996	3637.83
-9.42	-34.48	402.05	3615.26
-9.42	-34.48	400.983	3594.09
-9.42	-34.48	399.916	3570.1
-9.42	-34.48	398.848	3546.99
-9.42	-34.48	397.781	3534.87
-9.42	-34.48	396.713	3525.65
-9.42	-34.48	395.645	3513.09
-9.42	-34.48	394.57599999999996	3513.52
-9.42	-34.48	393.50800000000004	3506.45
-9.42	-34.48	392.439	3505.04
-9.42	-34.48	391.37	3502.05
-9.42	-34.48	390.301	3499.73
-9.42	-34.48	389.23199999999997	3508.52
-9.42	-34.48	388.162	3515.63
-9.42	-34.48	387.093	3515.71
-9.42	-34.48	386.023	3519.0
-9.42	-34.48	384.95300000000003	3525.23
-9.42	-34.48	383.88199999999995	3534.62
-9.42	-34.48	382.81199999999995	3539.35
-9.42	-34.48	381.741	3540.0
-9.42	-34.48	380.67	3539.11
-9.42	-34.48	379.599	3536.03
-9.42	-34.48	378.528	3536.42
-9.42	-34.48	377.45599999999996	3538.12
-9.42	-34.48	376.384	3541.15
-9.42	-34.48	375.31300000000005	3541.43
-9.42	-34.48	374.24	3543.2
-9.42	-34.48	373.168	3547.97
-9.42	-34.48	372.096	3553.63
-9.42	-34.48	371.023	3552.98
-9.42	-34.48	369.95	3566.25
-9.42	-34.48	368.87699999999995	3570.62
-9.42	-34.48	367.80400000000003	3575.97
-9.42	-34.48	366.73	3583.65
-9.42	-34.48	365.656	3589.61
-9.42	-34.48	364.582	3589.74
-9.42	-34.48	363.50800000000004	3596.21
-9.42	-34.48	362.434	3598.46
-9.42	-34.48	361.35900000000004	3594.49
-9.42	-34.48	360.285	3602.69
-9.42	-34.48	359.21	3595.13
-9.42	-34.48	358.135	3600.9
-9.42	-34.48	357.059	3604.44
-9.42	-34.48	355.98400000000004	3600.31
-9.42	-34.48	354.908	3596.35
-9.42	-34.48	353.832	3589.97
-9.42	-34.48	352.756	3590.99
-9.42	-34.48	351.67900000000003	3591.3
-9.42	-34.48	350.603	3592.74
-9.42	-34.48	349.526	3593.25
-9.42	-34.48	348.449	3596.4
-9.42	-34.48	347.37199999999996	3592.36
-9.42	-34.48	346.295	3597.6
-9.42	-34.48	345.217	3603.49
-9.42	-34.48	344.139	3606.99
-9.42	-34.48	343.061	3608.63
-9.42	-34.48	341.983	3617.43
-9.42	-34.48	340.905	3624.3
-9.42	-34.48	339.82599999999996	3629.8
-9.42	-34.48	338.74699999999996	3636.2
-9.42	-34.48	337.668	3650.09
-9.42	-34.48	336.589	3664.22
-9.42	-34.48	335.51	3676.45
-9.42	-34.48	334.43	3685.98
-9.42	-34.48	333.35	3693.49
-9.42	-34.48	332.27	3712.1
-9.42	-34.48	331.19	3728.51
-9.42	-34.48	330.11	3741.74
-9.42	-34.48	329.029	3762.19
-9.42	-34.48	327.94800000000004	3780.0
-9.42	-34.48	326.867	3792.56
-9.42	-34.48	325.786	3807.71
-9.42	-34.48	324.705	3827.39
-9.42	-34.48	323.623	3841.36
-9.42	-34.48	322.541	3856.99
-9.42	-34.48	321.459	3878.89
-9.42	-34.48	320.377	3910.34
-9.42	-34.48	319.29400000000004	3935.32
-9.42	-34.48	318.212	3959.8
-9.42	-34.48	317.129	3982.82
-9.42	-34.48	316.046	4004.78
-9.42	-34.48	314.962	4028.31
-9.42	-34.48	313.879	4058.34
-9.42	-34.48	312.795	4079.4
-9.42	-34.48	311.711	4092.21
-9.42	-34.48	310.627	4116.49
-9.42	-34.48	309.543	4141.57
-9.42	-34.48	308.45799999999997	4162.16
-9.42	-34.48	307.374	4185.61
-9.42	-34.48	306.289	4206.01
-9.42	-34.48	305.204	4222.77
-9.42	-34.48	304.118	4241.09
-9.42	-34.48	303.033	4246.73
-9.42	-34.48	301.947	4250.24
-9.42	-34.48	300.861	4258.67
-9.42	-34.48	299.775	4264.22
-9.42	-34.48	298.689	4265.71
-9.42	-34.48	297.60200000000003	4269.36
-9.42	-34.48	296.515	4279.18
-9.42	-34.48	295.428	4279.17
-9.42	-34.48	294.341	4284.29
-9.42	-34.48	293.254	4283.67
-9.42	-34.48	292.166	4293.97
-9.42	-34.48	291.079	4300.45
-9.42	-34.48	289.991	4308.64
-9.42	-34.48	288.902	4320.97
-9.42	-34.48	287.814	4334.6
-9.42	-34.48	286.725	4343.63
-9.42	-34.48	285.637	4348.67
-9.42	-34.48	284.547	4364.3
-9.42	-34.48	283.45799999999997	4374.95
-9.42	-34.48	282.369	4380.47
-9.42	-34.48	281.279	4382.5
-9.42	-34.48	280.189	4389.95
-9.42	-34.48	279.099	4390.56
-9.42	-34.48	278.009	4400.72
-9.42	-34.48	276.91900000000004	4402.94
-9.42	-34.48	275.828	4404.12
-9.42	-34.48	274.737	4400.49
-9.42	-34.48	273.64599999999996	4398.17
-9.42	-34.48	272.555	4389.71
-9.42	-34.48	271.46299999999997	4378.8
-9.42	-34.48	270.371	4366.73
-9.42	-34.48	269.28	4357.35
-9.42	-34.48	268.187	4362.03
-9.42	-34.48	267.095	4355.33
-9.42	-34.48	266.003	4357.59
-9.42	-34.48	264.91	4352.6
-9.42	-34.48	263.817	4351.97
-9.42	-34.48	262.724	4340.94
-9.42	-34.48	261.63	4345.38
-9.42	-34.48	260.53700000000003	4345.21
-9.42	-34.48	259.443	4346.32
-9.42	-34.48	258.349	4349.2
-9.42	-34.48	257.255	4352.31
-9.42	-34.48	256.16	4351.33
-9.42	-34.48	255.06599999999997	4356.05
-9.42	-34.48	253.97099999999998	4362.77
-9.42	-34.48	252.87599999999998	4363.74
-9.42	-34.48	251.78099999999998	4367.55
-9.42	-34.48	250.685	4368.83
-9.42	-34.48	249.59	4377.57
-9.42	-34.48	248.49400000000003	4373.67
-9.42	-34.48	247.398	4387.55
-9.42	-34.48	246.30200000000002	4388.36
-9.42	-34.48	245.205	4392.93
-9.42	-34.48	244.108	4389.67
-9.42	-34.48	243.012	4396.2
-9.42	-34.48	241.91400000000002	4403.28
-9.42	-34.48	240.817	4407.18
-9.42	-34.48	239.72	4404.15
-9.42	-34.48	238.622	4406.46
-9.42	-34.48	237.524	4403.27
-9.42	-34.48	236.426	4397.72
-9.42	-34.48	235.328	4403.62
-9.42	-34.48	234.229	4392.6
-9.42	-34.48	233.13	4383.86
-9.42	-34.48	232.03099999999998	4378.3
-9.42	-34.48	230.93200000000002	4380.17
-9.42	-34.48	229.833	4377.13
-9.42	-34.48	228.733	4376.63
-9.42	-34.48	227.63299999999998	4377.89
-9.42	-34.48	226.533	4372.26
-9.42	-34.48	225.433	4358.82
-9.42	-34.48	224.333	4363.16
-9.42	-34.48	223.232	4356.76
-9.42	-34.48	222.13099999999997	4357.31
-9.42	-34.48	221.03	4356.02
-9.42	-34.48	219.929	4357.22
-9.42	-34.48	218.827	4357.32
-9.42	-34.48	217.726	4364.28
-9.42	-34.48	216.62400000000002	4370.21
-9.42	-34.48	215.52200000000002	4366.84
-9.42	-34.48	214.419	4379.53
-9.42	-34.48	213.317	4379.28
-9.42	-34.48	212.21400000000003	4385.41
-9.42	-34.48	211.111	4389.19
-9.42	-34.48	210.00799999999998	4400.02
-9.42	-34.48	208.905	4408.55
-9.42	-34.48	207.801	4409.8
-9.42	-34.48	206.697	4411.55
-9.42	-34.48	205.593	4415.02
-9.42	-34.48	204.489	4413.45
-9.42	-34.48	203.385	4417.93
-9.42	-34.48	202.28	4427.13
-9.42	-34.48	201.175	4429.21
-9.42	-34.48	200.07	4434.82
