-9.42	-38.48	1999.92	890.742
-9.42	-38.48	1999.14	894.117
-9.42	-38.48	1998.35	895.6080000000001
-9.42	-38.48	1997.57	899.549
-9.42	-38.48	1996.78	898.317
-9.42	-38.48	1996.0	899.94
-9.42	-38.48	1995.21	898.314
-9.42	-38.48	1994.42	901.939
-9.42	-38.48	1993.64	905.665
-9.42	-38.48	1992.85	910.565
-9.42	-38.48	1992.07	912.345
-9.42	-38.48	1991.28	917.3439999999999
-9.42	-38.48	1990.5	921.806
-9.42	-38.48	1989.71	921.81
-9.42	-38.48	1988.92	923.5189999999999
-9.42	-38.48	1988.14	923.043
-9.42	-38.48	1987.35	921.987
-9.42	-38.48	1986.56	927.0239999999999
-9.42	-38.48	1985.78	929.243
-9.42	-38.48	1984.99	926.533
-9.42	-38.48	1984.2	928.3660000000001
-9.42	-38.48	1983.42	928.556
-9.42	-38.48	1982.63	933.954
-9.42	-38.48	1981.84	936.5169999999999
-9.42	-38.48	1981.05	938.569
-9.42	-38.48	1980.27	933.562
-9.42	-38.48	1979.48	935.112
-9.42	-38.48	1978.69	936.7489999999999
-9.42	-38.48	1977.9	945.672
-9.42	-38.48	1977.11	942.6439999999999
-9.42	-38.48	1976.33	942.035
-9.42	-38.48	1975.54	946.83
-9.42	-38.48	1974.75	949.577
-9.42	-38.48	1973.96	950.4169999999999
-9.42	-38.48	1973.17	947.7360000000001
-9.42	-38.48	1972.38	950.135
-9.42	-38.48	1971.59	952.7769999999999
-9.42	-38.48	1970.8	959.1360000000001
-9.42	-38.48	1970.01	963.0989999999999
-9.42	-38.48	1969.22	964.807
-9.42	-38.48	1968.43	963.203
-9.42	-38.48	1967.64	970.679
-9.42	-38.48	1966.85	969.159
-9.42	-38.48	1966.06	969.933
-9.42	-38.48	1965.27	970.671
-9.42	-38.48	1964.48	968.544
-9.42	-38.48	1963.69	972.565
-9.42	-38.48	1962.9	977.455
-9.42	-38.48	1962.11	976.285
-9.42	-38.48	1961.32	973.7260000000001
-9.42	-38.48	1960.53	975.0139999999999
-9.42	-38.48	1959.74	978.695
-9.42	-38.48	1958.95	980.648
-9.42	-38.48	1958.16	979.638
-9.42	-38.48	1957.37	978.7310000000001
-9.42	-38.48	1956.57	976.7689999999999
-9.42	-38.48	1955.78	983.041
-9.42	-38.48	1954.99	987.852
-9.42	-38.48	1954.2	988.5169999999999
-9.42	-38.48	1953.41	986.941
-9.42	-38.48	1952.61	989.2130000000001
-9.42	-38.48	1951.82	993.539
-9.42	-38.48	1951.03	995.403
-9.42	-38.48	1950.24	995.9069999999999
-9.42	-38.48	1949.44	998.165
-9.42	-38.48	1948.65	1002.72
-9.42	-38.48	1947.86	1007.0
-9.42	-38.48	1947.06	1007.57
-9.42	-38.48	1946.27	1012.91
-9.42	-38.48	1945.48	1012.96
-9.42	-38.48	1944.68	1020.09
-9.42	-38.48	1943.89	1026.97
-9.42	-38.48	1943.1	1022.87
-9.42	-38.48	1942.3	1024.84
-9.42	-38.48	1941.51	1029.01
-9.42	-38.48	1940.71	1029.98
-9.42	-38.48	1939.92	1035.66
-9.42	-38.48	1939.12	1034.96
-9.42	-38.48	1938.33	1034.61
-9.42	-38.48	1937.53	1036.57
-9.42	-38.48	1936.74	1038.51
-9.42	-38.48	1935.94	1038.2
-9.42	-38.48	1935.15	1034.87
-9.42	-38.48	1934.35	1034.08
-9.42	-38.48	1933.56	1034.46
-9.42	-38.48	1932.76	1034.81
-9.42	-38.48	1931.97	1034.45
-9.42	-38.48	1931.17	1029.95
-9.42	-38.48	1930.37	1028.33
-9.42	-38.48	1929.58	1030.18
-9.42	-38.48	1928.78	1027.26
-9.42	-38.48	1927.99	1028.24
-9.42	-38.48	1927.19	1031.05
-9.42	-38.48	1926.39	1033.69
-9.42	-38.48	1925.6	1032.96
-9.42	-38.48	1924.8	1034.85
-9.42	-38.48	1924.0	1033.89
-9.42	-38.48	1923.2	1034.13
-9.42	-38.48	1922.41	1037.53
-9.42	-38.48	1921.61	1038.43
-9.42	-38.48	1920.81	1039.13
-9.42	-38.48	1920.01	1041.52
-9.42	-38.48	1919.22	1045.48
-9.42	-38.48	1918.42	1054.47
-9.42	-38.48	1917.62	1056.57
-9.42	-38.48	1916.82	1055.7
-9.42	-38.48	1916.02	1062.06
-9.42	-38.48	1915.22	1064.92
-9.42	-38.48	1914.43	1070.92
-9.42	-38.48	1913.63	1073.32
-9.42	-38.48	1912.83	1075.59
-9.42	-38.48	1912.03	1077.0
-9.42	-38.48	1911.23	1077.78
-9.42	-38.48	1910.43	1077.53
-9.42	-38.48	1909.63	1073.93
-9.42	-38.48	1908.83	1075.3
-9.42	-38.48	1908.03	1072.09
-9.42	-38.48	1907.23	1073.86
-9.42	-38.48	1906.43	1071.86
-9.42	-38.48	1905.63	1073.63
-9.42	-38.48	1904.83	1068.77
-9.42	-38.48	1904.03	1071.31
-9.42	-38.48	1903.23	1070.09
-9.42	-38.48	1902.43	1067.91
-9.42	-38.48	1901.63	1063.59
-9.42	-38.48	1900.83	1062.87
-9.42	-38.48	1900.03	1063.45
-9.42	-38.48	1899.23	1059.49
-9.42	-38.48	1898.42	1059.95
-9.42	-38.48	1897.62	1061.24
-9.42	-38.48	1896.82	1060.57
-9.42	-38.48	1896.02	1067.38
-9.42	-38.48	1895.22	1068.97
-9.42	-38.48	1894.41	1064.98
-9.42	-38.48	1893.61	1065.69
-9.42	-38.48	1892.81	1070.27
-9.42	-38.48	1892.01	1077.33
-9.42	-38.48	1891.21	1079.5
-9.42	-38.48	1890.4	1084.4
-9.42	-38.48	1889.6	1091.3
-9.42	-38.48	1888.8	1098.38
-9.42	-38.48	1887.99	1100.98
-9.42	-38.48	1887.19	1101.16
-9.42	-38.48	1886.39	1108.74
-9.42	-38.48	1885.58	1114.21
-9.42	-38.48	1884.78	1121.72
-9.42	-38.48	1883.98	1122.51
-9.42	-38.48	1883.17	1127.86
-9.42	-38.48	1882.37	1127.1
-9.42	-38.48	1881.56	1131.68
-9.42	-38.48	1880.76	1135.43
-9.42	-38.48	1879.95	1136.59
-9.42	-38.48	1879.15	1140.22
-9.42	-38.48	1878.35	1146.71
-9.42	-38.48	1877.54	1149.99
-9.42	-38.48	1876.74	1151.43
-9.42	-38.48	1875.93	1152.84
-9.42	-38.48	1875.13	1150.01
-9.42	-38.48	1874.32	1153.03
-9.42	-38.48	1873.51	1150.68
-9.42	-38.48	1872.71	1148.54
-9.42	-38.48	1871.9	1146.41
-9.42	-38.48	1871.1	1146.96
-9.42	-38.48	1870.29	1148.29
-9.42	-38.48	1869.48	1151.05
-9.42	-38.48	1868.68	1144.26
-9.42	-38.48	1867.87	1146.31
-9.42	-38.48	1867.06	1148.58
-9.42	-38.48	1866.26	1151.41
-9.42	-38.48	1865.45	1152.03
-9.42	-38.48	1864.64	1145.17
-9.42	-38.48	1863.84	1143.8
-9.42	-38.48	1863.03	1144.96
-9.42	-38.48	1862.22	1152.47
-9.42	-38.48	1861.41	1149.51
-9.42	-38.48	1860.61	1151.65
-9.42	-38.48	1859.8	1152.4
-9.42	-38.48	1858.99	1153.45
-9.42	-38.48	1858.18	1151.12
-9.42	-38.48	1857.37	1156.87
-9.42	-38.48	1856.57	1161.25
-9.42	-38.48	1855.76	1162.94
-9.42	-38.48	1854.95	1171.28
-9.42	-38.48	1854.14	1170.64
-9.42	-38.48	1853.33	1171.21
-9.42	-38.48	1852.52	1169.43
-9.42	-38.48	1851.71	1171.61
-9.42	-38.48	1850.9	1171.08
-9.42	-38.48	1850.09	1169.41
-9.42	-38.48	1849.28	1166.88
-9.42	-38.48	1848.47	1169.38
-9.42	-38.48	1847.66	1171.07
-9.42	-38.48	1846.85	1173.32
-9.42	-38.48	1846.04	1173.55
-9.42	-38.48	1845.23	1169.22
-9.42	-38.48	1844.42	1170.34
-9.42	-38.48	1843.61	1176.29
-9.42	-38.48	1842.8	1176.06
-9.42	-38.48	1841.99	1174.99
-9.42	-38.48	1841.18	1175.0
-9.42	-38.48	1840.37	1177.3
-9.42	-38.48	1839.56	1183.75
-9.42	-38.48	1838.75	1184.83
-9.42	-38.48	1837.94	1189.94
-9.42	-38.48	1837.12	1192.14
-9.42	-38.48	1836.31	1195.07
-9.42	-38.48	1835.5	1193.82
-9.42	-38.48	1834.69	1189.32
-9.42	-38.48	1833.88	1192.46
-9.42	-38.48	1833.06	1196.81
-9.42	-38.48	1832.25	1194.15
-9.42	-38.48	1831.44	1194.32
-9.42	-38.48	1830.63	1195.66
-9.42	-38.48	1829.81	1196.36
-9.42	-38.48	1829.0	1203.55
-9.42	-38.48	1828.19	1203.91
-9.42	-38.48	1827.37	1207.49
-9.42	-38.48	1826.56	1209.82
-9.42	-38.48	1825.75	1216.17
-9.42	-38.48	1824.93	1217.53
-9.42	-38.48	1824.12	1219.42
-9.42	-38.48	1823.3	1219.54
-9.42	-38.48	1822.49	1218.29
-9.42	-38.48	1821.68	1224.0
-9.42	-38.48	1820.86	1221.43
-9.42	-38.48	1820.05	1225.07
-9.42	-38.48	1819.23	1229.55
-9.42	-38.48	1818.42	1229.37
-9.42	-38.48	1817.6	1232.5
-9.42	-38.48	1816.79	1229.49
-9.42	-38.48	1815.97	1231.04
-9.42	-38.48	1815.16	1231.37
-9.42	-38.48	1814.34	1232.53
-9.42	-38.48	1813.53	1240.67
-9.42	-38.48	1812.71	1239.4
-9.42	-38.48	1811.89	1236.43
-9.42	-38.48	1811.08	1241.12
-9.42	-38.48	1810.26	1244.82
-9.42	-38.48	1809.45	1247.3
-9.42	-38.48	1808.63	1247.31
-9.42	-38.48	1807.81	1252.55
-9.42	-38.48	1807.0	1259.5
-9.42	-38.48	1806.18	1267.93
-9.42	-38.48	1805.36	1273.68
-9.42	-38.48	1804.54	1276.14
-9.42	-38.48	1803.73	1276.59
-9.42	-38.48	1802.91	1283.88
-9.42	-38.48	1802.09	1285.68
-9.42	-38.48	1801.27	1282.39
-9.42	-38.48	1800.46	1277.32
-9.42	-38.48	1799.64	1277.35
-9.42	-38.48	1798.82	1276.9
-9.42	-38.48	1798.0	1270.63
-9.42	-38.48	1797.18	1269.91
-9.42	-38.48	1796.37	1263.38
-9.42	-38.48	1795.55	1269.65
-9.42	-38.48	1794.73	1266.13
-9.42	-38.48	1793.91	1255.88
-9.42	-38.48	1793.09	1255.77
-9.42	-38.48	1792.27	1258.05
-9.42	-38.48	1791.45	1257.64
-9.42	-38.48	1790.63	1255.08
-9.42	-38.48	1789.81	1255.49
-9.42	-38.48	1788.99	1258.46
-9.42	-38.48	1788.17	1254.02
-9.42	-38.48	1787.35	1254.18
-9.42	-38.48	1786.53	1256.57
-9.42	-38.48	1785.71	1255.87
-9.42	-38.48	1784.89	1257.72
-9.42	-38.48	1784.07	1264.49
-9.42	-38.48	1783.25	1270.27
-9.42	-38.48	1782.43	1272.43
-9.42	-38.48	1781.61	1278.95
-9.42	-38.48	1780.79	1287.36
-9.42	-38.48	1779.97	1291.02
-9.42	-38.48	1779.14	1297.06
-9.42	-38.48	1778.32	1302.58
-9.42	-38.48	1777.5	1304.13
-9.42	-38.48	1776.68	1308.41
-9.42	-38.48	1775.86	1312.3
-9.42	-38.48	1775.03	1316.13
-9.42	-38.48	1774.21	1319.62
-9.42	-38.48	1773.39	1326.03
-9.42	-38.48	1772.57	1335.49
-9.42	-38.48	1771.74	1338.93
-9.42	-38.48	1770.92	1344.5
-9.42	-38.48	1770.1	1349.01
-9.42	-38.48	1769.28	1356.34
-9.42	-38.48	1768.45	1364.84
-9.42	-38.48	1767.63	1366.34
-9.42	-38.48	1766.81	1363.37
-9.42	-38.48	1765.98	1368.87
-9.42	-38.48	1765.16	1372.87
-9.42	-38.48	1764.33	1373.79
-9.42	-38.48	1763.51	1375.67
-9.42	-38.48	1762.69	1379.52
-9.42	-38.48	1761.86	1386.34
-9.42	-38.48	1761.04	1390.4
-9.42	-38.48	1760.21	1391.93
-9.42	-38.48	1759.39	1394.72
-9.42	-38.48	1758.56	1399.19
-9.42	-38.48	1757.74	1402.65
-9.42	-38.48	1756.91	1402.08
-9.42	-38.48	1756.09	1408.25
-9.42	-38.48	1755.26	1410.1
-9.42	-38.48	1754.44	1408.78
-9.42	-38.48	1753.61	1407.22
-9.42	-38.48	1752.78	1411.52
-9.42	-38.48	1751.96	1415.5
-9.42	-38.48	1751.13	1417.08
-9.42	-38.48	1750.31	1422.07
-9.42	-38.48	1749.48	1426.14
-9.42	-38.48	1748.65	1433.1
-9.42	-38.48	1747.83	1434.5
-9.42	-38.48	1747.0	1435.33
-9.42	-38.48	1746.17	1438.89
-9.42	-38.48	1745.34	1444.92
-9.42	-38.48	1744.52	1447.63
-9.42	-38.48	1743.69	1456.42
-9.42	-38.48	1742.86	1463.35
-9.42	-38.48	1742.03	1466.5
-9.42	-38.48	1741.21	1476.34
-9.42	-38.48	1740.38	1485.95
-9.42	-38.48	1739.55	1492.74
-9.42	-38.48	1738.72	1500.54
-9.42	-38.48	1737.89	1502.6
-9.42	-38.48	1737.07	1508.51
-9.42	-38.48	1736.24	1509.64
-9.42	-38.48	1735.41	1513.64
-9.42	-38.48	1734.58	1516.32
-9.42	-38.48	1733.75	1520.33
-9.42	-38.48	1732.92	1524.14
-9.42	-38.48	1732.09	1528.62
-9.42	-38.48	1731.26	1533.96
-9.42	-38.48	1730.43	1532.54
-9.42	-38.48	1729.6	1536.53
-9.42	-38.48	1728.77	1540.05
-9.42	-38.48	1727.94	1542.57
-9.42	-38.48	1727.11	1539.96
-9.42	-38.48	1726.28	1545.32
-9.42	-38.48	1725.45	1548.1
-9.42	-38.48	1724.62	1547.58
-9.42	-38.48	1723.79	1541.53
-9.42	-38.48	1722.96	1538.28
-9.42	-38.48	1722.13	1539.85
-9.42	-38.48	1721.3	1543.17
-9.42	-38.48	1720.46	1547.26
-9.42	-38.48	1719.63	1551.56
-9.42	-38.48	1718.8	1555.29
-9.42	-38.48	1717.97	1549.66
-9.42	-38.48	1717.14	1551.91
-9.42	-38.48	1716.3	1554.48
-9.42	-38.48	1715.47	1554.51
-9.42	-38.48	1714.64	1555.4
-9.42	-38.48	1713.81	1556.65
-9.42	-38.48	1712.97	1554.28
-9.42	-38.48	1712.14	1554.59
-9.42	-38.48	1711.31	1553.65
-9.42	-38.48	1710.48	1556.31
-9.42	-38.48	1709.64	1556.98
-9.42	-38.48	1708.81	1563.96
-9.42	-38.48	1707.98	1570.57
-9.42	-38.48	1707.14	1569.44
-9.42	-38.48	1706.31	1566.8
-9.42	-38.48	1705.47	1570.35
-9.42	-38.48	1704.64	1571.67
-9.42	-38.48	1703.81	1568.89
-9.42	-38.48	1702.97	1571.72
-9.42	-38.48	1702.14	1575.75
-9.42	-38.48	1701.3	1581.31
-9.42	-38.48	1700.47	1581.6
-9.42	-38.48	1699.63	1585.67
-9.42	-38.48	1698.8	1590.14
-9.42	-38.48	1697.96	1602.81
-9.42	-38.48	1697.13	1607.76
-9.42	-38.48	1696.29	1611.46
-9.42	-38.48	1695.46	1617.24
-9.42	-38.48	1694.62	1623.3
-9.42	-38.48	1693.78	1629.39
-9.42	-38.48	1692.95	1635.94
-9.42	-38.48	1692.11	1651.39
-9.42	-38.48	1691.28	1657.38
-9.42	-38.48	1690.44	1666.59
-9.42	-38.48	1689.6	1677.02
-9.42	-38.48	1688.77	1682.69
-9.42	-38.48	1687.93	1695.1
-9.42	-38.48	1687.09	1700.59
-9.42	-38.48	1686.25	1712.44
-9.42	-38.48	1685.42	1717.55
-9.42	-38.48	1684.58	1724.42
-9.42	-38.48	1683.74	1731.73
-9.42	-38.48	1682.9	1736.05
-9.42	-38.48	1682.07	1732.33
-9.42	-38.48	1681.23	1733.66
-9.42	-38.48	1680.39	1735.58
-9.42	-38.48	1679.55	1739.24
-9.42	-38.48	1678.71	1744.74
-9.42	-38.48	1677.87	1753.4
-9.42	-38.48	1677.04	1758.62
-9.42	-38.48	1676.2	1767.68
-9.42	-38.48	1675.36	1776.69
-9.42	-38.48	1674.52	1784.34
-9.42	-38.48	1673.68	1791.75
-9.42	-38.48	1672.84	1803.24
-9.42	-38.48	1672.0	1811.18
-9.42	-38.48	1671.16	1822.93
-9.42	-38.48	1670.32	1839.38
-9.42	-38.48	1669.48	1854.64
-9.42	-38.48	1668.64	1868.22
-9.42	-38.48	1667.8	1877.8
-9.42	-38.48	1666.96	1890.64
-9.42	-38.48	1666.12	1903.66
-9.42	-38.48	1665.28	1923.21
-9.42	-38.48	1664.44	1939.71
-9.42	-38.48	1663.6	1952.98
-9.42	-38.48	1662.75	1971.78
-9.42	-38.48	1661.91	1981.01
-9.42	-38.48	1661.07	1994.1
-9.42	-38.48	1660.23	1997.92
-9.42	-38.48	1659.39	2011.07
-9.42	-38.48	1658.55	2019.04
-9.42	-38.48	1657.7	2029.26
-9.42	-38.48	1656.86	2037.27
-9.42	-38.48	1656.02	2046.94
-9.42	-38.48	1655.18	2061.3
-9.42	-38.48	1654.33	2075.25
-9.42	-38.48	1653.49	2084.67
-9.42	-38.48	1652.65	2094.97
-9.42	-38.48	1651.81	2110.0
-9.42	-38.48	1650.96	2124.55
-9.42	-38.48	1650.12	2139.94
-9.42	-38.48	1649.28	2157.46
-9.42	-38.48	1648.43	2177.58
-9.42	-38.48	1647.59	2198.41
-9.42	-38.48	1646.74	2212.63
-9.42	-38.48	1645.9	2225.57
-9.42	-38.48	1645.06	2248.56
-9.42	-38.48	1644.21	2274.39
-9.42	-38.48	1643.37	2299.53
-9.42	-38.48	1642.52	2328.43
-9.42	-38.48	1641.68	2353.59
-9.42	-38.48	1640.83	2388.88
-9.42	-38.48	1639.99	2428.02
-9.42	-38.48	1639.14	2458.17
-9.42	-38.48	1638.3	2489.31
-9.42	-38.48	1637.45	2524.39
-9.42	-38.48	1636.61	2562.22
-9.42	-38.48	1635.76	2593.49
-9.42	-38.48	1634.91	2631.1
-9.42	-38.48	1634.07	2661.07
-9.42	-38.48	1633.22	2697.79
-9.42	-38.48	1632.38	2737.12
-9.42	-38.48	1631.53	2761.4
-9.42	-38.48	1630.68	2788.26
-9.42	-38.48	1629.84	2826.46
-9.42	-38.48	1628.99	2857.82
-9.42	-38.48	1628.14	2892.2
-9.42	-38.48	1627.29	2913.55
-9.42	-38.48	1626.45	2944.54
-9.42	-38.48	1625.6	2974.97
-9.42	-38.48	1624.75	3001.41
-9.42	-38.48	1623.9	3016.66
-9.42	-38.48	1623.06	3030.38
-9.42	-38.48	1622.21	3044.35
-9.42	-38.48	1621.36	3052.96
-9.42	-38.48	1620.51	3063.93
-9.42	-38.48	1619.66	3085.28
-9.42	-38.48	1618.81	3101.84
-9.42	-38.48	1617.96	3120.13
-9.42	-38.48	1617.12	3133.77
-9.42	-38.48	1616.27	3140.63
-9.42	-38.48	1615.42	3158.59
-9.42	-38.48	1614.57	3179.26
-9.42	-38.48	1613.72	3201.25
-9.42	-38.48	1612.87	3212.89
-9.42	-38.48	1612.02	3228.78
-9.42	-38.48	1611.17	3245.7
-9.42	-38.48	1610.32	3256.84
-9.42	-38.48	1609.47	3271.75
-9.42	-38.48	1608.62	3271.0
-9.42	-38.48	1607.77	3280.84
-9.42	-38.48	1606.92	3290.09
-9.42	-38.48	1606.06	3294.62
-9.42	-38.48	1605.21	3299.19
-9.42	-38.48	1604.36	3305.89
-9.42	-38.48	1603.51	3316.66
-9.42	-38.48	1602.66	3324.6
-9.42	-38.48	1601.81	3314.76
-9.42	-38.48	1600.96	3315.55
-9.42	-38.48	1600.1	3316.67
-9.42	-38.48	1599.25	3310.75
-9.42	-38.48	1598.4	3303.65
-9.42	-38.48	1597.55	3292.64
-9.42	-38.48	1596.69	3283.6
-9.42	-38.48	1595.84	3285.36
-9.42	-38.48	1594.99	3290.25
-9.42	-38.48	1594.14	3288.87
-9.42	-38.48	1593.28	3283.78
-9.42	-38.48	1592.43	3283.61
-9.42	-38.48	1591.58	3279.7
-9.42	-38.48	1590.72	3276.66
-9.42	-38.48	1589.87	3270.94
-9.42	-38.48	1589.02	3276.51
-9.42	-38.48	1588.16	3279.49
-9.42	-38.48	1587.31	3270.57
-9.42	-38.48	1586.45	3268.9
-9.42	-38.48	1585.6	3265.98
-9.42	-38.48	1584.74	3265.53
-9.42	-38.48	1583.89	3270.07
-9.42	-38.48	1583.03	3260.16
-9.42	-38.48	1582.18	3257.7
-9.42	-38.48	1581.32	3258.6
-9.42	-38.48	1580.47	3260.94
-9.42	-38.48	1579.61	3257.29
-9.42	-38.48	1578.76	3254.12
-9.42	-38.48	1577.9	3256.61
-9.42	-38.48	1577.05	3256.62
-9.42	-38.48	1576.19	3247.39
-9.42	-38.48	1575.33	3240.66
-9.42	-38.48	1574.48	3240.89
-9.42	-38.48	1573.62	3240.17
-9.42	-38.48	1572.76	3239.72
-9.42	-38.48	1571.91	3226.6
-9.42	-38.48	1571.05	3221.72
-9.42	-38.48	1570.19	3219.42
-9.42	-38.48	1569.34	3210.33
-9.42	-38.48	1568.48	3204.37
-9.42	-38.48	1567.62	3186.42
-9.42	-38.48	1566.76	3173.32
-9.42	-38.48	1565.91	3167.47
-9.42	-38.48	1565.05	3161.53
-9.42	-38.48	1564.19	3142.01
-9.42	-38.48	1563.33	3134.83
-9.42	-38.48	1562.47	3130.25
-9.42	-38.48	1561.62	3123.96
-9.42	-38.48	1560.76	3113.6
-9.42	-38.48	1559.9	3105.31
-9.42	-38.48	1559.04	3102.81
-9.42	-38.48	1558.18	3109.88
-9.42	-38.48	1557.32	3109.22
-9.42	-38.48	1556.46	3106.84
-9.42	-38.48	1555.6	3107.03
-9.42	-38.48	1554.74	3115.02
-9.42	-38.48	1553.88	3109.21
-9.42	-38.48	1553.02	3100.55
-9.42	-38.48	1552.16	3099.04
-9.42	-38.48	1551.3	3112.19
-9.42	-38.48	1550.44	3112.33
-9.42	-38.48	1549.58	3110.71
-9.42	-38.48	1548.72	3109.02
-9.42	-38.48	1547.86	3111.39
-9.42	-38.48	1547.0	3119.34
-9.42	-38.48	1546.14	3113.8
-9.42	-38.48	1545.28	3116.77
-9.42	-38.48	1544.41	3123.06
-9.42	-38.48	1543.55	3134.51
-9.42	-38.48	1542.69	3147.16
-9.42	-38.48	1541.83	3141.97
-9.42	-38.48	1540.97	3154.45
-9.42	-38.48	1540.1	3173.14
-9.42	-38.48	1539.24	3185.87
-9.42	-38.48	1538.38	3188.93
-9.42	-38.48	1537.52	3199.79
-9.42	-38.48	1536.65	3213.61
-9.42	-38.48	1535.79	3230.14
-9.42	-38.48	1534.93	3243.39
-9.42	-38.48	1534.06	3257.94
-9.42	-38.48	1533.2	3277.16
-9.42	-38.48	1532.34	3307.13
-9.42	-38.48	1531.47	3322.01
-9.42	-38.48	1530.61	3326.48
-9.42	-38.48	1529.75	3336.03
-9.42	-38.48	1528.88	3347.32
-9.42	-38.48	1528.02	3360.83
-9.42	-38.48	1527.15	3368.56
-9.42	-38.48	1526.29	3371.28
-9.42	-38.48	1525.42	3384.07
-9.42	-38.48	1524.56	3388.79
-9.42	-38.48	1523.69	3389.03
-9.42	-38.48	1522.83	3378.54
-9.42	-38.48	1521.96	3380.18
-9.42	-38.48	1521.1	3380.52
-9.42	-38.48	1520.23	3373.73
-9.42	-38.48	1519.37	3369.65
-9.42	-38.48	1518.5	3361.36
-9.42	-38.48	1517.63	3359.47
-9.42	-38.48	1516.77	3359.93
-9.42	-38.48	1515.9	3347.64
-9.42	-38.48	1515.03	3338.37
-9.42	-38.48	1514.17	3331.89
-9.42	-38.48	1513.3	3323.77
-9.42	-38.48	1512.43	3307.0
-9.42	-38.48	1511.57	3289.0
-9.42	-38.48	1510.7	3281.33
-9.42	-38.48	1509.83	3278.26
-9.42	-38.48	1508.96	3264.31
-9.42	-38.48	1508.1	3249.56
-9.42	-38.48	1507.23	3242.01
-9.42	-38.48	1506.36	3240.56
-9.42	-38.48	1505.49	3224.54
-9.42	-38.48	1504.62	3209.79
-9.42	-38.48	1503.76	3195.47
-9.42	-38.48	1502.89	3186.9
-9.42	-38.48	1502.02	3180.09
-9.42	-38.48	1501.15	3157.0
-9.42	-38.48	1500.28	3138.64
-9.42	-38.48	1499.41	3128.31
-9.42	-38.48	1498.54	3121.26
-9.42	-38.48	1497.67	3105.01
-9.42	-38.48	1496.8	3084.34
-9.42	-38.48	1495.93	3077.71
-9.42	-38.48	1495.06	3070.88
-9.42	-38.48	1494.19	3060.72
-9.42	-38.48	1493.32	3043.97
-9.42	-38.48	1492.45	3026.87
-9.42	-38.48	1491.58	3026.05
-9.42	-38.48	1490.71	3019.69
-9.42	-38.48	1489.84	3000.48
-9.42	-38.48	1488.97	2981.31
-9.42	-38.48	1488.1	2967.87
-9.42	-38.48	1487.23	2963.07
-9.42	-38.48	1486.35	2947.76
-9.42	-38.48	1485.48	2930.45
-9.42	-38.48	1484.61	2927.26
-9.42	-38.48	1483.74	2931.7
-9.42	-38.48	1482.87	2919.69
-9.42	-38.48	1481.99	2904.7
-9.42	-38.48	1481.12	2903.74
-9.42	-38.48	1480.25	2905.52
-9.42	-38.48	1479.38	2899.54
-9.42	-38.48	1478.5	2892.52
-9.42	-38.48	1477.63	2884.92
-9.42	-38.48	1476.76	2885.01
-9.42	-38.48	1475.88	2889.46
-9.42	-38.48	1475.01	2885.11
-9.42	-38.48	1474.14	2888.15
-9.42	-38.48	1473.26	2898.2
-9.42	-38.48	1472.39	2912.98
-9.42	-38.48	1471.51	2920.68
-9.42	-38.48	1470.64	2924.98
-9.42	-38.48	1469.77	2931.2
-9.42	-38.48	1468.89	2949.07
-9.42	-38.48	1468.02	2963.55
-9.42	-38.48	1467.14	2969.63
-9.42	-38.48	1466.27	2982.05
-9.42	-38.48	1465.39	3005.33
-9.42	-38.48	1464.52	3021.54
-9.42	-38.48	1463.64	3025.56
-9.42	-38.48	1462.77	3029.85
-9.42	-38.48	1461.89	3055.43
-9.42	-38.48	1461.01	3084.58
-9.42	-38.48	1460.14	3094.43
-9.42	-38.48	1459.26	3102.87
-9.42	-38.48	1458.39	3121.56
-9.42	-38.48	1457.51	3141.02
-9.42	-38.48	1456.63	3144.14
-9.42	-38.48	1455.76	3150.34
-9.42	-38.48	1454.88	3162.98
-9.42	-38.48	1454.0	3172.04
-9.42	-38.48	1453.12	3170.13
-9.42	-38.48	1452.25	3160.69
-9.42	-38.48	1451.37	3152.75
-9.42	-38.48	1450.49	3153.42
-9.42	-38.48	1449.61	3146.33
-9.42	-38.48	1448.74	3131.45
-9.42	-38.48	1447.86	3118.28
-9.42	-38.48	1446.98	3113.75
-9.42	-38.48	1446.1	3100.81
-9.42	-38.48	1445.22	3081.67
-9.42	-38.48	1444.34	3057.39
-9.42	-38.48	1443.46	3042.45
-9.42	-38.48	1442.58	3033.78
-9.42	-38.48	1441.71	3010.26
-9.42	-38.48	1440.83	2980.22
-9.42	-38.48	1439.95	2966.89
-9.42	-38.48	1439.07	2958.01
-9.42	-38.48	1438.19	2944.74
-9.42	-38.48	1437.31	2922.2
-9.42	-38.48	1436.43	2912.83
-9.42	-38.48	1435.55	2914.59
-9.42	-38.48	1434.67	2910.39
-9.42	-38.48	1433.79	2896.32
-9.42	-38.48	1432.9	2887.31
-9.42	-38.48	1432.02	2885.04
-9.42	-38.48	1431.14	2887.83
-9.42	-38.48	1430.26	2879.33
-9.42	-38.48	1429.38	2876.44
-9.42	-38.48	1428.5	2876.82
-9.42	-38.48	1427.62	2883.13
-9.42	-38.48	1426.74	2875.23
-9.42	-38.48	1425.85	2866.6
-9.42	-38.48	1424.97	2871.25
-9.42	-38.48	1424.09	2883.31
-9.42	-38.48	1423.21	2881.2
-9.42	-38.48	1422.32	2879.47
-9.42	-38.48	1421.44	2877.29
-9.42	-38.48	1420.56	2883.9
-9.42	-38.48	1419.67	2876.97
-9.42	-38.48	1418.79	2867.23
-9.42	-38.48	1417.91	2861.69
-9.42	-38.48	1417.02	2861.24
-9.42	-38.48	1416.14	2860.82
-9.42	-38.48	1415.26	2854.96
-9.42	-38.48	1414.37	2855.42
-9.42	-38.48	1413.49	2869.46
-9.42	-38.48	1412.6	2873.6
-9.42	-38.48	1411.72	2867.33
-9.42	-38.48	1410.84	2864.48
-9.42	-38.48	1409.95	2878.7
-9.42	-38.48	1409.07	2891.54
-9.42	-38.48	1408.18	2903.01
-9.42	-38.48	1407.3	2904.35
-9.42	-38.48	1406.41	2916.3
-9.42	-38.48	1405.52	2931.09
-9.42	-38.48	1404.64	2941.73
-9.42	-38.48	1403.75	2946.28
-9.42	-38.48	1402.87	2960.47
-9.42	-38.48	1401.98	2981.57
-9.42	-38.48	1401.09	2998.11
-9.42	-38.48	1400.21	3000.55
-9.42	-38.48	1399.32	3008.93
-9.42	-38.48	1398.43	3026.4
-9.42	-38.48	1397.55	3042.57
-9.42	-38.48	1396.66	3044.66
-9.42	-38.48	1395.77	3044.37
-9.42	-38.48	1394.89	3058.18
-9.42	-38.48	1394.0	3069.02
-9.42	-38.48	1393.11	3071.98
-9.42	-38.48	1392.22	3075.59
-9.42	-38.48	1391.34	3088.81
-9.42	-38.48	1390.45	3098.85
-9.42	-38.48	1389.56	3114.31
-9.42	-38.48	1388.67	3117.44
-9.42	-38.48	1387.78	3132.07
-9.42	-38.48	1386.89	3148.93
-9.42	-38.48	1386.0	3159.0
-9.42	-38.48	1385.11	3166.77
-9.42	-38.48	1384.23	3177.35
-9.42	-38.48	1383.34	3202.03
-9.42	-38.48	1382.45	3212.06
-9.42	-38.48	1381.56	3217.01
-9.42	-38.48	1380.67	3222.51
-9.42	-38.48	1379.78	3239.7
-9.42	-38.48	1378.89	3249.27
-9.42	-38.48	1378.0	3246.03
-9.42	-38.48	1377.11	3255.59
-9.42	-38.48	1376.22	3267.68
-9.42	-38.48	1375.32	3283.02
-9.42	-38.48	1374.43	3281.07
-9.42	-38.48	1373.54	3276.13
-9.42	-38.48	1372.65	3282.74
-9.42	-38.48	1371.76	3289.14
-9.42	-38.48	1370.87	3288.14
-9.42	-38.48	1369.98	3282.27
-9.42	-38.48	1369.08	3284.73
-9.42	-38.48	1368.19	3299.28
-9.42	-38.48	1367.3	3296.07
-9.42	-38.48	1366.41	3296.61
-9.42	-38.48	1365.52	3303.03
-9.42	-38.48	1364.62	3320.54
-9.42	-38.48	1363.73	3331.66
-9.42	-38.48	1362.84	3337.17
-9.42	-38.48	1361.94	3341.69
-9.42	-38.48	1361.05	3364.86
-9.42	-38.48	1360.16	3381.1
-9.42	-38.48	1359.26	3389.18
-9.42	-38.48	1358.37	3390.97
-9.42	-38.48	1357.48	3412.0
-9.42	-38.48	1356.58	3437.0
-9.42	-38.48	1355.69	3446.14
-9.42	-38.48	1354.79	3463.67
-9.42	-38.48	1353.9	3485.93
-9.42	-38.48	1353.0	3519.03
-9.42	-38.48	1352.11	3532.39
-9.42	-38.48	1351.21	3549.81
-9.42	-38.48	1350.32	3581.8
-9.42	-38.48	1349.42	3615.23
-9.42	-38.48	1348.53	3638.06
-9.42	-38.48	1347.63	3652.7
-9.42	-38.48	1346.74	3686.28
-9.42	-38.48	1345.84	3722.77
-9.42	-38.48	1344.94	3754.54
-9.42	-38.48	1344.05	3778.03
-9.42	-38.48	1343.15	3813.25
-9.42	-38.48	1342.26	3855.94
-9.42	-38.48	1341.36	3892.09
-9.42	-38.48	1340.46	3917.0
-9.42	-38.48	1339.56	3952.91
-9.42	-38.48	1338.67	3992.54
-9.42	-38.48	1337.77	4024.55
-9.42	-38.48	1336.87	4042.21
-9.42	-38.48	1335.97	4059.4
-9.42	-38.48	1335.08	4090.07
-9.42	-38.48	1334.18	4122.57
-9.42	-38.48	1333.28	4138.4
-9.42	-38.48	1332.38	4153.48
-9.42	-38.48	1331.48	4178.77
-9.42	-38.48	1330.59	4204.56
-9.42	-38.48	1329.69	4207.94
-9.42	-38.48	1328.79	4209.62
-9.42	-38.48	1327.89	4222.4
-9.42	-38.48	1326.99	4230.48
-9.42	-38.48	1326.09	4240.99
-9.42	-38.48	1325.19	4232.07
-9.42	-38.48	1324.29	4247.28
-9.42	-38.48	1323.39	4247.8
-9.42	-38.48	1322.49	4242.49
-9.42	-38.48	1321.59	4227.85
-9.42	-38.48	1320.69	4226.32
-9.42	-38.48	1319.79	4234.17
-9.42	-38.48	1318.89	4228.64
-9.42	-38.48	1317.99	4217.3
-9.42	-38.48	1317.09	4205.23
-9.42	-38.48	1316.19	4203.71
-9.42	-38.48	1315.29	4190.47
-9.42	-38.48	1314.38	4166.51
-9.42	-38.48	1313.48	4144.42
-9.42	-38.48	1312.58	4138.75
-9.42	-38.48	1311.68	4117.65
-9.42	-38.48	1310.78	4090.28
-9.42	-38.48	1309.87	4070.39
-9.42	-38.48	1308.97	4063.66
-9.42	-38.48	1308.07	4057.12
-9.42	-38.48	1307.17	4036.67
-9.42	-38.48	1306.26	4014.01
-9.42	-38.48	1305.36	4002.8
-9.42	-38.48	1304.46	3988.55
-9.42	-38.48	1303.55	3957.8
-9.42	-38.48	1302.65	3935.09
-9.42	-38.48	1301.75	3927.88
-9.42	-38.48	1300.84	3916.9
-9.42	-38.48	1299.94	3890.8
-9.42	-38.48	1299.03	3868.09
-9.42	-38.48	1298.13	3845.96
-9.42	-38.48	1297.23	3831.91
-9.42	-38.48	1296.32	3800.24
-9.42	-38.48	1295.42	3775.89
-9.42	-38.48	1294.51	3757.72
-9.42	-38.48	1293.61	3742.57
-9.42	-38.48	1292.7	3715.01
-9.42	-38.48	1291.8	3692.13
-9.42	-38.48	1290.89	3667.97
-9.42	-38.48	1289.98	3652.24
-9.42	-38.48	1289.08	3632.66
-9.42	-38.48	1288.17	3600.88
-9.42	-38.48	1287.27	3584.4
-9.42	-38.48	1286.36	3578.7
-9.42	-38.48	1285.45	3566.31
-9.42	-38.48	1284.55	3544.74
-9.42	-38.48	1283.64	3534.66
-9.42	-38.48	1282.73	3534.04
-9.42	-38.48	1281.83	3526.11
-9.42	-38.48	1280.92	3511.68
-9.42	-38.48	1280.01	3501.13
-9.42	-38.48	1279.1	3499.34
-9.42	-38.48	1278.2	3495.34
-9.42	-38.48	1277.29	3479.08
-9.42	-38.48	1276.38	3462.86
-9.42	-38.48	1275.47	3463.13
-9.42	-38.48	1274.56	3458.49
-9.42	-38.48	1273.65	3432.0
-9.42	-38.48	1272.75	3409.47
-9.42	-38.48	1271.84	3398.93
-9.42	-38.48	1270.93	3383.3
-9.42	-38.48	1270.02	3367.19
-9.42	-38.48	1269.11	3343.94
-9.42	-38.48	1268.2	3328.04
-9.42	-38.48	1267.29	3313.51
-9.42	-38.48	1266.38	3290.31
-9.42	-38.48	1265.47	3263.51
-9.42	-38.48	1264.56	3257.33
-9.42	-38.48	1263.65	3247.42
-9.42	-38.48	1262.74	3230.86
-9.42	-38.48	1261.83	3204.39
-9.42	-38.48	1260.92	3193.04
-9.42	-38.48	1260.01	3193.06
-9.42	-38.48	1259.1	3181.87
-9.42	-38.48	1258.18	3163.65
-9.42	-38.48	1257.27	3162.12
-9.42	-38.48	1256.36	3167.26
-9.42	-38.48	1255.45	3162.55
-9.42	-38.48	1254.54	3158.42
-9.42	-38.48	1253.62	3159.66
-9.42	-38.48	1252.71	3163.46
-9.42	-38.48	1251.8	3155.88
-9.42	-38.48	1250.89	3145.25
-9.42	-38.48	1249.97	3139.25
-9.42	-38.48	1249.06	3140.98
-9.42	-38.48	1248.15	3142.33
-9.42	-38.48	1247.24	3125.63
-9.42	-38.48	1246.32	3119.23
-9.42	-38.48	1245.41	3118.99
-9.42	-38.48	1244.49	3117.03
-9.42	-38.48	1243.58	3108.43
-9.42	-38.48	1242.67	3106.93
-9.42	-38.48	1241.75	3103.31
-9.42	-38.48	1240.84	3101.57
-9.42	-38.48	1239.92	3090.33
-9.42	-38.48	1239.01	3078.23
-9.42	-38.48	1238.09	3080.03
-9.42	-38.48	1237.18	3077.37
-9.42	-38.48	1236.26	3070.36
-9.42	-38.48	1235.35	3057.68
-9.42	-38.48	1234.43	3067.58
-9.42	-38.48	1233.52	3084.91
-9.42	-38.48	1232.6	3084.53
-9.42	-38.48	1231.69	3095.51
-9.42	-38.48	1230.77	3112.28
-9.42	-38.48	1229.85	3133.85
-9.42	-38.48	1228.94	3147.08
-9.42	-38.48	1228.02	3152.84
-9.42	-38.48	1227.1	3170.03
-9.42	-38.48	1226.19	3185.08
-9.42	-38.48	1225.27	3199.57
-9.42	-38.48	1224.35	3208.66
-9.42	-38.48	1223.43	3232.61
-9.42	-38.48	1222.52	3251.8
-9.42	-38.48	1221.6	3264.35
-9.42	-38.48	1220.68	3277.73
-9.42	-38.48	1219.76	3286.91
-9.42	-38.48	1218.84	3311.8
-9.42	-38.48	1217.93	3320.2
-9.42	-38.48	1217.01	3321.5
-9.42	-38.48	1216.09	3332.05
-9.42	-38.48	1215.17	3338.67
-9.42	-38.48	1214.25	3332.2
-9.42	-38.48	1213.33	3324.78
-9.42	-38.48	1212.41	3315.83
-9.42	-38.48	1211.49	3309.04
-9.42	-38.48	1210.57	3295.9
-9.42	-38.48	1209.65	3276.13
-9.42	-38.48	1208.73	3264.78
-9.42	-38.48	1207.81	3252.13
-9.42	-38.48	1206.89	3239.92
-9.42	-38.48	1205.97	3210.41
-9.42	-38.48	1205.05	3188.73
-9.42	-38.48	1204.13	3178.38
-9.42	-38.48	1203.21	3149.8
-9.42	-38.48	1202.29	3122.36
-9.42	-38.48	1201.37	3099.13
-9.42	-38.48	1200.45	3080.12
-9.42	-38.48	1199.52	3060.89
-9.42	-38.48	1198.6	3044.24
-9.42	-38.48	1197.68	3030.74
-9.42	-38.48	1196.76	3023.86
-9.42	-38.48	1195.84	3019.26
-9.42	-38.48	1194.91	3005.68
-9.42	-38.48	1193.99	3008.11
-9.42	-38.48	1193.07	3019.43
-9.42	-38.48	1192.14	3018.31
-9.42	-38.48	1191.22	3022.47
-9.42	-38.48	1190.3	3033.92
-9.42	-38.48	1189.37	3052.32
-9.42	-38.48	1188.45	3070.75
-9.42	-38.48	1187.53	3081.38
-9.42	-38.48	1186.6	3100.43
-9.42	-38.48	1185.68	3125.05
-9.42	-38.48	1184.76	3147.72
-9.42	-38.48	1183.83	3163.15
-9.42	-38.48	1182.91	3186.35
-9.42	-38.48	1181.98	3213.97
-9.42	-38.48	1181.06	3235.33
-9.42	-38.48	1180.13	3248.4
-9.42	-38.48	1179.21	3262.11
-9.42	-38.48	1178.28	3276.06
-9.42	-38.48	1177.36	3285.01
-9.42	-38.48	1176.43	3289.46
-9.42	-38.48	1175.5	3290.73
-9.42	-38.48	1174.58	3296.51
-9.42	-38.48	1173.65	3295.74
-9.42	-38.48	1172.72	3295.36
-9.42	-38.48	1171.8	3296.91
-9.42	-38.48	1170.87	3301.77
-9.42	-38.48	1169.94	3303.07
-9.42	-38.48	1169.02	3302.25
-9.42	-38.48	1168.09	3301.39
-9.42	-38.48	1167.16	3307.82
-9.42	-38.48	1166.24	3313.63
-9.42	-38.48	1165.31	3312.41
-9.42	-38.48	1164.38	3305.81
-9.42	-38.48	1163.45	3314.27
-9.42	-38.48	1162.52	3331.28
-9.42	-38.48	1161.6	3329.1
-9.42	-38.48	1160.67	3331.27
-9.42	-38.48	1159.74	3341.75
-9.42	-38.48	1158.81	3349.58
-9.42	-38.48	1157.88	3350.34
-9.42	-38.48	1156.95	3355.67
-9.42	-38.48	1156.02	3361.69
-9.42	-38.48	1155.09	3370.41
-9.42	-38.48	1154.16	3366.56
-9.42	-38.48	1153.23	3355.05
-9.42	-38.48	1152.3	3345.66
-9.42	-38.48	1151.37	3333.38
-9.42	-38.48	1150.44	3312.12
-9.42	-38.48	1149.51	3298.42
-9.42	-38.48	1148.58	3285.62
-9.42	-38.48	1147.65	3264.01
-9.42	-38.48	1146.72	3233.23
-9.42	-38.48	1145.79	3209.07
-9.42	-38.48	1144.86	3197.41
-9.42	-38.48	1143.92	3170.59
-9.42	-38.48	1142.99	3145.84
-9.42	-38.48	1142.06	3119.13
-9.42	-38.48	1141.13	3102.06
-9.42	-38.48	1140.2	3088.45
-9.42	-38.48	1139.26	3066.06
-9.42	-38.48	1138.33	3048.23
-9.42	-38.48	1137.4	3031.96
-9.42	-38.48	1136.47	3014.52
-9.42	-38.48	1135.53	3000.0
-9.42	-38.48	1134.6	2988.13
-9.42	-38.48	1133.67	2976.38
-9.42	-38.48	1132.73	2971.79
-9.42	-38.48	1131.8	2968.69
-9.42	-38.48	1130.87	2963.63
-9.42	-38.48	1129.93	2969.01
-9.42	-38.48	1129.0	2976.2
-9.42	-38.48	1128.06	2976.87
-9.42	-38.48	1127.13	2976.66
-9.42	-38.48	1126.19	2986.38
-9.42	-38.48	1125.26	2981.93
-9.42	-38.48	1124.32	2984.15
-9.42	-38.48	1123.39	2985.68
-9.42	-38.48	1122.45	2988.82
-9.42	-38.48	1121.52	2990.22
-9.42	-38.48	1120.58	2975.54
-9.42	-38.48	1119.65	2973.41
-9.42	-38.48	1118.71	2972.81
-9.42	-38.48	1117.78	2977.27
-9.42	-38.48	1116.84	2967.58
-9.42	-38.48	1115.9	2952.17
-9.42	-38.48	1114.97	2957.9
-9.42	-38.48	1114.03	2944.93
-9.42	-38.48	1113.09	2932.03
-9.42	-38.48	1112.15	2925.0
-9.42	-38.48	1111.22	2917.0
-9.42	-38.48	1110.28	2908.82
-9.42	-38.48	1109.34	2890.29
-9.42	-38.48	1108.4	2881.88
-9.42	-38.48	1107.47	2887.54
-9.42	-38.48	1106.53	2886.66
-9.42	-38.48	1105.59	2883.85
-9.42	-38.48	1104.65	2884.53
-9.42	-38.48	1103.71	2900.39
-9.42	-38.48	1102.77	2915.46
-9.42	-38.48	1101.83	2930.44
-9.42	-38.48	1100.9	2944.94
-9.42	-38.48	1099.96	2957.77
-9.42	-38.48	1099.02	2978.29
-9.42	-38.48	1098.08	2999.06
-9.42	-38.48	1097.14	3010.16
-9.42	-38.48	1096.2	3028.84
-9.42	-38.48	1095.26	3044.42
-9.42	-38.48	1094.32	3054.5
-9.42	-38.48	1093.38	3064.61
-9.42	-38.48	1092.44	3077.73
-9.42	-38.48	1091.49	3089.5
-9.42	-38.48	1090.55	3086.24
-9.42	-38.48	1089.61	3082.45
-9.42	-38.48	1088.67	3074.76
-9.42	-38.48	1087.73	3066.41
-9.42	-38.48	1086.79	3057.54
-9.42	-38.48	1085.85	3035.25
-9.42	-38.48	1084.9	3020.91
-9.42	-38.48	1083.96	2998.41
-9.42	-38.48	1083.02	2970.79
-9.42	-38.48	1082.08	2940.8
-9.42	-38.48	1081.13	2918.1
-9.42	-38.48	1080.19	2893.84
-9.42	-38.48	1079.25	2860.68
-9.42	-38.48	1078.31	2824.23
-9.42	-38.48	1077.36	2796.22
-9.42	-38.48	1076.42	2769.13
-9.42	-38.48	1075.48	2741.04
-9.42	-38.48	1074.53	2714.72
-9.42	-38.48	1073.59	2688.78
-9.42	-38.48	1072.64	2662.25
-9.42	-38.48	1071.7	2640.87
-9.42	-38.48	1070.75	2632.79
-9.42	-38.48	1069.81	2623.89
-9.42	-38.48	1068.86	2607.8
-9.42	-38.48	1067.92	2594.07
-9.42	-38.48	1066.97	2587.17
-9.42	-38.48	1066.03	2573.16
-9.42	-38.48	1065.08	2563.22
-9.42	-38.48	1064.14	2553.47
-9.42	-38.48	1063.19	2544.12
-9.42	-38.48	1062.25	2536.32
-9.42	-38.48	1061.3	2530.79
-9.42	-38.48	1060.35	2523.04
-9.42	-38.48	1059.41	2516.37
-9.42	-38.48	1058.46	2517.06
-9.42	-38.48	1057.51	2512.15
-9.42	-38.48	1056.57	2504.33
-9.42	-38.48	1055.62	2502.24
-9.42	-38.48	1054.67	2512.64
-9.42	-38.48	1053.72	2511.1
-9.42	-38.48	1052.78	2511.39
-9.42	-38.48	1051.83	2510.87
-9.42	-38.48	1050.88	2509.46
-9.42	-38.48	1049.93	2510.92
-9.42	-38.48	1048.98	2507.86
-9.42	-38.48	1048.03	2502.46
-9.42	-38.48	1047.09	2500.85
-9.42	-38.48	1046.14	2501.3
-9.42	-38.48	1045.19	2501.37
-9.42	-38.48	1044.24	2503.08
-9.42	-38.48	1043.29	2505.51
-9.42	-38.48	1042.34	2502.71
-9.42	-38.48	1041.39	2497.32
-9.42	-38.48	1040.44	2494.7
-9.42	-38.48	1039.49	2486.16
-9.42	-38.48	1038.54	2475.17
-9.42	-38.48	1037.59	2463.41
-9.42	-38.48	1036.64	2453.79
-9.42	-38.48	1035.69	2439.71
-9.42	-38.48	1034.74	2421.25
-9.42	-38.48	1033.79	2408.23
-9.42	-38.48	1032.83	2397.06
-9.42	-38.48	1031.88	2382.37
-9.42	-38.48	1030.93	2371.89
-9.42	-38.48	1029.98	2357.87
-9.42	-38.48	1029.03	2343.01
-9.42	-38.48	1028.07	2329.4
-9.42	-38.48	1027.12	2325.41
-9.42	-38.48	1026.17	2319.37
-9.42	-38.48	1025.22	2308.76
-9.42	-38.48	1024.26	2300.83
-9.42	-38.48	1023.31	2294.79
-9.42	-38.48	1022.36	2283.23
-9.42	-38.48	1021.4	2275.13
-9.42	-38.48	1020.45	2265.91
-9.42	-38.48	1019.5	2266.5
-9.42	-38.48	1018.54	2263.0
-9.42	-38.48	1017.59	2262.08
-9.42	-38.48	1016.64	2261.93
-9.42	-38.48	1015.68	2262.42
-9.42	-38.48	1014.73	2259.09
-9.42	-38.48	1013.77	2261.61
-9.42	-38.48	1012.82	2259.63
-9.42	-38.48	1011.86	2260.38
-9.42	-38.48	1010.91	2258.73
-9.42	-38.48	1009.95	2263.11
-9.42	-38.48	1009.0	2260.86
-9.42	-38.48	1008.04	2258.91
-9.42	-38.48	1007.08	2257.65
-9.42	-38.48	1006.13	2251.41
-9.42	-38.48	1005.17	2252.01
-9.42	-38.48	1004.22	2252.2
-9.42	-38.48	1003.26	2253.03
-9.42	-38.48	1002.3	2255.68
-9.42	-38.48	1001.34	2253.85
-9.42	-38.48	1000.39	2255.65
-9.42	-38.48	999.431	2257.51
-9.42	-38.48	998.4730000000001	2260.65
-9.42	-38.48	997.515	2264.17
-9.42	-38.48	996.558	2257.74
-9.42	-38.48	995.6	2253.29
-9.42	-38.48	994.6410000000001	2252.97
-9.42	-38.48	993.683	2246.08
-9.42	-38.48	992.725	2245.94
-9.42	-38.48	991.7660000000001	2244.36
-9.42	-38.48	990.807	2250.58
-9.42	-38.48	989.8480000000001	2241.67
-9.42	-38.48	988.8889999999999	2247.57
-9.42	-38.48	987.93	2248.17
-9.42	-38.48	986.97	2247.71
-9.42	-38.48	986.01	2246.0
-9.42	-38.48	985.05	2242.5
-9.42	-38.48	984.09	2236.17
-9.42	-38.48	983.13	2238.64
-9.42	-38.48	982.17	2239.89
-9.42	-38.48	981.209	2237.08
-9.42	-38.48	980.248	2231.14
-9.42	-38.48	979.288	2235.07
-9.42	-38.48	978.326	2236.93
-9.42	-38.48	977.365	2233.06
-9.42	-38.48	976.404	2238.19
-9.42	-38.48	975.442	2243.08
-9.42	-38.48	974.48	2248.55
-9.42	-38.48	973.518	2252.65
-9.42	-38.48	972.556	2251.43
-9.42	-38.48	971.5939999999999	2253.8
-9.42	-38.48	970.632	2255.52
-9.42	-38.48	969.669	2263.16
-9.42	-38.48	968.706	2273.21
-9.42	-38.48	967.743	2281.9
-9.42	-38.48	966.78	2294.81
-9.42	-38.48	965.817	2302.6
-9.42	-38.48	964.8530000000001	2310.9
-9.42	-38.48	963.8889999999999	2324.38
-9.42	-38.48	962.926	2337.43
-9.42	-38.48	961.961	2350.9
-9.42	-38.48	960.997	2360.13
-9.42	-38.48	960.033	2374.0
-9.42	-38.48	959.068	2382.72
-9.42	-38.48	958.1039999999999	2392.46
-9.42	-38.48	957.1389999999999	2392.4
-9.42	-38.48	956.174	2402.09
-9.42	-38.48	955.2080000000001	2411.5
-9.42	-38.48	954.243	2417.5
-9.42	-38.48	953.2769999999999	2426.07
-9.42	-38.48	952.312	2434.3
-9.42	-38.48	951.346	2440.03
-9.42	-38.48	950.38	2451.21
-9.42	-38.48	949.413	2456.87
-9.42	-38.48	948.447	2458.45
-9.42	-38.48	947.48	2460.51
-9.42	-38.48	946.513	2458.16
-9.42	-38.48	945.546	2460.49
-9.42	-38.48	944.579	2467.33
-9.42	-38.48	943.612	2461.62
-9.42	-38.48	942.6439999999999	2463.64
-9.42	-38.48	941.677	2463.43
-9.42	-38.48	940.709	2463.14
-9.42	-38.48	939.7410000000001	2458.6
-9.42	-38.48	938.773	2455.83
-9.42	-38.48	937.804	2446.76
-9.42	-38.48	936.836	2436.25
-9.42	-38.48	935.867	2428.28
-9.42	-38.48	934.898	2418.7
-9.42	-38.48	933.929	2413.43
-9.42	-38.48	932.96	2408.41
-9.42	-38.48	931.99	2393.95
-9.42	-38.48	931.0210000000001	2385.62
-9.42	-38.48	930.051	2383.21
-9.42	-38.48	929.081	2373.11
-9.42	-38.48	928.1110000000001	2358.98
-9.42	-38.48	927.1410000000001	2360.94
-9.42	-38.48	926.17	2361.29
-9.42	-38.48	925.199	2355.38
-9.42	-38.48	924.2289999999999	2358.53
-9.42	-38.48	923.258	2368.13
-9.42	-38.48	922.2860000000001	2378.56
-9.42	-38.48	921.315	2381.74
-9.42	-38.48	920.3439999999999	2388.31
-9.42	-38.48	919.372	2401.33
-9.42	-38.48	918.4	2415.52
-9.42	-38.48	917.428	2429.09
-9.42	-38.48	916.456	2441.12
-9.42	-38.48	915.4830000000001	2461.07
-9.42	-38.48	914.5110000000001	2472.42
-9.42	-38.48	913.538	2486.78
-9.42	-38.48	912.565	2495.65
-9.42	-38.48	911.592	2512.02
-9.42	-38.48	910.6189999999999	2531.66
-9.42	-38.48	909.645	2553.53
-9.42	-38.48	908.671	2571.41
-9.42	-38.48	907.698	2589.99
-9.42	-38.48	906.7239999999999	2610.27
-9.42	-38.48	905.75	2624.48
-9.42	-38.48	904.775	2637.9
-9.42	-38.48	903.801	2645.86
-9.42	-38.48	902.826	2644.32
-9.42	-38.48	901.8510000000001	2643.61
-9.42	-38.48	900.8760000000001	2636.57
-9.42	-38.48	899.9010000000001	2631.58
-9.42	-38.48	898.925	2617.37
-9.42	-38.48	897.95	2604.26
-9.42	-38.48	896.9739999999999	2590.34
-9.42	-38.48	895.998	2568.94
-9.42	-38.48	895.0219999999999	2552.47
-9.42	-38.48	894.046	2530.31
-9.42	-38.48	893.069	2509.5
-9.42	-38.48	892.0930000000001	2488.34
-9.42	-38.48	891.1160000000001	2469.48
-9.42	-38.48	890.1389999999999	2452.08
-9.42	-38.48	889.1619999999999	2431.42
-9.42	-38.48	888.184	2411.87
-9.42	-38.48	887.207	2385.73
-9.42	-38.48	886.2289999999999	2369.06
-9.42	-38.48	885.2510000000001	2353.81
-9.42	-38.48	884.273	2340.26
-9.42	-38.48	883.295	2326.2
-9.42	-38.48	882.317	2325.84
-9.42	-38.48	881.3380000000001	2320.51
-9.42	-38.48	880.3589999999999	2319.13
-9.42	-38.48	879.38	2308.32
-9.42	-38.48	878.4010000000001	2303.71
-9.42	-38.48	877.422	2305.59
-9.42	-38.48	876.442	2299.96
-9.42	-38.48	875.4630000000001	2294.19
-9.42	-38.48	874.4830000000001	2289.33
-9.42	-38.48	873.503	2282.81
-9.42	-38.48	872.523	2277.22
-9.42	-38.48	871.5419999999999	2274.67
-9.42	-38.48	870.562	2277.95
-9.42	-38.48	869.581	2267.93
-9.42	-38.48	868.6	2265.44
-9.42	-38.48	867.6189999999999	2261.55
-9.42	-38.48	866.638	2262.57
-9.42	-38.48	865.6569999999999	2262.55
-9.42	-38.48	864.675	2258.4
-9.42	-38.48	863.693	2261.46
-9.42	-38.48	862.711	2260.18
-9.42	-38.48	861.7289999999999	2259.33
-9.42	-38.48	860.747	2263.6
-9.42	-38.48	859.7639999999999	2268.04
-9.42	-38.48	858.7819999999999	2272.9
-9.42	-38.48	857.799	2274.31
-9.42	-38.48	856.816	2281.89
-9.42	-38.48	855.8330000000001	2294.33
-9.42	-38.48	854.8489999999999	2302.36
-9.42	-38.48	853.8660000000001	2304.8
-9.42	-38.48	852.882	2312.77
-9.42	-38.48	851.898	2326.17
-9.42	-38.48	850.914	2339.85
-9.42	-38.48	849.93	2340.92
-9.42	-38.48	848.945	2352.19
-9.42	-38.48	847.961	2369.89
-9.42	-38.48	846.9760000000001	2378.68
-9.42	-38.48	845.9910000000001	2385.09
-9.42	-38.48	845.0060000000001	2393.76
-9.42	-38.48	844.02	2405.55
-9.42	-38.48	843.035	2414.84
-9.42	-38.48	842.049	2412.8
-9.42	-38.48	841.063	2413.11
-9.42	-38.48	840.077	2415.43
-9.42	-38.48	839.091	2418.94
-9.42	-38.48	838.1039999999999	2413.82
-9.42	-38.48	837.118	2417.41
-9.42	-38.48	836.1310000000001	2417.84
-9.42	-38.48	835.1439999999999	2418.25
-9.42	-38.48	834.1569999999999	2423.67
-9.42	-38.48	833.17	2435.65
-9.42	-38.48	832.182	2442.52
-9.42	-38.48	831.195	2444.3
-9.42	-38.48	830.207	2446.86
-9.42	-38.48	829.2189999999999	2455.53
-9.42	-38.48	828.23	2453.71
-9.42	-38.48	827.242	2455.48
-9.42	-38.48	826.253	2451.9
-9.42	-38.48	825.265	2451.26
-9.42	-38.48	824.2760000000001	2445.3
-9.42	-38.48	823.2869999999999	2440.3
-9.42	-38.48	822.297	2437.99
-9.42	-38.48	821.308	2432.09
-9.42	-38.48	820.318	2422.07
-9.42	-38.48	819.328	2415.32
-9.42	-38.48	818.3380000000001	2412.59
-9.42	-38.48	817.3480000000001	2399.22
-9.42	-38.48	816.3580000000001	2388.07
-9.42	-38.48	815.367	2376.94
-9.42	-38.48	814.377	2366.82
-9.42	-38.48	813.3860000000001	2356.03
-9.42	-38.48	812.395	2335.92
-9.42	-38.48	811.403	2331.51
-9.42	-38.48	810.4119999999999	2327.34
-9.42	-38.48	809.42	2318.52
-9.42	-38.48	808.428	2302.98
-9.42	-38.48	807.436	2306.05
-9.42	-38.48	806.444	2303.95
-9.42	-38.48	805.452	2307.44
-9.42	-38.48	804.459	2310.54
-9.42	-38.48	803.467	2315.47
-9.42	-38.48	802.4739999999999	2315.76
-9.42	-38.48	801.4810000000001	2316.43
-9.42	-38.48	800.487	2322.06
-9.42	-38.48	799.4939999999999	2326.82
-9.42	-38.48	798.5	2320.57
-9.42	-38.48	797.507	2321.46
-9.42	-38.48	796.513	2320.34
-9.42	-38.48	795.518	2327.32
-9.42	-38.48	794.5239999999999	2326.36
-9.42	-38.48	793.529	2321.23
-9.42	-38.48	792.535	2328.39
-9.42	-38.48	791.54	2333.19
-9.42	-38.48	790.545	2331.18
-9.42	-38.48	789.55	2332.29
-9.42	-38.48	788.554	2336.47
-9.42	-38.48	787.559	2335.42
-9.42	-38.48	786.563	2330.49
-9.42	-38.48	785.567	2330.67
-9.42	-38.48	784.571	2330.68
-9.42	-38.48	783.574	2337.02
-9.42	-38.48	782.578	2329.56
-9.42	-38.48	781.581	2334.6
-9.42	-38.48	780.584	2337.25
-9.42	-38.48	779.587	2330.69
-9.42	-38.48	778.59	2324.86
-9.42	-38.48	777.592	2331.27
-9.42	-38.48	776.595	2327.55
-9.42	-38.48	775.597	2328.59
-9.42	-38.48	774.5989999999999	2333.04
-9.42	-38.48	773.6010000000001	2337.53
-9.42	-38.48	772.602	2341.7
-9.42	-38.48	771.6039999999999	2339.81
-9.42	-38.48	770.605	2347.94
-9.42	-38.48	769.6060000000001	2355.58
-9.42	-38.48	768.607	2357.75
-9.42	-38.48	767.6080000000001	2358.95
-9.42	-38.48	766.6089999999999	2367.29
-9.42	-38.48	765.6089999999999	2370.59
-9.42	-38.48	764.6089999999999	2369.89
-9.42	-38.48	763.6089999999999	2362.52
-9.42	-38.48	762.6089999999999	2369.3
-9.42	-38.48	761.6089999999999	2368.7
-9.42	-38.48	760.6080000000001	2364.01
-9.42	-38.48	759.607	2360.28
-9.42	-38.48	758.607	2362.07
-9.42	-38.48	757.605	2358.4
-9.42	-38.48	756.6039999999999	2347.93
-9.42	-38.48	755.6030000000001	2351.1
-9.42	-38.48	754.6010000000001	2351.19
-9.42	-38.48	753.5989999999999	2350.95
-9.42	-38.48	752.597	2345.65
-9.42	-38.48	751.595	2351.88
-9.42	-38.48	750.5930000000001	2349.26
-9.42	-38.48	749.59	2343.08
-9.42	-38.48	748.587	2340.33
-9.42	-38.48	747.585	2344.09
-9.42	-38.48	746.581	2344.26
-9.42	-38.48	745.578	2350.83
-9.42	-38.48	744.575	2362.4
-9.42	-38.48	743.571	2365.68
-9.42	-38.48	742.567	2372.02
-9.42	-38.48	741.563	2379.49
-9.42	-38.48	740.559	2391.84
-9.42	-38.48	739.555	2395.76
-9.42	-38.48	738.55	2395.8
-9.42	-38.48	737.545	2396.34
-9.42	-38.48	736.54	2404.42
-9.42	-38.48	735.535	2404.29
-9.42	-38.48	734.53	2399.51
-9.42	-38.48	733.525	2398.65
-9.42	-38.48	732.5189999999999	2405.86
-9.42	-38.48	731.513	2398.98
-9.42	-38.48	730.507	2388.48
-9.42	-38.48	729.5010000000001	2388.32
-9.42	-38.48	728.4939999999999	2386.64
-9.42	-38.48	727.488	2377.22
-9.42	-38.48	726.4810000000001	2371.26
-9.42	-38.48	725.4739999999999	2371.54
-9.42	-38.48	724.467	2368.79
-9.42	-38.48	723.46	2362.38
-9.42	-38.48	722.452	2365.01
-9.42	-38.48	721.444	2367.0
-9.42	-38.48	720.436	2359.92
-9.42	-38.48	719.428	2359.4
-9.42	-38.48	718.42	2354.5
-9.42	-38.48	717.4119999999999	2359.27
-9.42	-38.48	716.403	2355.02
-9.42	-38.48	715.3939999999999	2354.17
-9.42	-38.48	714.385	2363.96
-9.42	-38.48	713.3760000000001	2366.98
-9.42	-38.48	712.367	2372.3
-9.42	-38.48	711.357	2382.23
-9.42	-38.48	710.347	2396.53
-9.42	-38.48	709.3380000000001	2403.1
-9.42	-38.48	708.327	2409.3
-9.42	-38.48	707.317	2414.48
-9.42	-38.48	706.307	2428.24
-9.42	-38.48	705.296	2430.9
-9.42	-38.48	704.285	2437.51
-9.42	-38.48	703.2739999999999	2452.08
-9.42	-38.48	702.263	2456.83
-9.42	-38.48	701.252	2455.23
-9.42	-38.48	700.24	2459.32
-9.42	-38.48	699.2280000000001	2467.37
-9.42	-38.48	698.216	2465.9
-9.42	-38.48	697.204	2467.99
-9.42	-38.48	696.192	2471.13
-9.42	-38.48	695.179	2479.03
-9.42	-38.48	694.1669999999999	2482.64
-9.42	-38.48	693.154	2482.98
-9.42	-38.48	692.1410000000001	2492.82
-9.42	-38.48	691.127	2498.68
-9.42	-38.48	690.1139999999999	2499.73
-9.42	-38.48	689.1	2501.12
-9.42	-38.48	688.086	2511.15
-9.42	-38.48	687.072	2513.65
-9.42	-38.48	686.058	2513.02
-9.42	-38.48	685.044	2525.32
-9.42	-38.48	684.029	2539.04
-9.42	-38.48	683.015	2541.87
-9.42	-38.48	682.0	2551.12
-9.42	-38.48	680.985	2565.36
-9.42	-38.48	679.9689999999999	2580.62
-9.42	-38.48	678.954	2578.42
-9.42	-38.48	677.938	2586.37
-9.42	-38.48	676.922	2603.55
-9.42	-38.48	675.9060000000001	2616.27
-9.42	-38.48	674.89	2621.6
-9.42	-38.48	673.8739999999999	2634.63
-9.42	-38.48	672.857	2647.22
-9.42	-38.48	671.84	2647.5
-9.42	-38.48	670.823	2645.06
-9.42	-38.48	669.806	2643.96
-9.42	-38.48	668.789	2645.68
-9.42	-38.48	667.7710000000001	2641.69
-9.42	-38.48	666.753	2645.7
-9.42	-38.48	665.735	2648.2
-9.42	-38.48	664.717	2654.62
-9.42	-38.48	663.699	2648.81
-9.42	-38.48	662.68	2659.52
-9.42	-38.48	661.6619999999999	2669.44
-9.42	-38.48	660.643	2668.43
-9.42	-38.48	659.6239999999999	2665.92
-9.42	-38.48	658.605	2668.87
-9.42	-38.48	657.585	2682.47
-9.42	-38.48	656.566	2678.31
-9.42	-38.48	655.546	2687.48
-9.42	-38.48	654.526	2699.7
-9.42	-38.48	653.506	2707.38
-9.42	-38.48	652.485	2716.94
-9.42	-38.48	651.465	2728.09
-9.42	-38.48	650.444	2738.42
-9.42	-38.48	649.423	2747.05
-9.42	-38.48	648.4019999999999	2746.68
-9.42	-38.48	647.381	2761.29
-9.42	-38.48	646.359	2770.25
-9.42	-38.48	645.3380000000001	2768.56
-9.42	-38.48	644.316	2770.43
-9.42	-38.48	643.294	2779.95
-9.42	-38.48	642.271	2778.77
-9.42	-38.48	641.249	2768.96
-9.42	-38.48	640.226	2771.16
-9.42	-38.48	639.2040000000001	2775.87
-9.42	-38.48	638.181	2772.29
-9.42	-38.48	637.1569999999999	2768.61
-9.42	-38.48	636.134	2777.59
-9.42	-38.48	635.11	2787.7
-9.42	-38.48	634.087	2794.12
-9.42	-38.48	633.063	2801.58
-9.42	-38.48	632.039	2819.04
-9.42	-38.48	631.014	2821.58
-9.42	-38.48	629.99	2821.81
-9.42	-38.48	628.965	2825.79
-9.42	-38.48	627.94	2835.45
-9.42	-38.48	626.915	2838.63
-9.42	-38.48	625.89	2838.67
-9.42	-38.48	624.864	2842.04
-9.42	-38.48	623.839	2842.23
-9.42	-38.48	622.813	2839.02
-9.42	-38.48	621.7869999999999	2839.51
-9.42	-38.48	620.761	2831.71
-9.42	-38.48	619.734	2829.05
-9.42	-38.48	618.7080000000001	2822.24
-9.42	-38.48	617.681	2820.31
-9.42	-38.48	616.654	2818.26
-9.42	-38.48	615.627	2810.86
-9.42	-38.48	614.599	2798.23
-9.42	-38.48	613.572	2789.65
-9.42	-38.48	612.544	2780.83
-9.42	-38.48	611.516	2760.91
-9.42	-38.48	610.488	2749.54
-9.42	-38.48	609.46	2741.24
-9.42	-38.48	608.431	2719.67
-9.42	-38.48	607.403	2693.9
-9.42	-38.48	606.374	2683.75
-9.42	-38.48	605.345	2671.54
-9.42	-38.48	604.316	2647.67
-9.42	-38.48	603.286	2622.08
-9.42	-38.48	602.257	2604.07
-9.42	-38.48	601.227	2575.6
-9.42	-38.48	600.197	2543.52
-9.42	-38.48	599.1669999999999	2515.14
-9.42	-38.48	598.136	2496.71
-9.42	-38.48	597.106	2475.24
-9.42	-38.48	596.075	2451.99
-9.42	-38.48	595.044	2436.85
-9.42	-38.48	594.013	2419.71
-9.42	-38.48	592.981	2397.73
-9.42	-38.48	591.95	2387.57
-9.42	-38.48	590.918	2387.35
-9.42	-38.48	589.886	2382.39
-9.42	-38.48	588.854	2381.79
-9.42	-38.48	587.822	2387.93
-9.42	-38.48	586.789	2398.34
-9.42	-38.48	585.757	2394.9
-9.42	-38.48	584.724	2401.85
-9.42	-38.48	583.691	2398.88
-9.42	-38.48	582.6569999999999	2402.94
-9.42	-38.48	581.624	2403.8
-9.42	-38.48	580.59	2409.24
-9.42	-38.48	579.557	2415.49
-9.42	-38.48	578.523	2409.46
-9.42	-38.48	577.488	2400.21
-9.42	-38.48	576.4540000000001	2396.92
-9.42	-38.48	575.419	2394.74
-9.42	-38.48	574.385	2384.47
-9.42	-38.48	573.35	2373.37
-9.42	-38.48	572.314	2369.45
-9.42	-38.48	571.279	2359.24
-9.42	-38.48	570.244	2349.1
-9.42	-38.48	569.2080000000001	2355.88
-9.42	-38.48	568.172	2360.03
-9.42	-38.48	567.136	2362.62
-9.42	-38.48	566.099	2365.53
-9.42	-38.48	565.063	2375.67
-9.42	-38.48	564.026	2378.51
-9.42	-38.48	562.989	2381.36
-9.42	-38.48	561.952	2382.01
-9.42	-38.48	560.915	2393.66
-9.42	-38.48	559.877	2401.67
-9.42	-38.48	558.84	2406.49
-9.42	-38.48	557.802	2420.41
-9.42	-38.48	556.764	2435.64
-9.42	-38.48	555.726	2440.57
-9.42	-38.48	554.687	2452.17
-9.42	-38.48	553.649	2473.11
-9.42	-38.48	552.61	2474.12
-9.42	-38.48	551.571	2485.41
-9.42	-38.48	550.5319999999999	2495.35
-9.42	-38.48	549.492	2506.87
-9.42	-38.48	548.453	2517.25
-9.42	-38.48	547.413	2524.96
-9.42	-38.48	546.373	2540.6
-9.42	-38.48	545.3330000000001	2556.27
-9.42	-38.48	544.2919999999999	2566.14
-9.42	-38.48	543.252	2582.95
-9.42	-38.48	542.211	2588.39
-9.42	-38.48	541.17	2595.46
-9.42	-38.48	540.129	2601.57
-9.42	-38.48	539.0880000000001	2610.63
-9.42	-38.48	538.0459999999999	2617.72
-9.42	-38.48	537.004	2613.67
-9.42	-38.48	535.962	2610.63
-9.42	-38.48	534.92	2609.76
-9.42	-38.48	533.878	2596.58
-9.42	-38.48	532.836	2574.39
-9.42	-38.48	531.793	2556.21
-9.42	-38.48	530.75	2532.62
-9.42	-38.48	529.707	2513.22
-9.42	-38.48	528.664	2499.18
-9.42	-38.48	527.62	2484.73
-9.42	-38.48	526.577	2470.48
-9.42	-38.48	525.533	2447.28
-9.42	-38.48	524.489	2438.56
-9.42	-38.48	523.445	2432.58
-9.42	-38.48	522.4	2422.36
-9.42	-38.48	521.355	2412.77
-9.42	-38.48	520.311	2421.36
-9.42	-38.48	519.266	2429.8
-9.42	-38.48	518.22	2439.89
-9.42	-38.48	517.175	2461.89
-9.42	-38.48	516.129	2473.6
-9.42	-38.48	515.0840000000001	2487.21
-9.42	-38.48	514.038	2498.81
-9.42	-38.48	512.992	2516.44
-9.42	-38.48	511.945	2526.61
-9.42	-38.48	510.899	2536.94
-9.42	-38.48	509.852	2555.22
-9.42	-38.48	508.805	2573.36
-9.42	-38.48	507.75800000000004	2581.15
-9.42	-38.48	506.71	2583.17
-9.42	-38.48	505.663	2592.91
-9.42	-38.48	504.615	2595.12
-9.42	-38.48	503.56699999999995	2598.21
-9.42	-38.48	502.519	2601.98
-9.42	-38.48	501.471	2605.67
-9.42	-38.48	500.42199999999997	2601.59
-9.42	-38.48	499.374	2605.46
-9.42	-38.48	498.325	2621.68
-9.42	-38.48	497.276	2631.9
-9.42	-38.48	496.226	2635.36
-9.42	-38.48	495.17699999999996	2643.19
-9.42	-38.48	494.12699999999995	2656.55
-9.42	-38.48	493.077	2672.26
-9.42	-38.48	492.027	2678.29
-9.42	-38.48	490.977	2693.8
-9.42	-38.48	489.926	2706.01
-9.42	-38.48	488.876	2715.76
-9.42	-38.48	487.825	2716.18
-9.42	-38.48	486.774	2722.01
-9.42	-38.48	485.723	2722.7
-9.42	-38.48	484.671	2708.38
-9.42	-38.48	483.619	2706.52
-9.42	-38.48	482.56800000000004	2701.05
-9.42	-38.48	481.51599999999996	2689.71
-9.42	-38.48	480.463	2683.27
-9.42	-38.48	479.411	2685.13
-9.42	-38.48	478.358	2674.07
-9.42	-38.48	477.305	2658.91
-9.42	-38.48	476.25199999999995	2648.49
-9.42	-38.48	475.199	2637.75
-9.42	-38.48	474.14599999999996	2630.78
-9.42	-38.48	473.092	2624.62
-9.42	-38.48	472.038	2616.67
-9.42	-38.48	470.98400000000004	2610.6
-9.42	-38.48	469.93	2602.02
-9.42	-38.48	468.876	2599.87
-9.42	-38.48	467.82099999999997	2605.65
-9.42	-38.48	466.76599999999996	2610.38
-9.42	-38.48	465.711	2610.94
-9.42	-38.48	464.656	2615.18
-9.42	-38.48	463.601	2622.49
-9.42	-38.48	462.545	2625.51
-9.42	-38.48	461.49	2628.72
-9.42	-38.48	460.434	2637.99
-9.42	-38.48	459.37699999999995	2647.82
-9.42	-38.48	458.32099999999997	2652.18
-9.42	-38.48	457.264	2659.89
-9.42	-38.48	456.208	2662.91
-9.42	-38.48	455.151	2668.62
-9.42	-38.48	454.094	2675.04
-9.42	-38.48	453.036	2675.7
-9.42	-38.48	451.97900000000004	2678.19
-9.42	-38.48	450.921	2678.77
-9.42	-38.48	449.86300000000006	2684.94
-9.42	-38.48	448.805	2694.57
-9.42	-38.48	447.74699999999996	2697.53
-9.42	-38.48	446.68800000000005	2706.41
-9.42	-38.48	445.629	2717.18
-9.42	-38.48	444.57	2729.63
-9.42	-38.48	443.51099999999997	2752.7
-9.42	-38.48	442.452	2783.06
-9.42	-38.48	441.392	2810.7
-9.42	-38.48	440.333	2834.61
-9.42	-38.48	439.273	2869.31
-9.42	-38.48	438.213	2905.27
-9.42	-38.48	437.152	2939.0
-9.42	-38.48	436.092	2968.98
-9.42	-38.48	435.031	3002.74
-9.42	-38.48	433.97	3032.21
-9.42	-38.48	432.909	3056.79
-9.42	-38.48	431.848	3078.09
-9.42	-38.48	430.786	3096.58
-9.42	-38.48	429.724	3114.93
-9.42	-38.48	428.663	3127.67
-9.42	-38.48	427.6	3134.84
-9.42	-38.48	426.538	3136.39
-9.42	-38.48	425.476	3132.41
-9.42	-38.48	424.413	3125.43
-9.42	-38.48	423.35	3115.28
-9.42	-38.48	422.287	3097.71
-9.42	-38.48	421.224	3071.64
-9.42	-38.48	420.16	3051.49
-9.42	-38.48	419.096	3031.64
-9.42	-38.48	418.033	3010.07
-9.42	-38.48	416.968	2993.8
-9.42	-38.48	415.904	2981.44
-9.42	-38.48	414.84	2969.77
-9.42	-38.48	413.775	2956.81
-9.42	-38.48	412.71	2959.18
-9.42	-38.48	411.645	2968.14
-9.42	-38.48	410.58	2974.52
-9.42	-38.48	409.514	2973.12
-9.42	-38.48	408.44800000000004	2981.08
-9.42	-38.48	407.38300000000004	2980.3
-9.42	-38.48	406.316	2983.28
-9.42	-38.48	405.25	2985.85
-9.42	-38.48	404.184	2990.11
-9.42	-38.48	403.11699999999996	2989.96
-9.42	-38.48	402.05	2991.68
-9.42	-38.48	400.983	2991.9
-9.42	-38.48	399.916	2987.62
-9.42	-38.48	398.848	2988.47
-9.42	-38.48	397.781	2985.54
-9.42	-38.48	396.713	2980.78
-9.42	-38.48	395.645	2978.27
-9.42	-38.48	394.57599999999996	2971.23
-9.42	-38.48	393.50800000000004	2969.57
-9.42	-38.48	392.439	2958.58
-9.42	-38.48	391.37	2951.74
-9.42	-38.48	390.301	2952.47
-9.42	-38.48	389.23199999999997	2958.42
-9.42	-38.48	388.162	2960.31
-9.42	-38.48	387.093	2971.03
-9.42	-38.48	386.023	2982.47
-9.42	-38.48	384.95300000000003	3000.88
-9.42	-38.48	383.88199999999995	3014.06
-9.42	-38.48	382.81199999999995	3038.56
-9.42	-38.48	381.741	3065.14
-9.42	-38.48	380.67	3095.2
-9.42	-38.48	379.599	3123.66
-9.42	-38.48	378.528	3153.09
-9.42	-38.48	377.45599999999996	3173.99
-9.42	-38.48	376.384	3198.94
-9.42	-38.48	375.31300000000005	3219.24
-9.42	-38.48	374.24	3244.95
-9.42	-38.48	373.168	3260.76
-9.42	-38.48	372.096	3266.73
-9.42	-38.48	371.023	3272.01
-9.42	-38.48	369.95	3273.23
-9.42	-38.48	368.87699999999995	3265.29
-9.42	-38.48	367.80400000000003	3251.64
-9.42	-38.48	366.73	3237.4
-9.42	-38.48	365.656	3213.92
-9.42	-38.48	364.582	3195.97
-9.42	-38.48	363.50800000000004	3169.24
-9.42	-38.48	362.434	3140.53
-9.42	-38.48	361.35900000000004	3102.92
-9.42	-38.48	360.285	3071.84
-9.42	-38.48	359.21	3042.8
-9.42	-38.48	358.135	3016.58
-9.42	-38.48	357.059	2993.61
-9.42	-38.48	355.98400000000004	2964.66
-9.42	-38.48	354.908	2943.72
-9.42	-38.48	353.832	2923.84
-9.42	-38.48	352.756	2913.19
-9.42	-38.48	351.67900000000003	2903.25
-9.42	-38.48	350.603	2906.94
-9.42	-38.48	349.526	2902.55
-9.42	-38.48	348.449	2902.12
-9.42	-38.48	347.37199999999996	2901.34
-9.42	-38.48	346.295	2905.59
-9.42	-38.48	345.217	2907.73
-9.42	-38.48	344.139	2909.04
-9.42	-38.48	343.061	2912.51
-9.42	-38.48	341.983	2914.85
-9.42	-38.48	340.905	2913.69
-9.42	-38.48	339.82599999999996	2916.21
-9.42	-38.48	338.74699999999996	2929.46
-9.42	-38.48	337.668	2930.78
-9.42	-38.48	336.589	2933.85
-9.42	-38.48	335.51	2940.13
-9.42	-38.48	334.43	2953.4
-9.42	-38.48	333.35	2967.27
-9.42	-38.48	332.27	2983.79
-9.42	-38.48	331.19	2993.73
-9.42	-38.48	330.11	3008.82
-9.42	-38.48	329.029	3015.17
-9.42	-38.48	327.94800000000004	3037.87
-9.42	-38.48	326.867	3049.12
-9.42	-38.48	325.786	3074.66
-9.42	-38.48	324.705	3092.2
-9.42	-38.48	323.623	3114.63
-9.42	-38.48	322.541	3137.93
-9.42	-38.48	321.459	3161.64
-9.42	-38.48	320.377	3186.6
-9.42	-38.48	319.29400000000004	3214.74
-9.42	-38.48	318.212	3235.58
-9.42	-38.48	317.129	3261.16
-9.42	-38.48	316.046	3279.69
-9.42	-38.48	314.962	3305.54
-9.42	-38.48	313.879	3335.64
-9.42	-38.48	312.795	3360.03
-9.42	-38.48	311.711	3386.76
-9.42	-38.48	310.627	3413.64
-9.42	-38.48	309.543	3440.94
-9.42	-38.48	308.45799999999997	3474.12
-9.42	-38.48	307.374	3500.05
-9.42	-38.48	306.289	3531.37
-9.42	-38.48	305.204	3553.57
-9.42	-38.48	304.118	3573.9
-9.42	-38.48	303.033	3603.31
-9.42	-38.48	301.947	3631.58
-9.42	-38.48	300.861	3648.37
-9.42	-38.48	299.775	3662.55
-9.42	-38.48	298.689	3679.81
-9.42	-38.48	297.60200000000003	3694.81
-9.42	-38.48	296.515	3699.78
-9.42	-38.48	295.428	3710.54
-9.42	-38.48	294.341	3718.47
-9.42	-38.48	293.254	3723.66
-9.42	-38.48	292.166	3722.1
-9.42	-38.48	291.079	3727.31
-9.42	-38.48	289.991	3725.47
-9.42	-38.48	288.902	3718.61
-9.42	-38.48	287.814	3713.86
-9.42	-38.48	286.725	3717.32
-9.42	-38.48	285.637	3709.35
-9.42	-38.48	284.547	3715.61
-9.42	-38.48	283.45799999999997	3713.99
-9.42	-38.48	282.369	3721.55
-9.42	-38.48	281.279	3716.84
-9.42	-38.48	280.189	3719.77
-9.42	-38.48	279.099	3719.62
-9.42	-38.48	278.009	3719.44
-9.42	-38.48	276.91900000000004	3724.51
-9.42	-38.48	275.828	3732.93
-9.42	-38.48	274.737	3727.58
-9.42	-38.48	273.64599999999996	3733.25
-9.42	-38.48	272.555	3732.02
-9.42	-38.48	271.46299999999997	3734.99
-9.42	-38.48	270.371	3740.57
-9.42	-38.48	269.28	3743.4
-9.42	-38.48	268.187	3748.33
-9.42	-38.48	267.095	3756.6
-9.42	-38.48	266.003	3766.83
-9.42	-38.48	264.91	3773.32
-9.42	-38.48	263.817	3777.0
-9.42	-38.48	262.724	3776.71
-9.42	-38.48	261.63	3778.16
-9.42	-38.48	260.53700000000003	3774.59
-9.42	-38.48	259.443	3771.5
-9.42	-38.48	258.349	3768.02
-9.42	-38.48	257.255	3770.39
-9.42	-38.48	256.16	3760.6
-9.42	-38.48	255.06599999999997	3759.74
-9.42	-38.48	253.97099999999998	3764.14
-9.42	-38.48	252.87599999999998	3753.53
-9.42	-38.48	251.78099999999998	3749.55
-9.42	-38.48	250.685	3744.26
-9.42	-38.48	249.59	3737.03
-9.42	-38.48	248.49400000000003	3724.58
-9.42	-38.48	247.398	3725.43
-9.42	-38.48	246.30200000000002	3721.48
-9.42	-38.48	245.205	3713.85
-9.42	-38.48	244.108	3703.82
-9.42	-38.48	243.012	3703.91
-9.42	-38.48	241.91400000000002	3698.47
-9.42	-38.48	240.817	3691.03
-9.42	-38.48	239.72	3689.57
-9.42	-38.48	238.622	3699.24
-9.42	-38.48	237.524	3701.52
-9.42	-38.48	236.426	3706.38
-9.42	-38.48	235.328	3717.99
-9.42	-38.48	234.229	3725.54
-9.42	-38.48	233.13	3725.57
-9.42	-38.48	232.03099999999998	3730.11
-9.42	-38.48	230.93200000000002	3731.94
-9.42	-38.48	229.833	3734.96
-9.42	-38.48	228.733	3738.08
-9.42	-38.48	227.63299999999998	3749.31
-9.42	-38.48	226.533	3750.9
-9.42	-38.48	225.433	3753.24
-9.42	-38.48	224.333	3755.29
-9.42	-38.48	223.232	3765.31
-9.42	-38.48	222.13099999999997	3766.4
-9.42	-38.48	221.03	3769.01
-9.42	-38.48	219.929	3775.08
-9.42	-38.48	218.827	3778.48
-9.42	-38.48	217.726	3773.97
-9.42	-38.48	216.62400000000002	3778.33
-9.42	-38.48	215.52200000000002	3779.46
-9.42	-38.48	214.419	3785.47
-9.42	-38.48	213.317	3788.63
-9.42	-38.48	212.21400000000003	3788.77
-9.42	-38.48	211.111	3792.04
-9.42	-38.48	210.00799999999998	3801.84
-9.42	-38.48	208.905	3804.94
-9.42	-38.48	207.801	3805.44
-9.42	-38.48	206.697	3815.67
-9.42	-38.48	205.593	3825.07
-9.42	-38.48	204.489	3824.83
-9.42	-38.48	203.385	3825.95
-9.42	-38.48	202.28	3833.42
-9.42	-38.48	201.175	3835.03
-9.42	-38.48	200.07	3832.84
