-14.57	-27.43	1799.66	840.4789999999999
-14.57	-27.43	1798.84	782.278
-14.57	-27.43	1798.03	821.8639999999999
-14.57	-27.43	1797.21	885.875
-14.57	-27.43	1796.39	818.533
-14.57	-27.43	1795.57	754.2660000000001
-14.57	-27.43	1794.75	818.2560000000001
-14.57	-27.43	1793.93	866.961
-14.57	-27.43	1793.11	872.919
-14.57	-27.43	1792.29	793.428
-14.57	-27.43	1791.47	826.857
-14.57	-27.43	1790.65	857.2230000000001
-14.57	-27.43	1789.84	872.329
-14.57	-27.43	1789.02	872.182
-14.57	-27.43	1788.2	829.347
-14.57	-27.43	1787.38	792.625
-14.57	-27.43	1786.56	874.788
-14.57	-27.43	1785.73	853.307
-14.57	-27.43	1784.91	853.163
-14.57	-27.43	1784.09	837.7869999999999
-14.57	-27.43	1783.27	843.737
-14.57	-27.43	1782.45	858.822
-14.57	-27.43	1781.63	916.5310000000001
-14.57	-27.43	1780.81	803.7310000000001
-14.57	-27.43	1779.99	846.21
-14.57	-27.43	1779.17	876.502
-14.57	-27.43	1778.35	870.268
-14.57	-27.43	1777.52	766.68
-14.57	-27.43	1776.7	882.1410000000001
-14.57	-27.43	1775.88	885.033
-14.57	-27.43	1775.06	894.0060000000001
-14.57	-27.43	1774.24	857.3710000000001
-14.57	-27.43	1773.41	796.43
-14.57	-27.43	1772.59	811.4910000000001
-14.57	-27.43	1771.77	838.703
-14.57	-27.43	1770.95	896.288
-14.57	-27.43	1770.12	871.835
-14.57	-27.43	1769.3	905.097
-14.57	-27.43	1768.48	813.842
-14.57	-27.43	1767.65	856.211
-14.57	-27.43	1766.83	819.638
-14.57	-27.43	1766.01	843.7810000000001
-14.57	-27.43	1765.18	792.048
-14.57	-27.43	1764.36	870.802
-14.57	-27.43	1763.53	809.982
-14.57	-27.43	1762.71	867.4739999999999
-14.57	-27.43	1761.88	888.556
-14.57	-27.43	1761.06	827.763
-14.57	-27.43	1760.24	851.8760000000001
-14.57	-27.43	1759.41	888.105
-14.57	-27.43	1758.59	860.679
-14.57	-27.43	1757.76	848.413
-14.57	-27.43	1756.94	839.181
-14.57	-27.43	1756.11	884.4739999999999
-14.57	-27.43	1755.28	893.41
-14.57	-27.43	1754.46	893.2589999999999
-14.57	-27.43	1753.63	829.53
-14.57	-27.43	1752.81	929.28
-14.57	-27.43	1751.98	829.2489999999999
-14.57	-27.43	1751.16	871.472
-14.57	-27.43	1750.33	856.197
-14.57	-27.43	1749.5	831.8530000000001
-14.57	-27.43	1748.68	880.102
-14.57	-27.43	1747.85	861.81
-14.57	-27.43	1747.02	858.64
-14.57	-27.43	1746.2	885.701
-14.57	-27.43	1745.37	979.243
-14.57	-27.43	1744.54	948.8589999999999
-14.57	-27.43	1743.71	812.738
-14.57	-27.43	1742.89	812.6
-14.57	-27.43	1742.06	884.95
-14.57	-27.43	1741.23	866.681
-14.57	-27.43	1740.4	830.303
-14.57	-27.43	1739.57	947.8939999999999
-14.57	-27.43	1738.75	929.6239999999999
-14.57	-27.43	1737.92	914.377
-14.57	-27.43	1737.09	893.102
-14.57	-27.43	1736.26	892.95
-14.57	-27.43	1735.43	910.8960000000001
-14.57	-27.43	1734.6	928.836
-14.57	-27.43	1733.77	901.541
-14.57	-27.43	1732.94	844.11
-14.57	-27.43	1732.11	916.306
-14.57	-27.43	1731.28	928.205
-14.57	-27.43	1730.45	919.0089999999999
-14.57	-27.43	1729.62	921.865
-14.57	-27.43	1728.8	909.66
-14.57	-27.43	1727.96	900.471
-14.57	-27.43	1727.13	948.4960000000001
-14.57	-27.43	1726.3	921.2389999999999
-14.57	-27.43	1725.47	948.174
-14.57	-27.43	1724.64	878.793
-14.57	-27.43	1723.81	947.852
-14.57	-27.43	1722.98	977.7760000000001
-14.57	-27.43	1722.15	917.45
-14.57	-27.43	1721.32	869.174
-14.57	-27.43	1720.49	926.159
-14.57	-27.43	1719.66	922.995
-14.57	-27.43	1718.82	1000.99
-14.57	-27.43	1717.99	952.737
-14.57	-27.43	1717.16	868.436
-14.57	-27.43	1716.33	907.346
-14.57	-27.43	1715.5	973.279
-14.57	-27.43	1714.66	976.117
-14.57	-27.43	1713.83	1005.98
-14.57	-27.43	1713.0	936.7539999999999
-14.57	-27.43	1712.17	1008.64
-14.57	-27.43	1711.33	939.437
-14.57	-27.43	1710.5	951.2810000000001
-14.57	-27.43	1709.67	936.117
-14.57	-27.43	1708.83	959.957
-14.57	-27.43	1708.0	1013.78
-14.57	-27.43	1707.17	983.6210000000001
-14.57	-27.43	1706.33	965.4639999999999
-14.57	-27.43	1705.5	998.2760000000001
-14.57	-27.43	1704.66	977.125
-14.57	-27.43	1703.83	1048.88
-14.57	-27.43	1703.0	1027.73
-14.57	-27.43	1702.16	901.732
-14.57	-27.43	1701.33	1048.35
-14.57	-27.43	1700.49	1042.18
-14.57	-27.43	1699.66	1015.05
-14.57	-27.43	1698.82	996.919
-14.57	-27.43	1697.99	963.823
-14.57	-27.43	1697.15	1014.54
-14.57	-27.43	1696.32	1101.14
-14.57	-27.43	1695.48	948.373
-14.57	-27.43	1694.64	1017.01
-14.57	-27.43	1693.81	1037.77
-14.57	-27.43	1692.97	992.742
-14.57	-27.43	1692.14	992.573
-14.57	-27.43	1691.3	1058.17
-14.57	-27.43	1690.46	1028.1
-14.57	-27.43	1689.63	1054.82
-14.57	-27.43	1688.79	1033.72
-14.57	-27.43	1687.95	1018.61
-14.57	-27.43	1687.12	1003.51
-14.57	-27.43	1686.28	979.446
-14.57	-27.43	1685.44	1056.9
-14.57	-27.43	1684.6	1002.99
-14.57	-27.43	1683.77	978.946
-14.57	-27.43	1682.93	1044.43
-14.57	-27.43	1682.09	1074.09
-14.57	-27.43	1681.25	1035.12
-14.57	-27.43	1680.41	990.209
-14.57	-27.43	1679.58	1013.9
-14.57	-27.43	1678.74	1132.99
-14.57	-27.43	1677.9	1067.21
-14.57	-27.43	1677.06	1022.32
-14.57	-27.43	1676.22	1013.21
-14.57	-27.43	1675.38	1066.66
-14.57	-27.43	1674.54	1036.69
-14.57	-27.43	1673.7	1170.55
-14.57	-27.43	1672.86	1018.47
-14.57	-27.43	1672.02	1062.96
-14.57	-27.43	1671.18	1190.79
-14.57	-27.43	1670.34	1128.08
-14.57	-27.43	1669.5	1101.1
-14.57	-27.43	1668.66	1091.99
-14.57	-27.43	1667.82	1172.13
-14.57	-27.43	1666.98	1264.13
-14.57	-27.43	1666.14	1156.86
-14.57	-27.43	1665.3	1189.37
-14.57	-27.43	1664.46	1147.54
-14.57	-27.43	1663.62	1221.66
-14.57	-27.43	1662.78	1176.87
-14.57	-27.43	1661.94	1221.24
-14.57	-27.43	1661.1	1200.24
-14.57	-27.43	1660.25	1271.32
-14.57	-27.43	1659.41	1315.65
-14.57	-27.43	1658.57	1315.43
-14.57	-27.43	1657.73	1169.73
-14.57	-27.43	1656.89	1317.95
-14.57	-27.43	1656.04	1317.72
-14.57	-27.43	1655.2	1323.43
-14.57	-27.43	1654.36	1367.71
-14.57	-27.43	1653.52	1343.74
-14.57	-27.43	1652.67	1405.8
-14.57	-27.43	1651.83	1491.55
-14.57	-27.43	1650.99	1411.25
-14.57	-27.43	1650.14	1393.22
-14.57	-27.43	1649.3	1425.58
-14.57	-27.43	1648.46	1478.68
-14.57	-27.43	1647.61	1490.28
-14.57	-27.43	1646.77	1392.27
-14.57	-27.43	1645.92	1403.88
-14.57	-27.43	1645.08	1539.86
-14.57	-27.43	1644.24	1480.38
-14.57	-27.43	1643.39	1432.76
-14.57	-27.43	1642.55	1385.16
-14.57	-27.43	1641.7	1497.37
-14.57	-27.43	1640.86	1547.42
-14.57	-27.43	1640.01	1570.82
-14.57	-27.43	1639.17	1487.73
-14.57	-27.43	1638.32	1561.41
-14.57	-27.43	1637.48	1623.23
-14.57	-27.43	1636.63	1679.12
-14.57	-27.43	1635.78	1581.3
-14.57	-27.43	1634.94	1536.7
-14.57	-27.43	1634.09	1616.22
-14.57	-27.43	1633.25	1775.46
-14.57	-27.43	1632.4	1692.46
-14.57	-27.43	1631.55	1644.92
-14.57	-27.43	1630.71	1783.41
-14.57	-27.43	1629.86	1783.11
-14.57	-27.43	1629.01	1853.64
-14.57	-27.43	1628.16	1738.23
-14.57	-27.43	1627.32	1646.46
-14.57	-27.43	1626.47	1778.94
-14.57	-27.43	1625.62	1923.17
-14.57	-27.43	1624.77	1801.92
-14.57	-27.43	1623.93	1825.2
-14.57	-27.43	1623.08	1936.92
-14.57	-27.43	1622.23	1918.9
-14.57	-27.43	1621.38	1865.53
-14.57	-27.43	1620.53	1829.85
-14.57	-27.43	1619.69	1903.19
-14.57	-27.43	1618.84	2082.54
-14.57	-27.43	1617.99	2093.97
-14.57	-27.43	1617.14	1961.1
-14.57	-27.43	1616.29	1913.66
-14.57	-27.43	1615.44	2107.61
-14.57	-27.43	1614.59	2018.96
-14.57	-27.43	1613.74	1968.59
-14.57	-27.43	1612.89	1962.36
-14.57	-27.43	1612.04	1850.25
-14.57	-27.43	1611.19	2105.81
-14.57	-27.43	1610.34	2043.69
-14.57	-27.43	1609.49	1949.26
-14.57	-27.43	1608.64	1910.71
-14.57	-27.43	1607.79	2045.58
-14.57	-27.43	1606.94	2030.54
-14.57	-27.43	1606.09	1962.62
-14.57	-27.43	1605.24	1976.97
-14.57	-27.43	1604.39	1997.19
-14.57	-27.43	1603.54	2111.37
-14.57	-27.43	1602.68	1981.82
-14.57	-27.43	1601.83	1984.42
-14.57	-27.43	1600.98	2060.39
-14.57	-27.43	1600.13	2001.35
-14.57	-27.43	1599.28	2001.0
-14.57	-27.43	1598.42	1994.79
-14.57	-27.43	1597.57	1979.79
-14.57	-27.43	1596.72	2055.69
-14.57	-27.43	1595.87	2075.86
-14.57	-27.43	1595.01	2034.47
-14.57	-27.43	1594.16	1913.95
-14.57	-27.43	1593.31	2063.07
-14.57	-27.43	1592.45	2112.53
-14.57	-27.43	1591.6	2038.93
-14.57	-27.43	1590.75	2053.22
-14.57	-27.43	1589.89	2023.59
-14.57	-27.43	1589.04	2157.93
-14.57	-27.43	1588.19	2078.52
-14.57	-27.43	1587.33	2274.27
-14.57	-27.43	1586.48	2162.67
-14.57	-27.43	1585.62	2399.3
-14.57	-27.43	1584.77	2381.34
-14.57	-27.43	1583.91	2266.86
-14.57	-27.43	1583.06	2389.29
-14.57	-27.43	1582.2	2397.66
-14.57	-27.43	1581.35	2619.43
-14.57	-27.43	1580.49	2569.29
-14.57	-27.43	1579.64	2487.02
-14.57	-27.43	1578.78	2451.53
-14.57	-27.43	1577.93	2658.53
-14.57	-27.43	1577.07	2701.89
-14.57	-27.43	1576.21	2532.04
-14.57	-27.43	1575.36	2461.52
-14.57	-27.43	1574.5	2583.72
-14.57	-27.43	1573.65	2711.71
-14.57	-27.43	1572.79	2690.81
-14.57	-27.43	1571.93	2594.06
-14.57	-27.43	1571.08	2541.1
-14.57	-27.43	1570.22	2756.52
-14.57	-27.43	1569.36	2633.55
-14.57	-27.43	1568.5	2615.6
-14.57	-27.43	1567.65	2539.35
-14.57	-27.43	1566.79	2673.0
-14.57	-27.43	1565.93	2608.43
-14.57	-27.43	1565.07	2433.14
-14.57	-27.43	1564.21	2333.67
-14.57	-27.43	1563.36	2406.09
-14.57	-27.43	1562.5	2493.05
-14.57	-27.43	1561.64	2344.11
-14.57	-27.43	1560.78	2198.14
-14.57	-27.43	1559.92	2171.56
-14.57	-27.43	1559.06	2211.93
-14.57	-27.43	1558.2	2272.66
-14.57	-27.43	1557.34	2176.26
-14.57	-27.43	1556.49	2079.89
-14.57	-27.43	1555.63	2251.13
-14.57	-27.43	1554.77	2346.7
-14.57	-27.43	1553.91	2273.61
-14.57	-27.43	1553.05	2177.29
-14.57	-27.43	1552.19	2450.12
-14.57	-27.43	1551.33	2409.02
-14.57	-27.43	1550.47	2475.43
-14.57	-27.43	1549.6	2536.01
-14.57	-27.43	1548.74	2657.56
-14.57	-27.43	1547.88	2901.03
-14.57	-27.43	1547.02	2871.5
-14.57	-27.43	1546.16	2905.84
-14.57	-27.43	1545.3	2841.48
-14.57	-27.43	1544.44	3058.64
-14.57	-27.43	1543.58	3211.89
-14.57	-27.43	1542.71	2976.36
-14.57	-27.43	1541.85	2958.45
-14.57	-27.43	1540.99	2998.54
-14.57	-27.43	1540.13	3032.81
-14.57	-27.43	1539.27	2846.76
-14.57	-27.43	1538.4	2672.36
-14.57	-27.43	1537.54	2837.08
-14.57	-27.43	1536.68	2885.85
-14.57	-27.43	1535.81	2760.79
-14.57	-27.43	1534.95	2551.77
-14.57	-27.43	1534.09	2432.59
-14.57	-27.43	1533.23	2487.19
-14.57	-27.43	1532.36	2501.23
-14.57	-27.43	1531.5	2402.39
-14.57	-27.43	1530.63	2228.34
-14.57	-27.43	1529.77	2227.96
-14.57	-27.43	1528.91	2276.75
-14.57	-27.43	1528.04	2230.08
-14.57	-27.43	1527.18	1949.18
-14.57	-27.43	1526.31	2032.69
-14.57	-27.43	1525.45	2133.53
-14.57	-27.43	1524.58	2046.44
-14.57	-27.43	1523.72	1962.28
-14.57	-27.43	1522.85	1999.51
-14.57	-27.43	1521.99	1984.72
-14.57	-27.43	1521.12	2073.92
-14.57	-27.43	1520.26	1885.84
-14.57	-27.43	1519.39	1755.58
-14.57	-27.43	1518.52	1934.27
-14.57	-27.43	1517.66	1980.12
-14.57	-27.43	1516.79	1933.6
-14.57	-27.43	1515.93	1910.19
-14.57	-27.43	1515.06	1947.36
-14.57	-27.43	1514.19	2079.71
-14.57	-27.43	1513.33	1975.53
-14.57	-27.43	1512.46	1923.29
-14.57	-27.43	1511.59	2035.39
-14.57	-27.43	1510.72	2179.16
-14.57	-27.43	1509.86	2158.61
-14.57	-27.43	1508.99	2057.39
-14.57	-27.43	1508.12	2146.34
-14.57	-27.43	1507.25	2192.06
-14.57	-27.43	1506.38	2200.32
-14.57	-27.43	1505.52	2202.82
-14.57	-27.43	1504.65	2159.26
-14.57	-27.43	1503.78	2360.38
-14.57	-27.43	1502.91	2342.7
-14.57	-27.43	1502.04	2514.95
-14.57	-27.43	1501.17	2292.99
-14.57	-27.43	1500.3	2378.89
-14.57	-27.43	1499.44	2421.61
-14.57	-27.43	1498.57	2455.7
-14.57	-27.43	1497.7	2334.53
-14.57	-27.43	1496.83	2339.87
-14.57	-27.43	1495.96	2557.9
-14.57	-27.43	1495.09	2497.11
-14.57	-27.43	1494.22	2577.12
-14.57	-27.43	1493.35	2582.42
-14.57	-27.43	1492.48	2627.93
-14.57	-27.43	1491.61	2825.61
-14.57	-27.43	1490.73	2871.06
-14.57	-27.43	1489.86	2778.71
-14.57	-27.43	1488.99	2956.17
-14.57	-27.43	1488.12	3107.75
-14.57	-27.43	1487.25	3026.88
-14.57	-27.43	1486.38	2940.29
-14.57	-27.43	1485.51	2991.41
-14.57	-27.43	1484.63	3119.94
-14.57	-27.43	1483.76	3084.99
-14.57	-27.43	1482.89	2941.13
-14.57	-27.43	1482.02	2751.46
-14.57	-27.43	1481.15	2937.24
-14.57	-27.43	1480.27	2761.96
-14.57	-27.43	1479.4	2477.89
-14.57	-27.43	1478.53	2339.98
-14.57	-27.43	1477.65	2308.08
-14.57	-27.43	1476.78	2364.94
-14.57	-27.43	1475.91	2215.68
-14.57	-27.43	1475.03	2023.53
-14.57	-27.43	1474.16	2089.0
-14.57	-27.43	1473.29	2011.38
-14.57	-27.43	1472.41	1962.41
-14.57	-27.43	1471.54	1933.46
-14.57	-27.43	1470.67	1858.78
-14.57	-27.43	1469.79	1929.94
-14.57	-27.43	1468.92	1955.33
-14.57	-27.43	1468.04	1866.39
-14.57	-27.43	1467.17	1783.19
-14.57	-27.43	1466.29	1822.88
-14.57	-27.43	1465.42	1922.55
-14.57	-27.43	1464.54	1847.96
-14.57	-27.43	1463.67	1724.84
-14.57	-27.43	1462.79	1767.37
-14.57	-27.43	1461.91	1875.54
-14.57	-27.43	1461.04	1855.24
-14.57	-27.43	1460.16	1772.16
-14.57	-27.43	1459.29	1803.24
-14.57	-27.43	1458.41	1951.27
-14.57	-27.43	1457.53	1802.61
-14.57	-27.43	1456.66	1896.41
-14.57	-27.43	1455.78	1841.91
-14.57	-27.43	1454.9	1949.92
-14.57	-27.43	1454.03	2012.28
-14.57	-27.43	1453.15	1818.15
-14.57	-27.43	1452.27	1954.6
-14.57	-27.43	1451.39	2022.63
-14.57	-27.43	1450.52	2141.91
-14.57	-27.43	1449.64	2110.21
-14.57	-27.43	1448.76	2124.08
-14.57	-27.43	1447.88	2229.05
-14.57	-27.43	1447.0	2518.98
-14.57	-27.43	1446.13	2618.15
-14.57	-27.43	1445.25	2646.15
-14.57	-27.43	1444.37	2836.29
-14.57	-27.43	1443.49	3151.52
-14.57	-27.43	1442.61	3119.69
-14.57	-27.43	1441.73	3275.54
-14.57	-27.43	1440.85	3101.55
-14.57	-27.43	1439.97	3297.14
-14.57	-27.43	1439.09	3322.14
-14.57	-27.43	1438.21	3009.02
-14.57	-27.43	1437.33	2846.56
-14.57	-27.43	1436.45	2826.19
-14.57	-27.43	1435.57	2754.7
-14.57	-27.43	1434.69	2566.82
-14.57	-27.43	1433.81	2356.29
-14.57	-27.43	1432.93	2367.24
-14.57	-27.43	1432.05	2486.02
-14.57	-27.43	1431.17	2340.88
-14.57	-27.43	1430.29	2147.56
-14.57	-27.43	1429.41	2141.52
-14.57	-27.43	1428.52	2189.36
-14.57	-27.43	1427.64	2234.34
-14.57	-27.43	1426.76	2089.37
-14.57	-27.43	1425.88	2089.01
-14.57	-27.43	1425.0	2119.82
-14.57	-27.43	1424.11	2079.78
-14.57	-27.43	1423.23	1934.94
-14.57	-27.43	1422.35	1931.77
-14.57	-27.43	1421.47	1939.93
-14.57	-27.43	1420.58	2072.67
-14.57	-27.43	1419.7	1789.21
-14.57	-27.43	1418.82	1794.56
-14.57	-27.43	1417.93	1856.51
-14.57	-27.43	1417.05	1890.14
-14.57	-27.43	1416.17	1827.57
-14.57	-27.43	1415.28	1759.37
-14.57	-27.43	1414.4	1809.97
-14.57	-27.43	1413.51	1863.38
-14.57	-27.43	1412.63	1800.86
-14.57	-27.43	1411.75	1755.32
-14.57	-27.43	1410.86	1721.1
-14.57	-27.43	1409.98	1890.34
-14.57	-27.43	1409.09	1743.1
-14.57	-27.43	1408.21	1765.4
-14.57	-27.43	1407.32	1753.79
-14.57	-27.43	1406.44	1793.02
-14.57	-27.43	1405.55	1874.58
-14.57	-27.43	1404.66	1766.99
-14.57	-27.43	1403.78	1789.26
-14.57	-27.43	1402.89	1836.92
-14.57	-27.43	1402.01	1825.31
-14.57	-27.43	1401.12	1856.02
-14.57	-27.43	1400.23	1709.05
-14.57	-27.43	1399.35	1793.34
-14.57	-27.43	1398.46	1733.83
-14.57	-27.43	1397.57	1843.46
-14.57	-27.43	1396.69	1781.14
-14.57	-27.43	1395.8	1758.28
-14.57	-27.43	1394.91	1986.18
-14.57	-27.43	1394.02	1867.52
-14.57	-27.43	1393.14	1808.06
-14.57	-27.43	1392.25	1847.16
-14.57	-27.43	1391.36	1883.44
-14.57	-27.43	1390.47	1939.41
-14.57	-27.43	1389.58	1857.46
-14.57	-27.43	1388.7	1845.88
-14.57	-27.43	1387.81	1960.9
-14.57	-27.43	1386.92	1952.12
-14.57	-27.43	1386.03	1825.23
-14.57	-27.43	1385.14	1819.28
-14.57	-27.43	1384.25	1951.1
-14.57	-27.43	1383.36	2029.47
-14.57	-27.43	1382.47	1899.83
-14.57	-27.43	1381.58	1972.56
-14.57	-27.43	1380.69	1935.69
-14.57	-27.43	1379.8	2070.19
-14.57	-27.43	1378.91	2005.23
-14.57	-27.43	1378.02	1875.72
-14.57	-27.43	1377.13	1931.54
-14.57	-27.43	1376.24	2021.02
-14.57	-27.43	1375.35	1998.22
-14.57	-27.43	1374.46	1975.42
-14.57	-27.43	1373.57	1913.36
-14.57	-27.43	1372.68	2044.86
-14.57	-27.43	1371.78	1982.8
-14.57	-27.43	1370.89	1926.38
-14.57	-27.43	1370.0	2024.17
-14.57	-27.43	1369.11	2161.16
-14.57	-27.43	1368.22	2065.5
-14.57	-27.43	1367.33	2023.11
-14.57	-27.43	1366.43	2047.97
-14.57	-27.43	1365.54	2072.82
-14.57	-27.43	1364.65	2156.48
-14.57	-27.43	1363.76	2116.9
-14.57	-27.43	1362.86	1993.34
-14.57	-27.43	1361.97	2146.95
-14.57	-27.43	1361.08	2135.38
-14.57	-27.43	1360.18	2154.59
-14.57	-27.43	1359.29	2103.86
-14.57	-27.43	1358.4	2198.6
-14.57	-27.43	1357.5	2206.6
-14.57	-27.43	1356.61	2287.31
-14.57	-27.43	1355.71	2163.9
-14.57	-27.43	1354.82	2297.69
-14.57	-27.43	1353.92	2274.93
-14.57	-27.43	1353.03	2274.53
-14.57	-27.43	1352.13	2201.5
-14.57	-27.43	1351.24	2371.5
-14.57	-27.43	1350.34	2373.88
-14.57	-27.43	1349.45	2465.61
-14.57	-27.43	1348.55	2426.1
-14.57	-27.43	1347.66	2336.35
-14.57	-27.43	1346.76	2587.12
-14.57	-27.43	1345.87	2583.88
-14.57	-27.43	1344.97	2488.57
-14.57	-27.43	1344.07	2401.66
-14.57	-27.43	1343.18	2498.85
-14.57	-27.43	1342.28	2640.63
-14.57	-27.43	1341.38	2670.83
-14.57	-27.43	1340.49	2597.89
-14.57	-27.43	1339.59	2786.95
-14.57	-27.43	1338.69	2800.4
-14.57	-27.43	1337.8	2813.84
-14.57	-27.43	1336.9	2765.99
-14.57	-27.43	1336.0	2846.27
-14.57	-27.43	1335.1	2932.09
-14.57	-27.43	1334.2	2998.4
-14.57	-27.43	1333.31	2867.05
-14.57	-27.43	1332.41	3041.88
-14.57	-27.43	1331.51	3130.39
-14.57	-27.43	1330.61	3246.69
-14.57	-27.43	1329.71	3048.63
-14.57	-27.43	1328.81	3212.18
-14.57	-27.43	1327.91	3297.81
-14.57	-27.43	1327.02	3261.09
-14.57	-27.43	1326.12	3204.93
-14.57	-27.43	1325.22	3051.52
-14.57	-27.43	1324.32	3192.69
-14.57	-27.43	1323.42	3050.45
-14.57	-27.43	1322.52	2977.69
-14.57	-27.43	1321.62	2832.76
-14.57	-27.43	1320.72	2904.46
-14.57	-27.43	1319.82	2928.93
-14.57	-27.43	1318.91	2692.48
-14.57	-27.43	1318.01	2669.81
-14.57	-27.43	1317.11	2733.16
-14.57	-27.43	1316.21	2774.3
-14.57	-27.43	1315.31	2643.44
-14.57	-27.43	1314.41	2576.42
-14.57	-27.43	1313.51	2642.51
-14.57	-27.43	1312.61	2755.72
-14.57	-27.43	1311.7	2627.73
-14.57	-27.43	1310.8	2533.04
-14.57	-27.43	1309.9	2660.06
-14.57	-27.43	1309.0	2684.53
-14.57	-27.43	1308.09	2606.5
-14.57	-27.43	1307.19	2561.73
-14.57	-27.43	1306.29	2691.42
-14.57	-27.43	1305.39	2718.63
-14.57	-27.43	1304.48	2795.66
-14.57	-27.43	1303.58	2656.8
-14.57	-27.43	1302.68	2675.7
-14.57	-27.43	1301.77	2774.82
-14.57	-27.43	1300.87	2713.48
-14.57	-27.43	1299.96	2652.17
-14.57	-27.43	1299.06	2610.23
-14.57	-27.43	1298.16	2629.12
-14.57	-27.43	1297.25	2648.01
-14.57	-27.43	1296.35	2512.13
-14.57	-27.43	1295.44	2500.63
-14.57	-27.43	1294.54	2397.98
-14.57	-27.43	1293.63	2524.61
-14.57	-27.43	1292.73	2394.37
-14.57	-27.43	1291.82	2333.21
-14.57	-27.43	1290.92	2434.94
-14.57	-27.43	1290.01	2459.36
-14.57	-27.43	1289.1	2202.27
-14.57	-27.43	1288.2	2243.27
-14.57	-27.43	1287.29	2262.19
-14.57	-27.43	1286.39	2294.89
-14.57	-27.43	1285.48	2266.91
-14.57	-27.43	1284.57	2194.82
-14.57	-27.43	1283.67	2219.25
-14.57	-27.43	1282.76	2282.25
-14.57	-27.43	1281.85	2215.71
-14.57	-27.43	1280.94	2171.24
-14.57	-27.43	1280.04	2154.33
-14.57	-27.43	1279.13	2308.2
-14.57	-27.43	1278.22	2170.09
-14.57	-27.43	1277.31	2180.73
-14.57	-27.43	1276.41	2323.5
-14.57	-27.43	1275.5	2356.12
-14.57	-27.43	1274.59	2385.98
-14.57	-27.43	1273.68	2360.79
-14.57	-27.43	1272.77	2352.13
-14.57	-27.43	1271.86	2425.98
-14.57	-27.43	1270.95	2486.05
-14.57	-27.43	1270.04	2326.14
-14.57	-27.43	1269.13	2449.44
-14.57	-27.43	1268.23	2622.17
-14.57	-27.43	1267.32	2473.31
-14.57	-27.43	1266.41	2503.1
-14.57	-27.43	1265.5	2444.97
-14.57	-27.43	1264.59	2595.61
-14.57	-27.43	1263.67	2556.7
-14.57	-27.43	1262.76	2380.53
-14.57	-27.43	1261.85	2366.38
-14.57	-27.43	1260.94	2483.99
-14.57	-27.43	1260.03	2390.25
-14.57	-27.43	1259.12	2323.98
-14.57	-27.43	1258.21	2337.29
-14.57	-27.43	1257.3	2372.53
-14.57	-27.43	1256.39	2320.01
-14.57	-27.43	1255.47	2201.7
-14.57	-27.43	1254.56	2077.95
-14.57	-27.43	1253.65	2179.0
-14.57	-27.43	1252.74	2225.2
-14.57	-27.43	1251.83	2109.73
-14.57	-27.43	1250.91	1983.35
-14.57	-27.43	1250.0	1955.61
-14.57	-27.43	1249.09	2018.25
-14.57	-27.43	1248.17	2031.59
-14.57	-27.43	1247.26	1940.89
-14.57	-27.43	1246.35	1978.87
-14.57	-27.43	1245.43	1983.99
-14.57	-27.43	1244.52	1824.95
-14.57	-27.43	1243.61	1854.72
-14.57	-27.43	1242.69	1824.31
-14.57	-27.43	1241.78	1933.37
-14.57	-27.43	1240.86	1779.92
-14.57	-27.43	1239.95	1782.34
-14.57	-27.43	1239.03	1787.49
-14.57	-27.43	1238.12	1877.35
-14.57	-27.43	1237.2	1961.72
-14.57	-27.43	1236.29	1843.91
-14.57	-27.43	1235.37	1963.76
-14.57	-27.43	1234.46	2080.84
-14.57	-27.43	1233.54	2020.41
-14.57	-27.43	1232.63	1929.97
-14.57	-27.43	1231.71	2025.15
-14.57	-27.43	1230.8	2142.13
-14.57	-27.43	1229.88	2147.21
-14.57	-27.43	1228.96	1950.43
-14.57	-27.43	1228.05	2078.27
-14.57	-27.43	1227.13	2162.44
-14.57	-27.43	1226.21	2017.56
-14.57	-27.43	1225.3	1919.07
-14.57	-27.43	1224.38	1937.81
-14.57	-27.43	1223.46	2041.01
-14.57	-27.43	1222.54	2027.03
-14.57	-27.43	1221.63	1925.89
-14.57	-27.43	1220.71	1890.14
-14.57	-27.43	1219.79	1922.48
-14.57	-27.43	1218.87	1930.31
-14.57	-27.43	1217.95	1929.97
-14.57	-27.43	1217.03	1809.88
-14.57	-27.43	1216.12	1893.91
-14.57	-27.43	1215.2	1958.88
-14.57	-27.43	1214.28	1866.04
-14.57	-27.43	1213.36	1814.04
-14.57	-27.43	1212.44	1794.68
-14.57	-27.43	1211.52	1807.96
-14.57	-27.43	1210.6	1595.62
-14.57	-27.43	1209.68	1663.28
-14.57	-27.43	1208.76	1646.68
-14.57	-27.43	1207.84	1700.73
-14.57	-27.43	1206.92	1572.76
-14.57	-27.43	1206.0	1615.94
-14.57	-27.43	1205.08	1650.95
-14.57	-27.43	1204.16	1547.49
-14.57	-27.43	1203.24	1604.22
-14.57	-27.43	1202.31	1454.67
-14.57	-27.43	1201.39	1552.1
-14.57	-27.43	1200.47	1635.93
-14.57	-27.43	1199.55	1529.85
-14.57	-27.43	1198.63	1537.72
-14.57	-27.43	1197.71	1529.31
-14.57	-27.43	1196.78	1613.08
-14.57	-27.43	1195.86	1618.22
-14.57	-27.43	1194.94	1471.59
-14.57	-27.43	1194.02	1571.58
-14.57	-27.43	1193.09	1514.41
-14.57	-27.43	1192.17	1541.23
-14.57	-27.43	1191.25	1478.67
-14.57	-27.43	1190.32	1554.23
-14.57	-27.43	1189.4	1572.9
-14.57	-27.43	1188.48	1461.65
-14.57	-27.43	1187.55	1472.21
-14.57	-27.43	1186.63	1477.36
-14.57	-27.43	1185.71	1504.16
-14.57	-27.43	1184.78	1585.03
-14.57	-27.43	1183.86	1400.86
-14.57	-27.43	1182.93	1479.02
-14.57	-27.43	1182.01	1605.82
-14.57	-27.43	1181.08	1392.01
-14.57	-27.43	1180.16	1521.48
-14.57	-27.43	1179.23	1502.29
-14.57	-27.43	1178.31	1510.13
-14.57	-27.43	1177.38	1485.56
-14.57	-27.43	1176.46	1431.28
-14.57	-27.43	1175.53	1498.53
-14.57	-27.43	1174.6	1614.35
-14.57	-27.43	1173.68	1522.29
-14.57	-27.43	1172.75	1546.31
-14.57	-27.43	1171.82	1608.09
-14.57	-27.43	1170.9	1729.2
-14.57	-27.43	1169.97	1677.65
-14.57	-27.43	1169.04	1674.66
-14.57	-27.43	1168.12	1838.83
-14.57	-27.43	1167.19	2002.94
-14.57	-27.43	1166.26	1940.6
-14.57	-27.43	1165.33	2058.82
-14.57	-27.43	1164.41	2125.82
-14.57	-27.43	1163.48	2378.66
-14.57	-27.43	1162.55	2286.67
-14.57	-27.43	1161.62	2329.35
-14.57	-27.43	1160.69	2334.32
-14.57	-27.43	1159.76	2403.9
-14.57	-27.43	1158.84	2408.85
-14.57	-27.43	1157.91	2220.06
-14.57	-27.43	1156.98	2251.95
-14.57	-27.43	1156.05	2439.85
-14.57	-27.43	1155.12	2425.97
-14.57	-27.43	1154.19	2336.8
-14.57	-27.43	1153.26	2521.9
-14.57	-27.43	1152.33	2677.36
-14.57	-27.43	1151.4	2698.39
-14.57	-27.43	1150.47	2810.77
-14.57	-27.43	1149.54	2831.77
-14.57	-27.43	1148.61	2914.54
-14.57	-27.43	1147.68	2629.33
-14.57	-27.43	1146.75	2542.94
-14.57	-27.43	1145.81	2529.06
-14.57	-27.43	1144.88	2501.77
-14.57	-27.43	1143.95	2259.78
-14.57	-27.43	1143.02	2125.21
-14.57	-27.43	1142.09	1998.74
-14.57	-27.43	1141.16	2046.67
-14.57	-27.43	1140.22	1858.57
-14.57	-27.43	1139.29	1818.02
-14.57	-27.43	1138.36	1715.82
-14.57	-27.43	1137.43	1771.81
-14.57	-27.43	1136.49	1648.21
-14.57	-27.43	1135.56	1532.7
-14.57	-27.43	1134.63	1599.4
-14.57	-27.43	1133.69	1529.47
-14.57	-27.43	1132.76	1526.52
-14.57	-27.43	1131.83	1459.31
-14.57	-27.43	1130.89	1451.02
-14.57	-27.43	1129.96	1544.45
-14.57	-27.43	1129.02	1386.28
-14.57	-27.43	1128.09	1407.44
-14.57	-27.43	1127.16	1377.76
-14.57	-27.43	1126.22	1444.38
-14.57	-27.43	1125.29	1428.08
-14.57	-27.43	1124.35	1401.09
-14.57	-27.43	1123.42	1419.55
-14.57	-27.43	1122.48	1400.59
-14.57	-27.43	1121.55	1459.13
-14.57	-27.43	1120.61	1416.12
-14.57	-27.43	1119.67	1370.46
-14.57	-27.43	1118.74	1453.01
-14.57	-27.43	1117.8	1404.69
-14.57	-27.43	1116.87	1369.73
-14.57	-27.43	1115.93	1470.93
-14.57	-27.43	1114.99	1443.97
-14.57	-27.43	1114.06	1454.39
-14.57	-27.43	1113.12	1392.77
-14.57	-27.43	1112.18	1432.53
-14.57	-27.43	1111.24	1432.28
-14.57	-27.43	1110.31	1397.36
-14.57	-27.43	1109.37	1365.11
-14.57	-27.43	1108.43	1343.54
-14.57	-27.43	1107.49	1428.59
-14.57	-27.43	1106.55	1271.12
-14.57	-27.43	1105.62	1356.15
-14.57	-27.43	1104.68	1395.86
-14.57	-27.43	1103.74	1392.95
-14.57	-27.43	1102.8	1320.81
-14.57	-27.43	1101.86	1269.98
-14.57	-27.43	1100.92	1309.69
-14.57	-27.43	1099.98	1309.45
-14.57	-27.43	1099.04	1282.61
-14.57	-27.43	1098.1	1250.46
-14.57	-27.43	1097.16	1300.77
-14.57	-27.43	1096.22	1319.16
-14.57	-27.43	1095.28	1271.06
-14.57	-27.43	1094.34	1252.22
-14.57	-27.43	1093.4	1238.71
-14.57	-27.43	1092.46	1265.07
-14.57	-27.43	1091.52	1214.35
-14.57	-27.43	1090.58	1216.79
-14.57	-27.43	1089.64	1237.83
-14.57	-27.43	1088.7	1256.2
-14.57	-27.43	1087.76	1176.31
-14.57	-27.43	1086.81	1186.72
-14.57	-27.43	1085.87	1279.41
-14.57	-27.43	1084.93	1313.69
-14.57	-27.43	1083.99	1281.61
-14.57	-27.43	1083.05	1252.2
-14.57	-27.43	1082.1	1267.89
-14.57	-27.43	1081.16	1243.8
-14.57	-27.43	1080.22	1169.33
-14.57	-27.43	1079.28	1211.54
-14.57	-27.43	1078.33	1259.04
-14.57	-27.43	1077.39	1248.21
-14.57	-27.43	1076.45	1195.0
-14.57	-27.43	1075.5	1176.24
-14.57	-27.43	1074.56	1231.65
-14.57	-27.43	1073.61	1276.45
-14.57	-27.43	1072.67	1146.48
-14.57	-27.43	1071.73	1238.93
-14.57	-27.43	1070.78	1236.07
-14.57	-27.43	1069.84	1180.27
-14.57	-27.43	1068.89	1177.42
-14.57	-27.43	1067.95	1174.56
-14.57	-27.43	1067.0	1232.54
-14.57	-27.43	1066.06	1211.16
-14.57	-27.43	1065.11	1187.15
-14.57	-27.43	1064.16	1282.11
-14.57	-27.43	1063.22	1266.02
-14.57	-27.43	1062.27	1244.65
-14.57	-27.43	1061.33	1218.01
-14.57	-27.43	1060.38	1254.77
-14.57	-27.43	1059.43	1201.73
-14.57	-27.43	1058.49	1180.39
-14.57	-27.43	1057.54	1124.73
-14.57	-27.43	1056.59	1209.0
-14.57	-27.43	1055.65	1235.18
-14.57	-27.43	1054.7	1179.54
-14.57	-27.43	1053.75	1168.78
-14.57	-27.43	1052.8	1205.5
-14.57	-27.43	1051.85	1186.82
-14.57	-27.43	1050.91	1307.91
-14.57	-27.43	1049.96	1196.94
-14.57	-27.43	1049.01	1209.91
-14.57	-27.43	1048.06	1259.77
-14.57	-27.43	1047.11	1175.22
-14.57	-27.43	1046.16	1185.55
-14.57	-27.43	1045.21	1264.36
-14.57	-27.43	1044.27	1203.56
-14.57	-27.43	1043.32	1171.75
-14.57	-27.43	1042.37	1153.11
-14.57	-27.43	1041.42	1168.7
-14.57	-27.43	1040.47	1279.02
-14.57	-27.43	1039.52	1247.22
-14.57	-27.43	1038.57	1210.16
-14.57	-27.43	1037.62	1320.42
-14.57	-27.43	1036.67	1270.22
-14.57	-27.43	1035.71	1235.81
-14.57	-27.43	1034.76	1277.65
-14.57	-27.43	1033.81	1285.31
-14.57	-27.43	1032.86	1371.8
-14.57	-27.43	1031.91	1240.18
-14.57	-27.43	1030.96	1276.73
-14.57	-27.43	1030.01	1302.77
-14.57	-27.43	1029.05	1250.02
-14.57	-27.43	1028.1	1192.03
-14.57	-27.43	1027.15	1181.32
-14.57	-27.43	1026.2	1249.35
-14.57	-27.43	1025.24	1293.73
-14.57	-27.43	1024.29	1220.04
-14.57	-27.43	1023.34	1185.72
-14.57	-27.43	1022.39	1216.98
-14.57	-27.43	1021.43	1282.32
-14.57	-27.43	1020.48	1153.62
-14.57	-27.43	1019.52	1166.52
-14.57	-27.43	1018.57	1223.97
-14.57	-27.43	1017.62	1184.44
-14.57	-27.43	1016.66	1228.77
-14.57	-27.43	1015.71	1189.26
-14.57	-27.43	1014.75	1293.8
-14.57	-27.43	1013.8	1220.25
-14.57	-27.43	1012.84	1170.29
-14.57	-27.43	1011.89	1188.4
-14.57	-27.43	1010.93	1214.36
-14.57	-27.43	1009.98	1159.19
-14.57	-27.43	1009.02	1203.46
-14.57	-27.43	1008.07	1245.1
-14.57	-27.43	1007.11	1234.41
-14.57	-27.43	1006.16	1155.75
-14.57	-27.43	1005.2	1181.68
-14.57	-27.43	1004.24	1168.4
-14.57	-27.43	1003.29	1238.76
-14.57	-27.43	1002.33	1269.89
-14.57	-27.43	1001.37	1167.77
-14.57	-27.43	1000.41	1185.85
-14.57	-27.43	999.4580000000001	1235.26
-14.57	-27.43	998.5	1216.76
-14.57	-27.43	997.543	1195.65
-14.57	-27.43	996.585	1164.12
-14.57	-27.43	995.627	1203.05
-14.57	-27.43	994.669	1213.27
-14.57	-27.43	993.71	1194.79
-14.57	-27.43	992.752	1233.7
-14.57	-27.43	991.793	1212.62
-14.57	-27.43	990.834	1115.93
-14.57	-27.43	989.875	1178.3
-14.57	-27.43	988.916	1178.08
-14.57	-27.43	987.957	1237.81
-14.57	-27.43	986.997	1185.48
-14.57	-27.43	986.0369999999999	1167.03
-14.57	-27.43	985.078	1226.72
-14.57	-27.43	984.118	1150.99
-14.57	-27.43	983.1569999999999	1101.31
-14.57	-27.43	982.197	1197.43
-14.57	-27.43	981.2360000000001	1267.48
-14.57	-27.43	980.2760000000001	1176.18
-14.57	-27.43	979.315	1082.31
-14.57	-27.43	978.3539999999999	1217.38
-14.57	-27.43	977.3919999999999	1243.17
-14.57	-27.43	976.431	1198.74
-14.57	-27.43	975.4689999999999	1133.53
-14.57	-27.43	974.508	1117.73
-14.57	-27.43	973.546	1237.08
-14.57	-27.43	972.584	1200.48
-14.57	-27.43	971.6210000000001	1169.08
-14.57	-27.43	970.659	1181.86
-14.57	-27.43	969.696	1215.41
-14.57	-27.43	968.7330000000001	1189.23
-14.57	-27.43	967.77	1181.22
-14.57	-27.43	966.807	1121.31
-14.57	-27.43	965.8439999999999	1271.63
-14.57	-27.43	964.88	1177.99
-14.57	-27.43	963.9169999999999	1157.03
-14.57	-27.43	962.953	1128.29
-14.57	-27.43	961.9889999999999	1203.29
-14.57	-27.43	961.025	1177.14
-14.57	-27.43	960.06	1163.97
-14.57	-27.43	959.096	1187.09
-14.57	-27.43	958.1310000000001	1236.11
-14.57	-27.43	957.166	1178.89
-14.57	-27.43	956.201	1227.9
-14.57	-27.43	955.2360000000001	1212.13
-14.57	-27.43	954.27	1206.74
-14.57	-27.43	953.305	1190.98
-14.57	-27.43	952.3389999999999	1242.54
-14.57	-27.43	951.373	1343.26
-14.57	-27.43	950.4069999999999	1200.69
-14.57	-27.43	949.441	1197.89
-14.57	-27.43	948.4739999999999	1272.69
-14.57	-27.43	947.508	1352.64
-14.57	-27.43	946.541	1236.03
-14.57	-27.43	945.574	1261.66
-14.57	-27.43	944.607	1305.38
-14.57	-27.43	943.6389999999999	1268.96
-14.57	-27.43	942.672	1286.82
-14.57	-27.43	941.704	1276.25
-14.57	-27.43	940.7360000000001	1312.18
-14.57	-27.43	939.768	1363.6
-14.57	-27.43	938.8	1334.95
-14.57	-27.43	937.832	1293.4
-14.57	-27.43	936.863	1300.91
-14.57	-27.43	935.8939999999999	1401.33
-14.57	-27.43	934.926	1333.99
-14.57	-27.43	933.956	1264.09
-14.57	-27.43	932.987	1343.82
-14.57	-27.43	932.018	1387.42
-14.57	-27.43	931.048	1356.23
-14.57	-27.43	930.078	1299.27
-14.57	-27.43	929.1080000000001	1417.6
-14.57	-27.43	928.138	1389.0
-14.57	-27.43	927.168	1352.68
-14.57	-27.43	926.198	1370.47
-14.57	-27.43	925.227	1460.36
-14.57	-27.43	924.2560000000001	1460.1
-14.57	-27.43	923.285	1467.56
-14.57	-27.43	922.314	1457.0
-14.57	-27.43	921.3430000000001	1528.8
-14.57	-27.43	920.3710000000001	1489.93
-14.57	-27.43	919.3989999999999	1433.06
-14.57	-27.43	918.427	1399.36
-14.57	-27.43	917.455	1537.99
-14.57	-27.43	916.4830000000001	1463.14
-14.57	-27.43	915.5110000000001	1457.73
-14.57	-27.43	914.538	1472.89
-14.57	-27.43	913.565	1446.92
-14.57	-27.43	912.5930000000001	1356.73
-14.57	-27.43	911.6189999999999	1410.43
-14.57	-27.43	910.6460000000001	1392.2
-14.57	-27.43	909.673	1427.9
-14.57	-27.43	908.699	1278.72
-14.57	-27.43	907.725	1365.77
-14.57	-27.43	906.7510000000001	1344.99
-14.57	-27.43	905.7769999999999	1339.62
-14.57	-27.43	904.803	1275.23
-14.57	-27.43	903.828	1305.78
-14.57	-27.43	902.8539999999999	1338.89
-14.57	-27.43	901.8789999999999	1400.19
-14.57	-27.43	900.904	1320.46
-14.57	-27.43	899.928	1302.27
-14.57	-27.43	898.953	1391.75
-14.57	-27.43	897.977	1412.0
-14.57	-27.43	897.002	1337.44
-14.57	-27.43	896.0260000000001	1429.42
-14.57	-27.43	895.05	1465.02
-14.57	-27.43	894.073	1457.07
-14.57	-27.43	893.097	1418.4
-14.57	-27.43	892.12	1461.66
-14.57	-27.43	891.1439999999999	1446.04
-14.57	-27.43	890.1669999999999	1427.87
-14.57	-27.43	889.189	1496.69
-14.57	-27.43	888.212	1521.99
-14.57	-27.43	887.235	1567.75
-14.57	-27.43	886.257	1411.49
-14.57	-27.43	885.279	1577.41
-14.57	-27.43	884.301	1543.9
-14.57	-27.43	883.323	1507.84
-14.57	-27.43	882.3439999999999	1395.14
-14.57	-27.43	881.3660000000001	1502.18
-14.57	-27.43	880.387	1616.85
-14.57	-27.43	879.408	1591.02
-14.57	-27.43	878.429	1534.56
-14.57	-27.43	877.45	1608.32
-14.57	-27.43	876.47	1656.52
-14.57	-27.43	875.4910000000001	1584.77
-14.57	-27.43	874.5110000000001	1576.83
-14.57	-27.43	873.5310000000001	1545.93
-14.57	-27.43	872.551	1594.11
-14.57	-27.43	871.57	1494.37
-14.57	-27.43	870.59	1478.8
-14.57	-27.43	869.6089999999999	1544.81
-14.57	-27.43	868.628	1437.48
-14.57	-27.43	867.6469999999999	1490.74
-14.57	-27.43	866.666	1416.58
-14.57	-27.43	865.684	1413.77
-14.57	-27.43	864.703	1421.16
-14.57	-27.43	863.721	1311.41
-14.57	-27.43	862.7389999999999	1395.18
-14.57	-27.43	861.757	1295.66
-14.57	-27.43	860.775	1353.96
-14.57	-27.43	859.7919999999999	1282.46
-14.57	-27.43	858.81	1373.82
-14.57	-27.43	857.827	1371.03
-14.57	-27.43	856.8439999999999	1365.69
-14.57	-27.43	855.86	1263.74
-14.57	-27.43	854.877	1327.06
-14.57	-27.43	853.8939999999999	1303.95
-14.57	-27.43	852.91	1270.67
-14.57	-27.43	851.926	1214.54
-14.57	-27.43	850.942	1280.37
-14.57	-27.43	849.9580000000001	1315.7
-14.57	-27.43	848.9730000000001	1213.88
-14.57	-27.43	847.988	1274.6
-14.57	-27.43	847.0039999999999	1330.22
-14.57	-27.43	846.0189999999999	1195.45
-14.57	-27.43	845.034	1240.91
-14.57	-27.43	844.048	1283.82
-14.57	-27.43	843.063	1303.88
-14.57	-27.43	842.077	1303.65
-14.57	-27.43	841.091	1300.87
-14.57	-27.43	840.105	1366.56
-14.57	-27.43	839.1189999999999	1389.12
-14.57	-27.43	838.132	1284.96
-14.57	-27.43	837.1460000000001	1266.99
-14.57	-27.43	836.159	1312.36
-14.57	-27.43	835.172	1339.99
-14.57	-27.43	834.185	1200.45
-14.57	-27.43	833.198	1228.08
-14.57	-27.43	832.21	1377.23
-14.57	-27.43	831.222	1301.04
-14.57	-27.43	830.235	1328.65
-14.57	-27.43	829.247	1338.53
-14.57	-27.43	828.258	1305.39
-14.57	-27.43	827.27	1335.51
-14.57	-27.43	826.2810000000001	1244.23
-14.57	-27.43	825.293	1284.45
-14.57	-27.43	824.304	1370.17
-14.57	-27.43	823.315	1337.07
-14.57	-27.43	822.325	1250.9
-14.57	-27.43	821.336	1382.06
-14.57	-27.43	820.346	1386.86
-14.57	-27.43	819.3560000000001	1303.26
-14.57	-27.43	818.3660000000001	1328.28
-14.57	-27.43	817.3760000000001	1386.1
-14.57	-27.43	816.3860000000001	1438.86
-14.57	-27.43	815.395	1367.93
-14.57	-27.43	814.405	1420.67
-14.57	-27.43	813.414	1412.85
-14.57	-27.43	812.423	1437.82
-14.57	-27.43	811.431	1296.32
-14.57	-27.43	810.44	1356.6
-14.57	-27.43	809.448	1419.38
-14.57	-27.43	808.456	1255.28
-14.57	-27.43	807.4639999999999	1257.57
-14.57	-27.43	806.472	1317.82
-14.57	-27.43	805.48	1332.69
-14.57	-27.43	804.487	1319.86
-14.57	-27.43	803.495	1274.29
-14.57	-27.43	802.502	1344.56
-14.57	-27.43	801.5089999999999	1278.86
-14.57	-27.43	800.5160000000001	1258.49
-14.57	-27.43	799.5219999999999	1285.94
-14.57	-27.43	798.528	1341.06
-14.57	-27.43	797.535	1371.0
-14.57	-27.43	796.541	1287.75
-14.57	-27.43	795.547	1315.18
-14.57	-27.43	794.552	1252.09
-14.57	-27.43	793.558	1312.19
-14.57	-27.43	792.563	1239.06
-14.57	-27.43	791.568	1246.38
-14.57	-27.43	790.573	1288.86
-14.57	-27.43	789.578	1273.55
-14.57	-27.43	788.582	1243.18
-14.57	-27.43	787.587	1350.93
-14.57	-27.43	786.591	1272.86
-14.57	-27.43	785.595	1255.05
-14.57	-27.43	784.5989999999999	1282.43
-14.57	-27.43	783.602	1342.42
-14.57	-27.43	782.6060000000001	1297.02
-14.57	-27.43	781.6089999999999	1153.81
-14.57	-27.43	780.612	1223.82
-14.57	-27.43	779.615	1143.36
-14.57	-27.43	778.618	1140.64
-14.57	-27.43	777.6210000000001	1082.79
-14.57	-27.43	776.623	1127.7
-14.57	-27.43	775.625	1232.72
-14.57	-27.43	774.627	1179.89
-14.57	-27.43	773.6289999999999	1157.13
-14.57	-27.43	772.6310000000001	1222.03
-14.57	-27.43	771.632	1171.73
-14.57	-27.43	770.6339999999999	1081.4
-14.57	-27.43	769.635	1146.28
-14.57	-27.43	768.6360000000001	1128.55
-14.57	-27.43	767.6360000000001	1133.35
-14.57	-27.43	766.637	1108.13
-14.57	-27.43	765.637	1097.92
-14.57	-27.43	764.637	1155.23
-14.57	-27.43	763.638	1135.02
-14.57	-27.43	762.637	1144.81
-14.57	-27.43	761.637	1092.12
-14.57	-27.43	760.6360000000001	1116.91
-14.57	-27.43	759.6360000000001	1054.25
-14.57	-27.43	758.635	1151.47
-14.57	-27.43	757.6339999999999	1186.22
-14.57	-27.43	756.633	1103.61
-14.57	-27.43	755.6310000000001	1085.93
-14.57	-27.43	754.6289999999999	1168.1
-14.57	-27.43	753.628	1130.46
-14.57	-27.43	752.6260000000001	1177.66
-14.57	-27.43	751.623	1140.02
-14.57	-27.43	750.6210000000001	1139.81
-14.57	-27.43	749.6189999999999	1157.06
-14.57	-27.43	748.6160000000001	1102.0
-14.57	-27.43	747.613	1154.14
-14.57	-27.43	746.61	1198.79
-14.57	-27.43	745.607	1151.23
-14.57	-27.43	744.6030000000001	1093.72
-14.57	-27.43	743.5989999999999	1138.35
-14.57	-27.43	742.596	1180.48
-14.57	-27.43	741.592	1147.9
-14.57	-27.43	740.587	1120.3
-14.57	-27.43	739.5830000000001	1132.54
-14.57	-27.43	738.579	1139.8
-14.57	-27.43	737.574	1119.69
-14.57	-27.43	736.569	1112.02
-14.57	-27.43	735.564	1183.95
-14.57	-27.43	734.558	1148.92
-14.57	-27.43	733.553	1074.11
-14.57	-27.43	732.547	1168.38
-14.57	-27.43	731.541	1135.86
-14.57	-27.43	730.535	1118.26
-14.57	-27.43	729.529	1100.66
-14.57	-27.43	728.523	1160.08
-14.57	-27.43	727.5160000000001	1197.12
-14.57	-27.43	726.5089999999999	1214.28
-14.57	-27.43	725.503	1196.68
-14.57	-27.43	724.495	1226.25
-14.57	-27.43	723.488	1270.7
-14.57	-27.43	722.4810000000001	1215.87
-14.57	-27.43	721.4730000000001	1262.79
-14.57	-27.43	720.465	1312.17
-14.57	-27.43	719.457	1413.61
-14.57	-27.43	718.449	1259.61
-14.57	-27.43	717.44	1222.2
-14.57	-27.43	716.432	1348.38
-14.57	-27.43	715.423	1293.62
-14.57	-27.43	714.414	1162.06
-14.57	-27.43	713.405	1223.78
-14.57	-27.43	712.395	1307.77
-14.57	-27.43	711.3860000000001	1186.18
-14.57	-27.43	710.3760000000001	1188.44
-14.57	-27.43	709.3660000000001	1131.29
-14.57	-27.43	708.3560000000001	1170.68
-14.57	-27.43	707.346	1086.33
-14.57	-27.43	706.335	1113.35
-14.57	-27.43	705.325	1152.72
-14.57	-27.43	704.314	1098.1
-14.57	-27.43	703.303	1048.44
-14.57	-27.43	702.2919999999999	1142.2
-14.57	-27.43	701.28	1119.74
-14.57	-27.43	700.2689999999999	1097.3
-14.57	-27.43	699.257	1074.86
-14.57	-27.43	698.245	1143.83
-14.57	-27.43	697.2330000000001	1101.63
-14.57	-27.43	696.22	1096.49
-14.57	-27.43	695.2080000000001	1074.07
-14.57	-27.43	694.195	1105.96
-14.57	-27.43	693.182	1058.86
-14.57	-27.43	692.169	1053.73
-14.57	-27.43	691.1560000000001	1080.68
-14.57	-27.43	690.143	1060.75
-14.57	-27.43	689.1289999999999	1063.02
-14.57	-27.43	688.115	976.515
-14.57	-27.43	687.1010000000001	1065.09
-14.57	-27.43	686.087	1121.59
-14.57	-27.43	685.073	1069.63
-14.57	-27.43	684.058	1069.44
-14.57	-27.43	683.043	1084.02
-14.57	-27.43	682.028	995.145
-14.57	-27.43	681.013	1078.7
-14.57	-27.43	679.998	1115.43
-14.57	-27.43	678.9830000000001	1098.0
-14.57	-27.43	677.967	1087.95
-14.57	-27.43	676.951	1095.13
-14.57	-27.43	675.935	1085.09
-14.57	-27.43	674.919	1087.35
-14.57	-27.43	673.9019999999999	1084.69
-14.57	-27.43	672.8860000000001	1101.7
-14.57	-27.43	671.8689999999999	1133.46
-14.57	-27.43	670.852	1133.26
-14.57	-27.43	669.835	1091.27
-14.57	-27.43	668.817	1132.84
-14.57	-27.43	667.8	1164.57
-14.57	-27.43	666.7819999999999	1105.4
-14.57	-27.43	665.7639999999999	1107.65
-14.57	-27.43	664.7460000000001	1151.65
-14.57	-27.43	663.7280000000001	1180.9
-14.57	-27.43	662.709	1102.13
-14.57	-27.43	661.691	1219.73
-14.57	-27.43	660.672	1133.63
-14.57	-27.43	659.653	1069.63
-14.57	-27.43	658.6339999999999	1044.91
-14.57	-27.43	657.6139999999999	1103.57
-14.57	-27.43	656.595	1169.57
-14.57	-27.43	655.575	1100.72
-14.57	-27.43	654.555	1105.41
-14.57	-27.43	653.535	1139.52
-14.57	-27.43	652.514	1149.11
-14.57	-27.43	651.494	1117.05
-14.57	-27.43	650.4730000000001	1190.32
-14.57	-27.43	649.452	1128.89
-14.57	-27.43	648.431	1116.44
-14.57	-27.43	647.41	1152.95
-14.57	-27.43	646.388	1235.95
-14.57	-27.43	645.366	1194.12
-14.57	-27.43	644.345	1137.63
-14.57	-27.43	643.323	1108.07
-14.57	-27.43	642.3	1186.13
-14.57	-27.43	641.278	1146.78
-14.57	-27.43	640.255	1063.45
-14.57	-27.43	639.232	1185.47
-14.57	-27.43	638.2090000000001	1197.47
-14.57	-27.43	637.186	1163.04
-14.57	-27.43	636.163	1148.17
-14.57	-27.43	635.139	1240.77
-14.57	-27.43	634.116	1208.8
-14.57	-27.43	633.092	1206.13
-14.57	-27.43	632.068	1179.06
-14.57	-27.43	631.043	1176.4
-14.57	-27.43	630.019	1193.26
-14.57	-27.43	628.994	1141.81
-14.57	-27.43	627.969	1248.93
-14.57	-27.43	626.944	1314.55
-14.57	-27.43	625.919	1219.21
-14.57	-27.43	624.893	1216.54
-14.57	-27.43	623.868	1240.7
-14.57	-27.43	622.842	1223.41
-14.57	-27.43	621.816	1242.67
-14.57	-27.43	620.79	1193.72
-14.57	-27.43	619.763	1164.27
-14.57	-27.43	618.737	1193.28
-14.57	-27.43	617.71	1093.23
-14.57	-27.43	616.683	1170.93
-14.57	-27.43	615.656	1160.98
-14.57	-27.43	614.629	1065.86
-14.57	-27.43	613.601	1046.2
-14.57	-27.43	612.573	1058.17
-14.57	-27.43	611.545	1106.62
-14.57	-27.43	610.5169999999999	1057.78
-14.57	-27.43	609.489	1072.17
-14.57	-27.43	608.461	1132.74
-14.57	-27.43	607.432	1011.02
-14.57	-27.43	606.403	1049.71
-14.57	-27.43	605.374	1122.4
-14.57	-27.43	604.345	1044.46
-14.57	-27.43	603.315	1126.84
-14.57	-27.43	602.286	1068.36
-14.57	-27.43	601.256	1085.15
-14.57	-27.43	600.226	1128.64
