-14.57	0.57	1799.66	831.311
-14.57	0.57	1798.84	739.497
-14.57	0.57	1798.03	824.919
-14.57	0.57	1797.21	812.561
-14.57	0.57	1796.39	800.207
-14.57	0.57	1795.57	787.857
-14.57	0.57	1794.75	778.565
-14.57	0.57	1793.93	821.171
-14.57	0.57	1793.11	747.78
-14.57	0.57	1792.29	769.015
-14.57	0.57	1791.47	823.806
-14.57	0.57	1790.65	780.9580000000001
-14.57	0.57	1789.84	793.0269999999999
-14.57	0.57	1789.02	811.19
-14.57	0.57	1788.2	835.446
-14.57	0.57	1787.38	810.916
-14.57	0.57	1786.56	804.683
-14.57	0.57	1785.73	798.452
-14.57	0.57	1784.91	810.505
-14.57	0.57	1784.09	825.6010000000001
-14.57	0.57	1783.27	816.323
-14.57	0.57	1782.45	800.9580000000001
-14.57	0.57	1781.63	797.7769999999999
-14.57	0.57	1780.81	794.5980000000001
-14.57	0.57	1779.99	840.123
-14.57	0.57	1779.17	852.154
-14.57	0.57	1778.35	827.6669999999999
-14.57	0.57	1777.52	827.5269999999999
-14.57	0.57	1776.7	809.1360000000001
-14.57	0.57	1775.88	830.289
-14.57	0.57	1775.06	869.679
-14.57	0.57	1774.24	772.242
-14.57	0.57	1773.41	845.066
-14.57	0.57	1772.59	823.648
-14.57	0.57	1771.77	863.013
-14.57	0.57	1770.95	817.293
-14.57	0.57	1770.12	805.0039999999999
-14.57	0.57	1769.3	750.198
-14.57	0.57	1768.48	844.209
-14.57	0.57	1767.65	868.3560000000001
-14.57	0.57	1766.83	840.888
-14.57	0.57	1766.01	822.534
-14.57	0.57	1765.18	785.9789999999999
-14.57	0.57	1764.36	849.563
-14.57	0.57	1763.53	840.319
-14.57	0.57	1762.71	876.574
-14.57	0.57	1761.88	815.773
-14.57	0.57	1761.06	794.41
-14.57	0.57	1760.24	876.1289999999999
-14.57	0.57	1759.41	903.26
-14.57	0.57	1758.59	860.679
-14.57	0.57	1757.76	787.812
-14.57	0.57	1756.94	854.329
-14.57	0.57	1756.11	829.952
-14.57	0.57	1755.28	841.925
-14.57	0.57	1754.46	847.8389999999999
-14.57	0.57	1753.63	862.8330000000001
-14.57	0.57	1752.81	883.875
-14.57	0.57	1751.98	817.143
-14.57	0.57	1751.16	829.1089999999999
-14.57	0.57	1750.33	877.375
-14.57	0.57	1749.5	822.778
-14.57	0.57	1748.68	892.2
-14.57	0.57	1747.85	898.096
-14.57	0.57	1747.02	840.5
-14.57	0.57	1746.2	882.678
-14.57	0.57	1745.37	879.5060000000001
-14.57	0.57	1744.54	876.335
-14.57	0.57	1743.71	821.802
-14.57	0.57	1742.89	851.8710000000001
-14.57	0.57	1742.06	915.153
-14.57	0.57	1741.23	948.216
-14.57	0.57	1740.4	945.0360000000001
-14.57	0.57	1739.57	866.387
-14.57	0.57	1738.75	875.295
-14.57	0.57	1737.92	847.987
-14.57	0.57	1737.09	899.1360000000001
-14.57	0.57	1736.26	877.867
-14.57	0.57	1735.43	844.539
-14.57	0.57	1734.6	895.663
-14.57	0.57	1733.77	895.5110000000001
-14.57	0.57	1732.94	949.623
-14.57	0.57	1732.11	967.547
-14.57	0.57	1731.28	898.069
-14.57	0.57	1730.45	949.14
-14.57	0.57	1729.62	897.7639999999999
-14.57	0.57	1728.8	858.454
-14.57	0.57	1727.96	888.425
-14.57	0.57	1727.13	954.518
-14.57	0.57	1726.3	888.123
-14.57	0.57	1725.47	875.932
-14.57	0.57	1724.64	881.802
-14.57	0.57	1723.81	965.9060000000001
-14.57	0.57	1722.98	947.691
-14.57	0.57	1722.15	887.3689999999999
-14.57	0.57	1721.32	905.2639999999999
-14.57	0.57	1720.49	905.11
-14.57	0.57	1719.66	926.002
-14.57	0.57	1718.82	940.8739999999999
-14.57	0.57	1717.99	922.682
-14.57	0.57	1717.16	883.46
-14.57	0.57	1716.33	940.395
-14.57	0.57	1715.5	901.184
-14.57	0.57	1714.66	964.1030000000001
-14.57	0.57	1713.83	945.922
-14.57	0.57	1713.0	981.79
-14.57	0.57	1712.17	984.625
-14.57	0.57	1711.33	1023.48
-14.57	0.57	1710.5	981.289
-14.57	0.57	1709.67	909.1139999999999
-14.57	0.57	1708.83	929.9580000000001
-14.57	0.57	1708.0	923.801
-14.57	0.57	1707.17	965.628
-14.57	0.57	1706.33	962.466
-14.57	0.57	1705.5	932.324
-14.57	0.57	1704.66	905.189
-14.57	0.57	1703.83	949.988
-14.57	0.57	1703.0	988.778
-14.57	0.57	1702.16	988.61
-14.57	0.57	1701.33	943.512
-14.57	0.57	1700.49	991.268
-14.57	0.57	1699.66	955.169
-14.57	0.57	1698.82	958.0
-14.57	0.57	1697.99	969.81
-14.57	0.57	1697.15	954.681
-14.57	0.57	1696.32	1047.28
-14.57	0.57	1695.48	966.323
-14.57	0.57	1694.64	990.0880000000001
-14.57	0.57	1693.81	1037.77
-14.57	0.57	1692.97	1010.68
-14.57	0.57	1692.14	992.573
-14.57	0.57	1691.3	986.425
-14.57	0.57	1690.46	1010.17
-14.57	0.57	1689.63	1015.97
-14.57	0.57	1688.79	1054.64
-14.57	0.57	1687.95	1042.51
-14.57	0.57	1687.12	979.613
-14.57	0.57	1686.28	1036.18
-14.57	0.57	1685.44	1083.78
-14.57	0.57	1684.6	1038.81
-14.57	0.57	1683.77	1080.42
-14.57	0.57	1682.93	1050.4
-14.57	0.57	1682.09	1011.43
-14.57	0.57	1681.25	1103.73
-14.57	0.57	1680.41	1031.96
-14.57	0.57	1679.58	1073.54
-14.57	0.57	1678.74	1013.72
-14.57	0.57	1677.9	1097.02
-14.57	0.57	1677.06	1072.99
-14.57	0.57	1676.22	1081.75
-14.57	0.57	1675.38	1108.38
-14.57	0.57	1674.54	1063.5
-14.57	0.57	1673.7	1072.26
-14.57	0.57	1672.86	1042.3
-14.57	0.57	1672.02	1107.62
-14.57	0.57	1671.18	1015.15
-14.57	0.57	1670.34	1095.34
-14.57	0.57	1669.5	1062.42
-14.57	0.57	1668.66	1023.55
-14.57	0.57	1667.82	1094.78
-14.57	0.57	1666.98	1157.05
-14.57	0.57	1666.14	1076.56
-14.57	0.57	1665.3	1076.38
-14.57	0.57	1664.46	1085.11
-14.57	0.57	1663.62	1185.99
-14.57	0.57	1662.78	1164.98
-14.57	0.57	1661.94	1141.01
-14.57	0.57	1661.1	1161.62
-14.57	0.57	1660.25	1134.68
-14.57	0.57	1659.41	1187.95
-14.57	0.57	1658.57	1211.5
-14.57	0.57	1657.73	1175.67
-14.57	0.57	1656.89	1166.56
-14.57	0.57	1656.04	1172.3
-14.57	0.57	1655.2	1267.05
-14.57	0.57	1654.36	1207.5
-14.57	0.57	1653.52	1201.36
-14.57	0.57	1652.67	1224.88
-14.57	0.57	1651.83	1340.32
-14.57	0.57	1650.99	1203.71
-14.57	0.57	1650.14	1176.83
-14.57	0.57	1649.3	1268.5
-14.57	0.57	1648.46	1303.85
-14.57	0.57	1647.61	1309.55
-14.57	0.57	1646.77	1285.63
-14.57	0.57	1645.92	1249.87
-14.57	0.57	1645.08	1302.96
-14.57	0.57	1644.24	1397.48
-14.57	0.57	1643.39	1281.79
-14.57	0.57	1642.55	1337.8
-14.57	0.57	1641.7	1438.19
-14.57	0.57	1640.86	1399.48
-14.57	0.57	1640.01	1419.95
-14.57	0.57	1639.17	1410.83
-14.57	0.57	1638.32	1422.42
-14.57	0.57	1637.48	1578.88
-14.57	0.57	1636.63	1513.58
-14.57	0.57	1635.78	1578.34
-14.57	0.57	1634.94	1501.24
-14.57	0.57	1634.09	1604.4
-14.57	0.57	1633.25	1577.53
-14.57	0.57	1632.4	1657.01
-14.57	0.57	1631.55	1647.87
-14.57	0.57	1630.71	1626.92
-14.57	0.57	1629.86	1703.4
-14.57	0.57	1629.01	1832.98
-14.57	0.57	1628.16	1835.62
-14.57	0.57	1627.32	1773.34
-14.57	0.57	1626.47	1846.79
-14.57	0.57	1625.62	1979.21
-14.57	0.57	1624.77	1928.73
-14.57	0.57	1623.93	1934.3
-14.57	0.57	1623.08	2037.16
-14.57	0.57	1622.23	2066.28
-14.57	0.57	1621.38	2051.19
-14.57	0.57	1620.53	2100.94
-14.57	0.57	1619.69	2085.85
-14.57	0.57	1618.84	2106.11
-14.57	0.57	1617.99	2158.76
-14.57	0.57	1617.14	2022.94
-14.57	0.57	1616.29	2043.2
-14.57	0.57	1615.44	2131.16
-14.57	0.57	1614.59	2133.74
-14.57	0.57	1613.74	2153.97
-14.57	0.57	1612.89	2056.51
-14.57	0.57	1612.04	2129.7
-14.57	0.57	1611.19	2111.69
-14.57	0.57	1610.34	2102.5
-14.57	0.57	1609.49	2040.4
-14.57	0.57	1608.64	2054.75
-14.57	0.57	1607.79	2077.91
-14.57	0.57	1606.94	2171.59
-14.57	0.57	1606.09	2094.83
-14.57	0.57	1605.24	1988.72
-14.57	0.57	1604.39	2014.81
-14.57	0.57	1603.54	2061.45
-14.57	0.57	1602.68	2084.58
-14.57	0.57	1601.83	2051.94
-14.57	0.57	1600.98	2080.93
-14.57	0.57	1600.13	2074.71
-14.57	0.57	1599.28	2018.61
-14.57	0.57	1598.42	1968.39
-14.57	0.57	1597.57	1997.38
-14.57	0.57	1596.72	2005.84
-14.57	0.57	1595.87	2175.55
-14.57	0.57	1595.01	1961.18
-14.57	0.57	1594.16	1890.5
-14.57	0.57	1593.31	1893.1
-14.57	0.57	1592.45	2118.39
-14.57	0.57	1591.6	1956.9
-14.57	0.57	1590.75	1971.21
-14.57	0.57	1589.89	1970.87
-14.57	0.57	1589.04	2099.37
-14.57	0.57	1588.19	1990.69
-14.57	0.57	1587.33	1890.83
-14.57	0.57	1586.48	1957.82
-14.57	0.57	1585.62	2065.74
-14.57	0.57	1584.77	2062.46
-14.57	0.57	1583.91	2050.41
-14.57	0.57	1583.06	1950.62
-14.57	0.57	1582.2	2043.86
-14.57	0.57	1581.35	2023.04
-14.57	0.57	1580.49	2127.92
-14.57	0.57	1579.64	2092.49
-14.57	0.57	1578.78	2135.96
-14.57	0.57	1577.93	2164.8
-14.57	0.57	1577.07	2126.46
-14.57	0.57	1576.21	2213.71
-14.57	0.57	1575.36	2195.81
-14.57	0.57	1574.5	2201.27
-14.57	0.57	1573.65	2270.95
-14.57	0.57	1572.79	2255.96
-14.57	0.57	1571.93	2194.3
-14.57	0.57	1571.08	2173.5
-14.57	0.57	1570.22	2108.95
-14.57	0.57	1569.36	2094.01
-14.57	0.57	1568.5	2090.73
-14.57	0.57	1567.65	2040.81
-14.57	0.57	1566.79	1973.42
-14.57	0.57	1565.93	2051.77
-14.57	0.57	1565.07	2001.88
-14.57	0.57	1564.21	1905.39
-14.57	0.57	1563.36	1931.28
-14.57	0.57	1562.5	2044.53
-14.57	0.57	1561.64	1918.97
-14.57	0.57	1560.78	1918.64
-14.57	0.57	1559.92	1897.93
-14.57	0.57	1559.06	1973.28
-14.57	0.57	1558.2	1926.38
-14.57	0.57	1557.34	1882.41
-14.57	0.57	1556.49	1954.81
-14.57	0.57	1555.63	1890.48
-14.57	0.57	1554.77	1989.03
-14.57	0.57	1553.91	1822.96
-14.57	0.57	1553.05	1787.77
-14.57	0.57	1552.19	1912.43
-14.57	0.57	1551.33	1801.68
-14.57	0.57	1550.47	1882.72
-14.57	0.57	1549.6	1789.44
-14.57	0.57	1548.74	1800.75
-14.57	0.57	1547.88	1844.0
-14.57	0.57	1547.02	1849.49
-14.57	0.57	1546.16	1791.11
-14.57	0.57	1545.3	1860.46
-14.57	0.57	1544.44	1871.75
-14.57	0.57	1543.58	1851.12
-14.57	0.57	1542.71	1766.67
-14.57	0.57	1541.85	1815.67
-14.57	0.57	1540.99	1806.66
-14.57	0.57	1540.13	1890.43
-14.57	0.57	1539.27	1846.62
-14.57	0.57	1538.4	1805.73
-14.57	0.57	1537.54	1854.68
-14.57	0.57	1536.68	1839.88
-14.57	0.57	1535.81	1868.53
-14.57	0.57	1534.95	1816.07
-14.57	0.57	1534.09	1801.28
-14.57	0.57	1533.23	1882.04
-14.57	0.57	1532.36	1936.72
-14.57	0.57	1531.5	1782.98
-14.57	0.57	1530.63	1849.23
-14.57	0.57	1529.77	1953.08
-14.57	0.57	1528.91	1891.99
-14.57	0.57	1528.04	1966.87
-14.57	0.57	1527.18	1847.96
-14.57	0.57	1526.31	1951.73
-14.57	0.57	1525.45	2015.0
-14.57	0.57	1524.58	2008.87
-14.57	0.57	1523.72	1895.81
-14.57	0.57	1522.85	1895.49
-14.57	0.57	1521.99	2028.05
-14.57	0.57	1521.12	2024.81
-14.57	0.57	1520.26	2033.13
-14.57	0.57	1519.39	1905.73
-14.57	0.57	1518.52	2055.52
-14.57	0.57	1517.66	1991.67
-14.57	0.57	1516.79	2025.95
-14.57	0.57	1515.93	1962.12
-14.57	0.57	1515.06	1932.94
-14.57	0.57	1514.19	1952.79
-14.57	0.57	1513.33	1842.87
-14.57	0.57	1512.46	1874.27
-14.57	0.57	1511.59	1804.75
-14.57	0.57	1510.72	1879.38
-14.57	0.57	1509.86	1758.02
-14.57	0.57	1508.99	1818.22
-14.57	0.57	1508.12	1673.86
-14.57	0.57	1507.25	1774.39
-14.57	0.57	1506.38	1903.68
-14.57	0.57	1505.52	1894.72
-14.57	0.57	1504.65	1810.9
-14.57	0.57	1503.78	1778.92
-14.57	0.57	1502.91	1833.3
-14.57	0.57	1502.04	1740.9
-14.57	0.57	1501.17	1737.72
-14.57	0.57	1500.3	1720.16
-14.57	0.57	1499.44	1763.0
-14.57	0.57	1498.57	1745.45
-14.57	0.57	1497.7	1621.52
-14.57	0.57	1496.83	1675.85
-14.57	0.57	1495.96	1649.7
-14.57	0.57	1495.09	1669.53
-14.57	0.57	1494.22	1700.84
-14.57	0.57	1493.35	1686.19
-14.57	0.57	1492.48	1723.23
-14.57	0.57	1491.61	1651.15
-14.57	0.57	1490.73	1518.79
-14.57	0.57	1489.86	1561.59
-14.57	0.57	1488.99	1578.54
-14.57	0.57	1488.12	1595.48
-14.57	0.57	1487.25	1675.54
-14.57	0.57	1486.38	1468.71
-14.57	0.57	1485.51	1468.46
-14.57	0.57	1484.63	1542.76
-14.57	0.57	1483.76	1556.83
-14.57	0.57	1482.89	1542.23
-14.57	0.57	1482.02	1573.49
-14.57	0.57	1481.15	1484.38
-14.57	0.57	1480.27	1552.89
-14.57	0.57	1479.4	1549.76
-14.57	0.57	1478.53	1443.52
-14.57	0.57	1477.65	1532.04
-14.57	0.57	1476.78	1528.91
-14.57	0.57	1475.91	1554.41
-14.57	0.57	1475.03	1551.28
-14.57	0.57	1474.16	1533.84
-14.57	0.57	1473.29	1625.13
-14.57	0.57	1472.41	1510.42
-14.57	0.57	1471.54	1544.48
-14.57	0.57	1470.67	1421.25
-14.57	0.57	1469.79	1589.7
-14.57	0.57	1468.92	1572.27
-14.57	0.57	1468.04	1583.43
-14.57	0.57	1467.17	1508.85
-14.57	0.57	1466.29	1534.31
-14.57	0.57	1465.42	1588.32
-14.57	0.57	1464.54	1573.76
-14.57	0.57	1463.67	1556.36
-14.57	0.57	1462.79	1459.01
-14.57	0.57	1461.91	1567.24
-14.57	0.57	1461.04	1629.76
-14.57	0.57	1460.16	1535.3
-14.57	0.57	1459.29	1483.68
-14.57	0.57	1458.41	1531.92
-14.57	0.57	1457.53	1548.76
-14.57	0.57	1456.66	1454.39
-14.57	0.57	1455.78	1494.05
-14.57	0.57	1454.9	1579.32
-14.57	0.57	1454.03	1547.69
-14.57	0.57	1453.15	1581.62
-14.57	0.57	1452.27	1487.32
-14.57	0.57	1451.39	1558.28
-14.57	0.57	1450.52	1586.49
-14.57	0.57	1449.64	1537.81
-14.57	0.57	1448.76	1546.08
-14.57	0.57	1447.88	1542.97
-14.57	0.57	1447.0	1585.39
-14.57	0.57	1446.13	1587.96
-14.57	0.57	1445.25	1527.94
-14.57	0.57	1444.37	1547.59
-14.57	0.57	1443.49	1646.87
-14.57	0.57	1442.61	1638.05
-14.57	0.57	1441.73	1580.9
-14.57	0.57	1440.85	1543.67
-14.57	0.57	1439.97	1583.2
-14.57	0.57	1439.09	1665.33
-14.57	0.57	1438.21	1693.46
-14.57	0.57	1437.33	1576.69
-14.57	0.57	1436.45	1650.27
-14.57	0.57	1435.57	1672.7
-14.57	0.57	1434.69	1652.53
-14.57	0.57	1433.81	1601.14
-14.57	0.57	1432.93	1612.22
-14.57	0.57	1432.05	1725.46
-14.57	0.57	1431.17	1651.38
-14.57	0.57	1430.29	1594.36
-14.57	0.57	1429.41	1557.21
-14.57	0.57	1428.52	1678.88
-14.57	0.57	1427.64	1706.95
-14.57	0.57	1426.76	1598.92
-14.57	0.57	1425.88	1524.95
-14.57	0.57	1425.0	1629.54
-14.57	0.57	1424.11	1595.25
-14.57	0.57	1423.23	1586.48
-14.57	0.57	1422.35	1577.71
-14.57	0.57	1421.47	1622.74
-14.57	0.57	1420.58	1645.11
-14.57	0.57	1419.7	1695.79
-14.57	0.57	1418.82	1667.19
-14.57	0.57	1417.93	1641.43
-14.57	0.57	1417.05	1595.87
-14.57	0.57	1416.17	1700.27
-14.57	0.57	1415.28	1581.17
-14.57	0.57	1414.4	1578.07
-14.57	0.57	1413.51	1710.69
-14.57	0.57	1412.63	1721.7
-14.57	0.57	1411.75	1605.51
-14.57	0.57	1410.86	1658.93
-14.57	0.57	1409.98	1788.62
-14.57	0.57	1409.09	1666.83
-14.57	0.57	1408.21	1706.08
-14.57	0.57	1407.32	1719.9
-14.57	0.57	1406.44	1787.37
-14.57	0.57	1405.55	1750.36
-14.57	0.57	1404.66	1707.72
-14.57	0.57	1403.78	1715.88
-14.57	0.57	1402.89	1687.37
-14.57	0.57	1402.01	1839.42
-14.57	0.57	1401.12	1762.94
-14.57	0.57	1400.23	1652.65
-14.57	0.57	1399.35	1807.44
-14.57	0.57	1398.46	1787.39
-14.57	0.57	1397.57	1826.55
-14.57	0.57	1396.69	1752.95
-14.57	0.57	1395.8	1825.91
-14.57	0.57	1394.91	2003.08
-14.57	0.57	1394.02	1921.04
-14.57	0.57	1393.14	1937.61
-14.57	0.57	1392.25	1847.16
-14.57	0.57	1391.36	2004.5
-14.57	0.57	1390.47	2018.22
-14.57	0.57	1389.58	2034.76
-14.57	0.57	1388.7	1986.57
-14.57	0.57	1387.81	1977.78
-14.57	0.57	1386.92	2092.77
-14.57	0.57	1386.03	1895.53
-14.57	0.57	1385.14	2024.55
-14.57	0.57	1384.25	2012.95
-14.57	0.57	1383.36	2021.03
-14.57	0.57	1382.47	1958.85
-14.57	0.57	1381.58	1916.36
-14.57	0.57	1380.69	1955.36
-14.57	0.57	1379.8	1946.59
-14.57	0.57	1378.91	1898.51
-14.57	0.57	1378.02	1923.45
-14.57	0.57	1377.13	1979.26
-14.57	0.57	1376.24	2009.8
-14.57	0.57	1375.35	1877.54
-14.57	0.57	1374.46	1947.36
-14.57	0.57	1373.57	2022.77
-14.57	0.57	1372.68	1921.44
-14.57	0.57	1371.78	2050.11
-14.57	0.57	1370.89	1951.61
-14.57	0.57	1370.0	1883.99
-14.57	0.57	1369.11	1959.34
-14.57	0.57	1368.22	2057.09
-14.57	0.57	1367.33	1905.42
-14.57	0.57	1366.43	2003.14
-14.57	0.57	1365.54	2039.21
-14.57	0.57	1364.65	2044.45
-14.57	0.57	1363.76	2055.3
-14.57	0.57	1362.86	1993.34
-14.57	0.57	1361.97	2020.99
-14.57	0.57	1361.08	1953.47
-14.57	0.57	1360.18	2042.67
-14.57	0.57	1359.29	1955.58
-14.57	0.57	1358.4	2036.36
-14.57	0.57	1357.5	2080.75
-14.57	0.57	1356.61	2102.76
-14.57	0.57	1355.71	2052.07
-14.57	0.57	1354.82	2124.39
-14.57	0.57	1353.92	2160.35
-14.57	0.57	1353.03	2199.09
-14.57	0.57	1352.13	2151.21
-14.57	0.57	1351.24	2173.18
-14.57	0.57	1350.34	2153.25
-14.57	0.57	1349.45	2191.97
-14.57	0.57	1348.55	2197.17
-14.57	0.57	1347.66	2230.28
-14.57	0.57	1346.76	2201.98
-14.57	0.57	1345.87	2324.37
-14.57	0.57	1344.97	2290.49
-14.57	0.57	1344.07	2209.2
-14.57	0.57	1343.18	2247.85
-14.57	0.57	1342.28	2331.11
-14.57	0.57	1341.38	2411.56
-14.57	0.57	1340.49	2352.6
-14.57	0.57	1339.59	2396.78
-14.57	0.57	1338.69	2471.59
-14.57	0.57	1337.8	2343.01
-14.57	0.57	1336.9	2253.46
-14.57	0.57	1336.0	2386.75
-14.57	0.57	1335.1	2369.62
-14.57	0.57	1334.2	2416.54
-14.57	0.57	1333.31	2327.04
-14.57	0.57	1332.41	2287.67
-14.57	0.57	1331.51	2426.4
-14.57	0.57	1330.61	2462.14
-14.57	0.57	1329.71	2475.62
-14.57	0.57	1328.81	2419.56
-14.57	0.57	1327.91	2463.63
-14.57	0.57	1327.02	2460.42
-14.57	0.57	1326.12	2521.14
-14.57	0.57	1325.22	2409.53
-14.57	0.57	1324.32	2470.24
-14.57	0.57	1323.42	2644.83
-14.57	0.57	1322.52	2486.04
-14.57	0.57	1321.62	2466.16
-14.57	0.57	1320.72	2624.01
-14.57	0.57	1319.82	2676.3
-14.57	0.57	1318.91	2578.68
-14.57	0.57	1318.01	2528.27
-14.57	0.57	1317.11	2697.09
-14.57	0.57	1316.21	2777.07
-14.57	0.57	1315.31	2549.13
-14.57	0.57	1314.41	2634.66
-14.57	0.57	1313.51	2695.2
-14.57	0.57	1312.61	2788.99
-14.57	0.57	1311.7	2746.92
-14.57	0.57	1310.8	2499.78
-14.57	0.57	1309.9	2676.68
-14.57	0.57	1309.0	2800.88
-14.57	0.57	1308.09	2841.94
-14.57	0.57	1307.19	2608.81
-14.57	0.57	1306.29	2741.26
-14.57	0.57	1305.39	2657.73
-14.57	0.57	1304.48	2704.32
-14.57	0.57	1303.58	2673.4
-14.57	0.57	1302.68	2672.93
-14.57	0.57	1301.77	2694.6
-14.57	0.57	1300.87	2721.78
-14.57	0.57	1299.96	2688.12
-14.57	0.57	1299.06	2596.4
-14.57	0.57	1298.16	2687.18
-14.57	0.57	1297.25	2683.94
-14.57	0.57	1296.35	2514.89
-14.57	0.57	1295.44	2517.21
-14.57	0.57	1294.54	2682.53
-14.57	0.57	1293.63	2671.01
-14.57	0.57	1292.73	2590.45
-14.57	0.57	1291.82	2451.94
-14.57	0.57	1290.92	2520.52
-14.57	0.57	1290.01	2525.6
-14.57	0.57	1289.1	2378.89
-14.57	0.57	1288.2	2298.46
-14.57	0.57	1287.29	2513.24
-14.57	0.57	1286.39	2468.66
-14.57	0.57	1285.48	2371.71
-14.57	0.57	1284.57	2139.68
-14.57	0.57	1283.67	2343.31
-14.57	0.57	1282.76	2304.31
-14.57	0.57	1281.85	2281.85
-14.57	0.57	1280.94	2209.81
-14.57	0.57	1280.04	2292.07
-14.57	0.57	1279.13	2247.6
-14.57	0.57	1278.22	2222.42
-14.57	0.57	1277.31	2158.7
-14.57	0.57	1276.41	2103.26
-14.57	0.57	1275.5	2196.47
-14.57	0.57	1274.59	2135.55
-14.57	0.57	1273.68	2140.67
-14.57	0.57	1272.77	2165.06
-14.57	0.57	1271.86	2167.43
-14.57	0.57	1270.95	2114.79
-14.57	0.57	1270.04	2133.67
-14.57	0.57	1269.13	2037.08
-14.57	0.57	1268.23	2182.39
-14.57	0.57	1267.32	2212.24
-14.57	0.57	1266.41	2134.92
-14.57	0.57	1265.5	2236.19
-14.57	0.57	1264.59	2178.11
-14.57	0.57	1263.67	2372.71
-14.57	0.57	1262.76	2265.21
-14.57	0.57	1261.85	2187.94
-14.57	0.57	1260.94	2409.88
-14.57	0.57	1260.03	2338.11
-14.57	0.57	1259.12	2384.34
-14.57	0.57	1258.21	2323.57
-14.57	0.57	1257.3	2463.04
-14.57	0.57	1256.39	2583.27
-14.57	0.57	1255.47	2492.34
-14.57	0.57	1254.56	2423.36
-14.57	0.57	1253.65	2392.79
-14.57	0.57	1252.74	2589.68
-14.57	0.57	1251.83	2570.04
-14.57	0.57	1250.91	2380.57
-14.57	0.57	1250.0	2643.09
-14.57	0.57	1249.09	2459.14
-14.57	0.57	1248.17	2560.02
-14.57	0.57	1247.26	2302.24
-14.57	0.57	1246.35	2315.52
-14.57	0.57	1245.43	2399.95
-14.57	0.57	1244.52	2369.43
-14.57	0.57	1243.61	2289.68
-14.57	0.57	1242.69	2292.01
-14.57	0.57	1241.78	2242.38
-14.57	0.57	1240.86	2247.45
-14.57	0.57	1239.95	2042.04
-14.57	0.57	1239.03	2131.87
-14.57	0.57	1238.12	2156.09
-14.57	0.57	1237.2	2128.39
-14.57	0.57	1236.29	2065.18
-14.57	0.57	1235.37	2007.46
-14.57	0.57	1234.46	2031.68
-14.57	0.57	1233.54	2012.21
-14.57	0.57	1232.63	1995.48
-14.57	0.57	1231.71	1981.48
-14.57	0.57	1230.8	2046.63
-14.57	0.57	1229.88	2046.26
-14.57	0.57	1228.96	1999.53
-14.57	0.57	1228.05	2040.09
-14.57	0.57	1227.13	2096.99
-14.57	0.57	1226.21	2080.26
-14.57	0.57	1225.3	2000.85
-14.57	0.57	1224.38	2125.86
-14.57	0.57	1223.46	2160.91
-14.57	0.57	1222.54	2193.23
-14.57	0.57	1221.63	2053.91
-14.57	0.57	1220.71	2031.76
-14.57	0.57	1219.79	2091.31
-14.57	0.57	1218.87	2167.18
-14.57	0.57	1217.95	2063.35
-14.57	0.57	1217.03	2071.15
-14.57	0.57	1216.12	2122.49
-14.57	0.57	1215.2	2097.63
-14.57	0.57	1214.28	2040.14
-14.57	0.57	1213.36	2096.89
-14.57	0.57	1212.44	1922.49
-14.57	0.57	1211.52	1987.4
-14.57	0.57	1210.6	1984.33
-14.57	0.57	1209.68	1856.24
-14.57	0.57	1208.76	2067.86
-14.57	0.57	1207.84	1953.39
-14.57	0.57	1206.92	1963.91
-14.57	0.57	1206.0	1988.01
-14.57	0.57	1205.08	2031.1
-14.57	0.57	1204.16	2060.61
-14.57	0.57	1203.24	2027.67
-14.57	0.57	1202.31	1897.04
-14.57	0.57	1201.39	1983.54
-14.57	0.57	1200.47	2048.3
-14.57	0.57	1199.55	1936.73
-14.57	0.57	1198.63	1895.7
-14.57	0.57	1197.71	2009.25
-14.57	0.57	1196.78	2003.48
-14.57	0.57	1195.86	1873.01
-14.57	0.57	1194.94	1921.46
-14.57	0.57	1194.02	1964.48
-14.57	0.57	1193.09	1939.75
-14.57	0.57	1192.17	1993.58
-14.57	0.57	1191.25	1809.07
-14.57	0.57	1190.32	1922.47
-14.57	0.57	1189.4	1862.57
-14.57	0.57	1188.48	1772.92
-14.57	0.57	1187.55	1759.08
-14.57	0.57	1186.63	1731.71
-14.57	0.57	1185.71	1725.99
-14.57	0.57	1184.78	1731.1
-14.57	0.57	1183.86	1657.77
-14.57	0.57	1182.93	1744.0
-14.57	0.57	1182.01	1765.32
-14.57	0.57	1181.08	1743.39
-14.57	0.57	1180.16	1626.87
-14.57	0.57	1179.23	1659.01
-14.57	0.57	1178.31	1688.43
-14.57	0.57	1177.38	1653.02
-14.57	0.57	1176.46	1512.3
-14.57	0.57	1175.53	1649.73
-14.57	0.57	1174.6	1689.93
-14.57	0.57	1173.68	1573.57
-14.57	0.57	1172.75	1573.29
-14.57	0.57	1171.82	1721.41
-14.57	0.57	1170.9	1650.97
-14.57	0.57	1169.97	1569.76
-14.57	0.57	1169.04	1542.52
-14.57	0.57	1168.12	1544.94
-14.57	0.57	1167.19	1639.02
-14.57	0.57	1166.26	1541.7
-14.57	0.57	1165.33	1503.7
-14.57	0.57	1164.41	1484.57
-14.57	0.57	1163.48	1597.45
-14.57	0.57	1162.55	1570.23
-14.57	0.57	1161.62	1508.02
-14.57	0.57	1160.69	1510.44
-14.57	0.57	1159.76	1512.87
-14.57	0.57	1158.84	1485.68
-14.57	0.57	1157.91	1485.42
-14.57	0.57	1156.98	1434.04
-14.57	0.57	1156.05	1484.89
-14.57	0.57	1155.12	1481.94
-14.57	0.57	1154.19	1425.21
-14.57	0.57	1153.26	1519.05
-14.57	0.57	1152.33	1478.46
-14.57	0.57	1151.4	1542.7
-14.57	0.57	1150.47	1464.5
-14.57	0.57	1149.54	1359.46
-14.57	0.57	1148.61	1549.94
-14.57	0.57	1147.68	1498.64
-14.57	0.57	1146.75	1506.43
-14.57	0.57	1145.81	1535.69
-14.57	0.57	1144.88	1535.42
-14.57	0.57	1143.95	1532.46
-14.57	0.57	1143.02	1478.53
-14.57	0.57	1142.09	1545.34
-14.57	0.57	1141.16	1539.7
-14.57	0.57	1140.22	1523.33
-14.57	0.57	1139.29	1421.17
-14.57	0.57	1138.36	1571.05
-14.57	0.57	1137.43	1538.6
-14.57	0.57	1136.49	1583.89
-14.57	0.57	1135.56	1548.77
-14.57	0.57	1134.63	1519.03
-14.57	0.57	1133.69	1518.76
-14.57	0.57	1132.76	1572.05
-14.57	0.57	1131.83	1491.44
-14.57	0.57	1130.89	1477.79
-14.57	0.57	1129.96	1533.74
-14.57	0.57	1129.02	1600.37
-14.57	0.57	1128.09	1428.84
-14.57	0.57	1127.16	1492.79
-14.57	0.57	1126.22	1516.6
-14.57	0.57	1125.29	1494.94
-14.57	0.57	1124.35	1500.02
-14.57	0.57	1123.42	1502.43
-14.57	0.57	1122.48	1496.81
-14.57	0.57	1121.55	1480.51
-14.57	0.57	1120.61	1472.23
-14.57	0.57	1119.67	1493.34
-14.57	0.57	1118.74	1442.33
-14.57	0.57	1117.8	1479.46
-14.57	0.57	1116.87	1401.77
-14.57	0.57	1115.93	1358.8
-14.57	0.57	1114.99	1470.66
-14.57	0.57	1114.06	1449.05
-14.57	0.57	1113.12	1454.13
-14.57	0.57	1112.18	1424.53
-14.57	0.57	1111.24	1458.95
-14.57	0.57	1110.31	1477.36
-14.57	0.57	1109.37	1431.77
-14.57	0.57	1108.43	1532.81
-14.57	0.57	1107.49	1572.52
-14.57	0.57	1106.55	1526.94
-14.57	0.57	1105.62	1481.37
-14.57	0.57	1104.68	1537.05
-14.57	0.57	1103.74	1608.69
-14.57	0.57	1102.8	1605.74
-14.57	0.57	1101.86	1690.65
-14.57	0.57	1100.92	1658.4
-14.57	0.57	1099.98	1724.65
-14.57	0.57	1099.04	1538.07
-14.57	0.57	1098.1	1569.72
-14.57	0.57	1097.16	1521.56
-14.57	0.57	1096.22	1489.37
-14.57	0.57	1095.28	1404.02
-14.57	0.57	1094.34	1281.47
-14.57	0.57	1093.4	1342.38
-14.57	0.57	1092.46	1382.0
-14.57	0.57	1091.52	1339.24
-14.57	0.57	1090.58	1346.97
-14.57	0.57	1089.64	1293.61
-14.57	0.57	1088.7	1388.99
-14.57	0.57	1087.76	1250.66
-14.57	0.57	1086.81	1279.64
-14.57	0.57	1085.87	1271.45
-14.57	0.57	1084.93	1284.49
-14.57	0.57	1083.99	1305.49
-14.57	0.57	1083.05	1294.65
-14.57	0.57	1082.1	1283.81
-14.57	0.57	1081.16	1416.18
-14.57	0.57	1080.22	1349.64
-14.57	0.57	1079.28	1253.96
-14.57	0.57	1078.33	1282.89
-14.57	0.57	1077.39	1325.07
-14.57	0.57	1076.45	1269.19
-14.57	0.57	1075.5	1242.47
-14.57	0.57	1074.56	1324.36
-14.57	0.57	1073.61	1234.08
-14.57	0.57	1072.67	1268.28
-14.57	0.57	1071.73	1276.0
-14.57	0.57	1070.78	1339.29
-14.57	0.57	1069.84	1291.42
-14.57	0.57	1068.89	1243.56
-14.57	0.57	1067.95	1222.18
-14.57	0.57	1067.0	1187.58
-14.57	0.57	1066.06	1269.34
-14.57	0.57	1065.11	1181.86
-14.57	0.57	1064.16	1171.08
-14.57	0.57	1063.22	1295.09
-14.57	0.57	1062.27	1276.36
-14.57	0.57	1061.33	1204.8
-14.57	0.57	1060.38	1260.06
-14.57	0.57	1059.43	1243.99
-14.57	0.57	1058.49	1119.65
-14.57	0.57	1057.54	1227.7
-14.57	0.57	1056.59	1219.56
-14.57	0.57	1055.65	1272.13
-14.57	0.57	1054.7	1274.54
-14.57	0.57	1053.75	1184.61
-14.57	0.57	1052.8	1266.17
-14.57	0.57	1051.85	1292.32
-14.57	0.57	1050.91	1270.99
-14.57	0.57	1049.96	1291.86
-14.57	0.57	1049.01	1288.99
-14.57	0.57	1048.06	1280.85
-14.57	0.57	1047.11	1291.16
-14.57	0.57	1046.16	1285.66
-14.57	0.57	1045.21	1274.9
-14.57	0.57	1044.27	1282.57
-14.57	0.57	1043.32	1240.21
-14.57	0.57	1042.37	1205.76
-14.57	0.57	1041.42	1284.51
-14.57	0.57	1040.47	1281.65
-14.57	0.57	1039.52	1278.79
-14.57	0.57	1038.57	1223.32
-14.57	0.57	1037.62	1296.75
-14.57	0.57	1036.67	1330.7
-14.57	0.57	1035.71	1259.47
-14.57	0.57	1034.76	1235.59
-14.57	0.57	1033.81	1227.48
-14.57	0.57	1032.86	1340.26
-14.57	0.57	1031.91	1242.81
-14.57	0.57	1030.96	1211.06
-14.57	0.57	1030.01	1252.87
-14.57	0.57	1029.05	1331.43
-14.57	0.57	1028.1	1197.28
-14.57	0.57	1027.15	1191.82
-14.57	0.57	1026.2	1278.22
-14.57	0.57	1025.24	1298.98
-14.57	0.57	1024.29	1243.65
-14.57	0.57	1023.34	1214.57
-14.57	0.57	1022.39	1282.55
-14.57	0.57	1021.43	1248.23
-14.57	0.57	1020.48	1213.92
-14.57	0.57	1019.52	1195.35
-14.57	0.57	1018.57	1252.8
-14.57	0.57	1017.62	1263.06
-14.57	0.57	1016.66	1163.27
-14.57	0.57	1015.71	1149.96
-14.57	0.57	1014.75	1210.0
-14.57	0.57	1013.8	1272.62
-14.57	0.57	1012.84	1225.27
-14.57	0.57	1011.89	1235.52
-14.57	0.57	1010.93	1253.62
-14.57	0.57	1009.98	1245.55
-14.57	0.57	1009.02	1206.08
-14.57	0.57	1008.07	1234.64
-14.57	0.57	1007.11	1216.11
-14.57	0.57	1006.16	1283.87
-14.57	0.57	1005.2	1207.83
-14.57	0.57	1004.24	1207.61
-14.57	0.57	1003.29	1168.19
-14.57	0.57	1002.33	1256.82
-14.57	0.57	1001.37	1188.67
-14.57	0.57	1000.41	1188.46
-14.57	0.57	999.4580000000001	1305.77
-14.57	0.57	998.5	1190.65
-14.57	0.57	997.543	1213.93
-14.57	0.57	996.585	1260.69
-14.57	0.57	995.627	1176.96
-14.57	0.57	994.669	1197.62
-14.57	0.57	993.71	1194.79
-14.57	0.57	992.752	1254.57
-14.57	0.57	991.793	1178.72
-14.57	0.57	990.834	1217.62
-14.57	0.57	989.875	1230.43
-14.57	0.57	988.916	1170.27
-14.57	0.57	987.957	1263.87
-14.57	0.57	986.997	1198.5
-14.57	0.57	986.0369999999999	1219.13
-14.57	0.57	985.078	1190.26
-14.57	0.57	984.118	1226.5
-14.57	0.57	983.1569999999999	1179.42
-14.57	0.57	982.197	1166.19
-14.57	0.57	981.2360000000001	1163.38
-14.57	0.57	980.2760000000001	1183.99
-14.57	0.57	979.315	1228.0
-14.57	0.57	978.3539999999999	1227.78
-14.57	0.57	977.3919999999999	1274.38
-14.57	0.57	976.431	1240.34
-14.57	0.57	975.4689999999999	1167.33
-14.57	0.57	974.508	1284.09
-14.57	0.57	973.546	1296.85
-14.57	0.57	972.584	1257.64
-14.57	0.57	971.6210000000001	1267.81
-14.57	0.57	970.659	1329.92
-14.57	0.57	969.696	1295.92
-14.57	0.57	968.7330000000001	1191.82
-14.57	0.57	967.77	1240.93
-14.57	0.57	966.807	1326.37
-14.57	0.57	965.8439999999999	1310.56
-14.57	0.57	964.88	1307.73
-14.57	0.57	963.9169999999999	1208.91
-14.57	0.57	962.953	1283.91
-14.57	0.57	961.9889999999999	1213.66
-14.57	0.57	961.025	1169.37
-14.57	0.57	960.06	1187.3
-14.57	0.57	959.096	1228.56
-14.57	0.57	958.1310000000001	1262.03
-14.57	0.57	957.166	1189.25
-14.57	0.57	956.201	1170.9
-14.57	0.57	955.2360000000001	1238.03
-14.57	0.57	954.27	1139.41
-14.57	0.57	953.305	1092.6
-14.57	0.57	952.3389999999999	1164.88
-14.57	0.57	951.373	1255.26
-14.57	0.57	950.4069999999999	1195.52
-14.57	0.57	949.441	1094.4
-14.57	0.57	948.4739999999999	1187.33
-14.57	0.57	947.508	1202.63
-14.57	0.57	946.541	1205.0
-14.57	0.57	945.574	1212.54
-14.57	0.57	944.607	1129.6
-14.57	0.57	943.6389999999999	1225.02
-14.57	0.57	942.672	1160.2
-14.57	0.57	941.704	1113.49
-14.57	0.57	940.7360000000001	1164.95
-14.57	0.57	939.768	1190.57
-14.57	0.57	938.8	1167.11
-14.57	0.57	937.832	1104.94
-14.57	0.57	936.863	1143.46
-14.57	0.57	935.8939999999999	1148.42
-14.57	0.57	934.926	1114.67
-14.57	0.57	933.956	1184.12
-14.57	0.57	932.987	1227.76
-14.57	0.57	932.018	1178.54
-14.57	0.57	931.048	1204.11
-14.57	0.57	930.078	1105.93
-14.57	0.57	929.1080000000001	1201.1
-14.57	0.57	928.138	1175.11
-14.57	0.57	927.168	1110.48
-14.57	0.57	926.198	1213.33
-14.57	0.57	925.227	1267.19
-14.57	0.57	924.2560000000001	1158.81
-14.57	0.57	923.285	1215.24
-14.57	0.57	922.314	1173.84
-14.57	0.57	921.3430000000001	1276.57
-14.57	0.57	920.3710000000001	1250.61
-14.57	0.57	919.3989999999999	1186.07
-14.57	0.57	918.427	1237.3
-14.57	0.57	917.455	1285.94
-14.57	0.57	916.4830000000001	1259.99
-14.57	0.57	915.5110000000001	1149.22
-14.57	0.57	914.538	1256.97
-14.57	0.57	913.565	1259.31
-14.57	0.57	912.5930000000001	1217.97
-14.57	0.57	911.6189999999999	1176.65
-14.57	0.57	910.6460000000001	1202.12
-14.57	0.57	909.673	1212.18
-14.57	0.57	908.699	1209.39
-14.57	0.57	907.725	1191.2
-14.57	0.57	906.7510000000001	1252.59
-14.57	0.57	905.7769999999999	1198.47
-14.57	0.57	904.803	1152.07
-14.57	0.57	903.828	1185.21
-14.57	0.57	902.8539999999999	1187.56
-14.57	0.57	901.8789999999999	1125.8
-14.57	0.57	900.904	1138.41
-14.57	0.57	899.928	1151.03
-14.57	0.57	898.953	1250.78
-14.57	0.57	897.977	1176.24
-14.57	0.57	897.002	1224.7
-14.57	0.57	896.0260000000001	1242.41
-14.57	0.57	895.05	1198.65
-14.57	0.57	894.073	1208.67
-14.57	0.57	893.097	1080.44
-14.57	0.57	892.12	1198.0
-14.57	0.57	891.1439999999999	1205.46
-14.57	0.57	890.1669999999999	1225.71
-14.57	0.57	889.189	1225.49
-14.57	0.57	888.212	1243.18
-14.57	0.57	887.235	1222.49
-14.57	0.57	886.257	1176.24
-14.57	0.57	885.279	1211.82
-14.57	0.57	884.301	1272.95
-14.57	0.57	883.323	1198.6
-14.57	0.57	882.3439999999999	1124.29
-14.57	0.57	881.3660000000001	1200.73
-14.57	0.57	880.387	1325.67
-14.57	0.57	879.408	1144.11
-14.57	0.57	878.429	1174.54
-14.57	0.57	877.45	1189.64
-14.57	0.57	876.47	1260.9
-14.57	0.57	875.4910000000001	1135.62
-14.57	0.57	874.5110000000001	1127.76
-14.57	0.57	873.5310000000001	1224.5
-14.57	0.57	872.551	1198.77
-14.57	0.57	871.57	1157.75
-14.57	0.57	870.59	1157.54
-14.57	0.57	869.6089999999999	1213.41
-14.57	0.57	868.628	1213.19
-14.57	0.57	867.6469999999999	1197.68
-14.57	0.57	866.666	1248.42
-14.57	0.57	865.684	1253.29
-14.57	0.57	864.703	1207.22
-14.57	0.57	863.721	1166.26
-14.57	0.57	862.7389999999999	1183.87
-14.57	0.57	861.757	1204.02
-14.57	0.57	860.775	1241.98
-14.57	0.57	859.7919999999999	1251.93
-14.57	0.57	858.81	1233.89
-14.57	0.57	857.827	1241.3
-14.57	0.57	856.8439999999999	1248.71
-14.57	0.57	855.86	1190.0
-14.57	0.57	854.877	1332.15
-14.57	0.57	853.8939999999999	1329.36
-14.57	0.57	852.91	1255.42
-14.57	0.57	851.926	1278.06
-14.57	0.57	850.942	1270.21
-14.57	0.57	849.9580000000001	1432.54
-14.57	0.57	848.9730000000001	1279.91
-14.57	0.57	847.988	1330.46
-14.57	0.57	847.0039999999999	1304.83
-14.57	0.57	846.0189999999999	1375.66
-14.57	0.57	845.034	1319.58
-14.57	0.57	844.048	1342.18
-14.57	0.57	843.063	1425.65
-14.57	0.57	842.077	1346.76
-14.57	0.57	841.091	1343.98
-14.57	0.57	840.105	1445.15
-14.57	0.57	839.1189999999999	1437.28
-14.57	0.57	838.132	1373.66
-14.57	0.57	837.1460000000001	1337.94
-14.57	0.57	836.159	1471.97
-14.57	0.57	835.172	1433.71
-14.57	0.57	834.185	1430.92
-14.57	0.57	833.198	1309.11
-14.57	0.57	832.21	1392.42
-14.57	0.57	831.222	1432.67
-14.57	0.57	830.235	1323.58
-14.57	0.57	829.247	1358.77
-14.57	0.57	828.258	1515.37
-14.57	0.57	827.27	1396.21
-14.57	0.57	826.2810000000001	1375.73
-14.57	0.57	825.293	1458.92
-14.57	0.57	824.304	1385.34
-14.57	0.57	823.315	1301.68
-14.57	0.57	822.325	1301.44
-14.57	0.57	821.336	1288.57
-14.57	0.57	820.346	1470.22
-14.57	0.57	819.3560000000001	1348.72
-14.57	0.57	818.3660000000001	1348.48
-14.57	0.57	817.3760000000001	1484.57
-14.57	0.57	816.3860000000001	1494.4
-14.57	0.57	815.395	1393.17
-14.57	0.57	814.405	1481.24
-14.57	0.57	813.414	1440.6
-14.57	0.57	812.423	1460.52
-14.57	0.57	811.431	1422.42
-14.57	0.57	810.44	1439.81
-14.57	0.57	809.448	1500.06
-14.57	0.57	808.456	1517.43
-14.57	0.57	807.4639999999999	1423.91
-14.57	0.57	806.472	1484.12
-14.57	0.57	805.48	1521.64
-14.57	0.57	804.487	1420.61
-14.57	0.57	803.495	1375.02
-14.57	0.57	802.502	1415.06
-14.57	0.57	801.5089999999999	1356.9
-14.57	0.57	800.5160000000001	1271.07
-14.57	0.57	799.5219999999999	1275.88
-14.57	0.57	798.528	1318.42
-14.57	0.57	797.535	1260.32
-14.57	0.57	796.541	1232.42
-14.57	0.57	795.547	1219.62
-14.57	0.57	794.552	1181.69
-14.57	0.57	793.558	1214.15
-14.57	0.57	792.563	1146.07
-14.57	0.57	791.568	1198.63
-14.57	0.57	790.573	1195.9
-14.57	0.57	789.578	1200.71
-14.57	0.57	788.582	1165.33
-14.57	0.57	787.587	1190.23
-14.57	0.57	786.591	1159.88
-14.57	0.57	785.595	1194.81
-14.57	0.57	784.5989999999999	1154.44
-14.57	0.57	783.602	1219.47
-14.57	0.57	782.6060000000001	1143.98
-14.57	0.57	781.6089999999999	1148.79
-14.57	0.57	780.612	1100.93
-14.57	0.57	779.615	1178.46
-14.57	0.57	778.618	1120.59
-14.57	0.57	777.6210000000001	1147.95
-14.57	0.57	776.623	1135.21
-14.57	0.57	775.625	1147.53
-14.57	0.57	774.627	1174.88
-14.57	0.57	773.6289999999999	1114.56
-14.57	0.57	772.6310000000001	1191.98
-14.57	0.57	771.632	1214.3
-14.57	0.57	770.6339999999999	1106.44
-14.57	0.57	769.635	1173.81
-14.57	0.57	768.6360000000001	1248.67
-14.57	0.57	767.6360000000001	1223.42
-14.57	0.57	766.637	1145.65
-14.57	0.57	765.637	1160.45
-14.57	0.57	764.637	1215.25
-14.57	0.57	763.638	1200.02
-14.57	0.57	762.637	1159.81
-14.57	0.57	761.637	1259.57
-14.57	0.57	760.6360000000001	1219.36
-14.57	0.57	759.6360000000001	1209.14
-14.57	0.57	758.635	1171.45
-14.57	0.57	757.6339999999999	1211.2
-14.57	0.57	756.633	1238.44
-14.57	0.57	755.6310000000001	1115.89
-14.57	0.57	754.6289999999999	1245.48
-14.57	0.57	753.628	1145.43
-14.57	0.57	752.6260000000001	1170.17
-14.57	0.57	751.623	1182.43
-14.57	0.57	750.6210000000001	1192.19
-14.57	0.57	749.6189999999999	1271.77
-14.57	0.57	748.6160000000001	1204.22
-14.57	0.57	747.613	1136.7
-14.57	0.57	746.61	1226.21
-14.57	0.57	745.607	1258.38
-14.57	0.57	744.6030000000001	1223.27
-14.57	0.57	743.5989999999999	1255.43
-14.57	0.57	742.596	1275.12
-14.57	0.57	741.592	1235.05
-14.57	0.57	740.587	1150.18
-14.57	0.57	739.5830000000001	1254.51
-14.57	0.57	738.579	1254.28
-14.57	0.57	737.574	1273.96
-14.57	0.57	736.569	1228.94
-14.57	0.57	735.564	1338.16
-14.57	0.57	734.558	1313.05
-14.57	0.57	733.553	1297.89
-14.57	0.57	732.547	1312.57
-14.57	0.57	731.541	1419.2
-14.57	0.57	730.535	1394.09
-14.57	0.57	729.529	1277.06
-14.57	0.57	728.523	1445.75
-14.57	0.57	727.5160000000001	1455.42
-14.57	0.57	726.5089999999999	1363.27
-14.57	0.57	725.503	1303.44
-14.57	0.57	724.495	1323.06
-14.57	0.57	723.488	1360.04
-14.57	0.57	722.4810000000001	1250.61
-14.57	0.57	721.4730000000001	1270.23
-14.57	0.57	720.465	1284.88
-14.57	0.57	719.457	1232.56
-14.57	0.57	718.449	1284.41
-14.57	0.57	717.44	1256.9
-14.57	0.57	716.432	1259.15
-14.57	0.57	715.423	1211.84
-14.57	0.57	714.414	1206.66
-14.57	0.57	713.405	1352.6
-14.57	0.57	712.395	1243.37
-14.57	0.57	711.3860000000001	1270.38
-14.57	0.57	710.3760000000001	1257.77
-14.57	0.57	709.3660000000001	1203.08
-14.57	0.57	708.3560000000001	1274.63
-14.57	0.57	707.346	1217.48
-14.57	0.57	706.335	1284.06
-14.57	0.57	705.325	1296.19
-14.57	0.57	704.314	1268.75
-14.57	0.57	703.303	1211.65
-14.57	0.57	702.2919999999999	1305.37
-14.57	0.57	701.28	1342.21
-14.57	0.57	700.2689999999999	1270.29
-14.57	0.57	699.257	1321.95
-14.57	0.57	698.245	1361.23
-14.57	0.57	697.2330000000001	1316.52
-14.57	0.57	696.22	1274.3
-14.57	0.57	695.2080000000001	1335.79
-14.57	0.57	694.195	1355.3
-14.57	0.57	693.182	1214.36
-14.57	0.57	692.169	1265.96
-14.57	0.57	691.1560000000001	1297.8
-14.57	0.57	690.143	1297.56
-14.57	0.57	689.1289999999999	1213.47
-14.57	0.57	688.115	1213.25
-14.57	0.57	687.1010000000001	1257.4
-14.57	0.57	686.087	1215.27
-14.57	0.57	685.073	1227.37
-14.57	0.57	684.058	1190.18
-14.57	0.57	683.043	1192.42
-14.57	0.57	682.028	1192.2
-14.57	0.57	681.013	1201.84
-14.57	0.57	679.998	1209.0
-14.57	0.57	678.9830000000001	1265.4
-14.57	0.57	677.967	1211.02
-14.57	0.57	676.951	1166.5
-14.57	0.57	675.935	1205.65
-14.57	0.57	674.919	1207.89
-14.57	0.57	673.9019999999999	1256.86
-14.57	0.57	672.8860000000001	1246.79
-14.57	0.57	671.8689999999999	1322.78
-14.57	0.57	670.852	1278.29
-14.57	0.57	669.835	1231.36
-14.57	0.57	668.817	1250.79
-14.57	0.57	667.8	1245.65
-14.57	0.57	666.7819999999999	1242.96
-14.57	0.57	665.7639999999999	1269.75
-14.57	0.57	664.7460000000001	1269.52
-14.57	0.57	663.7280000000001	1374.85
-14.57	0.57	662.709	1308.32
-14.57	0.57	661.691	1283.54
-14.57	0.57	660.672	1275.94
-14.57	0.57	659.653	1243.82
-14.57	0.57	658.6339999999999	1182.27
-14.57	0.57	657.6139999999999	1262.98
-14.57	0.57	656.595	1223.51
-14.57	0.57	655.575	1228.19
-14.57	0.57	654.555	1235.32
-14.57	0.57	653.535	1271.85
-14.57	0.57	652.514	1357.37
-14.57	0.57	651.494	1192.99
-14.57	0.57	650.4730000000001	1224.61
-14.57	0.57	649.452	1278.26
-14.57	0.57	648.431	1300.06
-14.57	0.57	647.41	1302.27
-14.57	0.57	646.388	1238.4
-14.57	0.57	645.366	1348.28
-14.57	0.57	644.345	1330.91
-14.57	0.57	643.323	1303.75
-14.57	0.57	642.3	1440.47
-14.57	0.57	641.278	1383.97
-14.57	0.57	640.255	1329.93
-14.57	0.57	639.232	1344.35
-14.57	0.57	638.2090000000001	1397.86
-14.57	0.57	637.186	1380.5
-14.57	0.57	636.163	1282.53
-14.57	0.57	635.139	1338.47
-14.57	0.57	634.116	1350.43
-14.57	0.57	633.092	1323.33
-14.57	0.57	632.068	1340.17
-14.57	0.57	631.043	1339.92
-14.57	0.57	630.019	1378.72
-14.57	0.57	628.994	1283.32
-14.57	0.57	627.969	1283.08
-14.57	0.57	626.944	1202.36
-14.57	0.57	625.919	1246.03
-14.57	0.57	624.893	1172.66
-14.57	0.57	623.868	1238.26
-14.57	0.57	622.842	1213.66
-14.57	0.57	621.816	1181.76
-14.57	0.57	620.79	1171.8
-14.57	0.57	619.763	1186.19
-14.57	0.57	618.737	1246.86
-14.57	0.57	617.71	1173.58
-14.57	0.57	616.683	1219.62
-14.57	0.57	615.656	1248.6
-14.57	0.57	614.629	1134.0
-14.57	0.57	613.601	1172.72
-14.57	0.57	612.573	1167.63
-14.57	0.57	611.545	1191.74
-14.57	0.57	610.5169999999999	1174.5
-14.57	0.57	609.489	1271.53
-14.57	0.57	608.461	1239.69
-14.57	0.57	607.432	1176.28
-14.57	0.57	606.403	1154.19
-14.57	0.57	605.374	1224.43
-14.57	0.57	604.345	1275.21
-14.57	0.57	603.315	1211.84
-14.57	0.57	602.286	1248.03
-14.57	0.57	601.256	1272.08
-14.57	0.57	600.226	1254.85
