-9.83	21.83	1799.66	968.8439999999999
-9.83	21.83	1798.84	1005.35
-9.83	21.83	1798.03	1047.95
-9.83	21.83	1797.21	1072.21
-9.83	21.83	1796.39	1050.65
-9.83	21.83	1795.57	995.51
-9.83	21.83	1794.75	1025.87
-9.83	21.83	1793.93	1120.33
-9.83	21.83	1793.11	1062.15
-9.83	21.83	1792.29	1049.77
-9.83	21.83	1791.47	1052.64
-9.83	21.83	1790.65	1003.65
-9.83	21.83	1789.84	1046.18
-9.83	21.83	1789.02	1003.31
-9.83	21.83	1788.2	1033.64
-9.83	21.83	1787.38	1094.43
-9.83	21.83	1786.56	1164.35
-9.83	21.83	1785.73	1139.77
-9.83	21.83	1784.91	999.42
-9.83	21.83	1784.09	1118.06
-9.83	21.83	1783.27	1108.74
-9.83	21.83	1782.45	1068.96
-9.83	21.83	1781.63	1105.32
-9.83	21.83	1780.81	1089.91
-9.83	21.83	1779.99	1147.56
-9.83	21.83	1779.17	1101.71
-9.83	21.83	1778.35	1086.31
-9.83	21.83	1777.52	1086.13
-9.83	21.83	1776.7	1119.41
-9.83	21.83	1775.88	1122.26
-9.83	21.83	1775.06	1119.03
-9.83	21.83	1774.24	1112.76
-9.83	21.83	1773.41	1033.53
-9.83	21.83	1772.59	1075.91
-9.83	21.83	1771.77	1145.62
-9.83	21.83	1770.95	1099.85
-9.83	21.83	1770.12	1090.55
-9.83	21.83	1769.3	1132.89
-9.83	21.83	1768.48	1126.62
-9.83	21.83	1767.65	1080.89
-9.83	21.83	1766.83	1068.56
-9.83	21.83	1766.01	1068.38
-9.83	21.83	1765.18	1119.79
-9.83	21.83	1764.36	1110.5
-9.83	21.83	1763.53	1079.98
-9.83	21.83	1762.71	1122.26
-9.83	21.83	1761.88	1112.97
-9.83	21.83	1761.06	1194.65
-9.83	21.83	1760.24	1148.97
-9.83	21.83	1759.41	1115.44
-9.83	21.83	1758.59	1072.82
-9.83	21.83	1757.76	1115.06
-9.83	21.83	1756.94	1120.93
-9.83	21.83	1756.11	1093.48
-9.83	21.83	1755.28	1123.58
-9.83	21.83	1754.46	1162.75
-9.83	21.83	1753.63	1077.78
-9.83	21.83	1752.81	1132.09
-9.83	21.83	1751.98	1159.13
-9.83	21.83	1751.16	1177.09
-9.83	21.83	1750.33	1086.13
-9.83	21.83	1749.5	1113.17
-9.83	21.83	1748.68	1116.01
-9.83	21.83	1747.85	1094.65
-9.83	21.83	1747.02	1109.58
-9.83	21.83	1746.2	1187.99
-9.83	21.83	1745.37	1175.7
-9.83	21.83	1744.54	1163.41
-9.83	21.83	1743.71	1129.98
-9.83	21.83	1742.89	1114.68
-9.83	21.83	1742.06	1126.57
-9.83	21.83	1741.23	1126.38
-9.83	21.83	1740.4	1174.5
-9.83	21.83	1739.57	1083.74
-9.83	21.83	1738.75	1198.25
-9.83	21.83	1737.92	1125.62
-9.83	21.83	1737.09	1200.86
-9.83	21.83	1736.26	1128.25
-9.83	21.83	1735.43	1122.03
-9.83	21.83	1734.6	1070.57
-9.83	21.83	1733.77	1236.23
-9.83	21.83	1732.94	1166.68
-9.83	21.83	1732.11	1157.44
-9.83	21.83	1731.28	1133.13
-9.83	21.83	1730.45	1211.28
-9.83	21.83	1729.62	1141.79
-9.83	21.83	1728.8	1165.69
-9.83	21.83	1727.96	1126.34
-9.83	21.83	1727.13	1186.37
-9.83	21.83	1726.3	1174.13
-9.83	21.83	1725.47	1195.0
-9.83	21.83	1724.64	1143.63
-9.83	21.83	1723.81	1209.64
-9.83	21.83	1722.98	1200.41
-9.83	21.83	1722.15	1212.24
-9.83	21.83	1721.32	1157.9
-9.83	21.83	1720.49	1241.9
-9.83	21.83	1719.66	1148.48
-9.83	21.83	1718.82	1220.43
-9.83	21.83	1717.99	1187.16
-9.83	21.83	1717.16	1102.82
-9.83	21.83	1716.33	1192.77
-9.83	21.83	1715.5	1225.61
-9.83	21.83	1714.66	1231.41
-9.83	21.83	1713.83	1153.12
-9.83	21.83	1713.0	1149.93
-9.83	21.83	1712.17	1152.73
-9.83	21.83	1711.33	1212.56
-9.83	21.83	1710.5	1275.38
-9.83	21.83	1709.67	1224.15
-9.83	21.83	1708.83	1307.94
-9.83	21.83	1708.0	1268.73
-9.83	21.83	1707.17	1217.53
-9.83	21.83	1706.33	1199.33
-9.83	21.83	1705.5	1202.13
-9.83	21.83	1704.66	1180.94
-9.83	21.83	1703.83	1279.64
-9.83	21.83	1703.0	1159.57
-9.83	21.83	1702.16	1189.33
-9.83	21.83	1701.33	1216.08
-9.83	21.83	1700.49	1263.79
-9.83	21.83	1699.66	1257.59
-9.83	21.83	1698.82	1257.37
-9.83	21.83	1697.99	1218.25
-9.83	21.83	1697.15	1280.89
-9.83	21.83	1696.32	1256.73
-9.83	21.83	1695.48	1313.36
-9.83	21.83	1694.64	1208.45
-9.83	21.83	1693.81	1342.82
-9.83	21.83	1692.97	1279.8
-9.83	21.83	1692.14	1267.62
-9.83	21.83	1691.3	1255.45
-9.83	21.83	1690.46	1285.12
-9.83	21.83	1689.63	1302.83
-9.83	21.83	1688.79	1269.75
-9.83	21.83	1687.95	1263.56
-9.83	21.83	1687.12	1296.19
-9.83	21.83	1686.28	1272.09
-9.83	21.83	1685.44	1358.45
-9.83	21.83	1684.6	1388.07
-9.83	21.83	1683.77	1274.42
-9.83	21.83	1682.93	1330.9
-9.83	21.83	1682.09	1402.28
-9.83	21.83	1681.25	1315.53
-9.83	21.83	1680.41	1300.39
-9.83	21.83	1679.58	1335.96
-9.83	21.83	1678.74	1395.36
-9.83	21.83	1677.9	1380.22
-9.83	21.83	1677.06	1344.22
-9.83	21.83	1676.22	1305.25
-9.83	21.83	1675.38	1299.07
-9.83	21.83	1674.54	1397.15
-9.83	21.83	1673.7	1376.06
-9.83	21.83	1672.86	1334.14
-9.83	21.83	1672.02	1366.66
-9.83	21.83	1671.18	1411.08
-9.83	21.83	1670.34	1446.56
-9.83	21.83	1669.5	1413.58
-9.83	21.83	1668.66	1356.8
-9.83	21.83	1667.82	1371.45
-9.83	21.83	1666.98	1487.22
-9.83	21.83	1666.14	1433.43
-9.83	21.83	1665.3	1373.72
-9.83	21.83	1664.46	1400.24
-9.83	21.83	1663.62	1388.11
-9.83	21.83	1662.78	1477.03
-9.83	21.83	1661.94	1441.12
-9.83	21.83	1661.1	1420.08
-9.83	21.83	1660.25	1482.22
-9.83	21.83	1659.41	1446.33
-9.83	21.83	1658.57	1496.56
-9.83	21.83	1657.73	1484.43
-9.83	21.83	1656.89	1469.33
-9.83	21.83	1656.04	1546.25
-9.83	21.83	1655.2	1545.98
-9.83	21.83	1654.36	1513.08
-9.83	21.83	1653.52	1503.93
-9.83	21.83	1652.67	1577.81
-9.83	21.83	1651.83	1607.2
-9.83	21.83	1650.99	1612.85
-9.83	21.83	1650.14	1526.61
-9.83	21.83	1649.3	1603.41
-9.83	21.83	1648.46	1671.29
-9.83	21.83	1647.61	1638.42
-9.83	21.83	1646.77	1620.36
-9.83	21.83	1645.92	1620.09
-9.83	21.83	1645.08	1708.65
-9.83	21.83	1644.24	1809.02
-9.83	21.83	1643.39	1770.23
-9.83	21.83	1642.55	1630.82
-9.83	21.83	1641.7	1787.38
-9.83	21.83	1640.86	1819.62
-9.83	21.83	1640.01	1816.35
-9.83	21.83	1639.17	1745.06
-9.83	21.83	1638.32	1718.14
-9.83	21.83	1637.48	1776.98
-9.83	21.83	1636.63	1853.54
-9.83	21.83	1635.78	1826.62
-9.83	21.83	1634.94	1823.36
-9.83	21.83	1634.09	1876.23
-9.83	21.83	1633.25	1929.08
-9.83	21.83	1632.4	1869.68
-9.83	21.83	1631.55	1860.5
-9.83	21.83	1630.71	1987.15
-9.83	21.83	1629.86	2078.32
-9.83	21.83	1629.01	1995.32
-9.83	21.83	1628.16	1921.2
-9.83	21.83	1627.32	1976.94
-9.83	21.83	1626.47	2127.05
-9.83	21.83	1625.62	2100.14
-9.83	21.83	1624.77	1993.62
-9.83	21.83	1623.93	1999.17
-9.83	21.83	1623.08	2131.5
-9.83	21.83	1622.23	2293.25
-9.83	21.83	1621.38	2133.71
-9.83	21.83	1620.53	2127.45
-9.83	21.83	1619.69	2153.61
-9.83	21.83	1618.84	2244.55
-9.83	21.83	1617.99	2335.46
-9.83	21.83	1617.14	2305.62
-9.83	21.83	1616.29	2187.46
-9.83	21.83	1615.44	2245.96
-9.83	21.83	1614.59	2386.84
-9.83	21.83	1613.74	2301.1
-9.83	21.83	1612.89	2200.67
-9.83	21.83	1612.04	2250.3
-9.83	21.83	1611.19	2261.68
-9.83	21.83	1610.34	2302.46
-9.83	21.83	1609.49	2319.71
-9.83	21.83	1608.64	2334.01
-9.83	21.83	1607.79	2404.15
-9.83	21.83	1606.94	2280.32
-9.83	21.83	1606.09	2312.24
-9.83	21.83	1605.24	2350.03
-9.83	21.83	1604.39	2340.82
-9.83	21.83	1603.54	2352.17
-9.83	21.83	1602.68	2387.0
-9.83	21.83	1601.83	2398.33
-9.83	21.83	1600.98	2374.44
-9.83	21.83	1600.13	2400.44
-9.83	21.83	1599.28	2397.1
-9.83	21.83	1598.42	2332.15
-9.83	21.83	1597.57	2352.28
-9.83	21.83	1596.72	2416.39
-9.83	21.83	1595.87	2383.72
-9.83	21.83	1595.01	2310.03
-9.83	21.83	1594.16	2333.08
-9.83	21.83	1593.31	2408.87
-9.83	21.83	1592.45	2426.04
-9.83	21.83	1591.6	2346.53
-9.83	21.83	1590.75	2272.9
-9.83	21.83	1589.89	2369.15
-9.83	21.83	1589.04	2444.87
-9.83	21.83	1588.19	2380.05
-9.83	21.83	1587.33	2315.24
-9.83	21.83	1586.48	2352.89
-9.83	21.83	1585.62	2329.08
-9.83	21.83	1584.77	2393.04
-9.83	21.83	1583.91	2354.61
-9.83	21.83	1583.06	2298.64
-9.83	21.83	1582.2	2283.62
-9.83	21.83	1581.35	2446.94
-9.83	21.83	1580.49	2364.68
-9.83	21.83	1579.64	2294.14
-9.83	21.83	1578.78	2358.02
-9.83	21.83	1577.93	2340.09
-9.83	21.83	1577.07	2351.37
-9.83	21.83	1576.21	2251.67
-9.83	21.83	1575.36	2330.13
-9.83	21.83	1574.5	2294.69
-9.83	21.83	1573.65	2329.33
-9.83	21.83	1572.79	2328.93
-9.83	21.83	1571.93	2138.86
-9.83	21.83	1571.08	2298.95
-9.83	21.83	1570.22	2213.96
-9.83	21.83	1569.36	2277.75
-9.83	21.83	1568.5	2233.62
-9.83	21.83	1567.65	2233.23
-9.83	21.83	1566.79	2224.1
-9.83	21.83	1565.93	2261.61
-9.83	21.83	1565.07	2369.04
-9.83	21.83	1564.21	2150.12
-9.83	21.83	1563.36	2269.18
-9.83	21.83	1562.5	2204.72
-9.83	21.83	1561.64	2268.4
-9.83	21.83	1560.78	2186.49
-9.83	21.83	1559.92	2223.96
-9.83	21.83	1559.06	2246.86
-9.83	21.83	1558.2	2252.29
-9.83	21.83	1557.34	2056.97
-9.83	21.83	1556.49	2207.88
-9.83	21.83	1555.63	2169.69
-9.83	21.83	1554.77	2227.48
-9.83	21.83	1553.91	2081.72
-9.83	21.83	1553.05	2136.6
-9.83	21.83	1552.19	2095.54
-9.83	21.83	1551.33	2147.49
-9.83	21.83	1550.47	2059.95
-9.83	21.83	1549.6	1995.69
-9.83	21.83	1548.74	2111.52
-9.83	21.83	1547.88	2015.33
-9.83	21.83	1547.02	2165.96
-9.83	21.83	1546.16	1947.87
-9.83	21.83	1545.3	2052.02
-9.83	21.83	1544.44	2066.18
-9.83	21.83	1543.58	2022.3
-9.83	21.83	1542.71	2019.05
-9.83	21.83	1541.85	1954.9
-9.83	21.83	1540.99	2012.56
-9.83	21.83	1540.13	2104.99
-9.83	21.83	1539.27	2049.55
-9.83	21.83	1538.4	1863.7
-9.83	21.83	1537.54	1909.74
-9.83	21.83	1536.68	2025.31
-9.83	21.83	1535.81	1995.99
-9.83	21.83	1534.95	2018.82
-9.83	21.83	1534.09	2021.37
-9.83	21.83	1533.23	1928.37
-9.83	21.83	1532.36	2069.89
-9.83	21.83	1531.5	1971.12
-9.83	21.83	1530.63	1933.16
-9.83	21.83	1529.77	2022.52
-9.83	21.83	1528.91	1990.35
-9.83	21.83	1528.04	2068.1
-9.83	21.83	1527.18	1900.01
-9.83	21.83	1526.31	2000.89
-9.83	21.83	1525.45	2205.8
-9.83	21.83	1524.58	2179.41
-9.83	21.83	1523.72	1962.28
-9.83	21.83	1522.85	2060.19
-9.83	21.83	1521.99	2175.39
-9.83	21.83	1521.12	2079.7
-9.83	21.83	1520.26	2073.56
-9.83	21.83	1519.39	1995.24
-9.83	21.83	1518.52	2052.64
-9.83	21.83	1517.66	2058.06
-9.83	21.83	1516.79	2109.65
-9.83	21.83	1515.93	2011.18
-9.83	21.83	1515.06	2051.22
-9.83	21.83	1514.19	1996.06
-9.83	21.83	1513.33	2033.21
-9.83	21.83	1512.46	1957.89
-9.83	21.83	1511.59	2035.39
-9.83	21.83	1510.72	1983.15
-9.83	21.83	1509.86	1919.41
-9.83	21.83	1508.99	1939.25
-9.83	21.83	1508.12	1973.48
-9.83	21.83	1507.25	2076.84
-9.83	21.83	1506.38	2044.8
-9.83	21.83	1505.52	1937.91
-9.83	21.83	1504.65	1963.48
-9.83	21.83	1503.78	1922.85
-9.83	21.83	1502.91	1965.68
-9.83	21.83	1502.04	1971.1
-9.83	21.83	1501.17	1930.48
-9.83	21.83	1500.3	1987.68
-9.83	21.83	1499.44	2067.86
-9.83	21.83	1498.57	2033.0
-9.83	21.83	1497.7	2041.27
-9.83	21.83	1496.83	1960.43
-9.83	21.83	1495.96	1945.73
-9.83	21.83	1495.09	2045.96
-9.83	21.83	1494.22	2028.37
-9.83	21.83	1493.35	1964.82
-9.83	21.83	1492.48	1904.17
-9.83	21.83	1491.61	2090.49
-9.83	21.83	1490.73	2078.65
-9.83	21.83	1489.86	2084.03
-9.83	21.83	1488.99	1980.35
-9.83	21.83	1488.12	2114.87
-9.83	21.83	1487.25	2194.84
-9.83	21.83	1486.38	2108.41
-9.83	21.83	1485.51	2053.55
-9.83	21.83	1484.63	2285.47
-9.83	21.83	1483.76	2207.66
-9.83	21.83	1482.89	2144.21
-9.83	21.83	1482.02	2112.32
-9.83	21.83	1481.15	2149.2
-9.83	21.83	1480.27	2398.1
-9.83	21.83	1479.4	2200.02
-9.83	21.83	1478.53	2208.23
-9.83	21.83	1477.65	2336.72
-9.83	21.83	1476.78	2407.89
-9.83	21.83	1475.91	2364.53
-9.83	21.83	1475.03	2418.5
-9.83	21.83	1474.16	2380.88
-9.83	21.83	1473.29	2480.61
-9.83	21.83	1472.41	2488.76
-9.83	21.83	1471.54	2405.39
-9.83	21.83	1470.67	2379.24
-9.83	21.83	1469.79	2410.27
-9.83	21.83	1468.92	2418.43
-9.83	21.83	1468.04	2409.44
-9.83	21.83	1467.17	2386.16
-9.83	21.83	1466.29	2482.89
-9.83	21.83	1465.42	2496.75
-9.83	21.83	1464.54	2433.48
-9.83	21.83	1463.67	2278.85
-9.83	21.83	1462.79	2412.65
-9.83	21.83	1461.91	2423.65
-9.83	21.83	1461.04	2377.56
-9.83	21.83	1460.16	2354.32
-9.83	21.83	1459.29	2231.22
-9.83	21.83	1458.41	2282.19
-9.83	21.83	1457.53	2335.98
-9.83	21.83	1456.66	2324.17
-9.83	21.83	1455.78	2195.46
-9.83	21.83	1454.9	2294.86
-9.83	21.83	1454.03	2342.91
-9.83	21.83	1453.15	2128.78
-9.83	21.83	1452.27	2171.15
-9.83	21.83	1451.39	2279.02
-9.83	21.83	1450.52	2227.36
-9.83	21.83	1449.64	2295.32
-9.83	21.83	1448.76	2166.79
-9.83	21.83	1447.88	2135.1
-9.83	21.83	1447.0	2291.28
-9.83	21.83	1446.13	2188.43
-9.83	21.83	1445.25	2099.85
-9.83	21.83	1444.37	2224.66
-9.83	21.83	1443.49	2286.84
-9.83	21.83	1442.61	2275.07
-9.83	21.83	1441.73	2271.83
-9.83	21.83	1440.85	2248.7
-9.83	21.83	1439.97	2381.9
-9.83	21.83	1439.09	2387.17
-9.83	21.83	1438.21	2210.59
-9.83	21.83	1437.33	2301.11
-9.83	21.83	1436.45	2400.13
-9.83	21.83	1435.57	2331.55
-9.83	21.83	1434.69	2490.16
-9.83	21.83	1433.81	2288.16
-9.83	21.83	1432.93	2424.01
-9.83	21.83	1432.05	2369.67
-9.83	21.83	1431.17	2332.37
-9.83	21.83	1430.29	2215.65
-9.83	21.83	1429.41	2266.32
-9.83	21.83	1428.52	2365.18
-9.83	21.83	1427.64	2310.9
-9.83	21.83	1426.76	2270.81
-9.83	21.83	1425.88	2227.9
-9.83	21.83	1425.0	2284.19
-9.83	21.83	1424.11	2402.8
-9.83	21.83	1423.23	2187.07
-9.83	21.83	1422.35	2198.02
-9.83	21.83	1421.47	2393.05
-9.83	21.83	1420.58	2341.67
-9.83	21.83	1419.7	2284.64
-9.83	21.83	1418.82	2236.12
-9.83	21.83	1417.93	2334.79
-9.83	21.83	1417.05	2365.51
-9.83	21.83	1416.17	2268.91
-9.83	21.83	1415.28	2155.37
-9.83	21.83	1414.4	2239.84
-9.83	21.83	1413.51	2242.28
-9.83	21.83	1412.63	2151.42
-9.83	21.83	1411.75	2021.02
-9.83	21.83	1410.86	2077.19
-9.83	21.83	1409.98	2280.27
-9.83	21.83	1409.09	2183.82
-9.83	21.83	1408.21	2155.2
-9.83	21.83	1407.32	2120.93
-9.83	21.83	1406.44	2162.92
-9.83	21.83	1405.55	2238.77
-9.83	21.83	1404.66	2167.81
-9.83	21.83	1403.78	2099.7
-9.83	21.83	1402.89	2203.74
-9.83	21.83	1402.01	2209.0
-9.83	21.83	1401.12	2092.96
-9.83	21.83	1400.23	2055.94
-9.83	21.83	1399.35	2064.04
-9.83	21.83	1398.46	2337.14
-9.83	21.83	1397.57	2184.53
-9.83	21.83	1396.69	2102.42
-9.83	21.83	1395.8	2279.57
-9.83	21.83	1394.91	2234.1
-9.83	21.83	1394.02	2233.71
-9.83	21.83	1393.14	2041.81
-9.83	21.83	1392.25	2165.35
-9.83	21.83	1391.36	2229.72
-9.83	21.83	1390.47	2327.85
-9.83	21.83	1389.58	2228.95
-9.83	21.83	1388.7	2110.38
-9.83	21.83	1387.81	2228.17
-9.83	21.83	1386.92	2329.05
-9.83	21.83	1386.03	2345.51
-9.83	21.83	1385.14	2322.61
-9.83	21.83	1384.25	2372.81
-9.83	21.83	1383.36	2470.78
-9.83	21.83	1382.47	2355.12
-9.83	21.83	1381.58	2382.81
-9.83	21.83	1380.69	2452.63
-9.83	21.83	1379.8	2469.06
-9.83	21.83	1378.91	2373.14
-9.83	21.83	1378.02	2392.38
-9.83	21.83	1377.13	2560.41
-9.83	21.83	1376.24	2655.4
-9.83	21.83	1375.35	2520.23
-9.83	21.83	1374.46	2469.28
-9.83	21.83	1373.57	2412.74
-9.83	21.83	1372.68	2586.23
-9.83	21.83	1371.78	2602.6
-9.83	21.83	1370.89	2551.68
-9.83	21.83	1370.0	2565.25
-9.83	21.83	1369.11	2648.9
-9.83	21.83	1368.22	2547.54
-9.83	21.83	1367.33	2474.24
-9.83	21.83	1366.43	2608.29
-9.83	21.83	1365.54	2672.26
-9.83	21.83	1364.65	2556.96
-9.83	21.83	1363.76	2494.92
-9.83	21.83	1362.86	2578.47
-9.83	21.83	1361.97	2620.01
-9.83	21.83	1361.08	2644.74
-9.83	21.83	1360.18	2658.27
-9.83	21.83	1359.29	2596.25
-9.83	21.83	1358.4	2685.31
-9.83	21.83	1357.5	2701.62
-9.83	21.83	1356.61	2681.58
-9.83	21.83	1355.71	2681.11
-9.83	21.83	1354.82	2661.07
-9.83	21.83	1353.92	2797.55
-9.83	21.83	1353.03	2696.47
-9.83	21.83	1352.13	2760.25
-9.83	21.83	1351.24	2846.36
-9.83	21.83	1350.34	3005.06
-9.83	21.83	1349.45	2987.78
-9.83	21.83	1348.55	2830.91
-9.83	21.83	1347.66	2833.21
-9.83	21.83	1346.76	3072.73
-9.83	21.83	1345.87	3125.21
-9.83	21.83	1344.97	2965.64
-9.83	21.83	1344.07	3009.75
-9.83	21.83	1343.18	3087.31
-9.83	21.83	1342.28	3209.46
-9.83	21.83	1341.38	3108.54
-9.83	21.83	1340.49	3049.46
-9.83	21.83	1339.59	3079.58
-9.83	21.83	1338.69	3182.14
-9.83	21.83	1337.8	3036.71
-9.83	21.83	1336.9	3008.33
-9.83	21.83	1336.0	3088.57
-9.83	21.83	1335.1	3168.78
-9.83	21.83	1334.2	3026.24
-9.83	21.83	1333.31	3086.95
-9.83	21.83	1332.41	3094.75
-9.83	21.83	1331.51	3052.47
-9.83	21.83	1330.61	3193.83
-9.83	21.83	1329.71	3095.91
-9.83	21.83	1328.81	3006.37
-9.83	21.83	1327.91	3117.07
-9.83	21.83	1327.02	3144.33
-9.83	21.83	1326.12	2926.97
-9.83	21.83	1325.22	3029.28
-9.83	21.83	1324.32	3151.01
-9.83	21.83	1323.42	3097.68
-9.83	21.83	1322.52	3049.91
-9.83	21.83	1321.62	2916.07
-9.83	21.83	1320.72	3157.14
-9.83	21.83	1319.82	3062.19
-9.83	21.83	1318.91	3072.76
-9.83	21.83	1318.01	2952.88
-9.83	21.83	1317.11	3152.15
-9.83	21.83	1316.21	2974.04
-9.83	21.83	1315.31	3059.51
-9.83	21.83	1314.41	2898.12
-9.83	21.83	1313.51	2947.53
-9.83	21.83	1312.61	3071.77
-9.83	21.83	1311.7	3049.05
-9.83	21.83	1310.8	2968.15
-9.83	21.83	1309.9	2862.33
-9.83	21.83	1309.0	3030.83
-9.83	21.83	1308.09	2916.73
-9.83	21.83	1307.19	2990.99
-9.83	21.83	1306.29	2924.01
-9.83	21.83	1305.39	2948.42
-9.83	21.83	1304.48	2917.45
-9.83	21.83	1303.58	2892.03
-9.83	21.83	1302.68	2885.99
-9.83	21.83	1301.77	2996.15
-9.83	21.83	1300.87	2832.42
-9.83	21.83	1299.96	2773.85
-9.83	21.83	1299.06	2751.24
-9.83	21.83	1298.16	2955.34
-9.83	21.83	1297.25	2949.29
-9.83	21.83	1296.35	2758.09
-9.83	21.83	1295.44	2655.37
-9.83	21.83	1294.54	2729.49
-9.83	21.83	1293.63	2886.46
-9.83	21.83	1292.73	2720.25
-9.83	21.83	1291.82	2755.67
-9.83	21.83	1290.92	2810.4
-9.83	21.83	1290.01	2873.39
-9.83	21.83	1289.1	2699.02
-9.83	21.83	1288.2	2629.57
-9.83	21.83	1287.29	2714.63
-9.83	21.83	1286.39	2763.8
-9.83	21.83	1285.48	2749.53
-9.83	21.83	1284.57	2677.35
-9.83	21.83	1283.67	2621.75
-9.83	21.83	1282.76	2717.76
-9.83	21.83	1281.85	2664.92
-9.83	21.83	1280.94	2526.68
-9.83	21.83	1280.04	2551.03
-9.83	21.83	1279.13	2641.48
-9.83	21.83	1278.22	2649.28
-9.83	21.83	1277.31	2445.06
-9.83	21.83	1276.41	2538.23
-9.83	21.83	1275.5	2587.33
-9.83	21.83	1274.59	2498.81
-9.83	21.83	1273.68	2382.81
-9.83	21.83	1272.77	2506.18
-9.83	21.83	1271.86	2522.25
-9.83	21.83	1270.95	2494.3
-9.83	21.83	1270.04	2386.63
-9.83	21.83	1269.13	2366.97
-9.83	21.83	1268.23	2503.98
-9.83	21.83	1267.32	2503.54
-9.83	21.83	1266.41	2376.71
-9.83	21.83	1265.5	2469.69
-9.83	21.83	1264.59	2573.63
-9.83	21.83	1263.67	2501.78
-9.83	21.83	1262.76	2424.46
-9.83	21.83	1261.85	2371.87
-9.83	21.83	1260.94	2511.44
-9.83	21.83	1260.03	2530.21
-9.83	21.83	1259.12	2318.49
-9.83	21.83	1258.21	2394.89
-9.83	21.83	1257.3	2410.93
-9.83	21.83	1256.39	2424.22
-9.83	21.83	1255.47	2292.18
-9.83	21.83	1254.56	2338.38
-9.83	21.83	1253.65	2491.46
-9.83	21.83	1252.74	2491.02
-9.83	21.83	1251.83	2249.47
-9.83	21.83	1250.91	2339.48
-9.83	21.83	1250.0	2380.15
-9.83	21.83	1249.09	2401.64
-9.83	21.83	1248.17	2305.38
-9.83	21.83	1247.26	2140.73
-9.83	21.83	1246.35	2331.94
-9.83	21.83	1245.43	2257.65
-9.83	21.83	1244.52	2240.83
-9.83	21.83	1243.61	2191.2
-9.83	21.83	1242.69	2212.69
-9.83	21.83	1241.78	2266.99
-9.83	21.83	1240.86	2190.04
-9.83	21.83	1239.95	2175.98
-9.83	21.83	1239.03	2167.4
-9.83	21.83	1238.12	2167.02
-9.83	21.83	1237.2	2142.05
-9.83	21.83	1236.29	2133.47
-9.83	21.83	1235.37	2122.17
-9.83	21.83	1234.46	2211.91
-9.83	21.83	1233.54	2216.99
-9.83	21.83	1232.63	1981.83
-9.83	21.83	1231.71	2117.95
-9.83	21.83	1230.8	2204.9
-9.83	21.83	1229.88	2098.1
-9.83	21.83	1228.96	2034.99
-9.83	21.83	1228.05	2067.36
-9.83	21.83	1227.13	2094.27
-9.83	21.83	1226.21	2053.0
-9.83	21.83	1225.3	1919.07
-9.83	21.83	1224.38	2044.1
-9.83	21.83	1223.46	1978.34
-9.83	21.83	1222.54	2043.38
-9.83	21.83	1221.63	1958.57
-9.83	21.83	1220.71	1988.19
-9.83	21.83	1219.79	2113.1
-9.83	21.83	1218.87	1979.32
-9.83	21.83	1217.95	1880.97
-9.83	21.83	1217.03	1967.73
-9.83	21.83	1216.12	2000.04
-9.83	21.83	1215.2	1975.2
-9.83	21.83	1214.28	1936.77
-9.83	21.83	1213.36	1982.66
-9.83	21.83	1212.44	2001.35
-9.83	21.83	1211.52	2011.87
-9.83	21.83	1210.6	1940.84
-9.83	21.83	1209.68	1970.39
-9.83	21.83	1208.76	1912.98
-9.83	21.83	1207.84	1947.96
-9.83	21.83	1206.92	1909.59
-9.83	21.83	1206.0	2036.89
-9.83	21.83	1205.08	2126.14
-9.83	21.83	1204.16	2033.46
-9.83	21.83	1203.24	1984.24
-9.83	21.83	1202.31	1929.61
-9.83	21.83	1201.39	2040.52
-9.83	21.83	1200.47	2075.43
-9.83	21.83	1199.55	2004.54
-9.83	21.83	1198.63	1968.93
-9.83	21.83	1197.71	2144.83
-9.83	21.83	1196.78	2214.94
-9.83	21.83	1195.86	2081.73
-9.83	21.83	1194.94	2132.85
-9.83	21.83	1194.02	2164.99
-9.83	21.83	1193.09	2175.45
-9.83	21.83	1192.17	2212.98
-9.83	21.83	1191.25	2134.05
-9.83	21.83	1190.32	2177.0
-9.83	21.83	1189.4	2268.66
-9.83	21.83	1188.48	2203.3
-9.83	21.83	1187.55	2200.2
-9.83	21.83	1186.63	2329.69
-9.83	21.83	1185.71	2318.46
-9.83	21.83	1184.78	2274.77
-9.83	21.83	1183.86	2233.8
-9.83	21.83	1182.93	2355.08
-9.83	21.83	1182.01	2341.15
-9.83	21.83	1181.08	2383.98
-9.83	21.83	1180.16	2256.54
-9.83	21.83	1179.23	2383.13
-9.83	21.83	1178.31	2390.82
-9.83	21.83	1177.38	2422.81
-9.83	21.83	1176.46	2452.08
-9.83	21.83	1175.53	2500.25
-9.83	21.83	1174.6	2594.29
-9.83	21.83	1173.68	2556.05
-9.83	21.83	1172.75	2507.02
-9.83	21.83	1171.82	2619.9
-9.83	21.83	1170.9	2595.15
-9.83	21.83	1169.97	2567.72
-9.83	21.83	1169.04	2551.09
-9.83	21.83	1168.12	2574.9
-9.83	21.83	1167.19	2687.66
-9.83	21.83	1166.26	2573.99
-9.83	21.83	1165.33	2401.06
-9.83	21.83	1164.41	2449.14
-9.83	21.83	1163.48	2424.46
-9.83	21.83	1162.55	2286.67
-9.83	21.83	1161.62	2270.1
-9.83	21.83	1160.69	2272.39
-9.83	21.83	1159.76	2212.77
-9.83	21.83	1158.84	2056.27
-9.83	21.83	1157.91	2090.89
-9.83	21.83	1156.98	2165.85
-9.83	21.83	1156.05	2152.02
-9.83	21.83	1155.12	2076.33
-9.83	21.83	1154.19	1965.71
-9.83	21.83	1153.26	1957.3
-9.83	21.83	1152.33	1919.31
-9.83	21.83	1151.4	2077.55
-9.83	21.83	1150.47	2023.43
-9.83	21.83	1149.54	1966.65
-9.83	21.83	1148.61	1942.13
-9.83	21.83	1147.68	1931.04
-9.83	21.83	1146.75	1879.68
-9.83	21.83	1145.81	1951.83
-9.83	21.83	1144.88	1913.91
-9.83	21.83	1143.95	1948.46
-9.83	21.83	1143.02	1859.56
-9.83	21.83	1142.09	1867.28
-9.83	21.83	1141.16	1904.5
-9.83	21.83	1140.22	1845.16
-9.83	21.83	1139.29	1812.66
-9.83	21.83	1138.36	1868.64
-9.83	21.83	1137.43	1887.07
-9.83	21.83	1136.49	1792.93
-9.83	21.83	1135.56	1752.42
-9.83	21.83	1134.63	1859.27
-9.83	21.83	1133.69	1875.01
-9.83	21.83	1132.76	1791.66
-9.83	21.83	1131.83	1775.27
-9.83	21.83	1130.89	1815.12
-9.83	21.83	1129.96	1959.33
-9.83	21.83	1129.02	1878.7
-9.83	21.83	1128.09	1776.69
-9.83	21.83	1127.16	1784.4
-9.83	21.83	1126.22	1912.47
-9.83	21.83	1125.29	1992.36
-9.83	21.83	1124.35	1823.55
-9.83	21.83	1123.42	1930.16
-9.83	21.83	1122.48	1999.32
-9.83	21.83	1121.55	1964.22
-9.83	21.83	1120.61	1931.81
-9.83	21.83	1119.67	1904.75
-9.83	21.83	1118.74	1976.53
-9.83	21.83	1117.8	1952.14
-9.83	21.83	1116.87	1826.3
-9.83	21.83	1115.93	2007.51
-9.83	21.83	1114.99	1927.08
-9.83	21.83	1114.06	1996.12
-9.83	21.83	1113.12	1947.74
-9.83	21.83	1112.18	1883.37
-9.83	21.83	1111.24	1883.03
-9.83	21.83	1110.31	1848.03
-9.83	21.83	1109.37	1823.7
-9.83	21.83	1108.43	1738.08
-9.83	21.83	1107.49	1857.7
-9.83	21.83	1106.55	1734.79
-9.83	21.83	1105.62	1742.48
-9.83	21.83	1104.68	1686.23
-9.83	21.83	1103.74	1744.52
-9.83	21.83	1102.8	1760.19
-9.83	21.83	1101.86	1703.96
-9.83	21.83	1100.92	1772.87
-9.83	21.83	1099.98	1740.62
-9.83	21.83	1099.04	1684.42
-9.83	21.83	1098.1	1625.59
-9.83	21.83	1097.16	1619.98
-9.83	21.83	1096.22	1659.59
-9.83	21.83	1095.28	1600.79
-9.83	21.83	1094.34	1651.02
-9.83	21.83	1093.4	1621.49
-9.83	21.83	1092.46	1687.64
-9.83	21.83	1091.52	1602.31
-9.83	21.83	1090.58	1554.2
-9.83	21.83	1089.64	1665.49
-9.83	21.83	1088.7	1705.03
-9.83	21.83	1087.76	1609.13
-9.83	21.83	1086.81	1579.64
-9.83	21.83	1085.87	1698.81
-9.83	21.83	1084.93	1695.85
-9.83	21.83	1083.99	1637.17
-9.83	21.83	1083.05	1695.25
-9.83	21.83	1082.1	1729.43
-9.83	21.83	1081.16	1792.77
-9.83	21.83	1080.22	1731.46
-9.83	21.83	1079.28	1709.94
-9.83	21.83	1078.33	1797.11
-9.83	21.83	1077.39	1918.69
-9.83	21.83	1076.45	1942.2
-9.83	21.83	1075.5	2018.68
-9.83	21.83	1074.56	2042.16
-9.83	21.83	1073.61	2092.11
-9.83	21.83	1072.67	2020.25
-9.83	21.83	1071.73	2038.42
-9.83	21.83	1070.78	2022.17
-9.83	21.83	1069.84	2069.45
-9.83	21.83	1068.89	1963.24
-9.83	21.83	1067.95	1822.68
-9.83	21.83	1067.0	1891.13
-9.83	21.83	1066.06	1890.79
-9.83	21.83	1065.11	1729.17
-9.83	21.83	1064.16	1720.93
-9.83	21.83	1063.22	1757.62
-9.83	21.83	1062.27	1693.89
-9.83	21.83	1061.33	1614.32
-9.83	21.83	1060.38	1717.06
-9.83	21.83	1059.43	1714.11
-9.83	21.83	1058.49	1634.58
-9.83	21.83	1057.54	1573.57
-9.83	21.83	1056.59	1721.11
-9.83	21.83	1055.65	1633.71
-9.83	21.83	1054.7	1678.28
-9.83	21.83	1053.75	1609.38
-9.83	21.83	1052.8	1643.38
-9.83	21.83	1051.85	1690.56
-9.83	21.83	1050.91	1687.62
-9.83	21.83	1049.96	1674.14
-9.83	21.83	1049.01	1708.11
-9.83	21.83	1048.06	1852.76
-9.83	21.83	1047.11	1757.56
-9.83	21.83	1046.16	1717.73
-9.83	21.83	1045.21	1835.96
-9.83	21.83	1044.27	1880.4
-9.83	21.83	1043.32	1953.79
-9.83	21.83	1042.37	1887.63
-9.83	21.83	1041.42	1974.15
-9.83	21.83	1040.47	1923.8
-9.83	21.83	1039.52	1849.78
-9.83	21.83	1038.57	1933.63
-9.83	21.83	1037.62	1954.33
-9.83	21.83	1036.67	1975.02
-9.83	21.83	1035.71	1893.15
-9.83	21.83	1034.76	1950.65
-9.83	21.83	1033.81	1845.16
-9.83	21.83	1032.86	1965.72
-9.83	21.83	1031.91	1810.34
-9.83	21.83	1030.96	1736.46
-9.83	21.83	1030.01	1741.41
-9.83	21.83	1029.05	1861.89
-9.83	21.83	1028.1	1656.76
-9.83	21.83	1027.15	1648.59
-9.83	21.83	1026.2	1661.42
-9.83	21.83	1025.24	1742.47
-9.83	21.83	1024.29	1624.09
-9.83	21.83	1023.34	1552.97
-9.83	21.83	1022.39	1531.71
-9.83	21.83	1021.43	1641.58
-9.83	21.83	1020.48	1531.16
-9.83	21.83	1019.52	1512.54
-9.83	21.83	1018.57	1645.94
-9.83	21.83	1017.62	1546.06
-9.83	21.83	1016.66	1566.75
-9.83	21.83	1015.71	1514.08
-9.83	21.83	1014.75	1584.52
-9.83	21.83	1013.8	1597.33
-9.83	21.83	1012.84	1523.73
-9.83	21.83	1011.89	1486.81
-9.83	21.83	1010.93	1596.47
-9.83	21.83	1009.98	1580.48
-9.83	21.83	1009.02	1493.86
-9.83	21.83	1008.07	1459.59
-9.83	21.83	1007.11	1553.48
-9.83	21.83	1006.16	1527.05
-9.83	21.83	1005.2	1526.78
-9.83	21.83	1004.24	1612.76
-9.83	21.83	1003.29	1547.14
-9.83	21.83	1002.33	1531.18
-9.83	21.83	1001.37	1486.5
-9.83	21.83	1000.41	1533.25
-9.83	21.83	999.4580000000001	1538.19
-9.83	21.83	998.5	1587.53
-9.83	21.83	997.543	1464.54
-9.83	21.83	996.585	1547.81
-9.83	21.83	995.627	1576.23
-9.83	21.83	994.669	1542.03
-9.83	21.83	993.71	1531.32
-9.83	21.83	992.752	1549.3
-9.83	21.83	991.793	1551.63
-9.83	21.83	990.834	1452.28
-9.83	21.83	989.875	1566.72
-9.83	21.83	988.916	1545.58
-9.83	21.83	987.957	1568.76
-9.83	21.83	986.997	1615.38
-9.83	21.83	986.0369999999999	1419.71
-9.83	21.83	985.078	1575.73
-9.83	21.83	984.118	1580.65
-9.83	21.83	983.1569999999999	1564.75
-9.83	21.83	982.197	1637.35
-9.83	21.83	981.2360000000001	1663.09
-9.83	21.83	980.2760000000001	1704.42
-9.83	21.83	979.315	1568.83
-9.83	21.83	978.3539999999999	1662.19
-9.83	21.83	977.3919999999999	1776.32
-9.83	21.83	976.431	1684.99
-9.83	21.83	975.4689999999999	1614.5
-9.83	21.83	974.508	1629.8
-9.83	21.83	973.546	1626.91
-9.83	21.83	972.584	1725.36
-9.83	21.83	971.6210000000001	1543.19
-9.83	21.83	970.659	1524.73
-9.83	21.83	969.696	1628.34
-9.83	21.83	968.7330000000001	1591.69
-9.83	21.83	967.77	1459.01
-9.83	21.83	966.807	1526.23
-9.83	21.83	965.8439999999999	1577.86
-9.83	21.83	964.88	1567.2
-9.83	21.83	963.9169999999999	1439.8
-9.83	21.83	962.953	1548.48
-9.83	21.83	961.9889999999999	1524.86
-9.83	21.83	961.025	1470.13
-9.83	21.83	960.06	1436.17
-9.83	21.83	959.096	1477.38
-9.83	21.83	958.1310000000001	1497.85
-9.83	21.83	957.166	1461.3
-9.83	21.83	956.201	1492.13
-9.83	21.83	955.2360000000001	1566.97
-9.83	21.83	954.27	1520.07
-9.83	21.83	953.305	1411.06
-9.83	21.83	952.3389999999999	1465.17
-9.83	21.83	951.373	1475.25
-9.83	21.83	950.4069999999999	1526.74
-9.83	21.83	949.441	1469.55
-9.83	21.83	948.4739999999999	1526.19
-9.83	21.83	947.508	1598.33
-9.83	21.83	946.541	1440.31
-9.83	21.83	945.574	1499.51
-9.83	21.83	944.607	1494.07
-9.83	21.83	943.6389999999999	1506.73
-9.83	21.83	942.672	1377.26
-9.83	21.83	941.704	1485.52
-9.83	21.83	940.7360000000001	1505.91
-9.83	21.83	939.768	1544.38
-9.83	21.83	938.8	1551.85
-9.83	21.83	937.832	1543.82
-9.83	21.83	936.863	1569.36
-9.83	21.83	935.8939999999999	1471.01
-9.83	21.83	934.926	1468.16
-9.83	21.83	933.956	1555.61
-9.83	21.83	932.987	1529.54
-9.83	21.83	932.018	1565.36
-9.83	21.83	931.048	1420.69
-9.83	21.83	930.078	1407.55
-9.83	21.83	929.1080000000001	1494.93
-9.83	21.83	928.138	1484.35
-9.83	21.83	927.168	1466.04
-9.83	21.83	926.198	1455.48
-9.83	21.83	925.227	1571.12
-9.83	21.83	924.2560000000001	1485.85
-9.83	21.83	923.285	1521.63
-9.83	21.83	922.314	1526.5
-9.83	21.83	921.3430000000001	1531.38
-9.83	21.83	920.3710000000001	1500.22
-9.83	21.83	919.3989999999999	1438.2
-9.83	21.83	918.427	1468.81
-9.83	21.83	917.455	1566.28
-9.83	21.83	916.4830000000001	1545.42
-9.83	21.83	915.5110000000001	1468.01
-9.83	21.83	914.538	1547.43
-9.83	21.83	913.565	1531.73
-9.83	21.83	912.5930000000001	1492.91
-9.83	21.83	911.6189999999999	1374.47
-9.83	21.83	910.6460000000001	1518.06
-9.83	21.83	909.673	1504.95
-9.83	21.83	908.699	1461.02
-9.83	21.83	907.725	1429.95
-9.83	21.83	906.7510000000001	1550.33
-9.83	21.83	905.7769999999999	1503.86
-9.83	21.83	904.803	1434.31
-9.83	21.83	903.828	1416.09
-9.83	21.83	902.8539999999999	1433.79
-9.83	21.83	901.8789999999999	1515.6
-9.83	21.83	900.904	1392.25
-9.83	21.83	899.928	1561.19
-9.83	21.83	898.953	1525.03
-9.83	21.83	897.977	1491.44
-9.83	21.83	897.002	1445.05
-9.83	21.83	896.0260000000001	1457.6
-9.83	21.83	895.05	1513.68
-9.83	21.83	894.073	1523.65
-9.83	21.83	893.097	1531.05
-9.83	21.83	892.12	1510.3
-9.83	21.83	891.1439999999999	1520.26
-9.83	21.83	890.1669999999999	1420.19
-9.83	21.83	889.189	1455.75
-9.83	21.83	888.212	1529.67
-9.83	21.83	887.235	1406.63
-9.83	21.83	886.257	1531.67
-9.83	21.83	885.279	1477.71
-9.83	21.83	884.301	1490.22
-9.83	21.83	883.323	1520.62
-9.83	21.83	882.3439999999999	1474.35
-9.83	21.83	881.3660000000001	1499.63
-9.83	21.83	880.387	1524.9
-9.83	21.83	879.408	1493.98
-9.83	21.83	878.429	1529.46
-9.83	21.83	877.45	1498.54
-9.83	21.83	876.47	1618.24
-9.83	21.83	875.4910000000001	1508.21
-9.83	21.83	874.5110000000001	1456.91
-9.83	21.83	873.5310000000001	1566.34
-9.83	21.83	872.551	1502.29
-9.83	21.83	871.57	1461.21
-9.83	21.83	870.59	1455.85
-9.83	21.83	869.6089999999999	1511.67
-9.83	21.83	868.628	1549.63
-9.83	21.83	867.6469999999999	1490.74
-9.83	21.83	866.666	1485.37
-9.83	21.83	865.684	1622.66
-9.83	21.83	864.703	1533.22
-9.83	21.83	863.721	1433.63
-9.83	21.83	862.7389999999999	1494.48
-9.83	21.83	861.757	1450.93
-9.83	21.83	860.775	1534.66
-9.83	21.83	859.7919999999999	1498.75
-9.83	21.83	858.81	1531.55
-9.83	21.83	857.827	1579.61
-9.83	21.83	856.8439999999999	1457.25
-9.83	21.83	855.86	1451.9
-9.83	21.83	854.877	1474.51
-9.83	21.83	853.8939999999999	1484.41
-9.83	21.83	852.91	1456.19
-9.83	21.83	851.926	1516.91
-9.83	21.83	850.942	1501.39
-9.83	21.83	849.9580000000001	1450.32
-9.83	21.83	848.9730000000001	1470.37
-9.83	21.83	847.988	1426.94
-9.83	21.83	847.0039999999999	1566.3
-9.83	21.83	846.0189999999999	1527.95
-9.83	21.83	845.034	1520.06
-9.83	21.83	844.048	1430.98
-9.83	21.83	843.063	1537.26
-9.83	21.83	842.077	1488.79
-9.83	21.83	841.091	1366.8
-9.83	21.83	840.105	1488.25
-9.83	21.83	839.1189999999999	1485.45
-9.83	21.83	838.132	1568.81
-9.83	21.83	837.1460000000001	1413.96
-9.83	21.83	836.159	1474.5
-9.83	21.83	835.172	1540.1
-9.83	21.83	834.185	1435.98
-9.83	21.83	833.198	1402.8
-9.83	21.83	832.21	1488.62
-9.83	21.83	831.222	1521.26
-9.83	21.83	830.235	1490.61
-9.83	21.83	829.247	1475.16
-9.83	21.83	828.258	1581.15
-9.83	21.83	827.27	1540.39
-9.83	21.83	826.2810000000001	1489.53
-9.83	21.83	825.293	1532.24
-9.83	21.83	824.304	1486.46
-9.83	21.83	823.315	1539.27
-9.83	21.83	822.325	1473.28
-9.83	21.83	821.336	1467.96
-9.83	21.83	820.346	1470.22
-9.83	21.83	819.3560000000001	1464.9
-9.83	21.83	818.3660000000001	1421.71
-9.83	21.83	817.3760000000001	1497.19
-9.83	21.83	816.3860000000001	1459.06
-9.83	21.83	815.395	1446.17
-9.83	21.83	814.405	1488.81
-9.83	21.83	813.414	1556.66
-9.83	21.83	812.423	1553.85
-9.83	21.83	811.431	1437.55
-9.83	21.83	810.44	1459.99
-9.83	21.83	809.448	1492.49
-9.83	21.83	808.456	1464.5
-9.83	21.83	807.4639999999999	1451.63
-9.83	21.83	806.472	1489.16
-9.83	21.83	805.48	1496.45
-9.83	21.83	804.487	1546.55
-9.83	21.83	803.495	1470.72
-9.83	21.83	802.502	1634.11
-9.83	21.83	801.5089999999999	1568.36
-9.83	21.83	800.5160000000001	1495.09
-9.83	21.83	799.5219999999999	1527.53
-9.83	21.83	798.528	1514.67
-9.83	21.83	797.535	1569.74
-9.83	21.83	796.541	1453.75
-9.83	21.83	795.547	1493.72
-9.83	21.83	794.552	1521.11
-9.83	21.83	793.558	1518.32
-9.83	21.83	792.563	1382.32
-9.83	21.83	791.568	1502.69
-9.83	21.83	790.573	1535.07
-9.83	21.83	789.578	1542.33
-9.83	21.83	788.582	1471.73
-9.83	21.83	787.587	1519.17
-9.83	21.83	786.591	1496.3
-9.83	21.83	785.595	1418.21
-9.83	21.83	784.5989999999999	1523.36
-9.83	21.83	783.602	1568.25
-9.83	21.83	782.6060000000001	1505.24
-9.83	21.83	781.6089999999999	1457.31
-9.83	21.83	780.612	1434.47
-9.83	21.83	779.615	1537.01
-9.83	21.83	778.618	1418.91
-9.83	21.83	777.6210000000001	1458.75
-9.83	21.83	776.623	1435.93
-9.83	21.83	775.625	1560.95
-9.83	21.83	774.627	1440.42
-9.83	21.83	773.6289999999999	1510.29
-9.83	21.83	772.6310000000001	1417.36
-9.83	21.83	771.632	1509.73
-9.83	21.83	770.6339999999999	1486.93
-9.83	21.83	769.635	1451.62
-9.83	21.83	768.6360000000001	1466.37
-9.83	21.83	767.6360000000001	1488.62
-9.83	21.83	766.637	1368.28
-9.83	21.83	765.637	1480.57
-9.83	21.83	764.637	1507.81
-9.83	21.83	763.638	1455.03
-9.83	21.83	762.637	1462.26
-9.83	21.83	761.637	1469.49
-9.83	21.83	760.6360000000001	1474.22
-9.83	21.83	759.6360000000001	1468.96
-9.83	21.83	758.635	1421.23
-9.83	21.83	757.6339999999999	1450.94
-9.83	21.83	756.633	1445.68
-9.83	21.83	755.6310000000001	1485.36
-9.83	21.83	754.6289999999999	1392.74
-9.83	21.83	753.628	1524.74
-9.83	21.83	752.6260000000001	1444.62
-9.83	21.83	751.623	1406.94
-9.83	21.83	750.6210000000001	1449.08
-9.83	21.83	749.6189999999999	1383.98
-9.83	21.83	748.6160000000001	1515.87
-9.83	21.83	747.613	1478.2
-9.83	21.83	746.61	1497.87
-9.83	21.83	745.607	1512.55
-9.83	21.83	744.6030000000001	1432.55
-9.83	21.83	743.5989999999999	1536.9
-9.83	21.83	742.596	1643.71
-9.83	21.83	741.592	1561.24
-9.83	21.83	740.587	1555.98
-9.83	21.83	739.5830000000001	1520.84
-9.83	21.83	738.579	1555.41
-9.83	21.83	737.574	1537.71
-9.83	21.83	736.569	1524.99
-9.83	21.83	735.564	1534.66
-9.83	21.83	734.558	1571.68
-9.83	21.83	733.553	1603.71
-9.83	21.83	732.547	1533.81
-9.83	21.83	731.541	1590.7
-9.83	21.83	730.535	1602.83
-9.83	21.83	729.529	1547.88
-9.83	21.83	728.523	1584.86
-9.83	21.83	727.5160000000001	1606.92
-9.83	21.83	726.5089999999999	1472.53
-9.83	21.83	725.503	1492.13
-9.83	21.83	724.495	1558.87
-9.83	21.83	723.488	1585.89
-9.83	21.83	722.4810000000001	1511.16
-9.83	21.83	721.4730000000001	1481.11
-9.83	21.83	720.465	1609.82
-9.83	21.83	719.457	1616.97
-9.83	21.83	718.449	1522.45
-9.83	21.83	717.44	1693.23
-9.83	21.83	716.432	1695.39
-9.83	21.83	715.423	1657.91
-9.83	21.83	714.414	1677.43
-9.83	21.83	713.405	1687.03
-9.83	21.83	712.395	1627.28
-9.83	21.83	711.3860000000001	1572.5
-9.83	21.83	710.3760000000001	1540.02
-9.83	21.83	709.3660000000001	1599.15
-9.83	21.83	708.3560000000001	1653.31
-9.83	21.83	707.346	1482.26
-9.83	21.83	706.335	1524.05
-9.83	21.83	705.325	1610.35
-9.83	21.83	704.314	1545.75
-9.83	21.83	703.303	1463.87
-9.83	21.83	702.2919999999999	1483.38
-9.83	21.83	701.28	1502.88
-9.83	21.83	700.2689999999999	1527.32
-9.83	21.83	699.257	1524.57
-9.83	21.83	698.245	1578.64
-9.83	21.83	697.2330000000001	1486.96
-9.83	21.83	696.22	1464.46
-9.83	21.83	695.2080000000001	1491.35
-9.83	21.83	694.195	1473.79
-9.83	21.83	693.182	1574.72
-9.83	21.83	692.169	1463.38
-9.83	21.83	691.1560000000001	1490.25
-9.83	21.83	690.143	1482.58
-9.83	21.83	689.1289999999999	1531.63
-9.83	21.83	688.115	1415.45
-9.83	21.83	687.1010000000001	1577.92
-9.83	21.83	686.087	1624.46
-9.83	21.83	685.073	1449.18
-9.83	21.83	684.058	1495.73
-9.83	21.83	683.043	1547.19
-9.83	21.83	682.028	1692.24
-9.83	21.83	681.013	1507.22
-9.83	21.83	679.998	1583.28
-9.83	21.83	678.9830000000001	1587.91
-9.83	21.83	677.967	1560.54
-9.83	21.83	676.951	1513.5
-9.83	21.83	675.935	1668.23
-9.83	21.83	674.919	1594.12
-9.83	21.83	673.9019999999999	1569.23
-9.83	21.83	672.8860000000001	1635.34
-9.83	21.83	671.8689999999999	1684.22
-9.83	21.83	670.852	1678.99
-9.83	21.83	669.835	1634.44
-9.83	21.83	668.817	1678.37
-9.83	21.83	667.8	1648.58
-9.83	21.83	666.7819999999999	1645.82
-9.83	21.83	665.7639999999999	1552.19
-9.83	21.83	664.7460000000001	1630.48
-9.83	21.83	663.7280000000001	1635.09
-9.83	21.83	662.709	1585.7
-9.83	21.83	661.691	1671.3
-9.83	21.83	660.672	1656.27
-9.83	21.83	659.653	1609.36
-9.83	21.83	658.6339999999999	1542.83
-9.83	21.83	657.6139999999999	1645.55
-9.83	21.83	656.595	1669.77
-9.83	21.83	655.575	1622.88
-9.83	21.83	654.555	1598.07
-9.83	21.83	653.535	1678.65
-9.83	21.83	652.514	1668.54
-9.83	21.83	651.494	1638.83
-9.83	21.83	650.4730000000001	1550.36
-9.83	21.83	649.452	1623.54
-9.83	21.83	648.431	1554.69
-9.83	21.83	647.41	1490.75
-9.83	21.83	646.388	1612.85
-9.83	21.83	645.366	1597.87
-9.83	21.83	644.345	1578.01
-9.83	21.83	643.323	1587.5
-9.83	21.83	642.3	1552.97
-9.83	21.83	641.278	1618.7
-9.83	21.83	640.255	1598.85
-9.83	21.83	639.232	1618.1
-9.83	21.83	638.2090000000001	1634.91
-9.83	21.83	637.186	1637.06
-9.83	21.83	636.163	1595.22
-9.83	21.83	635.139	1590.04
-9.83	21.83	634.116	1638.59
-9.83	21.83	633.092	1640.73
-9.83	21.83	632.068	1581.84
-9.83	21.83	631.043	1647.45
-9.83	21.83	630.019	1661.79
-9.83	21.83	628.994	1600.49
-9.83	21.83	627.969	1612.39
-9.83	21.83	626.944	1570.63
-9.83	21.83	625.919	1582.53
-9.83	21.83	624.893	1589.55
-9.83	21.83	623.868	1667.26
-9.83	21.83	622.842	1664.52
-9.83	21.83	621.816	1559.43
-9.83	21.83	620.79	1603.0
-9.83	21.83	619.763	1634.37
-9.83	21.83	618.737	1607.28
-9.83	21.83	617.71	1572.89
-9.83	21.83	616.683	1618.85
-9.83	21.83	615.656	1613.69
-9.83	21.83	614.629	1567.15
-9.83	21.83	613.601	1576.6
-9.83	21.83	612.573	1581.17
-9.83	21.83	611.545	1683.03
-9.83	21.83	610.5169999999999	1536.82
-9.83	21.83	609.489	1585.16
-9.83	21.83	608.461	1599.45
-9.83	21.83	607.432	1550.55
-9.83	21.83	606.403	1628.02
-9.83	21.83	605.374	1642.29
-9.83	21.83	604.345	1693.0
-9.83	21.83	603.315	1619.83
-9.83	21.83	602.286	1546.69
-9.83	21.83	601.256	1643.51
-9.83	21.83	600.226	1631.07
