-14.57	-11.43	1799.66	351.473
-14.57	-11.43	1798.84	348.358
-14.57	-11.43	1798.03	372.741
-14.57	-11.43	1797.21	372.67800000000005
-14.57	-11.43	1796.39	354.29
-14.57	-11.43	1795.57	369.499
-14.57	-11.43	1794.75	357.224
-14.57	-11.43	1793.93	354.111
-14.57	-11.43	1793.11	405.93800000000005
-14.57	-11.43	1792.29	387.559
-14.57	-11.43	1791.47	332.57300000000004
-14.57	-11.43	1790.65	378.277
-14.57	-11.43	1789.84	369.06199999999995
-14.57	-11.43	1789.02	344.603
-14.57	-11.43	1788.2	390.281
-14.57	-11.43	1787.38	374.972
-14.57	-11.43	1786.56	377.957
-14.57	-11.43	1785.73	350.466
-14.57	-11.43	1784.91	374.782
-14.57	-11.43	1784.09	392.99800000000005
-14.57	-11.43	1783.27	338.10400000000004
-14.57	-11.43	1782.45	380.68300000000005
-14.57	-11.43	1781.63	420.20300000000003
-14.57	-11.43	1780.81	359.244
-14.57	-11.43	1779.99	356.139
-14.57	-11.43	1779.17	380.426
-14.57	-11.43	1778.35	422.962
-14.57	-11.43	1777.52	365.085
-14.57	-11.43	1776.7	358.94
-14.57	-11.43	1775.88	355.838
-14.57	-11.43	1775.06	404.431
-14.57	-11.43	1774.24	377.0
-14.57	-11.43	1773.41	352.61800000000005
-14.57	-11.43	1772.59	379.912
-14.57	-11.43	1771.77	385.925
-14.57	-11.43	1770.95	376.745
-14.57	-11.43	1770.12	391.87
-14.57	-11.43	1769.3	364.468
-14.57	-11.43	1768.48	361.37
-14.57	-11.43	1767.65	415.961
-14.57	-11.43	1766.83	355.176
-14.57	-11.43	1766.01	403.67900000000003
-14.57	-11.43	1765.18	376.29900000000004
-14.57	-11.43	1764.36	354.996
-14.57	-11.43	1763.53	385.272
-14.57	-11.43	1762.71	385.207
-14.57	-11.43	1761.88	351.783
-14.57	-11.43	1761.06	379.01300000000003
-14.57	-11.43	1760.24	366.82199999999995
-14.57	-11.43	1759.41	400.102
-14.57	-11.43	1758.59	406.095
-14.57	-11.43	1757.76	360.57599999999996
-14.57	-11.43	1756.94	415.046
-14.57	-11.43	1756.11	387.715
-14.57	-11.43	1755.28	408.849
-14.57	-11.43	1754.46	351.24699999999996
-14.57	-11.43	1753.63	323.941
-14.57	-11.43	1752.81	408.64099999999996
-14.57	-11.43	1751.98	408.57199999999995
-14.57	-11.43	1751.16	366.139
-14.57	-11.43	1750.33	423.56
-14.57	-11.43	1749.5	417.439
-14.57	-11.43	1748.68	417.36800000000005
-14.57	-11.43	1747.85	405.202
-14.57	-11.43	1747.02	386.99300000000005
-14.57	-11.43	1746.2	408.087
-14.57	-11.43	1745.37	383.839
-14.57	-11.43	1744.54	432.124
-14.57	-11.43	1743.71	341.41
-14.57	-11.43	1742.89	413.852
-14.57	-11.43	1742.06	383.579
-14.57	-11.43	1741.23	437.87
-14.57	-11.43	1740.4	371.37199999999996
-14.57	-11.43	1739.57	419.60900000000004
-14.57	-11.43	1738.75	398.41
-14.57	-11.43	1737.92	386.272
-14.57	-11.43	1737.09	407.327
-14.57	-11.43	1736.26	368.04
-14.57	-11.43	1735.43	389.091
-14.57	-11.43	1734.6	389.025
-14.57	-11.43	1733.77	370.86800000000005
-14.57	-11.43	1732.94	379.849
-14.57	-11.43	1732.11	373.75699999999995
-14.57	-11.43	1731.28	388.76099999999997
-14.57	-11.43	1730.45	382.66900000000004
-14.57	-11.43	1729.62	388.629
-14.57	-11.43	1728.8	376.515
-14.57	-11.43	1727.96	409.579
-14.57	-11.43	1727.13	409.509
-14.57	-11.43	1726.3	394.38699999999994
-14.57	-11.43	1725.47	415.39
-14.57	-11.43	1724.64	370.176
-14.57	-11.43	1723.81	415.249
-14.57	-11.43	1722.98	433.23
-14.57	-11.43	1722.15	385.028
-14.57	-11.43	1721.32	393.985
-14.57	-11.43	1720.49	354.827
-14.57	-11.43	1719.66	387.838
-14.57	-11.43	1718.82	414.82599999999996
-14.57	-11.43	1717.99	414.756
-14.57	-11.43	1717.16	369.611
-14.57	-11.43	1716.33	426.63300000000004
-14.57	-11.43	1715.5	441.58
-14.57	-11.43	1714.66	408.467
-14.57	-11.43	1713.83	417.407
-14.57	-11.43	1713.0	369.29699999999997
-14.57	-11.43	1712.17	402.255
-14.57	-11.43	1711.33	429.2
-14.57	-11.43	1710.5	399.11800000000005
-14.57	-11.43	1709.67	405.051
-14.57	-11.43	1708.83	428.981
-14.57	-11.43	1708.0	431.907
-14.57	-11.43	1707.17	356.86300000000006
-14.57	-11.43	1706.33	422.765
-14.57	-11.43	1705.5	386.72
-14.57	-11.43	1704.66	410.63199999999995
-14.57	-11.43	1703.83	446.524
-14.57	-11.43	1703.0	410.49300000000005
-14.57	-11.43	1702.16	419.41
-14.57	-11.43	1701.33	437.311
-14.57	-11.43	1700.49	452.21
-14.57	-11.43	1699.66	416.202
-14.57	-11.43	1698.82	413.13699999999994
-14.57	-11.43	1697.99	454.972
-14.57	-11.43	1697.15	424.968
-14.57	-11.43	1696.32	475.76300000000003
-14.57	-11.43	1695.48	448.75699999999995
-14.57	-11.43	1694.64	397.83
-14.57	-11.43	1693.81	391.781
-14.57	-11.43	1692.97	412.64599999999996
-14.57	-11.43	1692.14	445.462
-14.57	-11.43	1691.3	394.57
-14.57	-11.43	1690.46	454.276
-14.57	-11.43	1689.63	463.163
-14.57	-11.43	1688.79	436.19599999999997
-14.57	-11.43	1687.95	376.379
-14.57	-11.43	1687.12	456.95300000000003
-14.57	-11.43	1686.28	453.89
-14.57	-11.43	1685.44	474.712
-14.57	-11.43	1684.6	426.869
-14.57	-11.43	1683.77	379.043
-14.57	-11.43	1682.93	438.66
-14.57	-11.43	1682.09	417.7
-14.57	-11.43	1681.25	462.375
-14.57	-11.43	1680.41	390.715
-14.57	-11.43	1679.58	408.541
-14.57	-11.43	1678.74	485.991
-14.57	-11.43	1677.9	411.38300000000004
-14.57	-11.43	1677.06	438.13699999999994
-14.57	-11.43	1676.22	438.06199999999995
-14.57	-11.43	1675.38	435.00800000000004
-14.57	-11.43	1674.54	443.871
-14.57	-11.43	1673.7	425.925
-14.57	-11.43	1672.86	434.786
-14.57	-11.43	1672.02	437.689
-14.57	-11.43	1671.18	455.477
-14.57	-11.43	1670.34	449.44599999999997
-14.57	-11.43	1669.5	446.39300000000003
-14.57	-11.43	1668.66	449.293
-14.57	-11.43	1667.82	464.091
-14.57	-11.43	1666.98	452.11400000000003
-14.57	-11.43	1666.14	446.089
-14.57	-11.43	1665.3	472.774
-14.57	-11.43	1664.46	484.585
-14.57	-11.43	1663.62	478.55699999999996
-14.57	-11.43	1662.78	499.279
-14.57	-11.43	1661.94	508.108
-14.57	-11.43	1661.1	427.80699999999996
-14.57	-11.43	1660.25	484.171
-14.57	-11.43	1659.41	478.149
-14.57	-11.43	1658.57	475.098
-14.57	-11.43	1657.73	507.67400000000004
-14.57	-11.43	1656.89	498.68300000000005
-14.57	-11.43	1656.04	489.694
-14.57	-11.43	1655.2	507.415
-14.57	-11.43	1654.36	468.759
-14.57	-11.43	1653.52	542.837
-14.57	-11.43	1652.67	477.49699999999996
-14.57	-11.43	1651.83	596.0269999999999
-14.57	-11.43	1650.99	509.94599999999997
-14.57	-11.43	1650.14	492.074
-14.57	-11.43	1649.3	480.134
-14.57	-11.43	1648.46	500.795
-14.57	-11.43	1647.61	515.524
-14.57	-11.43	1646.77	530.247
-14.57	-11.43	1645.92	536.08
-14.57	-11.43	1645.08	559.679
-14.57	-11.43	1644.24	589.19
-14.57	-11.43	1643.39	559.487
-14.57	-11.43	1642.55	565.311
-14.57	-11.43	1641.7	606.644
-14.57	-11.43	1640.86	609.499
-14.57	-11.43	1640.01	612.3530000000001
-14.57	-11.43	1639.17	553.094
-14.57	-11.43	1638.32	641.716
-14.57	-11.43	1637.48	662.303
-14.57	-11.43	1636.63	647.409
-14.57	-11.43	1635.78	650.254
-14.57	-11.43	1634.94	656.053
-14.57	-11.43	1634.09	723.8989999999999
-14.57	-11.43	1633.25	623.3330000000001
-14.57	-11.43	1632.4	700.0219999999999
-14.57	-11.43	1631.55	673.324
-14.57	-11.43	1630.71	679.1139999999999
-14.57	-11.43	1629.86	717.3760000000001
-14.57	-11.43	1629.01	776.2860000000001
-14.57	-11.43	1628.16	723.033
-14.57	-11.43	1627.32	725.86
-14.57	-11.43	1626.47	710.985
-14.57	-11.43	1625.62	740.36
-14.57	-11.43	1624.77	719.5889999999999
-14.57	-11.43	1623.93	719.466
-14.57	-11.43	1623.08	778.305
-14.57	-11.43	1622.23	807.648
-14.57	-11.43	1621.38	842.8760000000001
-14.57	-11.43	1620.53	716.0269999999999
-14.57	-11.43	1619.69	801.342
-14.57	-11.43	1618.84	727.564
-14.57	-11.43	1617.99	753.946
-14.57	-11.43	1617.14	759.706
-14.57	-11.43	1616.29	738.967
-14.57	-11.43	1615.44	753.559
-14.57	-11.43	1614.59	806.405
-14.57	-11.43	1613.74	788.6110000000001
-14.57	-11.43	1612.89	776.7080000000001
-14.57	-11.43	1612.04	814.816
-14.57	-11.43	1611.19	814.676
-14.57	-11.43	1610.34	843.942
-14.57	-11.43	1609.49	776.176
-14.57	-11.43	1608.64	793.681
-14.57	-11.43	1607.79	822.935
-14.57	-11.43	1606.94	796.347
-14.57	-11.43	1606.09	737.45
-14.57	-11.43	1605.24	831.325
-14.57	-11.43	1604.39	842.931
-14.57	-11.43	1603.54	813.421
-14.57	-11.43	1602.68	783.921
-14.57	-11.43	1601.83	842.497
-14.57	-11.43	1600.98	798.327
-14.57	-11.43	1600.13	848.077
-14.57	-11.43	1599.28	847.932
-14.57	-11.43	1598.42	756.8480000000001
-14.57	-11.43	1597.57	791.914
-14.57	-11.43	1596.72	815.238
-14.57	-11.43	1595.87	829.7589999999999
-14.57	-11.43	1595.01	829.6160000000001
-14.57	-11.43	1594.16	794.302
-14.57	-11.43	1593.31	791.235
-14.57	-11.43	1592.45	843.84
-14.57	-11.43	1591.6	817.329
-14.57	-11.43	1590.75	784.97
-14.57	-11.43	1589.89	837.548
-14.57	-11.43	1589.04	849.117
-14.57	-11.43	1588.19	851.8989999999999
-14.57	-11.43	1587.33	781.505
-14.57	-11.43	1586.48	796.003
-14.57	-11.43	1585.62	763.681
-14.57	-11.43	1584.77	798.655
-14.57	-11.43	1583.91	801.443
-14.57	-11.43	1583.06	745.7410000000001
-14.57	-11.43	1582.2	728.069
-14.57	-11.43	1581.35	771.796
-14.57	-11.43	1580.49	768.74
-14.57	-11.43	1579.64	710.159
-14.57	-11.43	1578.78	780.164
-14.57	-11.43	1577.93	753.737
-14.57	-11.43	1577.07	788.659
-14.57	-11.43	1576.21	724.2739999999999
-14.57	-11.43	1575.36	692.03
-14.57	-11.43	1574.5	782.414
-14.57	-11.43	1573.65	750.171
-14.57	-11.43	1572.79	764.635
-14.57	-11.43	1571.93	685.7189999999999
-14.57	-11.43	1571.08	679.7660000000001
-14.57	-11.43	1570.22	708.819
-14.57	-11.43	1569.36	711.613
-14.57	-11.43	1568.5	676.5
-14.57	-11.43	1567.65	737.6080000000001
-14.57	-11.43	1566.79	737.4810000000001
-14.57	-11.43	1565.93	696.552
-14.57	-11.43	1565.07	676.035
-14.57	-11.43	1564.21	638.044
-14.57	-11.43	1563.36	684.541
-14.57	-11.43	1562.5	678.5989999999999
-14.57	-11.43	1561.64	701.7769999999999
-14.57	-11.43	1560.78	649.251
-14.57	-11.43	1559.92	713.18
-14.57	-11.43	1559.06	698.505
-14.57	-11.43	1558.2	727.4839999999999
-14.57	-11.43	1557.34	698.265
-14.57	-11.43	1556.49	715.5980000000001
-14.57	-11.43	1555.63	683.482
-14.57	-11.43	1554.77	735.7080000000001
-14.57	-11.43	1553.91	633.821
-14.57	-11.43	1553.05	735.455
-14.57	-11.43	1552.19	694.638
-14.57	-11.43	1551.33	729.39
-14.57	-11.43	1550.47	659.534
-14.57	-11.43	1549.6	650.705
-14.57	-11.43	1548.74	636.071
-14.57	-11.43	1547.88	691.137
-14.57	-11.43	1547.02	635.852
-14.57	-11.43	1546.16	650.258
-14.57	-11.43	1545.3	621.121
-14.57	-11.43	1544.44	652.936
-14.57	-11.43	1543.58	644.119
-14.57	-11.43	1542.71	652.711
-14.57	-11.43	1541.85	649.698
-14.57	-11.43	1540.99	600.2869999999999
-14.57	-11.43	1540.13	707.4630000000001
-14.57	-11.43	1539.27	652.261
-14.57	-11.43	1538.4	591.2819999999999
-14.57	-11.43	1537.54	608.568
-14.57	-11.43	1536.68	640.335
-14.57	-11.43	1535.81	628.637
-14.57	-11.43	1534.95	611.15
-14.57	-11.43	1534.09	599.461
-14.57	-11.43	1533.23	628.312
-14.57	-11.43	1532.36	680.312
-14.57	-11.43	1531.5	567.312
-14.57	-11.43	1530.63	555.638
-14.57	-11.43	1529.77	604.731
-14.57	-11.43	1528.91	642.235
-14.57	-11.43	1528.04	590.06
-14.57	-11.43	1527.18	613.094
-14.57	-11.43	1526.31	627.446
-14.57	-11.43	1525.45	662.029
-14.57	-11.43	1524.58	633.011
-14.57	-11.43	1523.72	601.112
-14.57	-11.43	1522.85	629.903
-14.57	-11.43	1521.99	624.016
-14.57	-11.43	1521.12	647.016
-14.57	-11.43	1520.26	626.689
-14.57	-11.43	1519.39	609.256
-14.57	-11.43	1518.52	612.038
-14.57	-11.43	1517.66	640.797
-14.57	-11.43	1516.79	611.827
-14.57	-11.43	1515.93	626.149
-14.57	-11.43	1515.06	608.731
-14.57	-11.43	1514.19	674.9689999999999
-14.57	-11.43	1513.33	611.405
-14.57	-11.43	1512.46	608.4159999999999
-14.57	-11.43	1511.59	677.502
-14.57	-11.43	1510.72	596.6759999999999
-14.57	-11.43	1509.86	651.331
-14.57	-11.43	1508.99	556.129
-14.57	-11.43	1508.12	656.868
-14.57	-11.43	1507.25	573.22
-14.57	-11.43	1506.38	650.881
-14.57	-11.43	1505.52	624.8530000000001
-14.57	-11.43	1504.65	610.35
-14.57	-11.43	1503.78	544.039
-14.57	-11.43	1502.91	561.2130000000001
-14.57	-11.43	1502.04	601.401
-14.57	-11.43	1501.17	558.1419999999999
-14.57	-11.43	1500.3	572.428
-14.57	-11.43	1499.44	638.4780000000001
-14.57	-11.43	1498.57	563.604
-14.57	-11.43	1497.7	572.132
-14.57	-11.43	1496.83	551.911
-14.57	-11.43	1495.96	638.0369999999999
-14.57	-11.43	1495.09	594.823
-14.57	-11.43	1494.22	563.117
-14.57	-11.43	1493.35	634.8340000000001
-14.57	-11.43	1492.48	623.236
-14.57	-11.43	1491.61	594.4119999999999
-14.57	-11.43	1490.73	628.762
-14.57	-11.43	1489.86	576.984
-14.57	-11.43	1488.99	588.364
-14.57	-11.43	1488.12	631.306
-14.57	-11.43	1487.25	599.637
-14.57	-11.43	1486.38	596.665
-14.57	-11.43	1485.51	613.77
-14.57	-11.43	1484.63	579.253
-14.57	-11.43	1483.76	642.229
-14.57	-11.43	1482.89	593.385
-14.57	-11.43	1482.02	561.756
-14.57	-11.43	1481.15	636.164
-14.57	-11.43	1480.27	604.538
-14.57	-11.43	1479.4	613.0269999999999
-14.57	-11.43	1478.53	618.649
-14.57	-11.43	1477.65	618.5419999999999
-14.57	-11.43	1476.78	647.066
-14.57	-11.43	1475.91	666.993
-14.57	-11.43	1475.03	578.151
-14.57	-11.43	1474.16	620.976
-14.57	-11.43	1473.29	623.729
-14.57	-11.43	1472.41	632.203
-14.57	-11.43	1471.54	606.3530000000001
-14.57	-11.43	1470.67	589.09
-14.57	-11.43	1469.79	566.114
-14.57	-11.43	1468.92	626.048
-14.57	-11.43	1468.04	637.373
-14.57	-11.43	1467.17	614.401
-14.57	-11.43	1466.29	574.294
-14.57	-11.43	1465.42	634.185
-14.57	-11.43	1464.54	571.239
-14.57	-11.43	1463.67	605.408
-14.57	-11.43	1462.79	636.711
-14.57	-11.43	1461.91	650.874
-14.57	-11.43	1461.04	667.8860000000001
-14.57	-11.43	1460.16	627.819
-14.57	-11.43	1459.29	547.819
-14.57	-11.43	1458.41	647.57
-14.57	-11.43	1457.53	621.788
-14.57	-11.43	1456.66	610.273
-14.57	-11.43	1455.78	618.721
-14.57	-11.43	1454.9	610.062
-14.57	-11.43	1454.03	624.207
-14.57	-11.43	1453.15	624.099
-14.57	-11.43	1452.27	618.2919999999999
-14.57	-11.43	1451.39	601.092
-14.57	-11.43	1450.52	561.112
-14.57	-11.43	1449.64	606.5790000000001
-14.57	-11.43	1448.76	634.947
-14.57	-11.43	1447.88	674.692
-14.57	-11.43	1447.0	646.112
-14.57	-11.43	1446.13	668.7669999999999
-14.57	-11.43	1445.25	648.7330000000001
-14.57	-11.43	1444.37	640.086
-14.57	-11.43	1443.49	602.999
-14.57	-11.43	1442.61	662.615
-14.57	-11.43	1441.73	636.91
-14.57	-11.43	1440.85	633.956
-14.57	-11.43	1439.97	659.428
-14.57	-11.43	1439.09	639.42
-14.57	-11.43	1438.21	670.564
-14.57	-11.43	1437.33	602.2669999999999
-14.57	-11.43	1436.45	602.1619999999999
-14.57	-11.43	1435.57	636.136
-14.57	-11.43	1434.69	593.435
-14.57	-11.43	1433.81	655.788
-14.57	-11.43	1432.93	647.159
-14.57	-11.43	1432.05	621.505
-14.57	-11.43	1431.17	610.048
-14.57	-11.43	1430.29	638.311
-14.57	-11.43	1429.41	643.873
-14.57	-11.43	1428.52	697.6439999999999
-14.57	-11.43	1427.64	689.0169999999999
-14.57	-11.43	1426.76	643.538
-14.57	-11.43	1425.88	600.909
-14.57	-11.43	1425.0	640.48
-14.57	-11.43	1424.11	643.202
-14.57	-11.43	1423.23	617.5930000000001
-14.57	-11.43	1422.35	631.649
-14.57	-11.43	1421.47	620.211
-14.57	-11.43	1420.58	651.25
-14.57	-11.43	1419.7	673.785
-14.57	-11.43	1418.82	534.971
-14.57	-11.43	1417.93	662.23
-14.57	-11.43	1417.05	630.99
-14.57	-11.43	1416.17	710.0939999999999
-14.57	-11.43	1415.28	593.999
-14.57	-11.43	1414.4	639.145
-14.57	-11.43	1413.51	695.586
-14.57	-11.43	1412.63	715.255
-14.57	-11.43	1411.75	602.066
-14.57	-11.43	1410.86	652.831
-14.57	-11.43	1409.98	621.636
-14.57	-11.43	1409.09	630.003
-14.57	-11.43	1408.21	708.9839999999999
-14.57	-11.43	1407.32	621.312
-14.57	-11.43	1406.44	640.969
-14.57	-11.43	1405.55	635.211
-14.57	-11.43	1404.66	668.9730000000001
-14.57	-11.43	1403.78	668.8560000000001
-14.57	-11.43	1402.89	682.8489999999999
-14.57	-11.43	1402.01	705.299
-14.57	-11.43	1401.12	660.045
-14.57	-11.43	1400.23	705.054
-14.57	-11.43	1399.35	690.832
-14.57	-11.43	1398.46	699.17
-14.57	-11.43	1397.57	693.4110000000001
-14.57	-11.43	1396.69	715.836
-14.57	-11.43	1395.8	648.085
-14.57	-11.43	1394.91	701.5
-14.57	-11.43	1394.02	737.9960000000001
-14.57	-11.43	1393.14	704.072
-14.57	-11.43	1392.25	751.818
-14.57	-11.43	1391.36	762.948
-14.57	-11.43	1390.47	788.1489999999999
-14.57	-11.43	1389.58	773.94
-14.57	-11.43	1388.7	765.3639999999999
-14.57	-11.43	1387.81	776.4839999999999
-14.57	-11.43	1386.92	796.038
-14.57	-11.43	1386.03	770.5880000000001
-14.57	-11.43	1385.14	770.454
-14.57	-11.43	1384.25	753.452
-14.57	-11.43	1383.36	806.727
-14.57	-11.43	1382.47	784.1030000000001
-14.57	-11.43	1381.58	814.8760000000001
-14.57	-11.43	1380.69	766.9730000000001
-14.57	-11.43	1379.8	792.12
-14.57	-11.43	1378.91	811.6410000000001
-14.57	-11.43	1378.02	727.2610000000001
-14.57	-11.43	1377.13	710.289
-14.57	-11.43	1376.24	777.533
-14.57	-11.43	1375.35	839.14
-14.57	-11.43	1374.46	746.3960000000001
-14.57	-11.43	1373.57	824.82
-14.57	-11.43	1372.68	838.701
-14.57	-11.43	1371.78	802.096
-14.57	-11.43	1370.89	799.1519999999999
-14.57	-11.43	1370.0	852.28
-14.57	-11.43	1369.11	796.07
-14.57	-11.43	1368.22	874.403
-14.57	-11.43	1367.33	804.199
-14.57	-11.43	1366.43	806.86
-14.57	-11.43	1365.54	851.5369999999999
-14.57	-11.43	1364.65	904.6
-14.57	-11.43	1363.76	837.2389999999999
-14.57	-11.43	1362.86	862.289
-14.57	-11.43	1361.97	845.3439999999999
-14.57	-11.43	1361.08	923.559
-14.57	-11.43	1360.18	954.178
-14.57	-11.43	1359.29	833.711
-14.57	-11.43	1358.4	867.1310000000001
-14.57	-11.43	1357.5	953.678
-14.57	-11.43	1356.61	981.4739999999999
-14.57	-11.43	1355.71	984.0980000000001
-14.57	-11.43	1354.82	911.25
-14.57	-11.43	1353.92	955.807
-14.57	-11.43	1353.03	1056.23
-14.57	-11.43	1352.13	1030.9
-14.57	-11.43	1351.24	1047.48
-14.57	-11.43	1350.34	1131.09
-14.57	-11.43	1349.45	974.518
-14.57	-11.43	1348.55	1010.64
-14.57	-11.43	1347.66	1041.17
-14.57	-11.43	1346.76	1068.9
-14.57	-11.43	1345.87	1018.48
-14.57	-11.43	1344.97	1107.58
-14.57	-11.43	1344.07	981.865
-14.57	-11.43	1343.18	1051.42
-14.57	-11.43	1342.28	1112.58
-14.57	-11.43	1341.38	1003.65
-14.57	-11.43	1340.49	967.2410000000001
-14.57	-11.43	1339.59	1078.55
-14.57	-11.43	1338.69	1081.15
-14.57	-11.43	1337.8	1022.45
-14.57	-11.43	1336.9	1072.41
-14.57	-11.43	1336.0	1022.1
-14.57	-11.43	1335.1	1119.37
-14.57	-11.43	1334.2	1046.79
-14.57	-11.43	1333.31	996.507
-14.57	-11.43	1332.41	1124.35
-14.57	-11.43	1331.51	1090.77
-14.57	-11.43	1330.61	1057.19
-14.57	-11.43	1329.71	1095.95
-14.57	-11.43	1328.81	1017.88
-14.57	-11.43	1327.91	1090.0
-14.57	-11.43	1327.02	1117.61
-14.57	-11.43	1326.12	1011.79
-14.57	-11.43	1325.22	994.939
-14.57	-11.43	1324.32	1111.47
-14.57	-11.43	1323.42	1136.28
-14.57	-11.43	1322.52	1047.19
-14.57	-11.43	1321.62	1110.89
-14.57	-11.43	1320.72	1138.46
-14.57	-11.43	1319.82	1121.6
-14.57	-11.43	1318.91	1101.97
-14.57	-11.43	1318.01	1060.15
-14.57	-11.43	1317.11	1115.46
-14.57	-11.43	1316.21	1101.4
-14.57	-11.43	1315.31	1170.55
-14.57	-11.43	1314.41	1095.46
-14.57	-11.43	1313.51	1111.91
-14.57	-11.43	1312.61	1117.26
-14.57	-11.43	1311.7	1069.94
-14.57	-11.43	1310.8	1111.32
-14.57	-11.43	1309.9	1102.82
-14.57	-11.43	1309.0	1094.31
-14.57	-11.43	1308.09	1038.72
-14.57	-11.43	1307.19	988.689
-14.57	-11.43	1306.29	1052.2
-14.57	-11.43	1305.39	1038.17
-14.57	-11.43	1304.48	1013.08
-14.57	-11.43	1303.58	971.3910000000001
-14.57	-11.43	1302.68	979.5219999999999
-14.57	-11.43	1301.77	1001.48
-14.57	-11.43	1300.87	998.54
-14.57	-11.43	1299.96	929.2260000000001
-14.57	-11.43	1299.06	931.828
-14.57	-11.43	1298.16	998.015
-14.57	-11.43	1297.25	1022.72
-14.57	-11.43	1296.35	911.993
-14.57	-11.43	1295.44	862.096
-14.57	-11.43	1294.54	942.062
-14.57	-11.43	1293.63	950.183
-14.57	-11.43	1292.73	1005.25
-14.57	-11.43	1291.82	839.4019999999999
-14.57	-11.43	1290.92	916.554
-14.57	-11.43	1290.01	949.5160000000001
-14.57	-11.43	1289.1	885.875
-14.57	-11.43	1288.2	913.312
-14.57	-11.43	1287.29	904.8760000000001
-14.57	-11.43	1286.39	885.409
-14.57	-11.43	1285.48	915.5889999999999
-14.57	-11.43	1284.57	857.525
-14.57	-11.43	1283.67	865.645
-14.57	-11.43	1282.76	873.762
-14.57	-11.43	1281.85	832.27
-14.57	-11.43	1280.94	799.06
-14.57	-11.43	1280.04	785.145
-14.57	-11.43	1279.13	840.095
-14.57	-11.43	1278.22	837.194
-14.57	-11.43	1277.31	787.485
-14.57	-11.43	1276.41	839.6519999999999
-14.57	-11.43	1275.5	817.485
-14.57	-11.43	1274.59	806.3330000000001
-14.57	-11.43	1273.68	858.47
-14.57	-11.43	1272.77	770.2869999999999
-14.57	-11.43	1271.86	869.171
-14.57	-11.43	1270.95	764.5160000000001
-14.57	-11.43	1270.04	750.6339999999999
-14.57	-11.43	1269.13	761.498
-14.57	-11.43	1268.23	769.61
-14.57	-11.43	1267.32	747.49
-14.57	-11.43	1266.41	750.1060000000001
-14.57	-11.43	1265.5	689.5360000000001
-14.57	-11.43	1264.59	769.069
-14.57	-11.43	1263.67	752.456
-14.57	-11.43	1262.76	757.815
-14.57	-11.43	1261.85	743.956
-14.57	-11.43	1260.94	746.57
-14.57	-11.43	1260.03	760.16
-14.57	-11.43	1259.12	666.738
-14.57	-11.43	1258.21	724.2289999999999
-14.57	-11.43	1257.3	696.674
-14.57	-11.43	1256.39	729.459
-14.57	-11.43	1255.47	715.622
-14.57	-11.43	1254.56	693.565
-14.57	-11.43	1253.65	737.297
-14.57	-11.43	1252.74	720.725
-14.57	-11.43	1251.83	734.297
-14.57	-11.43	1250.91	665.682
-14.57	-11.43	1250.0	706.6489999999999
-14.57	-11.43	1249.09	725.694
-14.57	-11.43	1248.17	758.422
-14.57	-11.43	1247.26	646.0509999999999
-14.57	-11.43	1246.35	744.47
-14.57	-11.43	1245.43	681.398
-14.57	-11.43	1244.52	697.695
-14.57	-11.43	1243.61	719.456
-14.57	-11.43	1242.69	683.773
-14.57	-11.43	1241.78	672.715
-14.57	-11.43	1240.86	719.076
-14.57	-11.43	1239.95	645.141
-14.57	-11.43	1239.03	636.828
-14.57	-11.43	1238.12	647.646
-14.57	-11.43	1237.2	702.176
-14.57	-11.43	1236.29	696.5889999999999
-14.57	-11.43	1235.37	688.273
-14.57	-11.43	1234.46	690.882
-14.57	-11.43	1233.54	718.063
-14.57	-11.43	1232.63	663.34
-14.57	-11.43	1231.71	655.036
-14.57	-11.43	1230.8	687.666
-14.57	-11.43	1229.88	706.643
-14.57	-11.43	1228.96	635.594
-14.57	-11.43	1228.05	665.4830000000001
-14.57	-11.43	1227.13	668.0930000000001
-14.57	-11.43	1226.21	703.418
-14.57	-11.43	1225.3	656.953
-14.57	-11.43	1224.38	684.092
-14.57	-11.43	1223.46	653.997
-14.57	-11.43	1222.54	653.881
-14.57	-11.43	1221.63	651.0419999999999
-14.57	-11.43	1220.71	640.033
-14.57	-11.43	1219.79	675.32
-14.57	-11.43	1218.87	650.697
-14.57	-11.43	1217.95	631.528
-14.57	-11.43	1217.03	688.57
-14.57	-11.43	1216.12	650.3530000000001
-14.57	-11.43	1215.2	712.813
-14.57	-11.43	1214.28	685.485
-14.57	-11.43	1213.36	625.531
-14.57	-11.43	1212.44	658.051
-14.57	-11.43	1211.52	660.654
-14.57	-11.43	1210.6	649.664
-14.57	-11.43	1209.68	622.371
-14.57	-11.43	1208.76	630.413
-14.57	-11.43	1207.84	668.3380000000001
-14.57	-11.43	1206.92	624.758
-14.57	-11.43	1206.0	630.0790000000001
-14.57	-11.43	1205.08	654.4069999999999
-14.57	-11.43	1204.16	673.295
-14.57	-11.43	1203.24	602.601
-14.57	-11.43	1202.31	591.639
-14.57	-11.43	1201.39	605.102
-14.57	-11.43	1200.47	675.5319999999999
-14.57	-11.43	1199.55	621.163
-14.57	-11.43	1198.63	623.765
-14.57	-11.43	1197.71	658.905
-14.57	-11.43	1196.78	650.655
-14.57	-11.43	1195.86	628.856
-14.57	-11.43	1194.94	626.034
-14.57	-11.43	1194.02	671.987
-14.57	-11.43	1193.09	571.63
-14.57	-11.43	1192.17	582.364
-14.57	-11.43	1191.25	595.802
-14.57	-11.43	1190.32	617.3580000000001
-14.57	-11.43	1189.4	655.15
-14.57	-11.43	1188.48	636.087
-14.57	-11.43	1187.55	543.961
-14.57	-11.43	1186.63	643.979
-14.57	-11.43	1185.71	635.749
-14.57	-11.43	1184.78	635.637
-14.57	-11.43	1183.86	578.7330000000001
-14.57	-11.43	1182.93	619.189
-14.57	-11.43	1182.01	638.003
-14.57	-11.43	1181.08	629.781
-14.57	-11.43	1180.16	570.216
-14.57	-11.43	1179.23	559.307
-14.57	-11.43	1178.31	588.924
-14.57	-11.43	1177.38	602.325
-14.57	-11.43	1176.46	577.914
-14.57	-11.43	1175.53	602.112
-14.57	-11.43	1174.6	653.297
-14.57	-11.43	1173.68	580.306
-14.57	-11.43	1172.75	580.203
-14.57	-11.43	1171.82	593.591
-14.57	-11.43	1170.9	574.602
-14.57	-11.43	1169.97	582.592
-14.57	-11.43	1169.04	633.726
-14.57	-11.43	1168.12	576.993
-14.57	-11.43	1167.19	590.37
-14.57	-11.43	1166.26	627.999
-14.57	-11.43	1165.33	587.466
-14.57	-11.43	1164.41	552.335
-14.57	-11.43	1163.48	616.89
-14.57	-11.43	1162.55	552.14
-14.57	-11.43	1161.62	581.664
-14.57	-11.43	1160.69	565.406
-14.57	-11.43	1159.76	597.609
-14.57	-11.43	1158.84	586.737
-14.57	-11.43	1157.91	535.505
-14.57	-11.43	1156.98	527.3380000000001
-14.57	-11.43	1156.05	616.015
-14.57	-11.43	1155.12	527.151
-14.57	-11.43	1154.19	559.327
-14.57	-11.43	1153.26	591.49
-14.57	-11.43	1152.33	564.504
-14.57	-11.43	1151.4	545.591
-14.57	-11.43	1150.47	532.058
-14.57	-11.43	1149.54	572.264
-14.57	-11.43	1148.61	569.476
-14.57	-11.43	1147.68	550.575
-14.57	-11.43	1146.75	553.163
-14.57	-11.43	1145.81	550.38
-14.57	-11.43	1144.88	630.811
-14.57	-11.43	1143.95	560.92
-14.57	-11.43	1143.02	525.937
-14.57	-11.43	1142.09	592.915
-14.57	-11.43	1141.16	630.363
-14.57	-11.43	1140.22	563.203
-14.57	-11.43	1139.29	560.422
-14.57	-11.43	1138.36	533.513
-14.57	-11.43	1137.43	528.057
-14.57	-11.43	1136.49	603.004
-14.57	-11.43	1135.56	557.345
-14.57	-11.43	1134.63	573.32
-14.57	-11.43	1133.69	600.004
-14.57	-11.43	1132.76	634.7130000000001
-14.57	-11.43	1131.83	573.014
-14.57	-11.43	1130.89	527.401
-14.57	-11.43	1129.96	604.931
-14.57	-11.43	1129.02	583.414
-14.57	-11.43	1128.09	500.36199999999997
-14.57	-11.43	1127.16	607.284
-14.57	-11.43	1126.22	591.127
-14.57	-11.43	1125.29	548.2330000000001
-14.57	-11.43	1124.35	590.9169999999999
-14.57	-11.43	1123.42	572.099
-14.57	-11.43	1122.48	542.595
-14.57	-11.43	1121.55	531.809
-14.57	-11.43	1120.61	515.683
-14.57	-11.43	1119.67	536.9630000000001
-14.57	-11.43	1118.74	598.3
-14.57	-11.43	1117.8	544.783
-14.57	-11.43	1116.87	507.306
-14.57	-11.43	1115.93	531.242
-14.57	-11.43	1114.99	552.5
-14.57	-11.43	1114.06	525.716
-14.57	-11.43	1113.12	541.631
-14.57	-11.43	1112.18	538.867
-14.57	-11.43	1111.24	605.451
-14.57	-11.43	1110.31	528.008
-14.57	-11.43	1109.37	533.247
-14.57	-11.43	1108.43	581.136
-14.57	-11.43	1107.49	525.061
-14.57	-11.43	1106.55	586.259
-14.57	-11.43	1105.62	548.8530000000001
-14.57	-11.43	1104.68	548.756
-14.57	-11.43	1103.74	530.014
-14.57	-11.43	1102.8	553.886
-14.57	-11.43	1101.86	535.15
-14.57	-11.43	1100.92	535.055
-14.57	-11.43	1099.98	604.159
-14.57	-11.43	1099.04	569.4580000000001
-14.57	-11.43	1098.1	574.678
-14.57	-11.43	1097.16	563.935
-14.57	-11.43	1096.22	582.452
-14.57	-11.43	1095.28	547.779
-14.57	-11.43	1094.34	574.268
-14.57	-11.43	1093.4	510.37
-14.57	-11.43	1092.46	552.802
-14.57	-11.43	1091.52	544.732
-14.57	-11.43	1090.58	544.635
-14.57	-11.43	1089.64	552.507
-14.57	-11.43	1088.7	533.817
-14.57	-11.43	1087.76	557.62
-14.57	-11.43	1086.81	560.1759999999999
-14.57	-11.43	1085.87	573.3480000000001
-14.57	-11.43	1084.93	536.091
-14.57	-11.43	1083.99	551.9159999999999
-14.57	-11.43	1083.05	498.75800000000004
-14.57	-11.43	1082.1	549.067
-14.57	-11.43	1081.16	575.489
-14.57	-11.43	1080.22	535.613
-14.57	-11.43	1079.28	530.215
-14.57	-11.43	1078.33	495.663
-14.57	-11.43	1077.39	527.376
-14.57	-11.43	1076.45	548.479
-14.57	-11.43	1075.5	511.293
-14.57	-11.43	1074.56	532.391
-14.57	-11.43	1073.61	537.5930000000001
-14.57	-11.43	1072.67	476.598
-14.57	-11.43	1071.73	468.57099999999997
-14.57	-11.43	1070.78	550.539
-14.57	-11.43	1069.84	563.673
-14.57	-11.43	1068.89	552.988
-14.57	-11.43	1067.95	515.854
-14.57	-11.43	1067.0	542.211
-14.57	-11.43	1066.06	518.314
-14.57	-11.43	1065.11	470.63
-14.57	-11.43	1064.16	528.703
-14.57	-11.43	1063.22	549.753
-14.57	-11.43	1062.27	510.017
-14.57	-11.43	1061.33	491.431
-14.57	-11.43	1060.38	520.401
-14.57	-11.43	1059.43	552.002
-14.57	-11.43	1058.49	530.778
-14.57	-11.43	1057.54	501.64099999999996
-14.57	-11.43	1056.59	538.507
-14.57	-11.43	1055.65	530.493
-14.57	-11.43	1054.7	525.121
-14.57	-11.43	1053.75	519.75
-14.57	-11.43	1052.8	482.728
-14.57	-11.43	1051.85	519.565
-14.57	-11.43	1050.91	482.555
-14.57	-11.43	1049.96	506.19699999999995
-14.57	-11.43	1049.01	556.19
-14.57	-11.43	1048.06	553.455
-14.57	-11.43	1047.11	498.02
-14.57	-11.43	1046.16	529.5459999999999
-14.57	-11.43	1045.21	503.11
-14.57	-11.43	1044.27	489.852
-14.57	-11.43	1043.32	558.226
-14.57	-11.43	1042.37	531.8
-14.57	-11.43	1041.42	550.13
-14.57	-11.43	1040.47	586.876
-14.57	-11.43	1039.52	563.09
-14.57	-11.43	1038.57	541.943
-14.57	-11.43	1037.62	565.519
-14.57	-11.43	1036.67	557.528
-14.57	-11.43	1035.71	581.092
-14.57	-11.43	1034.76	544.184
-14.57	-11.43	1033.81	557.229
-14.57	-11.43	1032.86	572.8969999999999
-14.57	-11.43	1031.91	570.1669999999999
-14.57	-11.43	1030.96	504.389
-14.57	-11.43	1030.01	504.29900000000004
-14.57	-11.43	1029.05	582.991
-14.57	-11.43	1028.1	511.995
-14.57	-11.43	1027.15	509.278
-14.57	-11.43	1026.2	551.182
-14.57	-11.43	1025.24	530.089
-14.57	-11.43	1024.29	535.242
-14.57	-11.43	1023.34	493.17400000000004
-14.57	-11.43	1022.39	540.2959999999999
-14.57	-11.43	1021.43	542.821
-14.57	-11.43	1020.48	516.506
-14.57	-11.43	1019.52	500.685
-14.57	-11.43	1018.57	558.255
-14.57	-11.43	1017.62	542.432
-14.57	-11.43	1016.66	544.955
-14.57	-11.43	1015.71	536.999
-14.57	-11.43	1014.75	531.665
-14.57	-11.43	1013.8	549.899
-14.57	-11.43	1012.84	492.20300000000003
-14.57	-11.43	1011.89	531.379
-14.57	-11.43	1010.93	541.752
-14.57	-11.43	1009.98	478.855
-14.57	-11.43	1009.02	499.69800000000004
-14.57	-11.43	1008.07	502.225
-14.57	-11.43	1007.11	543.979
-14.57	-11.43	1006.16	551.726
-14.57	-11.43	1005.2	528.0980000000001
-14.57	-11.43	1004.24	530.617
-14.57	-11.43	1003.29	577.563
-14.57	-11.43	1002.33	535.653
-14.57	-11.43	1001.37	517.269
-14.57	-11.43	1000.41	504.116
-14.57	-11.43	999.4580000000001	537.976
-14.57	-11.43	998.5	524.8240000000001
-14.57	-11.43	997.543	477.73900000000003
-14.57	-11.43	996.585	485.48400000000004
-14.57	-11.43	995.627	529.761
-14.57	-11.43	994.669	503.574
-14.57	-11.43	993.71	487.83099999999996
-14.57	-11.43	992.752	511.218
-14.57	-11.43	991.793	539.812
-14.57	-11.43	990.834	516.249
-14.57	-11.43	989.875	490.088
-14.57	-11.43	988.916	508.244
-14.57	-11.43	987.957	513.365
-14.57	-11.43	986.997	495.035
-14.57	-11.43	986.0369999999999	481.921
-14.57	-11.43	985.078	507.879
-14.57	-11.43	984.118	546.849
-14.57	-11.43	983.1569999999999	512.904
-14.57	-11.43	982.197	447.73400000000004
-14.57	-11.43	981.2360000000001	554.362
-14.57	-11.43	980.2760000000001	551.66
-14.57	-11.43	979.315	502.129
-14.57	-11.43	978.3539999999999	564.4680000000001
-14.57	-11.43	977.3919999999999	530.557
-14.57	-11.43	976.431	590.268
-14.57	-11.43	975.4689999999999	584.9630000000001
-14.57	-11.43	974.508	574.46
-14.57	-11.43	973.546	543.17
-14.57	-11.43	972.584	574.253
-14.57	-11.43	971.6210000000001	542.975
-14.57	-11.43	970.659	561.059
-14.57	-11.43	969.696	568.75
-14.57	-11.43	968.7330000000001	584.227
-14.57	-11.43	967.77	550.372
-14.57	-11.43	966.807	532.104
-14.57	-11.43	965.8439999999999	563.15
-14.57	-11.43	964.88	576.0219999999999
-14.57	-11.43	963.9169999999999	560.3530000000001
-14.57	-11.43	962.953	565.44
-14.57	-11.43	961.9889999999999	588.678
-14.57	-11.43	961.025	554.865
-14.57	-11.43	960.06	544.396
-14.57	-11.43	959.096	526.155
-14.57	-11.43	958.1310000000001	559.749
-14.57	-11.43	957.166	507.829
-14.57	-11.43	956.201	525.871
-14.57	-11.43	955.2360000000001	528.366
-14.57	-11.43	954.27	497.19599999999997
-14.57	-11.43	953.305	569.601
-14.57	-11.43	952.3389999999999	509.96
-14.57	-11.43	951.373	538.3380000000001
-14.57	-11.43	950.4069999999999	556.355
-14.57	-11.43	949.441	509.685
-14.57	-11.43	948.4739999999999	483.725
-14.57	-11.43	947.508	501.74199999999996
-14.57	-11.43	946.541	480.965
-14.57	-11.43	945.574	511.903
-14.57	-11.43	944.607	485.962
-14.57	-11.43	943.6389999999999	514.303
-14.57	-11.43	942.672	493.539
-14.57	-11.43	941.704	465.031
-14.57	-11.43	940.7360000000001	542.439
-14.57	-11.43	939.768	475.194
-14.57	-11.43	938.8	524.168
-14.57	-11.43	937.832	508.584
-14.57	-11.43	936.863	529.1419999999999
-14.57	-11.43	935.8939999999999	541.95
-14.57	-11.43	934.926	516.05
-14.57	-11.43	933.956	526.276
-14.57	-11.43	932.987	479.75300000000004
-14.57	-11.43	932.018	515.771
-14.57	-11.43	931.048	513.099
-14.57	-11.43	930.078	466.60400000000004
-14.57	-11.43	929.1080000000001	502.60400000000004
-14.57	-11.43	928.138	469.01300000000003
-14.57	-11.43	927.168	443.163
-14.57	-11.43	926.198	486.876
-14.57	-11.43	925.227	509.968
-14.57	-11.43	924.2560000000001	520.177
-14.57	-11.43	923.285	489.18699999999995
-14.57	-11.43	922.314	481.376
-14.57	-11.43	921.3430000000001	509.6
-14.57	-11.43	920.3710000000001	540.388
-14.57	-11.43	919.3989999999999	499.125
-14.57	-11.43	918.427	558.1990000000001
-14.57	-11.43	917.455	527.236
-14.57	-11.43	916.4830000000001	498.855
-14.57	-11.43	915.5110000000001	511.62
-14.57	-11.43	914.538	516.668
-14.57	-11.43	913.565	511.435
-14.57	-11.43	912.5930000000001	506.20300000000003
-14.57	-11.43	911.6189999999999	482.99
-14.57	-11.43	910.6460000000001	488.04
-14.57	-11.43	909.673	557.293
-14.57	-11.43	908.699	500.702
-14.57	-11.43	907.725	523.717
-14.57	-11.43	906.7510000000001	531.323
-14.57	-11.43	905.7769999999999	556.89
-14.57	-11.43	904.803	531.131
-14.57	-11.43	903.828	515.643
-14.57	-11.43	902.8539999999999	554.023
-14.57	-11.43	901.8789999999999	533.4069999999999
-14.57	-11.43	900.904	576.899
-14.57	-11.43	899.928	551.159
-14.57	-11.43	898.953	597.195
-14.57	-11.43	897.977	556.085
-14.57	-11.43	897.002	538.05
-14.57	-11.43	896.0260000000001	555.884
-14.57	-11.43	895.05	517.365
-14.57	-11.43	894.073	468.61800000000005
-14.57	-11.43	893.097	506.93699999999995
-14.57	-11.43	892.12	494.046
-14.57	-11.43	891.1439999999999	488.838
-14.57	-11.43	890.1669999999999	501.54400000000004
-14.57	-11.43	889.189	486.103
-14.57	-11.43	888.212	511.595
-14.57	-11.43	887.235	537.077
-14.57	-11.43	886.257	493.51
-14.57	-11.43	885.279	516.43
-14.57	-11.43	884.301	498.444
-14.57	-11.43	883.323	503.465
-14.57	-11.43	882.3439999999999	536.592
-14.57	-11.43	881.3660000000001	500.728
-14.57	-11.43	880.387	536.3969999999999
-14.57	-11.43	879.408	513.316
-14.57	-11.43	878.429	551.523
-14.57	-11.43	877.45	531.0
-14.57	-11.43	876.47	558.981
-14.57	-11.43	875.4910000000001	528.256
-14.57	-11.43	874.5110000000001	492.439
-14.57	-11.43	873.5310000000001	520.4119999999999
-14.57	-11.43	872.551	556.025
-14.57	-11.43	871.57	517.673
-14.57	-11.43	870.59	548.175
-14.57	-11.43	869.6089999999999	471.6
-14.57	-11.43	868.628	558.1709999999999
-14.57	-11.43	867.6469999999999	504.55699999999996
-14.57	-11.43	866.666	509.561
-14.57	-11.43	865.684	560.415
-14.57	-11.43	864.703	562.86
-14.57	-11.43	863.721	522.016
-14.57	-11.43	862.7389999999999	552.4730000000001
-14.57	-11.43	861.757	542.191
-14.57	-11.43	860.775	534.457
-14.57	-11.43	859.7919999999999	483.469
-14.57	-11.43	858.81	544.44
-14.57	-11.43	857.827	541.797
-14.57	-11.43	856.8439999999999	572.217
-14.57	-11.43	855.86	617.883
-14.57	-11.43	854.877	551.672
-14.57	-11.43	853.8939999999999	599.866
-14.57	-11.43	852.91	556.554
-14.57	-11.43	851.926	551.372
-14.57	-11.43	850.942	617.323
-14.57	-11.43	849.9580000000001	609.591
-14.57	-11.43	848.9730000000001	612.02
-14.57	-11.43	847.988	606.83
-14.57	-11.43	847.0039999999999	609.259
-14.57	-11.43	846.0189999999999	642.144
-14.57	-11.43	845.034	710.544
-14.57	-11.43	844.048	649.5219999999999
-14.57	-11.43	843.063	707.7489999999999
-14.57	-11.43	842.077	748.201
-14.57	-11.43	841.091	720.171
-14.57	-11.43	840.105	687.081
-14.57	-11.43	839.1189999999999	712.305
-14.57	-11.43	838.132	679.2280000000001
-14.57	-11.43	837.1460000000001	653.765
-14.57	-11.43	836.159	656.18
-14.57	-11.43	835.172	726.9860000000001
-14.57	-11.43	834.185	610.355
-14.57	-11.43	833.198	607.712
-14.57	-11.43	832.21	625.323
-14.57	-11.43	831.222	561.929
-14.57	-11.43	830.235	556.766
-14.57	-11.43	829.247	490.87699999999995
-14.57	-11.43	828.258	584.391
-14.57	-11.43	827.27	541.286
-14.57	-11.43	826.2810000000001	548.774
-14.57	-11.43	825.293	528.447
-14.57	-11.43	824.304	568.799
-14.57	-11.43	823.315	553.53
-14.57	-11.43	822.325	538.2669999999999
-14.57	-11.43	821.336	583.648
-14.57	-11.43	820.346	527.967
-14.57	-11.43	819.3560000000001	497.56199999999995
-14.57	-11.43	818.3660000000001	532.825
-14.57	-11.43	817.3760000000001	499.906
-14.57	-11.43	816.3860000000001	535.156
-14.57	-11.43	815.395	507.296
-14.57	-11.43	814.405	532.438
-14.57	-11.43	813.414	519.726
-14.57	-11.43	812.423	509.542
-14.57	-11.43	811.431	527.1030000000001
-14.57	-11.43	810.44	514.399
-14.57	-11.43	809.448	514.306
-14.57	-11.43	808.456	494.04699999999997
-14.57	-11.43	807.4639999999999	501.517
-14.57	-11.43	806.472	501.426
-14.57	-11.43	805.48	496.296
-14.57	-11.43	804.487	508.8
-14.57	-11.43	803.495	481.006
-14.57	-11.43	802.502	498.543
-14.57	-11.43	801.5089999999999	546.284
-14.57	-11.43	800.5160000000001	485.777
-14.57	-11.43	799.5219999999999	468.07300000000004
-14.57	-11.43	798.528	548.501
-14.57	-11.43	797.535	510.667
-14.57	-11.43	796.541	500.514
-14.57	-11.43	795.547	490.36400000000003
-14.57	-11.43	794.552	480.218
-14.57	-11.43	793.558	502.754
-14.57	-11.43	792.563	467.476
-14.57	-11.43	791.568	469.904
-14.57	-11.43	790.573	477.355
-14.57	-11.43	789.578	512.436
-14.57	-11.43	788.582	504.80800000000005
-14.57	-11.43	787.587	482.116
-14.57	-11.43	786.591	549.814
-14.57	-11.43	785.595	479.431
-14.57	-11.43	784.5989999999999	496.911
-14.57	-11.43	783.602	506.85699999999997
-14.57	-11.43	782.6060000000001	524.326
-14.57	-11.43	781.6089999999999	501.656
-14.57	-11.43	780.612	501.564
-14.57	-11.43	779.615	511.50199999999995
-14.57	-11.43	778.618	466.284
-14.57	-11.43	777.6210000000001	508.809
-14.57	-11.43	776.623	546.306
-14.57	-11.43	775.625	493.59
-14.57	-11.43	774.627	480.975
-14.57	-11.43	773.6289999999999	458.345
-14.57	-11.43	772.6310000000001	445.741
-14.57	-11.43	771.632	470.69699999999995
-14.57	-11.43	770.6339999999999	483.12699999999995
-14.57	-11.43	769.635	483.039
-14.57	-11.43	768.6360000000001	492.96
-14.57	-11.43	767.6360000000001	520.391
-14.57	-11.43	766.637	490.279
-14.57	-11.43	765.637	525.203
-14.57	-11.43	764.637	472.596
-14.57	-11.43	763.638	482.51
-14.57	-11.43	762.637	479.92199999999997
-14.57	-11.43	761.637	517.322
-14.57	-11.43	760.6360000000001	514.7280000000001
-14.57	-11.43	759.6360000000001	459.673
-14.57	-11.43	758.635	459.589
-14.57	-11.43	757.6339999999999	556.901
-14.57	-11.43	756.633	486.88699999999994
-14.57	-11.43	755.6310000000001	476.81199999999995
-14.57	-11.43	754.6289999999999	529.14
-14.57	-11.43	753.628	531.539
-14.57	-11.43	752.6260000000001	511.48199999999997
-14.57	-11.43	751.623	473.969
-14.57	-11.43	750.6210000000001	498.824
-14.57	-11.43	749.6189999999999	508.707
-14.57	-11.43	748.6160000000001	493.655
-14.57	-11.43	747.613	453.681
-14.57	-11.43	746.61	518.398
-14.57	-11.43	745.607	485.909
-14.57	-11.43	744.6030000000001	508.24300000000005
-14.57	-11.43	743.5989999999999	483.24
-14.57	-11.43	742.596	520.509
-14.57	-11.43	741.592	490.534
-14.57	-11.43	740.587	520.319
-14.57	-11.43	739.5830000000001	470.441
-14.57	-11.43	738.579	495.24199999999996
-14.57	-11.43	737.574	457.82800000000003
-14.57	-11.43	736.569	500.036
-14.57	-11.43	735.564	475.07199999999995
-14.57	-11.43	734.558	489.906
-14.57	-11.43	733.553	499.76199999999994
-14.57	-11.43	732.547	482.269
-14.57	-11.43	731.541	519.462
-14.57	-11.43	730.535	566.5830000000001
-14.57	-11.43	729.529	551.572
-14.57	-11.43	728.523	509.241
-14.57	-11.43	727.5160000000001	499.213
-14.57	-11.43	726.5089999999999	548.785
-14.57	-11.43	725.503	541.237
-14.57	-11.43	724.495	551.067
-14.57	-11.43	723.488	523.6659999999999
-14.57	-11.43	722.4810000000001	523.57
-14.57	-11.43	721.4730000000001	543.321
-14.57	-11.43	720.465	550.663
-14.57	-11.43	719.457	580.322
-14.57	-11.43	718.449	545.502
-14.57	-11.43	717.44	552.84
-14.57	-11.43	716.432	577.525
-14.57	-11.43	715.423	540.246
-14.57	-11.43	714.414	540.1469999999999
-14.57	-11.43	713.405	505.366
-14.57	-11.43	712.395	485.459
-14.57	-11.43	711.3860000000001	470.51199999999994
-14.57	-11.43	710.3760000000001	485.281
-14.57	-11.43	709.3660000000001	507.471
-14.57	-11.43	708.3560000000001	519.753
-14.57	-11.43	707.346	477.59
-14.57	-11.43	706.335	492.347
-14.57	-11.43	705.325	521.941
-14.57	-11.43	704.314	507.006
-14.57	-11.43	703.303	509.38599999999997
-14.57	-11.43	702.2919999999999	469.736
-14.57	-11.43	701.28	531.445
-14.57	-11.43	700.2689999999999	548.648
-14.57	-11.43	699.257	484.30300000000005
-14.57	-11.43	698.245	496.566
-14.57	-11.43	697.2330000000001	503.885
-14.57	-11.43	696.22	513.6709999999999
-14.57	-11.43	695.2080000000001	533.33
-14.57	-11.43	694.195	552.981
-14.57	-11.43	693.182	528.197
-14.57	-11.43	692.169	525.633
-14.57	-11.43	691.1560000000001	550.2090000000001
-14.57	-11.43	690.143	498.30400000000003
-14.57	-11.43	689.1289999999999	488.347
-14.57	-11.43	688.115	495.655
-14.57	-11.43	687.1010000000001	507.892
-14.57	-11.43	686.087	544.774
-14.57	-11.43	685.073	510.17
-14.57	-11.43	684.058	463.25800000000004
-14.57	-11.43	683.043	507.519
-14.57	-11.43	682.028	517.279
-14.57	-11.43	681.013	509.795
-14.57	-11.43	679.998	507.23900000000003
-14.57	-11.43	678.9830000000001	504.684
-14.57	-11.43	677.967	526.744
-14.57	-11.43	676.951	484.811
-14.57	-11.43	675.935	519.169
-14.57	-11.43	674.919	516.614
-14.57	-11.43	673.9019999999999	479.624
-14.57	-11.43	672.8860000000001	518.883
-14.57	-11.43	671.8689999999999	513.87
-14.57	-11.43	670.852	491.651
-14.57	-11.43	669.835	501.392
-14.57	-11.43	668.817	484.098
-14.57	-11.43	667.8	513.492
-14.57	-11.43	666.7819999999999	577.265
-14.57	-11.43	665.7639999999999	501.023
-14.57	-11.43	664.7460000000001	525.487
-14.57	-11.43	663.7280000000001	513.114
-14.57	-11.43	662.709	488.474
-14.57	-11.43	661.691	557.101
-14.57	-11.43	660.672	566.814
-14.57	-11.43	659.653	581.429
-14.57	-11.43	658.6339999999999	591.133
-14.57	-11.43	657.6139999999999	598.382
-14.57	-11.43	656.595	644.8580000000001
-14.57	-11.43	655.575	603.064
-14.57	-11.43	654.555	617.66
-14.57	-11.43	653.535	642.052
-14.57	-11.43	652.514	632.133
-14.57	-11.43	651.494	605.07
-14.57	-11.43	650.4730000000001	555.974
-14.57	-11.43	649.452	592.6030000000001
-14.57	-11.43	648.431	526.39
-14.57	-11.43	647.41	499.366
-14.57	-11.43	646.388	526.196
-14.57	-11.43	645.366	555.462
-14.57	-11.43	644.345	530.895
-14.57	-11.43	643.323	579.7180000000001
-14.57	-11.43	642.3	533.145
-14.57	-11.43	641.278	513.485
-14.57	-11.43	640.255	523.17
-14.57	-11.43	639.232	547.516
-14.57	-11.43	638.2090000000001	498.539
-14.57	-11.43	637.186	530.21
-14.57	-11.43	636.163	491.026
-14.57	-11.43	635.139	534.9
-14.57	-11.43	634.116	527.475
-14.57	-11.43	633.092	512.729
-14.57	-11.43	632.068	524.84
-14.57	-11.43	631.043	524.743
-14.57	-11.43	630.019	500.244
-14.57	-11.43	628.994	451.356
-14.57	-11.43	627.969	514.695
-14.57	-11.43	626.944	514.6
-14.57	-11.43	625.919	480.36800000000005
-14.57	-11.43	624.893	482.717
-14.57	-11.43	623.868	489.941
-14.57	-11.43	622.842	492.287
-14.57	-11.43	621.816	511.689
-14.57	-11.43	620.79	494.542
-14.57	-11.43	619.763	521.243
-14.57	-11.43	618.737	521.1469999999999
-14.57	-11.43	617.71	474.789
-14.57	-11.43	616.683	496.611
-14.57	-11.43	615.656	547.632
-14.57	-11.43	614.629	562.131
-14.57	-11.43	613.601	554.729
-14.57	-11.43	612.573	518.138
-14.57	-11.43	611.545	530.202
-14.57	-11.43	610.5169999999999	503.356
-14.57	-11.43	609.489	510.55699999999996
-14.57	-11.43	608.461	537.201
-14.57	-11.43	607.432	507.93800000000005
-14.57	-11.43	606.403	498.125
-14.57	-11.43	605.374	524.756
-14.57	-11.43	604.345	531.946
-14.57	-11.43	603.315	500.277
-14.57	-11.43	602.286	517.181
-14.57	-11.43	601.256	519.513
-14.57	-11.43	600.226	533.98
