-14.57	10.57	1799.66	785.466
-14.57	10.57	1798.84	791.445
-14.57	10.57	1798.03	840.196
-14.57	10.57	1797.21	852.273
-14.57	10.57	1796.39	781.882
-14.57	10.57	1795.57	787.857
-14.57	10.57	1794.75	741.926
-14.57	10.57	1793.93	769.275
-14.57	10.57	1793.11	848.5010000000001
-14.57	10.57	1792.29	775.1189999999999
-14.57	10.57	1791.47	750.579
-14.57	10.57	1790.65	774.857
-14.57	10.57	1789.84	857.079
-14.57	10.57	1789.02	890.4789999999999
-14.57	10.57	1788.2	765.317
-14.57	10.57	1787.38	829.207
-14.57	10.57	1786.56	688.857
-14.57	10.57	1785.73	786.262
-14.57	10.57	1784.91	752.612
-14.57	10.57	1784.09	749.438
-14.57	10.57	1783.27	798.047
-14.57	10.57	1782.45	758.321
-14.57	10.57	1781.63	822.137
-14.57	10.57	1780.81	785.465
-14.57	10.57	1779.99	791.42
-14.57	10.57	1779.17	815.633
-14.57	10.57	1778.35	858.096
-14.57	10.57	1777.52	812.315
-14.57	10.57	1776.7	839.555
-14.57	10.57	1775.88	772.503
-14.57	10.57	1775.06	842.312
-14.57	10.57	1774.24	790.4839999999999
-14.57	10.57	1773.41	747.793
-14.57	10.57	1772.59	802.373
-14.57	10.57	1771.77	802.238
-14.57	10.57	1770.95	847.676
-14.57	10.57	1770.12	765.513
-14.57	10.57	1769.3	804.868
-14.57	10.57	1768.48	825.9889999999999
-14.57	10.57	1767.65	834.9580000000001
-14.57	10.57	1766.83	816.602
-14.57	10.57	1766.01	767.9010000000001
-14.57	10.57	1765.18	795.0830000000001
-14.57	10.57	1764.36	837.427
-14.57	10.57	1763.53	858.52
-14.57	10.57	1762.71	803.779
-14.57	10.57	1761.88	846.0989999999999
-14.57	10.57	1761.06	821.699
-14.57	10.57	1760.24	827.623
-14.57	10.57	1759.41	836.576
-14.57	10.57	1758.59	851.5880000000001
-14.57	10.57	1757.76	790.842
-14.57	10.57	1756.94	857.3580000000001
-14.57	10.57	1756.11	893.561
-14.57	10.57	1755.28	844.954
-14.57	10.57	1754.46	784.2510000000001
-14.57	10.57	1753.63	868.887
-14.57	10.57	1752.81	862.686
-14.57	10.57	1751.98	817.143
-14.57	10.57	1751.16	832.135
-14.57	10.57	1750.33	859.2230000000001
-14.57	10.57	1749.5	886.301
-14.57	10.57	1748.68	843.809
-14.57	10.57	1747.85	749.926
-14.57	10.57	1747.02	849.57
-14.57	10.57	1746.2	888.7230000000001
-14.57	10.57	1745.37	882.528
-14.57	10.57	1744.54	834.029
-14.57	10.57	1743.71	855.0369999999999
-14.57	10.57	1742.89	785.413
-14.57	10.57	1742.06	878.909
-14.57	10.57	1741.23	981.433
-14.57	10.57	1740.4	800.11
-14.57	10.57	1739.57	802.993
-14.57	10.57	1738.75	808.893
-14.57	10.57	1737.92	847.987
-14.57	10.57	1737.09	887.067
-14.57	10.57	1736.26	832.6160000000001
-14.57	10.57	1735.43	883.75
-14.57	10.57	1734.6	877.569
-14.57	10.57	1733.77	919.633
-14.57	10.57	1732.94	862.198
-14.57	10.57	1732.11	795.74
-14.57	10.57	1731.28	816.7
-14.57	10.57	1730.45	903.943
-14.57	10.57	1729.62	942.954
-14.57	10.57	1728.8	813.2719999999999
-14.57	10.57	1727.96	858.309
-14.57	10.57	1727.13	846.118
-14.57	10.57	1726.3	936.2919999999999
-14.57	10.57	1725.47	936.133
-14.57	10.57	1724.64	827.63
-14.57	10.57	1723.81	866.607
-14.57	10.57	1722.98	899.554
-14.57	10.57	1722.15	935.498
-14.57	10.57	1721.32	884.211
-14.57	10.57	1720.49	902.1030000000001
-14.57	10.57	1719.66	926.002
-14.57	10.57	1718.82	910.815
-14.57	10.57	1717.99	859.567
-14.57	10.57	1717.16	898.485
-14.57	10.57	1716.33	901.337
-14.57	10.57	1715.5	919.2080000000001
-14.57	10.57	1714.66	988.1310000000001
-14.57	10.57	1713.83	990.966
-14.57	10.57	1713.0	891.717
-14.57	10.57	1712.17	918.5830000000001
-14.57	10.57	1711.33	906.421
-14.57	10.57	1710.5	888.262
-14.57	10.57	1709.67	882.11
-14.57	10.57	1708.83	911.959
-14.57	10.57	1708.0	920.802
-14.57	10.57	1707.17	902.6519999999999
-14.57	10.57	1706.33	953.471
-14.57	10.57	1705.5	953.309
-14.57	10.57	1704.66	995.1089999999999
-14.57	10.57	1703.83	946.9910000000001
-14.57	10.57	1703.0	886.904
-14.57	10.57	1702.16	931.69
-14.57	10.57	1701.33	841.673
-14.57	10.57	1700.49	976.294
-14.57	10.57	1699.66	919.237
-14.57	10.57	1698.82	907.1060000000001
-14.57	10.57	1697.99	912.938
-14.57	10.57	1697.15	912.783
-14.57	10.57	1696.32	915.62
-14.57	10.57	1695.48	960.34
-14.57	10.57	1694.64	969.15
-14.57	10.57	1693.81	933.097
-14.57	10.57	1692.97	956.8589999999999
-14.57	10.57	1692.14	944.738
-14.57	10.57	1691.3	977.4580000000001
-14.57	10.57	1690.46	983.2689999999999
-14.57	10.57	1689.63	1012.98
-14.57	10.57	1688.79	959.033
-14.57	10.57	1687.95	928.998
-14.57	10.57	1687.12	1015.45
-14.57	10.57	1686.28	961.529
-14.57	10.57	1685.44	1047.95
-14.57	10.57	1684.6	913.44
-14.57	10.57	1683.77	1038.64
-14.57	10.57	1682.93	934.018
-14.57	10.57	1682.09	1026.35
-14.57	10.57	1681.25	981.428
-14.57	10.57	1680.41	984.2439999999999
-14.57	10.57	1679.58	978.112
-14.57	10.57	1678.74	1022.67
-14.57	10.57	1677.9	1067.21
-14.57	10.57	1677.06	992.515
-14.57	10.57	1676.22	1004.27
-14.57	10.57	1675.38	977.279
-14.57	10.57	1674.54	1072.44
-14.57	10.57	1673.7	1119.91
-14.57	10.57	1672.86	1024.43
-14.57	10.57	1672.02	994.4780000000001
-14.57	10.57	1671.18	1095.53
-14.57	10.57	1670.34	1035.81
-14.57	10.57	1669.5	1104.08
-14.57	10.57	1668.66	1086.04
-14.57	10.57	1667.82	1005.53
-14.57	10.57	1666.98	1061.87
-14.57	10.57	1666.14	1049.8
-14.57	10.57	1665.3	1106.11
-14.57	10.57	1664.46	1070.25
-14.57	10.57	1663.62	1090.87
-14.57	10.57	1662.78	1063.94
-14.57	10.57	1661.94	1034.04
-14.57	10.57	1661.1	1054.66
-14.57	10.57	1660.25	1128.74
-14.57	10.57	1659.41	1095.88
-14.57	10.57	1658.57	1175.87
-14.57	10.57	1657.73	1148.95
-14.57	10.57	1656.89	1009.24
-14.57	10.57	1656.04	1187.14
-14.57	10.57	1655.2	1127.59
-14.57	10.57	1654.36	1198.6
-14.57	10.57	1653.52	1153.9
-14.57	10.57	1652.67	1144.81
-14.57	10.57	1651.83	1233.57
-14.57	10.57	1650.99	1224.46
-14.57	10.57	1650.14	1156.08
-14.57	10.57	1649.3	1161.81
-14.57	10.57	1648.46	1238.65
-14.57	10.57	1647.61	1208.81
-14.57	10.57	1646.77	1238.23
-14.57	10.57	1645.92	1267.64
-14.57	10.57	1645.08	1220.04
-14.57	10.57	1644.24	1302.73
-14.57	10.57	1643.39	1269.95
-14.57	10.57	1642.55	1251.97
-14.57	10.57	1641.7	1231.04
-14.57	10.57	1640.86	1287.05
-14.57	10.57	1640.01	1343.04
-14.57	10.57	1639.17	1339.85
-14.57	10.57	1638.32	1330.75
-14.57	10.57	1637.48	1395.57
-14.57	10.57	1636.63	1410.11
-14.57	10.57	1635.78	1401.0
-14.57	10.57	1634.94	1406.67
-14.57	10.57	1634.09	1406.43
-14.57	10.57	1633.25	1435.73
-14.57	10.57	1632.4	1479.79
-14.57	10.57	1631.55	1452.96
-14.57	10.57	1630.71	1508.81
-14.57	10.57	1629.86	1576.46
-14.57	10.57	1629.01	1508.3
-14.57	10.57	1628.16	1525.75
-14.57	10.57	1627.32	1498.93
-14.57	10.57	1626.47	1563.58
-14.57	10.57	1625.62	1669.5
-14.57	10.57	1624.77	1654.47
-14.57	10.57	1623.93	1571.62
-14.57	10.57	1623.08	1659.8
-14.57	10.57	1622.23	1774.47
-14.57	10.57	1621.38	1653.33
-14.57	10.57	1620.53	1741.45
-14.57	10.57	1619.69	1726.42
-14.57	10.57	1618.84	1767.36
-14.57	10.57	1617.99	1929.04
-14.57	10.57	1617.14	1831.54
-14.57	10.57	1616.29	1810.62
-14.57	10.57	1615.44	1922.16
-14.57	10.57	1614.59	1986.58
-14.57	10.57	1613.74	1880.31
-14.57	10.57	1612.89	1903.52
-14.57	10.57	1612.04	1909.08
-14.57	10.57	1611.19	2096.98
-14.57	10.57	1610.34	1914.31
-14.57	10.57	1609.49	1925.74
-14.57	10.57	1608.64	1954.81
-14.57	10.57	1607.79	1963.29
-14.57	10.57	1606.94	2045.23
-14.57	10.57	1606.09	1974.37
-14.57	10.57	1605.24	1906.47
-14.57	10.57	1604.39	1876.77
-14.57	10.57	1603.54	1920.5
-14.57	10.57	1602.68	1952.46
-14.57	10.57	1601.83	1966.81
-14.57	10.57	1600.98	1893.09
-14.57	10.57	1600.13	1992.54
-14.57	10.57	1599.28	2015.67
-14.57	10.57	1598.42	1921.45
-14.57	10.57	1597.57	1982.72
-14.57	10.57	1596.72	1920.8
-14.57	10.57	1595.87	1905.81
-14.57	10.57	1595.01	1920.14
-14.57	10.57	1594.16	1934.46
-14.57	10.57	1593.31	1901.9
-14.57	10.57	1592.45	1869.34
-14.57	10.57	1591.6	1951.04
-14.57	10.57	1590.75	1854.05
-14.57	10.57	1589.89	1824.45
-14.57	10.57	1589.04	1964.68
-14.57	10.57	1588.19	1870.66
-14.57	10.57	1587.33	1788.39
-14.57	10.57	1586.48	1867.1
-14.57	10.57	1585.62	1814.11
-14.57	10.57	1584.77	1904.49
-14.57	10.57	1583.91	1798.86
-14.57	10.57	1583.06	1760.53
-14.57	10.57	1582.2	1766.08
-14.57	10.57	1581.35	1815.47
-14.57	10.57	1580.49	1774.24
-14.57	10.57	1579.64	1785.63
-14.57	10.57	1578.78	1665.52
-14.57	10.57	1577.93	1749.96
-14.57	10.57	1577.07	1895.7
-14.57	10.57	1576.21	1632.54
-14.57	10.57	1575.36	1754.89
-14.57	10.57	1574.5	1713.72
-14.57	10.57	1573.65	1763.05
-14.57	10.57	1572.79	1701.46
-14.57	10.57	1571.93	1739.1
-14.57	10.57	1571.08	1683.37
-14.57	10.57	1570.22	1747.25
-14.57	10.57	1569.36	1749.87
-14.57	10.57	1568.5	1723.32
-14.57	10.57	1567.65	1723.03
-14.57	10.57	1566.79	1661.52
-14.57	10.57	1565.93	1774.9
-14.57	10.57	1565.07	1608.5
-14.57	10.57	1564.21	1587.83
-14.57	10.57	1563.36	1622.51
-14.57	10.57	1562.5	1686.3
-14.57	10.57	1561.64	1598.65
-14.57	10.57	1560.78	1566.35
-14.57	10.57	1559.92	1612.66
-14.57	10.57	1559.06	1679.32
-14.57	10.57	1558.2	1681.94
-14.57	10.57	1557.34	1524.54
-14.57	10.57	1556.49	1602.82
-14.57	10.57	1555.63	1590.91
-14.57	10.57	1554.77	1759.3
-14.57	10.57	1553.91	1607.81
-14.57	10.57	1553.05	1613.35
-14.57	10.57	1552.19	1679.92
-14.57	10.57	1551.33	1699.97
-14.57	10.57	1550.47	1789.75
-14.57	10.57	1549.6	1684.86
-14.57	10.57	1548.74	1722.33
-14.57	10.57	1547.88	1626.2
-14.57	10.57	1547.02	1739.16
-14.57	10.57	1546.16	1762.08
-14.57	10.57	1545.3	1721.14
-14.57	10.57	1544.44	1732.46
-14.57	10.57	1543.58	1743.76
-14.57	10.57	1542.71	1653.53
-14.57	10.57	1541.85	1757.67
-14.57	10.57	1540.99	1821.16
-14.57	10.57	1540.13	1768.66
-14.57	10.57	1539.27	1756.76
-14.57	10.57	1538.4	1840.51
-14.57	10.57	1537.54	1764.85
-14.57	10.57	1536.68	1828.29
-14.57	10.57	1535.81	1851.15
-14.57	10.57	1534.95	1714.69
-14.57	10.57	1534.09	1734.67
-14.57	10.57	1533.23	1827.03
-14.57	10.57	1532.36	1861.45
-14.57	10.57	1531.5	1701.94
-14.57	10.57	1530.63	1742.16
-14.57	10.57	1529.77	1828.66
-14.57	10.57	1528.91	1848.6
-14.57	10.57	1528.04	1825.14
-14.57	10.57	1527.18	1688.9
-14.57	10.57	1526.31	1662.59
-14.57	10.57	1525.45	1720.12
-14.57	10.57	1524.58	1800.76
-14.57	10.57	1523.72	1765.77
-14.57	10.57	1522.85	1701.89
-14.57	10.57	1521.99	1721.82
-14.57	10.57	1521.12	1744.63
-14.57	10.57	1520.26	1755.88
-14.57	10.57	1519.39	1677.62
-14.57	10.57	1518.52	1662.9
-14.57	10.57	1517.66	1607.77
-14.57	10.57	1516.79	1702.73
-14.57	10.57	1515.93	1572.59
-14.57	10.57	1515.06	1606.93
-14.57	10.57	1514.19	1647.04
-14.57	10.57	1513.33	1739.04
-14.57	10.57	1512.46	1574.38
-14.57	10.57	1511.59	1542.4
-14.57	10.57	1510.72	1585.37
-14.57	10.57	1509.86	1775.31
-14.57	10.57	1508.99	1628.05
-14.57	10.57	1508.12	1544.22
-14.57	10.57	1507.25	1624.6
-14.57	10.57	1506.38	1653.12
-14.57	10.57	1505.52	1744.98
-14.57	10.57	1504.65	1586.33
-14.57	10.57	1503.78	1574.55
-14.57	10.57	1502.91	1654.86
-14.57	10.57	1502.04	1674.72
-14.57	10.57	1501.17	1553.59
-14.57	10.57	1500.3	1504.42
-14.57	10.57	1499.44	1616.33
-14.57	10.57	1498.57	1610.3
-14.57	10.57	1497.7	1564.02
-14.57	10.57	1496.83	1540.75
-14.57	10.57	1495.96	1629.58
-14.57	10.57	1495.09	1589.07
-14.57	10.57	1494.22	1623.27
-14.57	10.57	1493.35	1562.67
-14.57	10.57	1492.48	1593.99
-14.57	10.57	1491.61	1628.17
-14.57	10.57	1490.73	1653.73
-14.57	10.57	1489.86	1518.53
-14.57	10.57	1488.99	1587.15
-14.57	10.57	1488.12	1770.53
-14.57	10.57	1487.25	1641.11
-14.57	10.57	1486.38	1592.06
-14.57	10.57	1485.51	1543.03
-14.57	10.57	1484.63	1686.14
-14.57	10.57	1483.76	1668.65
-14.57	10.57	1482.89	1702.76
-14.57	10.57	1482.02	1590.69
-14.57	10.57	1481.15	1716.5
-14.57	10.57	1480.27	1613.06
-14.57	10.57	1479.4	1661.48
-14.57	10.57	1478.53	1563.81
-14.57	10.57	1477.65	1615.08
-14.57	10.57	1476.78	1566.13
-14.57	10.57	1475.91	1603.07
-14.57	10.57	1475.03	1611.38
-14.57	10.57	1474.16	1605.38
-14.57	10.57	1473.29	1673.77
-14.57	10.57	1472.41	1650.59
-14.57	10.57	1471.54	1541.62
-14.57	10.57	1470.67	1527.06
-14.57	10.57	1469.79	1529.65
-14.57	10.57	1468.92	1635.16
-14.57	10.57	1468.04	1520.55
-14.57	10.57	1467.17	1526.0
-14.57	10.57	1466.29	1591.45
-14.57	10.57	1465.42	1631.17
-14.57	10.57	1464.54	1679.44
-14.57	10.57	1463.67	1619.18
-14.57	10.57	1462.79	1596.06
-14.57	10.57	1461.91	1598.64
-14.57	10.57	1461.04	1669.72
-14.57	10.57	1460.16	1629.47
-14.57	10.57	1459.29	1640.61
-14.57	10.57	1458.41	1640.32
-14.57	10.57	1457.53	1748.42
-14.57	10.57	1456.66	1636.9
-14.57	10.57	1455.78	1628.06
-14.57	10.57	1454.9	1590.72
-14.57	10.57	1454.03	1664.55
-14.57	10.57	1453.15	1661.41
-14.57	10.57	1452.27	1567.1
-14.57	10.57	1451.39	1689.33
-14.57	10.57	1450.52	1728.91
-14.57	10.57	1449.64	1580.52
-14.57	10.57	1448.76	1614.42
-14.57	10.57	1447.88	1622.68
-14.57	10.57	1447.0	1696.4
-14.57	10.57	1446.13	1627.81
-14.57	10.57	1445.25	1576.31
-14.57	10.57	1444.37	1618.71
-14.57	10.57	1443.49	1766.33
-14.57	10.57	1442.61	1660.8
-14.57	10.57	1441.73	1563.84
-14.57	10.57	1440.85	1603.37
-14.57	10.57	1439.97	1733.84
-14.57	10.57	1439.09	1679.54
-14.57	10.57	1438.21	1642.31
-14.57	10.57	1437.33	1653.39
-14.57	10.57	1436.45	1763.88
-14.57	10.57	1435.57	1701.1
-14.57	10.57	1434.69	1590.07
-14.57	10.57	1433.81	1629.53
-14.57	10.57	1432.93	1629.25
-14.57	10.57	1432.05	1685.73
-14.57	10.57	1431.17	1685.43
-14.57	10.57	1430.29	1636.91
-14.57	10.57	1429.41	1682.01
-14.57	10.57	1428.52	1698.74
-14.57	10.57	1427.64	1729.63
-14.57	10.57	1426.76	1683.97
-14.57	10.57	1425.88	1652.5
-14.57	10.57	1425.0	1742.9
-14.57	10.57	1424.11	1697.26
-14.57	10.57	1423.23	1694.13
-14.57	10.57	1422.35	1696.67
-14.57	10.57	1421.47	1676.55
-14.57	10.57	1420.58	1741.39
-14.57	10.57	1419.7	1656.15
-14.57	10.57	1418.82	1627.56
-14.57	10.57	1417.93	1635.77
-14.57	10.57	1417.05	1776.96
-14.57	10.57	1416.17	1782.31
-14.57	10.57	1415.28	1733.91
-14.57	10.57	1414.4	1648.77
-14.57	10.57	1413.51	1772.9
-14.57	10.57	1412.63	1831.96
-14.57	10.57	1411.75	1698.79
-14.57	10.57	1410.86	1678.71
-14.57	10.57	1409.98	1825.35
-14.57	10.57	1409.09	1810.91
-14.57	10.57	1408.21	1759.75
-14.57	10.57	1407.32	1784.86
-14.57	10.57	1406.44	1824.08
-14.57	10.57	1405.55	1733.42
-14.57	10.57	1404.66	1752.88
-14.57	10.57	1403.78	1766.68
-14.57	10.57	1402.89	1732.52
-14.57	10.57	1402.01	1780.18
-14.57	10.57	1401.12	1762.94
-14.57	10.57	1400.23	1734.43
-14.57	10.57	1399.35	1773.61
-14.57	10.57	1398.46	1818.41
-14.57	10.57	1397.57	1787.08
-14.57	10.57	1396.69	1845.95
-14.57	10.57	1395.8	1724.47
-14.57	10.57	1394.91	1729.8
-14.57	10.57	1394.02	1839.36
-14.57	10.57	1393.14	1737.65
-14.57	10.57	1392.25	1880.95
-14.57	10.57	1391.36	1891.89
-14.57	10.57	1390.47	1852.15
-14.57	10.57	1389.58	1860.27
-14.57	10.57	1388.7	1888.08
-14.57	10.57	1387.81	1868.06
-14.57	10.57	1386.92	1895.87
-14.57	10.57	1386.03	1940.53
-14.57	10.57	1385.14	1853.03
-14.57	10.57	1384.25	1990.46
-14.57	10.57	1383.36	1956.38
-14.57	10.57	1382.47	2029.11
-14.57	10.57	1381.58	1986.61
-14.57	10.57	1380.69	1899.17
-14.57	10.57	1379.8	2120.75
-14.57	10.57	1378.91	2002.42
-14.57	10.57	1378.02	2097.54
-14.57	10.57	1377.13	1937.15
-14.57	10.57	1376.24	2124.88
-14.57	10.57	1375.35	2099.25
-14.57	10.57	1374.46	2006.29
-14.57	10.57	1373.57	2039.61
-14.57	10.57	1372.68	2095.35
-14.57	10.57	1371.78	2153.88
-14.57	10.57	1370.89	2072.19
-14.57	10.57	1370.0	2043.79
-14.57	10.57	1369.11	2206.01
-14.57	10.57	1368.22	2172.0
-14.57	10.57	1367.33	2129.58
-14.57	10.57	1366.43	2129.21
-14.57	10.57	1365.54	2123.24
-14.57	10.57	1364.65	2156.48
-14.57	10.57	1363.76	2122.5
-14.57	10.57	1362.86	2094.13
-14.57	10.57	1361.97	2186.14
-14.57	10.57	1361.08	2233.33
-14.57	10.57	1360.18	2132.21
-14.57	10.57	1359.29	2140.23
-14.57	10.57	1358.4	2170.63
-14.57	10.57	1357.5	2234.57
-14.57	10.57	1356.61	2211.81
-14.57	10.57	1355.71	2200.24
-14.57	10.57	1354.82	2261.35
-14.57	10.57	1353.92	2369.95
-14.57	10.57	1353.03	2344.39
-14.57	10.57	1352.13	2268.55
-14.57	10.57	1351.24	2343.57
-14.57	10.57	1350.34	2510.73
-14.57	10.57	1349.45	2420.94
-14.57	10.57	1348.55	2431.68
-14.57	10.57	1347.66	2397.76
-14.57	10.57	1346.76	2503.39
-14.57	10.57	1345.87	2558.76
-14.57	10.57	1344.97	2404.87
-14.57	10.57	1344.07	2421.19
-14.57	10.57	1343.18	2504.43
-14.57	10.57	1342.28	2612.74
-14.57	10.57	1341.38	2486.83
-14.57	10.57	1340.49	2425.07
-14.57	10.57	1339.59	2538.91
-14.57	10.57	1338.69	2516.18
-14.57	10.57	1337.8	2526.88
-14.57	10.57	1336.9	2537.58
-14.57	10.57	1336.0	2520.43
-14.57	10.57	1335.1	2625.8
-14.57	10.57	1334.2	2555.74
-14.57	10.57	1333.31	2499.62
-14.57	10.57	1332.41	2424.04
-14.57	10.57	1331.51	2729.7
-14.57	10.57	1330.61	2492.74
-14.57	10.57	1329.71	2392.17
-14.57	10.57	1328.81	2477.96
-14.57	10.57	1327.91	2549.83
-14.57	10.57	1327.02	2635.57
-14.57	10.57	1326.12	2521.14
-14.57	10.57	1325.22	2454.0
-14.57	10.57	1324.32	2464.68
-14.57	10.57	1323.42	2619.83
-14.57	10.57	1322.52	2427.71
-14.57	10.57	1321.62	2385.63
-14.57	10.57	1320.72	2540.7
-14.57	10.57	1319.82	2484.73
-14.57	10.57	1318.91	2478.75
-14.57	10.57	1318.01	2428.36
-14.57	10.57	1317.11	2511.18
-14.57	10.57	1316.21	2532.93
-14.57	10.57	1315.31	2518.62
-14.57	10.57	1314.41	2404.47
-14.57	10.57	1313.51	2534.37
-14.57	10.57	1312.61	2683.64
-14.57	10.57	1311.7	2597.24
-14.57	10.57	1310.8	2577.38
-14.57	10.57	1309.9	2615.72
-14.57	10.57	1309.0	2692.84
-14.57	10.57	1308.09	2642.51
-14.57	10.57	1307.19	2653.12
-14.57	10.57	1306.29	2600.05
-14.57	10.57	1305.39	2707.56
-14.57	10.57	1304.48	2834.41
-14.57	10.57	1303.58	2728.75
-14.57	10.57	1302.68	2778.08
-14.57	10.57	1301.77	2935.28
-14.57	10.57	1300.87	2920.94
-14.57	10.57	1299.96	2801.51
-14.57	10.57	1299.06	2690.41
-14.57	10.57	1298.16	2701.0
-14.57	10.57	1297.25	2750.28
-14.57	10.57	1296.35	2572.93
-14.57	10.57	1295.44	2558.66
-14.57	10.57	1294.54	2478.09
-14.57	10.57	1293.63	2480.42
-14.57	10.57	1292.73	2455.13
-14.57	10.57	1291.82	2283.5
-14.57	10.57	1290.92	2316.23
-14.57	10.57	1290.01	2326.87
-14.57	10.57	1289.1	2312.66
-14.57	10.57	1288.2	2273.62
-14.57	10.57	1287.29	2223.57
-14.57	10.57	1286.39	2316.96
-14.57	10.57	1285.48	2222.79
-14.57	10.57	1284.57	2161.73
-14.57	10.57	1283.67	2235.79
-14.57	10.57	1282.76	2213.35
-14.57	10.57	1281.85	2218.47
-14.57	10.57	1280.94	2157.46
-14.57	10.57	1280.04	2245.24
-14.57	10.57	1279.13	2198.02
-14.57	10.57	1278.22	2142.55
-14.57	10.57	1277.31	2095.37
-14.57	10.57	1276.41	2100.51
-14.57	10.57	1275.5	2130.42
-14.57	10.57	1274.59	2135.55
-14.57	10.57	1273.68	2077.39
-14.57	10.57	1272.77	2005.5
-14.57	10.57	1271.86	2104.16
-14.57	10.57	1270.95	2024.04
-14.57	10.57	1270.04	1952.2
-14.57	10.57	1269.13	1943.61
-14.57	10.57	1268.23	2025.72
-14.57	10.57	1267.32	2052.85
-14.57	10.57	1266.41	1959.07
-14.57	10.57	1265.5	1895.54
-14.57	10.57	1264.59	2027.05
-14.57	10.57	1263.67	2117.31
-14.57	10.57	1262.76	1913.76
-14.57	10.57	1261.85	1940.87
-14.57	10.57	1260.94	2058.56
-14.57	10.57	1260.03	1962.15
-14.57	10.57	1259.12	1852.05
-14.57	10.57	1258.21	1859.95
-14.57	10.57	1257.3	2081.79
-14.57	10.57	1256.39	2054.0
-14.57	10.57	1255.47	1943.97
-14.57	10.57	1254.56	1910.73
-14.57	10.57	1253.65	2025.51
-14.57	10.57	1252.74	2027.89
-14.57	10.57	1251.83	1939.86
-14.57	10.57	1250.91	1871.03
-14.57	10.57	1250.0	1977.52
-14.57	10.57	1249.09	2045.64
-14.57	10.57	1248.17	1974.09
-14.57	10.57	1247.26	1847.82
-14.57	10.57	1246.35	1935.07
-14.57	10.57	1245.43	1942.94
-14.57	10.57	1244.52	1830.42
-14.57	10.57	1243.61	1824.63
-14.57	10.57	1242.69	1851.66
-14.57	10.57	1241.78	2004.47
-14.57	10.57	1240.86	1949.43
-14.57	10.57	1239.95	1913.55
-14.57	10.57	1239.03	1877.69
-14.57	10.57	1238.12	1983.93
-14.57	10.57	1237.2	1964.45
-14.57	10.57	1236.29	1824.79
-14.57	10.57	1235.37	1862.71
-14.57	10.57	1234.46	1936.11
-14.57	10.57	1233.54	1889.35
-14.57	10.57	1232.63	1842.61
-14.57	10.57	1231.71	1787.7
-14.57	10.57	1230.8	1839.23
-14.57	10.57	1229.88	1822.54
-14.57	10.57	1228.96	1784.03
-14.57	10.57	1228.05	1723.71
-14.57	10.57	1227.13	1783.4
-14.57	10.57	1226.21	1799.44
-14.57	10.57	1225.3	1684.64
-14.57	10.57	1224.38	1667.99
-14.57	10.57	1223.46	1743.99
-14.57	10.57	1222.54	1773.65
-14.57	10.57	1221.63	1675.27
-14.57	10.57	1220.71	1789.37
-14.57	10.57	1219.79	1859.85
-14.57	10.57	1218.87	1845.91
-14.57	10.57	1217.95	1733.98
-14.57	10.57	1217.03	1673.8
-14.57	10.57	1216.12	1741.53
-14.57	10.57	1215.2	1762.99
-14.57	10.57	1214.28	1678.35
-14.57	10.57	1213.36	1691.65
-14.57	10.57	1212.44	1704.95
-14.57	10.57	1211.52	1644.84
-14.57	10.57	1210.6	1750.56
-14.57	10.57	1209.68	1611.64
-14.57	10.57	1208.76	1730.92
-14.57	10.57	1207.84	1678.99
-14.57	10.57	1206.92	1627.09
-14.57	10.57	1206.0	1564.34
-14.57	10.57	1205.08	1604.79
-14.57	10.57	1204.16	1753.83
-14.57	10.57	1203.24	1634.08
-14.57	10.57	1202.31	1584.94
-14.57	10.57	1201.39	1584.66
-14.57	10.57	1200.47	1690.19
-14.57	10.57	1199.55	1565.11
-14.57	10.57	1198.63	1570.26
-14.57	10.57	1197.71	1610.66
-14.57	10.57	1196.78	1632.06
-14.57	10.57	1195.86	1558.59
-14.57	10.57	1194.94	1512.24
-14.57	10.57	1194.02	1579.71
-14.57	10.57	1193.09	1546.92
-14.57	10.57	1192.17	1430.18
-14.57	10.57	1191.25	1538.25
-14.57	10.57	1190.32	1562.35
-14.57	10.57	1189.4	1540.41
-14.57	10.57	1188.48	1504.95
-14.57	10.57	1187.55	1512.81
-14.57	10.57	1186.63	1550.42
-14.57	10.57	1185.71	1577.2
-14.57	10.57	1184.78	1606.67
-14.57	10.57	1183.86	1565.82
-14.57	10.57	1182.93	1535.8
-14.57	10.57	1182.01	1516.61
-14.57	10.57	1181.08	1605.54
-14.57	10.57	1180.16	1583.63
-14.57	10.57	1179.23	1631.99
-14.57	10.57	1178.31	1637.1
-14.57	10.57	1177.38	1488.26
-14.57	10.57	1176.46	1501.5
-14.57	10.57	1175.53	1490.43
-14.57	10.57	1174.6	1627.84
-14.57	10.57	1173.68	1479.11
-14.57	10.57	1172.75	1468.05
-14.57	10.57	1171.82	1519.05
-14.57	10.57	1170.9	1597.02
-14.57	10.57	1169.97	1448.39
-14.57	10.57	1169.04	1512.85
-14.57	10.57	1168.12	1407.43
-14.57	10.57	1167.19	1544.67
-14.57	10.57	1166.26	1495.88
-14.57	10.57	1165.33	1479.44
-14.57	10.57	1164.41	1414.52
-14.57	10.57	1163.48	1460.06
-14.57	10.57	1162.55	1481.35
-14.57	10.57	1161.62	1413.77
-14.57	10.57	1160.69	1416.21
-14.57	10.57	1159.76	1547.86
-14.57	10.57	1158.84	1499.14
-14.57	10.57	1157.91	1377.78
-14.57	10.57	1156.98	1447.49
-14.57	10.57	1156.05	1414.95
-14.57	10.57	1155.12	1500.77
-14.57	10.57	1154.19	1336.47
-14.57	10.57	1153.26	1390.0
-14.57	10.57	1152.33	1448.89
-14.57	10.57	1151.4	1456.7
-14.57	10.57	1150.47	1394.64
-14.57	10.57	1149.54	1448.12
-14.57	10.57	1148.61	1490.85
-14.57	10.57	1147.68	1487.9
-14.57	10.57	1146.75	1390.96
-14.57	10.57	1145.81	1396.09
-14.57	10.57	1144.88	1468.31
-14.57	10.57	1143.95	1419.74
-14.57	10.57	1143.02	1406.08
-14.57	10.57	1142.09	1432.65
-14.57	10.57	1141.16	1435.08
-14.57	10.57	1140.22	1437.51
-14.57	10.57	1139.29	1335.36
-14.57	10.57	1138.36	1359.25
-14.57	10.57	1137.43	1417.98
-14.57	10.57	1136.49	1329.29
-14.57	10.57	1135.56	1342.45
-14.57	10.57	1134.63	1390.43
-14.57	10.57	1133.69	1481.26
-14.57	10.57	1132.76	1320.31
-14.57	10.57	1131.83	1320.08
-14.57	10.57	1130.89	1360.0
-14.57	10.57	1129.96	1415.97
-14.57	10.57	1129.02	1455.86
-14.57	10.57	1128.09	1367.3
-14.57	10.57	1127.16	1423.24
-14.57	10.57	1126.22	1388.21
-14.57	10.57	1125.29	1342.5
-14.57	10.57	1124.35	1395.74
-14.57	10.57	1123.42	1339.35
-14.57	10.57	1122.48	1421.97
-14.57	10.57	1121.55	1370.95
-14.57	10.57	1120.61	1290.54
-14.57	10.57	1119.67	1389.16
-14.57	10.57	1118.74	1388.91
-14.57	10.57	1117.8	1423.38
-14.57	10.57	1116.87	1327.01
-14.57	10.57	1115.93	1286.73
-14.57	10.57	1114.99	1363.9
-14.57	10.57	1114.06	1350.32
-14.57	10.57	1113.12	1270.03
-14.57	10.57	1112.18	1376.51
-14.57	10.57	1111.24	1378.93
-14.57	10.57	1110.31	1349.35
-14.57	10.57	1109.37	1370.44
-14.57	10.57	1108.43	1330.21
-14.57	10.57	1107.49	1343.3
-14.57	10.57	1106.55	1308.42
-14.57	10.57	1105.62	1273.55
-14.57	10.57	1104.68	1334.6
-14.57	10.57	1103.74	1374.31
-14.57	10.57	1102.8	1312.82
-14.57	10.57	1101.86	1248.68
-14.57	10.57	1100.92	1309.69
-14.57	10.57	1099.98	1338.73
-14.57	10.57	1099.04	1311.88
-14.57	10.57	1098.1	1205.23
-14.57	10.57	1097.16	1263.53
-14.57	10.57	1096.22	1321.82
-14.57	10.57	1095.28	1220.54
-14.57	10.57	1094.34	1193.73
-14.57	10.57	1093.4	1334.4
-14.57	10.57	1092.46	1257.09
-14.57	10.57	1091.52	1264.84
-14.57	10.57	1090.58	1333.69
-14.57	10.57	1089.64	1219.23
-14.57	10.57	1088.7	1224.33
-14.57	10.57	1087.76	1330.32
-14.57	10.57	1086.81	1282.3
-14.57	10.57	1085.87	1329.85
-14.57	10.57	1084.93	1236.72
-14.57	10.57	1083.99	1247.12
-14.57	10.57	1083.05	1281.38
-14.57	10.57	1082.1	1257.28
-14.57	10.57	1081.16	1302.14
-14.57	10.57	1080.22	1312.52
-14.57	10.57	1079.28	1243.35
-14.57	10.57	1078.33	1235.18
-14.57	10.57	1077.39	1181.96
-14.57	10.57	1076.45	1171.15
-14.57	10.57	1075.5	1157.69
-14.57	10.57	1074.56	1247.54
-14.57	10.57	1073.61	1281.75
-14.57	10.57	1072.67	1241.8
-14.57	10.57	1071.73	1223.05
-14.57	10.57	1070.78	1257.24
-14.57	10.57	1069.84	1262.31
-14.57	10.57	1068.89	1259.44
-14.57	10.57	1067.95	1198.37
-14.57	10.57	1067.0	1282.79
-14.57	10.57	1066.06	1248.19
-14.57	10.57	1065.11	1147.49
-14.57	10.57	1064.16	1200.16
-14.57	10.57	1063.22	1236.94
-14.57	10.57	1062.27	1289.58
-14.57	10.57	1061.33	1144.03
-14.57	10.57	1060.38	1188.73
-14.57	10.57	1059.43	1217.57
-14.57	10.57	1058.49	1315.06
-14.57	10.57	1057.54	1214.5
-14.57	10.57	1056.59	1161.49
-14.57	10.57	1055.65	1280.05
-14.57	10.57	1054.7	1282.46
-14.57	10.57	1053.75	1200.44
-14.57	10.57	1052.8	1229.24
-14.57	10.57	1051.85	1308.14
-14.57	10.57	1050.91	1310.55
-14.57	10.57	1049.96	1302.4
-14.57	10.57	1049.01	1291.63
-14.57	10.57	1048.06	1373.1
-14.57	10.57	1047.11	1314.88
-14.57	10.57	1046.16	1309.37
-14.57	10.57	1045.21	1359.19
-14.57	10.57	1044.27	1311.54
-14.57	10.57	1043.32	1234.94
-14.57	10.57	1042.37	1216.29
-14.57	10.57	1041.42	1352.95
-14.57	10.57	1040.47	1300.08
-14.57	10.57	1039.52	1305.11
-14.57	10.57	1038.57	1246.99
-14.57	10.57	1037.62	1270.44
-14.57	10.57	1036.67	1293.89
-14.57	10.57	1035.71	1296.28
-14.57	10.57	1034.76	1204.04
-14.57	10.57	1033.81	1277.42
-14.57	10.57	1032.86	1245.66
-14.57	10.57	1031.91	1248.06
-14.57	10.57	1030.96	1161.15
-14.57	10.57	1030.01	1202.96
-14.57	10.57	1029.05	1307.79
-14.57	10.57	1028.1	1197.28
-14.57	10.57	1027.15	1225.94
-14.57	10.57	1026.2	1223.1
-14.57	10.57	1025.24	1207.13
-14.57	10.57	1024.29	1206.92
-14.57	10.57	1023.34	1156.86
-14.57	10.57	1022.39	1261.56
-14.57	10.57	1021.43	1240.36
-14.57	10.57	1020.48	1153.62
-14.57	10.57	1019.52	1250.4
-14.57	10.57	1018.57	1271.14
-14.57	10.57	1017.62	1278.78
-14.57	10.57	1016.66	1239.25
-14.57	10.57	1015.71	1231.17
-14.57	10.57	1014.75	1293.8
-14.57	10.57	1013.8	1175.74
-14.57	10.57	1012.84	1225.27
-14.57	10.57	1011.89	1191.02
-14.57	10.57	1010.93	1185.57
-14.57	10.57	1009.98	1159.19
-14.57	10.57	1009.02	1135.44
-14.57	10.57	1008.07	1166.63
-14.57	10.57	1007.11	1174.26
-14.57	10.57	1006.16	1179.28
-14.57	10.57	1005.2	1105.87
-14.57	10.57	1004.24	1228.52
-14.57	10.57	1003.29	1254.44
-14.57	10.57	1002.33	1165.37
-14.57	10.57	1001.37	1125.97
-14.57	10.57	1000.41	1076.14
-14.57	10.57	999.4580000000001	1219.59
-14.57	10.57	998.5	1182.81
-14.57	10.57	997.543	1117.34
-14.57	10.57	996.585	1174.56
-14.57	10.57	995.627	1192.61
-14.57	10.57	994.669	1088.03
-14.57	10.57	993.71	1090.45
-14.57	10.57	992.752	1100.68
-14.57	10.57	991.793	1165.68
-14.57	10.57	990.834	1196.76
-14.57	10.57	989.875	1126.16
-14.57	10.57	988.916	1118.14
-14.57	10.57	987.957	1125.75
-14.57	10.57	986.997	1135.97
-14.57	10.57	986.0369999999999	1062.83
-14.57	10.57	985.078	1130.36
-14.57	10.57	984.118	1177.03
-14.57	10.57	983.1569999999999	1101.31
-14.57	10.57	982.197	1082.89
-14.57	10.57	981.2360000000001	1095.71
-14.57	10.57	980.2760000000001	1168.37
-14.57	10.57	979.315	1097.92
-14.57	10.57	978.3539999999999	1100.32
-14.57	10.57	977.3919999999999	1178.15
-14.57	10.57	976.431	1112.93
-14.57	10.57	975.4689999999999	1058.13
-14.57	10.57	974.508	1122.93
-14.57	10.57	973.546	1138.32
-14.57	10.57	972.584	1119.92
-14.57	10.57	971.6210000000001	1067.76
-14.57	10.57	970.659	1096.14
-14.57	10.57	969.696	1106.33
-14.57	10.57	968.7330000000001	1080.17
-14.57	10.57	967.77	1038.44
-14.57	10.57	966.807	1110.93
-14.57	10.57	965.8439999999999	1118.51
-14.57	10.57	964.88	1087.18
-14.57	10.57	963.9169999999999	1068.82
-14.57	10.57	962.953	1097.16
-14.57	10.57	961.9889999999999	1081.4
-14.57	10.57	961.025	1094.17
-14.57	10.57	960.06	1083.61
-14.57	10.57	959.096	1098.96
-14.57	10.57	958.1310000000001	1132.45
-14.57	10.57	957.166	1085.61
-14.57	10.57	956.201	1090.6
-14.57	10.57	955.2360000000001	1147.38
-14.57	10.57	954.27	1131.64
-14.57	10.57	953.305	1105.54
-14.57	10.57	952.3389999999999	1094.99
-14.57	10.57	951.373	1151.73
-14.57	10.57	950.4069999999999	1107.54
-14.57	10.57	949.441	1073.7
-14.57	10.57	948.4739999999999	1151.11
-14.57	10.57	947.508	1109.52
-14.57	10.57	946.541	1127.42
-14.57	10.57	945.574	1067.76
-14.57	10.57	944.607	1080.49
-14.57	10.57	943.6389999999999	1111.31
-14.57	10.57	942.672	1087.85
-14.57	10.57	941.704	1144.49
-14.57	10.57	940.7360000000001	1146.87
-14.57	10.57	939.768	1092.43
-14.57	10.57	938.8	1174.86
-14.57	10.57	937.832	1081.71
-14.57	10.57	936.863	1213.15
-14.57	10.57	935.8939999999999	1223.26
-14.57	10.57	934.926	1114.67
-14.57	10.57	933.956	1086.09
-14.57	10.57	932.987	1220.02
-14.57	10.57	932.018	1152.75
-14.57	10.57	931.048	1111.29
-14.57	10.57	930.078	1147.18
-14.57	10.57	929.1080000000001	1139.24
-14.57	10.57	928.138	1141.61
-14.57	10.57	927.168	1095.02
-14.57	10.57	926.198	1097.4
-14.57	10.57	925.227	1135.84
-14.57	10.57	924.2560000000001	1151.08
-14.57	10.57	923.285	1156.03
-14.57	10.57	922.314	1137.8
-14.57	10.57	921.3430000000001	1191.64
-14.57	10.57	920.3710000000001	1178.56
-14.57	10.57	919.3989999999999	1114.03
-14.57	10.57	918.427	1183.28
-14.57	10.57	917.455	1193.35
-14.57	10.57	916.4830000000001	1180.28
-14.57	10.57	915.5110000000001	1123.51
-14.57	10.57	914.538	1192.71
-14.57	10.57	913.565	1197.63
-14.57	10.57	912.5930000000001	1199.98
-14.57	10.57	911.6189999999999	1153.52
-14.57	10.57	910.6460000000001	1125.06
-14.57	10.57	909.673	1147.97
-14.57	10.57	908.699	1140.06
-14.57	10.57	907.725	1029.46
-14.57	10.57	906.7510000000001	1198.68
-14.57	10.57	905.7769999999999	1131.74
-14.57	10.57	904.803	1087.92
-14.57	10.57	903.828	1074.9
-14.57	10.57	902.8539999999999	1087.53
-14.57	10.57	901.8789999999999	1123.23
-14.57	10.57	900.904	1099.95
-14.57	10.57	899.928	1135.64
-14.57	10.57	898.953	1248.21
-14.57	10.57	897.977	1155.73
-14.57	10.57	897.002	1142.72
-14.57	10.57	896.0260000000001	1083.59
-14.57	10.57	895.05	1050.1
-14.57	10.57	894.073	1103.68
-14.57	10.57	893.097	1031.8
-14.57	10.57	892.12	1085.37
-14.57	10.57	891.1439999999999	1179.87
-14.57	10.57	890.1669999999999	1061.94
-14.57	10.57	889.189	1059.19
-14.57	10.57	888.212	1117.83
-14.57	10.57	887.235	1107.4
-14.57	10.57	886.257	1081.63
-14.57	10.57	885.279	1025.19
-14.57	10.57	884.301	1117.03
-14.57	10.57	883.323	1144.94
-14.57	10.57	882.3439999999999	1052.74
-14.57	10.57	881.3660000000001	1090.87
-14.57	10.57	880.387	1103.45
-14.57	10.57	879.408	1100.69
-14.57	10.57	878.429	1115.81
-14.57	10.57	877.45	1110.51
-14.57	10.57	876.47	1120.51
-14.57	10.57	875.4910000000001	1110.1
-14.57	10.57	874.5110000000001	1058.87
-14.57	10.57	873.5310000000001	1178.58
-14.57	10.57	872.551	1178.37
-14.57	10.57	871.57	1073.6
-14.57	10.57	870.59	1081.05
-14.57	10.57	869.6089999999999	1106.35
-14.57	10.57	868.628	1113.79
-14.57	10.57	867.6469999999999	1111.04
-14.57	10.57	866.666	1138.87
-14.57	10.57	865.684	1131.02
-14.57	10.57	864.703	1153.74
-14.57	10.57	863.721	1023.66
-14.57	10.57	862.7389999999999	1125.31
-14.57	10.57	861.757	1142.93
-14.57	10.57	860.775	1122.36
-14.57	10.57	859.7919999999999	1170.5
-14.57	10.57	858.81	1127.04
-14.57	10.57	857.827	1164.99
-14.57	10.57	856.8439999999999	1174.95
-14.57	10.57	855.86	1095.92
-14.57	10.57	854.877	1177.07
-14.57	10.57	853.8939999999999	1184.48
-14.57	10.57	852.91	1232.55
-14.57	10.57	851.926	1189.13
-14.57	10.57	850.942	1280.37
-14.57	10.57	849.9580000000001	1257.28
-14.57	10.57	848.9730000000001	1191.03
-14.57	10.57	847.988	1206.04
-14.57	10.57	847.0039999999999	1292.14
-14.57	10.57	846.0189999999999	1218.3
-14.57	10.57	845.034	1114.03
-14.57	10.57	844.048	1172.18
-14.57	10.57	843.063	1225.24
-14.57	10.57	842.077	1093.13
-14.57	10.57	841.091	1108.15
-14.57	10.57	840.105	1118.09
-14.57	10.57	839.1189999999999	1128.03
-14.57	10.57	838.132	1084.74
-14.57	10.57	837.1460000000001	1140.29
-14.57	10.57	836.159	1147.68
-14.57	10.57	835.172	1122.14
-14.57	10.57	834.185	1114.34
-14.57	10.57	833.198	1096.41
-14.57	10.57	832.21	1222.8
-14.57	10.57	831.222	1235.23
-14.57	10.57	830.235	1131.25
-14.57	10.57	829.247	1131.04
-14.57	10.57	828.258	1138.42
-14.57	10.57	827.27	1158.45
-14.57	10.57	826.2810000000001	1105.14
-14.57	10.57	825.293	1094.82
-14.57	10.57	824.304	1109.79
-14.57	10.57	823.315	1139.92
-14.57	10.57	822.325	1074.01
-14.57	10.57	821.336	1116.76
-14.57	10.57	820.346	1151.93
-14.57	10.57	819.3560000000001	1126.46
-14.57	10.57	818.3660000000001	1070.7
-14.57	10.57	817.3760000000001	1098.28
-14.57	10.57	816.3860000000001	1105.65
-14.57	10.57	815.395	1143.31
-14.57	10.57	814.405	1097.68
-14.57	10.57	813.414	1082.34
-14.57	10.57	812.423	1140.16
-14.57	10.57	811.431	1081.95
-14.57	10.57	810.44	1094.36
-14.57	10.57	809.448	1139.54
-14.57	10.57	808.456	1106.56
-14.57	10.57	807.4639999999999	1061.0
-14.57	10.57	806.472	1091.04
-14.57	10.57	805.48	1103.44
-14.57	10.57	804.487	1030.19
-14.57	10.57	803.495	1098.0
-14.57	10.57	802.502	1100.32
-14.57	10.57	801.5089999999999	1142.92
-14.57	10.57	800.5160000000001	1112.5
-14.57	10.57	799.5219999999999	1082.1
-14.57	10.57	798.528	1172.48
-14.57	10.57	797.535	1081.71
-14.57	10.57	796.541	1066.42
-14.57	10.57	795.547	1114.01
-14.57	10.57	794.552	1058.49
-14.57	10.57	793.558	1053.27
-14.57	10.57	792.563	1065.64
-14.57	10.57	791.568	1080.53
-14.57	10.57	790.573	1130.58
-14.57	10.57	789.578	1090.18
-14.57	10.57	788.582	1007.1
-14.57	10.57	787.587	1122.43
-14.57	10.57	786.591	1069.5
-14.57	10.57	785.595	1137.08
-14.57	10.57	784.5989999999999	1033.98
-14.57	10.57	783.602	1126.63
-14.57	10.57	782.6060000000001	1086.28
-14.57	10.57	781.6089999999999	1058.49
-14.57	10.57	780.612	1088.39
-14.57	10.57	779.615	1125.81
-14.57	10.57	778.618	1042.87
-14.57	10.57	777.6210000000001	1095.32
-14.57	10.57	776.623	1042.49
-14.57	10.57	775.625	1049.82
-14.57	10.57	774.627	1072.17
-14.57	10.57	773.6289999999999	1066.97
-14.57	10.57	772.6310000000001	1061.76
-14.57	10.57	771.632	1124.16
-14.57	10.57	770.6339999999999	1018.82
-14.57	10.57	769.635	1051.17
-14.57	10.57	768.6360000000001	1028.46
-14.57	10.57	767.6360000000001	1068.3
-14.57	10.57	766.637	1108.13
-14.57	10.57	765.637	1092.92
-14.57	10.57	764.637	1122.73
-14.57	10.57	763.638	1082.52
-14.57	10.57	762.637	1122.32
-14.57	10.57	761.637	1164.6
-14.57	10.57	760.6360000000001	1161.89
-14.57	10.57	759.6360000000001	1144.19
-14.57	10.57	758.635	1089.03
-14.57	10.57	757.6339999999999	1101.31
-14.57	10.57	756.633	1123.59
-14.57	10.57	755.6310000000001	1058.47
-14.57	10.57	754.6289999999999	1070.76
-14.57	10.57	753.628	1152.92
-14.57	10.57	752.6260000000001	1115.28
-14.57	10.57	751.623	1102.6
-14.57	10.57	750.6210000000001	1062.5
-14.57	10.57	749.6189999999999	1159.55
-14.57	10.57	748.6160000000001	1146.88
-14.57	10.57	747.613	1114.26
-14.57	10.57	746.61	1126.52
-14.57	10.57	745.607	1168.67
-14.57	10.57	744.6030000000001	1118.63
-14.57	10.57	743.5989999999999	1115.94
-14.57	10.57	742.596	1202.9
-14.57	10.57	741.592	1205.17
-14.57	10.57	740.587	1117.81
-14.57	10.57	739.5830000000001	1159.92
-14.57	10.57	738.579	1231.88
-14.57	10.57	737.574	1154.52
-14.57	10.57	736.569	1236.41
-14.57	10.57	735.564	1156.59
-14.57	10.57	734.558	1188.71
-14.57	10.57	733.553	1138.76
-14.57	10.57	732.547	1155.95
-14.57	10.57	731.541	1205.45
-14.57	10.57	730.535	1180.38
-14.57	10.57	729.529	1078.3
-14.57	10.57	728.523	1194.85
-14.57	10.57	727.5160000000001	1130.06
-14.57	10.57	726.5089999999999	1134.82
-14.57	10.57	725.503	1075.03
-14.57	10.57	724.495	1126.96
-14.57	10.57	723.488	1159.01
-14.57	10.57	722.4810000000001	1133.99
-14.57	10.57	721.4730000000001	1019.66
-14.57	10.57	720.465	1136.05
-14.57	10.57	719.457	1086.24
-14.57	10.57	718.449	1033.97
-14.57	10.57	717.44	1120.55
-14.57	10.57	716.432	1125.31
-14.57	10.57	715.423	1105.27
-14.57	10.57	714.414	1062.95
-14.57	10.57	713.405	1144.51
-14.57	10.57	712.395	1131.91
-14.57	10.57	711.3860000000001	1087.13
-14.57	10.57	710.3760000000001	1052.27
-14.57	10.57	709.3660000000001	1039.7
-14.57	10.57	708.3560000000001	1091.48
-14.57	10.57	707.346	977.452
-14.57	10.57	706.335	1039.12
-14.57	10.57	705.325	1127.99
-14.57	10.57	704.314	1075.84
-14.57	10.57	703.303	1011.35
-14.57	10.57	702.2919999999999	1082.86
-14.57	10.57	701.28	1117.27
-14.57	10.57	700.2689999999999	1052.81
-14.57	10.57	699.257	1037.79
-14.57	10.57	698.245	1054.89
-14.57	10.57	697.2330000000001	1025.06
-14.57	10.57	696.22	982.89
-14.57	10.57	695.2080000000001	1069.13
-14.57	10.57	694.195	1088.68
-14.57	10.57	693.182	1108.23
-14.57	10.57	692.169	1083.35
-14.57	10.57	691.1560000000001	1102.89
-14.57	10.57	690.143	1134.75
-14.57	10.57	689.1289999999999	1038.35
-14.57	10.57	688.115	1038.16
-14.57	10.57	687.1010000000001	1018.25
-14.57	10.57	686.087	1136.38
-14.57	10.57	685.073	1089.35
-14.57	10.57	684.058	1042.33
-14.57	10.57	683.043	1074.17
-14.57	10.57	682.028	1103.53
-14.57	10.57	681.013	1066.38
-14.57	10.57	679.998	1073.57
-14.57	10.57	678.9830000000001	1107.84
-14.57	10.57	677.967	1048.57
-14.57	10.57	676.951	1009.0
-14.57	10.57	675.935	1033.42
-14.57	10.57	674.919	1070.13
-14.57	10.57	673.9019999999999	1047.79
-14.57	10.57	672.8860000000001	1099.24
-14.57	10.57	671.8689999999999	1103.96
-14.57	10.57	670.852	1002.97
-14.57	10.57	669.835	1066.69
-14.57	10.57	668.817	1068.95
-14.57	10.57	667.8	1036.81
-14.57	10.57	666.7819999999999	1078.38
-14.57	10.57	665.7639999999999	1088.01
-14.57	10.57	664.7460000000001	1097.63
-14.57	10.57	663.7280000000001	1117.07
-14.57	10.57	662.709	1072.68
-14.57	10.57	661.691	1109.29
-14.57	10.57	660.672	1114.0
-14.57	10.57	659.653	1064.73
-14.57	10.57	658.6339999999999	1089.06
-14.57	10.57	657.6139999999999	1125.64
-14.57	10.57	656.595	1103.37
-14.57	10.57	655.575	1105.62
-14.57	10.57	654.555	1046.59
-14.57	10.57	653.535	1070.9
-14.57	10.57	652.514	1060.91
-14.57	10.57	651.494	1077.86
-14.57	10.57	650.4730000000001	1124.19
-14.57	10.57	649.452	1072.56
-14.57	10.57	648.431	1069.92
-14.57	10.57	647.41	1099.09
-14.57	10.57	646.388	1140.5
-14.57	10.57	645.366	1091.35
-14.57	10.57	644.345	1059.34
-14.57	10.57	643.323	1088.5
-14.57	10.57	642.3	1129.88
-14.57	10.57	641.278	1163.9
-14.57	10.57	640.255	1122.13
-14.57	10.57	639.232	1129.25
-14.57	10.57	638.2090000000001	1187.69
-14.57	10.57	637.186	1136.17
-14.57	10.57	636.163	1035.8
-14.57	10.57	635.139	1155.29
-14.57	10.57	634.116	1150.19
-14.57	10.57	633.092	1076.73
-14.57	10.57	632.068	1142.44
-14.57	10.57	631.043	1171.52
-14.57	10.57	630.019	1142.02
-14.57	10.57	628.994	1095.45
-14.57	10.57	627.969	1114.77
-14.57	10.57	626.944	1124.32
-14.57	10.57	625.919	1087.53
-14.57	10.57	624.893	1067.83
-14.57	10.57	623.868	1094.44
-14.57	10.57	622.842	1116.18
-14.57	10.57	621.816	1057.49
-14.57	10.57	620.79	1030.5
-14.57	10.57	619.763	1066.84
-14.57	10.57	618.737	1056.91
-14.57	10.57	617.71	1098.1
-14.57	10.57	616.683	1032.17
-14.57	10.57	615.656	1190.19
-14.57	10.57	614.629	1036.66
-14.57	10.57	613.601	1128.92
-14.57	10.57	612.573	1077.63
-14.57	10.57	611.545	1169.85
-14.57	10.57	610.5169999999999	1065.07
-14.57	10.57	609.489	1089.19
-14.57	10.57	608.461	1069.54
-14.57	10.57	607.432	1057.19
-14.57	10.57	606.403	1049.71
-14.57	10.57	605.374	1078.67
-14.57	10.57	604.345	1102.76
-14.57	10.57	603.315	1119.55
-14.57	10.57	602.286	1078.07
-14.57	10.57	601.256	1128.85
-14.57	10.57	600.226	1116.5
