-3.83	21.83	1799.66	782.41
-3.83	21.83	1798.84	782.278
-3.83	21.83	1798.03	687.433
-3.83	21.83	1797.21	809.507
-3.83	21.83	1796.39	815.4780000000001
-3.83	21.83	1795.57	781.75
-3.83	21.83	1794.75	751.086
-3.83	21.83	1793.93	824.2230000000001
-3.83	21.83	1793.11	763.041
-3.83	21.83	1792.29	747.654
-3.83	21.83	1791.47	774.988
-3.83	21.83	1790.65	771.806
-3.83	21.83	1789.84	780.826
-3.83	21.83	1789.02	808.14
-3.83	21.83	1788.2	798.857
-3.83	21.83	1787.38	765.188
-3.83	21.83	1786.56	780.299
-3.83	21.83	1785.73	783.2139999999999
-3.83	21.83	1784.91	813.552
-3.83	21.83	1784.09	749.438
-3.83	21.83	1783.27	798.047
-3.83	21.83	1782.45	788.7760000000001
-3.83	21.83	1781.63	773.418
-3.83	21.83	1780.81	828.087
-3.83	21.83	1779.99	824.903
-3.83	21.83	1779.17	785.199
-3.83	21.83	1778.35	806.367
-3.83	21.83	1777.52	784.934
-3.83	21.83	1776.7	763.508
-3.83	21.83	1775.88	812.04
-3.83	21.83	1775.06	854.475
-3.83	21.83	1774.24	808.7260000000001
-3.83	21.83	1773.41	805.549
-3.83	21.83	1772.59	793.2560000000001
-3.83	21.83	1771.77	841.742
-3.83	21.83	1770.95	759.566
-3.83	21.83	1770.12	747.2869999999999
-3.83	21.83	1769.3	798.793
-3.83	21.83	1768.48	807.768
-3.83	21.83	1767.65	847.102
-3.83	21.83	1766.83	774.102
-3.83	21.83	1766.01	831.64
-3.83	21.83	1765.18	785.9789999999999
-3.83	21.83	1764.36	813.153
-3.83	21.83	1763.53	788.747
-3.83	21.83	1762.71	825.0110000000001
-3.83	21.83	1761.88	821.8380000000001
-3.83	21.83	1761.06	797.442
-3.83	21.83	1760.24	791.2439999999999
-3.83	21.83	1759.41	879.0110000000001
-3.83	21.83	1758.59	766.732
-3.83	21.83	1757.76	830.2330000000001
-3.83	21.83	1756.94	814.945
-3.83	21.83	1756.11	845.097
-3.83	21.83	1755.28	769.2410000000001
-3.83	21.83	1754.46	787.279
-3.83	21.83	1753.63	874.942
-3.83	21.83	1752.81	902.0369999999999
-3.83	21.83	1751.98	817.143
-3.83	21.83	1751.16	817.005
-3.83	21.83	1750.33	783.587
-3.83	21.83	1749.5	825.803
-3.83	21.83	1748.68	810.541
-3.83	21.83	1747.85	822.4989999999999
-3.83	21.83	1747.02	807.243
-3.83	21.83	1746.2	819.197
-3.83	21.83	1745.37	879.5060000000001
-3.83	21.83	1744.54	861.2260000000001
-3.83	21.83	1743.71	818.7810000000001
-3.83	21.83	1742.89	848.85
-3.83	21.83	1742.06	839.645
-3.83	21.83	1741.23	851.582
-3.83	21.83	1740.4	848.419
-3.83	21.83	1739.57	799.9739999999999
-3.83	21.83	1738.75	899.441
-3.83	21.83	1737.92	881.182
-3.83	21.83	1737.09	929.309
-3.83	21.83	1736.26	850.716
-3.83	21.83	1735.43	835.4910000000001
-3.83	21.83	1734.6	886.6160000000001
-3.83	21.83	1733.77	853.298
-3.83	21.83	1732.94	853.154
-3.83	21.83	1732.11	856.023
-3.83	21.83	1731.28	907.11
-3.83	21.83	1730.45	891.89
-3.83	21.83	1729.62	870.65
-3.83	21.83	1728.8	825.321
-3.83	21.83	1727.96	789.0419999999999
-3.83	21.83	1727.13	834.074
-3.83	21.83	1726.3	948.335
-3.83	21.83	1725.47	830.7810000000001
-3.83	21.83	1724.64	839.668
-3.83	21.83	1723.81	845.544
-3.83	21.83	1722.98	887.52
-3.83	21.83	1722.15	899.4010000000001
-3.83	21.83	1721.32	818.046
-3.83	21.83	1720.49	808.8860000000001
-3.83	21.83	1719.66	856.852
-3.83	21.83	1718.82	943.88
-3.83	21.83	1717.99	883.6110000000001
-3.83	21.83	1717.16	898.485
-3.83	21.83	1716.33	895.328
-3.83	21.83	1715.5	883.16
-3.83	21.83	1714.66	910.041
-3.83	21.83	1713.83	939.916
-3.83	21.83	1713.0	867.698
-3.83	21.83	1712.17	894.568
-3.83	21.83	1711.33	888.413
-3.83	21.83	1710.5	855.252
-3.83	21.83	1709.67	861.1080000000001
-3.83	21.83	1708.83	875.961
-3.83	21.83	1708.0	941.798
-3.83	21.83	1707.17	896.655
-3.83	21.83	1706.33	917.4910000000001
-3.83	21.83	1705.5	950.311
-3.83	21.83	1704.66	938.16
-3.83	21.83	1703.83	929.01
-3.83	21.83	1703.0	931.8480000000001
-3.83	21.83	1702.16	865.7819999999999
-3.83	21.83	1701.33	922.545
-3.83	21.83	1700.49	910.41
-3.83	21.83	1699.66	1053.98
-3.83	21.83	1698.82	955.0060000000001
-3.83	21.83	1697.99	936.8839999999999
-3.83	21.83	1697.15	981.6160000000001
-3.83	21.83	1696.32	1041.29
-3.83	21.83	1695.48	879.563
-3.83	21.83	1694.64	888.387
-3.83	21.83	1693.81	957.0219999999999
-3.83	21.83	1692.97	992.742
-3.83	21.83	1692.14	950.717
-3.83	21.83	1691.3	953.544
-3.83	21.83	1690.46	1004.19
-3.83	21.83	1689.63	941.2669999999999
-3.83	21.83	1688.79	994.885
-3.83	21.83	1687.95	899.127
-3.83	21.83	1687.12	994.546
-3.83	21.83	1686.28	1015.28
-3.83	21.83	1685.44	1015.11
-3.83	21.83	1684.6	1014.93
-3.83	21.83	1683.77	990.8839999999999
-3.83	21.83	1682.93	1011.6
-3.83	21.83	1682.09	960.711
-3.83	21.83	1681.25	954.581
-3.83	21.83	1680.41	954.418
-3.83	21.83	1679.58	966.184
-3.83	21.83	1678.74	945.148
-3.83	21.83	1677.9	1028.46
-3.83	21.83	1677.06	1028.28
-3.83	21.83	1676.22	1001.29
-3.83	21.83	1675.38	1030.91
-3.83	21.83	1674.54	956.2589999999999
-3.83	21.83	1673.7	1018.64
-3.83	21.83	1672.86	970.823
-3.83	21.83	1672.02	1045.09
-3.83	21.83	1671.18	1024.08
-3.83	21.83	1670.34	1104.27
-3.83	21.83	1669.5	1080.27
-3.83	21.83	1668.66	1017.6
-3.83	21.83	1667.82	1050.15
-3.83	21.83	1666.98	1103.51
-3.83	21.83	1666.14	1076.56
-3.83	21.83	1665.3	1079.35
-3.83	21.83	1664.46	1091.06
-3.83	21.83	1663.62	1120.6
-3.83	21.83	1662.78	1052.05
-3.83	21.83	1661.94	1102.39
-3.83	21.83	1661.1	1057.63
-3.83	21.83	1660.25	1102.01
-3.83	21.83	1659.41	1072.12
-3.83	21.83	1658.57	1116.48
-3.83	21.83	1657.73	1048.01
-3.83	21.83	1656.89	1098.29
-3.83	21.83	1656.04	1092.17
-3.83	21.83	1655.2	1172.1
-3.83	21.83	1654.36	1121.46
-3.83	21.83	1653.52	1112.37
-3.83	21.83	1652.67	1124.04
-3.83	21.83	1651.83	1212.81
-3.83	21.83	1650.99	1117.73
-3.83	21.83	1650.14	1117.54
-3.83	21.83	1649.3	1164.77
-3.83	21.83	1648.46	1247.54
-3.83	21.83	1647.61	1173.26
-3.83	21.83	1646.77	1235.27
-3.83	21.83	1645.92	1258.75
-3.83	21.83	1645.08	1214.12
-3.83	21.83	1644.24	1258.32
-3.83	21.83	1643.39	1272.91
-3.83	21.83	1642.55	1213.5
-3.83	21.83	1641.7	1293.19
-3.83	21.83	1640.86	1284.09
-3.83	21.83	1640.01	1399.24
-3.83	21.83	1639.17	1277.74
-3.83	21.83	1638.32	1292.3
-3.83	21.83	1637.48	1392.61
-3.83	21.83	1636.63	1433.76
-3.83	21.83	1635.78	1401.0
-3.83	21.83	1634.94	1332.79
-3.83	21.83	1634.09	1450.75
-3.83	21.83	1633.25	1477.09
-3.83	21.83	1632.4	1405.95
-3.83	21.83	1631.55	1373.23
-3.83	21.83	1630.71	1514.72
-3.83	21.83	1629.86	1517.41
-3.83	21.83	1629.01	1632.27
-3.83	21.83	1628.16	1519.84
-3.83	21.83	1627.32	1566.8
-3.83	21.83	1626.47	1483.92
-3.83	21.83	1625.62	1710.79
-3.83	21.83	1624.77	1683.96
-3.83	21.83	1623.93	1539.19
-3.83	21.83	1623.08	1615.57
-3.83	21.83	1622.23	1727.31
-3.83	21.83	1621.38	1715.22
-3.83	21.83	1620.53	1664.84
-3.83	21.83	1619.69	1749.99
-3.83	21.83	1618.84	1661.32
-3.83	21.83	1617.99	1652.2
-3.83	21.83	1617.14	1749.09
-3.83	21.83	1616.29	1701.69
-3.83	21.83	1615.44	1736.72
-3.83	21.83	1614.59	1860.03
-3.83	21.83	1613.74	1765.55
-3.83	21.83	1612.89	1791.72
-3.83	21.83	1612.04	1723.76
-3.83	21.83	1611.19	1814.64
-3.83	21.83	1610.34	1770.22
-3.83	21.83	1609.49	1752.28
-3.83	21.83	1608.64	1784.31
-3.83	21.83	1607.79	1928.02
-3.83	21.83	1606.94	1889.49
-3.83	21.83	1606.09	1859.78
-3.83	21.83	1605.24	1838.9
-3.83	21.83	1604.39	1873.83
-3.83	21.83	1603.54	1829.46
-3.83	21.83	1602.68	1861.45
-3.83	21.83	1601.83	1887.55
-3.83	21.83	1600.98	1787.43
-3.83	21.83	1600.13	1842.88
-3.83	21.83	1599.28	1921.78
-3.83	21.83	1598.42	1874.52
-3.83	21.83	1597.57	1768.61
-3.83	21.83	1596.72	1865.08
-3.83	21.83	1595.87	1888.21
-3.83	21.83	1595.01	1908.41
-3.83	21.83	1594.16	1814.29
-3.83	21.83	1593.31	1793.47
-3.83	21.83	1592.45	1939.66
-3.83	21.83	1591.6	1854.37
-3.83	21.83	1590.75	1792.54
-3.83	21.83	1589.89	1859.59
-3.83	21.83	1589.04	1882.7
-3.83	21.83	1588.19	1853.1
-3.83	21.83	1587.33	1823.51
-3.83	21.83	1586.48	1773.45
-3.83	21.83	1585.62	1819.96
-3.83	21.83	1584.77	1866.45
-3.83	21.83	1583.91	1869.06
-3.83	21.83	1583.06	1804.4
-3.83	21.83	1582.2	1769.0
-3.83	21.83	1581.35	1935.34
-3.83	21.83	1580.49	1835.62
-3.83	21.83	1579.64	1849.92
-3.83	21.83	1578.78	1884.67
-3.83	21.83	1577.93	1963.22
-3.83	21.83	1577.07	1942.44
-3.83	21.83	1576.21	1977.15
-3.83	21.83	1575.36	1862.93
-3.83	21.83	1574.5	1818.82
-3.83	21.83	1573.65	1888.56
-3.83	21.83	1572.79	1943.69
-3.83	21.83	1571.93	1855.82
-3.83	21.83	1571.08	1738.8
-3.83	21.83	1570.22	1817.26
-3.83	21.83	1569.36	1796.53
-3.83	21.83	1568.5	1682.5
-3.83	21.83	1567.65	1708.45
-3.83	21.83	1566.79	1778.12
-3.83	21.83	1565.93	1856.5
-3.83	21.83	1565.07	1666.78
-3.83	21.83	1564.21	1666.49
-3.83	21.83	1563.36	1709.9
-3.83	21.83	1562.5	1744.55
-3.83	21.83	1561.64	1732.6
-3.83	21.83	1560.78	1615.85
-3.83	21.83	1559.92	1630.13
-3.83	21.83	1559.06	1728.8
-3.83	21.83	1558.2	1696.49
-3.83	21.83	1557.34	1687.47
-3.83	21.83	1556.49	1623.19
-3.83	21.83	1555.63	1698.53
-3.83	21.83	1554.77	1738.95
-3.83	21.83	1553.91	1729.92
-3.83	21.83	1553.05	1619.16
-3.83	21.83	1552.19	1627.6
-3.83	21.83	1551.33	1787.15
-3.83	21.83	1550.47	1708.4
-3.83	21.83	1549.6	1586.09
-3.83	21.83	1548.74	1675.86
-3.83	21.83	1547.88	1678.47
-3.83	21.83	1547.02	1768.19
-3.83	21.83	1546.16	1619.84
-3.83	21.83	1545.3	1660.19
-3.83	21.83	1544.44	1691.83
-3.83	21.83	1543.58	1656.72
-3.83	21.83	1542.71	1659.34
-3.83	21.83	1541.85	1719.96
-3.83	21.83	1540.99	1737.06
-3.83	21.83	1540.13	1757.06
-3.83	21.83	1539.27	1777.05
-3.83	21.83	1538.4	1715.88
-3.83	21.83	1537.54	1747.46
-3.83	21.83	1536.68	1793.52
-3.83	21.83	1535.81	1767.14
-3.83	21.83	1534.95	1703.11
-3.83	21.83	1534.09	1766.53
-3.83	21.83	1533.23	1809.65
-3.83	21.83	1532.36	1855.66
-3.83	21.83	1531.5	1884.29
-3.83	21.83	1530.63	1898.43
-3.83	21.83	1529.77	2008.05
-3.83	21.83	1528.91	2033.75
-3.83	21.83	1528.04	2013.15
-3.83	21.83	1527.18	1989.66
-3.83	21.83	1526.31	2133.89
-3.83	21.83	1525.45	2153.76
-3.83	21.83	1524.58	2222.76
-3.83	21.83	1523.72	2210.82
-3.83	21.83	1522.85	2268.23
-3.83	21.83	1521.99	2342.95
-3.83	21.83	1521.12	2521.63
-3.83	21.83	1520.26	2327.7
-3.83	21.83	1519.39	2255.11
-3.83	21.83	1518.52	2436.6
-3.83	21.83	1517.66	2646.9
-3.83	21.83	1516.79	2409.79
-3.83	21.83	1515.93	2224.7
-3.83	21.83	1515.06	2296.44
-3.83	21.83	1514.19	2503.73
-3.83	21.83	1513.33	2402.36
-3.83	21.83	1512.46	2194.33
-3.83	21.83	1511.59	2162.24
-3.83	21.83	1510.72	2210.87
-3.83	21.83	1509.86	2242.19
-3.83	21.83	1508.99	2106.37
-3.83	21.83	1508.12	2077.2
-3.83	21.83	1507.25	1967.38
-3.83	21.83	1506.38	2016.0
-3.83	21.83	1505.52	1992.62
-3.83	21.83	1504.65	1871.36
-3.83	21.83	1503.78	1896.94
-3.83	21.83	1502.91	1919.64
-3.83	21.83	1502.04	1916.43
-3.83	21.83	1501.17	1766.49
-3.83	21.83	1500.3	1794.95
-3.83	21.83	1499.44	1777.38
-3.83	21.83	1498.57	1739.7
-3.83	21.83	1497.7	1710.64
-3.83	21.83	1496.83	1684.48
-3.83	21.83	1495.96	1664.07
-3.83	21.83	1495.09	1591.94
-3.83	21.83	1494.22	1623.27
-3.83	21.83	1493.35	1444.89
-3.83	21.83	1492.48	1530.8
-3.83	21.83	1491.61	1579.36
-3.83	21.83	1490.73	1558.99
-3.83	21.83	1489.86	1584.55
-3.83	21.83	1488.99	1501.05
-3.83	21.83	1488.12	1592.61
-3.83	21.83	1487.25	1563.65
-3.83	21.83	1486.38	1514.61
-3.83	21.83	1485.51	1551.63
-3.83	21.83	1484.63	1519.82
-3.83	21.83	1483.76	1568.3
-3.83	21.83	1482.89	1436.16
-3.83	21.83	1482.02	1410.12
-3.83	21.83	1481.15	1556.02
-3.83	21.83	1480.27	1595.87
-3.83	21.83	1479.4	1521.11
-3.83	21.83	1478.53	1495.07
-3.83	21.83	1477.65	1589.31
-3.83	21.83	1476.78	1594.76
-3.83	21.83	1475.91	1574.45
-3.83	21.83	1475.03	1568.45
-3.83	21.83	1474.16	1593.93
-3.83	21.83	1473.29	1665.19
-3.83	21.83	1472.41	1636.29
-3.83	21.83	1471.54	1570.22
-3.83	21.83	1470.67	1575.67
-3.83	21.83	1469.79	1603.99
-3.83	21.83	1468.92	1589.42
-3.83	21.83	1468.04	1614.87
-3.83	21.83	1467.17	1543.15
-3.83	21.83	1466.29	1594.31
-3.83	21.83	1465.42	1636.88
-3.83	21.83	1464.54	1608.04
-3.83	21.83	1463.67	1553.5
-3.83	21.83	1462.79	1567.51
-3.83	21.83	1461.91	1604.35
-3.83	21.83	1461.04	1575.53
-3.83	21.83	1460.16	1558.13
-3.83	21.83	1459.29	1529.33
-3.83	21.83	1458.41	1554.74
-3.83	21.83	1457.53	1577.29
-3.83	21.83	1456.66	1462.94
-3.83	21.83	1455.78	1516.86
-3.83	21.83	1454.9	1556.51
-3.83	21.83	1454.03	1476.43
-3.83	21.83	1453.15	1510.38
-3.83	21.83	1452.27	1418.94
-3.83	21.83	1451.39	1501.31
-3.83	21.83	1450.52	1515.29
-3.83	21.83	1449.64	1460.92
-3.83	21.83	1448.76	1449.27
-3.83	21.83	1447.88	1463.26
-3.83	21.83	1447.0	1556.93
-3.83	21.83	1446.13	1545.28
-3.83	21.83	1445.25	1465.34
-3.83	21.83	1444.37	1524.83
-3.83	21.83	1443.49	1561.54
-3.83	21.83	1442.61	1473.11
-3.83	21.83	1441.73	1455.79
-3.83	21.83	1440.85	1429.96
-3.83	21.83	1439.97	1460.97
-3.83	21.83	1439.09	1480.61
-3.83	21.83	1438.21	1514.45
-3.83	21.83	1437.33	1457.37
-3.83	21.83	1436.45	1482.68
-3.83	21.83	1435.57	1505.14
-3.83	21.83	1434.69	1433.9
-3.83	21.83	1433.81	1507.46
-3.83	21.83	1432.93	1518.55
-3.83	21.83	1432.05	1552.34
-3.83	21.83	1431.17	1549.24
-3.83	21.83	1430.29	1466.7
-3.83	21.83	1429.41	1406.88
-3.83	21.83	1428.52	1534.25
-3.83	21.83	1427.64	1531.15
-3.83	21.83	1426.76	1494.03
-3.83	21.83	1425.88	1468.26
-3.83	21.83	1425.0	1541.69
-3.83	21.83	1424.11	1521.58
-3.83	21.83	1423.23	1413.67
-3.83	21.83	1422.35	1540.88
-3.83	21.83	1421.47	1532.12
-3.83	21.83	1420.58	1574.33
-3.83	21.83	1419.7	1551.4
-3.83	21.83	1418.82	1418.1
-3.83	21.83	1417.93	1531.05
-3.83	21.83	1417.05	1598.7
-3.83	21.83	1416.17	1601.25
-3.83	21.83	1415.28	1425.6
-3.83	21.83	1414.4	1496.05
-3.83	21.83	1413.51	1490.14
-3.83	21.83	1412.63	1563.38
-3.83	21.83	1411.75	1498.1
-3.83	21.83	1410.86	1517.62
-3.83	21.83	1409.98	1588.0
-3.83	21.83	1409.09	1562.3
-3.83	21.83	1408.21	1559.2
-3.83	21.83	1407.32	1496.8
-3.83	21.83	1406.44	1629.25
-3.83	21.83	1405.55	1609.2
-3.83	21.83	1404.66	1625.86
-3.83	21.83	1403.78	1492.93
-3.83	21.83	1402.89	1608.36
-3.83	21.83	1402.01	1596.8
-3.83	21.83	1401.12	1655.75
-3.83	21.83	1400.23	1545.48
-3.83	21.83	1399.35	1610.06
-3.83	21.83	1398.46	1612.6
-3.83	21.83	1397.57	1564.4
-3.83	21.83	1396.69	1527.49
-3.83	21.83	1395.8	1623.03
-3.83	21.83	1394.91	1710.08
-3.83	21.83	1394.02	1588.66
-3.83	21.83	1393.14	1672.88
-3.83	21.83	1392.25	1644.43
-3.83	21.83	1391.36	1770.83
-3.83	21.83	1390.47	1680.45
-3.83	21.83	1389.58	1744.88
-3.83	21.83	1388.7	1713.63
-3.83	21.83	1387.81	1792.1
-3.83	21.83	1386.92	1780.54
-3.83	21.83	1386.03	1681.8
-3.83	21.83	1385.14	1718.06
-3.83	21.83	1384.25	1723.38
-3.83	21.83	1383.36	1810.22
-3.83	21.83	1382.47	1734.02
-3.83	21.83	1381.58	1747.77
-3.83	21.83	1380.69	1750.27
-3.83	21.83	1379.8	1834.24
-3.83	21.83	1378.91	1755.28
-3.83	21.83	1378.02	1712.85
-3.83	21.83	1377.13	1822.05
-3.83	21.83	1376.24	1849.8
-3.83	21.83	1375.35	1871.93
-3.83	21.83	1374.46	1742.53
-3.83	21.83	1373.57	1851.64
-3.83	21.83	1372.68	1856.92
-3.83	21.83	1371.78	1834.16
-3.83	21.83	1370.89	1960.03
-3.83	21.83	1370.0	1872.77
-3.83	21.83	1369.11	1928.51
-3.83	21.83	1368.22	1874.92
-3.83	21.83	1367.33	1885.8
-3.83	21.83	1366.43	1893.88
-3.83	21.83	1365.54	1929.96
-3.83	21.83	1364.65	1963.23
-3.83	21.83	1363.76	1971.29
-3.83	21.83	1362.86	1906.56
-3.83	21.83	1361.97	1858.64
-3.83	21.83	1361.08	1956.27
-3.83	21.83	1360.18	1955.92
-3.83	21.83	1359.29	1871.65
-3.83	21.83	1358.4	1977.62
-3.83	21.83	1357.5	2030.41
-3.83	21.83	1356.61	1915.41
-3.83	21.83	1355.71	1878.73
-3.83	21.83	1354.82	1937.1
-3.83	21.83	1353.92	2070.91
-3.83	21.83	1353.03	2009.08
-3.83	21.83	1352.13	2067.4
-3.83	21.83	1351.24	1949.72
-3.83	21.83	1350.34	2091.81
-3.83	21.83	1349.45	2052.35
-3.83	21.83	1348.55	2099.45
-3.83	21.83	1347.66	2076.76
-3.83	21.83	1346.76	2157.33
-3.83	21.83	1345.87	2148.58
-3.83	21.83	1344.97	2201.21
-3.83	21.83	1344.07	2259.4
-3.83	21.83	1343.18	2217.18
-3.83	21.83	1342.28	2255.83
-3.83	21.83	1341.38	2241.49
-3.83	21.83	1340.49	2182.56
-3.83	21.83	1339.59	2288.09
-3.83	21.83	1338.69	2254.25
-3.83	21.83	1337.8	2329.08
-3.83	21.83	1336.9	2208.89
-3.83	21.83	1336.0	2200.15
-3.83	21.83	1335.1	2361.27
-3.83	21.83	1334.2	2338.58
-3.83	21.83	1333.31	2196.21
-3.83	21.83	1332.41	2301.58
-3.83	21.83	1331.51	2326.23
-3.83	21.83	1330.61	2306.34
-3.83	21.83	1329.71	2308.72
-3.83	21.83	1328.81	2369.5
-3.83	21.83	1327.91	2332.94
-3.83	21.83	1327.02	2360.33
-3.83	21.83	1326.12	2273.75
-3.83	21.83	1325.22	2328.93
-3.83	21.83	1324.32	2420.22
-3.83	21.83	1323.42	2364.24
-3.83	21.83	1322.52	2361.04
-3.83	21.83	1321.62	2299.53
-3.83	21.83	1320.72	2457.4
-3.83	21.83	1319.82	2354.25
-3.83	21.83	1318.91	2359.39
-3.83	21.83	1318.01	2272.94
-3.83	21.83	1317.11	2269.77
-3.83	21.83	1316.21	2460.8
-3.83	21.83	1315.31	2374.38
-3.83	21.83	1314.41	2329.59
-3.83	21.83	1313.51	2345.82
-3.83	21.83	1312.61	2309.37
-3.83	21.83	1311.7	2333.91
-3.83	21.83	1310.8	2203.25
-3.83	21.83	1309.9	2230.57
-3.83	21.83	1309.0	2274.51
-3.83	21.83	1308.09	2243.64
-3.83	21.83	1307.19	2157.39
-3.83	21.83	1306.29	2018.57
-3.83	21.83	1305.39	2242.46
-3.83	21.83	1304.48	2195.01
-3.83	21.83	1303.58	2147.58
-3.83	21.83	1302.68	2069.72
-3.83	21.83	1301.77	2160.66
-3.83	21.83	1300.87	2157.51
-3.83	21.83	1299.96	2076.93
-3.83	21.83	1299.06	2035.09
-3.83	21.83	1298.16	2095.55
-3.83	21.83	1297.25	2109.01
-3.83	21.83	1296.35	2039.55
-3.83	21.83	1295.44	2091.69
-3.83	21.83	1294.54	2041.59
-3.83	21.83	1293.63	2021.9
-3.83	21.83	1292.73	2010.5
-3.83	21.83	1291.82	1985.3
-3.83	21.83	1290.92	2034.64
-3.83	21.83	1290.01	2056.36
-3.83	21.83	1289.1	1951.13
-3.83	21.83	1288.2	1895.61
-3.83	21.83	1287.29	2005.62
-3.83	21.83	1286.39	2002.51
-3.83	21.83	1285.48	1969.07
-3.83	21.83	1284.57	1775.71
-3.83	21.83	1283.67	1954.59
-3.83	21.83	1282.76	1890.85
-3.83	21.83	1281.85	1862.96
-3.83	21.83	1280.94	1791.0
-3.83	21.83	1280.04	1878.84
-3.83	21.83	1279.13	1881.26
-3.83	21.83	1278.22	1825.85
-3.83	21.83	1277.31	1742.93
-3.83	21.83	1276.41	1808.69
-3.83	21.83	1275.5	1868.93
-3.83	21.83	1274.59	1791.55
-3.83	21.83	1273.68	1736.2
-3.83	21.83	1272.77	1697.38
-3.83	21.83	1271.86	1798.85
-3.83	21.83	1270.95	1779.29
-3.83	21.83	1270.04	1784.47
-3.83	21.83	1269.13	1819.9
-3.83	21.83	1268.23	1783.85
-3.83	21.83	1267.32	1725.82
-3.83	21.83	1266.41	1722.77
-3.83	21.83	1265.5	1730.71
-3.83	21.83	1264.59	1735.9
-3.83	21.83	1263.67	1688.91
-3.83	21.83	1262.76	1680.37
-3.83	21.83	1261.85	1649.88
-3.83	21.83	1260.94	1635.87
-3.83	21.83	1260.03	1657.53
-3.83	21.83	1259.12	1629.8
-3.83	21.83	1258.21	1577.39
-3.83	21.83	1257.3	1505.8
-3.83	21.83	1256.39	1645.4
-3.83	21.83	1255.47	1540.92
-3.83	21.83	1254.56	1477.59
-3.83	21.83	1253.65	1502.0
-3.83	21.83	1252.74	1520.92
-3.83	21.83	1251.83	1646.69
-3.83	21.83	1250.91	1468.34
-3.83	21.83	1250.0	1572.16
-3.83	21.83	1249.09	1596.53
-3.83	21.83	1248.17	1588.03
-3.83	21.83	1247.26	1486.46
-3.83	21.83	1246.35	1571.05
-3.83	21.83	1245.43	1587.19
-3.83	21.83	1244.52	1441.9
-3.83	21.83	1243.61	1490.89
-3.83	21.83	1242.69	1548.06
-3.83	21.83	1241.78	1561.46
-3.83	21.83	1240.86	1511.97
-3.83	21.83	1239.95	1462.5
-3.83	21.83	1239.03	1399.38
-3.83	21.83	1238.12	1505.71
-3.83	21.83	1237.2	1423.48
-3.83	21.83	1236.29	1401.37
-3.83	21.83	1235.37	1444.83
-3.83	21.83	1234.46	1493.73
-3.83	21.83	1233.54	1504.38
-3.83	21.83	1232.63	1373.09
-3.83	21.83	1231.71	1411.06
-3.83	21.83	1230.8	1569.08
-3.83	21.83	1229.88	1525.15
-3.83	21.83	1228.96	1440.32
-3.83	21.83	1228.05	1437.33
-3.83	21.83	1227.13	1510.71
-3.83	21.83	1226.21	1526.8
-3.83	21.83	1225.3	1496.55
-3.83	21.83	1224.38	1447.22
-3.83	21.83	1223.46	1506.92
-3.83	21.83	1222.54	1482.13
-3.83	21.83	1221.63	1394.7
-3.83	21.83	1220.71	1391.73
-3.83	21.83	1219.79	1448.67
-3.83	21.83	1218.87	1407.58
-3.83	21.83	1217.95	1344.72
-3.83	21.83	1217.03	1390.75
-3.83	21.83	1216.12	1474.86
-3.83	21.83	1215.2	1428.35
-3.83	21.83	1214.28	1395.45
-3.83	21.83	1213.36	1387.05
-3.83	21.83	1212.44	1476.54
-3.83	21.83	1211.52	1481.71
-3.83	21.83	1210.6	1378.16
-3.83	21.83	1209.68	1391.5
-3.83	21.83	1208.76	1451.04
-3.83	21.83	1207.84	1391.01
-3.83	21.83	1206.92	1423.36
-3.83	21.83	1206.0	1428.54
-3.83	21.83	1205.08	1485.31
-3.83	21.83	1204.16	1452.47
-3.83	21.83	1203.24	1330.07
-3.83	21.83	1202.31	1316.26
-3.83	21.83	1201.39	1454.42
-3.83	21.83	1200.47	1386.33
-3.83	21.83	1199.55	1342.69
-3.83	21.83	1198.63	1342.45
-3.83	21.83	1197.71	1374.75
-3.83	21.83	1196.78	1466.69
-3.83	21.83	1195.86	1455.58
-3.83	21.83	1194.94	1338.79
-3.83	21.83	1194.02	1452.36
-3.83	21.83	1193.09	1452.1
-3.83	21.83	1192.17	1403.09
-3.83	21.83	1191.25	1419.09
-3.83	21.83	1190.32	1464.87
-3.83	21.83	1189.4	1448.37
-3.83	21.83	1188.48	1296.53
-3.83	21.83	1187.55	1377.49
-3.83	21.83	1186.63	1482.78
-3.83	21.83	1185.71	1452.75
-3.83	21.83	1184.78	1384.88
-3.83	21.83	1183.86	1319.73
-3.83	21.83	1182.93	1400.61
-3.83	21.83	1182.01	1386.84
-3.83	21.83	1181.08	1340.65
-3.83	21.83	1180.16	1364.73
-3.83	21.83	1179.23	1413.13
-3.83	21.83	1178.31	1453.4
-3.83	21.83	1177.38	1447.74
-3.83	21.83	1176.46	1323.26
-3.83	21.83	1175.53	1385.13
-3.83	21.83	1174.6	1382.18
-3.83	21.83	1173.68	1462.91
-3.83	21.83	1172.75	1327.72
-3.83	21.83	1171.82	1305.9
-3.83	21.83	1170.9	1367.72
-3.83	21.83	1169.97	1383.66
-3.83	21.83	1169.04	1294.42
-3.83	21.83	1168.12	1278.01
-3.83	21.83	1167.19	1355.96
-3.83	21.83	1166.26	1272.17
-3.83	21.83	1165.33	1328.53
-3.83	21.83	1164.41	1295.97
-3.83	21.83	1163.48	1319.98
-3.83	21.83	1162.55	1282.04
-3.83	21.83	1161.62	1306.05
-3.83	21.83	1160.69	1303.13
-3.83	21.83	1159.76	1319.05
-3.83	21.83	1158.84	1248.84
-3.83	21.83	1157.91	1202.87
-3.83	21.83	1156.98	1240.32
-3.83	21.83	1156.05	1267.0
-3.83	21.83	1155.12	1215.68
-3.83	21.83	1154.19	1228.9
-3.83	21.83	1153.26	1217.93
-3.83	21.83	1152.33	1354.81
-3.83	21.83	1151.4	1212.13
-3.83	21.83	1150.47	1193.1
-3.83	21.83	1149.54	1214.38
-3.83	21.83	1148.61	1318.93
-3.83	21.83	1147.68	1248.87
-3.83	21.83	1146.75	1227.16
-3.83	21.83	1145.81	1235.0
-3.83	21.83	1144.88	1261.62
-3.83	21.83	1143.95	1277.5
-3.83	21.83	1143.02	1301.42
-3.83	21.83	1142.09	1266.32
-3.83	21.83	1141.16	1306.33
-3.83	21.83	1140.22	1196.14
-3.83	21.83	1139.29	1252.23
-3.83	21.83	1138.36	1174.26
-3.83	21.83	1137.43	1219.62
-3.83	21.83	1136.49	1289.09
-3.83	21.83	1135.56	1170.96
-3.83	21.83	1134.63	1245.77
-3.83	21.83	1133.69	1266.97
-3.83	21.83	1132.76	1167.66
-3.83	21.83	1131.83	1207.61
-3.83	21.83	1130.89	1223.46
-3.83	21.83	1129.96	1255.37
-3.83	21.83	1129.02	1228.38
-3.83	21.83	1128.09	1228.16
-3.83	21.83	1127.16	1171.76
-3.83	21.83	1126.22	1179.58
-3.83	21.83	1125.29	1230.18
-3.83	21.83	1124.35	1224.62
-3.83	21.83	1123.42	1224.4
-3.83	21.83	1122.48	1250.91
-3.83	21.83	1121.55	1245.34
-3.83	21.83	1120.61	1223.75
-3.83	21.83	1119.67	1220.86
-3.83	21.83	1118.74	1298.1
-3.83	21.83	1117.8	1223.09
-3.83	21.83	1116.87	1172.14
-3.83	21.83	1115.93	1150.58
-3.83	21.83	1114.99	1227.78
-3.83	21.83	1114.06	1235.57
-3.83	21.83	1113.12	1176.65
-3.83	21.83	1112.18	1221.79
-3.83	21.83	1111.24	1205.57
-3.83	21.83	1110.31	1162.69
-3.83	21.83	1109.37	1189.14
-3.83	21.83	1108.43	1215.59
-3.83	21.83	1107.49	1260.68
-3.83	21.83	1106.55	1196.5
-3.83	21.83	1105.62	1169.64
-3.83	21.83	1104.68	1150.79
-3.83	21.83	1103.74	1243.8
-3.83	21.83	1102.8	1174.35
-3.83	21.83	1101.86	1198.1
-3.83	21.83	1100.92	1165.94
-3.83	21.83	1099.98	1216.3
-3.83	21.83	1099.04	1184.15
-3.83	21.83	1098.1	1154.68
-3.83	21.83	1097.16	1146.49
-3.83	21.83	1096.22	1170.22
-3.83	21.83	1095.28	1193.95
-3.83	21.83	1094.34	1199.05
-3.83	21.83	1093.4	1244.03
-3.83	21.83	1092.46	1206.6
-3.83	21.83	1091.52	1145.27
-3.83	21.83	1090.58	1163.66
-3.83	21.83	1089.64	1176.73
-3.83	21.83	1088.7	1245.57
-3.83	21.83	1087.76	1173.66
-3.83	21.83	1086.81	1192.03
-3.83	21.83	1085.87	1133.42
-3.83	21.83	1084.93	1271.23
-3.83	21.83	1083.99	1249.77
-3.83	21.83	1083.05	1090.37
-3.83	21.83	1082.1	1169.75
-3.83	21.83	1081.16	1296.84
-3.83	21.83	1080.22	1211.76
-3.83	21.83	1079.28	1108.15
-3.83	21.83	1078.33	1160.96
-3.83	21.83	1077.39	1184.61
-3.83	21.83	1076.45	1134.05
-3.83	21.83	1075.5	1178.89
-3.83	21.83	1074.56	1183.97
-3.83	21.83	1073.61	1165.23
-3.83	21.83	1072.67	1035.28
-3.83	21.83	1071.73	1074.8
-3.83	21.83	1070.78	1124.9
-3.83	21.83	1069.84	1135.28
-3.83	21.83	1068.89	1140.37
-3.83	21.83	1067.95	1103.13
-3.83	21.83	1067.0	1097.65
-3.83	21.83	1066.06	1052.5
-3.83	21.83	1065.11	1081.39
-3.83	21.83	1064.16	1094.42
-3.83	21.83	1063.22	1094.22
-3.83	21.83	1062.27	1091.38
-3.83	21.83	1061.33	1062.12
-3.83	21.83	1060.38	1069.86
-3.83	21.83	1059.43	1056.46
-3.83	21.83	1058.49	1114.37
-3.83	21.83	1057.54	1085.13
-3.83	21.83	1056.59	1055.9
-3.83	21.83	1055.65	1129.61
-3.83	21.83	1054.7	1108.3
-3.83	21.83	1053.75	1094.91
-3.83	21.83	1052.8	1194.95
-3.83	21.83	1051.85	1176.27
-3.83	21.83	1050.91	1160.24
-3.83	21.83	1049.96	1194.31
-3.83	21.83	1049.01	1125.56
-3.83	21.83	1048.06	1199.15
-3.83	21.83	1047.11	1212.11
-3.83	21.83	1046.16	1119.69
-3.83	21.83	1045.21	1145.83
-3.83	21.83	1044.27	1200.93
-3.83	21.83	1043.32	1092.75
-3.83	21.83	1042.37	1108.36
-3.83	21.83	1041.42	1121.32
-3.83	21.83	1040.47	1171.12
-3.83	21.83	1039.52	1207.75
-3.83	21.83	1038.57	1170.7
-3.83	21.83	1037.62	1152.08
-3.83	21.83	1036.67	1236.03
-3.83	21.83	1035.71	1272.62
-3.83	21.83	1034.76	1138.32
-3.83	21.83	1033.81	1201.2
-3.83	21.83	1032.86	1187.84
-3.83	21.83	1031.91	1174.49
-3.83	21.83	1030.96	1171.65
-3.83	21.83	1030.01	1221.35
-3.83	21.83	1029.05	1152.85
-3.83	21.83	1028.1	1152.64
-3.83	21.83	1027.15	1141.94
-3.83	21.83	1026.2	1128.61
-3.83	21.83	1025.24	1149.4
-3.83	21.83	1024.29	1044.25
-3.83	21.83	1023.34	1133.25
-3.83	21.83	1022.39	1138.29
-3.83	21.83	1021.43	1145.96
-3.83	21.83	1020.48	1093.31
-3.83	21.83	1019.52	1108.85
-3.83	21.83	1018.57	1134.86
-3.83	21.83	1017.62	1150.38
-3.83	21.83	1016.66	1121.35
-3.83	21.83	1015.71	1108.05
-3.83	21.83	1014.75	1141.9
-3.83	21.83	1013.8	1123.37
-3.83	21.83	1012.84	1062.95
-3.83	21.83	1011.89	1102.02
-3.83	21.83	1010.93	1196.04
-3.83	21.83	1009.98	1148.73
-3.83	21.83	1009.02	1083.12
-3.83	21.83	1008.07	1127.39
-3.83	21.83	1007.11	1218.72
-3.83	21.83	1006.16	1087.76
-3.83	21.83	1005.2	1092.8
-3.83	21.83	1004.24	1066.46
-3.83	21.83	1003.29	1121.15
-3.83	21.83	1002.33	1102.66
-3.83	21.83	1001.37	1018.86
-3.83	21.83	1000.41	1031.74
-3.83	21.83	999.4580000000001	1125.57
-3.83	21.83	998.5	1099.26
-3.83	21.83	997.543	1028.57
-3.83	21.83	996.585	1080.59
-3.83	21.83	995.627	999.4989999999999
-3.83	21.83	994.669	1101.08
-3.83	21.83	993.71	1048.71
-3.83	21.83	992.752	1105.9
-3.83	21.83	991.793	1108.31
-3.83	21.83	990.834	1040.32
-3.83	21.83	989.875	1040.13
-3.83	21.83	988.916	1016.49
-3.83	21.83	987.957	1094.48
-3.83	21.83	986.997	1003.1
-3.83	21.83	986.0369999999999	1041.99
-3.83	21.83	985.078	1065.24
-3.83	21.83	984.118	1078.07
-3.83	21.83	983.1569999999999	1059.65
-3.83	21.83	982.197	989.18
-3.83	21.83	981.2360000000001	1093.11
-3.83	21.83	980.2760000000001	1129.34
-3.83	21.83	979.315	1022.47
-3.83	21.83	978.3539999999999	1017.08
-3.83	21.83	977.3919999999999	1081.92
-3.83	21.83	976.431	1066.12
-3.83	21.83	975.4689999999999	1029.53
-3.83	21.83	974.508	1057.94
-3.83	21.83	973.546	1055.15
-3.83	21.83	972.584	1054.96
-3.83	21.83	971.6210000000001	1021.0
-3.83	21.83	970.659	989.6460000000001
-3.83	21.83	969.696	997.26
-3.83	21.83	968.7330000000001	1036.03
-3.83	21.83	967.77	986.5169999999999
-3.83	21.83	966.807	1051.23
-3.83	21.83	965.8439999999999	1061.42
-3.83	21.83	964.88	1019.72
-3.83	21.83	963.9169999999999	1009.15
-3.83	21.83	962.953	1029.72
-3.83	21.83	961.9889999999999	1047.69
-3.83	21.83	961.025	995.6460000000001
-3.83	21.83	960.06	951.3969999999999
-3.83	21.83	959.096	1096.37
-3.83	21.83	958.1310000000001	1070.26
-3.83	21.83	957.166	1064.89
-3.83	21.83	956.201	989.57
-3.83	21.83	955.2360000000001	1077.45
-3.83	21.83	954.27	1090.21
-3.83	21.83	953.305	1043.41
-3.83	21.83	952.3389999999999	1038.04
-3.83	21.83	951.373	1094.79
-3.83	21.83	950.4069999999999	1048.02
-3.83	21.83	949.441	988.323
-3.83	21.83	948.4739999999999	1052.81
-3.83	21.83	947.508	1109.52
-3.83	21.83	946.541	1065.36
-3.83	21.83	945.574	1067.76
-3.83	21.83	944.607	1064.98
-3.83	21.83	943.6389999999999	1072.54
-3.83	21.83	942.672	1136.95
-3.83	21.83	941.704	1046.32
-3.83	21.83	940.7360000000001	1017.72
-3.83	21.83	939.768	1053.69
-3.83	21.83	938.8	1066.41
-3.83	21.83	937.832	1006.84
-3.83	21.83	936.863	1084.1
-3.83	21.83	935.8939999999999	1083.9
-3.83	21.83	934.926	1078.54
-3.83	21.83	933.956	1065.45
-3.83	21.83	932.987	1116.84
-3.83	21.83	932.018	1052.17
-3.83	21.83	931.048	1036.51
-3.83	21.83	930.078	974.455
-3.83	21.83	929.1080000000001	1030.98
-3.83	21.83	928.138	1046.26
-3.83	21.83	927.168	1038.34
-3.83	21.83	926.198	1014.97
-3.83	21.83	925.227	1007.06
-3.83	21.83	924.2560000000001	1019.75
-3.83	21.83	923.285	1112.26
-3.83	21.83	922.314	1016.81
-3.83	21.83	921.3430000000001	1047.51
-3.83	21.83	920.3710000000001	1021.59
-3.83	21.83	919.3989999999999	1044.56
-3.83	21.83	918.427	1070.1
-3.83	21.83	917.455	1075.05
-3.83	21.83	916.4830000000001	1077.42
-3.83	21.83	915.5110000000001	1041.24
-3.83	21.83	914.538	1023.05
-3.83	21.83	913.565	1102.54
-3.83	21.83	912.5930000000001	1043.24
-3.83	21.83	911.6189999999999	1094.44
-3.83	21.83	910.6460000000001	1042.86
-3.83	21.83	909.673	1106.88
-3.83	21.83	908.699	968.025
-3.83	21.83	907.725	1044.87
-3.83	21.83	906.7510000000001	1019.01
-3.83	21.83	905.7769999999999	1075.29
-3.83	21.83	904.803	1021.21
-3.83	21.83	903.828	1015.89
-3.83	21.83	902.8539999999999	1072.14
-3.83	21.83	901.8789999999999	1007.83
-3.83	21.83	900.904	961.498
-3.83	21.83	899.928	1010.03
-3.83	21.83	898.953	997.034
-3.83	21.83	897.977	1001.98
-3.83	21.83	897.002	994.1110000000001
-3.83	21.83	896.0260000000001	1037.48
-3.83	21.83	895.05	1024.49
-3.83	21.83	894.073	1008.94
-3.83	21.83	893.097	993.3919999999999
-3.83	21.83	892.12	954.815
-3.83	21.83	891.1439999999999	1005.83
-3.83	21.83	890.1669999999999	967.2639999999999
-3.83	21.83	889.189	1002.91
-3.83	21.83	888.212	1074.35
-3.83	21.83	887.235	1081.83
-3.83	21.83	886.257	1022.82
-3.83	21.83	885.279	1014.96
-3.83	21.83	884.301	1060.79
-3.83	21.83	883.323	1032.49
-3.83	21.83	882.3439999999999	978.6410000000001
-3.83	21.83	881.3660000000001	1011.68
-3.83	21.83	880.387	1065.13
-3.83	21.83	879.408	1036.85
-3.83	21.83	878.429	1067.3
-3.83	21.83	877.45	1033.92
-3.83	21.83	876.47	1056.7
-3.83	21.83	875.4910000000001	1028.44
-3.83	21.83	874.5110000000001	1043.56
-3.83	21.83	873.5310000000001	1155.62
-3.83	21.83	872.551	1091.65
-3.83	21.83	871.57	1132.25
-3.83	21.83	870.59	1068.3
-3.83	21.83	869.6089999999999	1103.8
-3.83	21.83	868.628	1101.05
-3.83	21.83	867.6469999999999	1100.85
-3.83	21.83	866.666	1118.49
-3.83	21.83	865.684	1179.42
-3.83	21.83	864.703	1133.36
-3.83	21.83	863.721	1122.97
-3.83	21.83	862.7389999999999	1112.58
-3.83	21.83	861.757	1112.38
-3.83	21.83	860.775	1247.07
-3.83	21.83	859.7919999999999	1150.15
-3.83	21.83	858.81	1129.59
-3.83	21.83	857.827	1157.36
-3.83	21.83	856.8439999999999	1126.63
-3.83	21.83	855.86	1136.6
-3.83	21.83	854.877	1126.22
-3.83	21.83	853.8939999999999	1194.65
-3.83	21.83	852.91	1128.36
-3.83	21.83	851.926	1034.14
-3.83	21.83	850.942	1135.57
-3.83	21.83	849.9580000000001	1132.82
-3.83	21.83	848.9730000000001	1107.22
-3.83	21.83	847.988	1104.48
-3.83	21.83	847.0039999999999	1056.05
-3.83	21.83	846.0189999999999	1078.7
-3.83	21.83	845.034	1053.13
-3.83	21.83	844.048	999.655
-3.83	21.83	843.063	1123.77
-3.83	21.83	842.077	1044.95
-3.83	21.83	841.091	973.753
-3.83	21.83	840.105	1057.24
-3.83	21.83	839.1189999999999	1046.91
-3.83	21.83	838.132	990.9639999999999
-3.83	21.83	837.1460000000001	1008.52
-3.83	21.83	836.159	980.47
-3.83	21.83	835.172	1015.75
-3.83	21.83	834.185	995.309
-3.83	21.83	833.198	1038.17
-3.83	21.83	832.21	1025.33
-3.83	21.83	831.222	1050.45
-3.83	21.83	830.235	1019.89
-3.83	21.83	829.247	996.935
-3.83	21.83	828.258	1022.05
-3.83	21.83	827.27	1044.63
-3.83	21.83	826.2810000000001	988.805
-3.83	21.83	825.293	1013.91
-3.83	21.83	824.304	1071.87
-3.83	21.83	823.315	983.211
-3.83	21.83	822.325	1056.32
-3.83	21.83	821.336	1035.91
-3.83	21.83	820.346	1033.2
-3.83	21.83	819.3560000000001	987.548
-3.83	21.83	818.3660000000001	992.418
-3.83	21.83	817.3760000000001	1080.61
-3.83	21.83	816.3860000000001	1110.7
-3.83	21.83	815.395	991.877
-3.83	21.83	814.405	1032.07
-3.83	21.83	813.414	1054.59
-3.83	21.83	812.423	1026.65
-3.83	21.83	811.431	923.061
-3.83	21.83	810.44	953.1519999999999
-3.83	21.83	809.448	1061.39
-3.83	21.83	808.456	1046.07
-3.83	21.83	807.4639999999999	980.3530000000001
-3.83	21.83	806.472	982.695
-3.83	21.83	805.48	1045.5
-3.83	21.83	804.487	1022.64
-3.83	21.83	803.495	969.566
-3.83	21.83	802.502	1072.62
-3.83	21.83	801.5089999999999	1074.95
-3.83	21.83	800.5160000000001	1019.38
-3.83	21.83	799.5219999999999	991.5089999999999
-3.83	21.83	798.528	1003.91
-3.83	21.83	797.535	1046.49
-3.83	21.83	796.541	1018.63
-3.83	21.83	795.547	1056.17
-3.83	21.83	794.552	1020.78
-3.83	21.83	793.558	1040.7
-3.83	21.83	792.563	1007.84
-3.83	21.83	791.568	985.039
-3.83	21.83	790.573	1045.16
-3.83	21.83	789.578	1012.31
-3.83	21.83	788.582	1014.64
-3.83	21.83	787.587	1047.1
-3.83	21.83	786.591	1031.84
-3.83	21.83	785.595	976.432
-3.83	21.83	784.5989999999999	1023.94
-3.83	21.83	783.602	1036.3
-3.83	21.83	782.6060000000001	980.915
-3.83	21.83	781.6089999999999	978.2280000000001
-3.83	21.83	780.612	975.5419999999999
-3.83	21.83	779.615	1007.96
-3.83	21.83	778.618	1010.28
-3.83	21.83	777.6210000000001	982.528
-3.83	21.83	776.623	1072.56
-3.83	21.83	775.625	1114.96
-3.83	21.83	774.627	981.99
-3.83	21.83	773.6289999999999	999.3430000000001
-3.83	21.83	772.6310000000001	1014.19
-3.83	21.83	771.632	966.43
-3.83	21.83	770.6339999999999	958.7439999999999
-3.83	21.83	769.635	1051.17
-3.83	21.83	768.6360000000001	1053.48
-3.83	21.83	767.6360000000001	1020.77
-3.83	21.83	766.637	975.554
-3.83	21.83	765.637	1007.89
-3.83	21.83	764.637	1085.22
-3.83	21.83	763.638	1017.52
-3.83	21.83	762.637	999.8380000000001
-3.83	21.83	761.637	1032.14
-3.83	21.83	760.6360000000001	1056.94
-3.83	21.83	759.6360000000001	986.799
-3.83	21.83	758.635	974.13
-3.83	21.83	757.6339999999999	988.936
-3.83	21.83	756.633	1043.69
-3.83	21.83	755.6310000000001	951.128
-3.83	21.83	754.6289999999999	1040.81
-3.83	21.83	753.628	1085.54
-3.83	21.83	752.6260000000001	995.518
-3.83	21.83	751.623	1015.29
-3.83	21.83	750.6210000000001	960.2360000000001
-3.83	21.83	749.6189999999999	1052.33
-3.83	21.83	748.6160000000001	1012.24
-3.83	21.83	747.613	997.1010000000001
-3.83	21.83	746.61	1081.66
-3.83	21.83	745.607	1041.59
-3.83	21.83	744.6030000000001	956.692
-3.83	21.83	743.5989999999999	1021.28
-3.83	21.83	742.596	1033.55
-3.83	21.83	741.592	1020.91
-3.83	21.83	740.587	1038.15
-3.83	21.83	739.5830000000001	1097.7
-3.83	21.83	738.579	1015.37
-3.83	21.83	737.574	1064.95
-3.83	21.83	736.569	950.317
-3.83	21.83	735.564	1037.2
-3.83	21.83	734.558	1029.55
-3.83	21.83	733.553	992.064
-3.83	21.83	732.547	1009.28
-3.83	21.83	731.541	1068.75
-3.83	21.83	730.535	964.184
-3.83	21.83	729.529	1063.39
-3.83	21.83	728.523	1043.32
-3.83	21.83	727.5160000000001	1072.94
-3.83	21.83	726.5089999999999	998.243
-3.83	21.83	725.503	1027.85
-3.83	21.83	724.495	1047.52
-3.83	21.83	723.488	1047.33
-3.83	21.83	722.4810000000001	987.587
-3.83	21.83	721.4730000000001	967.558
-3.83	21.83	720.465	1044.28
-3.83	21.83	719.457	1039.12
-3.83	21.83	718.449	979.424
-3.83	21.83	717.44	1008.99
-3.83	21.83	716.432	1065.82
-3.83	21.83	715.423	1001.19
-3.83	21.83	714.414	983.6619999999999
-3.83	21.83	713.405	988.437
-3.83	21.83	712.395	1008.07
-3.83	21.83	711.3860000000001	1020.27
-3.83	21.83	710.3760000000001	1015.13
-3.83	21.83	709.3660000000001	1042.17
-3.83	21.83	708.3560000000001	1029.61
-3.83	21.83	707.346	997.248
-3.83	21.83	706.335	1011.91
-3.83	21.83	705.325	1041.41
-3.83	21.83	704.314	1063.48
-3.83	21.83	703.303	984.153
-3.83	21.83	702.2919999999999	1021.06
-3.83	21.83	701.28	1013.45
-3.83	21.83	700.2689999999999	1000.91
-3.83	21.83	699.257	973.547
-3.83	21.83	698.245	1020.31
-3.83	21.83	697.2330000000001	1079.4
-3.83	21.83	696.22	968.072
-3.83	21.83	695.2080000000001	977.7710000000001
-3.83	21.83	694.195	1120.77
-3.83	21.83	693.182	1014.44
-3.83	21.83	692.169	972.297
-3.83	21.83	691.1560000000001	1014.06
-3.83	21.83	690.143	1008.94
-3.83	21.83	689.1289999999999	1008.76
-3.83	21.83	688.115	932.128
-3.83	21.83	687.1010000000001	1025.65
-3.83	21.83	686.087	1025.46
-3.83	21.83	685.073	990.765
-3.83	21.83	684.058	985.655
-3.83	21.83	683.043	1015.04
-3.83	21.83	682.028	1012.39
-3.83	21.83	681.013	1026.98
-3.83	21.83	679.998	1014.48
-3.83	21.83	678.9830000000001	1061.07
-3.83	21.83	677.967	1021.49
-3.83	21.83	676.951	986.8489999999999
-3.83	21.83	675.935	1075.25
-3.83	21.83	674.919	1038.15
-3.83	21.83	673.9019999999999	1087.15
-3.83	21.83	672.8860000000001	995.96
-3.83	21.83	671.8689999999999	1044.95
-3.83	21.83	670.852	1052.13
-3.83	21.83	669.835	997.868
-3.83	21.83	668.817	1064.03
-3.83	21.83	667.8	1031.9
-3.83	21.83	666.7819999999999	987.492
-3.83	21.83	665.7639999999999	982.3989999999999
-3.83	21.83	664.7460000000001	1087.81
-3.83	21.83	663.7280000000001	1090.06
-3.83	21.83	662.709	1001.49
-3.83	21.83	661.691	1043.03
-3.83	21.83	660.672	1094.37
-3.83	21.83	659.653	1059.82
-3.83	21.83	658.6339999999999	1017.93
-3.83	21.83	657.6139999999999	1071.69
-3.83	21.83	656.595	1076.4
-3.83	21.83	655.575	1073.75
-3.83	21.83	654.555	1031.88
-3.83	21.83	653.535	1019.44
-3.83	21.83	652.514	1092.76
-3.83	21.83	651.494	1063.16
-3.83	21.83	650.4730000000001	1004.18
-3.83	21.83	649.452	1055.42
-3.83	21.83	648.431	1101.75
-3.83	21.83	647.41	1055.03
-3.83	21.83	646.388	1086.66
-3.83	21.83	645.366	1076.67
-3.83	21.83	644.345	1052.0
-3.83	21.83	643.323	1068.93
-3.83	21.83	642.3	1073.63
-3.83	21.83	641.278	1129.67
-3.83	21.83	640.255	1102.57
-3.83	21.83	639.232	1021.7
-3.83	21.83	638.2090000000001	1121.71
-3.83	21.83	637.186	1082.41
-3.83	21.83	636.163	1048.01
-3.83	21.83	635.139	1118.65
-3.83	21.83	634.116	1116.0
-3.83	21.83	633.092	1101.15
-3.83	21.83	632.068	1057.0
-3.83	21.83	631.043	1042.16
-3.83	21.83	630.019	1032.21
-3.83	21.83	628.994	1010.06
-3.83	21.83	627.969	1041.59
-3.83	21.83	626.944	1058.47
-3.83	21.83	625.919	1014.38
-3.83	21.83	624.893	1002.0
-3.83	21.83	623.868	1018.88
-3.83	21.83	622.842	994.323
-3.83	21.83	621.816	1023.38
-3.83	21.83	620.79	1023.19
-3.83	21.83	619.763	1079.02
-3.83	21.83	618.737	1083.69
-3.83	21.83	617.71	1025.06
-3.83	21.83	616.683	1017.57
-3.83	21.83	615.656	1039.28
-3.83	21.83	614.629	995.289
-3.83	21.83	613.601	1004.84
-3.83	21.83	612.573	1050.87
-3.83	21.83	611.545	1033.65
-3.83	21.83	610.5169999999999	979.9639999999999
-3.83	21.83	609.489	1030.84
-3.83	21.83	608.461	1008.77
-3.83	21.83	607.432	1086.36
-3.83	21.83	606.403	971.95
-3.83	21.83	605.374	1044.65
-3.83	21.83	604.345	1039.6
-3.83	21.83	603.315	1051.55
-3.83	21.83	602.286	937.2389999999999
-3.83	21.83	601.256	1026.89
-3.83	21.83	600.226	1024.27
