-11.83	21.83	1799.66	1069.7
-11.83	21.83	1798.84	1093.97
-11.83	21.83	1798.03	1078.51
-11.83	21.83	1797.21	1127.2
-11.83	21.83	1796.39	1130.06
-11.83	21.83	1795.57	1050.48
-11.83	21.83	1794.75	1050.3
-11.83	21.83	1793.93	1071.49
-11.83	21.83	1793.11	1086.57
-11.83	21.83	1792.29	1055.87
-11.83	21.83	1791.47	1055.69
-11.83	21.83	1790.65	1153.13
-11.83	21.83	1789.84	1082.79
-11.83	21.83	1789.02	1042.96
-11.83	21.83	1788.2	1088.52
-11.83	21.83	1787.38	1149.31
-11.83	21.83	1786.56	1133.87
-11.83	21.83	1785.73	1158.06
-11.83	21.83	1784.91	1060.36
-11.83	21.83	1784.09	1017.53
-11.83	21.83	1783.27	1117.88
-11.83	21.83	1782.45	1120.73
-11.83	21.83	1781.63	1096.18
-11.83	21.83	1780.81	1059.46
-11.83	21.83	1779.99	1156.69
-11.83	21.83	1779.17	1189.97
-11.83	21.83	1778.35	1092.4
-11.83	21.83	1777.52	1101.34
-11.83	21.83	1776.7	1104.2
-11.83	21.83	1775.88	1146.59
-11.83	21.83	1775.06	1137.27
-11.83	21.83	1774.24	1152.28
-11.83	21.83	1773.41	1115.61
-11.83	21.83	1772.59	1103.26
-11.83	21.83	1771.77	1075.73
-11.83	21.83	1770.95	1148.46
-11.83	21.83	1770.12	1105.74
-11.83	21.83	1769.3	1160.22
-11.83	21.83	1768.48	1105.37
-11.83	21.83	1767.65	1208.41
-11.83	21.83	1766.83	1135.35
-11.83	21.83	1766.01	1116.95
-11.83	21.83	1765.18	1204.76
-11.83	21.83	1764.36	1095.33
-11.83	21.83	1763.53	1204.36
-11.83	21.83	1762.71	1079.79
-11.83	21.83	1761.88	1125.1
-11.83	21.83	1761.06	1109.75
-11.83	21.83	1760.24	1215.67
-11.83	21.83	1759.41	1166.96
-11.83	21.83	1758.59	1091.0
-11.83	21.83	1757.76	1175.66
-11.83	21.83	1756.94	1166.37
-11.83	21.83	1756.11	1123.77
-11.83	21.83	1755.28	1117.52
-11.83	21.83	1754.46	1047.69
-11.83	21.83	1753.63	1168.61
-11.83	21.83	1752.81	1159.33
-11.83	21.83	1751.98	1186.37
-11.83	21.83	1751.16	1086.31
-11.83	21.83	1750.33	1128.49
-11.83	21.83	1749.5	1212.99
-11.83	21.83	1748.68	1164.4
-11.83	21.83	1747.85	1149.08
-11.83	21.83	1747.02	1185.17
-11.83	21.83	1746.2	1136.6
-11.83	21.83	1745.37	1148.5
-11.83	21.83	1744.54	1133.19
-11.83	21.83	1743.71	1175.3
-11.83	21.83	1742.89	1111.66
-11.83	21.83	1742.06	1217.18
-11.83	21.83	1741.23	1147.52
-11.83	21.83	1740.4	1102.04
-11.83	21.83	1739.57	1186.38
-11.83	21.83	1738.75	1189.19
-11.83	21.83	1737.92	1267.45
-11.83	21.83	1737.09	1234.05
-11.83	21.83	1736.26	1152.39
-11.83	21.83	1735.43	1140.13
-11.83	21.83	1734.6	1215.33
-11.83	21.83	1733.77	1209.09
-11.83	21.83	1732.94	1190.8
-11.83	21.83	1732.11	1106.2
-11.83	21.83	1731.28	1160.26
-11.83	21.83	1730.45	1190.19
-11.83	21.83	1729.62	1211.08
-11.83	21.83	1728.8	1099.42
-11.83	21.83	1727.96	1171.52
-11.83	21.83	1727.13	1228.53
-11.83	21.83	1726.3	1258.43
-11.83	21.83	1725.47	1198.01
-11.83	21.83	1724.64	1161.69
-11.83	21.83	1723.81	1224.68
-11.83	21.83	1722.98	1266.6
-11.83	21.83	1722.15	1197.2
-11.83	21.83	1721.32	1160.9
-11.83	21.83	1720.49	1175.74
-11.83	21.83	1719.66	1175.54
-11.83	21.83	1718.82	1244.48
-11.83	21.83	1717.99	1244.27
-11.83	21.83	1717.16	1201.99
-11.83	21.83	1716.33	1294.92
-11.83	21.83	1715.5	1279.68
-11.83	21.83	1714.66	1237.42
-11.83	21.83	1713.83	1231.2
-11.83	21.83	1713.0	1288.04
-11.83	21.83	1712.17	1230.78
-11.83	21.83	1711.33	1209.56
-11.83	21.83	1710.5	1233.36
-11.83	21.83	1709.67	1266.16
-11.83	21.83	1708.83	1235.94
-11.83	21.83	1708.0	1328.71
-11.83	21.83	1707.17	1253.52
-11.83	21.83	1706.33	1241.31
-11.83	21.83	1705.5	1274.08
-11.83	21.83	1704.66	1288.85
-11.83	21.83	1703.83	1246.67
-11.83	21.83	1703.0	1297.4
-11.83	21.83	1702.16	1225.28
-11.83	21.83	1701.33	1281.98
-11.83	21.83	1700.49	1329.68
-11.83	21.83	1699.66	1236.63
-11.83	21.83	1698.82	1224.44
-11.83	21.83	1697.99	1323.01
-11.83	21.83	1697.15	1277.9
-11.83	21.83	1696.32	1373.43
-11.83	21.83	1695.48	1229.59
-11.83	21.83	1694.64	1247.33
-11.83	21.83	1693.81	1253.1
-11.83	21.83	1692.97	1297.74
-11.83	21.83	1692.14	1327.42
-11.83	21.83	1691.3	1192.68
-11.83	21.83	1690.46	1320.99
-11.83	21.83	1689.63	1344.67
-11.83	21.83	1688.79	1320.54
-11.83	21.83	1687.95	1242.65
-11.83	21.83	1687.12	1269.32
-11.83	21.83	1686.28	1319.86
-11.83	21.83	1685.44	1358.45
-11.83	21.83	1684.6	1250.76
-11.83	21.83	1683.77	1283.37
-11.83	21.83	1682.93	1342.84
-11.83	21.83	1682.09	1339.62
-11.83	21.83	1681.25	1282.72
-11.83	21.83	1680.41	1267.59
-11.83	21.83	1679.58	1335.96
-11.83	21.83	1678.74	1368.53
-11.83	21.83	1677.9	1368.29
-11.83	21.83	1677.06	1296.53
-11.83	21.83	1676.22	1305.25
-11.83	21.83	1675.38	1266.29
-11.83	21.83	1674.54	1403.11
-11.83	21.83	1673.7	1349.26
-11.83	21.83	1672.86	1352.01
-11.83	21.83	1672.02	1271.38
-11.83	21.83	1671.18	1381.31
-11.83	21.83	1670.34	1384.06
-11.83	21.83	1669.5	1377.87
-11.83	21.83	1668.66	1315.15
-11.83	21.83	1667.82	1368.47
-11.83	21.83	1666.98	1365.26
-11.83	21.83	1666.14	1388.82
-11.83	21.83	1665.3	1451.03
-11.83	21.83	1664.46	1272.41
-11.83	21.83	1663.62	1275.16
-11.83	21.83	1662.78	1387.88
-11.83	21.83	1661.94	1417.35
-11.83	21.83	1661.1	1342.84
-11.83	21.83	1660.25	1369.34
-11.83	21.83	1659.41	1467.12
-11.83	21.83	1658.57	1383.72
-11.83	21.83	1657.73	1433.96
-11.83	21.83	1656.89	1454.49
-11.83	21.83	1656.04	1466.11
-11.83	21.83	1655.2	1468.83
-11.83	21.83	1654.36	1471.55
-11.83	21.83	1653.52	1441.63
-11.83	21.83	1652.67	1515.53
-11.83	21.83	1651.83	1521.2
-11.83	21.83	1650.99	1470.54
-11.83	21.83	1650.14	1547.36
-11.83	21.83	1649.3	1475.97
-11.83	21.83	1648.46	1543.87
-11.83	21.83	1647.61	1534.72
-11.83	21.83	1646.77	1490.02
-11.83	21.83	1645.92	1563.81
-11.83	21.83	1645.08	1578.35
-11.83	21.83	1644.24	1672.83
-11.83	21.83	1643.39	1583.73
-11.83	21.83	1642.55	1565.7
-11.83	21.83	1641.7	1571.36
-11.83	21.83	1640.86	1618.43
-11.83	21.83	1640.01	1700.98
-11.83	21.83	1639.17	1641.54
-11.83	21.83	1638.32	1724.06
-11.83	21.83	1637.48	1762.2
-11.83	21.83	1636.63	1797.37
-11.83	21.83	1635.78	1823.67
-11.83	21.83	1634.94	1749.48
-11.83	21.83	1634.09	1787.59
-11.83	21.83	1633.25	1929.08
-11.83	21.83	1632.4	1890.35
-11.83	21.83	1631.55	1863.45
-11.83	21.83	1630.71	1942.86
-11.83	21.83	1629.86	2101.94
-11.83	21.83	1629.01	2072.06
-11.83	21.83	1628.16	2083.52
-11.83	21.83	1627.32	2068.41
-11.83	21.83	1626.47	2221.46
-11.83	21.83	1625.62	2277.12
-11.83	21.83	1624.77	2329.82
-11.83	21.83	1623.93	2338.26
-11.83	21.83	1623.08	2402.72
-11.83	21.83	1622.23	2440.63
-11.83	21.83	1621.38	2602.3
-11.83	21.83	1620.53	2481.05
-11.83	21.83	1619.69	2583.74
-11.83	21.83	1618.84	2792.43
-11.83	21.83	1617.99	2959.83
-11.83	21.83	1617.14	2841.54
-11.83	21.83	1616.29	2864.6
-11.83	21.83	1615.44	2987.74
-11.83	21.83	1614.59	2984.29
-11.83	21.83	1613.74	3080.88
-11.83	21.83	1612.89	3009.74
-11.83	21.83	1612.04	3044.53
-11.83	21.83	1611.19	3261.65
-11.83	21.83	1610.34	3281.67
-11.83	21.83	1609.49	3092.94
-11.83	21.83	1608.64	3121.81
-11.83	21.83	1607.79	3135.97
-11.83	21.83	1606.94	3167.76
-11.83	21.83	1606.09	2987.99
-11.83	21.83	1605.24	2852.35
-11.83	21.83	1604.39	2945.85
-11.83	21.83	1603.54	2965.9
-11.83	21.83	1602.68	2950.71
-11.83	21.83	1601.83	2706.56
-11.83	21.83	1600.98	2744.25
-11.83	21.83	1600.13	2732.04
-11.83	21.83	1599.28	2684.63
-11.83	21.83	1598.42	2707.64
-11.83	21.83	1597.57	2516.53
-11.83	21.83	1596.72	2636.33
-11.83	21.83	1595.87	2712.11
-11.83	21.83	1595.01	2720.44
-11.83	21.83	1594.16	2503.08
-11.83	21.83	1593.31	2534.88
-11.83	21.83	1592.45	2575.47
-11.83	21.83	1591.6	2607.25
-11.83	21.83	1590.75	2586.3
-11.83	21.83	1589.89	2439.43
-11.83	21.83	1589.04	2497.57
-11.83	21.83	1588.19	2447.38
-11.83	21.83	1587.33	2391.35
-11.83	21.83	1586.48	2364.6
-11.83	21.83	1585.62	2402.23
-11.83	21.83	1584.77	2372.56
-11.83	21.83	1583.91	2386.78
-11.83	21.83	1583.06	2251.84
-11.83	21.83	1582.2	2242.69
-11.83	21.83	1581.35	2324.16
-11.83	21.83	1580.49	2279.91
-11.83	21.83	1579.64	2180.16
-11.83	21.83	1578.78	2179.79
-11.83	21.83	1577.93	2246.6
-11.83	21.83	1577.07	2240.38
-11.83	21.83	1576.21	2204.95
-11.83	21.83	1575.36	2049.81
-11.83	21.83	1574.5	2183.75
-11.83	21.83	1573.65	2174.62
-11.83	21.83	1572.79	2279.31
-11.83	21.83	1571.93	2127.19
-11.83	21.83	1571.08	2085.98
-11.83	21.83	1570.22	2205.21
-11.83	21.83	1569.36	2245.66
-11.83	21.83	1568.5	2160.72
-11.83	21.83	1567.65	2078.71
-11.83	21.83	1566.79	2168.72
-11.83	21.83	1565.93	2258.69
-11.83	21.83	1565.07	2141.75
-11.83	21.83	1564.21	2164.69
-11.83	21.83	1563.36	2146.84
-11.83	21.83	1562.5	2195.98
-11.83	21.83	1561.64	2233.46
-11.83	21.83	1560.78	2192.31
-11.83	21.83	1559.92	2180.29
-11.83	21.83	1559.06	2229.4
-11.83	21.83	1558.2	2185.36
-11.83	21.83	1557.34	2141.35
-11.83	21.83	1556.49	2114.8
-11.83	21.83	1555.63	2277.31
-11.83	21.83	1554.77	2195.49
-11.83	21.83	1553.91	2131.15
-11.83	21.83	1553.05	2188.92
-11.83	21.83	1552.19	2121.7
-11.83	21.83	1551.33	2199.79
-11.83	21.83	1550.47	1978.6
-11.83	21.83	1549.6	2085.74
-11.83	21.83	1548.74	2146.38
-11.83	21.83	1547.88	2116.97
-11.83	21.83	1547.02	2165.96
-11.83	21.83	1546.16	2017.54
-11.83	21.83	1545.3	2072.34
-11.83	21.83	1544.44	2150.33
-11.83	21.83	1543.58	2199.29
-11.83	21.83	1542.71	2042.26
-11.83	21.83	1541.85	1934.59
-11.83	21.83	1540.99	2067.66
-11.83	21.83	1540.13	2073.1
-11.83	21.83	1539.27	2058.25
-11.83	21.83	1538.4	1997.03
-11.83	21.83	1537.54	2011.17
-11.83	21.83	1536.68	2077.47
-11.83	21.83	1535.81	2143.74
-11.83	21.83	1534.95	2099.92
-11.83	21.83	1534.09	2038.75
-11.83	21.83	1533.23	2191.85
-11.83	21.83	1532.36	2159.63
-11.83	21.83	1531.5	2052.16
-11.83	21.83	1530.63	2040.23
-11.83	21.83	1529.77	2074.6
-11.83	21.83	1528.91	2169.71
-11.83	21.83	1528.04	2131.74
-11.83	21.83	1527.18	2157.4
-11.83	21.83	1526.31	2076.07
-11.83	21.83	1525.45	2110.4
-11.83	21.83	1524.58	2162.06
-11.83	21.83	1523.72	1985.4
-11.83	21.83	1522.85	2094.86
-11.83	21.83	1521.99	2149.39
-11.83	21.83	1521.12	2117.25
-11.83	21.83	1520.26	2064.9
-11.83	21.83	1519.39	2003.9
-11.83	21.83	1518.52	2029.54
-11.83	21.83	1517.66	2176.4
-11.83	21.83	1516.79	2100.99
-11.83	21.83	1515.93	1895.76
-11.83	21.83	1515.06	1970.44
-11.83	21.83	1514.19	2105.67
-11.83	21.83	1513.33	2036.09
-11.83	21.83	1512.46	2078.99
-11.83	21.83	1511.59	2032.51
-11.83	21.83	1510.72	2135.93
-11.83	21.83	1509.86	2161.5
-11.83	21.83	1508.99	2094.85
-11.83	21.83	1508.12	2189.56
-11.83	21.83	1507.25	2163.26
-11.83	21.83	1506.38	2185.92
-11.83	21.83	1505.52	2179.79
-11.83	21.83	1504.65	2182.29
-11.83	21.83	1503.78	2236.6
-11.83	21.83	1502.91	2247.73
-11.83	21.83	1502.04	2212.81
-11.83	21.83	1501.17	2149.13
-11.83	21.83	1500.3	2160.27
-11.83	21.83	1499.44	2297.95
-11.83	21.83	1498.57	2306.18
-11.83	21.83	1497.7	2231.03
-11.83	21.83	1496.83	2291.01
-11.83	21.83	1495.96	2325.1
-11.83	21.83	1495.09	2462.63
-11.83	21.83	1494.22	2272.58
-11.83	21.83	1493.35	2246.33
-11.83	21.83	1492.48	2297.64
-11.83	21.83	1491.61	2417.85
-11.83	21.83	1490.73	2259.53
-11.83	21.83	1489.86	2264.88
-11.83	21.83	1488.99	2230.04
-11.83	21.83	1488.12	2235.4
-11.83	21.83	1487.25	2229.27
-11.83	21.83	1486.38	2177.25
-11.83	21.83	1485.51	2222.76
-11.83	21.83	1484.63	2253.92
-11.83	21.83	1483.76	2262.14
-11.83	21.83	1482.89	2204.41
-11.83	21.83	1482.02	2221.23
-11.83	21.83	1481.15	2249.5
-11.83	21.83	1480.27	2260.57
-11.83	21.83	1479.4	2116.95
-11.83	21.83	1478.53	2065.03
-11.83	21.83	1477.65	2084.72
-11.83	21.83	1476.78	2121.58
-11.83	21.83	1475.91	2129.8
-11.83	21.83	1475.03	1994.91
-11.83	21.83	1474.16	2000.29
-11.83	21.83	1473.29	2040.0
-11.83	21.83	1472.41	2011.04
-11.83	21.83	1471.54	2016.41
-11.83	21.83	1470.67	2038.94
-11.83	21.83	1469.79	2007.13
-11.83	21.83	1468.92	2032.51
-11.83	21.83	1468.04	1900.69
-11.83	21.83	1467.17	1951.79
-11.83	21.83	1466.29	2042.89
-11.83	21.83	1465.42	2091.1
-11.83	21.83	1464.54	2122.15
-11.83	21.83	1463.67	1967.58
-11.83	21.83	1462.79	2001.5
-11.83	21.83	1461.91	1986.88
-11.83	21.83	1461.04	1966.55
-11.83	21.83	1460.16	1986.19
-11.83	21.83	1459.29	1880.28
-11.83	21.83	1458.41	2025.44
-11.83	21.83	1457.53	1942.37
-11.83	21.83	1456.66	1973.41
-11.83	21.83	1455.78	1967.36
-11.83	21.83	1454.9	2035.44
-11.83	21.83	1454.03	1989.48
-11.83	21.83	1453.15	2026.18
-11.83	21.83	1452.27	2014.44
-11.83	21.83	1451.39	2011.24
-11.83	21.83	1450.52	2065.01
-11.83	21.83	1449.64	2030.47
-11.83	21.83	1448.76	2089.92
-11.83	21.83	1447.88	2049.7
-11.83	21.83	1447.0	2225.81
-11.83	21.83	1446.13	2029.07
-11.83	21.83	1445.25	2131.15
-11.83	21.83	1444.37	2088.1
-11.83	21.83	1443.49	2215.74
-11.83	21.83	1442.61	2255.17
-11.83	21.83	1441.73	2237.71
-11.83	21.83	1440.85	2291.34
-11.83	21.83	1439.97	2316.52
-11.83	21.83	1439.09	2344.54
-11.83	21.83	1438.21	2315.72
-11.83	21.83	1437.33	2201.68
-11.83	21.83	1436.45	2224.02
-11.83	21.83	1435.57	2359.95
-11.83	21.83	1434.69	2237.45
-11.83	21.83	1433.81	2183.12
-11.83	21.83	1432.93	2333.18
-11.83	21.83	1432.05	2346.96
-11.83	21.83	1431.17	2462.89
-11.83	21.83	1430.29	2312.1
-11.83	21.83	1429.41	2254.97
-11.83	21.83	1428.52	2373.69
-11.83	21.83	1427.64	2472.52
-11.83	21.83	1426.76	2211.27
-11.83	21.83	1425.88	2355.45
-11.83	21.83	1425.0	2437.22
-11.83	21.83	1424.11	2555.81
-11.83	21.83	1423.23	2425.05
-11.83	21.83	1422.35	2367.97
-11.83	21.83	1421.47	2359.07
-11.83	21.83	1420.58	2381.31
-11.83	21.83	1419.7	2290.3
-11.83	21.83	1418.82	2346.51
-11.83	21.83	1417.93	2346.11
-11.83	21.83	1417.05	2263.64
-11.83	21.83	1416.17	2288.71
-11.83	21.83	1415.28	2254.37
-11.83	21.83	1414.4	2319.02
-11.83	21.83	1413.51	2375.17
-11.83	21.83	1412.63	2244.71
-11.83	21.83	1411.75	2173.66
-11.83	21.83	1410.86	2351.32
-11.83	21.83	1409.98	2410.25
-11.83	21.83	1409.09	2398.53
-11.83	21.83	1408.21	2254.06
-11.83	21.83	1407.32	2312.97
-11.83	21.83	1406.44	2433.99
-11.83	21.83	1405.55	2442.03
-11.83	21.83	1404.66	2280.72
-11.83	21.83	1403.78	2333.94
-11.83	21.83	1402.89	2277.1
-11.83	21.83	1402.01	2477.01
-11.83	21.83	1401.12	2352.47
-11.83	21.83	1400.23	2216.69
-11.83	21.83	1399.35	2357.29
-11.83	21.83	1398.46	2430.18
-11.83	21.83	1397.57	2424.12
-11.83	21.83	1396.69	2263.06
-11.83	21.83	1395.8	2347.19
-11.83	21.83	1394.91	2403.13
-11.83	21.83	1394.02	2360.46
-11.83	21.83	1393.14	2269.93
-11.83	21.83	1392.25	2280.8
-11.83	21.83	1391.36	2333.89
-11.83	21.83	1390.47	2339.11
-11.83	21.83	1389.58	2302.12
-11.83	21.83	1388.7	2321.42
-11.83	21.83	1387.81	2458.87
-11.83	21.83	1386.92	2559.7
-11.83	21.83	1386.03	2393.32
-11.83	21.83	1385.14	2350.73
-11.83	21.83	1384.25	2516.19
-11.83	21.83	1383.36	2546.67
-11.83	21.83	1382.47	2582.76
-11.83	21.83	1381.58	2559.83
-11.83	21.83	1380.69	2570.63
-11.83	21.83	1379.8	2643.21
-11.83	21.83	1378.91	2521.99
-11.83	21.83	1378.02	2636.67
-11.83	21.83	1377.13	2571.64
-11.83	21.83	1376.24	2739.61
-11.83	21.83	1375.35	2789.65
-11.83	21.83	1374.46	2685.34
-11.83	21.83	1373.57	2651.21
-11.83	21.83	1372.68	2740.51
-11.83	21.83	1371.78	2857.82
-11.83	21.83	1370.89	2767.59
-11.83	21.83	1370.0	2685.8
-11.83	21.83	1369.11	2951.63
-11.83	21.83	1368.22	2810.98
-11.83	21.83	1367.33	2779.67
-11.83	21.83	1366.43	2644.71
-11.83	21.83	1365.54	2778.7
-11.83	21.83	1364.65	2795.02
-11.83	21.83	1363.76	2749.73
-11.83	21.83	1362.86	2799.64
-11.83	21.83	1361.97	2799.15
-11.83	21.83	1361.08	2857.44
-11.83	21.83	1360.18	2756.2
-11.83	21.83	1359.29	2699.77
-11.83	21.83	1358.4	2853.14
-11.83	21.83	1357.5	2877.81
-11.83	21.83	1356.61	2885.7
-11.83	21.83	1355.71	2901.97
-11.83	21.83	1354.82	2893.08
-11.83	21.83	1353.92	2853.45
-11.83	21.83	1353.03	2791.47
-11.83	21.83	1352.13	2743.49
-11.83	21.83	1351.24	2787.7
-11.83	21.83	1350.34	2820.73
-11.83	21.83	1349.45	2800.69
-11.83	21.83	1348.55	2847.66
-11.83	21.83	1347.66	2710.39
-11.83	21.83	1346.76	2813.18
-11.83	21.83	1345.87	2818.27
-11.83	21.83	1344.97	2881.94
-11.83	21.83	1344.07	2931.65
-11.83	21.83	1343.18	2933.92
-11.83	21.83	1342.28	2933.41
-11.83	21.83	1341.38	2813.02
-11.83	21.83	1340.49	2776.29
-11.83	21.83	1339.59	2873.35
-11.83	21.83	1338.69	2978.73
-11.83	21.83	1337.8	3017.21
-11.83	21.83	1336.9	2821.7
-11.83	21.83	1336.0	3018.94
-11.83	21.83	1335.1	3124.22
-11.83	21.83	1334.2	3048.51
-11.83	21.83	1333.31	3042.41
-11.83	21.83	1332.41	3111.45
-11.83	21.83	1331.51	3110.91
-11.83	21.83	1330.61	3088.11
-11.83	21.83	1329.71	3020.81
-11.83	21.83	1328.81	3156.55
-11.83	21.83	1327.91	3130.98
-11.83	21.83	1327.02	3099.85
-11.83	21.83	1326.12	2946.42
-11.83	21.83	1325.22	3007.05
-11.83	21.83	1324.32	3212.14
-11.83	21.83	1323.42	3206.03
-11.83	21.83	1322.52	3144.36
-11.83	21.83	1321.62	3077.15
-11.83	21.83	1320.72	3234.89
-11.83	21.83	1319.82	3145.48
-11.83	21.83	1318.91	3036.67
-11.83	21.83	1318.01	3097.2
-11.83	21.83	1317.11	3326.96
-11.83	21.83	1316.21	3257.02
-11.83	21.83	1315.31	3264.77
-11.83	21.83	1314.41	3153.27
-11.83	21.83	1313.51	3227.58
-11.83	21.83	1312.61	3282.46
-11.83	21.83	1311.7	3370.59
-11.83	21.83	1310.8	3056.83
-11.83	21.83	1309.9	3341.7
-11.83	21.83	1309.0	3288.47
-11.83	21.83	1308.09	3271.28
-11.83	21.83	1307.19	3270.71
-11.83	21.83	1306.29	3278.44
-11.83	21.83	1305.39	3443.97
-11.83	21.83	1304.48	3302.2
-11.83	21.83	1303.58	3276.71
-11.83	21.83	1302.68	3425.56
-11.83	21.83	1301.77	3408.36
-11.83	21.83	1300.87	3272.23
-11.83	21.83	1299.96	3343.56
-11.83	21.83	1299.06	3168.77
-11.83	21.83	1298.16	3270.5
-11.83	21.83	1297.25	3261.64
-11.83	21.83	1296.35	3012.34
-11.83	21.83	1295.44	2876.42
-11.83	21.83	1294.54	3027.86
-11.83	21.83	1293.63	3049.42
-11.83	21.83	1292.73	2723.01
-11.83	21.83	1291.82	2816.41
-11.83	21.83	1290.92	2799.36
-11.83	21.83	1290.01	2790.58
-11.83	21.83	1289.1	2748.7
-11.83	21.83	1288.2	2731.66
-11.83	21.83	1287.29	2731.18
-11.83	21.83	1286.39	2805.17
-11.83	21.83	1285.48	2721.95
-11.83	21.83	1284.57	2732.5
-11.83	21.83	1283.67	2643.8
-11.83	21.83	1282.76	2676.41
-11.83	21.83	1281.85	2775.15
-11.83	21.83	1280.94	2653.43
-11.83	21.83	1280.04	2779.69
-11.83	21.83	1279.13	2792.97
-11.83	21.83	1278.22	2701.6
-11.83	21.83	1277.31	2687.36
-11.83	21.83	1276.41	2576.77
-11.83	21.83	1275.5	2675.41
-11.83	21.83	1274.59	2705.21
-11.83	21.83	1273.68	2586.42
-11.83	21.83	1272.77	2585.96
-11.83	21.83	1271.86	2593.76
-11.83	21.83	1270.95	2568.55
-11.83	21.83	1270.04	2452.62
-11.83	21.83	1269.13	2435.69
-11.83	21.83	1268.23	2492.99
-11.83	21.83	1267.32	2525.53
-11.83	21.83	1266.41	2395.94
-11.83	21.83	1265.5	2395.52
-11.83	21.83	1264.59	2496.73
-11.83	21.83	1263.67	2559.45
-11.83	21.83	1262.76	2440.93
-11.83	21.83	1261.85	2341.68
-11.83	21.83	1260.94	2464.78
-11.83	21.83	1260.03	2538.44
-11.83	21.83	1259.12	2439.22
-11.83	21.83	1258.21	2268.7
-11.83	21.83	1257.3	2520.64
-11.83	21.83	1256.39	2426.96
-11.83	21.83	1255.47	2464.92
-11.83	21.83	1254.56	2349.35
-11.83	21.83	1253.65	2340.71
-11.83	21.83	1252.74	2441.69
-11.83	21.83	1251.83	2433.04
-11.83	21.83	1250.91	2303.86
-11.83	21.83	1250.0	2385.63
-11.83	21.83	1249.09	2459.14
-11.83	21.83	1248.17	2417.64
-11.83	21.83	1247.26	2255.7
-11.83	21.83	1246.35	2392.16
-11.83	21.83	1245.43	2367.11
-11.83	21.83	1244.52	2259.98
-11.83	21.83	1243.61	2226.76
-11.83	21.83	1242.69	2313.89
-11.83	21.83	1241.78	2381.85
-11.83	21.83	1240.86	2406.03
-11.83	21.83	1239.95	2214.26
-11.83	21.83	1239.03	2317.73
-11.83	21.83	1238.12	2399.3
-11.83	21.83	1237.2	2409.8
-11.83	21.83	1236.29	2209.96
-11.83	21.83	1235.37	2337.94
-11.83	21.83	1234.46	2386.68
-11.83	21.83	1233.54	2249.75
-11.83	21.83	1232.63	2211.13
-11.83	21.83	1231.71	2235.31
-11.83	21.83	1230.8	2281.3
-11.83	21.83	1229.88	2193.6
-11.83	21.83	1228.96	2217.76
-11.83	21.83	1228.05	2168.28
-11.83	21.83	1227.13	2257.88
-11.83	21.83	1226.21	2200.23
-11.83	21.83	1225.3	2161.68
-11.83	21.83	1224.38	2101.33
-11.83	21.83	1223.46	2248.11
-11.83	21.83	1222.54	2269.51
-11.83	21.83	1221.63	2181.94
-11.83	21.83	1220.71	2200.62
-11.83	21.83	1219.79	2377.23
-11.83	21.83	1218.87	2172.62
-11.83	21.83	1217.95	2164.07
-11.83	21.83	1217.03	2201.79
-11.83	21.83	1216.12	2383.72
-11.83	21.83	1215.2	2258.15
-11.83	21.83	1214.28	2249.59
-11.83	21.83	1213.36	2284.55
-11.83	21.83	1212.44	2300.46
-11.83	21.83	1211.52	2378.9
-11.83	21.83	1210.6	2305.08
-11.83	21.83	1209.68	2345.44
-11.83	21.83	1208.76	2470.03
-11.83	21.83	1207.84	2480.46
-11.83	21.83	1206.92	2365.93
-11.83	21.83	1206.0	2319.34
-11.83	21.83	1205.08	2297.21
-11.83	21.83	1204.16	2410.83
-11.83	21.83	1203.24	2223.11
-11.83	21.83	1202.31	2282.42
-11.83	21.83	1201.39	2379.71
-11.83	21.83	1200.47	2295.18
-11.83	21.83	1199.55	2175.43
-11.83	21.83	1198.63	2261.83
-11.83	21.83	1197.71	2218.04
-11.83	21.83	1196.78	2244.76
-11.83	21.83	1195.86	2149.49
-11.83	21.83	1194.94	2170.79
-11.83	21.83	1194.02	2183.96
-11.83	21.83	1193.09	2151.06
-11.83	21.83	1192.17	2091.09
-11.83	21.83	1191.25	1985.1
-11.83	21.83	1190.32	2114.72
-11.83	21.83	1189.4	2108.93
-11.83	21.83	1188.48	2021.94
-11.83	21.83	1187.55	1932.28
-11.83	21.83	1186.63	2115.93
-11.83	21.83	1185.71	2129.08
-11.83	21.83	1184.78	2025.92
-11.83	21.83	1183.86	1995.82
-11.83	21.83	1182.93	2068.47
-11.83	21.83	1182.01	2035.66
-11.83	21.83	1181.08	2040.71
-11.83	21.83	1180.16	1994.4
-11.83	21.83	1179.23	2029.18
-11.83	21.83	1178.31	2061.24
-11.83	21.83	1177.38	1987.94
-11.83	21.83	1176.46	1963.29
-11.83	21.83	1175.53	1965.64
-11.83	21.83	1174.6	2046.28
-11.83	21.83	1173.68	1986.54
-11.83	21.83	1172.75	1956.5
-11.83	21.83	1171.82	2002.02
-11.83	21.83	1170.9	2039.43
-11.83	21.83	1169.97	2001.31
-11.83	21.83	1169.04	1890.39
-11.83	21.83	1168.12	2035.65
-11.83	21.83	1167.19	1978.68
-11.83	21.83	1166.26	1978.33
-11.83	21.83	1165.33	1913.31
-11.83	21.83	1164.41	1964.16
-11.83	21.83	1163.48	2041.93
-11.83	21.83	1162.55	2001.17
-11.83	21.83	1161.62	1866.17
-11.83	21.83	1160.69	1930.46
-11.83	21.83	1159.76	1922.04
-11.83	21.83	1158.84	2007.83
-11.83	21.83	1157.91	1980.56
-11.83	21.83	1156.98	2009.8
-11.83	21.83	1156.05	2009.45
-11.83	21.83	1155.12	1968.75
-11.83	21.83	1154.19	1973.78
-11.83	21.83	1153.26	1895.46
-11.83	21.83	1152.33	2077.91
-11.83	21.83	1151.4	2107.11
-11.83	21.83	1150.47	1913.26
-11.83	21.83	1149.54	2055.31
-11.83	21.83	1148.61	2046.89
-11.83	21.83	1147.68	2116.36
-11.83	21.83	1146.75	1906.53
-11.83	21.83	1145.81	2145.14
-11.83	21.83	1144.88	2072.28
-11.83	21.83	1143.95	1994.08
-11.83	21.83	1143.02	1966.9
-11.83	21.83	1142.09	1931.67
-11.83	21.83	1141.16	1947.42
-11.83	21.83	1140.22	1890.75
-11.83	21.83	1139.29	1885.06
-11.83	21.83	1138.36	1892.76
-11.83	21.83	1137.43	2021.09
-11.83	21.83	1136.49	1921.57
-11.83	21.83	1135.56	1811.37
-11.83	21.83	1134.63	1819.09
-11.83	21.83	1133.69	1896.44
-11.83	21.83	1132.76	1853.25
-11.83	21.83	1131.83	1767.24
-11.83	21.83	1130.89	1732.12
-11.83	21.83	1129.96	1825.5
-11.83	21.83	1129.02	1801.09
-11.83	21.83	1128.09	1699.09
-11.83	21.83	1127.16	1808.48
-11.83	21.83	1126.22	1722.56
-11.83	21.83	1125.29	1719.58
-11.83	21.83	1124.35	1727.3
-11.83	21.83	1123.42	1689.56
-11.83	21.83	1122.48	1777.47
-11.83	21.83	1121.55	1688.96
-11.83	21.83	1120.61	1739.43
-11.83	21.83	1119.67	1669.66
-11.83	21.83	1118.74	1786.89
-11.83	21.83	1117.8	1789.24
-11.83	21.83	1116.87	1663.43
-11.83	21.83	1115.93	1751.23
-11.83	21.83	1114.99	1852.34
-11.83	21.83	1114.06	1705.24
-11.83	21.83	1113.12	1688.93
-11.83	21.83	1112.18	1827.35
-11.83	21.83	1111.24	1819.02
-11.83	21.83	1110.31	1704.03
-11.83	21.83	1109.37	1706.39
-11.83	21.83	1108.43	1735.41
-11.83	21.83	1107.49	1772.42
-11.83	21.83	1106.55	1713.47
-11.83	21.83	1105.62	1835.73
-11.83	21.83	1104.68	1784.79
-11.83	21.83	1103.74	1856.38
-11.83	21.83	1102.8	1656.33
-11.83	21.83	1101.86	1714.61
-11.83	21.83	1100.92	1740.93
-11.83	21.83	1099.98	1729.97
-11.83	21.83	1099.04	1655.15
-11.83	21.83	1098.1	1740.0
-11.83	21.83	1097.16	1686.48
-11.83	21.83	1096.22	1763.31
-11.83	21.83	1095.28	1778.95
-11.83	21.83	1094.34	1608.48
-11.83	21.83	1093.4	1762.37
-11.83	21.83	1092.46	1801.92
-11.83	21.83	1091.52	1769.71
-11.83	21.83	1090.58	1734.86
-11.83	21.83	1089.64	1681.43
-11.83	21.83	1088.7	1811.26
-11.83	21.83	1087.76	1670.21
-11.83	21.83	1086.81	1704.42
-11.83	21.83	1085.87	1786.4
-11.83	21.83	1084.93	1754.24
-11.83	21.83	1083.99	1690.24
-11.83	21.83	1083.05	1666.06
-11.83	21.83	1082.1	1734.73
-11.83	21.83	1081.16	1657.51
-11.83	21.83	1080.22	1720.86
-11.83	21.83	1079.28	1678.13
-11.83	21.83	1078.33	1699.04
-11.83	21.83	1077.39	1799.44
-11.83	21.83	1076.45	1698.43
-11.83	21.83	1075.5	1555.07
-11.83	21.83	1074.56	1769.34
-11.83	21.83	1073.61	1819.34
-11.83	21.83	1072.67	1604.55
-11.83	21.83	1071.73	1614.85
-11.83	21.83	1070.78	1686.03
-11.83	21.83	1069.84	1720.13
-11.83	21.83	1068.89	1709.24
-11.83	21.83	1067.95	1616.34
-11.83	21.83	1067.0	1705.98
-11.83	21.83	1066.06	1761.21
-11.83	21.83	1065.11	1641.92
-11.83	21.83	1064.16	1697.14
-11.83	21.83	1063.22	1717.98
-11.83	21.83	1062.27	1675.39
-11.83	21.83	1061.33	1693.59
-11.83	21.83	1060.38	1693.28
-11.83	21.83	1059.43	1682.42
-11.83	21.83	1058.49	1687.4
-11.83	21.83	1057.54	1700.3
-11.83	21.83	1056.59	1668.32
-11.83	21.83	1055.65	1604.68
-11.83	21.83	1054.7	1628.14
-11.83	21.83	1053.75	1633.12
-11.83	21.83	1052.8	1717.24
-11.83	21.83	1051.85	1751.22
-11.83	21.83	1050.91	1682.35
-11.83	21.83	1049.96	1642.5
-11.83	21.83	1049.01	1687.02
-11.83	21.83	1048.06	1757.88
-11.83	21.83	1047.11	1628.45
-11.83	21.83	1046.16	1578.1
-11.83	21.83	1045.21	1688.45
-11.83	21.83	1044.27	1743.45
-11.83	21.83	1043.32	1674.68
-11.83	21.83	1042.37	1563.81
-11.83	21.83	1041.42	1655.65
-11.83	21.83	1040.47	1723.78
-11.83	21.83	1039.52	1691.9
-11.83	21.83	1038.57	1675.81
-11.83	21.83	1037.62	1675.51
-11.83	21.83	1036.67	1714.66
-11.83	21.83	1035.71	1656.51
-11.83	21.83	1034.76	1653.58
-11.83	21.83	1033.81	1758.42
-11.83	21.83	1032.86	1713.43
-11.83	21.83	1031.91	1660.58
-11.83	21.83	1030.96	1676.04
-11.83	21.83	1030.01	1746.66
-11.83	21.83	1029.05	1746.35
-11.83	21.83	1028.1	1693.52
-11.83	21.83	1027.15	1722.09
-11.83	21.83	1026.2	1653.55
-11.83	21.83	1025.24	1726.73
-11.83	21.83	1024.29	1687.06
-11.83	21.83	1023.34	1639.54
-11.83	21.83	1022.39	1746.78
-11.83	21.83	1021.43	1720.25
-11.83	21.83	1020.48	1599.33
-11.83	21.83	1019.52	1580.7
-11.83	21.83	1018.57	1727.18
-11.83	21.83	1017.62	1698.05
-11.83	21.83	1016.66	1613.91
-11.83	21.83	1015.71	1611.0
-11.83	21.83	1014.75	1710.23
-11.83	21.83	1013.8	1657.55
-11.83	21.83	1012.84	1652.02
-11.83	21.83	1011.89	1704.08
-11.83	21.83	1010.93	1591.23
-11.83	21.83	1009.98	1601.42
-11.83	21.83	1009.02	1627.29
-11.83	21.83	1008.07	1616.54
-11.83	21.83	1007.11	1697.32
-11.83	21.83	1006.16	1676.1
-11.83	21.83	1005.2	1558.15
-11.83	21.83	1004.24	1620.6
-11.83	21.83	1003.29	1703.94
-11.83	21.83	1002.33	1661.83
-11.83	21.83	1001.37	1653.69
-11.83	21.83	1000.41	1648.17
-11.83	21.83	999.4580000000001	1650.49
-11.83	21.83	998.5	1597.97
-11.83	21.83	997.543	1589.85
-11.83	21.83	996.585	1691.36
-11.83	21.83	995.627	1730.2
-11.83	21.83	994.669	1633.35
-11.83	21.83	993.71	1620.02
-11.83	21.83	992.752	1695.37
-11.83	21.83	991.793	1642.91
-11.83	21.83	990.834	1710.4
-11.83	21.83	989.875	1652.74
-11.83	21.83	988.916	1691.54
-11.83	21.83	987.957	1659.97
-11.83	21.83	986.997	1602.35
-11.83	21.83	986.0369999999999	1581.22
-11.83	21.83	985.078	1729.39
-11.83	21.83	984.118	1627.53
-11.83	21.83	983.1569999999999	1572.56
-11.83	21.83	982.197	1580.09
-11.83	21.83	981.2360000000001	1660.48
-11.83	21.83	980.2760000000001	1550.89
-11.83	21.83	979.315	1581.84
-11.83	21.83	978.3539999999999	1581.55
-11.83	21.83	977.3919999999999	1635.88
-11.83	21.83	976.431	1575.78
-11.83	21.83	975.4689999999999	1552.1
-11.83	21.83	974.508	1531.03
-11.83	21.83	973.546	1595.72
-11.83	21.83	972.584	1629.22
-11.83	21.83	971.6210000000001	1540.59
-11.83	21.83	970.659	1613.05
-11.83	21.83	969.696	1633.53
-11.83	21.83	968.7330000000001	1526.78
-11.83	21.83	967.77	1578.43
-11.83	21.83	966.807	1557.38
-11.83	21.83	965.8439999999999	1609.0
-11.83	21.83	964.88	1564.6
-11.83	21.83	963.9169999999999	1517.62
-11.83	21.83	962.953	1543.29
-11.83	21.83	961.9889999999999	1607.84
-11.83	21.83	961.025	1589.4
-11.83	21.83	960.06	1635.78
-11.83	21.83	959.096	1596.61
-11.83	21.83	958.1310000000001	1635.19
-11.83	21.83	957.166	1608.99
-11.83	21.83	956.201	1616.47
-11.83	21.83	955.2360000000001	1639.49
-11.83	21.83	954.27	1690.99
-11.83	21.83	953.305	1613.01
-11.83	21.83	952.3389999999999	1568.71
-11.83	21.83	951.373	1664.19
-11.83	21.83	950.4069999999999	1663.89
-11.83	21.83	949.441	1627.37
-11.83	21.83	948.4739999999999	1616.73
-11.83	21.83	947.508	1626.78
-11.83	21.83	946.541	1685.96
-11.83	21.83	945.574	1641.71
-11.83	21.83	944.607	1605.23
-11.83	21.83	943.6389999999999	1656.62
-11.83	21.83	942.672	1591.73
-11.83	21.83	941.704	1596.61
-11.83	21.83	940.7360000000001	1635.06
-11.83	21.83	939.768	1606.36
-11.83	21.83	938.8	1564.76
-11.83	21.83	937.832	1577.38
-11.83	21.83	936.863	1680.35
-11.83	21.83	935.8939999999999	1579.4
-11.83	21.83	934.926	1527.51
-11.83	21.83	933.956	1573.67
-11.83	21.83	932.987	1612.07
-11.83	21.83	932.018	1611.78
-11.83	21.83	931.048	1590.87
-11.83	21.83	930.078	1606.05
-11.83	21.83	929.1080000000001	1546.47
-11.83	21.83	928.138	1626.08
-11.83	21.83	927.168	1630.94
-11.83	21.83	926.198	1509.57
-11.83	21.83	925.227	1653.53
-11.83	21.83	924.2560000000001	1624.91
-11.83	21.83	923.285	1596.29
-11.83	21.83	922.314	1565.12
-11.83	21.83	921.3430000000001	1675.5
-11.83	21.83	920.3710000000001	1613.44
-11.83	21.83	919.3989999999999	1564.27
-11.83	21.83	918.427	1643.73
-11.83	21.83	917.455	1664.01
-11.83	21.83	916.4830000000001	1578.85
-11.83	21.83	915.5110000000001	1550.28
-11.83	21.83	914.538	1583.42
-11.83	21.83	913.565	1624.26
-11.83	21.83	912.5930000000001	1513.47
-11.83	21.83	911.6189999999999	1567.15
-11.83	21.83	910.6460000000001	1610.53
-11.83	21.83	909.673	1589.7
-11.83	21.83	908.699	1553.46
-11.83	21.83	907.725	1566.02
-11.83	21.83	906.7510000000001	1637.6
-11.83	21.83	905.7769999999999	1593.68
-11.83	21.83	904.803	1606.22
-11.83	21.83	903.828	1616.19
-11.83	21.83	902.8539999999999	1626.16
-11.83	21.83	901.8789999999999	1589.96
-11.83	21.83	900.904	1546.09
-11.83	21.83	899.928	1586.83
-11.83	21.83	898.953	1563.47
-11.83	21.83	897.977	1629.82
-11.83	21.83	897.002	1509.1
-11.83	21.83	896.0260000000001	1621.54
-11.83	21.83	895.05	1664.79
-11.83	21.83	894.073	1628.64
-11.83	21.83	893.097	1554.1
-11.83	21.83	892.12	1704.84
-11.83	21.83	891.1439999999999	1658.47
-11.83	21.83	890.1669999999999	1660.73
-11.83	21.83	889.189	1573.44
-11.83	21.83	888.212	1642.22
-11.83	21.83	887.235	1547.29
-11.83	21.83	886.257	1570.03
-11.83	21.83	885.279	1549.29
-11.83	21.83	884.301	1610.36
-11.83	21.83	883.323	1620.29
-11.83	21.83	882.3439999999999	1584.22
-11.83	21.83	881.3660000000001	1573.72
-11.83	21.83	880.387	1629.63
-11.83	21.83	879.408	1608.9
-11.83	21.83	878.429	1577.97
-11.83	21.83	877.45	1593.0
-11.83	21.83	876.47	1664.18
-11.83	21.83	875.4910000000001	1564.35
-11.83	21.83	874.5110000000001	1484.97
-11.83	21.83	873.5310000000001	1568.89
-11.83	21.83	872.551	1627.27
-11.83	21.83	871.57	1581.07
-11.83	21.83	870.59	1560.39
-11.83	21.83	869.6089999999999	1641.68
-11.83	21.83	868.628	1582.76
-11.83	21.83	867.6469999999999	1572.28
-11.83	21.83	866.666	1610.21
-11.83	21.83	865.684	1699.08
-11.83	21.83	864.703	1596.89
-11.83	21.83	863.721	1586.42
-11.83	21.83	862.7389999999999	1570.86
-11.83	21.83	861.757	1555.3
-11.83	21.83	860.775	1616.1
-11.83	21.83	859.7919999999999	1536.92
-11.83	21.83	858.81	1549.36
-11.83	21.83	857.827	1602.5
-11.83	21.83	856.8439999999999	1518.28
-11.83	21.83	855.86	1619.72
-11.83	21.83	854.877	1591.46
-11.83	21.83	853.8939999999999	1680.13
-11.83	21.83	852.91	1588.34
-11.83	21.83	851.926	1595.67
-11.83	21.83	850.942	1615.71
-11.83	21.83	849.9580000000001	1615.42
-11.83	21.83	848.9730000000001	1594.81
-11.83	21.83	847.988	1612.29
-11.83	21.83	847.0039999999999	1647.54
-11.83	21.83	846.0189999999999	1606.63
-11.83	21.83	845.034	1583.5
-11.83	21.83	844.048	1573.06
-11.83	21.83	843.063	1588.0
-11.83	21.83	842.077	1544.59
-11.83	21.83	841.091	1551.92
-11.83	21.83	840.105	1620.09
-11.83	21.83	839.1189999999999	1662.89
-11.83	21.83	838.132	1566.28
-11.83	21.83	837.1460000000001	1525.45
-11.83	21.83	836.159	1621.45
-11.83	21.83	835.172	1611.02
-11.83	21.83	834.185	1537.28
-11.83	21.83	833.198	1542.07
-11.83	21.83	832.21	1607.61
-11.83	21.83	831.222	1549.1
-11.83	21.83	830.235	1546.29
-11.83	21.83	829.247	1589.02
-11.83	21.83	828.258	1616.56
-11.83	21.83	827.27	1618.8
-11.83	21.83	826.2810000000001	1542.64
-11.83	21.83	825.293	1600.51
-11.83	21.83	824.304	1569.88
-11.83	21.83	823.315	1521.58
-11.83	21.83	822.325	1516.25
-11.83	21.83	821.336	1566.5
-11.83	21.83	820.346	1591.48
-11.83	21.83	819.3560000000001	1510.37
-11.83	21.83	818.3660000000001	1578.27
-11.83	21.83	817.3760000000001	1588.09
-11.83	21.83	816.3860000000001	1547.41
-11.83	21.83	815.395	1539.55
-11.83	21.83	814.405	1536.75
-11.83	21.83	813.414	1549.09
-11.83	21.83	812.423	1503.4
-11.83	21.83	811.431	1538.43
-11.83	21.83	810.44	1553.28
-11.83	21.83	809.448	1522.75
-11.83	21.83	808.456	1502.31
-11.83	21.83	807.4639999999999	1469.27
-11.83	21.83	806.472	1549.63
-11.83	21.83	805.48	1609.81
-11.83	21.83	804.487	1468.47
-11.83	21.83	803.495	1483.31
-11.83	21.83	802.502	1578.72
-11.83	21.83	801.5089999999999	1568.36
-11.83	21.83	800.5160000000001	1517.74
-11.83	21.83	799.5219999999999	1530.04
-11.83	21.83	798.528	1675.7
-11.83	21.83	797.535	1516.91
-11.83	21.83	796.541	1539.27
-11.83	21.83	795.547	1526.41
-11.83	21.83	794.552	1583.96
-11.83	21.83	793.558	1457.99
-11.83	21.83	792.563	1533.12
-11.83	21.83	791.568	1588.12
-11.83	21.83	790.573	1540.1
-11.83	21.83	789.578	1489.58
-11.83	21.83	788.582	1489.31
-11.83	21.83	787.587	1521.68
-11.83	21.83	786.591	1559.06
-11.83	21.83	785.595	1531.17
-11.83	21.83	784.5989999999999	1503.28
-11.83	21.83	783.602	1565.74
-11.83	21.83	782.6060000000001	1552.91
-11.83	21.83	781.6089999999999	1587.74
-11.83	21.83	780.612	1559.86
-11.83	21.83	779.615	1589.67
-11.83	21.83	778.618	1647.04
-11.83	21.83	777.6210000000001	1551.49
-11.83	21.83	776.623	1496.08
-11.83	21.83	775.625	1518.35
-11.83	21.83	774.627	1573.19
-11.83	21.83	773.6289999999999	1512.79
-11.83	21.83	772.6310000000001	1602.66
-11.83	21.83	771.632	1564.82
-11.83	21.83	770.6339999999999	1416.84
-11.83	21.83	769.635	1521.7
-11.83	21.83	768.6360000000001	1541.44
-11.83	21.83	767.6360000000001	1598.7
-11.83	21.83	766.637	1573.39
-11.83	21.83	765.637	1660.64
-11.83	21.83	764.637	1677.84
-11.83	21.83	763.638	1622.53
-11.83	21.83	762.637	1524.75
-11.83	21.83	761.637	1559.46
-11.83	21.83	760.6360000000001	1599.16
-11.83	21.83	759.6360000000001	1493.94
-11.83	21.83	758.635	1481.18
-11.83	21.83	757.6339999999999	1495.89
-11.83	21.83	756.633	1513.1
-11.83	21.83	755.6310000000001	1525.3
-11.83	21.83	754.6289999999999	1544.99
-11.83	21.83	753.628	1562.18
-11.83	21.83	752.6260000000001	1604.31
-11.83	21.83	751.623	1494.25
-11.83	21.83	750.6210000000001	1523.91
-11.83	21.83	749.6189999999999	1598.44
-11.83	21.83	748.6160000000001	1523.35
-11.83	21.83	747.613	1505.62
-11.83	21.83	746.61	1617.5
-11.83	21.83	745.607	1497.6
-11.83	21.83	744.6030000000001	1524.73
-11.83	21.83	743.5989999999999	1507.01
-11.83	21.83	742.596	1554.06
-11.83	21.83	741.592	1531.36
-11.83	21.83	740.587	1521.12
-11.83	21.83	739.5830000000001	1530.8
-11.83	21.83	738.579	1615.14
-11.83	21.83	737.574	1530.24
-11.83	21.83	736.569	1487.67
-11.83	21.83	735.564	1552.07
-11.83	21.83	734.558	1643.8
-11.83	21.83	733.553	1496.8
-11.83	21.83	732.547	1548.73
-11.83	21.83	731.541	1652.84
-11.83	21.83	730.535	1600.35
-11.83	21.83	729.529	1582.66
-11.83	21.83	728.523	1609.7
-11.83	21.83	727.5160000000001	1596.98
-11.83	21.83	726.5089999999999	1445.22
-11.83	21.83	725.503	1628.68
-11.83	21.83	724.495	1710.29
-11.83	21.83	723.488	1578.44
-11.83	21.83	722.4810000000001	1612.89
-11.83	21.83	721.4730000000001	1575.38
-11.83	21.83	720.465	1632.15
-11.83	21.83	719.457	1696.33
-11.83	21.83	718.449	1567.08
-11.83	21.83	717.44	1564.31
-11.83	21.83	716.432	1687.96
-11.83	21.83	715.423	1526.57
-11.83	21.83	714.414	1565.93
-11.83	21.83	713.405	1595.37
-11.83	21.83	712.395	1627.28
-11.83	21.83	711.3860000000001	1602.22
-11.83	21.83	710.3760000000001	1579.64
-11.83	21.83	709.3660000000001	1631.33
-11.83	21.83	708.3560000000001	1576.58
-11.83	21.83	707.346	1549.08
-11.83	21.83	706.335	1524.05
-11.83	21.83	705.325	1627.66
-11.83	21.83	704.314	1565.54
-11.83	21.83	703.303	1523.21
-11.83	21.83	702.2919999999999	1515.52
-11.83	21.83	701.28	1656.13
-11.83	21.83	700.2689999999999	1586.63
-11.83	21.83	699.257	1534.45
-11.83	21.83	698.245	1586.05
-11.83	21.83	697.2330000000001	1558.59
-11.83	21.83	696.22	1533.6
-11.83	21.83	695.2080000000001	1565.42
-11.83	21.83	694.195	1646.6
-11.83	21.83	693.182	1552.51
-11.83	21.83	692.169	1537.41
-11.83	21.83	691.1560000000001	1645.69
-11.83	21.83	690.143	1667.59
-11.83	21.83	689.1289999999999	1566.16
-11.83	21.83	688.115	1607.8
-11.83	21.83	687.1010000000001	1632.16
-11.83	21.83	686.087	1609.67
-11.83	21.83	685.073	1614.31
-11.83	21.83	684.058	1626.33
-11.83	21.83	683.043	1621.1
-11.83	21.83	682.028	1549.37
-11.83	21.83	681.013	1519.53
-11.83	21.83	679.998	1556.19
-11.83	21.83	678.9830000000001	1592.83
-11.83	21.83	677.967	1560.54
-11.83	21.83	676.951	1584.86
-11.83	21.83	675.935	1648.55
-11.83	21.83	674.919	1527.7
-11.83	21.83	673.9019999999999	1591.37
-11.83	21.83	672.8860000000001	1632.88
-11.83	21.83	671.8689999999999	1667.0
-11.83	21.83	670.852	1592.95
-11.83	21.83	669.835	1649.19
-11.83	21.83	668.817	1567.79
-11.83	21.83	667.8	1663.32
-11.83	21.83	666.7819999999999	1545.11
-11.83	21.83	665.7639999999999	1530.09
-11.83	21.83	664.7460000000001	1593.65
-11.83	21.83	663.7280000000001	1667.01
-11.83	21.83	662.709	1563.61
-11.83	21.83	661.691	1614.86
-11.83	21.83	660.672	1744.61
-11.83	21.83	659.653	1653.52
-11.83	21.83	658.6339999999999	1560.0
-11.83	21.83	657.6139999999999	1689.69
-11.83	21.83	656.595	1593.76
-11.83	21.83	655.575	1512.56
-11.83	21.83	654.555	1556.4
-11.83	21.83	653.535	1590.43
-11.83	21.83	652.514	1614.63
-11.83	21.83	651.494	1540.85
-11.83	21.83	650.4730000000001	1584.65
-11.83	21.83	649.452	1584.36
-11.83	21.83	648.431	1579.17
-11.83	21.83	647.41	1598.46
-11.83	21.83	646.388	1576.14
-11.83	21.83	645.366	1610.11
-11.83	21.83	644.345	1607.36
-11.83	21.83	643.323	1528.79
-11.83	21.83	642.3	1626.34
-11.83	21.83	641.278	1679.83
-11.83	21.83	640.255	1586.62
-11.83	21.83	639.232	1569.22
-11.83	21.83	638.2090000000001	1627.58
-11.83	21.83	637.186	1597.96
-11.83	21.83	636.163	1551.25
-11.83	21.83	635.139	1616.91
-11.83	21.83	634.116	1643.48
-11.83	21.83	633.092	1491.8
-11.83	21.83	632.068	1686.81
-11.83	21.83	631.043	1583.99
-11.83	21.83	630.019	1612.98
-11.83	21.83	628.994	1458.98
-11.83	21.83	627.969	1651.42
-11.83	21.83	626.944	1619.41
-11.83	21.83	625.919	1545.95
-11.83	21.83	624.893	1555.42
-11.83	21.83	623.868	1623.38
-11.83	21.83	622.842	1506.11
-11.83	21.83	621.816	1520.45
-11.83	21.83	620.79	1598.12
-11.83	21.83	619.763	1622.19
-11.83	21.83	618.737	1519.61
-11.83	21.83	617.71	1526.63
-11.83	21.83	616.683	1570.17
-11.83	21.83	615.656	1582.05
-11.83	21.83	614.629	1642.59
-11.83	21.83	613.601	1586.33
-11.83	21.83	612.573	1600.63
-11.83	21.83	611.545	1614.93
-11.83	21.83	610.5169999999999	1531.95
-11.83	21.83	609.489	1538.96
-11.83	21.83	608.461	1655.36
-11.83	21.83	607.432	1548.12
-11.83	21.83	606.403	1576.99
-11.83	21.83	605.374	1639.86
-11.83	21.83	604.345	1588.55
-11.83	21.83	603.315	1576.12
-11.83	21.83	602.286	1592.82
-11.83	21.83	601.256	1604.66
-11.83	21.83	600.226	1604.37
