-14.57	14.57	1799.66	1198.07
-14.57	14.57	1798.84	1158.14
-14.57	14.57	1798.03	1231.27
-14.57	14.57	1797.21	1188.29
-14.57	14.57	1796.39	1200.31
-14.57	14.57	1795.57	1194.0
-14.57	14.57	1794.75	1190.75
-14.57	14.57	1793.93	1214.97
-14.57	14.57	1793.11	1230.02
-14.57	14.57	1792.29	1190.14
-14.57	14.57	1791.47	1150.28
-14.57	14.57	1790.65	1153.13
-14.57	14.57	1789.84	1265.79
-14.57	14.57	1789.02	1262.53
-14.57	14.57	1788.2	1204.38
-14.57	14.57	1787.38	1259.05
-14.57	14.57	1786.56	1240.55
-14.57	14.57	1785.73	1231.2
-14.57	14.57	1784.91	1106.07
-14.57	14.57	1784.09	1145.48
-14.57	14.57	1783.27	1154.43
-14.57	14.57	1782.45	1248.64
-14.57	14.57	1781.63	1211.89
-14.57	14.57	1780.81	1181.24
-14.57	14.57	1779.99	1187.13
-14.57	14.57	1779.17	1189.97
-14.57	14.57	1778.35	1150.21
-14.57	14.57	1777.52	1195.65
-14.57	14.57	1776.7	1204.58
-14.57	14.57	1775.88	1271.28
-14.57	14.57	1775.06	1331.89
-14.57	14.57	1774.24	1225.25
-14.57	14.57	1773.41	1252.4
-14.57	14.57	1772.59	1167.09
-14.57	14.57	1771.77	1248.94
-14.57	14.57	1770.95	1248.73
-14.57	14.57	1770.12	1266.74
-14.57	14.57	1769.3	1148.08
-14.57	14.57	1768.48	1287.57
-14.57	14.57	1767.65	1223.59
-14.57	14.57	1766.83	1323.56
-14.57	14.57	1766.01	1192.83
-14.57	14.57	1765.18	1222.97
-14.57	14.57	1764.36	1247.04
-14.57	14.57	1763.53	1210.42
-14.57	14.57	1762.71	1219.32
-14.57	14.57	1761.88	1155.43
-14.57	14.57	1761.06	1212.84
-14.57	14.57	1760.24	1270.24
-14.57	14.57	1759.41	1221.52
-14.57	14.57	1758.59	1230.41
-14.57	14.57	1757.76	1236.26
-14.57	14.57	1756.94	1287.55
-14.57	14.57	1756.11	1320.65
-14.57	14.57	1755.28	1253.8
-14.57	14.57	1754.46	1217.25
-14.57	14.57	1753.63	1250.35
-14.57	14.57	1752.81	1225.92
-14.57	14.57	1751.98	1313.48
-14.57	14.57	1751.16	1273.92
-14.57	14.57	1750.33	1228.33
-14.57	14.57	1749.5	1282.57
-14.57	14.57	1748.68	1367.03
-14.57	14.57	1747.85	1179.32
-14.57	14.57	1747.02	1290.98
-14.57	14.57	1746.2	1245.42
-14.57	14.57	1745.37	1211.96
-14.57	14.57	1744.54	1220.82
-14.57	14.57	1743.71	1253.85
-14.57	14.57	1742.89	1214.37
-14.57	14.57	1742.06	1226.24
-14.57	14.57	1741.23	1361.93
-14.57	14.57	1740.4	1358.68
-14.57	14.57	1739.57	1174.3
-14.57	14.57	1738.75	1249.56
-14.57	14.57	1737.92	1297.63
-14.57	14.57	1737.09	1288.36
-14.57	14.57	1736.26	1227.81
-14.57	14.57	1735.43	1281.89
-14.57	14.57	1734.6	1308.81
-14.57	14.57	1733.77	1242.26
-14.57	14.57	1732.94	1263.15
-14.57	14.57	1732.11	1226.77
-14.57	14.57	1731.28	1268.75
-14.57	14.57	1730.45	1316.74
-14.57	14.57	1729.62	1340.62
-14.57	14.57	1728.8	1328.34
-14.57	14.57	1727.96	1261.86
-14.57	14.57	1727.13	1345.96
-14.57	14.57	1726.3	1321.65
-14.57	14.57	1725.47	1300.35
-14.57	14.57	1724.64	1291.1
-14.57	14.57	1723.81	1293.89
-14.57	14.57	1722.98	1453.13
-14.57	14.57	1722.15	1386.7
-14.57	14.57	1721.32	1311.28
-14.57	14.57	1720.49	1280.99
-14.57	14.57	1719.66	1286.78
-14.57	14.57	1718.82	1259.51
-14.57	14.57	1717.99	1283.34
-14.57	14.57	1717.16	1328.2
-14.57	14.57	1716.33	1385.05
-14.57	14.57	1715.5	1402.84
-14.57	14.57	1714.66	1336.53
-14.57	14.57	1713.83	1246.21
-14.57	14.57	1713.0	1342.08
-14.57	14.57	1712.17	1350.86
-14.57	14.57	1711.33	1332.62
-14.57	14.57	1710.5	1359.4
-14.57	14.57	1709.67	1347.17
-14.57	14.57	1708.83	1376.94
-14.57	14.57	1708.0	1367.71
-14.57	14.57	1707.17	1358.48
-14.57	14.57	1706.33	1367.24
-14.57	14.57	1705.5	1343.03
-14.57	14.57	1704.66	1315.82
-14.57	14.57	1703.83	1363.55
-14.57	14.57	1703.0	1324.36
-14.57	14.57	1702.16	1255.23
-14.57	14.57	1701.33	1374.83
-14.57	14.57	1700.49	1467.44
-14.57	14.57	1699.66	1347.42
-14.57	14.57	1698.82	1335.21
-14.57	14.57	1697.99	1367.91
-14.57	14.57	1697.15	1427.53
-14.57	14.57	1696.32	1352.48
-14.57	14.57	1695.48	1412.09
-14.57	14.57	1694.64	1352.02
-14.57	14.57	1693.81	1420.58
-14.57	14.57	1692.97	1390.44
-14.57	14.57	1692.14	1366.28
-14.57	14.57	1691.3	1378.01
-14.57	14.57	1690.46	1383.75
-14.57	14.57	1689.63	1386.5
-14.57	14.57	1688.79	1383.28
-14.57	14.57	1687.95	1418.89
-14.57	14.57	1687.12	1400.73
-14.57	14.57	1686.28	1472.15
-14.57	14.57	1685.44	1453.99
-14.57	14.57	1684.6	1388.07
-14.57	14.57	1683.77	1390.82
-14.57	14.57	1682.93	1360.74
-14.57	14.57	1682.09	1479.85
-14.57	14.57	1681.25	1473.63
-14.57	14.57	1680.41	1419.7
-14.57	14.57	1679.58	1362.8
-14.57	14.57	1678.74	1389.4
-14.57	14.57	1677.9	1478.59
-14.57	14.57	1677.06	1362.1
-14.57	14.57	1676.22	1388.69
-14.57	14.57	1675.38	1495.71
-14.57	14.57	1674.54	1578.87
-14.57	14.57	1673.7	1420.74
-14.57	14.57	1672.86	1447.3
-14.57	14.57	1672.02	1414.3
-14.57	14.57	1671.18	1485.51
-14.57	14.57	1670.34	1488.23
-14.57	14.57	1669.5	1496.91
-14.57	14.57	1668.66	1478.8
-14.57	14.57	1667.82	1463.67
-14.57	14.57	1666.98	1519.94
-14.57	14.57	1666.14	1561.31
-14.57	14.57	1665.3	1427.24
-14.57	14.57	1664.46	1486.46
-14.57	14.57	1663.62	1554.57
-14.57	14.57	1662.78	1521.61
-14.57	14.57	1661.94	1494.61
-14.57	14.57	1661.1	1467.62
-14.57	14.57	1660.25	1535.68
-14.57	14.57	1659.41	1550.27
-14.57	14.57	1658.57	1564.85
-14.57	14.57	1657.73	1472.55
-14.57	14.57	1656.89	1463.4
-14.57	14.57	1656.04	1617.47
-14.57	14.57	1655.2	1551.92
-14.57	14.57	1654.36	1599.12
-14.57	14.57	1653.52	1610.71
-14.57	14.57	1652.67	1604.51
-14.57	14.57	1651.83	1622.03
-14.57	14.57	1650.99	1600.99
-14.57	14.57	1650.14	1615.54
-14.57	14.57	1649.3	1659.72
-14.57	14.57	1648.46	1656.48
-14.57	14.57	1647.61	1730.26
-14.57	14.57	1646.77	1673.68
-14.57	14.57	1645.92	1670.44
-14.57	14.57	1645.08	1773.8
-14.57	14.57	1644.24	1803.1
-14.57	14.57	1643.39	1666.62
-14.57	14.57	1642.55	1731.45
-14.57	14.57	1641.7	1719.32
-14.57	14.57	1640.86	1846.25
-14.57	14.57	1640.01	1807.48
-14.57	14.57	1639.17	1677.03
-14.57	14.57	1638.32	1895.58
-14.57	14.57	1637.48	1910.04
-14.57	14.57	1636.63	1812.15
-14.57	14.57	1635.78	1882.78
-14.57	14.57	1634.94	1823.36
-14.57	14.57	1634.09	1961.91
-14.57	14.57	1633.25	1940.9
-14.57	14.57	1632.4	2026.22
-14.57	14.57	1631.55	1860.5
-14.57	14.57	1630.71	1945.81
-14.57	14.57	1629.86	1942.52
-14.57	14.57	1629.01	2045.5
-14.57	14.57	1628.16	2033.35
-14.57	14.57	1627.32	2092.01
-14.57	14.57	1626.47	2141.81
-14.57	14.57	1625.62	2108.99
-14.57	14.57	1624.77	2132.23
-14.57	14.57	1623.93	2096.48
-14.57	14.57	1623.08	2163.92
-14.57	14.57	1622.23	2178.29
-14.57	14.57	1621.38	2228.02
-14.57	14.57	1620.53	2207.01
-14.57	14.57	1619.69	2153.61
-14.57	14.57	1618.84	2362.37
-14.57	14.57	1617.99	2364.92
-14.57	14.57	1617.14	2155.44
-14.57	14.57	1616.29	2169.8
-14.57	14.57	1615.44	2281.28
-14.57	14.57	1614.59	2283.83
-14.57	14.57	1613.74	2312.87
-14.57	14.57	1612.89	2233.04
-14.57	14.57	1612.04	2297.37
-14.57	14.57	1611.19	2344.03
-14.57	14.57	1610.34	2375.98
-14.57	14.57	1609.49	2287.37
-14.57	14.57	1608.64	2289.92
-14.57	14.57	1607.79	2404.15
-14.57	14.57	1606.94	2412.55
-14.57	14.57	1606.09	2271.11
-14.57	14.57	1605.24	2352.97
-14.57	14.57	1604.39	2308.51
-14.57	14.57	1603.54	2440.26
-14.57	14.57	1602.68	2425.16
-14.57	14.57	1601.83	2366.04
-14.57	14.57	1600.98	2265.84
-14.57	14.57	1600.13	2391.64
-14.57	14.57	1599.28	2411.77
-14.57	14.57	1598.42	2396.68
-14.57	14.57	1597.57	2302.42
-14.57	14.57	1596.72	2299.09
-14.57	14.57	1595.87	2421.84
-14.57	14.57	1595.01	2430.22
-14.57	14.57	1594.16	2374.11
-14.57	14.57	1593.31	2203.74
-14.57	14.57	1592.45	2434.83
-14.57	14.57	1591.6	2340.67
-14.57	14.57	1590.75	2322.69
-14.57	14.57	1589.89	2395.51
-14.57	14.57	1589.04	2415.59
-14.57	14.57	1588.19	2526.42
-14.57	14.57	1587.33	2473.3
-14.57	14.57	1586.48	2303.14
-14.57	14.57	1585.62	2457.82
-14.57	14.57	1584.77	2536.39
-14.57	14.57	1583.91	2427.73
-14.57	14.57	1583.06	2497.5
-14.57	14.57	1582.2	2517.54
-14.57	14.57	1581.35	2610.66
-14.57	14.57	1580.49	2575.13
-14.57	14.57	1579.64	2522.09
-14.57	14.57	1578.78	2542.11
-14.57	14.57	1577.93	2541.67
-14.57	14.57	1577.07	2660.99
-14.57	14.57	1576.21	2596.29
-14.57	14.57	1575.36	2408.96
-14.57	14.57	1574.5	2612.91
-14.57	14.57	1573.65	2481.11
-14.57	14.57	1572.79	2544.89
-14.57	14.57	1571.93	2433.57
-14.57	14.57	1571.08	2538.18
-14.57	14.57	1570.22	2418.15
-14.57	14.57	1569.36	2470.23
-14.57	14.57	1568.5	2431.9
-14.57	14.57	1567.65	2192.42
-14.57	14.57	1566.79	2299.89
-14.57	14.57	1565.93	2384.01
-14.57	14.57	1565.07	2237.91
-14.57	14.57	1564.21	2237.52
-14.57	14.57	1563.36	2228.4
-14.57	14.57	1562.5	2359.08
-14.57	14.57	1561.64	2230.55
-14.57	14.57	1560.78	2209.78
-14.57	14.57	1559.92	2098.79
-14.57	14.57	1559.06	2243.95
-14.57	14.57	1558.2	2266.84
-14.57	14.57	1557.34	2155.89
-14.57	14.57	1556.49	2062.44
-14.57	14.57	1555.63	2158.06
-14.57	14.57	1554.77	2268.19
-14.57	14.57	1553.91	2093.35
-14.57	14.57	1553.05	2258.69
-14.57	14.57	1552.19	2150.76
-14.57	14.57	1551.33	2135.86
-14.57	14.57	1550.47	2176.17
-14.57	14.57	1549.6	2114.79
-14.57	14.57	1548.74	2073.77
-14.57	14.57	1547.88	2099.55
-14.57	14.57	1547.02	2064.34
-14.57	14.57	1546.16	2110.43
-14.57	14.57	1545.3	2025.9
-14.57	14.57	1544.44	2013.94
-14.57	14.57	1543.58	2147.06
-14.57	14.57	1542.71	2050.96
-14.57	14.57	1541.85	2059.31
-14.57	14.57	1540.99	2021.26
-14.57	14.57	1540.13	2035.41
-14.57	14.57	1539.27	2107.53
-14.57	14.57	1538.4	2040.5
-14.57	14.57	1537.54	2031.46
-14.57	14.57	1536.68	2051.39
-14.57	14.57	1535.81	1961.23
-14.57	14.57	1534.95	1929.03
-14.57	14.57	1534.09	1957.66
-14.57	14.57	1533.23	2029.71
-14.57	14.57	1532.36	1930.93
-14.57	14.57	1531.5	2031.9
-14.57	14.57	1530.63	1936.05
-14.57	14.57	1529.77	2045.67
-14.57	14.57	1528.91	2019.28
-14.57	14.57	1528.04	1859.85
-14.57	14.57	1527.18	1946.29
-14.57	14.57	1526.31	1957.52
-14.57	14.57	1525.45	1991.87
-14.57	14.57	1524.58	1977.07
-14.57	14.57	1523.72	1878.47
-14.57	14.57	1522.85	1985.06
-14.57	14.57	1521.99	2071.39
-14.57	14.57	1521.12	2131.69
-14.57	14.57	1520.26	1984.03
-14.57	14.57	1519.39	2038.55
-14.57	14.57	1518.52	2081.51
-14.57	14.57	1517.66	2190.83
-14.57	14.57	1516.79	2112.53
-14.57	14.57	1515.93	2037.15
-14.57	14.57	1515.06	2042.57
-14.57	14.57	1514.19	2186.44
-14.57	14.57	1513.33	2171.64
-14.57	14.57	1512.46	2029.97
-14.57	14.57	1511.59	2038.27
-14.57	14.57	1510.72	2144.57
-14.57	14.57	1509.86	2106.74
-14.57	14.57	1508.99	2040.1
-14.57	14.57	1508.12	2065.68
-14.57	14.57	1507.25	1999.07
-14.57	14.57	1506.38	2085.12
-14.57	14.57	1505.52	2041.57
-14.57	14.57	1504.65	1914.54
-14.57	14.57	1503.78	1960.27
-14.57	14.57	1502.91	2011.73
-14.57	14.57	1502.04	2028.65
-14.57	14.57	1501.17	1947.74
-14.57	14.57	1500.3	1984.8
-14.57	14.57	1499.44	1941.32
-14.57	14.57	1498.57	2012.87
-14.57	14.57	1497.7	1960.77
-14.57	14.57	1496.83	1957.56
-14.57	14.57	1495.96	2075.06
-14.57	14.57	1495.09	2135.04
-14.57	14.57	1494.22	2180.64
-14.57	14.57	1493.35	1950.46
-14.57	14.57	1492.48	1915.66
-14.57	14.57	1491.61	2033.06
-14.57	14.57	1490.73	1969.55
-14.57	14.57	1489.86	1828.55
-14.57	14.57	1488.99	1968.87
-14.57	14.57	1488.12	1957.05
-14.57	14.57	1487.25	1971.06
-14.57	14.57	1486.38	1893.26
-14.57	14.57	1485.51	1847.05
-14.57	14.57	1484.63	1918.42
-14.57	14.57	1483.76	1943.89
-14.57	14.57	1482.89	1897.69
-14.57	14.57	1482.02	1834.3
-14.57	14.57	1481.15	1882.7
-14.57	14.57	1480.27	1868.05
-14.57	14.57	1479.4	1893.51
-14.57	14.57	1478.53	1824.44
-14.57	14.57	1477.65	1898.58
-14.57	14.57	1476.78	1838.13
-14.57	14.57	1475.91	1912.24
-14.57	14.57	1475.03	1811.73
-14.57	14.57	1474.16	1854.34
-14.57	14.57	1473.29	1822.55
-14.57	14.57	1472.41	1933.8
-14.57	14.57	1471.54	1801.9
-14.57	14.57	1470.67	1847.34
-14.57	14.57	1469.79	1912.78
-14.57	14.57	1468.92	1949.61
-14.57	14.57	1468.04	1877.82
-14.57	14.57	1467.17	1768.9
-14.57	14.57	1466.29	1848.6
-14.57	14.57	1465.42	1836.85
-14.57	14.57	1464.54	1825.11
-14.57	14.57	1463.67	1856.2
-14.57	14.57	1462.79	1787.36
-14.57	14.57	1461.91	1866.98
-14.57	14.57	1461.04	1852.39
-14.57	14.57	1460.16	1866.33
-14.57	14.57	1459.29	1888.84
-14.57	14.57	1458.41	1937.0
-14.57	14.57	1457.53	1936.67
-14.57	14.57	1456.66	1776.64
-14.57	14.57	1455.78	1839.06
-14.57	14.57	1454.9	1995.53
-14.57	14.57	1454.03	1941.03
-14.57	14.57	1453.15	1838.1
-14.57	14.57	1452.27	1840.63
-14.57	14.57	1451.39	1885.89
-14.57	14.57	1450.52	1936.83
-14.57	14.57	1449.64	1859.61
-14.57	14.57	1448.76	1884.91
-14.57	14.57	1447.88	1821.95
-14.57	14.57	1447.0	1949.72
-14.57	14.57	1446.13	1986.38
-14.57	14.57	1445.25	1860.84
-14.57	14.57	1444.37	1837.76
-14.57	14.57	1443.49	1900.02
-14.57	14.57	1442.61	1925.28
-14.57	14.57	1441.73	1873.77
-14.57	14.57	1440.85	1822.27
-14.57	14.57	1439.97	1927.12
-14.57	14.57	1439.09	1992.15
-14.57	14.57	1438.21	1889.51
-14.57	14.57	1437.33	1786.91
-14.57	14.57	1436.45	1920.1
-14.57	14.57	1435.57	2004.97
-14.57	14.57	1434.69	1888.2
-14.57	14.57	1433.81	1873.68
-14.57	14.57	1432.93	1918.77
-14.57	14.57	1432.05	2037.63
-14.57	14.57	1431.17	1940.8
-14.57	14.57	1430.29	1968.83
-14.57	14.57	1429.41	1934.46
-14.57	14.57	1428.52	1934.12
-14.57	14.57	1427.64	1885.58
-14.57	14.57	1426.76	1922.11
-14.57	14.57	1425.88	1811.23
-14.57	14.57	1425.0	1978.12
-14.57	14.57	1424.11	1955.11
-14.57	14.57	1423.23	1878.28
-14.57	14.57	1422.35	1883.62
-14.57	14.57	1421.47	1942.76
-14.57	14.57	1420.58	2033.03
-14.57	14.57	1419.7	1950.58
-14.57	14.57	1418.82	1961.56
-14.57	14.57	1417.93	1983.86
-14.57	14.57	1417.05	2045.77
-14.57	14.57	1416.17	2039.75
-14.57	14.57	1415.28	1985.66
-14.57	14.57	1414.4	1906.12
-14.57	14.57	1413.51	2001.93
-14.57	14.57	1412.63	2094.88
-14.57	14.57	1411.75	1930.57
-14.57	14.57	1410.86	1964.15
-14.57	14.57	1409.98	2076.83
-14.57	14.57	1409.09	2039.74
-14.57	14.57	1408.21	1949.0
-14.57	14.57	1407.32	1954.31
-14.57	14.57	1406.44	1979.38
-14.57	14.57	1405.55	2024.21
-14.57	14.57	1404.66	1973.05
-14.57	14.57	1403.78	2029.15
-14.57	14.57	1402.89	1978.0
-14.57	14.57	1402.01	2146.93
-14.57	14.57	1401.12	2104.25
-14.57	14.57	1400.23	2103.88
-14.57	14.57	1399.35	2035.84
-14.57	14.57	1398.46	2114.42
-14.57	14.57	1397.57	2094.33
-14.57	14.57	1396.69	2051.69
-14.57	14.57	1395.8	1992.16
-14.57	14.57	1394.91	2189.02
-14.57	14.57	1394.02	2092.87
-14.57	14.57	1393.14	2005.2
-14.57	14.57	1392.25	2027.37
-14.57	14.57	1391.36	2212.83
-14.57	14.57	1390.47	2240.59
-14.57	14.57	1389.58	2068.53
-14.57	14.57	1388.7	2144.14
-14.57	14.57	1387.81	2188.78
-14.57	14.57	1386.92	2241.85
-14.57	14.57	1386.03	2103.65
-14.57	14.57	1385.14	2151.09
-14.57	14.57	1384.25	2212.56
-14.57	14.57	1383.36	2257.15
-14.57	14.57	1382.47	2172.44
-14.57	14.57	1381.58	2183.31
-14.57	14.57	1380.69	2236.3
-14.57	14.57	1379.8	2174.12
-14.57	14.57	1378.91	2235.52
-14.57	14.57	1378.02	2131.24
-14.57	14.57	1377.13	2276.86
-14.57	14.57	1376.24	2265.23
-14.57	14.57	1375.35	2222.74
-14.57	14.57	1374.46	2295.31
-14.57	14.57	1373.57	2185.49
-14.57	14.57	1372.68	2274.87
-14.57	14.57	1371.78	2361.42
-14.57	14.57	1370.89	2240.43
-14.57	14.57	1370.0	2254.06
-14.57	14.57	1369.11	2351.77
-14.57	14.57	1368.22	2393.4
-14.57	14.57	1367.33	2272.49
-14.57	14.57	1366.43	2322.52
-14.57	14.57	1365.54	2425.76
-14.57	14.57	1364.65	2422.54
-14.57	14.57	1363.76	2452.91
-14.57	14.57	1362.86	2326.5
-14.57	14.57	1361.97	2382.08
-14.57	14.57	1361.08	2543.99
-14.57	14.57	1360.18	2386.84
-14.57	14.57	1359.29	2327.67
-14.57	14.57	1358.4	2520.28
-14.57	14.57	1357.5	2592.55
-14.57	14.57	1356.61	2508.21
-14.57	14.57	1355.71	2373.58
-14.57	14.57	1354.82	2476.59
-14.57	14.57	1353.92	2560.0
-14.57	14.57	1353.03	2618.23
-14.57	14.57	1352.13	2416.62
-14.57	14.57	1351.24	2567.03
-14.57	14.57	1350.34	2734.15
-14.57	14.57	1349.45	2736.47
-14.57	14.57	1348.55	2540.56
-14.57	14.57	1347.66	2579.2
-14.57	14.57	1346.76	2670.84
-14.57	14.57	1345.87	2645.26
-14.57	14.57	1344.97	2789.88
-14.57	14.57	1344.07	2585.76
-14.57	14.57	1343.18	2802.85
-14.57	14.57	1342.28	2838.6
-14.57	14.57	1341.38	2746.11
-14.57	14.57	1340.49	2614.62
-14.57	14.57	1339.59	2853.84
-14.57	14.57	1338.69	2906.28
-14.57	14.57	1337.8	2891.84
-14.57	14.57	1336.9	2791.06
-14.57	14.57	1336.0	2823.99
-14.57	14.57	1335.1	2856.91
-14.57	14.57	1334.2	2978.91
-14.57	14.57	1333.31	2897.67
-14.57	14.57	1332.41	2972.3
-14.57	14.57	1331.51	2938.39
-14.57	14.57	1330.61	3026.9
-14.57	14.57	1329.71	2895.64
-14.57	14.57	1328.81	2956.32
-14.57	14.57	1327.91	3053.12
-14.57	14.57	1327.02	3038.68
-14.57	14.57	1326.12	3004.8
-14.57	14.57	1325.22	2937.57
-14.57	14.57	1324.32	3012.08
-14.57	14.57	1323.42	2964.32
-14.57	14.57	1322.52	2852.7
-14.57	14.57	1321.62	2957.73
-14.57	14.57	1320.72	3034.96
-14.57	14.57	1319.82	3056.64
-14.57	14.57	1318.91	2939.52
-14.57	14.57	1318.01	2844.65
-14.57	14.57	1317.11	2910.75
-14.57	14.57	1316.21	3062.82
-14.57	14.57	1315.31	2951.33
-14.57	14.57	1314.41	2753.91
-14.57	14.57	1313.51	2953.07
-14.57	14.57	1312.61	2874.93
-14.57	14.57	1311.7	2713.66
-14.57	14.57	1310.8	2926.58
-14.57	14.57	1309.9	2798.6
-14.57	14.57	1309.0	2917.24
-14.57	14.57	1308.09	2902.88
-14.57	14.57	1307.19	2863.6
-14.57	14.57	1306.29	2854.79
-14.57	14.57	1305.39	2837.68
-14.57	14.57	1304.48	2970.04
-14.57	14.57	1303.58	2800.71
-14.57	14.57	1302.68	2814.05
-14.57	14.57	1301.77	2813.56
-14.57	14.57	1300.87	2752.21
-14.57	14.57	1299.96	2701.95
-14.57	14.57	1299.06	2665.53
-14.57	14.57	1298.16	2855.82
-14.57	14.57	1297.25	2744.75
-14.57	14.57	1296.35	2708.34
-14.57	14.57	1295.44	2616.68
-14.57	14.57	1294.54	2798.56
-14.57	14.57	1293.63	2657.2
-14.57	14.57	1292.73	2609.78
-14.57	14.57	1291.82	2570.67
-14.57	14.57	1290.92	2581.26
-14.57	14.57	1290.01	2785.06
-14.57	14.57	1289.1	2572.07
-14.57	14.57	1288.2	2414.35
-14.57	14.57	1287.29	2598.76
-14.57	14.57	1286.39	2562.45
-14.57	14.57	1285.48	2600.6
-14.57	14.57	1284.57	2423.68
-14.57	14.57	1283.67	2525.26
-14.57	14.57	1282.76	2601.99
-14.57	14.57	1281.85	2637.36
-14.57	14.57	1280.94	2523.93
-14.57	14.57	1280.04	2639.19
-14.57	14.57	1279.13	2682.8
-14.57	14.57	1278.22	2602.46
-14.57	14.57	1277.31	2516.65
-14.57	14.57	1276.41	2590.53
-14.57	14.57	1275.5	2609.35
-14.57	14.57	1274.59	2523.58
-14.57	14.57	1273.68	2407.57
-14.57	14.57	1272.77	2420.9
-14.57	14.57	1271.86	2541.5
-14.57	14.57	1270.95	2436.55
-14.57	14.57	1270.04	2356.38
-14.57	14.57	1269.13	2408.2
-14.57	14.57	1268.23	2229.12
-14.57	14.57	1267.32	2338.65
-14.57	14.57	1266.41	2239.33
-14.57	14.57	1265.5	2216.96
-14.57	14.57	1264.59	2477.5
-14.57	14.57	1263.67	2295.82
-14.57	14.57	1262.76	2180.09
-14.57	14.57	1261.85	2155.0
-14.57	14.57	1260.94	2182.07
-14.57	14.57	1260.03	2148.75
-14.57	14.57	1259.12	2151.12
-14.57	14.57	1258.21	2087.65
-14.57	14.57	1257.3	2224.42
-14.57	14.57	1256.39	2185.64
-14.57	14.57	1255.47	2081.06
-14.57	14.57	1254.56	2069.73
-14.57	14.57	1253.65	2187.22
-14.57	14.57	1252.74	2167.65
-14.57	14.57	1251.83	2071.38
-14.57	14.57	1250.91	2062.79
-14.57	14.57	1250.0	2040.52
-14.57	14.57	1249.09	2193.51
-14.57	14.57	1248.17	2083.61
-14.57	14.57	1247.26	2118.83
-14.57	14.57	1246.35	2093.82
-14.57	14.57	1245.43	2118.08
-14.57	14.57	1244.52	2087.61
-14.57	14.57	1243.61	2040.74
-14.57	14.57	1242.69	2021.23
-14.57	14.57	1241.78	2072.84
-14.57	14.57	1240.86	2015.05
-14.57	14.57	1239.95	2072.11
-14.57	14.57	1239.03	2088.14
-14.57	14.57	1238.12	2076.84
-14.57	14.57	1237.2	1945.33
-14.57	14.57	1236.29	1928.6
-14.57	14.57	1235.37	1971.96
-14.57	14.57	1234.46	2080.84
-14.57	14.57	1233.54	2014.94
-14.57	14.57	1232.63	1998.21
-14.57	14.57	1231.71	1978.75
-14.57	14.57	1230.8	2022.07
-14.57	14.57	1229.88	1980.78
-14.57	14.57	1228.96	1925.88
-14.57	14.57	1228.05	1966.45
-14.57	14.57	1227.13	2124.26
-14.57	14.57	1226.21	1903.05
-14.57	14.57	1225.3	1932.7
-14.57	14.57	1224.38	1954.16
-14.57	14.57	1223.46	1981.06
-14.57	14.57	1222.54	1939.85
-14.57	14.57	1221.63	1909.54
-14.57	14.57	1220.71	1999.08
-14.57	14.57	1219.79	1971.5
-14.57	14.57	1218.87	1903.08
-14.57	14.57	1217.95	1864.64
-14.57	14.57	1217.03	1880.64
-14.57	14.57	1216.12	1961.94
-14.57	14.57	1215.2	1980.64
-14.57	14.57	1214.28	1792.6
-14.57	14.57	1213.36	1846.68
-14.57	14.57	1212.44	1922.49
-14.57	14.57	1211.52	1884.09
-14.57	14.57	1210.6	1889.19
-14.57	14.57	1209.68	1867.11
-14.57	14.57	1208.76	1923.85
-14.57	14.57	1207.84	1966.98
-14.57	14.57	1206.92	1866.13
-14.57	14.57	1206.0	1863.08
-14.57	14.57	1205.08	1965.94
-14.57	14.57	1204.16	1941.15
-14.57	14.57	1203.24	1921.81
-14.57	14.57	1202.31	1891.62
-14.57	14.57	1201.39	1964.55
-14.57	14.57	1200.47	1966.91
-14.57	14.57	1199.55	1858.06
-14.57	14.57	1198.63	1911.98
-14.57	14.57	1197.71	1889.95
-14.57	14.57	1196.78	1846.23
-14.57	14.57	1195.86	1938.07
-14.57	14.57	1194.94	1840.16
-14.57	14.57	1194.02	1842.55
-14.57	14.57	1193.09	1901.82
-14.57	14.57	1192.17	1961.08
-14.57	14.57	1191.25	1825.32
-14.57	14.57	1190.32	1911.64
-14.57	14.57	1189.4	1957.33
-14.57	14.57	1188.48	1927.21
-14.57	14.57	1187.55	1907.92
-14.57	14.57	1186.63	1915.7
-14.57	14.57	1185.71	2015.46
-14.57	14.57	1184.78	1988.06
-14.57	14.57	1183.86	1949.84
-14.57	14.57	1182.93	1984.65
-14.57	14.57	1182.01	2046.47
-14.57	14.57	1181.08	2108.28
-14.57	14.57	1180.16	2094.39
-14.57	14.57	1179.23	2072.41
-14.57	14.57	1178.31	2239.53
-14.57	14.57	1177.38	2133.8
-14.57	14.57	1176.46	2217.14
-14.57	14.57	1175.53	2151.94
-14.57	14.57	1174.6	2227.15
-14.57	14.57	1173.68	2164.68
-14.57	14.57	1172.75	2005.07
-14.57	14.57	1171.82	2042.49
-14.57	14.57	1170.9	2039.43
-14.57	14.57	1169.97	2009.4
-14.57	14.57	1169.04	1903.88
-14.57	14.57	1168.12	2027.56
-14.57	14.57	1167.19	1959.81
-14.57	14.57	1166.26	1927.12
-14.57	14.57	1165.33	1848.63
-14.57	14.57	1164.41	1872.55
-14.57	14.57	1163.48	1942.26
-14.57	14.57	1162.55	1936.53
-14.57	14.57	1161.62	1812.31
-14.57	14.57	1160.69	1806.61
-14.57	14.57	1159.76	1838.59
-14.57	14.57	1158.84	1811.35
-14.57	14.57	1157.91	1848.7
-14.57	14.57	1156.98	1853.76
-14.57	14.57	1156.05	1896.47
-14.57	14.57	1155.12	1812.75
-14.57	14.57	1154.19	1680.67
-14.57	14.57	1153.26	1787.91
-14.57	14.57	1152.33	1849.42
-14.57	14.57	1151.4	1897.47
-14.57	14.57	1150.47	1695.6
-14.57	14.57	1149.54	1727.54
-14.57	14.57	1148.61	1759.47
-14.57	14.57	1147.68	1759.15
-14.57	14.57	1146.75	1705.14
-14.57	14.57	1145.81	1737.05
-14.57	14.57	1144.88	1822.64
-14.57	14.57	1143.95	1744.49
-14.57	14.57	1143.02	1663.68
-14.57	14.57	1142.09	1730.45
-14.57	14.57	1141.16	1797.21
-14.57	14.57	1140.22	1724.48
-14.57	14.57	1139.29	1713.44
-14.57	14.57	1138.36	1739.95
-14.57	14.57	1137.43	1879.03
-14.57	14.57	1136.49	1720.57
-14.57	14.57	1135.56	1706.87
-14.57	14.57	1134.63	1848.55
-14.57	14.57	1133.69	1765.19
-14.57	14.57	1132.76	1759.52
-14.57	14.57	1131.83	1633.36
-14.57	14.57	1130.89	1657.16
-14.57	14.57	1129.96	1774.64
-14.57	14.57	1129.02	1710.1
-14.57	14.57	1128.09	1736.55
-14.57	14.57	1127.16	1693.44
-14.57	14.57	1126.22	1789.43
-14.57	14.57	1125.29	1743.65
-14.57	14.57	1124.35	1657.78
-14.57	14.57	1123.42	1772.44
-14.57	14.57	1122.48	1681.24
-14.57	14.57	1121.55	1699.65
-14.57	14.57	1120.61	1637.89
-14.57	14.57	1119.67	1629.59
-14.57	14.57	1118.74	1757.51
-14.57	14.57	1117.8	1706.45
-14.57	14.57	1116.87	1583.33
-14.57	14.57	1115.93	1737.88
-14.57	14.57	1114.99	1705.54
-14.57	14.57	1114.06	1619.84
-14.57	14.57	1113.12	1560.86
-14.57	14.57	1112.18	1715.3
-14.57	14.57	1111.24	1690.99
-14.57	14.57	1110.31	1632.03
-14.57	14.57	1109.37	1631.74
-14.57	14.57	1108.43	1626.11
-14.57	14.57	1107.49	1708.45
-14.57	14.57	1106.55	1657.51
-14.57	14.57	1105.62	1609.26
-14.57	14.57	1104.68	1643.6
-14.57	14.57	1103.74	1744.52
-14.57	14.57	1102.8	1656.33
-14.57	14.57	1101.86	1645.39
-14.57	14.57	1100.92	1597.18
-14.57	14.57	1099.98	1761.91
-14.57	14.57	1099.04	1692.41
-14.57	14.57	1098.1	1598.99
-14.57	14.57	1097.16	1633.28
-14.57	14.57	1096.22	1659.59
-14.57	14.57	1095.28	1584.84
-14.57	14.57	1094.34	1595.19
-14.57	14.57	1093.4	1703.89
-14.57	14.57	1092.46	1703.59
-14.57	14.57	1091.52	1581.05
-14.57	14.57	1090.58	1602.02
-14.57	14.57	1089.64	1641.58
-14.57	14.57	1088.7	1723.62
-14.57	14.57	1087.76	1643.65
-14.57	14.57	1086.81	1545.13
-14.57	14.57	1085.87	1651.03
-14.57	14.57	1084.93	1674.62
-14.57	14.57	1083.99	1629.21
-14.57	14.57	1083.05	1652.8
-14.57	14.57	1082.1	1631.28
-14.57	14.57	1081.16	1752.99
-14.57	14.57	1080.22	1715.55
-14.57	14.57	1079.28	1564.14
-14.57	14.57	1078.33	1638.07
-14.57	14.57	1077.39	1598.03
-14.57	14.57	1076.45	1581.85
-14.57	14.57	1075.5	1671.64
-14.57	14.57	1074.56	1636.9
-14.57	14.57	1073.61	1591.59
-14.57	14.57	1072.67	1601.9
-14.57	14.57	1071.73	1617.5
-14.57	14.57	1070.78	1643.68
-14.57	14.57	1069.84	1698.96
-14.57	14.57	1068.89	1516.09
-14.57	14.57	1067.95	1579.31
-14.57	14.57	1067.0	1668.95
-14.57	14.57	1066.06	1560.23
-14.57	14.57	1065.11	1583.75
-14.57	14.57	1064.16	1498.87
-14.57	14.57	1063.22	1633.4
-14.57	14.57	1062.27	1596.11
-14.57	14.57	1061.33	1566.77
-14.57	14.57	1060.38	1526.86
-14.57	14.57	1059.43	1616.39
-14.57	14.57	1058.49	1626.66
-14.57	14.57	1057.54	1607.89
-14.57	14.57	1056.59	1538.97
-14.57	14.57	1055.65	1546.61
-14.57	14.57	1054.7	1665.08
-14.57	14.57	1053.75	1551.34
-14.57	14.57	1052.8	1580.08
-14.57	14.57	1051.85	1666.83
-14.57	14.57	1050.91	1587.42
-14.57	14.57	1049.96	1592.41
-14.57	14.57	1049.01	1600.03
-14.57	14.57	1048.06	1736.79
-14.57	14.57	1047.11	1507.24
-14.57	14.57	1046.16	1528.04
-14.57	14.57	1045.21	1572.55
-14.57	14.57	1044.27	1619.67
-14.57	14.57	1043.32	1619.38
-14.57	14.57	1042.37	1479.56
-14.57	14.57	1041.42	1555.63
-14.57	14.57	1040.47	1621.15
-14.57	14.57	1039.52	1586.65
-14.57	14.57	1038.57	1549.54
-14.57	14.57	1037.62	1565.04
-14.57	14.57	1036.67	1740.96
-14.57	14.57	1035.71	1632.84
-14.57	14.57	1034.76	1493.22
-14.57	14.57	1033.81	1613.86
-14.57	14.57	1032.86	1618.83
-14.57	14.57	1031.91	1671.09
-14.57	14.57	1030.96	1547.32
-14.57	14.57	1030.01	1494.51
-14.57	14.57	1029.05	1567.77
-14.57	14.57	1028.1	1599.0
-14.57	14.57	1027.15	1548.84
-14.57	14.57	1026.2	1580.05
-14.57	14.57	1025.24	1529.91
-14.57	14.57	1024.29	1511.27
-14.57	14.57	1023.34	1560.84
-14.57	14.57	1022.39	1539.58
-14.57	14.57	1021.43	1502.59
-14.57	14.57	1020.48	1518.05
-14.57	14.57	1019.52	1562.35
-14.57	14.57	1018.57	1577.79
-14.57	14.57	1017.62	1627.3
-14.57	14.57	1016.66	1553.65
-14.57	14.57	1015.71	1537.65
-14.57	14.57	1014.75	1555.71
-14.57	14.57	1013.8	1513.53
-14.57	14.57	1012.84	1510.64
-14.57	14.57	1011.89	1463.26
-14.57	14.57	1010.93	1604.32
-14.57	14.57	1009.98	1598.8
-14.57	14.57	1009.02	1582.81
-14.57	14.57	1008.07	1592.99
-14.57	14.57	1007.11	1558.71
-14.57	14.57	1006.16	1553.2
-14.57	14.57	1005.2	1505.86
-14.57	14.57	1004.24	1500.37
-14.57	14.57	1003.29	1620.31
-14.57	14.57	1002.33	1546.86
-14.57	14.57	1001.37	1460.37
-14.57	14.57	1000.41	1569.81
-14.57	14.57	999.4580000000001	1566.92
-14.57	14.57	998.5	1477.86
-14.57	14.57	997.543	1435.83
-14.57	14.57	996.585	1508.65
-14.57	14.57	995.627	1576.23
-14.57	14.57	994.669	1510.72
-14.57	14.57	993.71	1471.32
-14.57	14.57	992.752	1575.39
-14.57	14.57	991.793	1569.89
-14.57	14.57	990.834	1496.6
-14.57	14.57	989.875	1449.41
-14.57	14.57	988.916	1545.58
-14.57	14.57	987.957	1519.25
-14.57	14.57	986.997	1539.82
-14.57	14.57	986.0369999999999	1500.47
-14.57	14.57	985.078	1489.78
-14.57	14.57	984.118	1541.59
-14.57	14.57	983.1569999999999	1429.36
-14.57	14.57	982.197	1499.39
-14.57	14.57	981.2360000000001	1493.91
-14.57	14.57	980.2760000000001	1615.95
-14.57	14.57	979.315	1451.75
-14.57	14.57	978.3539999999999	1485.31
-14.57	14.57	977.3919999999999	1479.84
-14.57	14.57	976.431	1458.77
-14.57	14.57	975.4689999999999	1409.11
-14.57	14.57	974.508	1419.25
-14.57	14.57	973.546	1507.36
-14.57	14.57	972.584	1517.48
-14.57	14.57	971.6210000000001	1556.18
-14.57	14.57	970.659	1501.35
-14.57	14.57	969.696	1485.5
-14.57	14.57	968.7330000000001	1518.99
-14.57	14.57	967.77	1596.6
-14.57	14.57	966.807	1619.67
-14.57	14.57	965.8439999999999	1616.79
-14.57	14.57	964.88	1533.47
-14.57	14.57	963.9169999999999	1691.44
-14.57	14.57	962.953	1665.2
-14.57	14.57	961.9889999999999	1846.43
-14.57	14.57	961.025	1778.68
-14.57	14.57	960.06	1640.97
-14.57	14.57	959.096	1676.96
-14.57	14.57	958.1310000000001	1596.32
-14.57	14.57	957.166	1575.31
-14.57	14.57	956.201	1564.66
-14.57	14.57	955.2360000000001	1548.84
-14.57	14.57	954.27	1592.58
-14.57	14.57	953.305	1501.68
-14.57	14.57	952.3389999999999	1540.24
-14.57	14.57	951.373	1625.37
-14.57	14.57	950.4069999999999	1506.04
-14.57	14.57	949.441	1456.61
-14.57	14.57	948.4739999999999	1453.76
-14.57	14.57	947.508	1556.95
-14.57	14.57	946.541	1507.54
-14.57	14.57	945.574	1569.32
-14.57	14.57	944.607	1475.98
-14.57	14.57	943.6389999999999	1592.01
-14.57	14.57	942.672	1550.38
-14.57	14.57	941.704	1575.94
-14.57	14.57	940.7360000000001	1529.16
-14.57	14.57	939.768	1619.27
-14.57	14.57	938.8	1461.47
-14.57	14.57	937.832	1507.68
-14.57	14.57	936.863	1590.01
-14.57	14.57	935.8939999999999	1605.2
-14.57	14.57	934.926	1413.98
-14.57	14.57	933.956	1501.43
-14.57	14.57	932.987	1560.49
-14.57	14.57	932.018	1552.47
-14.57	14.57	931.048	1474.84
-14.57	14.57	930.078	1466.84
-14.57	14.57	929.1080000000001	1502.66
-14.57	14.57	928.138	1450.85
-14.57	14.57	927.168	1589.72
-14.57	14.57	926.198	1509.57
-14.57	14.57	925.227	1468.09
-14.57	14.57	924.2560000000001	1501.3
-14.57	14.57	923.285	1434.09
-14.57	14.57	922.314	1464.72
-14.57	14.57	921.3430000000001	1500.49
-14.57	14.57	920.3710000000001	1438.46
-14.57	14.57	919.3989999999999	1466.5
-14.57	14.57	918.427	1569.13
-14.57	14.57	917.455	1561.13
-14.57	14.57	916.4830000000001	1427.14
-14.57	14.57	915.5110000000001	1478.3
-14.57	14.57	914.538	1524.3
-14.57	14.57	913.565	1549.73
-14.57	14.57	912.5930000000001	1492.91
-14.57	14.57	911.6189999999999	1472.09
-14.57	14.57	910.6460000000001	1538.61
-14.57	14.57	909.673	1499.81
-14.57	14.57	908.699	1520.08
-14.57	14.57	907.725	1486.43
-14.57	14.57	906.7510000000001	1527.23
-14.57	14.57	905.7769999999999	1478.2
-14.57	14.57	904.803	1426.61
-14.57	14.57	903.828	1549.49
-14.57	14.57	902.8539999999999	1574.86
-14.57	14.57	901.8789999999999	1497.64
-14.57	14.57	900.904	1499.94
-14.57	14.57	899.928	1499.67
-14.57	14.57	898.953	1530.15
-14.57	14.57	897.977	1437.62
-14.57	14.57	897.002	1503.98
-14.57	14.57	896.0260000000001	1506.27
-14.57	14.57	895.05	1472.7
-14.57	14.57	894.073	1446.82
-14.57	14.57	893.097	1387.68
-14.57	14.57	892.12	1517.98
-14.57	14.57	891.1439999999999	1502.35
-14.57	14.57	890.1669999999999	1394.6
-14.57	14.57	889.189	1517.15
-14.57	14.57	888.212	1486.18
-14.57	14.57	887.235	1547.29
-14.57	14.57	886.257	1391.03
-14.57	14.57	885.279	1475.15
-14.57	14.57	884.301	1538.79
-14.57	14.57	883.323	1512.95
-14.57	14.57	882.3439999999999	1418.13
-14.57	14.57	881.3660000000001	1486.86
-14.57	14.57	880.387	1540.23
-14.57	14.57	879.408	1453.12
-14.57	14.57	878.429	1460.52
-14.57	14.57	877.45	1460.25
-14.57	14.57	876.47	1556.98
-14.57	14.57	875.4910000000001	1431.65
-14.57	14.57	874.5110000000001	1390.57
-14.57	14.57	873.5310000000001	1535.72
-14.57	14.57	872.551	1525.24
-14.57	14.57	871.57	1524.97
-14.57	14.57	870.59	1460.95
-14.57	14.57	869.6089999999999	1549.91
-14.57	14.57	868.628	1503.75
-14.57	14.57	867.6469999999999	1475.45
-14.57	14.57	866.666	1472.63
-14.57	14.57	865.684	1546.24
-14.57	14.57	864.703	1614.72
-14.57	14.57	863.721	1510.03
-14.57	14.57	862.7389999999999	1497.02
-14.57	14.57	861.757	1534.93
-14.57	14.57	860.775	1585.56
-14.57	14.57	859.7919999999999	1478.4
-14.57	14.57	858.81	1549.36
-14.57	14.57	857.827	1594.87
-14.57	14.57	856.8439999999999	1520.83
-14.57	14.57	855.86	1520.55
-14.57	14.57	854.877	1535.53
-14.57	14.57	853.8939999999999	1611.5
-14.57	14.57	852.91	1481.6
-14.57	14.57	851.926	1547.4
-14.57	14.57	850.942	1524.25
-14.57	14.57	849.9580000000001	1523.98
-14.57	14.57	848.9730000000001	1599.89
-14.57	14.57	847.988	1480.26
-14.57	14.57	847.0039999999999	1573.92
-14.57	14.57	846.0189999999999	1616.78
-14.57	14.57	845.034	1535.28
-14.57	14.57	844.048	1616.19
-14.57	14.57	843.063	1722.44
-14.57	14.57	842.077	1610.53
-14.57	14.57	841.091	1559.53
-14.57	14.57	840.105	1645.45
-14.57	14.57	839.1189999999999	1718.66
-14.57	14.57	838.132	1657.52
-14.57	14.57	837.1460000000001	1609.07
-14.57	14.57	836.159	1656.92
-14.57	14.57	835.172	1654.08
-14.57	14.57	834.185	1744.96
-14.57	14.57	833.198	1658.55
-14.57	14.57	832.21	1820.27
-14.57	14.57	831.222	1835.13
-14.57	14.57	830.235	1715.85
-14.57	14.57	829.247	1773.74
-14.57	14.57	828.258	1836.66
-14.57	14.57	827.27	1750.33
-14.57	14.57	826.2810000000001	1610.92
-14.57	14.57	825.293	1638.44
-14.57	14.57	824.304	1706.4
-14.57	14.57	823.315	1660.59
-14.57	14.57	822.325	1624.91
-14.57	14.57	821.336	1627.14
-14.57	14.57	820.346	1594.0
-14.57	14.57	819.3560000000001	1568.46
-14.57	14.57	818.3660000000001	1573.22
-14.57	14.57	817.3760000000001	1593.14
-14.57	14.57	816.3860000000001	1645.86
-14.57	14.57	815.395	1531.98
-14.57	14.57	814.405	1521.61
-14.57	14.57	813.414	1604.59
-14.57	14.57	812.423	1483.22
-14.57	14.57	811.431	1457.73
-14.57	14.57	810.44	1560.85
-14.57	14.57	809.448	1575.69
-14.57	14.57	808.456	1545.16
-14.57	14.57	807.4639999999999	1517.15
-14.57	14.57	806.472	1569.79
-14.57	14.57	805.48	1551.87
-14.57	14.57	804.487	1554.11
-14.57	14.57	803.495	1576.49
-14.57	14.57	802.502	1737.35
-14.57	14.57	801.5089999999999	1742.07
-14.57	14.57	800.5160000000001	1666.24
-14.57	14.57	799.5219999999999	1688.58
-14.57	14.57	798.528	1751.18
-14.57	14.57	797.535	1778.53
-14.57	14.57	796.541	1665.03
-14.57	14.57	795.547	1898.59
-14.57	14.57	794.552	1807.73
-14.57	14.57	793.558	1794.83
-14.57	14.57	792.563	1693.97
-14.57	14.57	791.568	1628.33
-14.57	14.57	790.573	1660.69
-14.57	14.57	789.578	1660.39
-14.57	14.57	788.582	1574.7
-14.57	14.57	787.587	1644.72
-14.57	14.57	786.591	1561.57
-14.57	14.57	785.595	1568.82
-14.57	14.57	784.5989999999999	1545.94
-14.57	14.57	783.602	1588.32
-14.57	14.57	782.6060000000001	1510.26
-14.57	14.57	781.6089999999999	1535.07
-14.57	14.57	780.612	1462.06
-14.57	14.57	779.615	1547.04
-14.57	14.57	778.618	1496.62
-14.57	14.57	777.6210000000001	1501.36
-14.57	14.57	776.623	1541.18
-14.57	14.57	775.625	1495.8
-14.57	14.57	774.627	1508.06
-14.57	14.57	773.6289999999999	1552.86
-14.57	14.57	772.6310000000001	1617.69
-14.57	14.57	771.632	1559.81
-14.57	14.57	770.6339999999999	1552.01
-14.57	14.57	769.635	1504.18
-14.57	14.57	768.6360000000001	1598.99
-14.57	14.57	767.6360000000001	1558.67
-14.57	14.57	766.637	1630.93
-14.57	14.57	765.637	1558.1
-14.57	14.57	764.637	1572.82
-14.57	14.57	763.638	1547.53
-14.57	14.57	762.637	1452.26
-14.57	14.57	761.637	1516.98
-14.57	14.57	760.6360000000001	1576.67
-14.57	14.57	759.6360000000001	1488.94
-14.57	14.57	758.635	1448.71
-14.57	14.57	757.6339999999999	1565.82
-14.57	14.57	756.633	1480.64
-14.57	14.57	755.6310000000001	1422.95
-14.57	14.57	754.6289999999999	1420.19
-14.57	14.57	753.628	1544.71
-14.57	14.57	752.6260000000001	1509.49
-14.57	14.57	751.623	1439.37
-14.57	14.57	750.6210000000001	1516.42
-14.57	14.57	749.6189999999999	1523.63
-14.57	14.57	748.6160000000001	1518.36
-14.57	14.57	747.613	1425.85
-14.57	14.57	746.61	1408.15
-14.57	14.57	745.607	1542.45
-14.57	14.57	744.6030000000001	1442.51
-14.57	14.57	743.5989999999999	1474.63
-14.57	14.57	742.596	1531.64
-14.57	14.57	741.592	1536.34
-14.57	14.57	740.587	1421.54
-14.57	14.57	739.5830000000001	1466.08
-14.57	14.57	738.579	1577.81
-14.57	14.57	737.574	1463.06
-14.57	14.57	736.569	1450.35
-14.57	14.57	735.564	1509.78
-14.57	14.57	734.558	1507.02
-14.57	14.57	733.553	1444.58
-14.57	14.57	732.547	1476.64
-14.57	14.57	731.541	1578.27
-14.57	14.57	730.535	1426.4
-14.57	14.57	729.529	1493.22
-14.57	14.57	728.523	1515.3
-14.57	14.57	727.5160000000001	1502.61
-14.57	14.57	726.5089999999999	1552.0
-14.57	14.57	725.503	1489.64
-14.57	14.57	724.495	1606.04
-14.57	14.57	723.488	1536.25
-14.57	14.57	722.4810000000001	1550.86
-14.57	14.57	721.4730000000001	1456.3
-14.57	14.57	720.465	1649.51
-14.57	14.57	719.457	1666.57
-14.57	14.57	718.449	1557.16
-14.57	14.57	717.44	1638.69
-14.57	14.57	716.432	1628.47
-14.57	14.57	715.423	1531.52
-14.57	14.57	714.414	1531.24
-14.57	14.57	713.405	1597.85
-14.57	14.57	712.395	1617.37
-14.57	14.57	711.3860000000001	1468.49
-14.57	14.57	710.3760000000001	1552.4
-14.57	14.57	709.3660000000001	1539.74
-14.57	14.57	708.3560000000001	1492.43
-14.57	14.57	707.346	1437.72
-14.57	14.57	706.335	1454.77
-14.57	14.57	705.325	1491.61
-14.57	14.57	704.314	1474.03
-14.57	14.57	703.303	1453.97
-14.57	14.57	702.2919999999999	1483.38
-14.57	14.57	701.28	1497.93
-14.57	14.57	700.2689999999999	1421.05
-14.57	14.57	699.257	1386.19
-14.57	14.57	698.245	1363.7
-14.57	14.57	697.2330000000001	1405.44
-14.57	14.57	696.22	1395.31
-14.57	14.57	695.2080000000001	1399.99
-14.57	14.57	694.195	1429.36
-14.57	14.57	693.182	1434.03
-14.57	14.57	692.169	1372.07
-14.57	14.57	691.1560000000001	1455.71
-14.57	14.57	690.143	1467.78
-14.57	14.57	689.1289999999999	1358.99
-14.57	14.57	688.115	1334.08
-14.57	14.57	687.1010000000001	1474.37
-14.57	14.57	686.087	1417.4
-14.57	14.57	685.073	1377.71
-14.57	14.57	684.058	1436.59
-14.57	14.57	683.043	1387.05
-14.57	14.57	682.028	1411.43
-14.57	14.57	681.013	1418.56
-14.57	14.57	679.998	1410.91
-14.57	14.57	678.9830000000001	1486.97
-14.57	14.57	677.967	1388.24
-14.57	14.57	676.951	1395.37
-14.57	14.57	675.935	1375.43
-14.57	14.57	674.919	1453.9
-14.57	14.57	673.9019999999999	1429.03
-14.57	14.57	672.8860000000001	1436.15
-14.57	14.57	671.8689999999999	1455.56
-14.57	14.57	670.852	1401.21
-14.57	14.57	669.835	1359.17
-14.57	14.57	668.817	1462.12
-14.57	14.57	667.8	1459.4
-14.57	14.57	666.7819999999999	1395.26
-14.57	14.57	665.7639999999999	1350.8
-14.57	14.57	664.7460000000001	1404.57
-14.57	14.57	663.7280000000001	1536.89
-14.57	14.57	662.709	1401.6
-14.57	14.57	661.691	1423.43
-14.57	14.57	660.672	1467.34
-14.57	14.57	659.653	1432.72
-14.57	14.57	658.6339999999999	1336.8
-14.57	14.57	657.6139999999999	1449.36
-14.57	14.57	656.595	1485.87
-14.57	14.57	655.575	1382.64
-14.57	14.57	654.555	1335.81
-14.57	14.57	653.535	1445.84
-14.57	14.57	652.514	1479.88
-14.57	14.57	651.494	1415.91
-14.57	14.57	650.4730000000001	1427.9
-14.57	14.57	649.452	1486.41
-14.57	14.57	648.431	1459.2
-14.57	14.57	647.41	1424.66
-14.57	14.57	646.388	1417.06
-14.57	14.57	645.366	1485.31
-14.57	14.57	644.345	1460.57
-14.57	14.57	643.323	1423.61
-14.57	14.57	642.3	1511.39
-14.57	14.57	641.278	1540.46
-14.57	14.57	640.255	1400.82
-14.57	14.57	639.232	1461.67
-14.57	14.57	638.2090000000001	1466.29
-14.57	14.57	637.186	1404.94
-14.57	14.57	636.163	1448.65
-14.57	14.57	635.139	1528.98
-14.57	14.57	634.116	1474.98
-14.57	14.57	633.092	1420.99
-14.57	14.57	632.068	1379.23
-14.57	14.57	631.043	1437.55
-14.57	14.57	630.019	1434.85
-14.57	14.57	628.994	1371.15
-14.57	14.57	627.969	1419.68
-14.57	14.57	626.944	1458.44
-14.57	14.57	625.919	1392.33
-14.57	14.57	624.893	1392.08
-14.57	14.57	623.868	1460.07
-14.57	14.57	622.842	1403.75
-14.57	14.57	621.816	1427.86
-14.57	14.57	620.79	1417.85
-14.57	14.57	619.763	1398.1
-14.57	14.57	618.737	1388.1
-14.57	14.57	617.71	1356.19
-14.57	14.57	616.683	1360.81
-14.57	14.57	615.656	1428.71
-14.57	14.57	614.629	1372.48
-14.57	14.57	613.601	1372.22
-14.57	14.57	612.573	1469.27
-14.57	14.57	611.545	1437.38
-14.57	14.57	610.5169999999999	1356.87
-14.57	14.57	609.489	1356.62
-14.57	14.57	608.461	1439.02
-14.57	14.57	607.432	1377.99
-14.57	14.57	606.403	1377.74
-14.57	14.57	605.374	1375.06
-14.57	14.57	604.345	1423.38
-14.57	14.57	603.315	1420.69
-14.57	14.57	602.286	1379.15
-14.57	14.57	601.256	1388.61
-14.57	14.57	600.226	1427.18
