-14.57	4.57	1799.66	1338.65
-14.57	4.57	1798.84	1368.99
-14.57	4.57	1798.03	1329.04
-14.57	4.57	1797.21	1490.71
-14.57	4.57	1796.39	1493.52
-14.57	4.57	1795.57	1361.95
-14.57	4.57	1794.75	1435.0
-14.57	4.57	1793.93	1425.6
-14.57	4.57	1793.11	1397.89
-14.57	4.57	1792.29	1394.6
-14.57	4.57	1791.47	1308.94
-14.57	4.57	1790.65	1394.13
-14.57	4.57	1789.84	1400.0
-14.57	4.57	1789.02	1457.7
-14.57	4.57	1788.2	1362.93
-14.57	4.57	1787.38	1417.58
-14.57	4.57	1786.56	1402.1
-14.57	4.57	1785.73	1514.62
-14.57	4.57	1784.91	1377.25
-14.57	4.57	1784.09	1313.04
-14.57	4.57	1783.27	1385.92
-14.57	4.57	1782.45	1425.28
-14.57	4.57	1781.63	1385.45
-14.57	4.57	1780.81	1354.77
-14.57	4.57	1779.99	1384.98
-14.57	4.57	1779.17	1463.88
-14.57	4.57	1778.35	1439.29
-14.57	4.57	1777.52	1478.6
-14.57	4.57	1776.7	1408.38
-14.57	4.57	1775.88	1420.31
-14.57	4.57	1775.06	1462.64
-14.57	4.57	1774.24	1492.8
-14.57	4.57	1773.41	1404.39
-14.57	4.57	1772.59	1531.8
-14.57	4.57	1771.77	1519.39
-14.57	4.57	1770.95	1449.25
-14.57	4.57	1770.12	1427.74
-14.57	4.57	1769.3	1470.02
-14.57	4.57	1768.48	1487.99
-14.57	4.57	1767.65	1515.07
-14.57	4.57	1766.83	1560.35
-14.57	4.57	1766.01	1472.06
-14.57	4.57	1765.18	1538.58
-14.57	4.57	1764.36	1562.59
-14.57	4.57	1763.53	1541.09
-14.57	4.57	1762.71	1528.7
-14.57	4.57	1761.88	1604.25
-14.57	4.57	1761.06	1558.5
-14.57	4.57	1760.24	1561.27
-14.57	4.57	1759.41	1627.69
-14.57	4.57	1758.59	1497.1
-14.57	4.57	1757.76	1584.71
-14.57	4.57	1756.94	1496.59
-14.57	4.57	1756.11	1581.15
-14.57	4.57	1755.28	1529.4
-14.57	4.57	1754.46	1559.42
-14.57	4.57	1753.63	1574.29
-14.57	4.57	1752.81	1643.64
-14.57	4.57	1751.98	1470.86
-14.57	4.57	1751.16	1600.72
-14.57	4.57	1750.33	1530.87
-14.57	4.57	1749.5	1633.46
-14.57	4.57	1748.68	1593.86
-14.57	4.57	1747.85	1638.95
-14.57	4.57	1747.02	1514.71
-14.57	4.57	1746.2	1656.53
-14.57	4.57	1745.37	1616.96
-14.57	4.57	1744.54	1616.69
-14.57	4.57	1743.71	1613.39
-14.57	4.57	1742.89	1631.24
-14.57	4.57	1742.06	1700.43
-14.57	4.57	1741.23	1675.99
-14.57	4.57	1740.4	1657.59
-14.57	4.57	1739.57	1639.19
-14.57	4.57	1738.75	1678.15
-14.57	4.57	1737.92	1683.9
-14.57	4.57	1737.09	1725.86
-14.57	4.57	1736.26	1686.35
-14.57	4.57	1735.43	1677.01
-14.57	4.57	1734.6	1664.67
-14.57	4.57	1733.77	1724.69
-14.57	4.57	1732.94	1709.32
-14.57	4.57	1732.11	1666.83
-14.57	4.57	1731.28	1747.92
-14.57	4.57	1730.45	1711.47
-14.57	4.57	1729.62	1750.34
-14.57	4.57	1728.8	1750.04
-14.57	4.57	1727.96	1653.37
-14.57	4.57	1727.13	1707.29
-14.57	4.57	1726.3	1737.11
-14.57	4.57	1725.47	1727.78
-14.57	4.57	1724.64	1691.38
-14.57	4.57	1723.81	1688.08
-14.57	4.57	1722.98	1787.07
-14.57	4.57	1722.15	1783.76
-14.57	4.57	1721.32	1804.51
-14.57	4.57	1720.49	1762.11
-14.57	4.57	1719.66	1698.67
-14.57	4.57	1718.82	1755.5
-14.57	4.57	1717.99	1833.34
-14.57	4.57	1717.16	1727.86
-14.57	4.57	1716.33	1802.67
-14.57	4.57	1715.5	1838.42
-14.57	4.57	1714.66	1862.13
-14.57	4.57	1713.83	1798.75
-14.57	4.57	1713.0	1888.52
-14.57	4.57	1712.17	1885.2
-14.57	4.57	1711.33	1908.89
-14.57	4.57	1710.5	1815.54
-14.57	4.57	1709.67	1791.22
-14.57	4.57	1708.83	1874.92
-14.57	4.57	1708.0	1832.61
-14.57	4.57	1707.17	1886.27
-14.57	4.57	1706.33	1900.94
-14.57	4.57	1705.5	1807.69
-14.57	4.57	1704.66	1834.36
-14.57	4.57	1703.83	1944.93
-14.57	4.57	1703.0	1986.54
-14.57	4.57	1702.16	1965.24
-14.57	4.57	1701.33	1949.93
-14.57	4.57	1700.49	1979.54
-14.57	4.57	1699.66	1940.28
-14.57	4.57	1698.82	1892.05
-14.57	4.57	1697.99	1975.54
-14.57	4.57	1697.15	1921.33
-14.57	4.57	1696.32	1968.88
-14.57	4.57	1695.48	1899.74
-14.57	4.57	1694.64	1914.37
-14.57	4.57	1693.81	1997.78
-14.57	4.57	1692.97	2042.3
-14.57	4.57	1692.14	2006.07
-14.57	4.57	1691.3	2092.42
-14.57	4.57	1690.46	2032.29
-14.57	4.57	1689.63	2133.54
-14.57	4.57	1688.79	2010.68
-14.57	4.57	1687.95	2046.19
-14.57	4.57	1687.12	1983.12
-14.57	4.57	1686.28	2081.32
-14.57	4.57	1685.44	2149.64
-14.57	4.57	1684.6	2092.55
-14.57	4.57	1683.77	2166.81
-14.57	4.57	1682.93	2106.76
-14.57	4.57	1682.09	2133.26
-14.57	4.57	1681.25	2216.42
-14.57	4.57	1680.41	2210.07
-14.57	4.57	1679.58	2179.88
-14.57	4.57	1678.74	2283.86
-14.57	4.57	1677.9	2313.28
-14.57	4.57	1677.06	2259.24
-14.57	4.57	1676.22	2258.85
-14.57	4.57	1675.38	2231.65
-14.57	4.57	1674.54	2341.5
-14.57	4.57	1673.7	2278.55
-14.57	4.57	1672.86	2304.96
-14.57	4.57	1672.02	2262.88
-14.57	4.57	1671.18	2325.01
-14.57	4.57	1670.34	2396.05
-14.57	4.57	1669.5	2342.08
-14.57	4.57	1668.66	2279.19
-14.57	4.57	1667.82	2359.13
-14.57	4.57	1666.98	2462.83
-14.57	4.57	1666.14	2441.59
-14.57	4.57	1665.3	2464.96
-14.57	4.57	1664.46	2277.25
-14.57	4.57	1663.62	2508.71
-14.57	4.57	1662.78	2570.69
-14.57	4.57	1661.94	2436.54
-14.57	4.57	1661.1	2439.1
-14.57	4.57	1660.25	2495.12
-14.57	4.57	1659.41	2631.3
-14.57	4.57	1658.57	2580.38
-14.57	4.57	1657.73	2505.71
-14.57	4.57	1656.89	2454.83
-14.57	4.57	1656.04	2718.54
-14.57	4.57	1655.2	2682.47
-14.57	4.57	1654.36	2619.71
-14.57	4.57	1653.52	2589.6
-14.57	4.57	1652.67	2719.65
-14.57	4.57	1651.83	2775.53
-14.57	4.57	1650.99	2733.55
-14.57	4.57	1650.14	2750.87
-14.57	4.57	1649.3	2649.63
-14.57	4.57	1648.46	2755.86
-14.57	4.57	1647.61	2841.31
-14.57	4.57	1646.77	2695.67
-14.57	4.57	1645.92	2745.56
-14.57	4.57	1645.08	2857.62
-14.57	4.57	1644.24	2768.31
-14.57	4.57	1643.39	2815.2
-14.57	4.57	1642.55	2870.95
-14.57	4.57	1641.7	2947.4
-14.57	4.57	1640.86	3068.21
-14.57	4.57	1640.01	3032.18
-14.57	4.57	1639.17	3052.37
-14.57	4.57	1638.32	3087.33
-14.57	4.57	1637.48	3202.12
-14.57	4.57	1636.63	3231.13
-14.57	4.57	1635.78	3186.24
-14.57	4.57	1634.94	3082.27
-14.57	4.57	1634.09	3185.16
-14.57	4.57	1633.25	3341.18
-14.57	4.57	1632.4	3257.91
-14.57	4.57	1631.55	3449.31
-14.57	4.57	1630.71	3380.81
-14.57	4.57	1629.86	3619.35
-14.57	4.57	1629.01	3651.2
-14.57	4.57	1628.16	3494.17
-14.57	4.57	1627.32	3655.86
-14.57	4.57	1626.47	3761.43
-14.57	4.57	1625.62	3787.34
-14.57	4.57	1624.77	3857.47
-14.57	4.57	1623.93	3839.12
-14.57	4.57	1623.08	3873.84
-14.57	4.57	1622.23	4032.35
-14.57	4.57	1621.38	4008.08
-14.57	4.57	1620.53	4110.53
-14.57	4.57	1619.69	4106.88
-14.57	4.57	1618.84	4350.66
-14.57	4.57	1617.99	4450.05
-14.57	4.57	1617.14	4402.17
-14.57	4.57	1616.29	4318.98
-14.57	4.57	1615.44	4556.67
-14.57	4.57	1614.59	4847.26
-14.57	4.57	1613.74	4769.92
-14.57	4.57	1612.89	4786.76
-14.57	4.57	1612.04	5000.67
-14.57	4.57	1611.19	5349.8
-14.57	4.57	1610.34	5595.89
-14.57	4.57	1609.49	5589.06
-14.57	4.57	1608.64	5785.05
-14.57	4.57	1607.79	5966.28
-14.57	4.57	1606.94	6406.04
-14.57	4.57	1606.09	6352.06
-14.57	4.57	1605.24	6327.47
-14.57	4.57	1604.39	6590.72
-14.57	4.57	1603.54	6765.78
-14.57	4.57	1602.68	6606.08
-14.57	4.57	1601.83	6378.91
-14.57	4.57	1600.98	6234.0
-14.57	4.57	1600.13	6588.01
-14.57	4.57	1599.28	6586.88
-14.57	4.57	1598.42	6439.07
-14.57	4.57	1597.57	6285.45
-14.57	4.57	1596.72	6454.46
-14.57	4.57	1595.87	6315.55
-14.57	4.57	1595.01	6370.16
-14.57	4.57	1594.16	6345.62
-14.57	4.57	1593.31	6101.3
-14.57	4.57	1592.45	6659.89
-14.57	4.57	1591.6	6644.1
-14.57	4.57	1590.75	6812.84
-14.57	4.57	1589.89	6688.67
-14.57	4.57	1589.04	7317.04
-14.57	4.57	1588.19	7450.45
-14.57	4.57	1587.33	7463.81
-14.57	4.57	1586.48	7825.41
-14.57	4.57	1585.62	8301.0
-14.57	4.57	1584.77	8688.67
-14.57	4.57	1583.91	9204.9
-14.57	4.57	1583.06	9478.22
-14.57	4.57	1582.2	9976.59
-14.57	4.57	1581.35	10694.1
-14.57	4.57	1580.49	11086.8
-14.57	4.57	1579.64	11222.3
-14.57	4.57	1578.78	11635.3
-14.57	4.57	1577.93	12100.7
-14.57	4.57	1577.07	12262.2
-14.57	4.57	1576.21	12540.5
-14.57	4.57	1575.36	12430.3
-14.57	4.57	1574.5	12641.2
-14.57	4.57	1573.65	12790.9
-14.57	4.57	1572.79	12899.6
-14.57	4.57	1571.93	12258.3
-14.57	4.57	1571.08	12022.8
-14.57	4.57	1570.22	12464.1
-14.57	4.57	1569.36	12534.9
-14.57	4.57	1568.5	11958.3
-14.57	4.57	1567.65	11615.1
-14.57	4.57	1566.79	11971.7
-14.57	4.57	1565.93	11969.6
-14.57	4.57	1565.07	11935.5
-14.57	4.57	1564.21	11583.8
-14.57	4.57	1563.36	11264.3
-14.57	4.57	1562.5	11772.1
-14.57	4.57	1561.64	11601.2
-14.57	4.57	1560.78	10990.7
-14.57	4.57	1559.92	11221.7
-14.57	4.57	1559.06	11376.9
-14.57	4.57	1558.2	11165.4
-14.57	4.57	1557.34	10884.2
-14.57	4.57	1556.49	10827.1
-14.57	4.57	1555.63	11002.6
-14.57	4.57	1554.77	11245.0
-14.57	4.57	1553.91	11193.6
-14.57	4.57	1553.05	11043.4
-14.57	4.57	1552.19	11329.3
-14.57	4.57	1551.33	11507.5
-14.57	4.57	1550.47	11485.2
-14.57	4.57	1549.6	11012.6
-14.57	4.57	1548.74	10862.6
-14.57	4.57	1547.88	11363.1
-14.57	4.57	1547.02	11247.9
-14.57	4.57	1546.16	10981.8
-14.57	4.57	1545.3	10959.6
-14.57	4.57	1544.44	10856.1
-14.57	4.57	1543.58	10976.1
-14.57	4.57	1542.71	10872.7
-14.57	4.57	1541.85	10427.1
-14.57	4.57	1540.99	10628.3
-14.57	4.57	1540.13	10690.2
-14.57	4.57	1539.27	10436.2
-14.57	4.57	1538.4	10228.6
-14.57	4.57	1537.54	9734.18
-14.57	4.57	1536.68	10115.0
-14.57	4.57	1535.81	9626.54
-14.57	4.57	1534.95	9581.44
-14.57	4.57	1534.09	9437.88
-14.57	4.57	1533.23	9609.98
-14.57	4.57	1532.36	9379.63
-14.57	4.57	1531.5	9195.66
-14.57	4.57	1530.63	8832.33
-14.57	4.57	1529.77	8923.4
-14.57	4.57	1528.91	9098.33
-14.57	4.57	1528.04	8862.48
-14.57	4.57	1527.18	8580.43
-14.57	4.57	1526.31	8437.27
-14.57	4.57	1525.45	8473.4
-14.57	4.57	1524.58	8899.72
-14.57	4.57	1523.72	8484.92
-14.57	4.57	1522.85	8353.44
-14.57	4.57	1521.99	8490.67
-14.57	4.57	1521.12	8506.53
-14.57	4.57	1520.26	8380.88
-14.57	4.57	1519.39	8365.0
-14.57	4.57	1518.52	8571.42
-14.57	4.57	1517.66	8705.6
-14.57	4.57	1516.79	8375.1
-14.57	4.57	1515.93	8350.57
-14.57	4.57	1515.06	8415.49
-14.57	4.57	1514.19	8714.02
-14.57	4.57	1513.33	8744.24
-14.57	4.57	1512.46	8587.02
-14.57	4.57	1511.59	8646.08
-14.57	4.57	1510.72	9019.31
-14.57	4.57	1509.86	9052.34
-14.57	4.57	1508.99	8828.9
-14.57	4.57	1508.12	8657.4
-14.57	4.57	1507.25	8889.23
-14.57	4.57	1506.38	8896.33
-14.57	4.57	1505.52	8719.15
-14.57	4.57	1504.65	8530.5
-14.57	4.57	1503.78	8687.35
-14.57	4.57	1502.91	8616.78
-14.57	4.57	1502.04	8215.31
-14.57	4.57	1501.17	8052.78
-14.57	4.57	1500.3	7965.1
-14.57	4.57	1499.44	8320.35
-14.57	4.57	1498.57	8048.61
-14.57	4.57	1497.7	7739.59
-14.57	4.57	1496.83	7735.38
-14.57	4.57	1495.96	7601.84
-14.57	4.57	1495.09	7603.4
-14.57	4.57	1494.22	7530.26
-14.57	4.57	1493.35	7471.5
-14.57	4.57	1492.48	7320.87
-14.57	4.57	1491.61	7543.58
-14.57	4.57	1490.73	7496.34
-14.57	4.57	1489.86	7276.88
-14.57	4.57	1488.99	7304.32
-14.57	4.57	1488.12	7524.02
-14.57	4.57	1487.25	7568.62
-14.57	4.57	1486.38	7225.95
-14.57	4.57	1485.51	7370.98
-14.57	4.57	1484.63	7779.77
-14.57	4.57	1483.76	8013.52
-14.57	4.57	1482.89	8086.67
-14.57	4.57	1482.02	7976.36
-14.57	4.57	1481.15	8327.45
-14.57	4.57	1480.27	8735.72
-14.57	4.57	1479.4	8568.06
-14.57	4.57	1478.53	8749.88
-14.57	4.57	1477.65	9112.04
-14.57	4.57	1476.78	9809.07
-14.57	4.57	1475.91	9836.0
-14.57	4.57	1475.03	9868.64
-14.57	4.57	1474.16	10244.7
-14.57	4.57	1473.29	10709.3
-14.57	4.57	1472.41	10976.3
-14.57	4.57	1471.54	10642.6
-14.57	4.57	1470.67	10783.8
-14.57	4.57	1469.79	11273.7
-14.57	4.57	1468.92	11451.8
-14.57	4.57	1468.04	11064.0
-14.57	4.57	1467.17	10799.2
-14.57	4.57	1466.29	11005.9
-14.57	4.57	1465.42	11246.8
-14.57	4.57	1464.54	10822.1
-14.57	4.57	1463.67	10277.7
-14.57	4.57	1462.79	10110.3
-14.57	4.57	1461.91	10134.2
-14.57	4.57	1461.04	9707.19
-14.57	4.57	1460.16	9186.13
-14.57	4.57	1459.29	9053.29
-14.57	4.57	1458.41	8977.55
-14.57	4.57	1457.53	8890.42
-14.57	4.57	1456.66	8463.97
-14.57	4.57	1455.78	8120.36
-14.57	4.57	1454.9	8173.11
-14.57	4.57	1454.03	8203.05
-14.57	4.57	1453.15	7879.6
-14.57	4.57	1452.27	7712.98
-14.57	4.57	1451.39	7965.18
-14.57	4.57	1450.52	7864.11
-14.57	4.57	1449.64	7703.27
-14.57	4.57	1448.76	7582.35
-14.57	4.57	1447.88	7672.13
-14.57	4.57	1447.0	7881.43
-14.57	4.57	1446.13	7885.75
-14.57	4.57	1445.25	7875.85
-14.57	4.57	1444.37	7797.67
-14.57	4.57	1443.49	8026.71
-14.57	4.57	1442.61	8306.86
-14.57	4.57	1441.73	7881.76
-14.57	4.57	1440.85	7823.53
-14.57	4.57	1439.97	8006.93
-14.57	4.57	1439.09	7820.82
-14.57	4.57	1438.21	7822.3
-14.57	4.57	1437.33	7451.63
-14.57	4.57	1436.45	7578.16
-14.57	4.57	1435.57	7488.8
-14.57	4.57	1434.69	7317.14
-14.57	4.57	1433.81	7057.53
-14.57	4.57	1432.93	7002.37
-14.57	4.57	1432.05	7145.89
-14.57	4.57	1431.17	7016.97
-14.57	4.57	1430.29	6720.71
-14.57	4.57	1429.41	7003.18
-14.57	4.57	1428.52	7033.16
-14.57	4.57	1427.64	7094.32
-14.57	4.57	1426.76	6883.3
-14.57	4.57	1425.88	6907.61
-14.57	4.57	1425.0	7254.99
-14.57	4.57	1424.11	7330.24
-14.57	4.57	1423.23	7195.81
-14.57	4.57	1422.35	7180.4
-14.57	4.57	1421.47	7363.23
-14.57	4.57	1420.58	7401.6
-14.57	4.57	1419.7	7335.2
-14.57	4.57	1418.82	7427.33
-14.57	4.57	1417.93	7669.42
-14.57	4.57	1417.05	7665.26
-14.57	4.57	1416.17	7717.68
-14.57	4.57	1415.28	7654.11
-14.57	4.57	1414.4	7556.62
-14.57	4.57	1413.51	7733.45
-14.57	4.57	1412.63	7913.03
-14.57	4.57	1411.75	7629.0
-14.57	4.57	1410.86	7842.46
-14.57	4.57	1409.98	7954.12
-14.57	4.57	1409.09	8223.95
-14.57	4.57	1408.21	8010.67
-14.57	4.57	1407.32	7788.99
-14.57	4.57	1406.44	7880.82
-14.57	4.57	1405.55	7930.26
-14.57	4.57	1404.66	7821.62
-14.57	4.57	1403.78	7413.86
-14.57	4.57	1402.89	7615.74
-14.57	4.57	1402.01	7634.16
-14.57	4.57	1401.12	7694.89
-14.57	4.57	1400.23	7335.38
-14.57	4.57	1399.35	7348.2
-14.57	4.57	1398.46	7465.33
-14.57	4.57	1397.57	7393.56
-14.57	4.57	1396.69	7206.27
-14.57	4.57	1395.8	6985.23
-14.57	4.57	1394.91	7172.77
-14.57	4.57	1394.02	7027.87
-14.57	4.57	1393.14	6939.34
-14.57	4.57	1392.25	6774.81
-14.57	4.57	1391.36	6815.86
-14.57	4.57	1390.47	6865.34
-14.57	4.57	1389.58	6523.61
-14.57	4.57	1388.7	6435.25
-14.57	4.57	1387.81	6377.86
-14.57	4.57	1386.92	6593.34
-14.57	4.57	1386.03	6249.08
-14.57	4.57	1385.14	6037.1
-14.57	4.57	1384.25	6030.42
-14.57	4.57	1383.36	6254.24
-14.57	4.57	1382.47	6118.25
-14.57	4.57	1381.58	5917.68
-14.57	4.57	1380.69	6124.55
-14.57	4.57	1379.8	6101.01
-14.57	4.57	1378.91	6066.25
-14.57	4.57	1378.02	6093.27
-14.57	4.57	1377.13	6241.0
-14.57	4.57	1376.24	6495.35
-14.57	4.57	1375.35	6693.48
-14.57	4.57	1374.46	6515.53
-14.57	4.57	1373.57	6713.59
-14.57	4.57	1372.68	6886.33
-14.57	4.57	1371.78	7179.6
-14.57	4.57	1370.89	7060.58
-14.57	4.57	1370.0	6804.22
-14.57	4.57	1369.11	6976.83
-14.57	4.57	1368.22	7188.6
-14.57	4.57	1367.33	6943.57
-14.57	4.57	1366.43	6791.07
-14.57	4.57	1365.54	6719.86
-14.57	4.57	1364.65	6735.49
-14.57	4.57	1363.76	6574.7
-14.57	4.57	1362.86	6436.37
-14.57	4.57	1361.97	6628.39
-14.57	4.57	1361.08	6593.65
-14.57	4.57	1360.18	6561.72
-14.57	4.57	1359.29	6437.48
-14.57	4.57	1358.4	6391.6
-14.57	4.57	1357.5	6644.98
-14.57	4.57	1356.61	6758.47
-14.57	4.57	1355.71	6857.93
-14.57	4.57	1354.82	7035.63
-14.57	4.57	1353.92	7559.81
-14.57	4.57	1353.03	7798.8
-14.57	4.57	1352.13	7649.37
-14.57	4.57	1351.24	7824.01
-14.57	4.57	1350.34	8397.96
-14.57	4.57	1349.45	8469.09
-14.57	4.57	1348.55	8291.73
-14.57	4.57	1347.66	8399.14
-14.57	4.57	1346.76	8992.12
-14.57	4.57	1345.87	9194.25
-14.57	4.57	1344.97	8690.46
-14.57	4.57	1344.07	8675.0
-14.57	4.57	1343.18	8913.33
-14.57	4.57	1342.28	8780.71
-14.57	4.57	1341.38	8840.51
-14.57	4.57	1340.49	8303.78
-14.57	4.57	1339.59	8271.67
-14.57	4.57	1338.69	8376.11
-14.57	4.57	1337.8	8112.76
-14.57	4.57	1336.9	7752.01
-14.57	4.57	1336.0	7761.8
-14.57	4.57	1335.1	7908.02
-14.57	4.57	1334.2	7951.18
-14.57	4.57	1333.31	7596.28
-14.57	4.57	1332.41	7528.16
-14.57	4.57	1331.51	7610.32
-14.57	4.57	1330.61	7469.88
-14.57	4.57	1329.71	7360.09
-14.57	4.57	1328.81	7125.19
-14.57	4.57	1327.91	7093.36
-14.57	4.57	1327.02	7128.26
-14.57	4.57	1326.12	7063.08
-14.57	4.57	1325.22	6672.76
-14.57	4.57	1324.32	6860.54
-14.57	4.57	1323.42	7014.92
-14.57	4.57	1322.52	6769.25
-14.57	4.57	1321.62	6793.06
-14.57	4.57	1320.72	6714.12
-14.57	4.57	1319.82	7162.7
-14.57	4.57	1318.91	6772.84
-14.57	4.57	1318.01	6532.98
-14.57	4.57	1317.11	6767.69
-14.57	4.57	1316.21	6730.44
-14.57	4.57	1315.31	6826.34
-14.57	4.57	1314.41	6653.2
-14.57	4.57	1313.51	6710.27
-14.57	4.57	1312.61	6606.51
-14.57	4.57	1311.7	6488.94
-14.57	4.57	1310.8	6412.97
-14.57	4.57	1309.9	6411.85
-14.57	4.57	1309.0	6496.61
-14.57	4.57	1308.09	6296.03
-14.57	4.57	1307.19	6186.92
-14.57	4.57	1306.29	6061.24
-14.57	4.57	1305.39	6278.88
-14.57	4.57	1304.48	6197.51
-14.57	4.57	1303.58	6091.26
-14.57	4.57	1302.68	5996.11
-14.57	4.57	1301.77	6078.06
-14.57	4.57	1300.87	6135.08
-14.57	4.57	1299.96	5843.62
-14.57	4.57	1299.06	5754.11
-14.57	4.57	1298.16	6151.2
-14.57	4.57	1297.25	6067.2
-14.57	4.57	1296.35	5927.95
-14.57	4.57	1295.44	5968.36
-14.57	4.57	1294.54	5970.08
-14.57	4.57	1293.63	6156.85
-14.57	4.57	1292.73	6048.07
-14.57	4.57	1291.82	5839.92
-14.57	4.57	1290.92	6045.95
-14.57	4.57	1290.01	6301.59
-14.57	4.57	1289.1	6087.98
-14.57	4.57	1288.2	6053.8
-14.57	4.57	1287.29	6154.81
-14.57	4.57	1286.39	6156.49
-14.57	4.57	1285.48	6232.63
-14.57	4.57	1284.57	6135.03
-14.57	4.57	1283.67	6238.71
-14.57	4.57	1282.76	6458.12
-14.57	4.57	1281.85	6302.66
-14.57	4.57	1280.94	6221.64
-14.57	4.57	1280.04	6501.55
-14.57	4.57	1279.13	6599.57
-14.57	4.57	1278.22	6620.44
-14.57	4.57	1277.31	6473.34
-14.57	4.57	1276.41	6739.24
-14.57	4.57	1275.5	6985.78
-14.57	4.57	1274.59	7056.11
-14.57	4.57	1273.68	6983.33
-14.57	4.57	1272.77	7059.13
-14.57	4.57	1271.86	7143.15
-14.57	4.57	1270.95	7056.65
-14.57	4.57	1270.04	7239.63
-14.57	4.57	1269.13	6993.68
-14.57	4.57	1268.23	7006.2
-14.57	4.57	1267.32	6834.58
-14.57	4.57	1266.41	6465.2
-14.57	4.57	1265.5	6623.4
-14.57	4.57	1264.59	6353.06
-14.57	4.57	1263.67	6395.88
-14.57	4.57	1262.76	6158.62
-14.57	4.57	1261.85	5979.1
-14.57	4.57	1260.94	6082.35
-14.57	4.57	1260.03	6232.21
-14.57	4.57	1259.12	6055.51
-14.57	4.57	1258.21	6125.77
-14.57	4.57	1257.3	6418.18
-14.57	4.57	1256.39	6211.37
-14.57	4.57	1255.47	6322.69
-14.57	4.57	1254.56	6217.41
-14.57	4.57	1253.65	6257.43
-14.57	4.57	1252.74	6322.1
-14.57	4.57	1251.83	6238.79
-14.57	4.57	1250.91	6117.15
-14.57	4.57	1250.0	6250.28
-14.57	4.57	1249.09	6314.91
-14.57	4.57	1248.17	6357.6
-14.57	4.57	1247.26	6014.3
-14.57	4.57	1246.35	6092.61
-14.57	4.57	1245.43	6367.93
-14.57	4.57	1244.52	6046.69
-14.57	4.57	1243.61	6111.28
-14.57	4.57	1242.69	6063.7
-14.57	4.57	1241.78	6286.87
-14.57	4.57	1240.86	6313.11
-14.57	4.57	1239.95	5964.82
-14.57	4.57	1239.03	6155.09
-14.57	4.57	1238.12	6471.0
-14.57	4.57	1237.2	6494.45
-14.57	4.57	1236.29	6310.28
-14.57	4.57	1235.37	6634.18
-14.57	4.57	1234.46	6936.13
-14.57	4.57	1233.54	7142.41
-14.57	4.57	1232.63	7001.93
-14.57	4.57	1231.71	7068.93
-14.57	4.57	1230.8	7381.49
-14.57	4.57	1229.88	7429.3
-14.57	4.57	1228.96	7226.13
-14.57	4.57	1228.05	7028.48
-14.57	4.57	1227.13	7051.79
-14.57	4.57	1226.21	6892.41
-14.57	4.57	1225.3	6836.68
-14.57	4.57	1224.38	6361.24
-14.57	4.57	1223.46	6275.64
-14.57	4.57	1222.54	6220.04
-14.57	4.57	1221.63	5973.78
-14.57	4.57	1220.71	5782.08
-14.57	4.57	1219.79	5636.74
-14.57	4.57	1218.87	5850.83
-14.57	4.57	1217.95	5425.15
-14.57	4.57	1217.03	5279.95
-14.57	4.57	1216.12	5360.65
-14.57	4.57	1215.2	5457.64
-14.57	4.57	1214.28	5084.02
-14.57	4.57	1213.36	5200.07
-14.57	4.57	1212.44	5201.87
-14.57	4.57	1211.52	5282.51
-14.57	4.57	1210.6	5118.48
-14.57	4.57	1209.68	5218.14
-14.57	4.57	1208.76	5315.04
-14.57	4.57	1207.84	5498.84
-14.57	4.57	1206.92	5413.66
-14.57	4.57	1206.0	5496.9
-14.57	4.57	1205.08	5705.01
-14.57	4.57	1204.16	6116.67
-14.57	4.57	1203.24	6061.3
-14.57	4.57	1202.31	6290.91
-14.57	4.57	1201.39	6965.45
-14.57	4.57	1200.47	7713.01
-14.57	4.57	1199.55	8126.66
-14.57	4.57	1198.63	8526.6
-14.57	4.57	1197.71	9544.63
-14.57	4.57	1196.78	10242.4
-14.57	4.57	1195.86	10237.9
-14.57	4.57	1194.94	10116.8
-14.57	4.57	1194.02	9968.71
-14.57	4.57	1193.09	9845.04
-14.57	4.57	1192.17	8908.81
-14.57	4.57	1191.25	8203.1
-14.57	4.57	1190.32	7706.14
-14.57	4.57	1189.4	7515.27
-14.57	4.57	1188.48	6967.18
-14.57	4.57	1187.55	6495.06
-14.57	4.57	1186.63	6415.44
-14.57	4.57	1185.71	6316.91
-14.57	4.57	1184.78	6031.79
-14.57	4.57	1183.86	5871.16
-14.57	4.57	1182.93	5791.71
-14.57	4.57	1182.01	5879.9
-14.57	4.57	1181.08	5695.06
-14.57	4.57	1180.16	5388.67
-14.57	4.57	1179.23	5390.42
-14.57	4.57	1178.31	5451.6
-14.57	4.57	1177.38	5256.16
-14.57	4.57	1176.46	5109.41
-14.57	4.57	1175.53	5000.5
-14.57	4.57	1174.6	4969.92
-14.57	4.57	1173.68	5004.13
-14.57	4.57	1172.75	4849.42
-14.57	4.57	1171.82	4883.64
-14.57	4.57	1170.9	4912.44
-14.57	4.57	1169.97	5070.71
-14.57	4.57	1169.04	5094.08
-14.57	4.57	1168.12	5130.93
-14.57	4.57	1167.19	5399.59
-14.57	4.57	1166.26	5266.57
-14.57	4.57	1165.33	5252.16
-14.57	4.57	1164.41	5270.09
-14.57	4.57	1163.48	5398.46
-14.57	4.57	1162.55	5235.9
-14.57	4.57	1161.62	5076.09
-14.57	4.57	1160.69	5263.66
-14.57	4.57	1159.76	5120.06
-14.57	4.57	1158.84	5033.02
-14.57	4.57	1157.91	4580.04
-14.57	4.57	1156.98	4724.52
-14.57	4.57	1156.05	4774.79
-14.57	4.57	1155.12	4515.75
-14.57	4.57	1154.19	4396.63
-14.57	4.57	1153.26	4403.92
-14.57	4.57	1152.33	4384.32
-14.57	4.57	1151.4	4429.23
-14.57	4.57	1150.47	4272.59
-14.57	4.57	1149.54	4285.26
-14.57	4.57	1148.61	4193.17
-14.57	4.57	1147.68	4187.06
-14.57	4.57	1146.75	4103.07
-14.57	4.57	1145.81	4266.11
-14.57	4.57	1144.88	4329.78
-14.57	4.57	1143.95	4307.54
-14.57	4.57	1143.02	4086.74
-14.57	4.57	1142.09	4147.72
-14.57	4.57	1141.16	4326.71
-14.57	4.57	1140.22	4352.76
-14.57	4.57	1139.29	4354.67
-14.57	4.57	1138.36	4227.89
-14.57	4.57	1137.43	4387.97
-14.57	4.57	1136.49	4384.51
-14.57	4.57	1135.56	4231.0
-14.57	4.57	1134.63	4294.54
-14.57	4.57	1133.69	4398.24
-14.57	4.57	1132.76	4341.22
-14.57	4.57	1131.83	4394.0
-14.57	4.57	1130.89	4310.23
-14.57	4.57	1129.96	4563.75
-14.57	4.57	1129.02	4332.78
-14.57	4.57	1128.09	4267.8
-14.57	4.57	1127.16	4408.83
-14.57	4.57	1126.22	4381.3
-14.57	4.57	1125.29	4463.42
-14.57	4.57	1124.35	4302.2
-14.57	4.57	1123.42	4320.15
-14.57	4.57	1122.48	4348.78
-14.57	4.57	1121.55	4259.82
-14.57	4.57	1120.61	4007.9
-14.57	4.57	1119.67	4119.39
-14.57	4.57	1118.74	4228.17
-14.57	4.57	1117.8	4176.67
-14.57	4.57	1116.87	4122.53
-14.57	4.57	1115.93	3996.33
-14.57	4.57	1114.99	4241.17
-14.57	4.57	1114.06	3976.23
-14.57	4.57	1113.12	3815.43
-14.57	4.57	1112.18	4084.19
-14.57	4.57	1111.24	4080.79
-14.57	4.57	1110.31	4021.4
-14.57	4.57	1109.37	3812.72
-14.57	4.57	1108.43	3873.35
-14.57	4.57	1107.49	4107.21
-14.57	4.57	1106.55	4055.84
-14.57	4.57	1105.62	4009.83
-14.57	4.57	1104.68	4121.0
-14.57	4.57	1103.74	4296.05
-14.57	4.57	1102.8	4050.29
-14.57	4.57	1101.86	4049.57
-14.57	4.57	1100.92	4072.81
-14.57	4.57	1099.98	4223.79
-14.57	4.57	1099.04	4129.9
-14.57	4.57	1098.1	3950.91
-14.57	4.57	1097.16	3875.72
-14.57	4.57	1096.22	4018.65
-14.57	4.57	1095.28	4023.25
-14.57	4.57	1094.34	3780.6
-14.57	4.57	1093.4	4029.79
-14.57	4.57	1092.46	3882.9
-14.57	4.57	1091.52	3770.61
-14.57	4.57	1090.58	3695.55
-14.57	4.57	1089.64	3801.14
-14.57	4.57	1088.7	3837.64
-14.57	4.57	1087.76	3799.78
-14.57	4.57	1086.81	3716.81
-14.57	4.57	1085.87	3830.28
-14.57	4.57	1084.93	3834.91
-14.57	4.57	1083.99	3693.59
-14.57	4.57	1083.05	3690.28
-14.57	4.57	1082.1	3769.2
-14.57	4.57	1081.16	3787.09
-14.57	4.57	1080.22	3804.97
-14.57	4.57	1079.28	3703.55
-14.57	4.57	1078.33	3800.97
-14.57	4.57	1077.39	3991.1
-14.57	4.57	1076.45	3831.41
-14.57	4.57	1075.5	3724.75
-14.57	4.57	1074.56	3933.34
-14.57	4.57	1073.61	3916.75
-14.57	4.57	1072.67	3738.65
-14.57	4.57	1071.73	3642.68
-14.57	4.57	1070.78	3755.84
-14.57	4.57	1069.84	3641.38
-14.57	4.57	1068.89	3730.69
-14.57	4.57	1067.95	3671.82
-14.57	4.57	1067.0	3766.39
-14.57	4.57	1066.06	3879.42
-14.57	4.57	1065.11	3836.43
-14.57	4.57	1064.16	3848.96
-14.57	4.57	1063.22	4141.65
-14.57	4.57	1062.27	4214.9
-14.57	4.57	1061.33	4124.32
-14.57	4.57	1060.38	4134.15
-14.57	4.57	1059.43	4368.47
-14.57	4.57	1058.49	4399.38
-14.57	4.57	1057.54	4300.91
-14.57	4.57	1056.59	4178.71
-14.57	4.57	1055.65	4180.6
-14.57	4.57	1054.7	4087.5
-14.57	4.57	1053.75	3954.85
-14.57	4.57	1052.8	3930.41
-14.57	4.57	1051.85	3953.44
-14.57	4.57	1050.91	3847.26
-14.57	4.57	1049.96	3680.47
-14.57	4.57	1049.01	3685.09
-14.57	4.57	1048.06	3781.94
-14.57	4.57	1047.11	3757.55
-14.57	4.57	1046.16	3609.34
-14.57	4.57	1045.21	3579.72
-14.57	4.57	1044.27	3705.5
-14.57	4.57	1043.32	3741.7
-14.57	4.57	1042.37	3546.21
-14.57	4.57	1041.42	3524.52
-14.57	4.57	1040.47	3784.43
-14.57	4.57	1039.52	3728.5
-14.57	4.57	1038.57	3591.03
-14.57	4.57	1037.62	3732.42
-14.57	4.57	1036.67	3815.91
-14.57	4.57	1035.71	3631.17
-14.57	4.57	1034.76	3533.25
-14.57	4.57	1033.81	3608.84
-14.57	4.57	1032.86	3539.87
-14.57	4.57	1031.91	3431.51
-14.57	4.57	1030.96	3181.33
-14.57	4.57	1030.01	3230.66
-14.57	4.57	1029.05	3293.11
-14.57	4.57	1028.1	3240.01
-14.57	4.57	1027.15	3284.06
-14.57	4.57	1026.2	3296.59
-14.57	4.57	1025.24	3285.5
-14.57	4.57	1024.29	3221.95
-14.57	4.57	1023.34	3134.8
-14.57	4.57	1022.39	3181.45
-14.57	4.57	1021.43	3254.31
-14.57	4.57	1020.48	3269.45
-14.57	4.57	1019.52	3101.1
-14.57	4.57	1018.57	3168.69
-14.57	4.57	1017.62	3123.57
-14.57	4.57	1016.66	2984.15
-14.57	4.57	1015.71	2962.66
-14.57	4.57	1014.75	3035.46
-14.57	4.57	1013.8	2932.8
-14.57	4.57	1012.84	2845.87
-14.57	4.57	1011.89	2897.72
-14.57	4.57	1010.93	2912.9
-14.57	4.57	1009.98	2990.88
-14.57	4.57	1009.02	2770.58
-14.57	4.57	1008.07	2785.78
-14.57	4.57	1007.11	3012.81
-14.57	4.57	1006.16	2821.39
-14.57	4.57	1005.2	2794.74
-14.57	4.57	1004.24	2736.73
-14.57	4.57	1003.29	2955.76
-14.57	4.57	1002.33	2934.33
-14.57	4.57	1001.37	2662.11
-14.57	4.57	1000.41	2787.01
-14.57	4.57	999.4580000000001	2830.9
-14.57	4.57	998.5	2851.28
-14.57	4.57	997.543	2715.02
-14.57	4.57	996.585	2858.09
-14.57	4.57	995.627	2828.87
-14.57	4.57	994.669	2909.25
-14.57	4.57	993.71	2793.94
-14.57	4.57	992.752	2892.55
-14.57	4.57	991.793	2819.02
-14.57	4.57	990.834	2787.22
-14.57	4.57	989.875	2797.15
-14.57	4.57	988.916	2830.53
-14.57	4.57	987.957	2848.26
-14.57	4.57	986.997	2761.77
-14.57	4.57	986.0369999999999	2696.15
-14.57	4.57	985.078	2700.88
-14.57	4.57	984.118	2716.02
-14.57	4.57	983.1569999999999	2751.98
-14.57	4.57	982.197	2592.69
-14.57	4.57	981.2360000000001	2641.68
-14.57	4.57	980.2760000000001	2734.88
-14.57	4.57	979.315	2612.11
-14.57	4.57	978.3539999999999	2564.82
-14.57	4.57	977.3919999999999	2655.38
-14.57	4.57	976.431	2647.11
-14.57	4.57	975.4689999999999	2579.03
-14.57	4.57	974.508	2612.36
-14.57	4.57	973.546	2650.88
-14.57	4.57	972.584	2736.15
-14.57	4.57	971.6210000000001	2629.14
-14.57	4.57	970.659	2675.42
-14.57	4.57	969.696	2760.64
-14.57	4.57	968.7330000000001	2739.37
-14.57	4.57	967.77	2544.17
-14.57	4.57	966.807	2629.37
-14.57	4.57	965.8439999999999	2730.11
-14.57	4.57	964.88	2714.05
-14.57	4.57	963.9169999999999	2542.34
-14.57	4.57	962.953	2606.73
-14.57	4.57	961.9889999999999	2645.16
-14.57	4.57	961.025	2605.79
-14.57	4.57	960.06	2716.8
-14.57	4.57	959.096	2822.57
-14.57	4.57	958.1310000000001	2778.01
-14.57	4.57	957.166	2855.24
-14.57	4.57	956.201	2800.33
-14.57	4.57	955.2360000000001	2944.86
-14.57	4.57	954.27	2990.95
-14.57	4.57	953.305	3044.78
-14.57	4.57	952.3389999999999	3274.62
-14.57	4.57	951.373	3408.61
-14.57	4.57	950.4069999999999	3413.17
-14.57	4.57	949.441	3601.43
-14.57	4.57	948.4739999999999	3937.06
-14.57	4.57	947.508	4476.89
-14.57	4.57	946.541	4680.36
-14.57	4.57	945.574	4979.42
-14.57	4.57	944.607	5185.32
-14.57	4.57	943.6389999999999	5398.89
-14.57	4.57	942.672	5258.38
-14.57	4.57	941.704	4996.5
-14.57	4.57	940.7360000000001	4760.54
-14.57	4.57	939.768	4646.05
-14.57	4.57	938.8	4428.32
-14.57	4.57	937.832	4109.98
-14.57	4.57	936.863	4153.12
-14.57	4.57	935.8939999999999	4139.46
-14.57	4.57	934.926	4014.87
-14.57	4.57	933.956	3820.66
-14.57	4.57	932.987	4023.74
-14.57	4.57	932.018	4211.27
-14.57	4.57	931.048	4011.97
-14.57	4.57	930.078	3995.78
-14.57	4.57	929.1080000000001	4108.47
-14.57	4.57	928.138	4056.19
-14.57	4.57	927.168	3960.12
-14.57	4.57	926.198	3959.41
-14.57	4.57	925.227	3827.34
-14.57	4.57	924.2560000000001	3700.47
-14.57	4.57	923.285	3473.23
-14.57	4.57	922.314	3482.9
-14.57	4.57	921.3430000000001	3518.3
-14.57	4.57	920.3710000000001	3453.34
-14.57	4.57	919.3989999999999	3210.87
-14.57	4.57	918.427	3310.61
-14.57	4.57	917.455	3448.89
-14.57	4.57	916.4830000000001	3304.27
-14.57	4.57	915.5110000000001	3360.24
-14.57	4.57	914.538	3547.28
-14.57	4.57	913.565	3592.89
-14.57	4.57	912.5930000000001	3558.84
-14.57	4.57	911.6189999999999	3478.56
-14.57	4.57	910.6460000000001	3590.95
-14.57	4.57	909.673	3672.48
-14.57	4.57	908.699	3358.56
-14.57	4.57	907.725	3216.75
-14.57	4.57	906.7510000000001	3385.58
-14.57	4.57	905.7769999999999	3195.06
-14.57	4.57	904.803	3086.72
-14.57	4.57	903.828	3055.37
-14.57	4.57	902.8539999999999	3234.37
-14.57	4.57	901.8789999999999	3223.52
-14.57	4.57	900.904	3133.2
-14.57	4.57	899.928	3099.31
-14.57	4.57	898.953	3273.04
-14.57	4.57	897.977	3126.38
-14.57	4.57	897.002	3133.5
-14.57	4.57	896.0260000000001	3171.36
-14.57	4.57	895.05	3309.09
-14.57	4.57	894.073	3165.09
-14.57	4.57	893.097	3146.6
-14.57	4.57	892.12	3215.14
-14.57	4.57	891.1439999999999	3347.65
-14.57	4.57	890.1669999999999	3109.06
-14.57	4.57	889.189	3049.66
-14.57	4.57	888.212	3194.91
-14.57	4.57	887.235	3099.7
-14.57	4.57	886.257	3073.57
-14.57	4.57	885.279	3126.7
-14.57	4.57	884.301	3246.28
-14.57	4.57	883.323	3202.24
-14.57	4.57	882.3439999999999	3079.01
-14.57	4.57	881.3660000000001	3142.32
-14.57	4.57	880.387	3295.01
-14.57	4.57	879.408	3294.42
-14.57	4.57	878.429	3173.81
-14.57	4.57	877.45	3086.44
-14.57	4.57	876.47	3295.18
-14.57	4.57	875.4910000000001	3182.3
-14.57	4.57	874.5110000000001	3207.23
-14.57	4.57	873.5310000000001	3165.84
-14.57	4.57	872.551	3264.74
-14.57	4.57	871.57	3271.79
-14.57	4.57	870.59	3258.45
-14.57	4.57	869.6089999999999	3227.27
-14.57	4.57	868.628	3308.25
-14.57	4.57	867.6469999999999	3203.17
-14.57	4.57	866.666	3115.96
-14.57	4.57	865.684	3217.29
-14.57	4.57	864.703	3142.85
-14.57	4.57	863.721	3068.43
-14.57	4.57	862.7389999999999	3044.96
-14.57	4.57	861.757	3059.69
-14.57	4.57	860.775	2924.24
-14.57	4.57	859.7919999999999	2842.29
-14.57	4.57	858.81	2915.55
-14.57	4.57	857.827	2927.74
-14.57	4.57	856.8439999999999	2805.14
-14.57	4.57	855.86	2812.26
-14.57	4.57	854.877	2839.71
-14.57	4.57	853.8939999999999	2745.15
-14.57	4.57	852.91	2711.61
-14.57	4.57	851.926	2726.37
-14.57	4.57	850.942	2857.97
-14.57	4.57	849.9580000000001	2730.46
-14.57	4.57	848.9730000000001	2729.96
-14.57	4.57	847.988	2699.0
-14.57	4.57	847.0039999999999	2825.44
-14.57	4.57	846.0189999999999	2774.16
-14.57	4.57	845.034	2555.42
-14.57	4.57	844.048	2707.19
-14.57	4.57	843.063	2754.9
-14.57	4.57	842.077	2731.57
-14.57	4.57	841.091	2576.39
-14.57	4.57	840.105	2583.53
-14.57	4.57	839.1189999999999	2681.92
-14.57	4.57	838.132	2648.48
-14.57	4.57	837.1460000000001	2495.96
-14.57	4.57	836.159	2627.25
-14.57	4.57	835.172	2647.04
-14.57	4.57	834.185	2585.78
-14.57	4.57	833.198	2608.1
-14.57	4.57	832.21	2564.58
-14.57	4.57	831.222	2685.62
-14.57	4.57	830.235	2659.82
-14.57	4.57	829.247	2674.52
-14.57	4.57	828.258	2841.0
-14.57	4.57	827.27	2643.2
-14.57	4.57	826.2810000000001	2726.17
-14.57	4.57	825.293	2816.7
-14.57	4.57	824.304	2861.69
-14.57	4.57	823.315	2782.82
-14.57	4.57	822.325	2709.02
-14.57	4.57	821.336	2711.06
-14.57	4.57	820.346	2667.62
-14.57	4.57	819.3560000000001	2586.31
-14.57	4.57	818.3660000000001	2421.7
-14.57	4.57	817.3760000000001	2567.7
-14.57	4.57	816.3860000000001	2488.98
-14.57	4.57	815.395	2329.52
-14.57	4.57	814.405	2372.0
-14.57	4.57	813.414	2475.01
-14.57	4.57	812.423	2512.39
-14.57	4.57	811.431	2390.88
-14.57	4.57	810.44	2372.79
-14.57	4.57	809.448	2493.37
-14.57	4.57	808.456	2510.56
-14.57	4.57	807.4639999999999	2449.62
-14.57	4.57	806.472	2542.41
-14.57	4.57	805.48	2554.54
-14.57	4.57	804.487	2531.41
-14.57	4.57	803.495	2561.17
-14.57	4.57	802.502	2631.2
-14.57	4.57	801.5089999999999	2676.04
-14.57	4.57	800.5160000000001	2539.63
-14.57	4.57	799.5219999999999	2493.87
-14.57	4.57	798.528	2581.48
-14.57	4.57	797.535	2515.6
-14.57	4.57	796.541	2437.18
-14.57	4.57	795.547	2431.7
-14.57	4.57	794.552	2514.23
-14.57	4.57	793.558	2488.63
-14.57	4.57	792.563	2473.1
-14.57	4.57	791.568	2485.21
-14.57	4.57	790.573	2474.71
-14.57	4.57	789.578	2356.2
-14.57	4.57	788.582	2358.28
-14.57	4.57	787.587	2372.92
-14.57	4.57	786.591	2312.23
-14.57	4.57	785.595	2377.07
-14.57	4.57	784.5989999999999	2258.69
-14.57	4.57	783.602	2293.4
-14.57	4.57	782.6060000000001	2328.11
-14.57	4.57	781.6089999999999	2317.65
-14.57	4.57	780.612	2299.67
-14.57	4.57	779.615	2374.47
-14.57	4.57	778.618	2213.6
-14.57	4.57	777.6210000000001	2210.69
-14.57	4.57	776.623	2280.45
-14.57	4.57	775.625	2327.64
-14.57	4.57	774.627	2277.11
-14.57	4.57	773.6289999999999	2214.08
-14.57	4.57	772.6310000000001	2293.81
-14.57	4.57	771.632	2280.88
-14.57	4.57	770.6339999999999	2242.91
-14.57	4.57	769.635	2212.47
-14.57	4.57	768.6360000000001	2277.12
-14.57	4.57	767.6360000000001	2336.75
-14.57	4.57	766.637	2156.23
-14.57	4.57	765.637	2248.37
-14.57	4.57	764.637	2340.48
-14.57	4.57	763.638	2240.05
-14.57	4.57	762.637	2262.13
-14.57	4.57	761.637	2306.7
-14.57	4.57	760.6360000000001	2376.25
-14.57	4.57	759.6360000000001	2335.84
-14.57	4.57	758.635	2238.0
-14.57	4.57	757.6339999999999	2422.39
-14.57	4.57	756.633	2274.64
-14.57	4.57	755.6310000000001	2269.23
-14.57	4.57	754.6289999999999	2391.11
-14.57	4.57	753.628	2385.69
-14.57	4.57	752.6260000000001	2432.66
-14.57	4.57	751.623	2367.35
-14.57	4.57	750.6210000000001	2309.56
-14.57	4.57	749.6189999999999	2436.31
-14.57	4.57	748.6160000000001	2443.34
-14.57	4.57	747.613	2572.52
-14.57	4.57	746.61	2614.42
-14.57	4.57	745.607	2656.3
-14.57	4.57	744.6030000000001	2663.29
-14.57	4.57	743.5989999999999	2767.42
-14.57	4.57	742.596	2844.12
-14.57	4.57	741.592	2893.4
-14.57	4.57	740.587	2783.33
-14.57	4.57	739.5830000000001	2934.66
-14.57	4.57	738.579	2884.35
-14.57	4.57	737.574	2702.18
-14.57	4.57	736.569	2552.42
-14.57	4.57	735.564	2509.67
-14.57	4.57	734.558	2655.94
-14.57	4.57	733.553	2481.4
-14.57	4.57	732.547	2562.98
-14.57	4.57	731.541	2721.59
-14.57	4.57	730.535	2718.6
-14.57	4.57	729.529	2810.03
-14.57	4.57	728.523	2836.84
-14.57	4.57	727.5160000000001	2933.19
-14.57	4.57	726.5089999999999	3069.23
-14.57	4.57	725.503	2986.73
-14.57	4.57	724.495	3050.73
-14.57	4.57	723.488	3037.76
-14.57	4.57	722.4810000000001	2923.06
-14.57	4.57	721.4730000000001	2897.71
-14.57	4.57	720.465	2979.04
-14.57	4.57	719.457	3060.33
-14.57	4.57	718.449	3037.46
-14.57	4.57	717.44	3029.46
-14.57	4.57	716.432	3254.46
-14.57	4.57	715.423	3343.08
-14.57	4.57	714.414	3379.64
-14.57	4.57	713.405	3577.2
-14.57	4.57	712.395	3648.37
-14.57	4.57	711.3860000000001	3684.85
-14.57	4.57	710.3760000000001	3466.29
-14.57	4.57	709.3660000000001	3322.08
-14.57	4.57	708.3560000000001	3130.89
-14.57	4.57	707.346	2957.1
-14.57	4.57	706.335	2753.68
-14.57	4.57	705.325	2918.91
-14.57	4.57	704.314	2784.82
-14.57	4.57	703.303	2621.11
-14.57	4.57	702.2919999999999	2645.35
-14.57	4.57	701.28	2639.92
-14.57	4.57	700.2689999999999	2641.91
-14.57	4.57	699.257	2490.7
-14.57	4.57	698.245	2564.36
-14.57	4.57	697.2330000000001	2576.24
-14.57	4.57	696.22	2496.74
-14.57	4.57	695.2080000000001	2540.72
-14.57	4.57	694.195	2577.29
-14.57	4.57	693.182	2564.47
-14.57	4.57	692.169	2457.89
-14.57	4.57	691.1560000000001	2563.53
-14.57	4.57	690.143	2733.27
-14.57	4.57	689.1289999999999	2653.85
-14.57	4.57	688.115	2705.14
-14.57	4.57	687.1010000000001	2761.35
-14.57	4.57	686.087	2908.75
-14.57	4.57	685.073	2910.68
-14.57	4.57	684.058	2676.05
-14.57	4.57	683.043	2724.83
-14.57	4.57	682.028	2724.33
-14.57	4.57	681.013	2563.75
-14.57	4.57	679.998	2440.17
-14.57	4.57	678.9830000000001	2513.57
-14.57	4.57	677.967	2414.65
-14.57	4.57	676.951	2323.15
-14.57	4.57	675.935	2362.1
-14.57	4.57	674.919	2327.22
-14.57	4.57	673.9019999999999	2326.79
-14.57	4.57	672.8860000000001	2321.45
-14.57	4.57	671.8689999999999	2380.03
-14.57	4.57	670.852	2394.34
-14.57	4.57	669.835	2556.12
-14.57	4.57	668.817	2469.64
-14.57	4.57	667.8	2510.95
-14.57	4.57	666.7819999999999	2552.25
-14.57	4.57	665.7639999999999	2605.81
-14.57	4.57	664.7460000000001	2777.22
-14.57	4.57	663.7280000000001	2867.55
-14.57	4.57	662.709	2709.92
-14.57	4.57	661.691	2630.89
-14.57	4.57	660.672	2750.64
-14.57	4.57	659.653	2691.26
-14.57	4.57	658.6339999999999	2538.68
-14.57	4.57	657.6139999999999	2582.36
-14.57	4.57	656.595	2679.96
-14.57	4.57	655.575	2436.77
-14.57	4.57	654.555	2541.72
-14.57	4.57	653.535	2509.39
-14.57	4.57	652.514	2526.08
-14.57	4.57	651.494	2486.42
-14.57	4.57	650.4730000000001	2530.05
-14.57	4.57	649.452	2710.79
-14.57	4.57	648.431	2617.26
-14.57	4.57	647.41	2496.83
-14.57	4.57	646.388	2498.82
-14.57	4.57	645.366	2662.3
-14.57	4.57	644.345	2603.1
-14.57	4.57	643.323	2563.48
-14.57	4.57	642.3	2604.58
-14.57	4.57	641.278	2621.22
-14.57	4.57	640.255	2496.06
-14.57	4.57	639.232	2537.15
-14.57	4.57	638.2090000000001	2536.68
-14.57	4.57	637.186	2567.98
-14.57	4.57	636.163	2474.67
-14.57	4.57	635.139	2552.38
-14.57	4.57	634.116	2500.62
-14.57	4.57	633.092	2480.63
-14.57	4.57	632.068	2472.85
-14.57	4.57	631.043	2672.53
-14.57	4.57	630.019	2586.63
-14.57	4.57	628.994	2527.6
-14.57	4.57	627.969	2590.55
-14.57	4.57	626.944	2697.38
-14.57	4.57	625.919	2650.56
-14.57	4.57	624.893	2530.61
-14.57	4.57	623.868	2581.33
-14.57	4.57	622.842	2556.48
-14.57	4.57	621.816	2580.38
-14.57	4.57	620.79	2519.0
-14.57	4.57	619.763	2576.99
-14.57	4.57	618.737	2671.49
-14.57	4.57	617.71	2449.43
-14.57	4.57	616.683	2551.22
-14.57	4.57	615.656	2601.86
-14.57	4.57	614.629	2538.11
-14.57	4.57	613.601	2532.77
-14.57	4.57	612.573	2505.55
-14.57	4.57	611.545	2441.85
-14.57	4.57	610.5169999999999	2366.02
-14.57	4.57	609.489	2387.46
-14.57	4.57	608.461	2530.44
-14.57	4.57	607.432	2571.28
-14.57	4.57	606.403	2524.64
-14.57	4.57	605.374	2696.66
-14.57	4.57	604.345	2708.31
-14.57	4.57	603.315	2690.81
-14.57	4.57	602.286	2678.17
-14.57	4.57	601.256	2765.07
-14.57	4.57	600.226	2776.7
