-3.88	-1.25	1799.66	5055.1
-3.88	-1.25	1798.84	4980.91
-3.88	-1.25	1798.03	5273.37
-3.88	-1.25	1797.21	5339.69
-3.88	-1.25	1796.39	4874.54
-3.88	-1.25	1795.57	5044.73
-3.88	-1.25	1794.75	4991.97
-3.88	-1.25	1793.93	5244.5
-3.88	-1.25	1793.11	5109.32
-3.88	-1.25	1792.29	5077.94
-3.88	-1.25	1791.47	4872.66
-3.88	-1.25	1790.65	5228.76
-3.88	-1.25	1789.84	5188.22
-3.88	-1.25	1789.02	5397.77
-3.88	-1.25	1788.2	5128.54
-3.88	-1.25	1787.38	5130.72
-3.88	-1.25	1786.56	5361.5
-3.88	-1.25	1785.73	5147.27
-3.88	-1.25	1784.91	5189.06
-3.88	-1.25	1784.09	5102.88
-3.88	-1.25	1783.27	5193.4
-3.88	-1.25	1782.45	5262.57
-3.88	-1.25	1781.63	5298.22
-3.88	-1.25	1780.81	5154.23
-3.88	-1.25	1779.99	5165.54
-3.88	-1.25	1779.17	5386.83
-3.88	-1.25	1778.35	5255.08
-3.88	-1.25	1777.52	5369.8
-3.88	-1.25	1776.7	5387.14
-3.88	-1.25	1775.88	5103.39
-3.88	-1.25	1775.06	5446.14
-3.88	-1.25	1774.24	5238.47
-3.88	-1.25	1773.41	5246.71
-3.88	-1.25	1772.59	5273.17
-3.88	-1.25	1771.77	5360.41
-3.88	-1.25	1770.95	5526.6
-3.88	-1.25	1770.12	5343.4
-3.88	-1.25	1769.3	5281.76
-3.88	-1.25	1768.48	5274.79
-3.88	-1.25	1767.65	5483.39
-3.88	-1.25	1766.83	5409.61
-3.88	-1.25	1766.01	5299.43
-3.88	-1.25	1765.18	5249.98
-3.88	-1.25	1764.36	5367.42
-3.88	-1.25	1763.53	5618.3
-3.88	-1.25	1762.71	5268.54
-3.88	-1.25	1761.88	5352.56
-3.88	-1.25	1761.06	5291.02
-3.88	-1.25	1760.24	5390.16
-3.88	-1.25	1759.41	5534.74
-3.88	-1.25	1758.59	5370.15
-3.88	-1.25	1757.76	5390.45
-3.88	-1.25	1756.94	5498.61
-3.88	-1.25	1756.11	5470.41
-3.88	-1.25	1755.28	5414.97
-3.88	-1.25	1754.46	5377.72
-3.88	-1.25	1753.63	5352.59
-3.88	-1.25	1752.81	5590.81
-3.88	-1.25	1751.98	5489.99
-3.88	-1.25	1751.16	5377.1
-3.88	-1.25	1750.33	5345.94
-3.88	-1.25	1749.5	5514.43
-3.88	-1.25	1748.68	5498.37
-3.88	-1.25	1747.85	5473.25
-3.88	-1.25	1747.02	5372.55
-3.88	-1.25	1746.2	5583.24
-3.88	-1.25	1745.37	5527.89
-3.88	-1.25	1744.54	5608.54
-3.88	-1.25	1743.71	5556.23
-3.88	-1.25	1742.89	5509.97
-3.88	-1.25	1742.06	5623.81
-3.88	-1.25	1741.23	5628.9
-3.88	-1.25	1740.4	5564.54
-3.88	-1.25	1739.57	5418.69
-3.88	-1.25	1738.75	5755.82
-3.88	-1.25	1737.92	5721.65
-3.88	-1.25	1737.09	5826.28
-3.88	-1.25	1736.26	5692.56
-3.88	-1.25	1735.43	5552.85
-3.88	-1.25	1734.6	5684.6
-3.88	-1.25	1733.77	5813.28
-3.88	-1.25	1732.94	5730.9
-3.88	-1.25	1732.11	5729.93
-3.88	-1.25	1731.28	5644.57
-3.88	-1.25	1730.45	5869.6
-3.88	-1.25	1729.62	5862.58
-3.88	-1.25	1728.8	5771.22
-3.88	-1.25	1727.96	5679.89
-3.88	-1.25	1727.13	5853.57
-3.88	-1.25	1726.3	5629.8
-3.88	-1.25	1725.47	5806.44
-3.88	-1.25	1724.64	5709.14
-3.88	-1.25	1723.81	5675.07
-3.88	-1.25	1722.98	5956.91
-3.88	-1.25	1722.15	5886.72
-3.88	-1.25	1721.32	5789.48
-3.88	-1.25	1720.49	6020.03
-3.88	-1.25	1719.66	6076.14
-3.88	-1.25	1718.82	6168.29
-3.88	-1.25	1717.99	6022.98
-3.88	-1.25	1717.16	6088.06
-3.88	-1.25	1716.33	6159.14
-3.88	-1.25	1715.5	6182.12
-3.88	-1.25	1714.66	6169.06
-3.88	-1.25	1713.83	6080.93
-3.88	-1.25	1713.0	6061.88
-3.88	-1.25	1712.17	6219.95
-3.88	-1.25	1711.33	6341.95
-3.88	-1.25	1710.5	6250.84
-3.88	-1.25	1709.67	6054.76
-3.88	-1.25	1708.83	6152.72
-3.88	-1.25	1708.0	6388.63
-3.88	-1.25	1707.17	6333.56
-3.88	-1.25	1706.33	6317.49
-3.88	-1.25	1705.5	6235.48
-3.88	-1.25	1704.66	6501.18
-3.88	-1.25	1703.83	6539.03
-3.88	-1.25	1703.0	6576.87
-3.88	-1.25	1702.16	6431.95
-3.88	-1.25	1701.33	6589.61
-3.88	-1.25	1700.49	6765.18
-3.88	-1.25	1699.66	6823.92
-3.88	-1.25	1698.82	6765.87
-3.88	-1.25	1697.99	6926.36
-3.88	-1.25	1697.15	7110.73
-3.88	-1.25	1696.32	7271.1
-3.88	-1.25	1695.48	7180.11
-3.88	-1.25	1694.64	7080.18
-3.88	-1.25	1693.81	7533.56
-3.88	-1.25	1692.97	7971.83
-3.88	-1.25	1692.14	8128.93
-3.88	-1.25	1691.3	8085.7
-3.88	-1.25	1690.46	8159.04
-3.88	-1.25	1689.63	8608.86
-3.88	-1.25	1688.79	9070.48
-3.88	-1.25	1687.95	8910.62
-3.88	-1.25	1687.12	8852.35
-3.88	-1.25	1686.28	9101.68
-3.88	-1.25	1685.44	9425.56
-3.88	-1.25	1684.6	9361.27
-3.88	-1.25	1683.77	8909.0
-3.88	-1.25	1682.93	8919.42
-3.88	-1.25	1682.09	8944.75
-3.88	-1.25	1681.25	9005.87
-3.88	-1.25	1680.41	8679.24
-3.88	-1.25	1679.58	8358.68
-3.88	-1.25	1678.74	8401.98
-3.88	-1.25	1677.9	8603.26
-3.88	-1.25	1677.06	8402.1
-3.88	-1.25	1676.22	8236.77
-3.88	-1.25	1675.38	8351.56
-3.88	-1.25	1674.54	8427.59
-3.88	-1.25	1673.7	8545.3
-3.88	-1.25	1672.86	8296.67
-3.88	-1.25	1672.02	8262.5
-3.88	-1.25	1671.18	8463.53
-3.88	-1.25	1670.34	8822.24
-3.88	-1.25	1669.5	8725.5
-3.88	-1.25	1668.66	8700.21
-3.88	-1.25	1667.82	8942.67
-3.88	-1.25	1666.98	9250.49
-3.88	-1.25	1666.14	9367.87
-3.88	-1.25	1665.3	9077.85
-3.88	-1.25	1664.46	9168.46
-3.88	-1.25	1663.62	9559.25
-3.88	-1.25	1662.78	9578.43
-3.88	-1.25	1661.94	9529.25
-3.88	-1.25	1661.1	9343.43
-3.88	-1.25	1660.25	9187.38
-3.88	-1.25	1659.41	9554.07
-3.88	-1.25	1658.57	9602.92
-3.88	-1.25	1657.73	9206.42
-3.88	-1.25	1656.89	9175.17
-3.88	-1.25	1656.04	9316.06
-3.88	-1.25	1655.2	9465.8
-3.88	-1.25	1654.36	9232.78
-3.88	-1.25	1653.52	8976.1
-3.88	-1.25	1652.67	9030.91
-3.88	-1.25	1651.83	9189.5
-3.88	-1.25	1650.99	9306.52
-3.88	-1.25	1650.14	9067.79
-3.88	-1.25	1649.3	9081.06
-3.88	-1.25	1648.46	9334.35
-3.88	-1.25	1647.61	9474.97
-3.88	-1.25	1646.77	9283.77
-3.88	-1.25	1645.92	9092.63
-3.88	-1.25	1645.08	9262.83
-3.88	-1.25	1644.24	9403.36
-3.88	-1.25	1643.39	9345.51
-3.88	-1.25	1642.55	9441.58
-3.88	-1.25	1641.7	9469.56
-3.88	-1.25	1640.86	9497.53
-3.88	-1.25	1640.01	9720.74
-3.88	-1.25	1639.17	9541.61
-3.88	-1.25	1638.32	9608.0
-3.88	-1.25	1637.48	9955.25
-3.88	-1.25	1636.63	10207.8
-3.88	-1.25	1635.78	10274.0
-3.88	-1.25	1634.94	10041.8
-3.88	-1.25	1634.09	10229.1
-3.88	-1.25	1633.25	10646.9
-3.88	-1.25	1632.4	10562.4
-3.88	-1.25	1631.55	11027.2
-3.88	-1.25	1630.71	11007.6
-3.88	-1.25	1629.86	11492.8
-3.88	-1.25	1629.01	11635.4
-3.88	-1.25	1628.16	11665.9
-3.88	-1.25	1627.32	11607.9
-3.88	-1.25	1626.47	12219.5
-3.88	-1.25	1625.62	12415.0
-3.88	-1.25	1624.77	12410.0
-3.88	-1.25	1623.93	11968.5
-3.88	-1.25	1623.08	12119.7
-3.88	-1.25	1622.23	12671.8
-3.88	-1.25	1621.38	12478.1
-3.88	-1.25	1620.53	12299.2
-3.88	-1.25	1619.69	12126.2
-3.88	-1.25	1618.84	12418.7
-3.88	-1.25	1617.99	12896.6
-3.88	-1.25	1617.14	12664.7
-3.88	-1.25	1616.29	12577.2
-3.88	-1.25	1615.44	12895.9
-3.88	-1.25	1614.59	13199.7
-3.88	-1.25	1613.74	13730.1
-3.88	-1.25	1612.89	13510.0
-3.88	-1.25	1612.04	13540.1
-3.88	-1.25	1611.19	14302.4
-3.88	-1.25	1610.34	14491.1
-3.88	-1.25	1609.49	14782.6
-3.88	-1.25	1608.64	14489.1
-3.88	-1.25	1607.79	15397.7
-3.88	-1.25	1606.94	16015.1
-3.88	-1.25	1606.09	16362.0
-3.88	-1.25	1605.24	16279.9
-3.88	-1.25	1604.39	16823.4
-3.88	-1.25	1603.54	17466.5
-3.88	-1.25	1602.68	17983.2
-3.88	-1.25	1601.83	17748.2
-3.88	-1.25	1600.98	17918.3
-3.88	-1.25	1600.13	18704.7
-3.88	-1.25	1599.28	19435.0
-3.88	-1.25	1598.42	19041.5
-3.88	-1.25	1597.57	19196.6
-3.88	-1.25	1596.72	20061.3
-3.88	-1.25	1595.87	21013.7
-3.88	-1.25	1595.01	21276.9
-3.88	-1.25	1594.16	20933.2
-3.88	-1.25	1593.31	21070.3
-3.88	-1.25	1592.45	22101.0
-3.88	-1.25	1591.6	21965.4
-3.88	-1.25	1590.75	21677.5
-3.88	-1.25	1589.89	21050.0
-3.88	-1.25	1589.04	20823.9
-3.88	-1.25	1588.19	20899.3
-3.88	-1.25	1587.33	20284.0
-3.88	-1.25	1586.48	18919.7
-3.88	-1.25	1585.62	18767.2
-3.88	-1.25	1584.77	18687.9
-3.88	-1.25	1583.91	18363.0
-3.88	-1.25	1583.06	17842.2
-3.88	-1.25	1582.2	17426.9
-3.88	-1.25	1581.35	17988.1
-3.88	-1.25	1580.49	17736.6
-3.88	-1.25	1579.64	17564.0
-3.88	-1.25	1578.78	17137.3
-3.88	-1.25	1577.93	17593.0
-3.88	-1.25	1577.07	18285.2
-3.88	-1.25	1576.21	18156.5
-3.88	-1.25	1575.36	17937.3
-3.88	-1.25	1574.5	18226.2
-3.88	-1.25	1573.65	19017.0
-3.88	-1.25	1572.79	18818.2
-3.88	-1.25	1571.93	19095.1
-3.88	-1.25	1571.08	19045.1
-3.88	-1.25	1570.22	19934.4
-3.88	-1.25	1569.36	20289.7
-3.88	-1.25	1568.5	20160.9
-3.88	-1.25	1567.65	19807.5
-3.88	-1.25	1566.79	20766.1
-3.88	-1.25	1565.93	21042.3
-3.88	-1.25	1565.07	21694.3
-3.88	-1.25	1564.21	21338.0
-3.88	-1.25	1563.36	21908.2
-3.88	-1.25	1562.5	23218.0
-3.88	-1.25	1561.64	23796.4
-3.88	-1.25	1560.78	24179.5
-3.88	-1.25	1559.92	24676.0
-3.88	-1.25	1559.06	26909.9
-3.88	-1.25	1558.2	28322.4
-3.88	-1.25	1557.34	28431.0
-3.88	-1.25	1556.49	29610.1
-3.88	-1.25	1555.63	31370.4
-3.88	-1.25	1554.77	33115.6
-3.88	-1.25	1553.91	34057.7
-3.88	-1.25	1553.05	34897.8
-3.88	-1.25	1552.19	36859.4
-3.88	-1.25	1551.33	39764.8
-3.88	-1.25	1550.47	40623.8
-3.88	-1.25	1549.6	40657.5
-3.88	-1.25	1548.74	42088.2
-3.88	-1.25	1547.88	43948.2
-3.88	-1.25	1547.02	44448.7
-3.88	-1.25	1546.16	43628.2
-3.88	-1.25	1545.3	42633.9
-3.88	-1.25	1544.44	43772.8
-3.88	-1.25	1543.58	43887.1
-3.88	-1.25	1542.71	42780.1
-3.88	-1.25	1541.85	40951.3
-3.88	-1.25	1540.99	40816.6
-3.88	-1.25	1540.13	41215.5
-3.88	-1.25	1539.27	40376.4
-3.88	-1.25	1538.4	38778.2
-3.88	-1.25	1537.54	37113.9
-3.88	-1.25	1536.68	36287.6
-3.88	-1.25	1535.81	36035.1
-3.88	-1.25	1534.95	33610.3
-3.88	-1.25	1534.09	31603.4
-3.88	-1.25	1533.23	30717.8
-3.88	-1.25	1532.36	29864.3
-3.88	-1.25	1531.5	29592.8
-3.88	-1.25	1530.63	27726.9
-3.88	-1.25	1529.77	27250.5
-3.88	-1.25	1528.91	27057.8
-3.88	-1.25	1528.04	26419.7
-3.88	-1.25	1527.18	25547.5
-3.88	-1.25	1526.31	25005.3
-3.88	-1.25	1525.45	25232.3
-3.88	-1.25	1524.58	25488.1
-3.88	-1.25	1523.72	24905.7
-3.88	-1.25	1522.85	24326.4
-3.88	-1.25	1521.99	25217.8
-3.88	-1.25	1521.12	25300.1
-3.88	-1.25	1520.26	25339.0
-3.88	-1.25	1519.39	25063.2
-3.88	-1.25	1518.52	25203.3
-3.88	-1.25	1517.66	25819.5
-3.88	-1.25	1516.79	25985.3
-3.88	-1.25	1515.93	25966.4
-3.88	-1.25	1515.06	25690.7
-3.88	-1.25	1514.19	26635.3
-3.88	-1.25	1513.33	27161.4
-3.88	-1.25	1512.46	26084.0
-3.88	-1.25	1511.59	25531.7
-3.88	-1.25	1510.72	25832.9
-3.88	-1.25	1509.86	26194.4
-3.88	-1.25	1508.99	25619.4
-3.88	-1.25	1508.12	25015.7
-3.88	-1.25	1507.25	25129.5
-3.88	-1.25	1506.38	25421.8
-3.88	-1.25	1505.52	25267.7
-3.88	-1.25	1504.65	24621.3
-3.88	-1.25	1503.78	24642.9
-3.88	-1.25	1502.91	25151.0
-3.88	-1.25	1502.04	25258.9
-3.88	-1.25	1501.17	24702.1
-3.88	-1.25	1500.3	24433.2
-3.88	-1.25	1499.44	25412.6
-3.88	-1.25	1498.57	25238.5
-3.88	-1.25	1497.7	24943.8
-3.88	-1.25	1496.83	24318.6
-3.88	-1.25	1495.96	24279.9
-3.88	-1.25	1495.09	24678.0
-3.88	-1.25	1494.22	24820.3
-3.88	-1.25	1493.35	23606.6
-3.88	-1.25	1492.48	23619.8
-3.88	-1.25	1491.61	24190.0
-3.88	-1.25	1490.73	23752.3
-3.88	-1.25	1489.86	23128.1
-3.88	-1.25	1488.99	23009.3
-3.88	-1.25	1488.12	23450.1
-3.88	-1.25	1487.25	23692.8
-3.88	-1.25	1486.38	23109.3
-3.88	-1.25	1485.51	23177.0
-3.88	-1.25	1484.63	23204.5
-3.88	-1.25	1483.76	23114.5
-3.88	-1.25	1482.89	22993.0
-3.88	-1.25	1482.02	21960.1
-3.88	-1.25	1481.15	21979.2
-3.88	-1.25	1480.27	22284.8
-3.88	-1.25	1479.4	21633.6
-3.88	-1.25	1478.53	20862.2
-3.88	-1.25	1477.65	20552.2
-3.88	-1.25	1476.78	20786.3
-3.88	-1.25	1475.91	20396.2
-3.88	-1.25	1475.03	19496.9
-3.88	-1.25	1474.16	18972.7
-3.88	-1.25	1473.29	19249.8
-3.88	-1.25	1472.41	19149.2
-3.88	-1.25	1471.54	18565.3
-3.88	-1.25	1470.67	18173.1
-3.88	-1.25	1469.79	18144.3
-3.88	-1.25	1468.92	18478.4
-3.88	-1.25	1468.04	17726.4
-3.88	-1.25	1467.17	17520.4
-3.88	-1.25	1466.29	17223.1
-3.88	-1.25	1465.42	17131.6
-3.88	-1.25	1464.54	17094.3
-3.88	-1.25	1463.67	16660.1
-3.88	-1.25	1462.79	16226.1
-3.88	-1.25	1461.91	16734.3
-3.88	-1.25	1461.04	16403.2
-3.88	-1.25	1460.16	15958.0
-3.88	-1.25	1459.29	15216.3
-3.88	-1.25	1458.41	15561.7
-3.88	-1.25	1457.53	15253.8
-3.88	-1.25	1456.66	14774.9
-3.88	-1.25	1455.78	14618.4
-3.88	-1.25	1454.9	14419.1
-3.88	-1.25	1454.03	14359.6
-3.88	-1.25	1453.15	14468.3
-3.88	-1.25	1452.27	13716.4
-3.88	-1.25	1451.39	13833.7
-3.88	-1.25	1450.52	14090.5
-3.88	-1.25	1449.64	13752.0
-3.88	-1.25	1448.76	13419.3
-3.88	-1.25	1447.88	13340.1
-3.88	-1.25	1447.0	13500.0
-3.88	-1.25	1446.13	13361.1
-3.88	-1.25	1445.25	13208.0
-3.88	-1.25	1444.37	12924.1
-3.88	-1.25	1443.49	13194.9
-3.88	-1.25	1442.61	13283.6
-3.88	-1.25	1441.73	13087.9
-3.88	-1.25	1440.85	12861.1
-3.88	-1.25	1439.97	13137.4
-3.88	-1.25	1439.09	13157.8
-3.88	-1.25	1438.21	13436.9
-3.88	-1.25	1437.33	13454.4
-3.88	-1.25	1436.45	13596.9
-3.88	-1.25	1435.57	13972.3
-3.88	-1.25	1434.69	14185.7
-3.88	-1.25	1433.81	14069.6
-3.88	-1.25	1432.93	14376.6
-3.88	-1.25	1432.05	14907.6
-3.88	-1.25	1431.17	15444.1
-3.88	-1.25	1430.29	15228.7
-3.88	-1.25	1429.41	15155.1
-3.88	-1.25	1428.52	15609.1
-3.88	-1.25	1427.64	15796.3
-3.88	-1.25	1426.76	15697.2
-3.88	-1.25	1425.88	15674.6
-3.88	-1.25	1425.0	15703.1
-3.88	-1.25	1424.11	15788.2
-3.88	-1.25	1423.23	15598.5
-3.88	-1.25	1422.35	15281.4
-3.88	-1.25	1421.47	15052.1
-3.88	-1.25	1420.58	15295.9
-3.88	-1.25	1419.7	14891.2
-3.88	-1.25	1418.82	14537.6
-3.88	-1.25	1417.93	14184.2
-3.88	-1.25	1417.05	14770.3
-3.88	-1.25	1416.17	14317.9
-3.88	-1.25	1415.28	14026.9
-3.88	-1.25	1414.4	13690.7
-3.88	-1.25	1413.51	13665.7
-3.88	-1.25	1412.63	14025.2
-3.88	-1.25	1411.75	13593.1
-3.88	-1.25	1410.86	13432.5
-3.88	-1.25	1409.98	13500.8
-3.88	-1.25	1409.09	13857.2
-3.88	-1.25	1408.21	13767.3
-3.88	-1.25	1407.32	13330.0
-3.88	-1.25	1406.44	13519.7
-3.88	-1.25	1405.55	13511.7
-3.88	-1.25	1404.66	13650.4
-3.88	-1.25	1403.78	13360.2
-3.88	-1.25	1402.89	13245.0
-3.88	-1.25	1402.01	13513.5
-3.88	-1.25	1401.12	13367.3
-3.88	-1.25	1400.23	13551.1
-3.88	-1.25	1399.35	13602.3
-3.88	-1.25	1398.46	14068.0
-3.88	-1.25	1397.57	14119.1
-3.88	-1.25	1396.69	13851.7
-3.88	-1.25	1395.8	13939.5
-3.88	-1.25	1394.91	14449.8
-3.88	-1.25	1394.02	14827.5
-3.88	-1.25	1393.14	14858.7
-3.88	-1.25	1392.25	14980.0
-3.88	-1.25	1391.36	15098.5
-3.88	-1.25	1390.47	15653.2
-3.88	-1.25	1389.58	15670.2
-3.88	-1.25	1388.7	15357.9
-3.88	-1.25	1387.81	15673.2
-3.88	-1.25	1386.92	16053.0
-3.88	-1.25	1386.03	16162.7
-3.88	-1.25	1385.14	15847.7
-3.88	-1.25	1384.25	16154.2
-3.88	-1.25	1383.36	16977.8
-3.88	-1.25	1382.47	17073.2
-3.88	-1.25	1381.58	17207.9
-3.88	-1.25	1380.69	17629.2
-3.88	-1.25	1379.8	18429.4
-3.88	-1.25	1378.91	18732.3
-3.88	-1.25	1378.02	18375.3
-3.88	-1.25	1377.13	18624.7
-3.88	-1.25	1376.24	18716.9
-3.88	-1.25	1375.35	18870.8
-3.88	-1.25	1374.46	18564.5
-3.88	-1.25	1373.57	18176.9
-3.88	-1.25	1372.68	18597.3
-3.88	-1.25	1371.78	18327.6
-3.88	-1.25	1370.89	18086.1
-3.88	-1.25	1370.0	17740.9
-3.88	-1.25	1369.11	17698.5
-3.88	-1.25	1368.22	17740.3
-3.88	-1.25	1367.33	17591.5
-3.88	-1.25	1366.43	17196.2
-3.88	-1.25	1365.54	17069.9
-3.88	-1.25	1364.65	17565.5
-3.88	-1.25	1363.76	17464.4
-3.88	-1.25	1362.86	16901.4
-3.88	-1.25	1361.97	17251.2
-3.88	-1.25	1361.08	17740.7
-3.88	-1.25	1360.18	17846.8
-3.88	-1.25	1359.29	17692.6
-3.88	-1.25	1358.4	17952.4
-3.88	-1.25	1357.5	18757.5
-3.88	-1.25	1356.61	19442.1
-3.88	-1.25	1355.71	19346.5
-3.88	-1.25	1354.82	20150.9
-3.88	-1.25	1353.92	21061.3
-3.88	-1.25	1353.03	21879.1
-3.88	-1.25	1352.13	21598.7
-3.88	-1.25	1351.24	21547.4
-3.88	-1.25	1350.34	21683.3
-3.88	-1.25	1349.45	22486.5
-3.88	-1.25	1348.55	22049.9
-3.88	-1.25	1347.66	21507.3
-3.88	-1.25	1346.76	21609.6
-3.88	-1.25	1345.87	21728.6
-3.88	-1.25	1344.97	21627.1
-3.88	-1.25	1344.07	20733.5
-3.88	-1.25	1343.18	20674.1
-3.88	-1.25	1342.28	20963.3
-3.88	-1.25	1341.38	20393.7
-3.88	-1.25	1340.49	20091.9
-3.88	-1.25	1339.59	19976.9
-3.88	-1.25	1338.69	20405.3
-3.88	-1.25	1337.8	20596.7
-3.88	-1.25	1336.9	19902.3
-3.88	-1.25	1336.0	19865.4
-3.88	-1.25	1335.1	20126.5
-3.88	-1.25	1334.2	20262.1
-3.88	-1.25	1333.31	19930.1
-3.88	-1.25	1332.41	19851.5
-3.88	-1.25	1331.51	20418.5
-3.88	-1.25	1330.61	20503.9
-3.88	-1.25	1329.71	19888.4
-3.88	-1.25	1328.81	19935.0
-3.88	-1.25	1327.91	20682.2
-3.88	-1.25	1327.02	20917.7
-3.88	-1.25	1326.12	20902.9
-3.88	-1.25	1325.22	20326.8
-3.88	-1.25	1324.32	20698.3
-3.88	-1.25	1323.42	21008.6
-3.88	-1.25	1322.52	20346.6
-3.88	-1.25	1321.62	19804.3
-3.88	-1.25	1320.72	19337.1
-3.88	-1.25	1319.82	19675.2
-3.88	-1.25	1318.91	18728.0
-3.88	-1.25	1318.01	18075.3
-3.88	-1.25	1317.11	17703.1
-3.88	-1.25	1316.21	17566.8
-3.88	-1.25	1315.31	17097.8
-3.88	-1.25	1314.41	16376.5
-3.88	-1.25	1313.51	16240.5
-3.88	-1.25	1312.61	16478.9
-3.88	-1.25	1311.7	16063.0
-3.88	-1.25	1310.8	15519.7
-3.88	-1.25	1309.9	15361.8
-3.88	-1.25	1309.0	15245.6
-3.88	-1.25	1308.09	15434.0
-3.88	-1.25	1307.19	14642.0
-3.88	-1.25	1306.29	14783.4
-3.88	-1.25	1305.39	14877.7
-3.88	-1.25	1304.48	14689.7
-3.88	-1.25	1303.58	14756.3
-3.88	-1.25	1302.68	14443.8
-3.88	-1.25	1301.77	14911.6
-3.88	-1.25	1300.87	15097.0
-3.88	-1.25	1299.96	15066.7
-3.88	-1.25	1299.06	15019.9
-3.88	-1.25	1298.16	15548.0
-3.88	-1.25	1297.25	15865.9
-3.88	-1.25	1296.35	15578.5
-3.88	-1.25	1295.44	15379.6
-3.88	-1.25	1294.54	15918.4
-3.88	-1.25	1293.63	16050.9
-3.88	-1.25	1292.73	15622.8
-3.88	-1.25	1291.82	15150.7
-3.88	-1.25	1290.92	15379.9
-3.88	-1.25	1290.01	15484.8
-3.88	-1.25	1289.1	15258.6
-3.88	-1.25	1288.2	14853.1
-3.88	-1.25	1287.29	14646.3
-3.88	-1.25	1286.39	14665.8
-3.88	-1.25	1285.48	14599.8
-3.88	-1.25	1284.57	14277.4
-3.88	-1.25	1283.67	14021.2
-3.88	-1.25	1282.76	14013.3
-3.88	-1.25	1281.85	14203.7
-3.88	-1.25	1280.94	13887.1
-3.88	-1.25	1280.04	13948.0
-3.88	-1.25	1279.13	14064.0
-3.88	-1.25	1278.22	14207.5
-3.88	-1.25	1277.31	14028.8
-3.88	-1.25	1276.41	13861.1
-3.88	-1.25	1275.5	14326.6
-3.88	-1.25	1274.59	14296.6
-3.88	-1.25	1273.68	14123.5
-3.88	-1.25	1272.77	13980.7
-3.88	-1.25	1271.86	14008.5
-3.88	-1.25	1270.95	14393.8
-3.88	-1.25	1270.04	13976.1
-3.88	-1.25	1269.13	13720.7
-3.88	-1.25	1268.23	14004.2
-3.88	-1.25	1267.32	13977.0
-3.88	-1.25	1266.41	13474.4
-3.88	-1.25	1265.5	13255.0
-3.88	-1.25	1264.59	13758.1
-3.88	-1.25	1263.67	13978.1
-3.88	-1.25	1262.76	13695.6
-3.88	-1.25	1261.85	13569.6
-3.88	-1.25	1260.94	13882.9
-3.88	-1.25	1260.03	14390.9
-3.88	-1.25	1259.12	14070.1
-3.88	-1.25	1258.21	13815.2
-3.88	-1.25	1257.3	14336.7
-3.88	-1.25	1256.39	15038.9
-3.88	-1.25	1255.47	14967.7
-3.88	-1.25	1254.56	14866.4
-3.88	-1.25	1253.65	15403.7
-3.88	-1.25	1252.74	15705.2
-3.88	-1.25	1251.83	15598.3
-3.88	-1.25	1250.91	15187.4
-3.88	-1.25	1250.0	15321.7
-3.88	-1.25	1249.09	15655.8
-3.88	-1.25	1248.17	15622.9
-3.88	-1.25	1247.26	15028.9
-3.88	-1.25	1246.35	15061.8
-3.88	-1.25	1245.43	15165.9
-3.88	-1.25	1244.52	14878.7
-3.88	-1.25	1243.61	14651.7
-3.88	-1.25	1242.69	14520.6
-3.88	-1.25	1241.78	14734.1
-3.88	-1.25	1240.86	14870.9
-3.88	-1.25	1239.95	14466.5
-3.88	-1.25	1239.03	14297.2
-3.88	-1.25	1238.12	14931.4
-3.88	-1.25	1237.2	15049.0
-3.88	-1.25	1236.29	14871.5
-3.88	-1.25	1235.37	14598.5
-3.88	-1.25	1234.46	14869.0
-3.88	-1.25	1233.54	14975.6
-3.88	-1.25	1232.63	14590.8
-3.88	-1.25	1231.71	14203.4
-3.88	-1.25	1230.8	14004.4
-3.88	-1.25	1229.88	14072.8
-3.88	-1.25	1228.96	13565.7
-3.88	-1.25	1228.05	13522.4
-3.88	-1.25	1227.13	13847.2
-3.88	-1.25	1226.21	13760.3
-3.88	-1.25	1225.3	13689.7
-3.88	-1.25	1224.38	13422.9
-3.88	-1.25	1223.46	14003.7
-3.88	-1.25	1222.54	14314.5
-3.88	-1.25	1221.63	13968.8
-3.88	-1.25	1220.71	14029.0
-3.88	-1.25	1219.79	14187.2
-3.88	-1.25	1218.87	14443.3
-3.88	-1.25	1217.95	14331.9
-3.88	-1.25	1217.03	13991.9
-3.88	-1.25	1216.12	14076.5
-3.88	-1.25	1215.2	14193.7
-3.88	-1.25	1214.28	13951.8
-3.88	-1.25	1213.36	13462.5
-3.88	-1.25	1212.44	13645.0
-3.88	-1.25	1211.52	13718.8
-3.88	-1.25	1210.6	13278.7
-3.88	-1.25	1209.68	13211.1
-3.88	-1.25	1208.76	13072.9
-3.88	-1.25	1207.84	13326.0
-3.88	-1.25	1206.92	12921.6
-3.88	-1.25	1206.0	12764.5
-3.88	-1.25	1205.08	12841.0
-3.88	-1.25	1204.16	13091.2
-3.88	-1.25	1203.24	12915.2
-3.88	-1.25	1202.31	12728.4
-3.88	-1.25	1201.39	13024.6
-3.88	-1.25	1200.47	13193.2
-3.88	-1.25	1199.55	13302.1
-3.88	-1.25	1198.63	13242.8
-3.88	-1.25	1197.71	13628.2
-3.88	-1.25	1196.78	13997.2
-3.88	-1.25	1195.86	13878.2
-3.88	-1.25	1194.94	13718.6
-3.88	-1.25	1194.02	14030.4
-3.88	-1.25	1193.09	14407.2
-3.88	-1.25	1192.17	14456.2
-3.88	-1.25	1191.25	14052.8
-3.88	-1.25	1190.32	14480.8
-3.88	-1.25	1189.4	14730.0
-3.88	-1.25	1188.48	14256.5
-3.88	-1.25	1187.55	13964.4
-3.88	-1.25	1186.63	14281.2
-3.88	-1.25	1185.71	14321.9
-3.88	-1.25	1184.78	14587.2
-3.88	-1.25	1183.86	14233.0
-3.88	-1.25	1182.93	14322.5
-3.88	-1.25	1182.01	14863.3
-3.88	-1.25	1181.08	14344.4
-3.88	-1.25	1180.16	14255.4
-3.88	-1.25	1179.23	14282.6
-3.88	-1.25	1178.31	14760.9
-3.88	-1.25	1177.38	14488.2
-3.88	-1.25	1176.46	14053.6
-3.88	-1.25	1175.53	13881.0
-3.88	-1.25	1174.6	14264.6
-3.88	-1.25	1173.68	14216.1
-3.88	-1.25	1172.75	13547.1
-3.88	-1.25	1171.82	13528.5
-3.88	-1.25	1170.9	13555.8
-3.88	-1.25	1169.97	13593.8
-3.88	-1.25	1169.04	12752.7
-3.88	-1.25	1168.12	12704.6
-3.88	-1.25	1167.19	12969.3
-3.88	-1.25	1166.26	13012.8
-3.88	-1.25	1165.33	12652.1
-3.88	-1.25	1164.41	12598.6
-3.88	-1.25	1163.48	12930.4
-3.88	-1.25	1162.55	12957.8
-3.88	-1.25	1161.62	12775.1
-3.88	-1.25	1160.69	12713.6
-3.88	-1.25	1159.76	12969.7
-3.88	-1.25	1158.84	13311.9
-3.88	-1.25	1157.91	12908.6
-3.88	-1.25	1156.98	13022.0
-3.88	-1.25	1156.05	13579.2
-3.88	-1.25	1155.12	13485.4
-3.88	-1.25	1154.19	13058.1
-3.88	-1.25	1153.26	12840.7
-3.88	-1.25	1152.33	13061.6
-3.88	-1.25	1151.4	12828.1
-3.88	-1.25	1150.47	12729.1
-3.88	-1.25	1149.54	12536.1
-3.88	-1.25	1148.61	12429.1
-3.88	-1.25	1147.68	12480.6
-3.88	-1.25	1146.75	12201.8
-3.88	-1.25	1145.81	11901.6
-3.88	-1.25	1144.88	12374.6
-3.88	-1.25	1143.95	12088.0
-3.88	-1.25	1143.02	12139.5
-3.88	-1.25	1142.09	12072.9
-3.88	-1.25	1141.16	11917.9
-3.88	-1.25	1140.22	12108.9
-3.88	-1.25	1139.29	11532.9
-3.88	-1.25	1138.36	11482.6
-3.88	-1.25	1137.43	11598.5
-3.88	-1.25	1136.49	11749.2
-3.88	-1.25	1135.56	11468.4
-3.88	-1.25	1134.63	11337.8
-3.88	-1.25	1133.69	11432.2
-3.88	-1.25	1132.76	11317.7
-3.88	-1.25	1131.83	11283.6
-3.88	-1.25	1130.89	11420.8
-3.88	-1.25	1129.96	11619.5
-3.88	-1.25	1129.02	11716.5
-3.88	-1.25	1128.09	11548.5
-3.88	-1.25	1127.16	11586.5
-3.88	-1.25	1126.22	12066.0
-3.88	-1.25	1125.29	12029.0
-3.88	-1.25	1124.35	12037.6
-3.88	-1.25	1123.42	11904.5
-3.88	-1.25	1122.48	12183.0
-3.88	-1.25	1121.55	12220.9
-3.88	-1.25	1120.61	11708.4
-3.88	-1.25	1119.67	11500.6
-3.88	-1.25	1118.74	11733.6
-3.88	-1.25	1117.8	11691.5
-3.88	-1.25	1116.87	10949.8
-3.88	-1.25	1115.93	10801.0
-3.88	-1.25	1114.99	10913.9
-3.88	-1.25	1114.06	10770.5
-3.88	-1.25	1113.12	10365.7
-3.88	-1.25	1112.18	10078.4
-3.88	-1.25	1111.24	10183.3
-3.88	-1.25	1110.31	10154.8
-3.88	-1.25	1109.37	9646.44
-3.88	-1.25	1108.43	9564.75
-3.88	-1.25	1107.49	9605.69
-3.88	-1.25	1106.55	9827.82
-3.88	-1.25	1105.62	9277.22
-3.88	-1.25	1104.68	9208.97
-3.88	-1.25	1103.74	9529.6
-3.88	-1.25	1102.8	9487.96
-3.88	-1.25	1101.86	9020.35
-3.88	-1.25	1100.92	9300.91
-3.88	-1.25	1099.98	9419.02
-3.88	-1.25	1099.04	9297.6
-3.88	-1.25	1098.1	8952.73
-3.88	-1.25	1097.16	9097.44
-3.88	-1.25	1096.22	9279.33
-3.88	-1.25	1095.28	8993.15
-3.88	-1.25	1094.34	8879.89
-3.88	-1.25	1093.4	8891.6
-3.88	-1.25	1092.46	9081.37
-3.88	-1.25	1091.52	9002.69
-3.88	-1.25	1090.58	8924.04
-3.88	-1.25	1089.64	8877.29
-3.88	-1.25	1088.7	9050.99
-3.88	-1.25	1087.76	9012.21
-3.88	-1.25	1086.81	8962.81
-3.88	-1.25	1085.87	9128.44
-3.88	-1.25	1084.93	9649.63
-3.88	-1.25	1083.99	9584.23
-3.88	-1.25	1083.05	9648.85
-3.88	-1.25	1082.1	9944.21
-3.88	-1.25	1081.16	10398.6
-3.88	-1.25	1080.22	10282.7
-3.88	-1.25	1079.28	10190.7
-3.88	-1.25	1078.33	10265.8
-3.88	-1.25	1077.39	10274.6
-3.88	-1.25	1076.45	9896.47
-3.88	-1.25	1075.5	9545.01
-3.88	-1.25	1074.56	9508.88
-3.88	-1.25	1073.61	9525.72
-3.88	-1.25	1072.67	9134.8
-3.88	-1.25	1071.73	8871.09
-3.88	-1.25	1070.78	8914.5
-3.88	-1.25	1069.84	9204.01
-3.88	-1.25	1068.89	8990.69
-3.88	-1.25	1067.95	8774.81
-3.88	-1.25	1067.0	8961.03
-3.88	-1.25	1066.06	9147.19
-3.88	-1.25	1065.11	9211.66
-3.88	-1.25	1064.16	9191.51
-3.88	-1.25	1063.22	9520.25
-3.88	-1.25	1062.27	10144.8
-3.88	-1.25	1061.33	10174.7
-3.88	-1.25	1060.38	10312.9
-3.88	-1.25	1059.43	10918.5
-3.88	-1.25	1058.49	11450.0
-3.88	-1.25	1057.54	11207.7
-3.88	-1.25	1056.59	11168.7
-3.88	-1.25	1055.65	11198.4
-3.88	-1.25	1054.7	11265.0
-3.88	-1.25	1053.75	10711.6
-3.88	-1.25	1052.8	10319.3
-3.88	-1.25	1051.85	10201.4
-3.88	-1.25	1050.91	10167.9
-3.88	-1.25	1049.96	10129.2
-3.88	-1.25	1049.01	9407.78
-3.88	-1.25	1048.06	9648.56
-3.88	-1.25	1047.11	9465.02
-3.88	-1.25	1046.16	9004.92
-3.88	-1.25	1045.21	8792.58
-3.88	-1.25	1044.27	8885.82
-3.88	-1.25	1043.32	9221.27
-3.88	-1.25	1042.37	8927.39
-3.88	-1.25	1041.42	8588.87
-3.88	-1.25	1040.47	8779.45
-3.88	-1.25	1039.52	8772.62
-3.88	-1.25	1038.57	8678.97
-3.88	-1.25	1037.62	8548.54
-3.88	-1.25	1036.67	8841.55
-3.88	-1.25	1035.71	8745.31
-3.88	-1.25	1034.76	8680.65
-3.88	-1.25	1033.81	8734.3
-3.88	-1.25	1032.86	8806.31
-3.88	-1.25	1031.91	8631.32
-3.88	-1.25	1030.96	8477.41
-3.88	-1.25	1030.01	8591.46
-3.88	-1.25	1029.05	8697.59
-3.88	-1.25	1028.1	8559.5
-3.88	-1.25	1027.15	8190.45
-3.88	-1.25	1026.2	8708.67
-3.88	-1.25	1025.24	8707.11
-3.88	-1.25	1024.29	8524.51
-3.88	-1.25	1023.34	8208.2
-3.88	-1.25	1022.39	8500.48
-3.88	-1.25	1021.43	8753.32
-3.88	-1.25	1020.48	8481.7
-3.88	-1.25	1019.52	8509.02
-3.88	-1.25	1018.57	8612.33
-3.88	-1.25	1017.62	8794.22
-3.88	-1.25	1016.66	8501.82
-3.88	-1.25	1015.71	8534.35
-3.88	-1.25	1014.75	8831.4
-3.88	-1.25	1013.8	8890.04
-3.88	-1.25	1012.84	8809.9
-3.88	-1.25	1011.89	8844.97
-3.88	-1.25	1010.93	8895.73
-3.88	-1.25	1009.98	9163.65
-3.88	-1.25	1009.02	8960.56
-3.88	-1.25	1008.07	8851.71
-3.88	-1.25	1007.11	9043.65
-3.88	-1.25	1006.16	9159.7
-3.88	-1.25	1005.2	8841.72
-3.88	-1.25	1004.24	8531.69
-3.88	-1.25	1003.29	8997.96
-3.88	-1.25	1002.33	9106.09
-3.88	-1.25	1001.37	8783.13
-3.88	-1.25	1000.41	8755.43
-3.88	-1.25	999.4580000000001	8887.05
-3.88	-1.25	998.5	8767.96
-3.88	-1.25	997.543	8565.37
-3.88	-1.25	996.585	8425.49
-3.88	-1.25	995.627	8911.99
-3.88	-1.25	994.669	8633.81
-3.88	-1.25	993.71	8381.83
-3.88	-1.25	992.752	8304.68
-3.88	-1.25	991.793	8655.24
-3.88	-1.25	990.834	8596.33
-3.88	-1.25	989.875	8571.32
-3.88	-1.25	988.916	8627.12
-3.88	-1.25	987.957	9037.31
-3.88	-1.25	986.997	8790.77
-3.88	-1.25	986.0369999999999	8942.89
-3.88	-1.25	985.078	9219.96
-3.88	-1.25	984.118	9265.18
-3.88	-1.25	983.1569999999999	9109.91
-3.88	-1.25	982.197	8975.51
-3.88	-1.25	981.2360000000001	9270.6
-3.88	-1.25	980.2760000000001	9477.11
-3.88	-1.25	979.315	9314.1
-3.88	-1.25	978.3539999999999	9041.9
-3.88	-1.25	977.3919999999999	9539.62
-3.88	-1.25	976.431	9582.11
-3.88	-1.25	975.4689999999999	9463.39
-3.88	-1.25	974.508	9342.12
-3.88	-1.25	973.546	9732.88
-3.88	-1.25	972.584	9894.83
-3.88	-1.25	971.6210000000001	9744.96
-3.88	-1.25	970.659	9561.39
-3.88	-1.25	969.696	10006.4
-3.88	-1.25	968.7330000000001	10043.5
-3.88	-1.25	967.77	9634.11
-3.88	-1.25	966.807	9728.42
-3.88	-1.25	965.8439999999999	9853.83
-3.88	-1.25	964.88	9571.83
-3.88	-1.25	963.9169999999999	9326.25
-3.88	-1.25	962.953	9368.67
-3.88	-1.25	961.9889999999999	9507.02
-3.88	-1.25	961.025	9567.54
-3.88	-1.25	960.06	9208.07
-3.88	-1.25	959.096	9211.6
-3.88	-1.25	958.1310000000001	9570.15
-3.88	-1.25	957.166	9583.97
-3.88	-1.25	956.201	9092.64
-3.88	-1.25	955.2360000000001	9350.01
-3.88	-1.25	954.27	9451.91
-3.88	-1.25	953.305	9385.48
-3.88	-1.25	952.3389999999999	9091.27
-3.88	-1.25	951.373	9234.57
-3.88	-1.25	950.4069999999999	9406.29
-3.88	-1.25	949.441	9166.57
-3.88	-1.25	948.4739999999999	8901.06
-3.88	-1.25	947.508	9111.54
-3.88	-1.25	946.541	9218.5
-3.88	-1.25	945.574	8885.91
-3.88	-1.25	944.607	9016.14
-3.88	-1.25	943.6389999999999	8986.09
-3.88	-1.25	942.672	9095.58
-3.88	-1.25	941.704	8954.43
-3.88	-1.25	940.7360000000001	9102.64
-3.88	-1.25	939.768	9397.99
-3.88	-1.25	938.8	9595.12
-3.88	-1.25	937.832	9423.0
-3.88	-1.25	936.863	9648.45
-3.88	-1.25	935.8939999999999	9817.03
-3.88	-1.25	934.926	9761.08
-3.88	-1.25	933.956	9712.88
-3.88	-1.25	932.987	9646.65
-3.88	-1.25	932.018	9789.33
-3.88	-1.25	931.048	9521.99
-3.88	-1.25	930.078	9386.22
-3.88	-1.25	929.1080000000001	9454.12
-3.88	-1.25	928.138	9465.29
-3.88	-1.25	927.168	9136.37
-3.88	-1.25	926.198	9114.11
-3.88	-1.25	925.227	9179.43
-3.88	-1.25	924.2560000000001	9455.89
-3.88	-1.25	923.285	9389.82
-3.88	-1.25	922.314	9298.03
-3.88	-1.25	921.3430000000001	9654.1
-3.88	-1.25	920.3710000000001	9881.38
-3.88	-1.25	919.3989999999999	9982.51
-3.88	-1.25	918.427	10346.0
-3.88	-1.25	917.455	10858.5
-3.88	-1.25	916.4830000000001	11278.2
-3.88	-1.25	915.5110000000001	11584.7
-3.88	-1.25	914.538	12541.4
-3.88	-1.25	913.565	13749.6
-3.88	-1.25	912.5930000000001	14484.6
-3.88	-1.25	911.6189999999999	14821.1
-3.88	-1.25	910.6460000000001	15309.1
-3.88	-1.25	909.673	16061.3
-3.88	-1.25	908.699	15755.4
-3.88	-1.25	907.725	15200.6
-3.88	-1.25	906.7510000000001	15105.5
-3.88	-1.25	905.7769999999999	14792.2
-3.88	-1.25	904.803	14512.4
-3.88	-1.25	903.828	13786.4
-3.88	-1.25	902.8539999999999	14309.7
-3.88	-1.25	901.8789999999999	14060.9
-3.88	-1.25	900.904	13330.2
-3.88	-1.25	899.928	12909.9
-3.88	-1.25	898.953	13066.5
-3.88	-1.25	897.977	12925.8
-3.88	-1.25	897.002	12564.7
-3.88	-1.25	896.0260000000001	12270.4
-3.88	-1.25	895.05	12665.2
-3.88	-1.25	894.073	12621.9
-3.88	-1.25	893.097	12297.1
-3.88	-1.25	892.12	12445.9
-3.88	-1.25	891.1439999999999	12981.1
-3.88	-1.25	890.1669999999999	12564.2
-3.88	-1.25	889.189	12449.4
-3.88	-1.25	888.212	12539.2
-3.88	-1.25	887.235	12951.2
-3.88	-1.25	886.257	12833.8
-3.88	-1.25	885.279	12795.7
-3.88	-1.25	884.301	13112.9
-3.88	-1.25	883.323	13353.3
-3.88	-1.25	882.3439999999999	13312.6
-3.88	-1.25	881.3660000000001	13425.1
-3.88	-1.25	880.387	14023.0
-3.88	-1.25	879.408	13808.5
-3.88	-1.25	878.429	13397.4
-3.88	-1.25	877.45	12874.2
-3.88	-1.25	876.47	12537.5
-3.88	-1.25	875.4910000000001	12193.3
-3.88	-1.25	874.5110000000001	11300.6
-3.88	-1.25	873.5310000000001	10765.4
-3.88	-1.25	872.551	10250.8
-3.88	-1.25	871.57	10009.2
-3.88	-1.25	870.59	9788.11
-3.88	-1.25	869.6089999999999	9225.51
-3.88	-1.25	868.628	9494.01
-3.88	-1.25	867.6469999999999	9028.5
-3.88	-1.25	866.666	8879.1
-3.88	-1.25	865.684	8920.79
-3.88	-1.25	864.703	8995.58
-3.88	-1.25	863.721	8909.92
-3.88	-1.25	862.7389999999999	8592.6
-3.88	-1.25	861.757	8812.5
-3.88	-1.25	860.775	8546.22
-3.88	-1.25	859.7919999999999	8473.43
-3.88	-1.25	858.81	8532.95
-3.88	-1.25	857.827	8663.67
-3.88	-1.25	856.8439999999999	8880.81
-3.88	-1.25	855.86	8551.19
-3.88	-1.25	854.877	8702.18
-3.88	-1.25	853.8939999999999	9023.41
-3.88	-1.25	852.91	8981.11
-3.88	-1.25	851.926	8943.91
-3.88	-1.25	850.942	9115.03
-3.88	-1.25	849.9580000000001	9316.58
-3.88	-1.25	848.9730000000001	9114.27
-3.88	-1.25	847.988	9262.42
-3.88	-1.25	847.0039999999999	9349.58
-3.88	-1.25	846.0189999999999	9378.35
-3.88	-1.25	845.034	9237.07
-3.88	-1.25	844.048	9440.91
-3.88	-1.25	843.063	9566.03
-3.88	-1.25	842.077	9625.17
-3.88	-1.25	841.091	9577.77
-3.88	-1.25	840.105	9370.67
-3.88	-1.25	839.1189999999999	9647.81
-3.88	-1.25	838.132	9739.83
-3.88	-1.25	837.1460000000001	9243.94
-3.88	-1.25	836.159	9277.73
-3.88	-1.25	835.172	9506.55
-3.88	-1.25	834.185	9173.05
-3.88	-1.25	833.198	8882.72
-3.88	-1.25	832.21	9033.01
-3.88	-1.25	831.222	9246.52
-3.88	-1.25	830.235	9004.42
-3.88	-1.25	829.247	8785.18
-3.88	-1.25	828.258	8720.34
-3.88	-1.25	827.27	8723.81
-3.88	-1.25	826.2810000000001	8560.37
-3.88	-1.25	825.293	8187.13
-3.88	-1.25	824.304	8516.81
-3.88	-1.25	823.315	8530.43
-3.88	-1.25	822.325	8068.95
-3.88	-1.25	821.336	8529.86
-3.88	-1.25	820.346	8649.56
-3.88	-1.25	819.3560000000001	8413.1
-3.88	-1.25	818.3660000000001	8371.16
-3.88	-1.25	817.3760000000001	8528.7
-3.88	-1.25	816.3860000000001	8799.78
-3.88	-1.25	815.395	8558.41
-3.88	-1.25	814.405	8443.3
-3.88	-1.25	813.414	8509.88
-3.88	-1.25	812.423	8619.32
-3.88	-1.25	811.431	8413.47
-3.88	-1.25	810.44	8469.94
-3.88	-1.25	809.448	8428.06
-3.88	-1.25	808.456	8439.13
-3.88	-1.25	807.4639999999999	8193.13
-3.88	-1.25	806.472	8098.41
-3.88	-1.25	805.48	8416.88
-3.88	-1.25	804.487	8546.33
-3.88	-1.25	803.495	8396.19
-3.88	-1.25	802.502	8654.01
-3.88	-1.25	801.5089999999999	8911.73
-3.88	-1.25	800.5160000000001	8814.46
-3.88	-1.25	799.5219999999999	8666.89
-3.88	-1.25	798.528	8989.89
-3.88	-1.25	797.535	8832.28
-3.88	-1.25	796.541	8689.83
-3.88	-1.25	795.547	8547.42
-3.88	-1.25	794.552	8711.8
-3.88	-1.25	793.558	8443.76
-3.88	-1.25	792.563	8216.02
-3.88	-1.25	791.568	8500.99
-3.88	-1.25	790.573	8821.02
-3.88	-1.25	789.578	8608.41
-3.88	-1.25	788.582	8732.42
-3.88	-1.25	787.587	8612.81
-3.88	-1.25	786.591	8997.87
-3.88	-1.25	785.595	8828.05
-3.88	-1.25	784.5989999999999	8766.21
-3.88	-1.25	783.602	8915.16
-3.88	-1.25	782.6060000000001	9219.6
-3.88	-1.25	781.6089999999999	8984.65
-3.88	-1.25	780.612	9100.88
-3.88	-1.25	779.615	9287.27
-3.88	-1.25	778.618	9330.7
-3.88	-1.25	777.6210000000001	9153.55
-3.88	-1.25	776.623	9202.0
-3.88	-1.25	775.625	9586.17
-3.88	-1.25	774.627	9341.43
-3.88	-1.25	773.6289999999999	9299.65
-3.88	-1.25	772.6310000000001	9500.79
-3.88	-1.25	771.632	9549.13
-3.88	-1.25	770.6339999999999	9166.9
-3.88	-1.25	769.635	9062.61
-3.88	-1.25	768.6360000000001	9206.09
-3.88	-1.25	767.6360000000001	9256.95
-3.88	-1.25	766.637	9140.19
-3.88	-1.25	765.637	8958.45
-3.88	-1.25	764.637	9264.38
-3.88	-1.25	763.638	9292.69
-3.88	-1.25	762.637	9106.02
-3.88	-1.25	761.637	9399.26
-3.88	-1.25	760.6360000000001	9544.96
-3.88	-1.25	759.6360000000001	9475.77
-3.88	-1.25	758.635	9196.79
-3.88	-1.25	757.6339999999999	9479.8
-3.88	-1.25	756.633	9727.75
-3.88	-1.25	755.6310000000001	9571.2
-3.88	-1.25	754.6289999999999	9234.99
-3.88	-1.25	753.628	9976.96
-3.88	-1.25	752.6260000000001	10122.3
-3.88	-1.25	751.623	10065.6
-3.88	-1.25	750.6210000000001	10697.3
-3.88	-1.25	749.6189999999999	11642.9
-3.88	-1.25	748.6160000000001	12109.5
-3.88	-1.25	747.613	12730.5
-3.88	-1.25	746.61	13819.8
-3.88	-1.25	745.607	14300.7
-3.88	-1.25	744.6030000000001	14210.9
-3.88	-1.25	743.5989999999999	13812.2
-3.88	-1.25	742.596	13488.4
-3.88	-1.25	741.592	12813.6
-3.88	-1.25	740.587	11583.9
-3.88	-1.25	739.5830000000001	10623.5
-3.88	-1.25	738.579	10519.5
-3.88	-1.25	737.574	10114.5
-3.88	-1.25	736.569	9734.53
-3.88	-1.25	735.564	9996.41
-3.88	-1.25	734.558	10041.8
-3.88	-1.25	733.553	9868.43
-3.88	-1.25	732.547	9595.66
-3.88	-1.25	731.541	9830.02
-3.88	-1.25	730.535	10119.0
-3.88	-1.25	729.529	9418.95
-3.88	-1.25	728.523	9658.19
-3.88	-1.25	727.5160000000001	9512.37
-3.88	-1.25	726.5089999999999	9595.05
-3.88	-1.25	725.503	9476.61
-3.88	-1.25	724.495	9735.51
-3.88	-1.25	723.488	10240.0
-3.88	-1.25	722.4810000000001	10094.2
-3.88	-1.25	721.4730000000001	9846.77
-3.88	-1.25	720.465	10006.2
-3.88	-1.25	719.457	10336.7
-3.88	-1.25	718.449	10143.9
-3.88	-1.25	717.44	10392.4
-3.88	-1.25	716.432	11010.2
-3.88	-1.25	715.423	11622.7
-3.88	-1.25	714.414	11566.1
-3.88	-1.25	713.405	11673.0
-3.88	-1.25	712.395	11732.7
-3.88	-1.25	711.3860000000001	11143.7
-3.88	-1.25	710.3760000000001	10730.6
-3.88	-1.25	709.3660000000001	10483.6
-3.88	-1.25	708.3560000000001	10479.2
-3.88	-1.25	707.346	10004.6
-3.88	-1.25	706.335	9532.73
-3.88	-1.25	705.325	9765.98
-3.88	-1.25	704.314	9835.92
-3.88	-1.25	703.303	9866.26
-3.88	-1.25	702.2919999999999	9933.67
-3.88	-1.25	701.28	10169.1
-3.88	-1.25	700.2689999999999	10100.6
-3.88	-1.25	699.257	9490.85
-3.88	-1.25	698.245	9513.81
-3.88	-1.25	697.2330000000001	9724.49
-3.88	-1.25	696.22	9315.23
-3.88	-1.25	695.2080000000001	9140.68
-3.88	-1.25	694.195	9375.99
-3.88	-1.25	693.182	9505.09
-3.88	-1.25	692.169	9115.9
-3.88	-1.25	691.1560000000001	9020.47
-3.88	-1.25	690.143	8754.86
-3.88	-1.25	689.1289999999999	8627.47
-3.88	-1.25	688.115	8426.14
-3.88	-1.25	687.1010000000001	8750.04
-3.88	-1.25	686.087	8726.25
-3.88	-1.25	685.073	8736.97
-3.88	-1.25	684.058	8545.63
-3.88	-1.25	683.043	8896.36
-3.88	-1.25	682.028	8897.19
-3.88	-1.25	681.013	8792.12
-3.88	-1.25	679.998	8736.33
-3.88	-1.25	678.9830000000001	9204.95
-3.88	-1.25	677.967	9439.55
-3.88	-1.25	676.951	9277.85
-3.88	-1.25	675.935	9588.63
-3.88	-1.25	674.919	9724.64
-3.88	-1.25	673.9019999999999	9444.91
-3.88	-1.25	672.8860000000001	9226.77
-3.88	-1.25	671.8689999999999	9350.47
-3.88	-1.25	670.852	10024.8
-3.88	-1.25	669.835	10018.0
-3.88	-1.25	668.817	10104.6
-3.88	-1.25	667.8	10869.3
-3.88	-1.25	666.7819999999999	10778.9
-3.88	-1.25	665.7639999999999	10764.6
-3.88	-1.25	664.7460000000001	10991.0
-3.88	-1.25	663.7280000000001	11197.7
-3.88	-1.25	662.709	10893.7
-3.88	-1.25	661.691	10413.1
-3.88	-1.25	660.672	10065.2
-3.88	-1.25	659.653	10024.1
-3.88	-1.25	658.6339999999999	9458.13
-3.88	-1.25	657.6139999999999	9444.13
-3.88	-1.25	656.595	9520.85
-3.88	-1.25	655.575	9345.05
-3.88	-1.25	654.555	9259.99
-3.88	-1.25	653.535	9388.17
-3.88	-1.25	652.514	9469.74
-3.88	-1.25	651.494	9423.91
-3.88	-1.25	650.4730000000001	9194.39
-3.88	-1.25	649.452	9349.42
-3.88	-1.25	648.431	9122.45
-3.88	-1.25	647.41	8707.08
-3.88	-1.25	646.388	8397.1
-3.88	-1.25	645.366	8398.0
-3.88	-1.25	644.345	8132.23
-3.88	-1.25	643.323	7873.9
-3.88	-1.25	642.3	8070.54
-3.88	-1.25	641.278	8098.4
-3.88	-1.25	640.255	8067.57
-3.88	-1.25	639.232	8188.29
-3.88	-1.25	638.2090000000001	8465.38
-3.88	-1.25	637.186	8209.71
-3.88	-1.25	636.163	7778.24
-3.88	-1.25	635.139	7940.45
-3.88	-1.25	634.116	8317.5
-3.88	-1.25	633.092	8272.02
-3.88	-1.25	632.068	8285.14
-3.88	-1.25	631.043	8649.72
-3.88	-1.25	630.019	9177.65
-3.88	-1.25	628.994	9005.17
-3.88	-1.25	627.969	9166.94
-3.88	-1.25	626.944	9582.3
-3.88	-1.25	625.919	9709.77
-3.88	-1.25	624.893	9444.68
-3.88	-1.25	623.868	9737.87
-3.88	-1.25	622.842	10255.2
-3.88	-1.25	621.816	10031.5
-3.88	-1.25	620.79	9730.05
-3.88	-1.25	619.763	9903.62
-3.88	-1.25	618.737	9685.06
-3.88	-1.25	617.71	8979.61
-3.88	-1.25	616.683	8688.26
-3.88	-1.25	615.656	8664.75
-3.88	-1.25	614.629	8393.04
-3.88	-1.25	613.601	7931.64
-3.88	-1.25	612.573	8122.35
-3.88	-1.25	611.545	8157.34
-3.88	-1.25	610.5169999999999	7905.37
-3.88	-1.25	609.489	7865.01
-3.88	-1.25	608.461	8162.54
-3.88	-1.25	607.432	8168.32
-3.88	-1.25	606.403	8042.89
-3.88	-1.25	605.374	8138.58
-3.88	-1.25	604.345	8379.98
-3.88	-1.25	603.315	8339.57
-3.88	-1.25	602.286	8233.62
-3.88	-1.25	601.256	8229.67
-3.88	-1.25	600.226	8342.23
