-5.88	18.75	1799.66	1803.21
-5.88	18.75	1798.84	1925.14
-5.88	18.75	1798.03	1906.48
-5.88	18.75	1797.21	1900.05
-5.88	18.75	1796.39	1887.51
-5.88	18.75	1795.57	1835.28
-5.88	18.75	1794.75	1822.76
-5.88	18.75	1793.93	1877.4
-5.88	18.75	1793.11	1877.08
-5.88	18.75	1792.29	1901.18
-5.88	18.75	1791.47	1873.4
-5.88	18.75	1790.65	1833.42
-5.88	18.75	1789.84	1839.21
-5.88	18.75	1789.02	1875.5
-5.88	18.75	1788.2	1902.62
-5.88	18.75	1787.38	1868.77
-5.88	18.75	1786.56	1825.78
-5.88	18.75	1785.73	1892.51
-5.88	18.75	1784.91	1892.19
-5.88	18.75	1784.09	1852.27
-5.88	18.75	1783.27	1998.16
-5.88	18.75	1782.45	2006.96
-5.88	18.75	1781.63	1878.74
-5.88	18.75	1780.81	1899.73
-5.88	18.75	1779.99	1841.57
-5.88	18.75	1779.17	1923.43
-5.88	18.75	1778.35	1938.32
-5.88	18.75	1777.52	1904.53
-5.88	18.75	1776.7	1904.21
-5.88	18.75	1775.88	1955.59
-5.88	18.75	1775.06	1937.01
-5.88	18.75	1774.24	1951.89
-5.88	18.75	1773.41	1851.24
-5.88	18.75	1772.59	1908.68
-5.88	18.75	1771.77	1947.86
-5.88	18.75	1770.95	1932.34
-5.88	18.75	1770.12	1971.5
-5.88	18.75	1769.3	1998.5
-5.88	18.75	1768.48	1949.58
-5.88	18.75	1767.65	1976.57
-5.88	18.75	1766.83	1903.38
-5.88	18.75	1766.01	1985.01
-5.88	18.75	1765.18	1978.6
-5.88	18.75	1764.36	1990.41
-5.88	18.75	1763.53	1987.03
-5.88	18.75	1762.71	2026.13
-5.88	18.75	1761.88	1989.39
-5.88	18.75	1761.06	2076.99
-5.88	18.75	1760.24	2049.35
-5.88	18.75	1759.41	2000.51
-5.88	18.75	1758.59	1985.02
-5.88	18.75	1757.76	1993.77
-5.88	18.75	1756.94	1908.61
-5.88	18.75	1756.11	2002.18
-5.88	18.75	1755.28	2010.93
-5.88	18.75	1754.46	2037.84
-5.88	18.75	1753.63	1964.84
-5.88	18.75	1752.81	2058.34
-5.88	18.75	1751.98	2012.59
-5.88	18.75	1751.16	2018.3
-5.88	18.75	1750.33	2081.5
-5.88	18.75	1749.5	1987.37
-5.88	18.75	1748.68	2059.62
-5.88	18.75	1747.85	2022.98
-5.88	18.75	1747.02	2128.46
-5.88	18.75	1746.2	2043.46
-5.88	18.75	1745.37	2088.45
-5.88	18.75	1744.54	2085.07
-5.88	18.75	1743.71	2081.7
-5.88	18.75	1742.89	2048.12
-5.88	18.75	1742.06	2189.72
-5.88	18.75	1741.23	2225.59
-5.88	18.75	1740.4	2107.46
-5.88	18.75	1739.57	2055.78
-5.88	18.75	1738.75	2194.27
-5.88	18.75	1737.92	2221.06
-5.88	18.75	1737.09	2133.19
-5.88	18.75	1736.26	2144.89
-5.88	18.75	1735.43	2153.58
-5.88	18.75	1734.6	2126.07
-5.88	18.75	1733.77	2282.5
-5.88	18.75	1732.94	2116.3
-5.88	18.75	1732.11	2269.67
-5.88	18.75	1731.28	2076.41
-5.88	18.75	1730.45	2178.5
-5.88	18.75	1729.62	2256.46
-5.88	18.75	1728.8	2268.13
-5.88	18.75	1727.96	2165.35
-5.88	18.75	1727.13	2198.1
-5.88	18.75	1726.3	2197.73
-5.88	18.75	1725.47	2209.4
-5.88	18.75	1724.64	2160.87
-5.88	18.75	1723.81	2169.53
-5.88	18.75	1722.98	2235.35
-5.88	18.75	1722.15	2198.87
-5.88	18.75	1721.32	2180.45
-5.88	18.75	1720.49	2228.19
-5.88	18.75	1719.66	2122.59
-5.88	18.75	1718.82	2242.47
-5.88	18.75	1717.99	2221.05
-5.88	18.75	1717.16	2247.72
-5.88	18.75	1716.33	2253.34
-5.88	18.75	1715.5	2301.02
-5.88	18.75	1714.66	2276.6
-5.88	18.75	1713.83	2258.2
-5.88	18.75	1713.0	2173.75
-5.88	18.75	1712.17	2302.46
-5.88	18.75	1711.33	2227.04
-5.88	18.75	1710.5	2205.65
-5.88	18.75	1709.67	2226.28
-5.88	18.75	1708.83	2333.9
-5.88	18.75	1708.0	2294.51
-5.88	18.75	1707.17	2315.11
-5.88	18.75	1706.33	2383.68
-5.88	18.75	1705.5	2287.34
-5.88	18.75	1704.66	2197.03
-5.88	18.75	1703.83	2346.5
-5.88	18.75	1703.0	2277.19
-5.88	18.75	1702.16	2237.85
-5.88	18.75	1701.33	2261.43
-5.88	18.75	1700.49	2338.91
-5.88	18.75	1699.66	2302.58
-5.88	18.75	1698.82	2377.04
-5.88	18.75	1697.99	2274.86
-5.88	18.75	1697.15	2457.03
-5.88	18.75	1696.32	2387.79
-5.88	18.75	1695.48	2336.53
-5.88	18.75	1694.64	2410.91
-5.88	18.75	1693.81	2263.96
-5.88	18.75	1692.97	2341.32
-5.88	18.75	1692.14	2430.61
-5.88	18.75	1691.3	2286.71
-5.88	18.75	1690.46	2298.28
-5.88	18.75	1689.63	2438.33
-5.88	18.75	1688.79	2470.78
-5.88	18.75	1687.95	2362.82
-5.88	18.75	1687.12	2541.62
-5.88	18.75	1686.28	2469.52
-5.88	18.75	1685.44	2436.26
-5.88	18.75	1684.6	2519.42
-5.88	18.75	1683.77	2417.52
-5.88	18.75	1682.93	2414.12
-5.88	18.75	1682.09	2488.3
-5.88	18.75	1681.25	2556.49
-5.88	18.75	1680.41	2472.54
-5.88	18.75	1679.58	2546.67
-5.88	18.75	1678.74	2534.31
-5.88	18.75	1677.9	2590.52
-5.88	18.75	1677.06	2619.88
-5.88	18.75	1676.22	2533.01
-5.88	18.75	1675.38	2580.25
-5.88	18.75	1674.54	2612.58
-5.88	18.75	1673.7	2534.7
-5.88	18.75	1672.86	2561.07
-5.88	18.75	1672.02	2521.92
-5.88	18.75	1671.18	2634.62
-5.88	18.75	1670.34	2556.78
-5.88	18.75	1669.5	2481.95
-5.88	18.75	1668.66	2499.38
-5.88	18.75	1667.82	2609.02
-5.88	18.75	1666.98	2572.88
-5.88	18.75	1666.14	2620.03
-5.88	18.75	1665.3	2577.95
-5.88	18.75	1664.46	2509.14
-5.88	18.75	1663.62	2651.39
-5.88	18.75	1662.78	2624.19
-5.88	18.75	1661.94	2659.39
-5.88	18.75	1661.1	2653.0
-5.88	18.75	1660.25	2602.05
-5.88	18.75	1659.41	2729.31
-5.88	18.75	1658.57	2696.18
-5.88	18.75	1657.73	2669.0
-5.88	18.75	1656.89	2597.31
-5.88	18.75	1656.04	2662.16
-5.88	18.75	1655.2	2697.31
-5.88	18.75	1654.36	2776.95
-5.88	18.75	1653.52	2815.04
-5.88	18.75	1652.67	2835.32
-5.88	18.75	1651.83	2825.94
-5.88	18.75	1650.99	2837.32
-5.88	18.75	1650.14	2703.44
-5.88	18.75	1649.3	2836.35
-5.88	18.75	1648.46	2838.83
-5.88	18.75	1647.61	2900.56
-5.88	18.75	1646.77	2858.59
-5.88	18.75	1645.92	2923.26
-5.88	18.75	1645.08	3008.64
-5.88	18.75	1644.24	3022.93
-5.88	18.75	1643.39	3081.62
-5.88	18.75	1642.55	2900.55
-5.88	18.75	1641.7	2988.83
-5.88	18.75	1640.86	3014.95
-5.88	18.75	1640.01	3103.18
-5.88	18.75	1639.17	3010.96
-5.88	18.75	1638.32	3057.76
-5.88	18.75	1637.48	3140.03
-5.88	18.75	1636.63	3269.56
-5.88	18.75	1635.78	3138.95
-5.88	18.75	1634.94	3094.09
-5.88	18.75	1634.09	3226.52
-5.88	18.75	1633.25	3358.91
-5.88	18.75	1632.4	3290.4
-5.88	18.75	1631.55	3198.29
-5.88	18.75	1630.71	3318.8
-5.88	18.75	1629.86	3533.74
-5.88	18.75	1629.01	3480.01
-5.88	18.75	1628.16	3358.41
-5.88	18.75	1627.32	3484.72
-5.88	18.75	1626.47	3460.52
-5.88	18.75	1625.62	3560.22
-5.88	18.75	1624.77	3597.95
-5.88	18.75	1623.93	3679.89
-5.88	18.75	1623.08	3711.69
-5.88	18.75	1622.23	3628.52
-5.88	18.75	1621.38	3710.42
-5.88	18.75	1620.53	3556.56
-5.88	18.75	1619.69	3670.85
-5.88	18.75	1618.84	3811.61
-5.88	18.75	1617.99	3760.89
-5.88	18.75	1617.14	3739.64
-5.88	18.75	1616.29	3659.51
-5.88	18.75	1615.44	3882.59
-5.88	18.75	1614.59	3946.68
-5.88	18.75	1613.74	3790.04
-5.88	18.75	1612.89	3907.08
-5.88	18.75	1612.04	3909.35
-5.88	18.75	1611.19	3899.86
-5.88	18.75	1610.34	3763.92
-5.88	18.75	1609.49	3898.52
-5.88	18.75	1608.64	3924.31
-5.88	18.75	1607.79	3950.09
-5.88	18.75	1606.94	4005.24
-5.88	18.75	1606.09	3939.92
-5.88	18.75	1605.24	3951.0
-5.88	18.75	1604.39	4041.37
-5.88	18.75	1603.54	4164.01
-5.88	18.75	1602.68	4189.72
-5.88	18.75	1601.83	4095.06
-5.88	18.75	1600.98	4158.93
-5.88	18.75	1600.13	4149.42
-5.88	18.75	1599.28	4169.24
-5.88	18.75	1598.42	4189.06
-5.88	18.75	1597.57	4123.82
-5.88	18.75	1596.72	4155.37
-5.88	18.75	1595.87	4201.57
-5.88	18.75	1595.01	4145.15
-5.88	18.75	1594.16	4085.82
-5.88	18.75	1593.31	4041.16
-5.88	18.75	1592.45	4356.91
-5.88	18.75	1591.6	4233.12
-5.88	18.75	1590.75	4112.31
-5.88	18.75	1589.89	4061.82
-5.88	18.75	1589.04	4257.3
-5.88	18.75	1588.19	4218.51
-5.88	18.75	1587.33	4217.78
-5.88	18.75	1586.48	4111.71
-5.88	18.75	1585.62	4269.0
-5.88	18.75	1584.77	4189.28
-5.88	18.75	1583.91	4171.01
-5.88	18.75	1583.06	4208.32
-5.88	18.75	1582.2	4046.78
-5.88	18.75	1581.35	4271.19
-5.88	18.75	1580.49	4077.54
-5.88	18.75	1579.64	4228.81
-5.88	18.75	1578.78	4193.02
-5.88	18.75	1577.93	4145.55
-5.88	18.75	1577.07	4223.71
-5.88	18.75	1576.21	4106.17
-5.88	18.75	1575.36	4105.46
-5.88	18.75	1574.5	4139.79
-5.88	18.75	1573.65	4296.7
-5.88	18.75	1572.79	4304.72
-5.88	18.75	1571.93	4207.69
-5.88	18.75	1571.08	4274.06
-5.88	18.75	1570.22	4267.5
-5.88	18.75	1569.36	4293.01
-5.88	18.75	1568.5	4207.71
-5.88	18.75	1567.65	4186.58
-5.88	18.75	1566.79	4107.16
-5.88	18.75	1565.93	4176.4
-5.88	18.75	1565.07	4088.26
-5.88	18.75	1564.21	4043.86
-5.88	18.75	1563.36	4063.55
-5.88	18.75	1562.5	4223.04
-5.88	18.75	1561.64	3998.09
-5.88	18.75	1560.78	4046.9
-5.88	18.75	1559.92	3970.52
-5.88	18.75	1559.06	4089.16
-5.88	18.75	1558.2	4158.3
-5.88	18.75	1557.34	4023.75
-5.88	18.75	1556.49	4081.24
-5.88	18.75	1555.63	4074.72
-5.88	18.75	1554.77	4071.11
-5.88	18.75	1553.91	4087.85
-5.88	18.75	1553.05	4023.2
-5.88	18.75	1552.19	4249.21
-5.88	18.75	1551.33	4155.49
-5.88	18.75	1550.47	4183.83
-5.88	18.75	1549.6	4116.29
-5.88	18.75	1548.74	4164.96
-5.88	18.75	1547.88	4181.67
-5.88	18.75	1547.02	4305.79
-5.88	18.75	1546.16	4258.61
-5.88	18.75	1545.3	4411.7
-5.88	18.75	1544.44	4483.49
-5.88	18.75	1543.58	4592.97
-5.88	18.75	1542.71	4435.53
-5.88	18.75	1541.85	4623.3
-5.88	18.75	1540.99	4526.8
-5.88	18.75	1540.13	4601.41
-5.88	18.75	1539.27	4284.63
-5.88	18.75	1538.4	4512.87
-5.88	18.75	1537.54	4300.54
-5.88	18.75	1536.68	4227.37
-5.88	18.75	1535.81	4301.96
-5.88	18.75	1534.95	4028.95
-5.88	18.75	1534.09	4022.47
-5.88	18.75	1533.23	4256.31
-5.88	18.75	1532.36	4171.62
-5.88	18.75	1531.5	4173.79
-5.88	18.75	1530.63	4097.83
-5.88	18.75	1529.77	4134.74
-5.88	18.75	1528.91	4374.14
-5.88	18.75	1528.04	4425.45
-5.88	18.75	1527.18	4294.55
-5.88	18.75	1526.31	4207.07
-5.88	18.75	1525.45	4255.49
-5.88	18.75	1524.58	4220.07
-5.88	18.75	1523.72	4184.66
-5.88	18.75	1522.85	4088.59
-5.88	18.75	1521.99	4243.89
-5.88	18.75	1521.12	4130.51
-5.88	18.75	1520.26	4176.0
-5.88	18.75	1519.39	4235.92
-5.88	18.75	1518.52	4134.14
-5.88	18.75	1517.66	4393.21
-5.88	18.75	1516.79	4363.59
-5.88	18.75	1515.93	4322.45
-5.88	18.75	1515.06	4379.4
-5.88	18.75	1514.19	4569.02
-5.88	18.75	1513.33	4611.49
-5.88	18.75	1512.46	4656.83
-5.88	18.75	1511.59	4707.92
-5.88	18.75	1510.72	4718.64
-5.88	18.75	1509.86	4729.35
-5.88	18.75	1508.99	4884.14
-5.88	18.75	1508.12	4877.53
-5.88	18.75	1507.25	5003.43
-5.88	18.75	1506.38	5169.61
-5.88	18.75	1505.52	5099.61
-5.88	18.75	1504.65	4911.59
-5.88	18.75	1503.78	5161.17
-5.88	18.75	1502.91	5108.48
-5.88	18.75	1502.04	5015.51
-5.88	18.75	1501.17	5080.82
-5.88	18.75	1500.3	4818.18
-5.88	18.75	1499.44	4820.22
-5.88	18.75	1498.57	4874.02
-5.88	18.75	1497.7	4769.68
-5.88	18.75	1496.83	4676.87
-5.88	18.75	1495.96	4615.71
-5.88	18.75	1495.09	4586.18
-5.88	18.75	1494.22	4438.86
-5.88	18.75	1493.35	4446.71
-5.88	18.75	1492.48	4368.39
-5.88	18.75	1491.61	4407.84
-5.88	18.75	1490.73	4343.92
-5.88	18.75	1489.86	4182.41
-5.88	18.75	1488.99	4095.59
-5.88	18.75	1488.12	4178.1
-5.88	18.75	1487.25	4174.51
-5.88	18.75	1486.38	4044.7
-5.88	18.75	1485.51	4089.89
-5.88	18.75	1484.63	4017.49
-5.88	18.75	1483.76	4163.02
-5.88	18.75	1482.89	4027.57
-5.88	18.75	1482.02	4064.13
-5.88	18.75	1481.15	4080.62
-5.88	18.75	1480.27	4014.02
-5.88	18.75	1479.4	4019.05
-5.88	18.75	1478.53	4012.63
-5.88	18.75	1477.65	4146.52
-5.88	18.75	1476.78	4074.23
-5.88	18.75	1475.91	3984.78
-5.88	18.75	1475.03	4158.68
-5.88	18.75	1474.16	4043.5
-5.88	18.75	1473.29	4117.19
-5.88	18.75	1472.41	4056.4
-5.88	18.75	1471.54	4270.21
-5.88	18.75	1470.67	4263.75
-5.88	18.75	1469.79	4211.55
-5.88	18.75	1468.92	4096.47
-5.88	18.75	1468.04	4318.7
-5.88	18.75	1467.17	4129.35
-5.88	18.75	1466.29	4228.63
-5.88	18.75	1465.42	4196.48
-5.88	18.75	1464.54	4112.92
-5.88	18.75	1463.67	4146.48
-5.88	18.75	1462.79	4037.26
-5.88	18.75	1461.91	4204.99
-5.88	18.75	1461.04	4098.65
-5.88	18.75	1460.16	4317.68
-5.88	18.75	1459.29	4057.29
-5.88	18.75	1458.41	4153.58
-5.88	18.75	1457.53	3998.84
-5.88	18.75	1456.66	4058.03
-5.88	18.75	1455.78	3974.64
-5.88	18.75	1454.9	4062.33
-5.88	18.75	1454.03	4266.84
-5.88	18.75	1453.15	4220.5
-5.88	18.75	1452.27	3957.64
-5.88	18.75	1451.39	4113.64
-5.88	18.75	1450.52	4098.68
-5.88	18.75	1449.64	4186.25
-5.88	18.75	1448.76	4100.11
-5.88	18.75	1447.88	4070.93
-5.88	18.75	1447.0	3976.29
-5.88	18.75	1446.13	4263.03
-5.88	18.75	1445.25	4122.87
-5.88	18.75	1444.37	4142.07
-5.88	18.75	1443.49	4169.79
-5.88	18.75	1442.61	4143.48
-5.88	18.75	1441.73	4023.34
-5.88	18.75	1440.85	4153.41
-5.88	18.75	1439.97	4129.95
-5.88	18.75	1439.09	4248.59
-5.88	18.75	1438.21	4171.14
-5.88	18.75	1437.33	4059.62
-5.88	18.75	1436.45	4144.13
-5.88	18.75	1435.57	3973.01
-5.88	18.75	1434.69	3995.04
-5.88	18.75	1433.81	3997.18
-5.88	18.75	1432.93	3925.53
-5.88	18.75	1432.05	4012.82
-5.88	18.75	1431.17	4020.64
-5.88	18.75	1430.29	4042.64
-5.88	18.75	1429.41	3976.7
-5.88	18.75	1428.52	4120.64
-5.88	18.75	1427.64	3963.97
-5.88	18.75	1426.76	4167.4
-5.88	18.75	1425.88	3999.44
-5.88	18.75	1425.0	4219.8
-5.88	18.75	1424.11	4213.4
-5.88	18.75	1423.23	4175.84
-5.88	18.75	1422.35	4033.49
-5.88	18.75	1421.47	4307.49
-5.88	18.75	1420.58	4301.08
-5.88	18.75	1419.7	4487.18
-5.88	18.75	1418.82	4367.52
-5.88	18.75	1417.93	4505.43
-5.88	18.75	1417.05	4609.34
-5.88	18.75	1416.17	4679.27
-5.88	18.75	1415.28	4794.42
-5.88	18.75	1414.4	4663.5
-5.88	18.75	1413.51	4685.31
-5.88	18.75	1412.63	4724.07
-5.88	18.75	1411.75	4672.37
-5.88	18.75	1410.86	4668.73
-5.88	18.75	1409.98	4636.84
-5.88	18.75	1409.09	4689.71
-5.88	18.75	1408.21	4626.75
-5.88	18.75	1407.32	4665.49
-5.88	18.75	1406.44	4740.91
-5.88	18.75	1405.55	4771.14
-5.88	18.75	1404.66	4815.48
-5.88	18.75	1403.78	4783.59
-5.88	18.75	1402.89	4892.81
-5.88	18.75	1402.01	4787.57
-5.88	18.75	1401.12	5102.66
-5.88	18.75	1400.23	5093.31
-5.88	18.75	1399.35	5098.06
-5.88	18.75	1398.46	5266.33
-5.88	18.75	1397.57	5440.17
-5.88	18.75	1396.69	5134.85
-5.88	18.75	1395.8	5212.86
-5.88	18.75	1394.91	5335.91
-5.88	18.75	1394.02	5233.58
-5.88	18.75	1393.14	5153.81
-5.88	18.75	1392.25	4944.54
-5.88	18.75	1391.36	4988.73
-5.88	18.75	1390.47	4875.26
-5.88	18.75	1389.58	4736.51
-5.88	18.75	1388.7	4803.22
-5.88	18.75	1387.81	4664.53
-5.88	18.75	1386.92	4669.34
-5.88	18.75	1386.03	4719.15
-5.88	18.75	1385.14	4524.31
-5.88	18.75	1384.25	4534.77
-5.88	18.75	1383.36	4480.57
-5.88	18.75	1382.47	4533.19
-5.88	18.75	1381.58	4448.1
-5.88	18.75	1380.69	4528.8
-5.88	18.75	1379.8	4528.01
-5.88	18.75	1378.91	4431.73
-5.88	18.75	1378.02	4357.95
-5.88	18.75	1377.13	4368.42
-5.88	18.75	1376.24	4449.06
-5.88	18.75	1375.35	4355.67
-5.88	18.75	1374.46	4357.72
-5.88	18.75	1373.57	4385.01
-5.88	18.75	1372.68	4510.47
-5.88	18.75	1371.78	4574.19
-5.88	18.75	1370.89	4559.37
-5.88	18.75	1370.0	4623.06
-5.88	18.75	1369.11	4549.37
-5.88	18.75	1368.22	4646.67
-5.88	18.75	1367.33	4844.81
-5.88	18.75	1366.43	4670.26
-5.88	18.75	1365.54	4563.0
-5.88	18.75	1364.65	4581.81
-5.88	18.75	1363.76	4667.82
-5.88	18.75	1362.86	4490.62
-5.88	18.75	1361.97	4559.82
-5.88	18.75	1361.08	4659.77
-5.88	18.75	1360.18	4712.13
-5.88	18.75	1359.29	4591.0
-5.88	18.75	1358.4	4464.33
-5.88	18.75	1357.5	4620.16
-5.88	18.75	1356.61	4524.29
-5.88	18.75	1355.71	4598.98
-5.88	18.75	1354.82	4503.14
-5.88	18.75	1353.92	4572.22
-5.88	18.75	1353.03	4646.87
-5.88	18.75	1352.13	4704.72
-5.88	18.75	1351.24	4569.82
-5.88	18.75	1350.34	4624.88
-5.88	18.75	1349.45	4674.34
-5.88	18.75	1348.55	4567.43
-5.88	18.75	1347.66	4580.59
-5.88	18.75	1346.76	4669.09
-5.88	18.75	1345.87	4746.41
-5.88	18.75	1344.97	4656.3
-5.88	18.75	1344.07	4680.59
-5.88	18.75	1343.18	4827.59
-5.88	18.75	1342.28	4743.09
-5.88	18.75	1341.38	4711.59
-5.88	18.75	1340.49	4565.82
-5.88	18.75	1339.59	4807.49
-5.88	18.75	1338.69	4912.53
-5.88	18.75	1337.8	4772.38
-5.88	18.75	1336.9	4835.61
-5.88	18.75	1336.0	4999.08
-5.88	18.75	1335.1	4797.72
-5.88	18.75	1334.2	4877.62
-5.88	18.75	1333.31	4843.36
-5.88	18.75	1332.41	4934.35
-5.88	18.75	1331.51	5000.27
-5.88	18.75	1330.61	5018.87
-5.88	18.75	1329.71	4934.54
-5.88	18.75	1328.81	5017.11
-5.88	18.75	1327.91	4971.75
-5.88	18.75	1327.02	5115.44
-5.88	18.75	1326.12	4914.41
-5.88	18.75	1325.22	5044.17
-5.88	18.75	1324.32	4893.24
-5.88	18.75	1323.42	5009.07
-5.88	18.75	1322.52	5144.3
-5.88	18.75	1321.62	5260.04
-5.88	18.75	1320.72	5142.5
-5.88	18.75	1319.82	5099.95
-5.88	18.75	1318.91	5087.96
-5.88	18.75	1318.01	5092.62
-5.88	18.75	1317.11	5047.33
-5.88	18.75	1316.21	5068.64
-5.88	18.75	1315.31	5159.29
-5.88	18.75	1314.41	5066.86
-5.88	18.75	1313.51	4938.42
-5.88	18.75	1312.61	5106.67
-5.88	18.75	1311.7	5019.85
-5.88	18.75	1310.8	5115.97
-5.88	18.75	1309.9	5148.32
-5.88	18.75	1309.0	5114.17
-5.88	18.75	1308.09	5060.65
-5.88	18.75	1307.19	5009.91
-5.88	18.75	1306.29	5031.19
-5.88	18.75	1305.39	5077.37
-5.88	18.75	1304.48	4998.97
-5.88	18.75	1303.58	5025.77
-5.88	18.75	1302.68	5063.63
-5.88	18.75	1301.77	5010.18
-5.88	18.75	1300.87	4962.28
-5.88	18.75	1299.96	4994.59
-5.88	18.75	1299.06	5010.31
-5.88	18.75	1298.16	5202.95
-5.88	18.75	1297.25	5276.67
-5.88	18.75	1296.35	5272.98
-5.88	18.75	1295.44	5042.71
-5.88	18.75	1294.54	5312.57
-5.88	18.75	1293.63	5209.43
-5.88	18.75	1292.73	5172.62
-5.88	18.75	1291.82	5224.17
-5.88	18.75	1290.92	5129.39
-5.88	18.75	1290.01	5346.55
-5.88	18.75	1289.1	5483.6
-5.88	18.75	1288.2	5217.75
-5.88	18.75	1287.29	5200.28
-5.88	18.75	1286.39	5282.11
-5.88	18.75	1285.48	5452.17
-5.88	18.75	1284.57	5294.04
-5.88	18.75	1283.67	5119.43
-5.88	18.75	1282.76	5350.07
-5.88	18.75	1281.85	5357.4
-5.88	18.75	1280.94	5086.43
-5.88	18.75	1280.04	5063.5
-5.88	18.75	1279.13	5062.61
-5.88	18.75	1278.22	5017.65
-5.88	18.75	1277.31	5126.91
-5.88	18.75	1276.41	4820.43
-5.88	18.75	1275.5	4816.83
-5.88	18.75	1274.59	4788.46
-5.88	18.75	1273.68	4721.59
-5.88	18.75	1272.77	4629.97
-5.88	18.75	1271.86	4563.15
-5.88	18.75	1270.95	4655.85
-5.88	18.75	1270.04	4572.54
-5.88	18.75	1269.13	4467.27
-5.88	18.75	1268.23	4417.01
-5.88	18.75	1267.32	4361.27
-5.88	18.75	1266.41	4278.08
-5.88	18.75	1265.5	4299.3
-5.88	18.75	1264.59	4207.9
-5.88	18.75	1263.67	4292.3
-5.88	18.75	1262.76	4159.75
-5.88	18.75	1261.85	4104.11
-5.88	18.75	1260.94	3999.09
-5.88	18.75	1260.03	4080.71
-5.88	18.75	1259.12	4025.12
-5.88	18.75	1258.21	3944.86
-5.88	18.75	1257.3	4001.76
-5.88	18.75	1256.39	4036.71
-5.88	18.75	1255.47	4148.41
-5.88	18.75	1254.56	3966.75
-5.88	18.75	1253.65	4012.65
-5.88	18.75	1252.74	4140.74
-5.88	18.75	1251.83	4150.97
-5.88	18.75	1250.91	4188.59
-5.88	18.75	1250.0	4283.72
-5.88	18.75	1249.09	4236.41
-5.88	18.75	1248.17	4345.18
-5.88	18.75	1247.26	4286.93
-5.88	18.75	1246.35	4261.54
-5.88	18.75	1245.43	4337.42
-5.88	18.75	1244.52	4158.81
-5.88	18.75	1243.61	4188.17
-5.88	18.75	1242.69	4294.1
-5.88	18.75	1241.78	4227.71
-5.88	18.75	1240.86	4117.6
-5.88	18.75	1239.95	4187.95
-5.88	18.75	1239.03	4173.55
-5.88	18.75	1238.12	4194.67
-5.88	18.75	1237.2	4286.83
-5.88	18.75	1236.29	4264.22
-5.88	18.75	1235.37	4066.82
-5.88	18.75	1234.46	4240.87
-5.88	18.75	1233.54	4204.63
-5.88	18.75	1232.63	4130.18
-5.88	18.75	1231.71	4249.54
-5.88	18.75	1230.8	4071.42
-5.88	18.75	1229.88	4234.4
-5.88	18.75	1228.96	4203.65
-5.88	18.75	1228.05	3932.9
-5.88	18.75	1227.13	4221.26
-5.88	18.75	1226.21	4182.34
-5.88	18.75	1225.3	4069.84
-5.88	18.75	1224.38	4022.79
-5.88	18.75	1223.46	4079.3
-5.88	18.75	1222.54	4149.42
-5.88	18.75	1221.63	4197.72
-5.88	18.75	1220.71	4030.84
-5.88	18.75	1219.79	4141.78
-5.88	18.75	1218.87	4266.29
-5.88	18.75	1217.95	4189.31
-5.88	18.75	1217.03	4395.42
-5.88	18.75	1216.12	4288.52
-5.88	18.75	1215.2	4380.26
-5.88	18.75	1214.28	4588.94
-5.88	18.75	1213.36	4414.07
-5.88	18.75	1212.44	4503.03
-5.88	18.75	1211.52	4578.36
-5.88	18.75	1210.6	4509.59
-5.88	18.75	1209.68	4462.59
-5.88	18.75	1208.76	4627.56
-5.88	18.75	1207.84	4629.46
-5.88	18.75	1206.92	4411.34
-5.88	18.75	1206.0	4600.67
-5.88	18.75	1205.08	4388.05
-5.88	18.75	1204.16	4609.9
-5.88	18.75	1203.24	4535.8
-5.88	18.75	1202.31	4524.14
-5.88	18.75	1201.39	4414.8
-5.88	18.75	1200.47	4709.74
-5.88	18.75	1199.55	4632.95
-5.88	18.75	1198.63	4670.1
-5.88	18.75	1197.71	4935.01
-5.88	18.75	1196.78	5099.51
-5.88	18.75	1195.86	5090.48
-5.88	18.75	1194.94	5336.2
-5.88	18.75	1194.02	5367.77
-5.88	18.75	1193.09	5551.04
-5.88	18.75	1192.17	5896.77
-5.88	18.75	1191.25	5828.02
-5.88	18.75	1190.32	5916.35
-5.88	18.75	1189.4	6251.0
-5.88	18.75	1188.48	6341.92
-5.88	18.75	1187.55	6367.86
-5.88	18.75	1186.63	6391.09
-5.88	18.75	1185.71	6595.56
-5.88	18.75	1184.78	6575.46
-5.88	18.75	1183.86	6439.08
-5.88	18.75	1182.93	6343.3
-5.88	18.75	1182.01	6268.19
-5.88	18.75	1181.08	6193.06
-5.88	18.75	1180.16	6117.91
-5.88	18.75	1179.23	6042.76
-5.88	18.75	1178.31	5967.59
-5.88	18.75	1177.38	6085.37
-5.88	18.75	1176.46	5943.87
-5.88	18.75	1175.53	5872.62
-5.88	18.75	1174.6	5995.76
-5.88	18.75	1173.68	5816.55
-5.88	18.75	1172.75	6007.13
-5.88	18.75	1171.82	5736.25
-5.88	18.75	1170.9	5748.72
-5.88	18.75	1169.97	5890.65
-5.88	18.75	1169.04	5908.49
-5.88	18.75	1168.12	6147.4
-5.88	18.75	1167.19	6092.4
-5.88	18.75	1166.26	5956.56
-5.88	18.75	1165.33	5898.91
-5.88	18.75	1164.41	6108.02
-5.88	18.75	1163.48	5770.21
-5.88	18.75	1162.55	5965.8
-5.88	18.75	1161.62	5800.48
-5.88	18.75	1160.69	5794.07
-5.88	18.75	1159.76	5962.63
-5.88	18.75	1158.84	6042.32
-5.88	18.75	1157.91	6065.46
-5.88	18.75	1156.98	6120.89
-5.88	18.75	1156.05	6445.3
-5.88	18.75	1155.12	6570.56
-5.88	18.75	1154.19	6617.8
-5.88	18.75	1153.26	6716.11
-5.88	18.75	1152.33	6913.83
-5.88	18.75	1151.4	7119.56
-5.88	18.75	1150.47	6978.56
-5.88	18.75	1149.54	6859.11
-5.88	18.75	1148.61	6900.87
-5.88	18.75	1147.68	6872.79
-5.88	18.75	1146.75	6933.33
-5.88	18.75	1145.81	6532.07
-5.88	18.75	1144.88	6528.22
-5.88	18.75	1143.95	6610.26
-5.88	18.75	1143.02	6289.77
-5.88	18.75	1142.09	6178.66
-5.88	18.75	1141.16	6134.64
-5.88	18.75	1140.22	6066.51
-5.88	18.75	1139.29	5850.91
-5.88	18.75	1138.36	5707.78
-5.88	18.75	1137.43	5618.31
-5.88	18.75	1136.49	5614.64
-5.88	18.75	1135.56	5182.23
-5.88	18.75	1134.63	5232.21
-5.88	18.75	1133.69	4875.03
-5.88	18.75	1132.76	4951.83
-5.88	18.75	1131.83	4814.39
-5.88	18.75	1130.89	4674.32
-5.88	18.75	1129.96	4555.72
-5.88	18.75	1129.02	4461.24
-5.88	18.75	1128.09	4417.64
-5.88	18.75	1127.16	4234.94
-5.88	18.75	1126.22	4228.83
-5.88	18.75	1125.29	4292.27
-5.88	18.75	1124.35	4107.01
-5.88	18.75	1123.42	4119.64
-5.88	18.75	1122.48	4028.03
-5.88	18.75	1121.55	3960.51
-5.88	18.75	1120.61	3860.94
-5.88	18.75	1119.67	3948.41
-5.88	18.75	1118.74	3878.27
-5.88	18.75	1117.8	3842.86
-5.88	18.75	1116.87	3746.06
-5.88	18.75	1115.93	3764.08
-5.88	18.75	1114.99	3707.36
-5.88	18.75	1114.06	3909.51
-5.88	18.75	1113.12	3844.78
-5.88	18.75	1112.18	3894.78
-5.88	18.75	1111.24	4064.79
-5.88	18.75	1110.31	4128.07
-5.88	18.75	1109.37	3970.02
-5.88	18.75	1108.43	3982.65
-5.88	18.75	1107.49	4136.52
-5.88	18.75	1106.55	4311.66
-5.88	18.75	1105.62	4214.98
-5.88	18.75	1104.68	4334.1
-5.88	18.75	1103.74	4407.91
-5.88	18.75	1102.8	4415.11
-5.88	18.75	1101.86	4515.5
-5.88	18.75	1100.92	4517.36
-5.88	18.75	1099.98	4873.19
-5.88	18.75	1099.04	4930.87
-5.88	18.75	1098.1	4996.5
-5.88	18.75	1097.16	5014.23
-5.88	18.75	1096.22	5151.64
-5.88	18.75	1095.28	5251.77
-5.88	18.75	1094.34	5399.72
-5.88	18.75	1093.4	5239.26
-5.88	18.75	1092.46	5381.85
-5.88	18.75	1091.52	5402.15
-5.88	18.75	1090.58	5491.51
-5.88	18.75	1089.64	5336.47
-5.88	18.75	1088.7	5526.74
-5.88	18.75	1087.76	5711.62
-5.88	18.75	1086.81	5747.77
-5.88	18.75	1085.87	5908.67
-5.88	18.75	1084.93	6069.5
-5.88	18.75	1083.99	5994.12
-5.88	18.75	1083.05	6184.07
-5.88	18.75	1082.1	5869.97
-5.88	18.75	1081.16	5916.66
-5.88	18.75	1080.22	5899.7
-5.88	18.75	1079.28	5426.75
-5.88	18.75	1078.33	5404.58
-5.88	18.75	1077.39	5218.11
-5.88	18.75	1076.45	5055.55
-5.88	18.75	1075.5	4715.55
-5.88	18.75	1074.56	4391.57
-5.88	18.75	1073.61	4512.6
-5.88	18.75	1072.67	4427.07
-5.88	18.75	1071.73	4092.72
-5.88	18.75	1070.78	3967.59
-5.88	18.75	1069.84	3916.6
-5.88	18.75	1068.89	3833.88
-5.88	18.75	1067.95	3700.92
-5.88	18.75	1067.0	3597.11
-5.88	18.75	1066.06	3686.38
-5.88	18.75	1065.11	3614.33
-5.88	18.75	1064.16	3375.77
-5.88	18.75	1063.22	3422.74
-5.88	18.75	1062.27	3548.98
-5.88	18.75	1061.33	3379.25
-5.88	18.75	1060.38	3230.71
-5.88	18.75	1059.43	3319.93
-5.88	18.75	1058.49	3160.9
-5.88	18.75	1057.54	3313.47
-5.88	18.75	1056.59	3238.96
-5.88	18.75	1055.65	3151.29
-5.88	18.75	1054.7	3309.05
-5.88	18.75	1053.75	3263.61
-5.88	18.75	1052.8	3294.68
-5.88	18.75	1051.85	3270.36
-5.88	18.75	1050.91	3296.14
-5.88	18.75	1049.96	3337.74
-5.88	18.75	1049.01	3300.23
-5.88	18.75	1048.06	3339.18
-5.88	18.75	1047.11	3407.09
-5.88	18.75	1046.16	3303.73
-5.88	18.75	1045.21	3303.14
-5.88	18.75	1044.27	3344.69
-5.88	18.75	1043.32	3444.15
-5.88	18.75	1042.37	3451.43
-5.88	18.75	1041.42	3403.44
-5.88	18.75	1040.47	3397.56
-5.88	18.75	1039.52	3418.01
-5.88	18.75	1038.57	3280.59
-5.88	18.75	1037.62	3180.06
-5.88	18.75	1036.67	3366.21
-5.88	18.75	1035.71	3273.58
-5.88	18.75	1034.76	3230.93
-5.88	18.75	1033.81	3209.32
-5.88	18.75	1032.86	3232.4
-5.88	18.75	1031.91	3208.17
-5.88	18.75	1030.96	3070.99
-5.88	18.75	1030.01	2986.39
-5.88	18.75	1029.05	3054.14
-5.88	18.75	1028.1	3066.72
-5.88	18.75	1027.15	3008.42
-5.88	18.75	1026.2	3039.37
-5.88	18.75	1025.24	2996.84
-5.88	18.75	1024.29	3046.16
-5.88	18.75	1023.34	2998.39
-5.88	18.75	1022.39	3029.33
-5.88	18.75	1021.43	3083.85
-5.88	18.75	1020.48	2949.59
-5.88	18.75	1019.52	2831.1
-5.88	18.75	1018.57	3066.47
-5.88	18.75	1017.62	3126.19
-5.88	18.75	1016.66	3044.41
-5.88	18.75	1015.71	3064.82
-5.88	18.75	1014.75	3129.75
-5.88	18.75	1013.8	3123.95
-5.88	18.75	1012.84	3139.1
-5.88	18.75	1011.89	3104.51
-5.88	18.75	1010.93	3177.23
-5.88	18.75	1009.98	3213.3
-5.88	18.75	1009.02	3113.3
-5.88	18.75	1008.07	3055.2
-5.88	18.75	1007.11	3059.88
-5.88	18.75	1006.16	3093.33
-5.88	18.75	1005.2	2982.97
-5.88	18.75	1004.24	3005.96
-5.88	18.75	1003.29	3138.7
-5.88	18.75	1002.33	3096.33
-5.88	18.75	1001.37	3108.84
-5.88	18.75	1000.41	2980.29
-5.88	18.75	999.4580000000001	2930.14
-5.88	18.75	998.5	3000.11
-5.88	18.75	997.543	3038.73
-5.88	18.75	996.585	3038.19
-5.88	18.75	995.627	3029.81
-5.88	18.75	994.669	3011.01
-5.88	18.75	993.71	2919.16
-5.88	18.75	992.752	2939.5
-5.88	18.75	991.793	2975.48
-5.88	18.75	990.834	2990.59
-5.88	18.75	989.875	2940.53
-5.88	18.75	988.916	2882.66
-5.88	18.75	987.957	2916.02
-5.88	18.75	986.997	2899.86
-5.88	18.75	986.0369999999999	2917.57
-5.88	18.75	985.078	2958.72
-5.88	18.75	984.118	3007.67
-5.88	18.75	983.1569999999999	2996.71
-5.88	18.75	982.197	2957.13
-5.88	18.75	981.2360000000001	3047.69
-5.88	18.75	980.2760000000001	3047.14
-5.88	18.75	979.315	2984.15
-5.88	18.75	978.3539999999999	2999.22
-5.88	18.75	977.3919999999999	3053.3
-5.88	18.75	976.431	3167.17
-5.88	18.75	975.4689999999999	3117.2
-5.88	18.75	974.508	3166.03
-5.88	18.75	973.546	3222.63
-5.88	18.75	972.584	3300.01
-5.88	18.75	971.6210000000001	3281.23
-5.88	18.75	970.659	3457.27
-5.88	18.75	969.696	3705.96
-5.88	18.75	968.7330000000001	3692.31
-5.88	18.75	967.77	3824.05
-5.88	18.75	966.807	3929.78
-5.88	18.75	965.8439999999999	3934.27
-5.88	18.75	964.88	4063.29
-5.88	18.75	963.9169999999999	4018.46
-5.88	18.75	962.953	4160.39
-5.88	18.75	961.9889999999999	4151.87
-5.88	18.75	961.025	4291.13
-5.88	18.75	960.06	4344.8
-5.88	18.75	959.096	4424.37
-5.88	18.75	958.1310000000001	4415.8
-5.88	18.75	957.166	4573.05
-5.88	18.75	956.201	4419.39
-5.88	18.75	955.2360000000001	4374.56
-5.88	18.75	954.27	4311.62
-5.88	18.75	953.305	4202.1
-5.88	18.75	952.3389999999999	3906.24
-5.88	18.75	951.373	3833.07
-5.88	18.75	950.4069999999999	3571.02
-5.88	18.75	949.441	3578.14
-5.88	18.75	948.4739999999999	3468.85
-5.88	18.75	947.508	3333.74
-5.88	18.75	946.541	3387.44
-5.88	18.75	945.574	3438.54
-5.88	18.75	944.607	3409.49
-5.88	18.75	943.6389999999999	3359.77
-5.88	18.75	942.672	3501.28
-5.88	18.75	941.704	3482.57
-5.88	18.75	940.7360000000001	3448.36
-5.88	18.75	939.768	3489.06
-5.88	18.75	938.8	3645.94
-5.88	18.75	937.832	3498.13
-5.88	18.75	936.863	3487.17
-5.88	18.75	935.8939999999999	3731.71
-5.88	18.75	934.926	3630.41
-5.88	18.75	933.956	3544.62
-5.88	18.75	932.987	3618.78
-5.88	18.75	932.018	3736.76
-5.88	18.75	931.048	3583.96
-5.88	18.75	930.078	3482.77
-5.88	18.75	929.1080000000001	3489.88
-5.88	18.75	928.138	3628.41
-5.88	18.75	927.168	3439.66
-5.88	18.75	926.198	3302.51
-5.88	18.75	925.227	3286.46
-5.88	18.75	924.2560000000001	3551.11
-5.88	18.75	923.285	3496.4
-5.88	18.75	922.314	3428.84
-5.88	18.75	921.3430000000001	3379.32
-5.88	18.75	920.3710000000001	3618.03
-5.88	18.75	919.3989999999999	3635.38
-5.88	18.75	918.427	3588.42
-5.88	18.75	917.455	3680.36
-5.88	18.75	916.4830000000001	3677.13
-5.88	18.75	915.5110000000001	3733.02
-5.88	18.75	914.538	3403.33
-5.88	18.75	913.565	3472.1
-5.88	18.75	912.5930000000001	3551.13
-5.88	18.75	911.6189999999999	3311.57
-5.88	18.75	910.6460000000001	3316.1
-5.88	18.75	909.673	3436.21
-5.88	18.75	908.699	3484.38
-5.88	18.75	907.725	3455.51
-5.88	18.75	906.7510000000001	3290.61
-5.88	18.75	905.7769999999999	3428.59
-5.88	18.75	904.803	3330.47
-5.88	18.75	903.828	3263.17
-5.88	18.75	902.8539999999999	3275.41
-5.88	18.75	901.8789999999999	3200.44
-5.88	18.75	900.904	3220.38
-5.88	18.75	899.928	3163.4
-5.88	18.75	898.953	3280.73
-5.88	18.75	897.977	3303.2
-5.88	18.75	897.002	3366.65
-5.88	18.75	896.0260000000001	3312.25
-5.88	18.75	895.05	3521.67
-5.88	18.75	894.073	3451.89
-5.88	18.75	893.097	3464.07
-5.88	18.75	892.12	3558.16
-5.88	18.75	891.1439999999999	3670.13
-5.88	18.75	890.1669999999999	3672.02
-5.88	18.75	889.189	3499.94
-5.88	18.75	888.212	3489.08
-5.88	18.75	887.235	3570.29
-5.88	18.75	886.257	3587.54
-5.88	18.75	885.279	3430.94
-5.88	18.75	884.301	3522.34
-5.88	18.75	883.323	3439.92
-5.88	18.75	882.3439999999999	3367.75
-5.88	18.75	881.3660000000001	3290.5
-5.88	18.75	880.387	3486.58
-5.88	18.75	879.408	3452.75
-5.88	18.75	878.429	3388.29
-5.88	18.75	877.45	3349.39
-5.88	18.75	876.47	3606.57
-5.88	18.75	875.4910000000001	3463.01
-5.88	18.75	874.5110000000001	3620.58
-5.88	18.75	873.5310000000001	3647.98
-5.88	18.75	872.551	3581.01
-5.88	18.75	871.57	3792.02
-5.88	18.75	870.59	3635.8
-5.88	18.75	869.6089999999999	3770.25
-5.88	18.75	868.628	3744.08
-5.88	18.75	867.6469999999999	3771.43
-5.88	18.75	866.666	3694.32
-5.88	18.75	865.684	3798.09
-5.88	18.75	864.703	3705.71
-5.88	18.75	863.721	3715.22
-5.88	18.75	862.7389999999999	3610.17
-5.88	18.75	861.757	3657.88
-5.88	18.75	860.775	3570.68
-5.88	18.75	859.7919999999999	3615.84
-5.88	18.75	858.81	3625.36
-5.88	18.75	857.827	3647.59
-5.88	18.75	856.8439999999999	3573.18
-5.88	18.75	855.86	3506.42
-5.88	18.75	854.877	3460.02
-5.88	18.75	853.8939999999999	3561.07
-5.88	18.75	852.91	3438.44
-5.88	18.75	851.926	3453.06
-5.88	18.75	850.942	3447.35
-5.88	18.75	849.9580000000001	3411.17
-5.88	18.75	848.9730000000001	3481.65
-5.88	18.75	847.988	3562.27
-5.88	18.75	847.0039999999999	3518.47
-5.88	18.75	846.0189999999999	3512.76
-5.88	18.75	845.034	3557.8
-5.88	18.75	844.048	3574.91
-5.88	18.75	843.063	3614.85
-5.88	18.75	842.077	3639.56
-5.88	18.75	841.091	3567.89
-5.88	18.75	840.105	3653.45
-5.88	18.75	839.1189999999999	3873.32
-5.88	18.75	838.132	3654.65
-5.88	18.75	837.1460000000001	3747.75
-5.88	18.75	836.159	3856.01
-5.88	18.75	835.172	4151.67
-5.88	18.75	834.185	4287.68
-5.88	18.75	833.198	4365.4
-5.88	18.75	832.21	4448.15
-5.88	18.75	831.222	4743.49
-5.88	18.75	830.235	4934.97
-5.88	18.75	829.247	4961.9
-5.88	18.75	828.258	5224.11
-5.88	18.75	827.27	5359.74
-5.88	18.75	826.2810000000001	5487.74
-5.88	18.75	825.293	5463.99
-5.88	18.75	824.304	5283.51
-5.88	18.75	823.315	5280.02
-5.88	18.75	822.325	5210.83
-5.88	18.75	821.336	5267.99
-5.88	18.75	820.346	5304.93
-5.88	18.75	819.3560000000001	5316.59
-5.88	18.75	818.3660000000001	5265.12
-5.88	18.75	817.3760000000001	5112.68
-5.88	18.75	816.3860000000001	4912.33
-5.88	18.75	815.395	4611.09
-5.88	18.75	814.405	4428.57
-5.88	18.75	813.414	4208.27
-5.88	18.75	812.423	4093.99
-5.88	18.75	811.431	3992.36
-5.88	18.75	810.44	3779.83
-5.88	18.75	809.448	3680.81
-5.88	18.75	808.456	3594.44
-5.88	18.75	807.4639999999999	3636.63
-5.88	18.75	806.472	3603.21
-5.88	18.75	805.48	3544.61
-5.88	18.75	804.487	3604.42
-5.88	18.75	803.495	3598.73
-5.88	18.75	802.502	3588.0
-5.88	18.75	801.5089999999999	3607.49
-5.88	18.75	800.5160000000001	3644.58
-5.88	18.75	799.5219999999999	3573.46
-5.88	18.75	798.528	3751.45
-5.88	18.75	797.535	3816.17
-5.88	18.75	796.541	3634.38
-5.88	18.75	795.547	3787.12
-5.88	18.75	794.552	3982.54
-5.88	18.75	793.558	3979.3
-5.88	18.75	792.563	3953.44
-5.88	18.75	791.568	3942.67
-5.88	18.75	790.573	3974.61
-5.88	18.75	789.578	3865.87
-5.88	18.75	788.582	3742.11
-5.88	18.75	787.587	3615.87
-5.88	18.75	786.591	3592.62
-5.88	18.75	785.595	3571.88
-5.88	18.75	784.5989999999999	3485.9
-5.88	18.75	783.602	3558.04
-5.88	18.75	782.6060000000001	3590.0
-5.88	18.75	781.6089999999999	3426.31
-5.88	18.75	780.612	3345.43
-5.88	18.75	779.615	3294.67
-5.88	18.75	778.618	3459.53
-5.88	18.75	777.6210000000001	3343.6
-5.88	18.75	776.623	3430.7
-5.88	18.75	775.625	3445.11
-5.88	18.75	774.627	3489.57
-5.88	18.75	773.6289999999999	3576.6
-5.88	18.75	772.6310000000001	3651.07
-5.88	18.75	771.632	3753.05
-5.88	18.75	770.6339999999999	3834.98
-5.88	18.75	769.635	3796.73
-5.88	18.75	768.6360000000001	3843.59
-5.88	18.75	767.6360000000001	4038.03
-5.88	18.75	766.637	3997.27
-5.88	18.75	765.637	3926.51
-5.88	18.75	764.637	3900.79
-5.88	18.75	763.638	3972.58
-5.88	18.75	762.637	3856.87
-5.88	18.75	761.637	3701.22
-5.88	18.75	760.6360000000001	3723.04
-5.88	18.75	759.6360000000001	3757.33
-5.88	18.75	758.635	3581.8
-5.88	18.75	757.6339999999999	3566.16
-5.88	18.75	756.633	3647.91
-5.88	18.75	755.6310000000001	3642.25
-5.88	18.75	754.6289999999999	3531.76
-5.88	18.75	753.628	3705.8
-5.88	18.75	752.6260000000001	3812.41
-5.88	18.75	751.623	3824.18
-5.88	18.75	750.6210000000001	3883.34
-5.88	18.75	749.6189999999999	4044.72
-5.88	18.75	748.6160000000001	4163.66
-5.88	18.75	747.613	4140.46
-5.88	18.75	746.61	4349.06
-5.88	18.75	745.607	4612.4
-5.88	18.75	744.6030000000001	4569.2
-5.88	18.75	743.5989999999999	4600.75
-5.88	18.75	742.596	4577.49
-5.88	18.75	741.592	4556.73
-5.88	18.75	740.587	4399.06
-5.88	18.75	739.5830000000001	4273.8
-5.88	18.75	738.579	4434.78
-5.88	18.75	737.574	4421.53
-5.88	18.75	736.569	4445.59
-5.88	18.75	735.564	4419.91
-5.88	18.75	734.558	4535.98
-5.88	18.75	733.553	4684.33
-5.88	18.75	732.547	4800.31
-5.88	18.75	731.541	4903.83
-5.88	18.75	730.535	5024.69
-5.88	18.75	729.529	4867.25
-5.88	18.75	728.523	4692.47
-5.88	18.75	727.5160000000001	4882.85
-5.88	18.75	726.5089999999999	4901.82
-5.88	18.75	725.503	4742.03
-5.88	18.75	724.495	4460.66
-5.88	18.75	723.488	4400.28
-5.88	18.75	722.4810000000001	4064.49
-5.88	18.75	721.4730000000001	3818.13
-5.88	18.75	720.465	3690.93
-5.88	18.75	719.457	3526.57
-5.88	18.75	718.449	3496.17
-5.88	18.75	717.44	3403.81
-5.88	18.75	716.432	3408.14
-5.88	18.75	715.423	3392.65
-5.88	18.75	714.414	3253.27
-5.88	18.75	713.405	3215.52
-5.88	18.75	712.395	3207.5
-5.88	18.75	711.3860000000001	3281.2
-5.88	18.75	710.3760000000001	3146.9
-5.88	18.75	709.3660000000001	3193.35
-5.88	18.75	708.3560000000001	3177.92
-5.88	18.75	707.346	3291.17
-5.88	18.75	706.335	3169.33
-5.88	18.75	705.325	3210.8
-5.88	18.75	704.314	3074.19
-5.88	18.75	703.303	3043.95
-5.88	18.75	702.2919999999999	2897.53
-5.88	18.75	701.28	2916.77
-5.88	18.75	700.2689999999999	2995.32
-5.88	18.75	699.257	2863.81
-5.88	18.75	698.245	3021.4
-5.88	18.75	697.2330000000001	2922.04
-5.88	18.75	696.22	2941.26
-5.88	18.75	695.2080000000001	2992.57
-5.88	18.75	694.195	3068.55
-5.88	18.75	693.182	2998.88
-5.88	18.75	692.169	2934.17
-5.88	18.75	691.1560000000001	3005.18
-5.88	18.75	690.143	2972.56
-5.88	18.75	689.1289999999999	2937.48
-5.88	18.75	688.115	3050.38
-5.88	18.75	687.1010000000001	2963.52
-5.88	18.75	686.087	3029.54
-5.88	18.75	685.073	3078.27
-5.88	18.75	684.058	3119.6
-5.88	18.75	683.043	3109.17
-5.88	18.75	682.028	3125.84
-5.88	18.75	681.013	3228.7
-5.88	18.75	679.998	3104.99
-5.88	18.75	678.9830000000001	3264.44
-5.88	18.75	677.967	3229.38
-5.88	18.75	676.951	3137.74
-5.88	18.75	675.935	3151.92
-5.88	18.75	674.919	3237.44
-5.88	18.75	673.9019999999999	3069.6
-5.88	18.75	672.8860000000001	3174.78
-5.88	18.75	671.8689999999999	2994.71
-5.88	18.75	670.852	3077.74
-5.88	18.75	669.835	3028.01
-5.88	18.75	668.817	2921.79
-5.88	18.75	667.8	3098.15
-5.88	18.75	666.7819999999999	3006.69
-5.88	18.75	665.7639999999999	2961.93
-5.88	18.75	664.7460000000001	3000.68
-5.88	18.75	663.7280000000001	3076.23
-5.88	18.75	662.709	3014.3
-5.88	18.75	661.691	3040.74
-5.88	18.75	660.672	3099.07
-5.88	18.75	659.653	2985.65
-5.88	18.75	658.6339999999999	3110.2
-5.88	18.75	657.6139999999999	3026.24
-5.88	18.75	656.595	3153.19
-5.88	18.75	655.575	3079.06
-5.88	18.75	654.555	3142.22
-5.88	18.75	653.535	2992.16
-5.88	18.75	652.514	3148.41
-5.88	18.75	651.494	3191.93
-5.88	18.75	650.4730000000001	3125.21
-5.88	18.75	649.452	3100.15
-5.88	18.75	648.431	3175.48
-5.88	18.75	647.41	3133.28
-5.88	18.75	646.388	3000.54
-5.88	18.75	645.366	3176.17
-5.88	18.75	644.345	3116.87
-5.88	18.75	643.323	3028.23
-5.88	18.75	642.3	3093.71
-5.88	18.75	641.278	3090.69
-5.88	18.75	640.255	3060.79
-5.88	18.75	639.232	3072.44
-5.88	18.75	638.2090000000001	3108.53
-5.88	18.75	637.186	3063.98
-5.88	18.75	636.163	2948.6
-5.88	18.75	635.139	3009.12
-5.88	18.75	634.116	3089.15
-5.88	18.75	633.092	3049.51
-5.88	18.75	632.068	2973.28
-5.88	18.75	631.043	3016.66
-5.88	18.75	630.019	3091.75
-5.88	18.75	628.994	3069.22
-5.88	18.75	627.969	2936.93
-5.88	18.75	626.944	3038.83
-5.88	18.75	625.919	3169.94
-5.88	18.75	624.893	3115.72
-5.88	18.75	623.868	3239.46
-5.88	18.75	622.842	3331.47
-5.88	18.75	621.816	3613.5
-5.88	18.75	620.79	3659.12
-5.88	18.75	619.763	3967.78
-5.88	18.75	618.737	4227.62
-5.88	18.75	617.71	4258.5
-5.88	18.75	616.683	4179.81
-5.88	18.75	615.656	4283.7
-5.88	18.75	614.629	4129.6
-5.88	18.75	613.601	3827.14
-5.88	18.75	612.573	3680.48
-5.88	18.75	611.545	3670.07
-5.88	18.75	610.5169999999999	3423.79
-5.88	18.75	609.489	3311.33
-5.88	18.75	608.461	3383.64
-5.88	18.75	607.432	3259.07
-5.88	18.75	606.403	3197.72
-5.88	18.75	605.374	3107.24
-5.88	18.75	604.345	3194.11
-5.88	18.75	603.315	3038.09
-5.88	18.75	602.286	3090.95
-5.88	18.75	601.256	3177.77
-5.88	18.75	600.226	3203.88
