-3.88	18.75	1799.66	1684.02
-3.88	18.75	1798.84	1604.28
-3.88	18.75	1798.03	1701.78
-3.88	18.75	1797.21	1787.02
-3.88	18.75	1796.39	1771.45
-3.88	18.75	1795.57	1700.92
-3.88	18.75	1794.75	1838.02
-3.88	18.75	1793.93	1798.03
-3.88	18.75	1793.11	1736.68
-3.88	18.75	1792.29	1849.3
-3.88	18.75	1791.47	1665.92
-3.88	18.75	1790.65	1723.6
-3.88	18.75	1789.84	1720.26
-3.88	18.75	1789.02	1796.21
-3.88	18.75	1788.2	1722.73
-3.88	18.75	1787.38	1722.43
-3.88	18.75	1786.56	1792.25
-3.88	18.75	1785.73	1727.95
-3.88	18.75	1784.91	1776.41
-3.88	18.75	1784.09	1693.85
-3.88	18.75	1783.27	1684.43
-3.88	18.75	1782.45	1805.96
-3.88	18.75	1781.63	1759.98
-3.88	18.75	1780.81	1726.2
-3.88	18.75	1779.99	1847.66
-3.88	18.75	1779.17	1841.26
-3.88	18.75	1778.35	1783.14
-3.88	18.75	1777.52	1721.99
-3.88	18.75	1776.7	1822.08
-3.88	18.75	1775.88	1830.89
-3.88	18.75	1775.06	1775.85
-3.88	18.75	1774.24	1726.9
-3.88	18.75	1773.41	1805.65
-3.88	18.75	1772.59	1866.13
-3.88	18.75	1771.77	1786.8
-3.88	18.75	1770.95	1844.23
-3.88	18.75	1770.12	1792.27
-3.88	18.75	1769.3	1825.38
-3.88	18.75	1768.48	1776.48
-3.88	18.75	1767.65	1806.54
-3.88	18.75	1766.83	1821.42
-3.88	18.75	1766.01	1796.83
-3.88	18.75	1765.18	1848.11
-3.88	18.75	1764.36	1920.62
-3.88	18.75	1763.53	1859.62
-3.88	18.75	1762.71	1853.24
-3.88	18.75	1761.88	1871.12
-3.88	18.75	1761.06	1737.39
-3.88	18.75	1760.24	1797.73
-3.88	18.75	1759.41	1909.58
-3.88	18.75	1758.59	1845.61
-3.88	18.75	1757.76	1893.78
-3.88	18.75	1756.94	1860.13
-3.88	18.75	1756.11	1953.72
-3.88	18.75	1755.28	1944.3
-3.88	18.75	1754.46	1747.15
-3.88	18.75	1753.63	1825.57
-3.88	18.75	1752.81	1876.72
-3.88	18.75	1751.98	1891.54
-3.88	18.75	1751.16	1827.67
-3.88	18.75	1750.33	1903.0
-3.88	18.75	1749.5	1851.25
-3.88	18.75	1748.68	1869.08
-3.88	18.75	1747.85	1847.6
-3.88	18.75	1747.02	1901.71
-3.88	18.75	1746.2	1865.11
-3.88	18.75	1745.37	1940.35
-3.88	18.75	1744.54	1900.74
-3.88	18.75	1743.71	1864.16
-3.88	18.75	1742.89	1848.74
-3.88	18.75	1742.06	1848.43
-3.88	18.75	1741.23	1974.95
-3.88	18.75	1740.4	1947.44
-3.88	18.75	1739.57	1983.33
-3.88	18.75	1738.75	2010.16
-3.88	18.75	1737.92	2012.84
-3.88	18.75	1737.09	2045.69
-3.88	18.75	1736.26	1972.94
-3.88	18.75	1735.43	1888.15
-3.88	18.75	1734.6	1969.25
-3.88	18.75	1733.77	1905.6
-3.88	18.75	1732.94	1959.54
-3.88	18.75	1732.11	1926.05
-3.88	18.75	1731.28	1844.36
-3.88	18.75	1730.45	1895.27
-3.88	18.75	1729.62	2009.43
-3.88	18.75	1728.8	1930.77
-3.88	18.75	1727.96	1954.53
-3.88	18.75	1727.13	1981.3
-3.88	18.75	1726.3	2056.23
-3.88	18.75	1725.47	1965.58
-3.88	18.75	1724.64	1995.34
-3.88	18.75	1723.81	1979.96
-3.88	18.75	1722.98	1988.65
-3.88	18.75	1722.15	1961.24
-3.88	18.75	1721.32	2003.01
-3.88	18.75	1720.49	2089.87
-3.88	18.75	1719.66	2062.46
-3.88	18.75	1718.82	2080.14
-3.88	18.75	1717.99	2004.65
-3.88	18.75	1717.16	1923.18
-3.88	18.75	1716.33	2012.99
-3.88	18.75	1715.5	2063.71
-3.88	18.75	1714.66	2069.37
-3.88	18.75	1713.83	1927.88
-3.88	18.75	1713.0	2056.65
-3.88	18.75	1712.17	2089.33
-3.88	18.75	1711.33	1974.92
-3.88	18.75	1710.5	2034.6
-3.88	18.75	1709.67	2040.26
-3.88	18.75	1708.83	1976.91
-3.88	18.75	1708.0	2084.55
-3.88	18.75	1707.17	2171.16
-3.88	18.75	1706.33	2077.85
-3.88	18.75	1705.5	1930.6
-3.88	18.75	1704.66	2053.16
-3.88	18.75	1703.83	2121.74
-3.88	18.75	1703.0	2103.4
-3.88	18.75	1702.16	2067.09
-3.88	18.75	1701.33	2189.55
-3.88	18.75	1700.49	2117.3
-3.88	18.75	1699.66	2125.92
-3.88	18.75	1698.82	2086.64
-3.88	18.75	1697.99	2104.25
-3.88	18.75	1697.15	2166.74
-3.88	18.75	1696.32	2181.33
-3.88	18.75	1695.48	2168.99
-3.88	18.75	1694.64	2147.68
-3.88	18.75	1693.81	2225.08
-3.88	18.75	1692.97	2134.99
-3.88	18.75	1692.14	2209.37
-3.88	18.75	1691.3	2095.41
-3.88	18.75	1690.46	2211.61
-3.88	18.75	1689.63	2145.49
-3.88	18.75	1688.79	2327.37
-3.88	18.75	1687.95	2192.56
-3.88	18.75	1687.12	2126.48
-3.88	18.75	1686.28	2257.5
-3.88	18.75	1685.44	2215.32
-3.88	18.75	1684.6	2214.94
-3.88	18.75	1683.77	2172.78
-3.88	18.75	1682.93	2172.41
-3.88	18.75	1682.09	2231.71
-3.88	18.75	1681.25	2270.11
-3.88	18.75	1680.41	2222.01
-3.88	18.75	1679.58	2182.86
-3.88	18.75	1678.74	2194.41
-3.88	18.75	1677.9	2164.23
-3.88	18.75	1677.06	2318.85
-3.88	18.75	1676.22	2220.11
-3.88	18.75	1675.38	2213.78
-3.88	18.75	1674.54	2174.67
-3.88	18.75	1673.7	2239.83
-3.88	18.75	1672.86	2167.97
-3.88	18.75	1672.02	2206.31
-3.88	18.75	1671.18	2226.77
-3.88	18.75	1670.34	2259.14
-3.88	18.75	1669.5	2276.61
-3.88	18.75	1668.66	2207.78
-3.88	18.75	1667.82	2263.93
-3.88	18.75	1666.98	2302.21
-3.88	18.75	1666.14	2367.25
-3.88	18.75	1665.3	2295.48
-3.88	18.75	1664.46	2419.95
-3.88	18.75	1663.62	2256.06
-3.88	18.75	1662.78	2297.28
-3.88	18.75	1661.94	2359.28
-3.88	18.75	1661.1	2385.62
-3.88	18.75	1660.25	2307.98
-3.88	18.75	1659.41	2456.08
-3.88	18.75	1658.57	2333.92
-3.88	18.75	1657.73	2410.71
-3.88	18.75	1656.89	2439.98
-3.88	18.75	1656.04	2451.44
-3.88	18.75	1655.2	2528.17
-3.88	18.75	1654.36	2557.41
-3.88	18.75	1653.52	2373.06
-3.88	18.75	1652.67	2547.64
-3.88	18.75	1651.83	2564.99
-3.88	18.75	1650.99	2626.82
-3.88	18.75	1650.14	2475.19
-3.88	18.75	1649.3	2614.06
-3.88	18.75	1648.46	2610.65
-3.88	18.75	1647.61	2690.2
-3.88	18.75	1646.77	2704.56
-3.88	18.75	1645.92	2647.82
-3.88	18.75	1645.08	2688.83
-3.88	18.75	1644.24	2694.29
-3.88	18.75	1643.39	2806.32
-3.88	18.75	1642.55	2788.08
-3.88	18.75	1641.7	2784.64
-3.88	18.75	1640.86	2819.67
-3.88	18.75	1640.01	2789.61
-3.88	18.75	1639.17	2910.4
-3.88	18.75	1638.32	2827.1
-3.88	18.75	1637.48	2953.75
-3.88	18.75	1636.63	2911.86
-3.88	18.75	1635.78	2899.54
-3.88	18.75	1634.94	2952.24
-3.88	18.75	1634.09	2960.6
-3.88	18.75	1633.25	3033.95
-3.88	18.75	1632.4	3119.09
-3.88	18.75	1631.55	3204.19
-3.88	18.75	1630.71	3126.88
-3.88	18.75	1629.86	3256.24
-3.88	18.75	1629.01	3090.39
-3.88	18.75	1628.16	3160.69
-3.88	18.75	1627.32	3169.0
-3.88	18.75	1626.47	3274.66
-3.88	18.75	1625.62	3380.29
-3.88	18.75	1624.77	3282.39
-3.88	18.75	1623.93	3343.75
-3.88	18.75	1623.08	3378.55
-3.88	18.75	1622.23	3487.04
-3.88	18.75	1621.38	3530.65
-3.88	18.75	1620.53	3518.26
-3.88	18.75	1619.69	3505.87
-3.88	18.75	1618.84	3617.2
-3.88	18.75	1617.99	3704.94
-3.88	18.75	1617.14	3660.13
-3.88	18.75	1616.29	3686.0
-3.88	18.75	1615.44	3814.89
-3.88	18.75	1614.59	3881.93
-3.88	18.75	1613.74	3954.83
-3.88	18.75	1612.89	3871.77
-3.88	18.75	1612.04	3885.82
-3.88	18.75	1611.19	3993.97
-3.88	18.75	1610.34	4184.42
-3.88	18.75	1609.49	4221.93
-3.88	18.75	1608.64	4291.75
-3.88	18.75	1607.79	4423.28
-3.88	18.75	1606.94	4534.18
-3.88	18.75	1606.09	4474.65
-3.88	18.75	1605.24	4556.13
-3.88	18.75	1604.39	4631.71
-3.88	18.75	1603.54	4742.51
-3.88	18.75	1602.68	4568.47
-3.88	18.75	1601.83	4614.65
-3.88	18.75	1600.98	4335.04
-3.88	18.75	1600.13	4401.79
-3.88	18.75	1599.28	4459.71
-3.88	18.75	1598.42	4420.81
-3.88	18.75	1597.57	4335.0
-3.88	18.75	1596.72	4530.73
-3.88	18.75	1595.87	4415.61
-3.88	18.75	1595.01	4435.37
-3.88	18.75	1594.16	4337.89
-3.88	18.75	1593.31	4316.63
-3.88	18.75	1592.45	4471.18
-3.88	18.75	1591.6	4546.58
-3.88	18.75	1590.75	4478.43
-3.88	18.75	1589.89	4407.38
-3.88	18.75	1589.04	4582.3
-3.88	18.75	1588.19	4572.73
-3.88	18.75	1587.33	4536.83
-3.88	18.75	1586.48	4656.03
-3.88	18.75	1585.62	4722.53
-3.88	18.75	1584.77	4870.92
-3.88	18.75	1583.91	4700.44
-3.88	18.75	1583.06	4717.18
-3.88	18.75	1582.2	4988.29
-3.88	18.75	1581.35	5080.99
-3.88	18.75	1580.49	5270.11
-3.88	18.75	1579.64	5479.62
-3.88	18.75	1578.78	5449.46
-3.88	18.75	1577.93	5790.34
-3.88	18.75	1577.07	5798.11
-3.88	18.75	1576.21	6092.08
-3.88	18.75	1575.36	6251.63
-3.88	18.75	1574.5	6247.64
-3.88	18.75	1573.65	6199.86
-3.88	18.75	1572.79	6330.12
-3.88	18.75	1571.93	6568.31
-3.88	18.75	1571.08	6637.2
-3.88	18.75	1570.22	6875.25
-3.88	18.75	1569.36	6973.23
-3.88	18.75	1568.5	7176.14
-3.88	18.75	1567.65	7344.01
-3.88	18.75	1566.79	7517.64
-3.88	18.75	1565.93	7895.23
-3.88	18.75	1565.07	7876.39
-3.88	18.75	1564.21	7965.35
-3.88	18.75	1563.36	7783.38
-3.88	18.75	1562.5	8090.76
-3.88	18.75	1561.64	7786.53
-3.88	18.75	1560.78	7692.02
-3.88	18.75	1559.92	7294.81
-3.88	18.75	1559.06	7401.24
-3.88	18.75	1558.2	6983.85
-3.88	18.75	1557.34	6857.54
-3.88	18.75	1556.49	6460.75
-3.88	18.75	1555.63	6302.58
-3.88	18.75	1554.77	6080.49
-3.88	18.75	1553.91	5875.93
-3.88	18.75	1553.05	5802.24
-3.88	18.75	1552.19	5609.42
-3.88	18.75	1551.33	5471.88
-3.88	18.75	1550.47	5392.49
-3.88	18.75	1549.6	5342.18
-3.88	18.75	1548.74	5227.98
-3.88	18.75	1547.88	5247.41
-3.88	18.75	1547.02	5284.25
-3.88	18.75	1546.16	5170.13
-3.88	18.75	1545.3	5154.73
-3.88	18.75	1544.44	4965.21
-3.88	18.75	1543.58	5031.09
-3.88	18.75	1542.71	4917.09
-3.88	18.75	1541.85	4895.94
-3.88	18.75	1540.99	4892.2
-3.88	18.75	1540.13	4876.86
-3.88	18.75	1539.27	4922.4
-3.88	18.75	1538.4	4666.49
-3.88	18.75	1537.54	4712.05
-3.88	18.75	1536.68	4850.32
-3.88	18.75	1535.81	4606.14
-3.88	18.75	1534.95	4889.2
-3.88	18.75	1534.09	4807.27
-3.88	18.75	1533.23	4710.89
-3.88	18.75	1532.36	4640.6
-3.88	18.75	1531.5	4538.49
-3.88	18.75	1530.63	4531.92
-3.88	18.75	1529.77	4496.42
-3.88	18.75	1528.91	4648.97
-3.88	18.75	1528.04	4642.39
-3.88	18.75	1527.18	4381.31
-3.88	18.75	1526.31	4337.18
-3.88	18.75	1525.45	4382.69
-3.88	18.75	1524.58	4436.85
-3.88	18.75	1523.72	4219.34
-3.88	18.75	1522.85	4293.74
-3.88	18.75	1521.99	4345.0
-3.88	18.75	1521.12	4480.01
-3.88	18.75	1520.26	4531.22
-3.88	18.75	1519.39	4553.54
-3.88	18.75	1518.52	4645.14
-3.88	18.75	1517.66	4852.16
-3.88	18.75	1516.79	4689.71
-3.88	18.75	1515.93	4576.37
-3.88	18.75	1515.06	4566.92
-3.88	18.75	1514.19	4880.54
-3.88	18.75	1513.33	4565.35
-3.88	18.75	1512.46	4668.36
-3.88	18.75	1511.59	4618.55
-3.88	18.75	1510.72	4522.63
-3.88	18.75	1509.86	4547.79
-3.88	18.75	1508.99	4440.39
-3.88	18.75	1508.12	4445.38
-3.88	18.75	1507.25	4343.8
-3.88	18.75	1506.38	4515.85
-3.88	18.75	1505.52	4428.68
-3.88	18.75	1504.65	4459.59
-3.88	18.75	1503.78	4470.33
-3.88	18.75	1502.91	4607.7
-3.88	18.75	1502.04	4624.17
-3.88	18.75	1501.17	4352.93
-3.88	18.75	1500.3	4326.29
-3.88	18.75	1499.44	4406.07
-3.88	18.75	1498.57	4396.69
-3.88	18.75	1497.7	4105.55
-3.88	18.75	1496.83	4055.97
-3.88	18.75	1495.96	3994.92
-3.88	18.75	1495.09	4043.08
-3.88	18.75	1494.22	3904.47
-3.88	18.75	1493.35	3941.14
-3.88	18.75	1492.48	3779.62
-3.88	18.75	1491.61	3796.2
-3.88	18.75	1490.73	4039.58
-3.88	18.75	1489.86	3860.91
-3.88	18.75	1488.99	3771.27
-3.88	18.75	1488.12	3985.84
-3.88	18.75	1487.25	3924.9
-3.88	18.75	1486.38	4010.27
-3.88	18.75	1485.51	3874.78
-3.88	18.75	1484.63	3868.38
-3.88	18.75	1483.76	4091.34
-3.88	18.75	1482.89	3858.44
-3.88	18.75	1482.02	3952.35
-3.88	18.75	1481.15	3851.37
-3.88	18.75	1480.27	3979.64
-3.88	18.75	1479.4	3947.44
-3.88	18.75	1478.53	3869.42
-3.88	18.75	1477.65	3926.03
-3.88	18.75	1476.78	3767.87
-3.88	18.75	1475.91	3884.59
-3.88	18.75	1475.03	3752.26
-3.88	18.75	1474.16	3785.95
-3.88	18.75	1473.29	3693.74
-3.88	18.75	1472.41	3641.61
-3.88	18.75	1471.54	3686.74
-3.88	18.75	1470.67	3557.42
-3.88	18.75	1469.79	3642.57
-3.88	18.75	1468.92	3581.91
-3.88	18.75	1468.04	3555.57
-3.88	18.75	1467.17	3514.94
-3.88	18.75	1466.29	3511.48
-3.88	18.75	1465.42	3402.32
-3.88	18.75	1464.54	3327.47
-3.88	18.75	1463.67	3264.06
-3.88	18.75	1462.79	3297.76
-3.88	18.75	1461.91	3357.14
-3.88	18.75	1461.04	3416.5
-3.88	18.75	1460.16	3338.85
-3.88	18.75	1459.29	3324.01
-3.88	18.75	1458.41	3326.29
-3.88	18.75	1457.53	3334.27
-3.88	18.75	1456.66	3367.91
-3.88	18.75	1455.78	3333.11
-3.88	18.75	1454.9	3295.47
-3.88	18.75	1454.03	3235.05
-3.88	18.75	1453.15	3325.68
-3.88	18.75	1452.27	3410.58
-3.88	18.75	1451.39	3230.51
-3.88	18.75	1450.52	3304.01
-3.88	18.75	1449.64	3368.94
-3.88	18.75	1448.76	3197.51
-3.88	18.75	1447.88	3404.78
-3.88	18.75	1447.0	3296.03
-3.88	18.75	1446.13	3193.0
-3.88	18.75	1445.25	3155.46
-3.88	18.75	1444.37	3211.81
-3.88	18.75	1443.49	3313.65
-3.88	18.75	1442.61	3222.07
-3.88	18.75	1441.73	3210.14
-3.88	18.75	1440.85	3203.9
-3.88	18.75	1439.97	3146.49
-3.88	18.75	1439.09	3231.2
-3.88	18.75	1438.21	3287.47
-3.88	18.75	1437.33	3107.92
-3.88	18.75	1436.45	3257.93
-3.88	18.75	1435.57	3274.4
-3.88	18.75	1434.69	3188.65
-3.88	18.75	1433.81	3151.19
-3.88	18.75	1432.93	3207.41
-3.88	18.75	1432.05	3249.42
-3.88	18.75	1431.17	3197.78
-3.88	18.75	1430.29	3194.39
-3.88	18.75	1429.41	3137.11
-3.88	18.75	1428.52	3258.51
-3.88	18.75	1427.64	3192.73
-3.88	18.75	1426.76	3240.37
-3.88	18.75	1425.88	3154.77
-3.88	18.75	1425.0	3091.87
-3.88	18.75	1424.11	3170.68
-3.88	18.75	1423.23	3034.14
-3.88	18.75	1422.35	3243.22
-3.88	18.75	1421.47	3307.79
-3.88	18.75	1420.58	3256.25
-3.88	18.75	1419.7	3159.43
-3.88	18.75	1418.82	3181.52
-3.88	18.75	1417.93	3101.73
-3.88	18.75	1417.05	3166.27
-3.88	18.75	1416.17	3244.93
-3.88	18.75	1415.28	3261.34
-3.88	18.75	1414.4	3303.19
-3.88	18.75	1413.51	3350.69
-3.88	18.75	1412.63	3319.01
-3.88	18.75	1411.75	3374.96
-3.88	18.75	1410.86	3266.98
-3.88	18.75	1409.98	3396.39
-3.88	18.75	1409.09	3387.33
-3.88	18.75	1408.21	3386.74
-3.88	18.75	1407.32	3312.72
-3.88	18.75	1406.44	3357.32
-3.88	18.75	1405.55	3579.77
-3.88	18.75	1404.66	3559.39
-3.88	18.75	1403.78	3510.79
-3.88	18.75	1402.89	3668.19
-3.88	18.75	1402.01	3537.78
-3.88	18.75	1401.12	3607.68
-3.88	18.75	1400.23	3522.45
-3.88	18.75	1399.35	3722.04
-3.88	18.75	1398.46	3769.31
-3.88	18.75	1397.57	3870.13
-3.88	18.75	1396.69	3861.0
-3.88	18.75	1395.8	3860.33
-3.88	18.75	1394.91	3977.99
-3.88	18.75	1394.02	4056.16
-3.88	18.75	1393.14	4094.88
-3.88	18.75	1392.25	4080.09
-3.88	18.75	1391.36	4023.08
-3.88	18.75	1390.47	3884.45
-3.88	18.75	1389.58	3999.16
-3.88	18.75	1388.7	3838.07
-3.88	18.75	1387.81	3924.62
-3.88	18.75	1386.92	3957.69
-3.88	18.75	1386.03	3872.63
-3.88	18.75	1385.14	3818.53
-3.88	18.75	1384.25	3795.37
-3.88	18.75	1383.36	3755.36
-3.88	18.75	1382.47	3836.2
-3.88	18.75	1381.58	3756.86
-3.88	18.75	1380.69	3829.25
-3.88	18.75	1379.8	3834.2
-3.88	18.75	1378.91	3782.98
-3.88	18.75	1378.02	3757.05
-3.88	18.75	1377.13	3958.53
-3.88	18.75	1376.24	3786.61
-3.88	18.75	1375.35	3937.5
-3.88	18.75	1374.46	3934.01
-3.88	18.75	1373.57	3734.13
-3.88	18.75	1372.68	3856.9
-3.88	18.75	1371.78	4089.01
-3.88	18.75	1370.89	3998.56
-3.88	18.75	1370.0	4000.67
-3.88	18.75	1369.11	4028.0
-3.88	18.75	1368.22	4069.34
-3.88	18.75	1367.33	4009.78
-3.88	18.75	1366.43	3981.07
-3.88	18.75	1365.54	4165.25
-3.88	18.75	1364.65	4172.92
-3.88	18.75	1363.76	4046.19
-3.88	18.75	1362.86	3871.9
-3.88	18.75	1361.97	4019.58
-3.88	18.75	1361.08	4069.26
-3.88	18.75	1360.18	4127.31
-3.88	18.75	1359.29	4048.25
-3.88	18.75	1358.4	4016.78
-3.88	18.75	1357.5	4225.83
-3.88	18.75	1356.61	4104.85
-3.88	18.75	1355.71	4123.71
-3.88	18.75	1354.82	4134.17
-3.88	18.75	1353.92	4155.8
-3.88	18.75	1353.03	4230.52
-3.88	18.75	1352.13	4249.34
-3.88	18.75	1351.24	4044.69
-3.88	18.75	1350.34	3988.12
-3.88	18.75	1349.45	4308.54
-3.88	18.75	1348.55	4221.24
-3.88	18.75	1347.66	4100.48
-3.88	18.75	1346.76	4186.28
-3.88	18.75	1345.87	4350.18
-3.88	18.75	1344.97	4254.56
-3.88	18.75	1344.07	4214.77
-3.88	18.75	1343.18	4155.46
-3.88	18.75	1342.28	4266.27
-3.88	18.75	1341.38	4298.98
-3.88	18.75	1340.49	4312.17
-3.88	18.75	1339.59	4135.83
-3.88	18.75	1338.69	4324.59
-3.88	18.75	1337.8	4415.77
-3.88	18.75	1336.9	4320.29
-3.88	18.75	1336.0	4333.46
-3.88	18.75	1335.1	4341.06
-3.88	18.75	1334.2	4409.9
-3.88	18.75	1333.31	4553.87
-3.88	18.75	1332.41	4647.7
-3.88	18.75	1331.51	4538.37
-3.88	18.75	1330.61	4651.64
-3.88	18.75	1329.71	4628.57
-3.88	18.75	1328.81	4547.11
-3.88	18.75	1327.91	4546.31
-3.88	18.75	1327.02	4684.52
-3.88	18.75	1326.12	4697.6
-3.88	18.75	1325.22	4646.75
-3.88	18.75	1324.32	4726.52
-3.88	18.75	1323.42	4772.92
-3.88	18.75	1322.52	4722.09
-3.88	18.75	1321.62	4710.15
-3.88	18.75	1320.72	4648.24
-3.88	18.75	1319.82	4886.18
-3.88	18.75	1318.91	4860.34
-3.88	18.75	1318.01	5048.21
-3.88	18.75	1317.11	4939.11
-3.88	18.75	1316.21	5151.87
-3.88	18.75	1315.31	5217.54
-3.88	18.75	1314.41	5363.61
-3.88	18.75	1313.51	5334.94
-3.88	18.75	1312.61	5297.96
-3.88	18.75	1311.7	5446.72
-3.88	18.75	1310.8	5459.62
-3.88	18.75	1309.9	5608.29
-3.88	18.75	1309.0	5554.67
-3.88	18.75	1308.09	5622.94
-3.88	18.75	1307.19	5339.48
-3.88	18.75	1306.29	5468.68
-3.88	18.75	1305.39	5387.44
-3.88	18.75	1304.48	5353.28
-3.88	18.75	1303.58	5355.1
-3.88	18.75	1302.68	5362.47
-3.88	18.75	1301.77	5740.54
-3.88	18.75	1300.87	5620.59
-3.88	18.75	1299.96	5638.97
-3.88	18.75	1299.06	5574.38
-3.88	18.75	1298.16	5385.41
-3.88	18.75	1297.25	5525.43
-3.88	18.75	1296.35	5303.38
-3.88	18.75	1295.44	5225.08
-3.88	18.75	1294.54	5155.1
-3.88	18.75	1293.63	5076.85
-3.88	18.75	1292.73	4979.3
-3.88	18.75	1291.82	4975.67
-3.88	18.75	1290.92	4949.95
-3.88	18.75	1290.01	4929.76
-3.88	18.75	1289.1	5066.88
-3.88	18.75	1288.2	4836.97
-3.88	18.75	1287.29	4808.53
-3.88	18.75	1286.39	4893.19
-3.88	18.75	1285.48	5008.16
-3.88	18.75	1284.57	4855.63
-3.88	18.75	1283.67	5091.87
-3.88	18.75	1282.76	4848.41
-3.88	18.75	1281.85	4908.19
-3.88	18.75	1280.94	4904.57
-3.88	18.75	1280.04	4796.27
-3.88	18.75	1279.13	4930.39
-3.88	18.75	1278.22	4871.7
-3.88	18.75	1277.31	4694.62
-3.88	18.75	1276.41	4836.95
-3.88	18.75	1275.5	4822.34
-3.88	18.75	1274.59	4521.52
-3.88	18.75	1273.68	4495.96
-3.88	18.75	1272.77	4456.66
-3.88	18.75	1271.86	4483.38
-3.88	18.75	1270.95	4383.59
-3.88	18.75	1270.04	4215.1
-3.88	18.75	1269.13	4266.59
-3.88	18.75	1268.23	4208.12
-3.88	18.75	1267.32	4155.16
-3.88	18.75	1266.41	4179.16
-3.88	18.75	1265.5	4005.35
-3.88	18.75	1264.59	4139.24
-3.88	18.75	1263.67	4259.34
-3.88	18.75	1262.76	4220.15
-3.88	18.75	1261.85	4170.0
-3.88	18.75	1260.94	4152.79
-3.88	18.75	1260.03	4195.97
-3.88	18.75	1259.12	4214.44
-3.88	18.75	1258.21	4345.38
-3.88	18.75	1257.3	4366.55
-3.88	18.75	1256.39	4374.01
-3.88	18.75	1255.47	4540.5
-3.88	18.75	1254.56	4652.09
-3.88	18.75	1253.65	4897.95
-3.88	18.75	1252.74	5261.56
-3.88	18.75	1251.83	5474.35
-3.88	18.75	1250.91	5752.81
-3.88	18.75	1250.0	6039.39
-3.88	18.75	1249.09	6314.91
-3.88	18.75	1248.17	6623.19
-3.88	18.75	1247.26	6838.28
-3.88	18.75	1246.35	7261.32
-3.88	18.75	1245.43	7561.06
-3.88	18.75	1244.52	7800.5
-3.88	18.75	1243.61	8004.29
-3.88	18.75	1242.69	7997.41
-3.88	18.75	1241.78	8075.31
-3.88	18.75	1240.86	8309.02
-3.88	18.75	1239.95	7908.44
-3.88	18.75	1239.03	7658.33
-3.88	18.75	1238.12	7383.71
-3.88	18.75	1237.2	7237.61
-3.88	18.75	1236.29	6946.77
-3.88	18.75	1235.37	6473.04
-3.88	18.75	1234.46	6034.98
-3.88	18.75	1233.54	5941.08
-3.88	18.75	1232.63	5768.06
-3.88	18.75	1231.71	5357.65
-3.88	18.75	1230.8	5146.58
-3.88	18.75	1229.88	4998.34
-3.88	18.75	1228.96	4831.06
-3.88	18.75	1228.05	4565.65
-3.88	18.75	1227.13	4553.94
-3.88	18.75	1226.21	4419.54
-3.88	18.75	1225.3	4418.76
-3.88	18.75	1224.38	4306.24
-3.88	18.75	1223.46	4283.68
-3.88	18.75	1222.54	4233.88
-3.88	18.75	1221.63	4333.92
-3.88	18.75	1220.71	4374.01
-3.88	18.75	1219.79	4316.05
-3.88	18.75	1218.87	4405.14
-3.88	18.75	1217.95	4401.64
-3.88	18.75	1217.03	4403.58
-3.88	18.75	1216.12	4449.07
-3.88	18.75	1215.2	4546.22
-3.88	18.75	1214.28	4371.33
-3.88	18.75	1213.36	4443.99
-3.88	18.75	1212.44	4280.05
-3.88	18.75	1211.52	4243.95
-3.88	18.75	1210.6	4139.91
-3.88	18.75	1209.68	4131.02
-3.88	18.75	1208.76	3983.56
-3.88	18.75	1207.84	3849.73
-3.88	18.75	1206.92	3718.67
-3.88	18.75	1206.0	3571.36
-3.88	18.75	1205.08	3448.53
-3.88	18.75	1204.16	3515.8
-3.88	18.75	1203.24	3406.6
-3.88	18.75	1202.31	3411.42
-3.88	18.75	1201.39	3372.83
-3.88	18.75	1200.47	3374.95
-3.88	18.75	1199.55	3406.9
-3.88	18.75	1198.63	3371.04
-3.88	18.75	1197.71	3514.16
-3.88	18.75	1196.78	3524.38
-3.88	18.75	1195.86	3415.34
-3.88	18.75	1194.94	3477.07
-3.88	18.75	1194.02	3519.8
-3.88	18.75	1193.09	3586.91
-3.88	18.75	1192.17	3605.24
-3.88	18.75	1191.25	3477.31
-3.88	18.75	1190.32	3533.56
-3.88	18.75	1189.4	3727.86
-3.88	18.75	1188.48	3608.1
-3.88	18.75	1187.55	3734.66
-3.88	18.75	1186.63	3701.53
-3.88	18.75	1185.71	4025.51
-3.88	18.75	1184.78	4335.85
-3.88	18.75	1183.86	4356.72
-3.88	18.75	1182.93	4566.85
-3.88	18.75	1182.01	5071.58
-3.88	18.75	1181.08	5316.65
-3.88	18.75	1180.16	5726.48
-3.88	18.75	1179.23	5655.22
-3.88	18.75	1178.31	6016.21
-3.88	18.75	1177.38	5831.48
-3.88	18.75	1176.46	6003.28
-3.88	18.75	1175.53	5718.71
-3.88	18.75	1174.6	5639.41
-3.88	18.75	1173.68	5460.27
-3.88	18.75	1172.75	5265.01
-3.88	18.75	1171.82	5069.81
-3.88	18.75	1170.9	4826.12
-3.88	18.75	1169.97	4763.23
-3.88	18.75	1169.04	4490.02
-3.88	18.75	1168.12	4419.12
-3.88	18.75	1167.19	4210.76
-3.88	18.75	1166.26	4131.86
-3.88	18.75	1165.33	4042.2
-3.88	18.75	1164.41	3701.99
-3.88	18.75	1163.48	3836.03
-3.88	18.75	1162.55	3862.28
-3.88	18.75	1161.62	3524.99
-3.88	18.75	1160.69	3508.21
-3.88	18.75	1159.76	3432.21
-3.88	18.75	1158.84	3512.35
-3.88	18.75	1157.91	3331.43
-3.88	18.75	1156.98	3250.13
-3.88	18.75	1156.05	3330.25
-3.88	18.75	1155.12	3353.86
-3.88	18.75	1154.19	3229.57
-3.88	18.75	1153.26	3223.62
-3.88	18.75	1152.33	3301.01
-3.88	18.75	1151.4	3295.05
-3.88	18.75	1150.47	3315.96
-3.88	18.75	1149.54	3420.15
-3.88	18.75	1148.61	3400.74
-3.88	18.75	1147.68	3472.65
-3.88	18.75	1146.75	3480.09
-3.88	18.75	1145.81	3568.07
-3.88	18.75	1144.88	3548.65
-3.88	18.75	1143.95	3569.49
-3.88	18.75	1143.02	3646.67
-3.88	18.75	1142.09	3570.9
-3.88	18.75	1141.16	3653.43
-3.88	18.75	1140.22	3660.82
-3.88	18.75	1139.29	3475.15
-3.88	18.75	1138.36	3512.07
-3.88	18.75	1137.43	3447.11
-3.88	18.75	1136.49	3478.66
-3.88	18.75	1135.56	3416.41
-3.88	18.75	1134.63	3370.26
-3.88	18.75	1133.69	3345.56
-3.88	18.75	1132.76	3395.85
-3.88	18.75	1131.83	3237.26
-3.88	18.75	1130.89	3242.04
-3.88	18.75	1129.96	3241.47
-3.88	18.75	1129.02	3382.73
-3.88	18.75	1128.09	3216.23
-3.88	18.75	1127.16	3164.83
-3.88	18.75	1126.22	3185.67
-3.88	18.75	1125.29	3233.24
-3.88	18.75	1124.35	3203.25
-3.88	18.75	1123.42	3331.0
-3.88	18.75	1122.48	3333.08
-3.88	18.75	1121.55	3447.41
-3.88	18.75	1120.61	3404.04
-3.88	18.75	1119.67	3309.94
-3.88	18.75	1118.74	3245.24
-3.88	18.75	1117.8	3258.02
-3.88	18.75	1116.87	3073.21
-3.88	18.75	1115.93	3083.34
-3.88	18.75	1114.99	2981.37
-3.88	18.75	1114.06	3100.92
-3.88	18.75	1113.12	3028.33
-3.88	18.75	1112.18	3011.79
-3.88	18.75	1111.24	3096.6
-3.88	18.75	1110.31	3120.05
-3.88	18.75	1109.37	3156.82
-3.88	18.75	1108.43	3364.19
-3.88	18.75	1107.49	3686.09
-3.88	18.75	1106.55	3800.02
-3.88	18.75	1105.62	3879.27
-3.88	18.75	1104.68	4115.67
-3.88	18.75	1103.74	4351.98
-3.88	18.75	1102.8	4321.91
-3.88	18.75	1101.86	4358.41
-3.88	18.75	1100.92	4144.68
-3.88	18.75	1099.98	4098.7
-3.88	18.75	1099.04	4087.32
-3.88	18.75	1098.1	3876.41
-3.88	18.75	1097.16	3662.92
-3.88	18.75	1096.22	3436.2
-3.88	18.75	1095.28	3472.81
-3.88	18.75	1094.34	3384.46
-3.88	18.75	1093.4	3336.01
-3.88	18.75	1092.46	3375.28
-3.88	18.75	1091.52	3441.11
-3.88	18.75	1090.58	3347.51
-3.88	18.75	1089.64	3477.07
-3.88	18.75	1088.7	3548.16
-3.88	18.75	1087.76	3672.33
-3.88	18.75	1086.81	3666.36
-3.88	18.75	1085.87	3527.68
-3.88	18.75	1084.93	3463.36
-3.88	18.75	1083.99	3566.23
-3.88	18.75	1083.05	3172.95
-3.88	18.75	1082.1	3177.69
-3.88	18.75	1081.16	3108.17
-3.88	18.75	1080.22	3028.07
-3.88	18.75	1079.28	2884.37
-3.88	18.75	1078.33	2926.27
-3.88	18.75	1077.39	2976.1
-3.88	18.75	1076.45	2896.08
-3.88	18.75	1075.5	2779.0
-3.88	18.75	1074.56	2879.15
-3.88	18.75	1073.61	2894.53
-3.88	18.75	1072.67	2796.04
-3.88	18.75	1071.73	2737.3
-3.88	18.75	1070.78	2681.23
-3.88	18.75	1069.84	2871.29
-3.88	18.75	1068.89	2624.71
-3.88	18.75	1067.95	2584.56
-3.88	18.75	1067.0	2631.71
-3.88	18.75	1066.06	2789.91
-3.88	18.75	1065.11	2636.06
-3.88	18.75	1064.16	2556.28
-3.88	18.75	1063.22	2722.34
-3.88	18.75	1062.27	2684.85
-3.88	18.75	1061.33	2615.68
-3.88	18.75	1060.38	2594.08
-3.88	18.75	1059.43	2572.49
-3.88	18.75	1058.49	2690.86
-3.88	18.75	1057.54	2542.53
-3.88	18.75	1056.59	2523.59
-3.88	18.75	1055.65	2544.26
-3.88	18.75	1054.7	2683.66
-3.88	18.75	1053.75	2477.39
-3.88	18.75	1052.8	2643.13
-3.88	18.75	1051.85	2640.02
-3.88	18.75	1050.91	2618.45
-3.88	18.75	1049.96	2536.26
-3.88	18.75	1049.01	2567.44
-3.88	18.75	1048.06	2609.14
-3.88	18.75	1047.11	2658.74
-3.88	18.75	1046.16	2616.11
-3.88	18.75	1045.21	2663.06
-3.88	18.75	1044.27	2746.86
-3.88	18.75	1043.32	2741.1
-3.88	18.75	1042.37	2735.35
-3.88	18.75	1041.42	2576.93
-3.88	18.75	1040.47	2681.73
-3.88	18.75	1039.52	2791.77
-3.88	18.75	1038.57	2664.99
-3.88	18.75	1037.62	2696.08
-3.88	18.75	1036.67	2706.11
-3.88	18.75	1035.71	2708.26
-3.88	18.75	1034.76	2844.48
-3.88	18.75	1033.81	2730.95
-3.88	18.75	1032.86	2754.11
-3.88	18.75	1031.91	2856.09
-3.88	18.75	1030.96	2776.77
-3.88	18.75	1030.01	2684.34
-3.88	18.75	1029.05	2767.89
-3.88	18.75	1028.1	2743.77
-3.88	18.75	1027.15	2675.02
-3.88	18.75	1026.2	2582.68
-3.88	18.75	1025.24	2629.45
-3.88	18.75	1024.29	2718.19
-3.88	18.75	1023.34	2644.25
-3.88	18.75	1022.39	2670.01
-3.88	18.75	1021.43	2703.62
-3.88	18.75	1020.48	2682.16
-3.88	18.75	1019.52	2537.5
-3.88	18.75	1018.57	2702.16
-3.88	18.75	1017.62	2712.16
-3.88	18.75	1016.66	2585.92
-3.88	18.75	1015.71	2548.78
-3.88	18.75	1014.75	2700.23
-3.88	18.75	1013.8	2589.76
-3.88	18.75	1012.84	2599.77
-3.88	18.75	1011.89	2714.48
-3.88	18.75	1010.93	2593.61
-3.88	18.75	1009.98	2608.84
-3.88	18.75	1009.02	2576.98
-3.88	18.75	1008.07	2605.29
-3.88	18.75	1007.11	2562.98
-3.88	18.75	1006.16	2617.43
-3.88	18.75	1005.2	2564.67
-3.88	18.75	1004.24	2553.76
-3.88	18.75	1003.29	2485.35
-3.88	18.75	1002.33	2636.46
-3.88	18.75	1001.37	2602.02
-3.88	18.75	1000.41	2575.43
-3.88	18.75	999.4580000000001	2525.35
-3.88	18.75	998.5	2639.79
-3.88	18.75	997.543	2534.89
-3.88	18.75	996.585	2555.32
-3.88	18.75	995.627	2552.25
-3.88	18.75	994.669	2658.77
-3.88	18.75	993.71	2535.68
-3.88	18.75	992.752	2535.22
-3.88	18.75	991.793	2568.67
-3.88	18.75	990.834	2529.1
-3.88	18.75	989.875	2570.35
-3.88	18.75	988.916	2489.09
-3.88	18.75	987.957	2566.82
-3.88	18.75	986.997	2537.7
-3.88	18.75	986.0369999999999	2532.04
-3.88	18.75	985.078	2555.02
-3.88	18.75	984.118	2507.69
-3.88	18.75	983.1569999999999	2457.77
-3.88	18.75	982.197	2613.52
-3.88	18.75	981.2360000000001	2623.46
-3.88	18.75	980.2760000000001	2662.02
-3.88	18.75	979.315	2710.97
-3.88	18.75	978.3539999999999	2674.07
-3.88	18.75	977.3919999999999	2655.38
-3.88	18.75	976.431	2766.72
-3.88	18.75	975.4689999999999	2742.82
-3.88	18.75	974.508	2630.56
-3.88	18.75	973.546	2767.83
-3.88	18.75	972.584	2819.3
-3.88	18.75	971.6210000000001	2704.48
-3.88	18.75	970.659	2693.6
-3.88	18.75	969.696	2786.61
-3.88	18.75	968.7330000000001	2830.25
-3.88	18.75	967.77	2772.63
-3.88	18.75	966.807	2746.18
-3.88	18.75	965.8439999999999	2810.56
-3.88	18.75	964.88	2856.76
-3.88	18.75	963.9169999999999	2900.35
-3.88	18.75	962.953	2925.76
-3.88	18.75	961.9889999999999	3057.5
-3.88	18.75	961.025	3207.33
-3.88	18.75	960.06	3139.35
-3.88	18.75	959.096	3175.07
-3.88	18.75	958.1310000000001	3249.65
-3.88	18.75	957.166	3350.11
-3.88	18.75	956.201	3450.54
-3.88	18.75	955.2360000000001	3413.66
-3.88	18.75	954.27	3488.14
-3.88	18.75	953.305	3407.25
-3.88	18.75	952.3389999999999	3336.75
-3.88	18.75	951.373	3227.44
-3.88	18.75	950.4069999999999	3118.18
-3.88	18.75	949.441	3122.79
-3.88	18.75	948.4739999999999	3036.86
-3.88	18.75	947.508	3095.8
-3.88	18.75	946.541	3105.59
-3.88	18.75	945.574	2988.69
-3.88	18.75	944.607	2908.02
-3.88	18.75	943.6389999999999	2997.95
-3.88	18.75	942.672	3031.0
-3.88	18.75	941.704	2914.2
-3.88	18.75	940.7360000000001	2877.51
-3.88	18.75	939.768	2848.58
-3.88	18.75	938.8	2819.66
-3.88	18.75	937.832	2757.2
-3.88	18.75	936.863	2810.9
-3.88	18.75	935.8939999999999	2735.56
-3.88	18.75	934.926	2807.31
-3.88	18.75	933.956	2822.28
-3.88	18.75	932.987	2824.35
-3.88	18.75	932.018	2932.16
-3.88	18.75	931.048	2923.89
-3.88	18.75	930.078	2861.49
-3.88	18.75	929.1080000000001	2961.5
-3.88	18.75	928.138	2883.66
-3.88	18.75	927.168	2870.25
-3.88	18.75	926.198	2753.81
-3.88	18.75	925.227	2797.1
-3.88	18.75	924.2560000000001	2855.82
-3.88	18.75	923.285	2845.01
-3.88	18.75	922.314	2713.21
-3.88	18.75	921.3430000000001	2697.28
-3.88	18.75	920.3710000000001	2663.34
-3.88	18.75	919.3989999999999	2590.82
-3.88	18.75	918.427	2644.37
-3.88	18.75	917.455	2571.88
-3.88	18.75	916.4830000000001	2656.27
-3.88	18.75	915.5110000000001	2609.52
-3.88	18.75	914.538	2562.78
-3.88	18.75	913.565	2675.4
-3.88	18.75	912.5930000000001	2631.23
-3.88	18.75	911.6189999999999	2651.31
-3.88	18.75	910.6460000000001	2622.57
-3.88	18.75	909.673	2575.87
-3.88	18.75	908.699	2637.03
-3.88	18.75	907.725	2616.02
-3.88	18.75	906.7510000000001	2582.18
-3.88	18.75	905.7769999999999	2722.86
-3.88	18.75	904.803	2630.0
-3.88	18.75	903.828	2665.44
-3.88	18.75	902.8539999999999	2644.43
-3.88	18.75	901.8789999999999	2800.39
-3.88	18.75	900.904	2689.63
-3.88	18.75	899.928	2740.42
-3.88	18.75	898.953	2755.3
-3.88	18.75	897.977	2708.67
-3.88	18.75	897.002	2759.43
-3.88	18.75	896.0260000000001	2661.58
-3.88	18.75	895.05	2745.62
-3.88	18.75	894.073	2732.32
-3.88	18.75	893.097	2836.8
-3.88	18.75	892.12	2756.93
-3.88	18.75	891.1439999999999	2689.89
-3.88	18.75	890.1669999999999	2812.23
-3.88	18.75	889.189	2878.24
-3.88	18.75	888.212	2770.29
-3.88	18.75	887.235	2966.71
-3.88	18.75	886.257	2869.01
-3.88	18.75	885.279	2840.37
-3.88	18.75	884.301	2806.62
-3.88	18.75	883.323	2826.56
-3.88	18.75	882.3439999999999	2690.62
-3.88	18.75	881.3660000000001	2529.19
-3.88	18.75	880.387	2587.48
-3.88	18.75	879.408	2655.96
-3.88	18.75	878.429	2596.75
-3.88	18.75	877.45	2547.78
-3.88	18.75	876.47	2437.56
-3.88	18.75	875.4910000000001	2465.19
-3.88	18.75	874.5110000000001	2531.09
-3.88	18.75	873.5310000000001	2466.85
-3.88	18.75	872.551	2558.23
-3.88	18.75	871.57	2603.67
-3.88	18.75	870.59	2564.95
-3.88	18.75	869.6089999999999	2569.58
-3.88	18.75	868.628	2569.12
-3.88	18.75	867.6469999999999	2655.29
-3.88	18.75	866.666	2596.21
-3.88	18.75	865.684	2661.97
-3.88	18.75	864.703	2720.07
-3.88	18.75	863.721	2683.93
-3.88	18.75	862.7389999999999	2762.36
-3.88	18.75	861.757	2828.05
-3.88	18.75	860.775	2860.62
-3.88	18.75	859.7919999999999	2804.12
-3.88	18.75	858.81	2780.71
-3.88	18.75	857.827	2892.13
-3.88	18.75	856.8439999999999	3011.14
-3.88	18.75	855.86	2962.28
-3.88	18.75	854.877	2926.15
-3.88	18.75	853.8939999999999	2986.62
-3.88	18.75	852.91	2922.55
-3.88	18.75	851.926	2896.61
-3.88	18.75	850.942	2857.97
-3.88	18.75	849.9580000000001	2875.24
-3.88	18.75	848.9730000000001	2889.95
-3.88	18.75	847.988	2683.76
-3.88	18.75	847.0039999999999	2723.89
-3.88	18.75	846.0189999999999	2710.71
-3.88	18.75	845.034	2697.53
-3.88	18.75	844.048	2544.81
-3.88	18.75	843.063	2744.75
-3.88	18.75	842.077	2673.23
-3.88	18.75	841.091	2685.43
-3.88	18.75	840.105	2555.64
-3.88	18.75	839.1189999999999	2641.36
-3.88	18.75	838.132	2648.48
-3.88	18.75	837.1460000000001	2721.49
-3.88	18.75	836.159	2748.86
-3.88	18.75	835.172	2824.35
-3.88	18.75	834.185	2689.61
-3.88	18.75	833.198	2635.95
-3.88	18.75	832.21	2729.14
-3.88	18.75	831.222	2789.4
-3.88	18.75	830.235	2697.78
-3.88	18.75	829.247	2661.87
-3.88	18.75	828.258	2798.0
-3.88	18.75	827.27	2746.9
-3.88	18.75	826.2810000000001	2627.54
-3.88	18.75	825.293	2619.48
-3.88	18.75	824.304	2644.28
-3.88	18.75	823.315	2729.74
-3.88	18.75	822.325	2645.85
-3.88	18.75	821.336	2809.6
-3.88	18.75	820.346	2897.5
-3.88	18.75	819.3560000000001	2899.5
-3.88	18.75	818.3660000000001	2820.69
-3.88	18.75	817.3760000000001	2880.77
-3.88	18.75	816.3860000000001	3003.94
-3.88	18.75	815.395	3010.97
-3.88	18.75	814.405	3116.4
-3.88	18.75	813.414	3441.29
-3.88	18.75	812.423	3609.67
-3.88	18.75	811.431	3528.31
-3.88	18.75	810.44	3426.81
-3.88	18.75	809.448	3635.43
-3.88	18.75	808.456	3561.67
-3.88	18.75	807.4639999999999	3389.65
-3.88	18.75	806.472	3295.81
-3.88	18.75	805.48	3330.48
-3.88	18.75	804.487	3276.97
-3.88	18.75	803.495	3223.49
-3.88	18.75	802.502	2993.78
-3.88	18.75	801.5089999999999	3023.44
-3.88	18.75	800.5160000000001	2806.43
-3.88	18.75	799.5219999999999	2800.89
-3.88	18.75	798.528	2561.35
-3.88	18.75	797.535	2596.1
-3.88	18.75	796.541	2520.18
-3.88	18.75	795.547	2436.73
-3.88	18.75	794.552	2524.29
-3.88	18.75	793.558	2679.68
-3.88	18.75	792.563	2558.55
-3.88	18.75	791.568	2713.88
-3.88	18.75	790.573	2773.69
-3.88	18.75	789.578	2763.13
-3.88	18.75	788.582	2616.96
-3.88	18.75	787.587	2716.93
-3.88	18.75	786.591	2701.37
-3.88	18.75	785.595	2625.57
-3.88	18.75	784.5989999999999	2502.12
-3.88	18.75	783.602	2514.21
-3.88	18.75	782.6060000000001	2483.65
-3.88	18.75	781.6089999999999	2528.34
-3.88	18.75	780.612	2517.85
-3.88	18.75	779.615	2504.86
-3.88	18.75	778.618	2486.85
-3.88	18.75	777.6210000000001	2556.58
-3.88	18.75	776.623	2445.85
-3.88	18.75	775.625	2498.02
-3.88	18.75	774.627	2527.62
-3.88	18.75	773.6289999999999	2554.71
-3.88	18.75	772.6310000000001	2539.22
-3.88	18.75	771.632	2631.39
-3.88	18.75	770.6339999999999	2620.9
-3.88	18.75	769.635	2500.29
-3.88	18.75	768.6360000000001	2657.48
-3.88	18.75	767.6360000000001	2586.94
-3.88	18.75	766.637	2656.51
-3.88	18.75	765.637	2523.47
-3.88	18.75	764.637	2655.54
-3.88	18.75	763.638	2692.56
-3.88	18.75	762.637	2467.1
-3.88	18.75	761.637	2501.64
-3.88	18.75	760.6360000000001	2576.14
-3.88	18.75	759.6360000000001	2440.77
-3.88	18.75	758.635	2490.28
-3.88	18.75	757.6339999999999	2534.77
-3.88	18.75	756.633	2489.37
-3.88	18.75	755.6310000000001	2488.91
-3.88	18.75	754.6289999999999	2418.57
-3.88	18.75	753.628	2483.01
-3.88	18.75	752.6260000000001	2572.38
-3.88	18.75	751.623	2389.8
-3.88	18.75	750.6210000000001	2501.6
-3.88	18.75	749.6189999999999	2546.03
-3.88	18.75	748.6160000000001	2525.62
-3.88	18.75	747.613	2450.38
-3.88	18.75	746.61	2514.73
-3.88	18.75	745.607	2551.65
-3.88	18.75	744.6030000000001	2456.51
-3.88	18.75	743.5989999999999	2490.93
-3.88	18.75	742.596	2572.66
-3.88	18.75	741.592	2577.17
-3.88	18.75	740.587	2432.3
-3.88	18.75	739.5830000000001	2404.48
-3.88	18.75	738.579	2481.19
-3.88	18.75	737.574	2545.43
-3.88	18.75	736.569	2502.67
-3.88	18.75	735.564	2484.8
-3.88	18.75	734.558	2526.62
-3.88	18.75	733.553	2573.4
-3.88	18.75	732.547	2610.22
-3.88	18.75	731.541	2783.72
-3.88	18.75	730.535	2770.79
-3.88	18.75	729.529	2735.5
-3.88	18.75	728.523	2670.41
-3.88	18.75	727.5160000000001	2756.85
-3.88	18.75	726.5089999999999	2714.13
-3.88	18.75	725.503	2527.43
-3.88	18.75	724.495	2576.61
-3.88	18.75	723.488	2568.69
-3.88	18.75	722.4810000000001	2622.81
-3.88	18.75	721.4730000000001	2562.79
-3.88	18.75	720.465	2592.09
-3.88	18.75	719.457	2581.69
-3.88	18.75	718.449	2573.78
-3.88	18.75	717.44	2573.31
-3.88	18.75	716.432	2647.2
-3.88	18.75	715.423	2587.23
-3.88	18.75	714.414	2621.45
-3.88	18.75	713.405	2687.85
-3.88	18.75	712.395	2786.43
-3.88	18.75	711.3860000000001	2788.4
-3.88	18.75	710.3760000000001	2825.03
-3.88	18.75	709.3660000000001	2846.79
-3.88	18.75	708.3560000000001	3088.82
-3.88	18.75	707.346	3246.62
-3.88	18.75	706.335	3203.97
-3.88	18.75	705.325	3421.06
-3.88	18.75	704.314	3469.9
-3.88	18.75	703.303	3338.21
-3.88	18.75	702.2919999999999	3191.73
-3.88	18.75	701.28	3186.2
-3.88	18.75	700.2689999999999	3217.74
-3.88	18.75	699.257	2994.77
-3.88	18.75	698.245	2801.52
-3.88	18.75	697.2330000000001	2820.77
-3.88	18.75	696.22	2679.49
-3.88	18.75	695.2080000000001	2575.29
-3.88	18.75	694.195	2572.35
-3.88	18.75	693.182	2448.47
-3.88	18.75	692.169	2457.89
-3.88	18.75	691.1560000000001	2511.72
-3.88	18.75	690.143	2410.12
-3.88	18.75	689.1289999999999	2380.08
-3.88	18.75	688.115	2364.84
-3.88	18.75	687.1010000000001	2460.56
-3.88	18.75	686.087	2479.83
-3.88	18.75	685.073	2430.08
-3.88	18.75	684.058	2370.5
-3.88	18.75	683.043	2416.87
-3.88	18.75	682.028	2569.15
-3.88	18.75	681.013	2413.52
-3.88	18.75	679.998	2385.99
-3.88	18.75	678.9830000000001	2523.42
-3.88	18.75	677.967	2542.65
-3.88	18.75	676.951	2566.79
-3.88	18.75	675.935	2551.56
-3.88	18.75	674.919	2474.82
-3.88	18.75	673.9019999999999	2486.67
-3.88	18.75	672.8860000000001	2535.39
-3.88	18.75	671.8689999999999	2505.42
-3.88	18.75	670.852	2502.5
-3.88	18.75	669.835	2393.9
-3.88	18.75	668.817	2511.41
-3.88	18.75	667.8	2599.4
-3.88	18.75	666.7819999999999	2584.18
-3.88	18.75	665.7639999999999	2470.73
-3.88	18.75	664.7460000000001	2551.31
-3.88	18.75	663.7280000000001	2555.75
-3.88	18.75	662.709	2557.74
-3.88	18.75	661.691	2611.26
-3.88	18.75	660.672	2674.57
-3.88	18.75	659.653	2676.54
-3.88	18.75	658.6339999999999	2663.78
-3.88	18.75	657.6139999999999	2538.22
-3.88	18.75	656.595	2569.63
-3.88	18.75	655.575	2556.89
-3.88	18.75	654.555	2436.32
-3.88	18.75	653.535	2511.84
-3.88	18.75	652.514	2491.78
-3.88	18.75	651.494	2476.62
-3.88	18.75	650.4730000000001	2402.69
-3.88	18.75	649.452	2358.17
-3.88	18.75	648.431	2448.32
-3.88	18.75	647.41	2413.6
-3.88	18.75	646.388	2342.18
-3.88	18.75	645.366	2468.99
-3.88	18.75	644.345	2356.0
-3.88	18.75	643.323	2336.0
-3.88	18.75	642.3	2372.25
-3.88	18.75	641.278	2428.05
-3.88	18.75	640.255	2395.82
-3.88	18.75	639.232	2363.61
-3.88	18.75	638.2090000000001	2443.82
-3.88	18.75	637.186	2482.46
-3.88	18.75	636.163	2411.16
-3.88	18.75	635.139	2376.52
-3.88	18.75	634.116	2319.91
-3.88	18.75	633.092	2409.82
-3.88	18.75	632.068	2338.59
-3.88	18.75	631.043	2323.51
-3.88	18.75	630.019	2386.53
-3.88	18.75	628.994	2349.49
-3.88	18.75	627.969	2378.33
-3.88	18.75	626.944	2429.11
-3.88	18.75	625.919	2426.22
-3.88	18.75	624.893	2474.53
-3.88	18.75	623.868	2498.45
-3.88	18.75	622.842	2629.59
-3.88	18.75	621.816	2587.69
-3.88	18.75	620.79	2548.23
-3.88	18.75	619.763	2608.65
-3.88	18.75	618.737	2569.21
-3.88	18.75	617.71	2512.73
-3.88	18.75	616.683	2319.95
-3.88	18.75	615.656	2516.67
-3.88	18.75	614.629	2370.2
-3.88	18.75	613.601	2418.42
-3.88	18.75	612.573	2347.43
-3.88	18.75	611.545	2436.99
-3.88	18.75	610.5169999999999	2380.61
-3.88	18.75	609.489	2462.83
-3.88	18.75	608.461	2404.04
-3.88	18.75	607.432	2466.78
-3.88	18.75	606.403	2400.72
-3.88	18.75	605.374	2397.84
-3.88	18.75	604.345	2404.69
-3.88	18.75	603.315	2379.96
-3.88	18.75	602.286	2296.96
-3.88	18.75	601.256	2264.98
-3.88	18.75	600.226	2325.24
