-5.88	10.75	1799.66	2802.62
-5.88	10.75	1798.84	2802.14
-5.88	10.75	1798.03	2856.67
-5.88	10.75	1797.21	2718.72
-5.88	10.75	1796.39	2843.48
-5.88	10.75	1795.57	2806.36
-5.88	10.75	1794.75	2799.78
-5.88	10.75	1793.93	2765.73
-5.88	10.75	1793.11	2814.09
-5.88	10.75	1792.29	2856.34
-5.88	10.75	1791.47	2794.84
-5.88	10.75	1790.65	2846.23
-5.88	10.75	1789.84	2885.4
-5.88	10.75	1789.02	2808.67
-5.88	10.75	1788.2	2731.97
-5.88	10.75	1787.38	2877.84
-5.88	10.75	1786.56	2874.3
-5.88	10.75	1785.73	2715.35
-5.88	10.75	1784.91	2861.14
-5.88	10.75	1784.09	2757.08
-5.88	10.75	1783.27	2866.27
-5.88	10.75	1782.45	2853.6
-5.88	10.75	1781.63	2798.31
-5.88	10.75	1780.81	2904.39
-5.88	10.75	1779.99	2900.86
-5.88	10.75	1779.17	2854.72
-5.88	10.75	1778.35	2848.15
-5.88	10.75	1777.52	2844.62
-5.88	10.75	1776.7	2901.94
-5.88	10.75	1775.88	2886.24
-5.88	10.75	1775.06	2916.16
-5.88	10.75	1774.24	2915.67
-5.88	10.75	1773.41	2972.93
-5.88	10.75	1772.59	2869.09
-5.88	10.75	1771.77	2859.49
-5.88	10.75	1770.95	3041.3
-5.88	10.75	1770.12	2937.51
-5.88	10.75	1769.3	2879.3
-5.88	10.75	1768.48	2860.59
-5.88	10.75	1767.65	2878.33
-5.88	10.75	1766.83	2844.45
-5.88	10.75	1766.01	3041.25
-5.88	10.75	1765.18	2873.83
-5.88	10.75	1764.36	2970.44
-5.88	10.75	1763.53	3006.34
-5.88	10.75	1762.71	3039.19
-5.88	10.75	1761.88	3041.71
-5.88	10.75	1761.06	2980.55
-5.88	10.75	1760.24	3007.33
-5.88	10.75	1759.41	2946.2
-5.88	10.75	1758.59	2930.55
-5.88	10.75	1757.76	2990.66
-5.88	10.75	1756.94	2996.21
-5.88	10.75	1756.11	2868.48
-5.88	10.75	1755.28	2928.57
-5.88	10.75	1754.46	2918.99
-5.88	10.75	1753.63	3012.35
-5.88	10.75	1752.81	3017.89
-5.88	10.75	1751.98	3002.25
-5.88	10.75	1751.16	3140.93
-5.88	10.75	1750.33	3064.76
-5.88	10.75	1749.5	3027.94
-5.88	10.75	1748.68	3121.19
-5.88	10.75	1747.85	3166.02
-5.88	10.75	1747.02	3056.64
-5.88	10.75	1746.2	3189.13
-5.88	10.75	1745.37	3155.34
-5.88	10.75	1744.54	3178.98
-5.88	10.75	1743.71	3136.14
-5.88	10.75	1742.89	3292.69
-5.88	10.75	1742.06	3246.83
-5.88	10.75	1741.23	3306.68
-5.88	10.75	1740.4	3339.33
-5.88	10.75	1739.57	3242.16
-5.88	10.75	1738.75	3286.88
-5.88	10.75	1737.92	3225.97
-5.88	10.75	1737.09	3321.98
-5.88	10.75	1736.26	3236.94
-5.88	10.75	1735.43	3269.57
-5.88	10.75	1734.6	3269.02
-5.88	10.75	1733.77	3301.63
-5.88	10.75	1732.94	3286.0
-5.88	10.75	1732.11	3222.14
-5.88	10.75	1731.28	3354.2
-5.88	10.75	1730.45	3172.84
-5.88	10.75	1729.62	3211.47
-5.88	10.75	1728.8	2988.02
-5.88	10.75	1727.96	3222.42
-5.88	10.75	1727.13	3143.59
-5.88	10.75	1726.3	3317.67
-5.88	10.75	1725.47	3187.67
-5.88	10.75	1724.64	3054.71
-5.88	10.75	1723.81	3237.74
-5.88	10.75	1722.98	3086.76
-5.88	10.75	1722.15	3158.43
-5.88	10.75	1721.32	3142.86
-5.88	10.75	1720.49	3187.43
-5.88	10.75	1719.66	3177.87
-5.88	10.75	1718.82	3210.4
-5.88	10.75	1717.99	3218.87
-5.88	10.75	1717.16	3083.1
-5.88	10.75	1716.33	3271.85
-5.88	10.75	1715.5	3271.3
-5.88	10.75	1714.66	3159.62
-5.88	10.75	1713.83	3177.1
-5.88	10.75	1713.0	3203.58
-5.88	10.75	1712.17	3173.01
-5.88	10.75	1711.33	3202.49
-5.88	10.75	1710.5	3105.92
-5.88	10.75	1709.67	3246.41
-5.88	10.75	1708.83	3053.86
-5.88	10.75	1708.0	3212.31
-5.88	10.75	1707.17	3298.73
-5.88	10.75	1706.33	3160.25
-5.88	10.75	1705.5	3288.61
-5.88	10.75	1704.66	3321.03
-5.88	10.75	1703.83	3353.43
-5.88	10.75	1703.0	3227.01
-5.88	10.75	1702.16	3244.44
-5.88	10.75	1701.33	3201.95
-5.88	10.75	1700.49	3255.31
-5.88	10.75	1699.66	3428.43
-5.88	10.75	1698.82	3215.29
-5.88	10.75	1697.99	3265.62
-5.88	10.75	1697.15	3381.79
-5.88	10.75	1696.32	3258.53
-5.88	10.75	1695.48	3296.87
-5.88	10.75	1694.64	3368.09
-5.88	10.75	1693.81	3322.66
-5.88	10.75	1692.97	3465.62
-5.88	10.75	1692.14	3154.11
-5.88	10.75	1691.3	3377.76
-5.88	10.75	1690.46	3493.74
-5.88	10.75	1689.63	3388.56
-5.88	10.75	1688.79	3346.16
-5.88	10.75	1687.95	3348.58
-5.88	10.75	1687.12	3374.89
-5.88	10.75	1686.28	3398.2
-5.88	10.75	1685.44	3451.36
-5.88	10.75	1684.6	3334.36
-5.88	10.75	1683.77	3324.83
-5.88	10.75	1682.93	3357.09
-5.88	10.75	1682.09	3317.73
-5.88	10.75	1681.25	3442.46
-5.88	10.75	1680.41	3343.45
-5.88	10.75	1679.58	3486.02
-5.88	10.75	1678.74	3398.96
-5.88	10.75	1677.9	3565.32
-5.88	10.75	1677.06	3299.44
-5.88	10.75	1676.22	3397.22
-5.88	10.75	1675.38	3357.91
-5.88	10.75	1674.54	3407.98
-5.88	10.75	1673.7	3365.7
-5.88	10.75	1672.86	3305.56
-5.88	10.75	1672.02	3290.11
-5.88	10.75	1671.18	3399.7
-5.88	10.75	1670.34	3506.27
-5.88	10.75	1669.5	3624.71
-5.88	10.75	1668.66	3421.77
-5.88	10.75	1667.82	3459.86
-5.88	10.75	1666.98	3497.93
-5.88	10.75	1666.14	3598.45
-5.88	10.75	1665.3	3472.95
-5.88	10.75	1664.46	3650.74
-5.88	10.75	1663.62	3593.64
-5.88	10.75	1662.78	3631.66
-5.88	10.75	1661.94	3574.58
-5.88	10.75	1661.1	3651.22
-5.88	10.75	1660.25	3594.16
-5.88	10.75	1659.41	3724.22
-5.88	10.75	1658.57	3658.26
-5.88	10.75	1657.73	3687.32
-5.88	10.75	1656.89	3728.25
-5.88	10.75	1656.04	3629.67
-5.88	10.75	1655.2	3691.37
-5.88	10.75	1654.36	3610.63
-5.88	10.75	1653.52	3639.68
-5.88	10.75	1652.67	3609.4
-5.88	10.75	1651.83	3771.88
-5.88	10.75	1650.99	3682.29
-5.88	10.75	1650.14	3720.19
-5.88	10.75	1649.3	3672.14
-5.88	10.75	1648.46	3947.1
-5.88	10.75	1647.61	3872.35
-5.88	10.75	1646.77	3821.33
-5.88	10.75	1645.92	3808.83
-5.88	10.75	1645.08	3908.87
-5.88	10.75	1644.24	4109.53
-5.88	10.75	1643.39	4049.62
-5.88	10.75	1642.55	3969.02
-5.88	10.75	1641.7	3992.01
-5.88	10.75	1640.86	4038.67
-5.88	10.75	1640.01	4147.43
-5.88	10.75	1639.17	4241.37
-5.88	10.75	1638.32	4160.8
-5.88	10.75	1637.48	4367.06
-5.88	10.75	1636.63	4248.07
-5.88	10.75	1635.78	4291.68
-5.88	10.75	1634.94	4429.84
-5.88	10.75	1634.09	4378.85
-5.88	10.75	1633.25	4469.68
-5.88	10.75	1632.4	4471.87
-5.88	10.75	1631.55	4648.3
-5.88	10.75	1630.71	4470.34
-5.88	10.75	1629.86	4785.46
-5.88	10.75	1629.01	4944.03
-5.88	10.75	1628.16	4822.19
-5.88	10.75	1627.32	4830.21
-5.88	10.75	1626.47	4879.54
-5.88	10.75	1625.62	5170.72
-5.88	10.75	1624.77	5146.24
-5.88	10.75	1623.93	5048.06
-5.88	10.75	1623.08	5106.16
-5.88	10.75	1622.23	5467.84
-5.88	10.75	1621.38	5295.97
-5.88	10.75	1620.53	5401.14
-5.88	10.75	1619.69	5326.56
-5.88	10.75	1618.84	5523.01
-5.88	10.75	1617.99	5660.48
-5.88	10.75	1617.14	5585.9
-5.88	10.75	1616.29	5670.32
-5.88	10.75	1615.44	5595.76
-5.88	10.75	1614.59	5574.2
-5.88	10.75	1613.74	5791.0
-5.88	10.75	1612.89	5419.3
-5.88	10.75	1612.04	5762.54
-5.88	10.75	1611.19	5761.55
-5.88	10.75	1610.34	5834.08
-5.88	10.75	1609.49	5897.76
-5.88	10.75	1608.64	5770.35
-5.88	10.75	1607.79	6030.94
-5.88	10.75	1606.94	6035.78
-5.88	10.75	1606.09	5926.04
-5.88	10.75	1605.24	5954.4
-5.88	10.75	1604.39	5994.5
-5.88	10.75	1603.54	6228.39
-5.88	10.75	1602.68	6250.82
-5.88	10.75	1601.83	6205.71
-5.88	10.75	1600.98	6418.9
-5.88	10.75	1600.13	6450.08
-5.88	10.75	1599.28	6663.16
-5.88	10.75	1598.42	6477.21
-5.88	10.75	1597.57	6772.33
-5.88	10.75	1596.72	6882.61
-5.88	10.75	1595.87	7165.83
-5.88	10.75	1595.01	6806.96
-5.88	10.75	1594.16	6940.62
-5.88	10.75	1593.31	7121.12
-5.88	10.75	1592.45	7398.25
-5.88	10.75	1591.6	7408.7
-5.88	10.75	1590.75	7533.37
-5.88	10.75	1589.89	7523.29
-5.88	10.75	1589.04	7747.46
-5.88	10.75	1588.19	7918.85
-5.88	10.75	1587.33	7932.13
-5.88	10.75	1586.48	8147.33
-5.88	10.75	1585.62	8412.19
-5.88	10.75	1584.77	8501.44
-5.88	10.75	1583.91	8479.5
-5.88	10.75	1583.06	8290.88
-5.88	10.75	1582.2	8353.79
-5.88	10.75	1581.35	8235.41
-5.88	10.75	1580.49	8248.61
-5.88	10.75	1579.64	8071.85
-5.88	10.75	1578.78	7982.81
-5.88	10.75	1577.93	7946.38
-5.88	10.75	1577.07	7690.89
-5.88	10.75	1576.21	7385.84
-5.88	10.75	1575.36	7162.66
-5.88	10.75	1574.5	7275.28
-5.88	10.75	1573.65	7206.9
-5.88	10.75	1572.79	7088.92
-5.88	10.75	1571.93	6938.89
-5.88	10.75	1571.08	6861.84
-5.88	10.75	1570.22	6849.0
-5.88	10.75	1569.36	6841.99
-5.88	10.75	1568.5	6692.1
-5.88	10.75	1567.65	6740.51
-5.88	10.75	1566.79	6718.95
-5.88	10.75	1565.93	6761.51
-5.88	10.75	1565.07	6556.37
-5.88	10.75	1564.21	6639.73
-5.88	10.75	1563.36	6594.9
-5.88	10.75	1562.5	6739.39
-5.88	10.75	1561.64	6554.78
-5.88	10.75	1560.78	6405.17
-5.88	10.75	1559.92	6549.61
-5.88	10.75	1559.06	6592.14
-5.88	10.75	1558.2	6358.21
-5.88	10.75	1557.34	6595.69
-5.88	10.75	1556.49	6379.3
-5.88	10.75	1555.63	6413.1
-5.88	10.75	1554.77	6438.17
-5.88	10.75	1553.91	6451.6
-5.88	10.75	1553.05	6389.44
-5.88	10.75	1552.19	6379.63
-5.88	10.75	1551.33	6523.82
-5.88	10.75	1550.47	6452.97
-5.88	10.75	1549.6	6437.34
-5.88	10.75	1548.74	6436.23
-5.88	10.75	1547.88	6493.2
-5.88	10.75	1547.02	6637.25
-5.88	10.75	1546.16	6519.99
-5.88	10.75	1545.3	6823.63
-5.88	10.75	1544.44	6764.41
-5.88	10.75	1543.58	6905.42
-5.88	10.75	1542.71	6756.28
-5.88	10.75	1541.85	6888.54
-5.88	10.75	1540.99	7191.85
-5.88	10.75	1540.13	7063.03
-5.88	10.75	1539.27	7461.87
-5.88	10.75	1538.4	7454.79
-5.88	10.75	1537.54	7456.4
-5.88	10.75	1536.68	7915.81
-5.88	10.75	1535.81	7891.27
-5.88	10.75	1534.95	8020.25
-5.88	10.75	1534.09	8108.65
-5.88	10.75	1533.23	8414.17
-5.88	10.75	1532.36	8681.95
-5.88	10.75	1531.5	8474.94
-5.88	10.75	1530.63	8528.47
-5.88	10.75	1529.77	8741.11
-5.88	10.75	1528.91	8829.29
-5.88	10.75	1528.04	8911.65
-5.88	10.75	1527.18	8855.16
-5.88	10.75	1526.31	8920.14
-5.88	10.75	1525.45	9118.08
-5.88	10.75	1524.58	8989.33
-5.88	10.75	1523.72	8903.97
-5.88	10.75	1522.85	9133.59
-5.88	10.75	1521.99	9088.68
-5.88	10.75	1521.12	9263.31
-5.88	10.75	1520.26	9146.19
-5.88	10.75	1519.39	9219.69
-5.88	10.75	1518.52	9408.64
-5.88	10.75	1517.66	9303.1
-5.88	10.75	1516.79	9203.38
-5.88	10.75	1515.93	9025.77
-5.88	10.75	1515.06	9151.16
-5.88	10.75	1514.19	9285.15
-5.88	10.75	1513.33	8980.73
-5.88	10.75	1512.46	8947.46
-5.88	10.75	1511.59	9095.83
-5.88	10.75	1510.72	9123.08
-5.88	10.75	1509.86	9121.51
-5.88	10.75	1508.99	8814.5
-5.88	10.75	1508.12	8833.14
-5.88	10.75	1507.25	8730.8
-5.88	10.75	1506.38	8694.73
-5.88	10.75	1505.52	8462.87
-5.88	10.75	1504.65	8242.6
-5.88	10.75	1503.78	7944.69
-5.88	10.75	1502.91	8162.05
-5.88	10.75	1502.04	7680.1
-5.88	10.75	1501.17	7468.75
-5.88	10.75	1500.3	7553.75
-5.88	10.75	1499.44	7362.63
-5.88	10.75	1498.57	7292.34
-5.88	10.75	1497.7	6937.46
-5.88	10.75	1496.83	6740.79
-5.88	10.75	1495.96	6883.33
-5.88	10.75	1495.09	6830.41
-5.88	10.75	1494.22	6409.77
-5.88	10.75	1493.35	6537.92
-5.88	10.75	1492.48	6605.72
-5.88	10.75	1491.61	6478.23
-5.88	10.75	1490.73	6287.62
-5.88	10.75	1489.86	6188.94
-5.88	10.75	1488.99	6380.16
-5.88	10.75	1488.12	6244.19
-5.88	10.75	1487.25	6171.38
-5.88	10.75	1486.38	6018.28
-5.88	10.75	1485.51	6037.32
-5.88	10.75	1484.63	5950.24
-5.88	10.75	1483.76	5975.02
-5.88	10.75	1482.89	5787.66
-5.88	10.75	1482.02	5729.33
-5.88	10.75	1481.15	5908.88
-5.88	10.75	1480.27	5933.64
-5.88	10.75	1479.4	5855.27
-5.88	10.75	1478.53	5736.83
-5.88	10.75	1477.65	5795.97
-5.88	10.75	1476.78	5734.84
-5.88	10.75	1475.91	5819.73
-5.88	10.75	1475.03	5735.72
-5.88	10.75	1474.16	5714.69
-5.88	10.75	1473.29	5782.37
-5.88	10.75	1472.41	5592.57
-5.88	10.75	1471.54	5743.19
-5.88	10.75	1470.67	5682.14
-5.88	10.75	1469.79	5778.37
-5.88	10.75	1468.92	5860.27
-5.88	10.75	1468.04	5813.53
-5.88	10.75	1467.17	5783.94
-5.88	10.75	1466.29	5788.65
-5.88	10.75	1465.42	5899.06
-5.88	10.75	1464.54	5835.2
-5.88	10.75	1463.67	5694.26
-5.88	10.75	1462.79	5838.89
-5.88	10.75	1461.91	5866.43
-5.88	10.75	1461.04	5677.03
-5.88	10.75	1460.16	5647.51
-5.88	10.75	1459.29	5729.28
-5.88	10.75	1458.41	5793.9
-5.88	10.75	1457.53	5650.28
-5.88	10.75	1456.66	5743.41
-5.88	10.75	1455.78	5782.33
-5.88	10.75	1454.9	5755.67
-5.88	10.75	1454.03	5677.72
-5.88	10.75	1453.15	5639.69
-5.88	10.75	1452.27	5724.19
-5.88	10.75	1451.39	5760.23
-5.88	10.75	1450.52	5787.71
-5.88	10.75	1449.64	5795.25
-5.88	10.75	1448.76	5774.32
-5.88	10.75	1447.88	5946.97
-5.88	10.75	1447.0	5897.55
-5.88	10.75	1446.13	6044.51
-5.88	10.75	1445.25	6009.32
-5.88	10.75	1444.37	5903.02
-5.88	10.75	1443.49	6101.1
-5.88	10.75	1442.61	6176.82
-5.88	10.75	1441.73	6221.24
-5.88	10.75	1440.85	6302.61
-5.88	10.75	1439.97	6423.74
-5.88	10.75	1439.09	6308.95
-5.88	10.75	1438.21	6282.28
-5.88	10.75	1437.33	6360.73
-5.88	10.75	1436.45	6373.83
-5.88	10.75	1435.57	6597.08
-5.88	10.75	1434.69	6419.89
-5.88	10.75	1433.81	6634.53
-5.88	10.75	1432.93	6528.36
-5.88	10.75	1432.05	6623.71
-5.88	10.75	1431.17	6784.3
-5.88	10.75	1430.29	6672.48
-5.88	10.75	1429.41	6762.08
-5.88	10.75	1428.52	6661.65
-5.88	10.75	1427.64	6646.32
-5.88	10.75	1426.76	6633.82
-5.88	10.75	1425.88	6468.27
-5.88	10.75	1425.0	6557.83
-5.88	10.75	1424.11	6460.36
-5.88	10.75	1423.23	6496.06
-5.88	10.75	1422.35	6228.68
-5.88	10.75	1421.47	6278.57
-5.88	10.75	1420.58	6172.72
-5.88	10.75	1419.7	6168.81
-5.88	10.75	1418.82	6176.23
-5.88	10.75	1417.93	6302.51
-5.88	10.75	1417.05	6377.81
-5.88	10.75	1416.17	6314.46
-5.88	10.75	1415.28	6333.17
-5.88	10.75	1414.4	6303.78
-5.88	10.75	1413.51	6500.62
-5.88	10.75	1412.63	6397.71
-5.88	10.75	1411.75	6481.4
-5.88	10.75	1410.86	6381.36
-5.88	10.75	1409.98	6431.11
-5.88	10.75	1409.09	6746.4
-5.88	10.75	1408.21	6468.42
-5.88	10.75	1407.32	6543.54
-5.88	10.75	1406.44	6658.17
-5.88	10.75	1405.55	6606.2
-5.88	10.75	1404.66	6438.51
-5.88	10.75	1403.78	6578.5
-5.88	10.75	1402.89	6650.72
-5.88	10.75	1402.01	6722.91
-5.88	10.75	1401.12	6380.44
-5.88	10.75	1400.23	6525.98
-5.88	10.75	1399.35	6663.01
-5.88	10.75	1398.46	6523.71
-5.88	10.75	1397.57	6624.04
-5.88	10.75	1396.69	6529.89
-5.88	10.75	1395.8	6689.36
-5.88	10.75	1394.91	6753.0
-5.88	10.75	1394.02	6825.06
-5.88	10.75	1393.14	6694.32
-5.88	10.75	1392.25	6673.44
-5.88	10.75	1391.36	6739.85
-5.88	10.75	1390.47	6825.93
-5.88	10.75	1389.58	6703.73
-5.88	10.75	1388.7	6533.73
-5.88	10.75	1387.81	6799.86
-5.88	10.75	1386.92	6905.56
-5.88	10.75	1386.03	6645.62
-5.88	10.75	1385.14	6560.11
-5.88	10.75	1384.25	6395.9
-5.88	10.75	1383.36	6619.66
-5.88	10.75	1382.47	6525.76
-5.88	10.75	1381.58	6190.25
-5.88	10.75	1380.69	6273.45
-5.88	10.75	1379.8	6039.21
-5.88	10.75	1378.91	6187.01
-5.88	10.75	1378.02	6090.46
-5.88	10.75	1377.13	6153.97
-5.88	10.75	1376.24	6085.53
-5.88	10.75	1375.35	6199.53
-5.88	10.75	1374.46	6139.53
-5.88	10.75	1373.57	6062.71
-5.88	10.75	1372.68	6120.55
-5.88	10.75	1371.78	6265.32
-5.88	10.75	1370.89	6135.24
-5.88	10.75	1370.0	6285.57
-5.88	10.75	1369.11	6371.36
-5.88	10.75	1368.22	6451.53
-5.88	10.75	1367.33	6472.82
-5.88	10.75	1366.43	6258.77
-5.88	10.75	1365.54	6565.8
-5.88	10.75	1364.65	6441.42
-5.88	10.75	1363.76	6244.29
-5.88	10.75	1362.86	6349.59
-5.88	10.75	1361.97	6289.69
-5.88	10.75	1361.08	6428.53
-5.88	10.75	1360.18	6363.05
-5.88	10.75	1359.29	6238.84
-5.88	10.75	1358.4	6223.76
-5.88	10.75	1357.5	6424.04
-5.88	10.75	1356.61	6333.44
-5.88	10.75	1355.71	6312.76
-5.88	10.75	1354.82	6342.41
-5.88	10.75	1353.92	6419.55
-5.88	10.75	1353.03	6519.03
-5.88	10.75	1352.13	6280.42
-5.88	10.75	1351.24	6304.46
-5.88	10.75	1350.34	6387.14
-5.88	10.75	1349.45	6265.96
-5.88	10.75	1348.55	6189.48
-5.88	10.75	1347.66	6266.56
-5.88	10.75	1346.76	6435.7
-5.88	10.75	1345.87	6350.87
-5.88	10.75	1344.97	6014.97
-5.88	10.75	1344.07	6178.5
-5.88	10.75	1343.18	6328.02
-5.88	10.75	1342.28	6474.7
-5.88	10.75	1341.38	6403.86
-5.88	10.75	1340.49	6204.84
-5.88	10.75	1339.59	6145.23
-5.88	10.75	1338.69	6316.91
-5.88	10.75	1337.8	6335.31
-5.88	10.75	1336.9	6189.36
-5.88	10.75	1336.0	6232.83
-5.88	10.75	1335.1	6315.28
-5.88	10.75	1334.2	6252.92
-5.88	10.75	1333.31	6221.21
-5.88	10.75	1332.41	6234.04
-5.88	10.75	1331.51	6433.29
-5.88	10.75	1330.61	6334.79
-5.88	10.75	1329.71	6286.4
-5.88	10.75	1328.81	6313.11
-5.88	10.75	1327.91	6389.86
-5.88	10.75	1327.02	6449.91
-5.88	10.75	1326.12	6384.85
-5.88	10.75	1325.22	6303.13
-5.88	10.75	1324.32	6174.21
-5.88	10.75	1323.42	6559.3
-5.88	10.75	1322.52	6260.93
-5.88	10.75	1321.62	6320.94
-5.88	10.75	1320.72	6347.6
-5.88	10.75	1319.82	6454.76
-5.88	10.75	1318.91	6525.8
-5.88	10.75	1318.01	6280.43
-5.88	10.75	1317.11	6418.07
-5.88	10.75	1316.21	6411.4
-5.88	10.75	1315.31	6221.65
-5.88	10.75	1314.41	6170.64
-5.88	10.75	1313.51	6269.39
-5.88	10.75	1312.61	6240.56
-5.88	10.75	1311.7	6430.73
-5.88	10.75	1310.8	6169.09
-5.88	10.75	1309.9	6084.88
-5.88	10.75	1309.0	6236.19
-5.88	10.75	1308.09	6332.04
-5.88	10.75	1307.19	6145.38
-5.88	10.75	1306.29	5828.64
-5.88	10.75	1305.39	6071.25
-5.88	10.75	1304.48	6053.57
-5.88	10.75	1303.58	6041.44
-5.88	10.75	1302.68	5904.8
-5.88	10.75	1301.77	5981.23
-5.88	10.75	1300.87	6129.54
-5.88	10.75	1299.96	6073.16
-5.88	10.75	1299.06	5953.19
-5.88	10.75	1298.16	5957.68
-5.88	10.75	1297.25	6014.68
-5.88	10.75	1296.35	6071.66
-5.88	10.75	1295.44	6145.2
-5.88	10.75	1294.54	6072.29
-5.88	10.75	1293.63	5883.4
-5.88	10.75	1292.73	6086.73
-5.88	10.75	1291.82	6174.02
-5.88	10.75	1290.92	6087.36
-5.88	10.75	1290.01	6298.82
-5.88	10.75	1289.1	5944.47
-5.88	10.75	1288.2	5888.24
-5.88	10.75	1287.29	6014.11
-5.88	10.75	1286.39	5938.58
-5.88	10.75	1285.48	5821.71
-5.88	10.75	1284.57	5859.29
-5.88	10.75	1283.67	5803.13
-5.88	10.75	1282.76	5895.82
-5.88	10.75	1281.85	5682.59
-5.88	10.75	1280.94	5797.32
-5.88	10.75	1280.04	5760.48
-5.88	10.75	1279.13	5674.09
-5.88	10.75	1278.22	5629.03
-5.88	10.75	1277.31	5468.34
-5.88	10.75	1276.41	5423.33
-5.88	10.75	1275.5	5562.75
-5.88	10.75	1274.59	5534.25
-5.88	10.75	1273.68	5368.19
-5.88	10.75	1272.77	5491.04
-5.88	10.75	1271.86	5789.89
-5.88	10.75	1270.95	5527.61
-5.88	10.75	1270.04	5573.39
-5.88	10.75	1269.13	5503.68
-5.88	10.75	1268.23	5543.94
-5.88	10.75	1267.32	5584.19
-5.88	10.75	1266.41	5574.96
-5.88	10.75	1265.5	5508.05
-5.88	10.75	1264.59	5663.64
-5.88	10.75	1263.67	5552.8
-5.88	10.75	1262.76	5458.47
-5.88	10.75	1261.85	5512.41
-5.88	10.75	1260.94	5434.59
-5.88	10.75	1260.03	5507.73
-5.88	10.75	1259.12	5451.88
-5.88	10.75	1258.21	5423.49
-5.88	10.75	1257.3	5417.05
-5.88	10.75	1256.39	5372.22
-5.88	10.75	1255.47	5193.05
-5.88	10.75	1254.56	5257.93
-5.88	10.75	1253.65	5254.27
-5.88	10.75	1252.74	5393.1
-5.88	10.75	1251.83	5329.13
-5.88	10.75	1250.91	5298.06
-5.88	10.75	1250.0	5373.82
-5.88	10.75	1249.09	5479.67
-5.88	10.75	1248.17	5328.12
-5.88	10.75	1247.26	5239.58
-5.88	10.75	1246.35	5326.24
-5.88	10.75	1245.43	5382.77
-5.88	10.75	1244.52	5502.21
-5.88	10.75	1243.61	5419.18
-5.88	10.75	1242.69	5374.46
-5.88	10.75	1241.78	5523.92
-5.88	10.75	1240.86	5539.35
-5.88	10.75	1239.95	5390.75
-5.88	10.75	1239.03	5392.54
-5.88	10.75	1238.12	5326.0
-5.88	10.75	1237.2	5305.94
-5.88	10.75	1236.29	5258.56
-5.88	10.75	1235.37	5233.06
-5.88	10.75	1234.46	5390.52
-5.88	10.75	1233.54	5261.24
-5.88	10.75	1232.63	5252.13
-5.88	10.75	1231.71	5191.16
-5.88	10.75	1230.8	5405.82
-5.88	10.75	1229.88	5500.36
-5.88	10.75	1228.96	5327.53
-5.88	10.75	1228.05	5293.86
-5.88	10.75	1227.13	5426.55
-5.88	10.75	1226.21	5512.84
-5.88	10.75	1225.3	5310.15
-5.88	10.75	1224.38	5320.11
-5.88	10.75	1223.46	5346.42
-5.88	10.75	1222.54	5176.56
-5.88	10.75	1221.63	5164.75
-5.88	10.75	1220.71	5106.64
-5.88	10.75	1219.79	5138.42
-5.88	10.75	1218.87	5232.8
-5.88	10.75	1217.95	4956.95
-5.88	10.75	1217.03	5026.83
-5.88	10.75	1216.12	5072.21
-5.88	10.75	1215.2	5030.5
-5.88	10.75	1214.28	4945.29
-5.88	10.75	1213.36	5017.85
-5.88	10.75	1212.44	4935.38
-5.88	10.75	1211.52	5184.64
-5.88	10.75	1210.6	4982.57
-5.88	10.75	1209.68	4845.8
-5.88	10.75	1208.76	5241.67
-5.88	10.75	1207.84	5110.34
-5.88	10.75	1206.92	4960.04
-5.88	10.75	1206.0	5111.25
-5.88	10.75	1205.08	5197.24
-5.88	10.75	1204.16	5188.17
-5.88	10.75	1203.24	5230.69
-5.88	10.75	1202.31	5156.49
-5.88	10.75	1201.39	5114.87
-5.88	10.75	1200.47	5208.92
-5.88	10.75	1199.55	5077.8
-5.88	10.75	1198.63	4949.44
-5.88	10.75	1197.71	5151.93
-5.88	10.75	1196.78	5151.02
-5.88	10.75	1195.86	4998.32
-5.88	10.75	1194.94	4861.93
-5.88	10.75	1194.02	5115.77
-5.88	10.75	1193.09	5131.12
-5.88	10.75	1192.17	5030.0
-5.88	10.75	1191.25	4817.87
-5.88	10.75	1190.32	4909.08
-5.88	10.75	1189.4	4967.77
-5.88	10.75	1188.48	4893.81
-5.88	10.75	1187.55	4890.24
-5.88	10.75	1186.63	4875.84
-5.88	10.75	1185.71	4934.5
-5.88	10.75	1184.78	4857.89
-5.88	10.75	1183.86	4816.46
-5.88	10.75	1182.93	4821.02
-5.88	10.75	1182.01	4925.6
-5.88	10.75	1181.08	4897.7
-5.88	10.75	1180.16	4867.1
-5.88	10.75	1179.23	4868.94
-5.88	10.75	1178.31	4976.14
-5.88	10.75	1177.38	4934.74
-5.88	10.75	1176.46	4925.77
-5.88	10.75	1175.53	4841.2
-5.88	10.75	1174.6	4880.83
-5.88	10.75	1173.68	4761.21
-5.88	10.75	1172.75	4838.62
-5.88	10.75	1171.82	4643.5
-5.88	10.75	1170.9	4890.86
-5.88	10.75	1169.97	4649.95
-5.88	10.75	1169.04	4568.22
-5.88	10.75	1168.12	4726.49
-5.88	10.75	1167.19	4722.96
-5.88	10.75	1166.26	4770.64
-5.88	10.75	1165.33	4489.53
-5.88	10.75	1164.41	4548.01
-5.88	10.75	1163.48	4498.72
-5.88	10.75	1162.55	4382.1
-5.88	10.75	1161.62	4238.6
-5.88	10.75	1160.69	4294.39
-5.88	10.75	1159.76	4344.78
-5.88	10.75	1158.84	4295.56
-5.88	10.75	1157.91	4160.25
-5.88	10.75	1156.98	4205.25
-5.88	10.75	1156.05	4121.12
-5.88	10.75	1155.12	4066.59
-5.88	10.75	1154.19	3958.31
-5.88	10.75	1153.26	4024.82
-5.88	10.75	1152.33	4236.47
-5.88	10.75	1151.4	4061.02
-5.88	10.75	1150.47	3866.83
-5.88	10.75	1149.54	3946.74
-5.88	10.75	1148.61	4032.0
-5.88	10.75	1147.68	3907.74
-5.88	10.75	1146.75	4001.03
-5.88	10.75	1145.81	3879.51
-5.88	10.75	1144.88	3809.03
-5.88	10.75	1143.95	3977.43
-5.88	10.75	1143.02	4014.29
-5.88	10.75	1142.09	3766.75
-5.88	10.75	1141.16	4015.55
-5.88	10.75	1140.22	4030.93
-5.88	10.75	1139.29	3984.63
-5.88	10.75	1138.36	3986.6
-5.88	10.75	1137.43	4122.6
-5.88	10.75	1136.49	3950.34
-5.88	10.75	1135.56	4059.5
-5.88	10.75	1134.63	4098.97
-5.88	10.75	1133.69	4130.38
-5.88	10.75	1132.76	4287.66
-5.88	10.75	1131.83	4225.31
-5.88	10.75	1130.89	4251.33
-5.88	10.75	1129.96	4421.89
-5.88	10.75	1129.02	4241.79
-5.88	10.75	1128.09	4299.91
-5.88	10.75	1127.16	4221.56
-5.88	10.75	1126.22	4156.61
-5.88	10.75	1125.29	4190.64
-5.88	10.75	1124.35	4205.94
-5.88	10.75	1123.42	4103.6
-5.88	10.75	1122.48	4281.96
-5.88	10.75	1121.55	4307.92
-5.88	10.75	1120.61	4186.92
-5.88	10.75	1119.67	4263.65
-5.88	10.75	1118.74	4297.61
-5.88	10.75	1117.8	4323.55
-5.88	10.75	1116.87	4189.28
-5.88	10.75	1115.93	4071.08
-5.88	10.75	1114.99	4105.05
-5.88	10.75	1114.06	4109.66
-5.88	10.75	1113.12	4058.23
-5.88	10.75	1112.18	3993.48
-5.88	10.75	1111.24	4003.44
-5.88	10.75	1110.31	3896.06
-5.88	10.75	1109.37	4042.01
-5.88	10.75	1108.43	3945.33
-5.88	10.75	1107.49	4024.58
-5.88	10.75	1106.55	3816.01
-5.88	10.75	1105.62	3778.03
-5.88	10.75	1104.68	3878.58
-5.88	10.75	1103.74	3923.17
-5.88	10.75	1102.8	3807.97
-5.88	10.75	1101.86	3929.76
-5.88	10.75	1100.92	3857.19
-5.88	10.75	1099.98	3875.13
-5.88	10.75	1099.04	3805.26
-5.88	10.75	1098.1	3708.8
-5.88	10.75	1097.16	3798.58
-5.88	10.75	1096.22	3896.31
-5.88	10.75	1095.28	3746.7
-5.88	10.75	1094.34	3799.21
-5.88	10.75	1093.4	3846.38
-5.88	10.75	1092.46	3890.88
-5.88	10.75	1091.52	3855.64
-5.88	10.75	1090.58	3783.22
-5.88	10.75	1089.64	3761.29
-5.88	10.75	1088.7	3789.84
-5.88	10.75	1087.76	3696.23
-5.88	10.75	1086.81	3613.27
-5.88	10.75	1085.87	3700.22
-5.88	10.75	1084.93	3771.21
-5.88	10.75	1083.99	3547.65
-5.88	10.75	1083.05	3616.0
-5.88	10.75	1082.1	3702.88
-5.88	10.75	1081.16	3760.57
-5.88	10.75	1080.22	3696.26
-5.88	10.75	1079.28	3581.6
-5.88	10.75	1078.33	3686.99
-5.88	10.75	1077.39	3654.53
-5.88	10.75	1076.45	3561.14
-5.88	10.75	1075.5	3592.3
-5.88	10.75	1074.56	3774.42
-5.88	10.75	1073.61	3736.67
-5.88	10.75	1072.67	3728.06
-5.88	10.75	1071.73	3608.26
-5.88	10.75	1070.78	3790.25
-5.88	10.75	1069.84	3707.54
-5.88	10.75	1068.89	3685.71
-5.88	10.75	1067.95	3539.55
-5.88	10.75	1067.0	3515.12
-5.88	10.75	1066.06	3620.27
-5.88	10.75	1065.11	3598.47
-5.88	10.75	1064.16	3587.25
-5.88	10.75	1063.22	3626.26
-5.88	10.75	1062.27	3654.68
-5.88	10.75	1061.33	3569.48
-5.88	10.75	1060.38	3566.2
-5.88	10.75	1059.43	3642.16
-5.88	10.75	1058.49	3673.19
-5.88	10.75	1057.54	3540.53
-5.88	10.75	1056.59	3608.53
-5.88	10.75	1055.65	3708.17
-5.88	10.75	1054.7	3596.68
-5.88	10.75	1053.75	3654.08
-5.88	10.75	1052.8	3569.02
-5.88	10.75	1051.85	3721.35
-5.88	10.75	1050.91	3580.93
-5.88	10.75	1049.96	3519.65
-5.88	10.75	1049.01	3619.19
-5.88	10.75	1048.06	3705.51
-5.88	10.75	1047.11	3762.82
-5.88	10.75	1046.16	3551.38
-5.88	10.75	1045.21	3656.11
-5.88	10.75	1044.27	3697.59
-5.88	10.75	1043.32	3736.43
-5.88	10.75	1042.37	3651.52
-5.88	10.75	1041.42	3711.4
-5.88	10.75	1040.47	3776.53
-5.88	10.75	1039.52	3639.03
-5.88	10.75	1038.57	3583.14
-5.88	10.75	1037.62	3798.18
-5.88	10.75	1036.67	3760.68
-5.88	10.75	1035.71	3773.16
-5.88	10.75	1034.76	3680.47
-5.88	10.75	1033.81	3677.18
-5.88	10.75	1032.86	3702.8
-5.88	10.75	1031.91	3752.06
-5.88	10.75	1030.96	3512.33
-5.88	10.75	1030.01	3732.34
-5.88	10.75	1029.05	3705.41
-5.88	10.75	1028.1	3696.87
-5.88	10.75	1027.15	3680.45
-5.88	10.75	1026.2	3776.91
-5.88	10.75	1025.24	3747.36
-5.88	10.75	1024.29	3733.57
-5.88	10.75	1023.34	3622.73
-5.88	10.75	1022.39	3677.16
-5.88	10.75	1021.43	3705.35
-5.88	10.75	1020.48	3665.35
-5.88	10.75	1019.52	3641.1
-5.88	10.75	1018.57	3606.38
-5.88	10.75	1017.62	3613.6
-5.88	10.75	1016.66	3571.03
-5.88	10.75	1015.71	3536.33
-5.88	10.75	1014.75	3593.32
-5.88	10.75	1013.8	3768.12
-5.88	10.75	1012.84	3547.52
-5.88	10.75	1011.89	3586.15
-5.88	10.75	1010.93	3622.15
-5.88	10.75	1009.98	3553.47
-5.88	10.75	1009.02	3469.11
-5.88	10.75	1008.07	3646.36
-5.88	10.75	1007.11	3637.86
-5.88	10.75	1006.16	3553.53
-5.88	10.75	1005.2	3589.5
-5.88	10.75	1004.24	3523.51
-5.88	10.75	1003.29	3601.28
-5.88	10.75	1002.33	3692.08
-5.88	10.75	1001.37	3511.16
-5.88	10.75	1000.41	3547.1
-5.88	10.75	999.4580000000001	3491.62
-5.88	10.75	998.5	3605.88
-5.88	10.75	997.543	3419.88
-5.88	10.75	996.585	3596.76
-5.88	10.75	995.627	3627.43
-5.88	10.75	994.669	3629.38
-5.88	10.75	993.71	3513.95
-5.88	10.75	992.752	3492.45
-5.88	10.75	991.793	3588.31
-5.88	10.75	990.834	3733.68
-5.88	10.75	989.875	3474.93
-5.88	10.75	988.916	3573.35
-5.88	10.75	987.957	3588.34
-5.88	10.75	986.997	3504.32
-5.88	10.75	986.0369999999999	3506.3
-5.88	10.75	985.078	3573.39
-5.88	10.75	984.118	3544.1
-5.88	10.75	983.1569999999999	3467.96
-5.88	10.75	982.197	3425.69
-5.88	10.75	981.2360000000001	3544.79
-5.88	10.75	980.2760000000001	3637.83
-5.88	10.75	979.315	3603.36
-5.88	10.75	978.3539999999999	3464.85
-5.88	10.75	977.3919999999999	3651.48
-5.88	10.75	976.431	3609.22
-5.88	10.75	975.4689999999999	3491.58
-5.88	10.75	974.508	3618.32
-5.88	10.75	973.546	3500.72
-5.88	10.75	972.584	3707.96
-5.88	10.75	971.6210000000001	3499.46
-5.88	10.75	970.659	3602.73
-5.88	10.75	969.696	3565.72
-5.88	10.75	968.7330000000001	3676.73
-5.88	10.75	967.77	3637.13
-5.88	10.75	966.807	3628.69
-5.88	10.75	965.8439999999999	3677.34
-5.88	10.75	964.88	3588.46
-5.88	10.75	963.9169999999999	3574.85
-5.88	10.75	962.953	3561.24
-5.88	10.75	961.9889999999999	3700.63
-5.88	10.75	961.025	3676.63
-5.88	10.75	960.06	3626.71
-5.88	10.75	959.096	3605.33
-5.88	10.75	958.1310000000001	3545.07
-5.88	10.75	957.166	3567.76
-5.88	10.75	956.201	3502.35
-5.88	10.75	955.2360000000001	3411.07
-5.88	10.75	954.27	3576.19
-5.88	10.75	953.305	3635.09
-5.88	10.75	952.3389999999999	3515.36
-5.88	10.75	951.373	3833.07
-5.88	10.75	950.4069999999999	3625.37
-5.88	10.75	949.441	3637.65
-5.88	10.75	948.4739999999999	3665.45
-5.88	10.75	947.508	3625.99
-5.88	10.75	946.541	3560.69
-5.88	10.75	945.574	3490.25
-5.88	10.75	944.607	3587.85
-5.88	10.75	943.6389999999999	3755.19
-5.88	10.75	942.672	3671.82
-5.88	10.75	941.704	3557.49
-5.88	10.75	940.7360000000001	3675.67
-5.88	10.75	939.768	3569.12
-5.88	10.75	938.8	3599.46
-5.88	10.75	937.832	3526.53
-5.88	10.75	936.863	3525.89
-5.88	10.75	935.8939999999999	3618.16
-5.88	10.75	934.926	3529.78
-5.88	10.75	933.956	3446.59
-5.88	10.75	932.987	3500.13
-5.88	10.75	932.018	3455.66
-5.88	10.75	931.048	3426.68
-5.88	10.75	930.078	3348.72
-5.88	10.75	929.1080000000001	3448.64
-5.88	10.75	928.138	3453.17
-5.88	10.75	927.168	3419.05
-5.88	10.75	926.198	3418.44
-5.88	10.75	925.227	3466.76
-5.88	10.75	924.2560000000001	3460.98
-5.88	10.75	923.285	3475.8
-5.88	10.75	922.314	3490.62
-5.88	10.75	921.3430000000001	3420.5
-5.88	10.75	920.3710000000001	3461.06
-5.88	10.75	919.3989999999999	3362.66
-5.88	10.75	918.427	3400.64
-5.88	10.75	917.455	3520.91
-5.88	10.75	916.4830000000001	3484.27
-5.88	10.75	915.5110000000001	3537.63
-5.88	10.75	914.538	3452.17
-5.88	10.75	913.565	3549.2
-5.88	10.75	912.5930000000001	3558.84
-5.88	10.75	911.6189999999999	3645.55
-5.88	10.75	910.6460000000001	3680.85
-5.88	10.75	909.673	3811.16
-5.88	10.75	908.699	3602.49
-5.88	10.75	907.725	3642.91
-5.88	10.75	906.7510000000001	3619.16
-5.88	10.75	905.7769999999999	3777.61
-5.88	10.75	904.803	3748.71
-5.88	10.75	903.828	3691.59
-5.88	10.75	902.8539999999999	3762.74
-5.88	10.75	901.8789999999999	3764.63
-5.88	10.75	900.904	3569.08
-5.88	10.75	899.928	3553.06
-5.88	10.75	898.953	3777.96
-5.88	10.75	897.977	3749.09
-5.88	10.75	897.002	3638.24
-5.88	10.75	896.0260000000001	3655.52
-5.88	10.75	895.05	3880.24
-5.88	10.75	894.073	3705.41
-5.88	10.75	893.097	3722.66
-5.88	10.75	892.12	3745.03
-5.88	10.75	891.1439999999999	3798.09
-5.88	10.75	890.1669999999999	3526.16
-5.88	10.75	889.189	3617.63
-5.88	10.75	888.212	3693.71
-5.88	10.75	887.235	3613.76
-5.88	10.75	886.257	3687.26
-5.88	10.75	885.279	3533.2
-5.88	10.75	884.301	3609.25
-5.88	10.75	883.323	3457.81
-5.88	10.75	882.3439999999999	3515.95
-5.88	10.75	881.3660000000001	3522.98
-5.88	10.75	880.387	3494.25
-5.88	10.75	879.408	3554.9
-5.88	10.75	878.429	3480.21
-5.88	10.75	877.45	3502.56
-5.88	10.75	876.47	3626.99
-5.88	10.75	875.4910000000001	3580.4
-5.88	10.75	874.5110000000001	3508.31
-5.88	10.75	873.5310000000001	3489.82
-5.88	10.75	872.551	3540.2
-5.88	10.75	871.57	3636.46
-5.88	10.75	870.59	3607.76
-5.88	10.75	869.6089999999999	3632.59
-5.88	10.75	868.628	3698.2
-5.88	10.75	867.6469999999999	3684.79
-5.88	10.75	866.666	3597.5
-5.88	10.75	865.684	3762.42
-5.88	10.75	864.703	3746.46
-5.88	10.75	863.721	3730.5
-5.88	10.75	862.7389999999999	3523.6
-5.88	10.75	861.757	3721.51
-5.88	10.75	860.775	3738.65
-5.88	10.75	859.7919999999999	3730.34
-5.88	10.75	858.81	3627.9
-5.88	10.75	857.827	3784.95
-5.88	10.75	856.8439999999999	3807.15
-5.88	10.75	855.86	3684.41
-5.88	10.75	854.877	3772.72
-5.88	10.75	853.8939999999999	3866.09
-5.88	10.75	852.91	3677.32
-5.88	10.75	851.926	3686.82
-5.88	10.75	850.942	3734.42
-5.88	10.75	849.9580000000001	3990.28
-5.88	10.75	848.9730000000001	3875.28
-5.88	10.75	847.988	3877.11
-5.88	10.75	847.0039999999999	3927.18
-5.88	10.75	846.0189999999999	3855.4
-5.88	10.75	845.034	3918.14
-5.88	10.75	844.048	4069.66
-5.88	10.75	843.063	4091.76
-5.88	10.75	842.077	4012.39
-5.88	10.75	841.091	4021.8
-5.88	10.75	840.105	3851.2
-5.88	10.75	839.1189999999999	3989.92
-5.88	10.75	838.132	4009.47
-5.88	10.75	837.1460000000001	3909.92
-5.88	10.75	836.159	3985.22
-5.88	10.75	835.172	3959.16
-5.88	10.75	834.185	4029.36
-5.88	10.75	833.198	3823.52
-5.88	10.75	832.21	4101.31
-5.88	10.75	831.222	3951.22
-5.88	10.75	830.235	3877.11
-5.88	10.75	829.247	3909.3
-5.88	10.75	828.258	3756.8
-5.88	10.75	827.27	3819.35
-5.88	10.75	826.2810000000001	3722.56
-5.88	10.75	825.293	3714.3
-5.88	10.75	824.304	3895.64
-5.88	10.75	823.315	3879.77
-5.88	10.75	822.325	3712.27
-5.88	10.75	821.336	3752.02
-5.88	10.75	820.346	3837.23
-5.88	10.75	819.3560000000001	3798.65
-5.88	10.75	818.3660000000001	3664.12
-5.88	10.75	817.3760000000001	3671.03
-5.88	10.75	816.3860000000001	3703.18
-5.88	10.75	815.395	3520.78
-5.88	10.75	814.405	3565.57
-5.88	10.75	813.414	3577.53
-5.88	10.75	812.423	3695.44
-5.88	10.75	811.431	3505.61
-5.88	10.75	810.44	3441.94
-5.88	10.75	809.448	3461.48
-5.88	10.75	808.456	3670.06
-5.88	10.75	807.4639999999999	3664.35
-5.88	10.75	806.472	3593.13
-5.88	10.75	805.48	3783.95
-5.88	10.75	804.487	3629.61
-5.88	10.75	803.495	3664.2
-5.88	10.75	802.502	3550.23
-5.88	10.75	801.5089999999999	3642.73
-5.88	10.75	800.5160000000001	3523.77
-5.88	10.75	799.5219999999999	3515.58
-5.88	10.75	798.528	3577.84
-5.88	10.75	797.535	3655.17
-5.88	10.75	796.541	3568.99
-5.88	10.75	795.547	3596.0
-5.88	10.75	794.552	3570.2
-5.88	10.75	793.558	3564.53
-5.88	10.75	792.563	3493.5
-5.88	10.75	791.568	3502.92
-5.88	10.75	790.573	3507.31
-5.88	10.75	789.578	3479.04
-5.88	10.75	788.582	3428.17
-5.88	10.75	787.587	3447.63
-5.88	10.75	786.591	3394.28
-5.88	10.75	785.595	3368.56
-5.88	10.75	784.5989999999999	3413.12
-5.88	10.75	783.602	3492.8
-5.88	10.75	782.6060000000001	3381.77
-5.88	10.75	781.6089999999999	3438.85
-5.88	10.75	780.612	3393.08
-5.88	10.75	779.615	3477.71
-5.88	10.75	778.618	3492.12
-5.88	10.75	777.6210000000001	3343.6
-5.88	10.75	776.623	3435.71
-5.88	10.75	775.625	3507.75
-5.88	10.75	774.627	3434.46
-5.88	10.75	773.6289999999999	3323.63
-5.88	10.75	772.6310000000001	3500.82
-5.88	10.75	771.632	3452.61
-5.88	10.75	770.6339999999999	3441.97
-5.88	10.75	769.635	3483.89
-5.88	10.75	768.6360000000001	3468.24
-5.88	10.75	767.6360000000001	3490.12
-5.88	10.75	766.637	3491.98
-5.88	10.75	765.637	3521.36
-5.88	10.75	764.637	3638.24
-5.88	10.75	763.638	3470.07
-5.88	10.75	762.637	3441.94
-5.88	10.75	761.637	3453.81
-5.88	10.75	760.6360000000001	3585.61
-5.88	10.75	759.6360000000001	3562.47
-5.88	10.75	758.635	3481.89
-5.88	10.75	757.6339999999999	3568.66
-5.88	10.75	756.633	3630.43
-5.88	10.75	755.6310000000001	3484.97
-5.88	10.75	754.6289999999999	3411.96
-5.88	10.75	753.628	3660.88
-5.88	10.75	752.6260000000001	3572.89
-5.88	10.75	751.623	3435.03
-5.88	10.75	750.6210000000001	3591.53
-5.88	10.75	749.6189999999999	3493.62
-5.88	10.75	748.6160000000001	3532.88
-5.88	10.75	747.613	3407.59
-5.88	10.75	746.61	3526.6
-5.88	10.75	745.607	3580.78
-5.88	10.75	744.6030000000001	3413.2
-5.88	10.75	743.5989999999999	3487.3
-5.88	10.75	742.596	3613.68
-5.88	10.75	741.592	3453.66
-5.88	10.75	740.587	3612.36
-5.88	10.75	739.5830000000001	3429.99
-5.88	10.75	738.579	3454.25
-5.88	10.75	737.574	3505.87
-5.88	10.75	736.569	3408.21
-5.88	10.75	735.564	3534.43
-5.88	10.75	734.558	3553.68
-5.88	10.75	733.553	3304.39
-5.88	10.75	732.547	3433.06
-5.88	10.75	731.541	3514.45
-5.88	10.75	730.535	3503.87
-5.88	10.75	729.529	3460.99
-5.88	10.75	728.523	3455.39
-5.88	10.75	727.5160000000001	3524.29
-5.88	10.75	726.5089999999999	3506.27
-5.88	10.75	725.503	3374.04
-5.88	10.75	724.495	3430.51
-5.88	10.75	723.488	3586.24
-5.88	10.75	722.4810000000001	3493.77
-5.88	10.75	721.4730000000001	3555.16
-5.88	10.75	720.465	3621.48
-5.88	10.75	719.457	3459.61
-5.88	10.75	718.449	3486.26
-5.88	10.75	717.44	3436.03
-5.88	10.75	716.432	3631.22
-5.88	10.75	715.423	3585.95
-5.88	10.75	714.414	3496.09
-5.88	10.75	713.405	3443.43
-5.88	10.75	712.395	3574.07
-5.88	10.75	711.3860000000001	3553.6
-5.88	10.75	710.3760000000001	3538.09
-5.88	10.75	709.3660000000001	3594.38
-5.88	10.75	708.3560000000001	3620.95
-5.88	10.75	707.346	3533.67
-5.88	10.75	706.335	3498.39
-5.88	10.75	705.325	3515.06
-5.88	10.75	704.314	3489.68
-5.88	10.75	703.303	3503.88
-5.88	10.75	702.2919999999999	3419.18
-5.88	10.75	701.28	3643.49
-5.88	10.75	700.2689999999999	3598.34
-5.88	10.75	699.257	3516.14
-5.88	10.75	698.245	3567.37
-5.88	10.75	697.2330000000001	3633.41
-5.88	10.75	696.22	3440.11
-5.88	10.75	695.2080000000001	3437.01
-5.88	10.75	694.195	3646.22
-5.88	10.75	693.182	3512.27
-5.88	10.75	692.169	3432.65
-5.88	10.75	691.1560000000001	3575.13
-5.88	10.75	690.143	3564.6
-5.88	10.75	689.1289999999999	3645.34
-5.88	10.75	688.115	3486.85
-5.88	10.75	687.1010000000001	3626.74
-5.88	10.75	686.087	3640.87
-5.88	10.75	685.073	3615.55
-5.88	10.75	684.058	3570.53
-5.88	10.75	683.043	3572.34
-5.88	10.75	682.028	3677.6
-5.88	10.75	681.013	3551.33
-5.88	10.75	679.998	3558.06
-5.88	10.75	678.9830000000001	3636.19
-5.88	10.75	677.967	3647.83
-5.88	10.75	676.951	3573.33
-5.88	10.75	675.935	3535.76
-5.88	10.75	674.919	3601.53
-5.88	10.75	673.9019999999999	3514.79
-5.88	10.75	672.8860000000001	3423.15
-5.88	10.75	671.8689999999999	3633.97
-5.88	10.75	670.852	3635.76
-5.88	10.75	669.835	3413.89
-5.88	10.75	668.817	3413.26
-5.88	10.75	667.8	3584.62
-5.88	10.75	666.7819999999999	3618.35
-5.88	10.75	665.7639999999999	3494.88
-5.88	10.75	664.7460000000001	3585.1
-5.88	10.75	663.7280000000001	3527.97
-5.88	10.75	662.709	3569.05
-5.88	10.75	661.691	3457.95
-5.88	10.75	660.672	3633.99
-5.88	10.75	659.653	3660.3
-5.88	10.75	658.6339999999999	3718.5
-5.88	10.75	657.6139999999999	3649.15
-5.88	10.75	656.595	3753.91
-5.88	10.75	655.575	3618.39
-5.88	10.75	654.555	3627.52
-5.88	10.75	653.535	3587.65
-5.88	10.75	652.514	3653.14
-5.88	10.75	651.494	3637.77
-5.88	10.75	650.4730000000001	3458.31
-5.88	10.75	649.452	3643.78
-5.88	10.75	648.431	3714.11
-5.88	10.75	647.41	3473.53
-5.88	10.75	646.388	3494.92
-5.88	10.75	645.366	3548.11
-5.88	10.75	644.345	3535.22
-5.88	10.75	643.323	3392.7
-5.88	10.75	642.3	3612.18
-5.88	10.75	641.278	3638.41
-5.88	10.75	640.255	3405.49
-5.88	10.75	639.232	3439.08
-5.88	10.75	638.2090000000001	3431.12
-5.88	10.75	637.186	3337.64
-5.88	10.75	636.163	3332.14
-5.88	10.75	635.139	3492.73
-5.88	10.75	634.116	3511.62
-5.88	10.75	633.092	3474.35
-5.88	10.75	632.068	3393.15
-5.88	10.75	631.043	3431.57
-5.88	10.75	630.019	3601.76
-5.88	10.75	628.994	3354.68
-5.88	10.75	627.969	3366.25
-5.88	10.75	626.944	3485.14
-5.88	10.75	625.919	3367.45
-5.88	10.75	624.893	3357.08
-5.88	10.75	623.868	3407.65
-5.88	10.75	622.842	3382.65
-5.88	10.75	621.816	3355.22
-5.88	10.75	620.79	3369.22
-5.88	10.75	619.763	3495.25
-5.88	10.75	618.737	3336.32
-5.88	10.75	617.71	3279.7
-5.88	10.75	616.683	3283.96
-5.88	10.75	615.656	3461.03
-5.88	10.75	614.629	3316.82
-5.88	10.75	613.601	3233.48
-5.88	10.75	612.573	3471.28
-5.88	10.75	611.545	3332.01
-5.88	10.75	610.5169999999999	3333.82
-5.88	10.75	609.489	3335.64
-5.88	10.75	608.461	3420.1
-5.88	10.75	607.432	3404.89
-5.88	10.75	606.403	3413.98
-5.88	10.75	605.374	3364.76
-5.88	10.75	604.345	3417.57
-5.88	10.75	603.315	3441.23
-5.88	10.75	602.286	3367.75
-5.88	10.75	601.256	3554.05
-5.88	10.75	600.226	3478.15
