-5.88	0.75	1799.66	2665.08
-5.88	0.75	1798.84	2637.13
-5.88	0.75	1798.03	2648.91
-5.88	0.75	1797.21	2645.41
-5.88	0.75	1796.39	2690.77
-5.88	0.75	1795.57	2723.91
-5.88	0.75	1794.75	2641.01
-5.88	0.75	1793.93	2494.04
-5.88	0.75	1793.11	2768.31
-5.88	0.75	1792.29	2731.22
-5.88	0.75	1791.47	2669.74
-5.88	0.75	1790.65	2669.29
-5.88	0.75	1789.84	2757.29
-5.88	0.75	1789.02	2662.29
-5.88	0.75	1788.2	2658.79
-5.88	0.75	1787.38	2713.22
-5.88	0.75	1786.56	2654.84
-5.88	0.75	1785.73	2736.68
-5.88	0.75	1784.91	2736.22
-5.88	0.75	1784.09	2680.92
-5.88	0.75	1783.27	2695.69
-5.88	0.75	1782.45	2865.78
-5.88	0.75	1781.63	2859.21
-5.88	0.75	1780.81	2712.59
-5.88	0.75	1779.99	2797.36
-5.88	0.75	1779.17	2796.89
-5.88	0.75	1778.35	2799.46
-5.88	0.75	1777.52	2780.73
-5.88	0.75	1776.7	2807.64
-5.88	0.75	1775.88	2798.04
-5.88	0.75	1775.06	2931.37
-5.88	0.75	1774.24	2857.9
-5.88	0.75	1773.41	2665.91
-5.88	0.75	1772.59	2771.84
-5.88	0.75	1771.77	2810.87
-5.88	0.75	1770.95	2767.86
-5.88	0.75	1770.12	2794.73
-5.88	0.75	1769.3	2730.48
-5.88	0.75	1768.48	2833.26
-5.88	0.75	1767.65	2835.82
-5.88	0.75	1766.83	2908.2
-5.88	0.75	1766.01	2792.37
-5.88	0.75	1765.18	2797.96
-5.88	0.75	1764.36	2924.93
-5.88	0.75	1763.53	2866.79
-5.88	0.75	1762.71	2829.91
-5.88	0.75	1761.88	2902.21
-5.88	0.75	1761.06	2895.66
-5.88	0.75	1760.24	2861.82
-5.88	0.75	1759.41	2924.99
-5.88	0.75	1758.59	2854.79
-5.88	0.75	1757.76	2869.46
-5.88	0.75	1756.94	3011.36
-5.88	0.75	1756.11	2962.38
-5.88	0.75	1755.28	2922.51
-5.88	0.75	1754.46	2764.56
-5.88	0.75	1753.63	3024.46
-5.88	0.75	1752.81	2951.3
-5.88	0.75	1751.98	3005.27
-5.88	0.75	1751.16	2841.36
-5.88	0.75	1750.33	3025.43
-5.88	0.75	1749.5	2934.17
-5.88	0.75	1748.68	2982.06
-5.88	0.75	1747.85	2927.13
-5.88	0.75	1747.02	2908.49
-5.88	0.75	1746.2	2901.95
-5.88	0.75	1745.37	3034.45
-5.88	0.75	1744.54	2961.41
-5.88	0.75	1743.71	2879.33
-5.88	0.75	1742.89	2854.67
-5.88	0.75	1742.06	2975.0
-5.88	0.75	1741.23	3019.8
-5.88	0.75	1740.4	3100.8
-5.88	0.75	1739.57	3030.85
-5.88	0.75	1738.75	3009.2
-5.88	0.75	1737.92	3038.87
-5.88	0.75	1737.09	3056.46
-5.88	0.75	1736.26	2911.14
-5.88	0.75	1735.43	3040.34
-5.88	0.75	1734.6	3133.31
-5.88	0.75	1733.77	3042.33
-5.88	0.75	1732.94	3090.04
-5.88	0.75	1732.11	2908.67
-5.88	0.75	1731.28	3095.02
-5.88	0.75	1730.45	3040.26
-5.88	0.75	1729.62	3109.04
-5.88	0.75	1728.8	2921.76
-5.88	0.75	1727.96	3032.69
-5.88	0.75	1727.13	3194.77
-5.88	0.75	1726.3	3079.83
-5.88	0.75	1725.47	3052.22
-5.88	0.75	1724.64	3078.78
-5.88	0.75	1723.81	3021.09
-5.88	0.75	1722.98	3065.7
-5.88	0.75	1722.15	3023.07
-5.88	0.75	1721.32	3160.9
-5.88	0.75	1720.49	3022.05
-5.88	0.75	1719.66	3144.8
-5.88	0.75	1718.82	3072.12
-5.88	0.75	1717.99	3104.66
-5.88	0.75	1717.16	3007.97
-5.88	0.75	1716.33	3085.58
-5.88	0.75	1715.5	3154.14
-5.88	0.75	1714.66	3045.48
-5.88	0.75	1713.83	2993.92
-5.88	0.75	1713.0	3143.53
-5.88	0.75	1712.17	3103.97
-5.88	0.75	1711.33	3181.48
-5.88	0.75	1710.5	3102.92
-5.88	0.75	1709.67	2973.37
-5.88	0.75	1708.83	3059.86
-5.88	0.75	1708.0	3158.32
-5.88	0.75	1707.17	3217.76
-5.88	0.75	1706.33	3025.32
-5.88	0.75	1705.5	3051.79
-5.88	0.75	1704.66	3207.13
-5.88	0.75	1703.83	3158.63
-5.88	0.75	1703.0	3298.92
-5.88	0.75	1702.16	3097.64
-5.88	0.75	1701.33	3133.06
-5.88	0.75	1700.49	3219.38
-5.88	0.75	1699.66	3272.72
-5.88	0.75	1698.82	3335.04
-5.88	0.75	1697.99	3142.9
-5.88	0.75	1697.15	3312.95
-5.88	0.75	1696.32	3288.45
-5.88	0.75	1695.48	3069.5
-5.88	0.75	1694.64	3170.68
-5.88	0.75	1693.81	3062.47
-5.88	0.75	1692.97	3304.15
-5.88	0.75	1692.14	3100.29
-5.88	0.75	1691.3	3114.71
-5.88	0.75	1690.46	3206.83
-5.88	0.75	1689.63	3272.02
-5.88	0.75	1688.79	3199.76
-5.88	0.75	1687.95	3267.92
-5.88	0.75	1687.12	3198.67
-5.88	0.75	1686.28	3236.95
-5.88	0.75	1685.44	3355.82
-5.88	0.75	1684.6	3289.58
-5.88	0.75	1683.77	3190.53
-5.88	0.75	1682.93	3285.47
-5.88	0.75	1682.09	3281.93
-5.88	0.75	1681.25	3287.34
-5.88	0.75	1680.41	3161.51
-5.88	0.75	1679.58	3202.72
-5.88	0.75	1678.74	3351.25
-5.88	0.75	1677.9	3341.74
-5.88	0.75	1677.06	3329.25
-5.88	0.75	1676.22	3248.22
-5.88	0.75	1675.38	3316.19
-5.88	0.75	1674.54	3306.69
-5.88	0.75	1673.7	3529.51
-5.88	0.75	1672.86	3403.84
-5.88	0.75	1672.02	3325.84
-5.88	0.75	1671.18	3393.75
-5.88	0.75	1670.34	3509.25
-5.88	0.75	1669.5	3484.84
-5.88	0.75	1668.66	3359.28
-5.88	0.75	1667.82	3444.98
-5.88	0.75	1666.98	3610.96
-5.88	0.75	1666.14	3467.6
-5.88	0.75	1665.3	3440.25
-5.88	0.75	1664.46	3597.22
-5.88	0.75	1663.62	3504.47
-5.88	0.75	1662.78	3616.8
-5.88	0.75	1661.94	3423.04
-5.88	0.75	1661.1	3535.35
-5.88	0.75	1660.25	3576.33
-5.88	0.75	1659.41	3771.73
-5.88	0.75	1658.57	3711.7
-5.88	0.75	1657.73	3559.66
-5.88	0.75	1656.89	3642.17
-5.88	0.75	1656.04	3742.45
-5.88	0.75	1655.2	3919.85
-5.88	0.75	1654.36	3788.64
-5.88	0.75	1653.52	3684.17
-5.88	0.75	1652.67	3784.38
-5.88	0.75	1651.83	3727.4
-5.88	0.75	1650.99	3848.32
-5.88	0.75	1650.14	3826.91
-5.88	0.75	1649.3	3921.1
-5.88	0.75	1648.46	4006.36
-5.88	0.75	1647.61	3958.27
-5.88	0.75	1646.77	3913.16
-5.88	0.75	1645.92	3820.68
-5.88	0.75	1645.08	4119.12
-5.88	0.75	1644.24	4171.71
-5.88	0.75	1643.39	3975.62
-5.88	0.75	1642.55	4004.53
-5.88	0.75	1641.7	4196.2
-5.88	0.75	1640.86	4373.01
-5.88	0.75	1640.01	4283.51
-5.88	0.75	1639.17	4312.36
-5.88	0.75	1638.32	4429.91
-5.88	0.75	1637.48	4633.17
-5.88	0.75	1636.63	4635.33
-5.88	0.75	1635.78	4368.53
-5.88	0.75	1634.94	4379.6
-5.88	0.75	1634.09	4665.46
-5.88	0.75	1633.25	4776.92
-5.88	0.75	1632.4	4690.44
-5.88	0.75	1631.55	4834.35
-5.88	0.75	1630.71	4768.56
-5.88	0.75	1629.86	4879.93
-5.88	0.75	1629.01	5068.0
-5.88	0.75	1628.16	4990.4
-5.88	0.75	1627.32	4780.05
-5.88	0.75	1626.47	5018.2
-5.88	0.75	1625.62	5256.26
-5.88	0.75	1624.77	5160.99
-5.88	0.75	1623.93	5051.01
-5.88	0.75	1623.08	5200.5
-5.88	0.75	1622.23	5332.25
-5.88	0.75	1621.38	5340.18
-5.88	0.75	1620.53	5312.74
-5.88	0.75	1619.69	5361.92
-5.88	0.75	1618.84	5552.46
-5.88	0.75	1617.99	5545.62
-5.88	0.75	1617.14	5647.74
-5.88	0.75	1616.29	5729.2
-5.88	0.75	1615.44	5757.66
-5.88	0.75	1614.59	5939.14
-5.88	0.75	1613.74	5867.5
-5.88	0.75	1612.89	5951.82
-5.88	0.75	1612.04	5986.1
-5.88	0.75	1611.19	5899.78
-5.88	0.75	1610.34	5948.76
-5.88	0.75	1609.49	6065.35
-5.88	0.75	1608.64	6167.19
-5.88	0.75	1607.79	6136.74
-5.88	0.75	1606.94	6279.68
-5.88	0.75	1606.09	6237.47
-5.88	0.75	1605.24	6233.47
-5.88	0.75	1604.39	6429.18
-5.88	0.75	1603.54	6580.78
-5.88	0.75	1602.68	6526.8
-5.88	0.75	1601.83	6602.01
-5.88	0.75	1600.98	6413.03
-5.88	0.75	1600.13	6546.92
-5.88	0.75	1599.28	6616.22
-5.88	0.75	1598.42	6644.42
-5.88	0.75	1597.57	6681.41
-5.88	0.75	1596.72	6853.28
-5.88	0.75	1595.87	6943.0
-5.88	0.75	1595.01	6698.49
-5.88	0.75	1594.16	6679.76
-5.88	0.75	1593.31	6866.16
-5.88	0.75	1592.45	7058.37
-5.88	0.75	1591.6	7244.64
-5.88	0.75	1590.75	6839.2
-5.88	0.75	1589.89	6791.17
-5.88	0.75	1589.04	7085.73
-5.88	0.75	1588.19	7102.08
-5.88	0.75	1587.33	7223.8
-5.88	0.75	1586.48	6827.48
-5.88	0.75	1585.62	7235.95
-5.88	0.75	1584.77	7146.94
-5.88	0.75	1583.91	6727.44
-5.88	0.75	1583.06	6816.95
-5.88	0.75	1582.2	6760.22
-5.88	0.75	1581.35	6794.14
-5.88	0.75	1580.49	6830.97
-5.88	0.75	1579.64	6695.37
-5.88	0.75	1578.78	6635.78
-5.88	0.75	1577.93	6549.92
-5.88	0.75	1577.07	6916.83
-5.88	0.75	1576.21	6632.36
-5.88	0.75	1575.36	6523.18
-5.88	0.75	1574.5	6381.93
-5.88	0.75	1573.65	6637.7
-5.88	0.75	1572.79	6417.68
-5.88	0.75	1571.93	6396.15
-5.88	0.75	1571.08	6292.94
-5.88	0.75	1570.22	6364.78
-5.88	0.75	1569.36	6232.45
-5.88	0.75	1568.5	6178.89
-5.88	0.75	1567.65	6090.37
-5.88	0.75	1566.79	6232.15
-5.88	0.75	1565.93	5986.27
-5.88	0.75	1565.07	6116.37
-5.88	0.75	1564.21	5879.33
-5.88	0.75	1563.36	5793.84
-5.88	0.75	1562.5	6046.23
-5.88	0.75	1561.64	5975.3
-5.88	0.75	1560.78	5761.74
-5.88	0.75	1559.92	5766.57
-5.88	0.75	1559.06	5893.64
-5.88	0.75	1558.2	5968.28
-5.88	0.75	1557.34	5714.13
-5.88	0.75	1556.49	5832.42
-5.88	0.75	1555.63	6023.37
-5.88	0.75	1554.77	5967.08
-5.88	0.75	1553.91	5852.67
-5.88	0.75	1553.05	5793.52
-5.88	0.75	1552.19	5920.41
-5.88	0.75	1551.33	5904.86
-5.88	0.75	1550.47	6168.24
-5.88	0.75	1549.6	5981.26
-5.88	0.75	1548.74	5893.1
-5.88	0.75	1547.88	5953.07
-5.88	0.75	1547.02	6169.8
-5.88	0.75	1546.16	5881.35
-5.88	0.75	1545.3	5871.63
-5.88	0.75	1544.44	5914.15
-5.88	0.75	1543.58	6093.02
-5.88	0.75	1542.71	6019.44
-5.88	0.75	1541.85	6006.81
-5.88	0.75	1540.99	5904.27
-5.88	0.75	1540.13	6230.89
-5.88	0.75	1539.27	5986.31
-5.88	0.75	1538.4	6011.37
-5.88	0.75	1537.54	5961.06
-5.88	0.75	1536.68	6017.99
-5.88	0.75	1535.81	5883.69
-5.88	0.75	1534.95	5847.92
-5.88	0.75	1534.09	5705.01
-5.88	0.75	1533.23	5950.14
-5.88	0.75	1532.36	5972.28
-5.88	0.75	1531.5	5849.68
-5.88	0.75	1530.63	5709.76
-5.88	0.75	1529.77	5564.11
-5.88	0.75	1528.91	5858.23
-5.88	0.75	1528.04	5602.68
-5.88	0.75	1527.18	5581.47
-5.88	0.75	1526.31	5540.03
-5.88	0.75	1525.45	5507.27
-5.88	0.75	1524.58	5740.45
-5.88	0.75	1523.72	5606.52
-5.88	0.75	1522.85	5423.52
-5.88	0.75	1521.99	5720.15
-5.88	0.75	1521.12	5742.27
-5.88	0.75	1520.26	5521.79
-5.88	0.75	1519.39	5445.77
-5.88	0.75	1518.52	5542.98
-5.88	0.75	1517.66	5732.54
-5.88	0.75	1516.79	5483.35
-5.88	0.75	1515.93	5366.99
-5.88	0.75	1515.06	5417.99
-5.88	0.75	1514.19	5693.97
-5.88	0.75	1513.33	5603.58
-5.88	0.75	1512.46	5654.52
-5.88	0.75	1511.59	5474.8
-5.88	0.75	1510.72	5545.91
-5.88	0.75	1509.86	5735.17
-5.88	0.75	1508.99	5598.75
-5.88	0.75	1508.12	5453.73
-5.88	0.75	1507.25	5763.88
-5.88	0.75	1506.38	5829.13
-5.88	0.75	1505.52	5499.86
-5.88	0.75	1504.65	5421.17
-5.88	0.75	1503.78	5575.68
-5.88	0.75	1502.91	5756.03
-5.88	0.75	1502.04	5544.98
-5.88	0.75	1501.17	5618.82
-5.88	0.75	1500.3	5485.53
-5.88	0.75	1499.44	5697.41
-5.88	0.75	1498.57	5799.94
-5.88	0.75	1497.7	5655.19
-5.88	0.75	1496.83	5783.57
-5.88	0.75	1495.96	5725.09
-5.88	0.75	1495.09	5879.27
-5.88	0.75	1494.22	5921.35
-5.88	0.75	1493.35	5779.57
-5.88	0.75	1492.48	5827.4
-5.88	0.75	1491.61	6073.34
-5.88	0.75	1490.73	5871.32
-5.88	0.75	1489.86	5921.97
-5.88	0.75	1488.99	5943.91
-5.88	0.75	1488.12	6212.62
-5.88	0.75	1487.25	6136.95
-5.88	0.75	1486.38	6133.02
-5.88	0.75	1485.51	6051.66
-5.88	0.75	1484.63	6308.69
-5.88	0.75	1483.76	6428.02
-5.88	0.75	1482.89	6286.44
-5.88	0.75	1482.02	6176.45
-5.88	0.75	1481.15	6335.85
-5.88	0.75	1480.27	6406.38
-5.88	0.75	1479.4	6439.65
-5.88	0.75	1478.53	6209.41
-5.88	0.75	1477.65	6299.97
-5.88	0.75	1476.78	6539.38
-5.88	0.75	1475.91	6423.74
-5.88	0.75	1475.03	6270.94
-5.88	0.75	1474.16	6324.22
-5.88	0.75	1473.29	6434.71
-5.88	0.75	1472.41	6284.85
-5.88	0.75	1471.54	6040.65
-5.88	0.75	1470.67	6156.85
-5.88	0.75	1469.79	6232.98
-5.88	0.75	1468.92	6157.57
-5.88	0.75	1468.04	5979.3
-5.88	0.75	1467.17	5921.11
-5.88	0.75	1466.29	5905.8
-5.88	0.75	1465.42	5887.64
-5.88	0.75	1464.54	5858.05
-5.88	0.75	1463.67	5739.96
-5.88	0.75	1462.79	5601.91
-5.88	0.75	1461.91	5720.84
-5.88	0.75	1461.04	5651.35
-5.88	0.75	1460.16	5755.95
-5.88	0.75	1459.29	5475.34
-5.88	0.75	1458.41	5557.12
-5.88	0.75	1457.53	5464.89
-5.88	0.75	1456.66	5438.27
-5.88	0.75	1455.78	5351.79
-5.88	0.75	1454.9	5333.76
-5.88	0.75	1454.03	5250.18
-5.88	0.75	1453.15	5235.02
-5.88	0.75	1452.27	5336.69
-5.88	0.75	1451.39	5293.03
-5.88	0.75	1450.52	5488.64
-5.88	0.75	1449.64	5667.1
-5.88	0.75	1448.76	5449.73
-5.88	0.75	1447.88	5639.52
-5.88	0.75	1447.0	5701.16
-5.88	0.75	1446.13	5831.08
-5.88	0.75	1445.25	5844.29
-5.88	0.75	1444.37	5934.31
-5.88	0.75	1443.49	6089.72
-5.88	0.75	1442.61	6117.1
-5.88	0.75	1441.73	5911.32
-5.88	0.75	1440.85	5938.72
-5.88	0.75	1439.97	6051.39
-5.88	0.75	1439.09	6152.64
-5.88	0.75	1438.21	6069.18
-5.88	0.75	1437.33	5957.33
-5.88	0.75	1436.45	5757.47
-5.88	0.75	1435.57	5958.1
-5.88	0.75	1434.69	5670.29
-5.88	0.75	1433.81	5689.17
-5.88	0.75	1432.93	5710.89
-5.88	0.75	1432.05	5485.71
-5.88	0.75	1431.17	5578.39
-5.88	0.75	1430.29	5512.17
-5.88	0.75	1429.41	5505.54
-5.88	0.75	1428.52	5756.98
-5.88	0.75	1427.64	5625.55
-5.88	0.75	1426.76	5607.57
-5.88	0.75	1425.88	5544.23
-5.88	0.75	1425.0	5656.63
-5.88	0.75	1424.11	5590.48
-5.88	0.75	1423.23	5513.01
-5.88	0.75	1422.35	5548.88
-5.88	0.75	1421.47	5771.64
-5.88	0.75	1420.58	5883.9
-5.88	0.75	1419.7	5514.84
-5.88	0.75	1418.82	5573.33
-5.88	0.75	1417.93	5478.97
-5.88	0.75	1417.05	5678.91
-5.88	0.75	1416.17	5683.58
-5.88	0.75	1415.28	5388.42
-5.88	0.75	1414.4	5503.44
-5.88	0.75	1413.51	5731.52
-5.88	0.75	1412.63	5413.88
-5.88	0.75	1411.75	5390.33
-5.88	0.75	1410.86	5477.0
-5.88	0.75	1409.98	5518.43
-5.88	0.75	1409.09	5684.16
-5.88	0.75	1408.21	5524.99
-5.88	0.75	1407.32	5419.53
-5.88	0.75	1406.44	5576.71
-5.88	0.75	1405.55	5612.45
-5.88	0.75	1404.66	5597.36
-5.88	0.75	1403.78	5376.25
-5.88	0.75	1402.89	5457.14
-5.88	0.75	1402.01	5676.25
-5.88	0.75	1401.12	5771.16
-5.88	0.75	1400.23	5468.4
-5.88	0.75	1399.35	5585.87
-5.88	0.75	1398.46	5799.16
-5.88	0.75	1397.57	5569.83
-5.88	0.75	1396.69	5642.14
-5.88	0.75	1395.8	5722.87
-5.88	0.75	1394.91	5789.49
-5.88	0.75	1394.02	5732.15
-5.88	0.75	1393.14	5705.8
-5.88	0.75	1392.25	5654.12
-5.88	0.75	1391.36	5664.4
-5.88	0.75	1390.47	5888.6
-5.88	0.75	1389.58	5690.57
-5.88	0.75	1388.7	5574.21
-5.88	0.75	1387.81	5744.85
-5.88	0.75	1386.92	5909.81
-5.88	0.75	1386.03	5571.3
-5.88	0.75	1385.14	5654.68
-5.88	0.75	1384.25	5681.81
-5.88	0.75	1383.36	5773.58
-5.88	0.75	1382.47	5772.57
-5.88	0.75	1381.58	5597.35
-5.88	0.75	1380.69	5750.9
-5.88	0.75	1379.8	5637.54
-5.88	0.75	1378.91	5782.59
-5.88	0.75	1378.02	5512.02
-5.88	0.75	1377.13	5651.43
-5.88	0.75	1376.24	5886.23
-5.88	0.75	1375.35	5758.91
-5.88	0.75	1374.46	5701.79
-5.88	0.75	1373.57	5602.6
-5.88	0.75	1372.68	5688.58
-5.88	0.75	1371.78	5785.75
-5.88	0.75	1370.89	5717.44
-5.88	0.75	1370.0	5825.78
-5.88	0.75	1369.11	5897.65
-5.88	0.75	1368.22	6008.72
-5.88	0.75	1367.33	5873.17
-5.88	0.75	1366.43	5869.34
-5.88	0.75	1365.54	5893.53
-5.88	0.75	1364.65	5996.12
-5.88	0.75	1363.76	6157.49
-5.88	0.75	1362.86	5831.65
-5.88	0.75	1361.97	6043.37
-5.88	0.75	1361.08	6098.29
-5.88	0.75	1360.18	5974.1
-5.88	0.75	1359.29	5905.92
-5.88	0.75	1358.4	6092.3
-5.88	0.75	1357.5	6203.1
-5.88	0.75	1356.61	6076.19
-5.88	0.75	1355.71	6058.35
-5.88	0.75	1354.82	6107.61
-5.88	0.75	1353.92	6313.35
-5.88	0.75	1353.03	6465.94
-5.88	0.75	1352.13	6210.57
-5.88	0.75	1351.24	6181.55
-5.88	0.75	1350.34	6387.14
-5.88	0.75	1349.45	6480.96
-5.88	0.75	1348.55	6161.56
-5.88	0.75	1347.66	6434.04
-5.88	0.75	1346.76	6566.87
-5.88	0.75	1345.87	6535.03
-5.88	0.75	1344.97	6536.68
-5.88	0.75	1344.07	6582.96
-5.88	0.75	1343.18	6565.07
-5.88	0.75	1342.28	6586.23
-5.88	0.75	1341.38	6757.93
-5.88	0.75	1340.49	6458.49
-5.88	0.75	1339.59	6761.14
-5.88	0.75	1338.69	6910.43
-5.88	0.75	1337.8	6990.01
-5.88	0.75	1336.9	6799.38
-5.88	0.75	1336.0	6876.17
-5.88	0.75	1335.1	6983.56
-5.88	0.75	1334.2	6935.01
-5.88	0.75	1333.31	6777.92
-5.88	0.75	1332.41	6890.84
-5.88	0.75	1331.51	7087.2
-5.88	0.75	1330.61	7094.3
-5.88	0.75	1329.71	6909.47
-5.88	0.75	1328.81	6805.36
-5.88	0.75	1327.91	7196.24
-5.88	0.75	1327.02	7153.28
-5.88	0.75	1326.12	6840.71
-5.88	0.75	1325.22	6950.68
-5.88	0.75	1324.32	6977.25
-5.88	0.75	1323.42	7073.26
-5.88	0.75	1322.52	6847.03
-5.88	0.75	1321.62	6795.84
-5.88	0.75	1320.72	6961.25
-5.88	0.75	1319.82	6957.26
-5.88	0.75	1318.91	6917.18
-5.88	0.75	1318.01	6766.1
-5.88	0.75	1317.11	7042.4
-5.88	0.75	1316.21	7038.39
-5.88	0.75	1315.31	7064.89
-5.88	0.75	1314.41	6855.66
-5.88	0.75	1313.51	7081.83
-5.88	0.75	1312.61	6953.06
-5.88	0.75	1311.7	7090.43
-5.88	0.75	1310.8	6914.59
-5.88	0.75	1309.9	6905.07
-5.88	0.75	1309.0	6917.71
-5.88	0.75	1308.09	7054.99
-5.88	0.75	1307.19	6959.6
-5.88	0.75	1306.29	6889.15
-5.88	0.75	1305.39	6946.08
-5.88	0.75	1304.48	6983.62
-5.88	0.75	1303.58	6844.02
-5.88	0.75	1302.68	7091.85
-5.88	0.75	1301.77	7090.6
-5.88	0.75	1300.87	6984.25
-5.88	0.75	1299.96	6794.97
-5.88	0.75	1299.06	6843.55
-5.88	0.75	1298.16	7057.98
-5.88	0.75	1297.25	7065.04
-5.88	0.75	1296.35	6900.75
-5.88	0.75	1295.44	6772.43
-5.88	0.75	1294.54	6765.72
-5.88	0.75	1293.63	6863.97
-5.88	0.75	1292.73	6561.74
-5.88	0.75	1291.82	6673.8
-5.88	0.75	1290.92	6678.15
-5.88	0.75	1290.01	6710.1
-5.88	0.75	1289.1	6686.84
-5.88	0.75	1288.2	6393.19
-5.88	0.75	1287.29	6623.8
-5.88	0.75	1286.39	6672.29
-5.88	0.75	1285.48	6373.27
-5.88	0.75	1284.57	6261.86
-5.88	0.75	1283.67	6450.98
-5.88	0.75	1282.76	6298.25
-5.88	0.75	1281.85	6291.63
-5.88	0.75	1280.94	6172.05
-5.88	0.75	1280.04	6223.31
-5.88	0.75	1279.13	6269.04
-5.88	0.75	1278.22	6314.75
-5.88	0.75	1277.31	6195.25
-5.88	0.75	1276.41	6257.47
-5.88	0.75	1275.5	6347.21
-5.88	0.75	1274.59	6401.13
-5.88	0.75	1273.68	6234.92
-5.88	0.75	1272.77	6385.13
-5.88	0.75	1271.86	6606.8
-5.88	0.75	1270.95	6589.14
-5.88	0.75	1270.04	6379.01
-5.88	0.75	1269.13	6430.12
-5.88	0.75	1268.23	6560.92
-5.88	0.75	1267.32	6732.9
-5.88	0.75	1266.41	6627.31
-5.88	0.75	1265.5	6219.56
-5.88	0.75	1264.59	6424.47
-5.88	0.75	1263.67	6500.23
-5.88	0.75	1262.76	6251.98
-5.88	0.75	1261.85	6039.49
-5.88	0.75	1260.94	6054.9
-5.88	0.75	1260.03	6045.6
-5.88	0.75	1259.12	5910.09
-5.88	0.75	1258.21	5939.23
-5.88	0.75	1257.3	5844.93
-5.88	0.75	1256.39	6057.8
-5.88	0.75	1255.47	5933.35
-5.88	0.75	1254.56	5792.5
-5.88	0.75	1253.65	5868.22
-5.88	0.75	1252.74	6028.87
-5.88	0.75	1251.83	5983.97
-5.88	0.75	1250.91	5761.03
-5.88	0.75	1250.0	5924.35
-5.88	0.75	1249.09	5816.51
-5.88	0.75	1248.17	5686.8
-5.88	0.75	1247.26	5642.0
-5.88	0.75	1246.35	5736.8
-5.88	0.75	1245.43	5820.62
-5.88	0.75	1244.52	5729.3
-5.88	0.75	1243.61	5539.54
-5.88	0.75	1242.69	5582.33
-5.88	0.75	1241.78	5729.01
-5.88	0.75	1240.86	5632.31
-5.88	0.75	1239.95	5464.56
-5.88	0.75	1239.03	5537.4
-5.88	0.75	1238.12	5552.82
-5.88	0.75	1237.2	5655.66
-5.88	0.75	1236.29	5436.13
-5.88	0.75	1235.37	5454.29
-5.88	0.75	1234.46	5570.75
-5.88	0.75	1233.54	5515.16
-5.88	0.75	1232.63	5462.32
-5.88	0.75	1231.71	5371.29
-5.88	0.75	1230.8	5476.77
-5.88	0.75	1229.88	5418.51
-5.88	0.75	1228.96	5515.76
-5.88	0.75	1228.05	5441.14
-5.88	0.75	1227.13	5590.16
-5.88	0.75	1226.21	5537.38
-5.88	0.75	1225.3	5490.06
-5.88	0.75	1224.38	5410.05
-5.88	0.75	1223.46	5466.32
-5.88	0.75	1222.54	5517.12
-5.88	0.75	1221.63	5314.57
-5.88	0.75	1220.71	5351.76
-5.88	0.75	1219.79	5669.42
-5.88	0.75	1218.87	5428.83
-5.88	0.75	1217.95	5569.42
-5.88	0.75	1217.03	5334.38
-5.88	0.75	1216.12	5371.53
-5.88	0.75	1215.2	5610.0
-5.88	0.75	1214.28	5557.33
-5.88	0.75	1213.36	5496.51
-5.88	0.75	1212.44	5680.45
-5.88	0.75	1211.52	5747.42
-5.88	0.75	1210.6	5656.7
-5.88	0.75	1209.68	5582.32
-5.88	0.75	1208.76	5787.85
-5.88	0.75	1207.84	5710.75
-5.88	0.75	1206.92	5649.99
-5.88	0.75	1206.0	5591.95
-5.88	0.75	1205.08	5843.5
-5.88	0.75	1204.16	5720.29
-5.88	0.75	1203.24	5678.57
-5.88	0.75	1202.31	5693.85
-5.88	0.75	1201.39	5619.58
-5.88	0.75	1200.47	5884.46
-5.88	0.75	1199.55	5791.19
-5.88	0.75	1198.63	5779.32
-5.88	0.75	1197.71	5686.11
-5.88	0.75	1196.78	5752.88
-5.88	0.75	1195.86	5551.28
-5.88	0.75	1194.94	5623.47
-5.88	0.75	1194.02	5446.35
-5.88	0.75	1193.09	5689.21
-5.88	0.75	1192.17	5525.68
-5.88	0.75	1191.25	5356.8
-5.88	0.75	1190.32	5334.19
-5.88	0.75	1189.4	5409.05
-5.88	0.75	1188.48	5399.97
-5.88	0.75	1187.55	5428.78
-5.88	0.75	1186.63	5468.41
-5.88	0.75	1185.71	5567.54
-5.88	0.75	1184.78	5417.79
-5.88	0.75	1183.86	5519.6
-5.88	0.75	1182.93	5583.51
-5.88	0.75	1182.01	5482.5
-5.88	0.75	1181.08	5513.96
-5.88	0.75	1180.16	5269.77
-5.88	0.75	1179.23	5393.12
-5.88	0.75	1178.31	5335.44
-5.88	0.75	1177.38	5299.38
-5.88	0.75	1176.46	5139.11
-5.88	0.75	1175.53	5100.4
-5.88	0.75	1174.6	5161.59
-5.88	0.75	1173.68	4939.35
-5.88	0.75	1172.75	4773.86
-5.88	0.75	1171.82	4686.67
-5.88	0.75	1170.9	4693.93
-5.88	0.75	1169.97	4636.46
-5.88	0.75	1169.04	4516.99
-5.88	0.75	1168.12	4594.38
-5.88	0.75	1167.19	4704.09
-5.88	0.75	1166.26	4498.41
-5.88	0.75	1165.33	4354.79
-5.88	0.75	1164.41	4502.21
-5.88	0.75	1163.48	4444.84
-5.88	0.75	1162.55	4379.41
-5.88	0.75	1161.62	4421.72
-5.88	0.75	1160.69	4313.24
-5.88	0.75	1159.76	4404.0
-5.88	0.75	1158.84	4430.14
-5.88	0.75	1157.91	4281.35
-5.88	0.75	1156.98	4490.45
-5.88	0.75	1156.05	4535.38
-5.88	0.75	1155.12	4370.51
-5.88	0.75	1154.19	4286.38
-5.88	0.75	1153.26	4363.59
-5.88	0.75	1152.33	4257.98
-5.88	0.75	1151.4	4316.35
-5.88	0.75	1150.47	4167.79
-5.88	0.75	1149.54	4285.26
-5.88	0.75	1148.61	4281.82
-5.88	0.75	1147.68	4127.97
-5.88	0.75	1146.75	4116.5
-5.88	0.75	1145.81	4096.97
-5.88	0.75	1144.88	4144.56
-5.88	0.75	1143.95	4076.73
-5.88	0.75	1143.02	4100.16
-5.88	0.75	1142.09	4077.97
-5.88	0.75	1141.16	4171.13
-5.88	0.75	1140.22	4175.75
-5.88	0.75	1139.29	4086.52
-5.88	0.75	1138.36	4099.2
-5.88	0.75	1137.43	4095.79
-5.88	0.75	1136.49	4199.59
-5.88	0.75	1135.56	4032.71
-5.88	0.75	1134.63	4061.46
-5.88	0.75	1133.69	4151.81
-5.88	0.75	1132.76	4102.87
-5.88	0.75	1131.83	4067.33
-5.88	0.75	1130.89	4101.41
-5.88	0.75	1129.96	4119.42
-5.88	0.75	1129.02	4078.54
-5.88	0.75	1128.09	4000.22
-5.88	0.75	1127.16	4181.43
-5.88	0.75	1126.22	4145.92
-5.88	0.75	1125.29	4030.18
-5.88	0.75	1124.35	3989.36
-5.88	0.75	1123.42	3969.94
-5.88	0.75	1122.48	4062.78
-5.88	0.75	1121.55	3853.61
-5.88	0.75	1120.61	3970.49
-5.88	0.75	1119.67	3932.39
-5.88	0.75	1118.74	3950.38
-5.88	0.75	1117.8	4024.45
-5.88	0.75	1116.87	3922.28
-5.88	0.75	1115.93	3974.97
-5.88	0.75	1114.99	4139.75
-5.88	0.75	1114.06	3965.55
-5.88	0.75	1113.12	4020.88
-5.88	0.75	1112.18	3972.14
-5.88	0.75	1111.24	4070.12
-5.88	0.75	1110.31	3936.06
-5.88	0.75	1109.37	4066.01
-5.88	0.75	1108.43	4027.96
-5.88	0.75	1107.49	4203.16
-5.88	0.75	1106.55	4063.84
-5.88	0.75	1105.62	4012.49
-5.88	0.75	1104.68	3929.2
-5.88	0.75	1103.74	4178.86
-5.88	0.75	1102.8	4066.27
-5.88	0.75	1101.86	4004.31
-5.88	0.75	1100.92	4022.23
-5.88	0.75	1099.98	4080.07
-5.88	0.75	1099.04	4050.07
-5.88	0.75	1098.1	4014.76
-5.88	0.75	1097.16	4051.29
-5.88	0.75	1096.22	4071.84
-5.88	0.75	1095.28	4156.21
-5.88	0.75	1094.34	4065.07
-5.88	0.75	1093.4	4067.01
-5.88	0.75	1092.46	4119.44
-5.88	0.75	1091.52	4163.88
-5.88	0.75	1090.58	4184.39
-5.88	0.75	1089.64	4260.68
-5.88	0.75	1088.7	4368.8
-5.88	0.75	1087.76	4325.54
-5.88	0.75	1086.81	4353.97
-5.88	0.75	1085.87	4350.54
-5.88	0.75	1084.93	4442.65
-5.88	0.75	1083.99	4386.14
-5.88	0.75	1083.05	4284.54
-5.88	0.75	1082.1	4379.27
-5.88	0.75	1081.16	4351.97
-5.88	0.75	1080.22	4372.4
-5.88	0.75	1079.28	4204.61
-5.88	0.75	1078.33	4153.5
-5.88	0.75	1077.39	4327.66
-5.88	0.75	1076.45	4308.34
-5.88	0.75	1075.5	4206.91
-5.88	0.75	1074.56	4222.05
-5.88	0.75	1073.61	4319.28
-5.88	0.75	1072.67	3992.83
-5.88	0.75	1071.73	3989.47
-5.88	0.75	1070.78	4113.16
-5.88	0.75	1069.84	4022.45
-5.88	0.75	1068.89	3900.02
-5.88	0.75	1067.95	3909.91
-5.88	0.75	1067.0	3980.62
-5.88	0.75	1066.06	3993.14
-5.88	0.75	1065.11	3881.38
-5.88	0.75	1064.16	3915.05
-5.88	0.75	1063.22	3972.5
-5.88	0.75	1062.27	3971.79
-5.88	0.75	1061.33	3828.4
-5.88	0.75	1060.38	3764.32
-5.88	0.75	1059.43	3848.17
-5.88	0.75	1058.49	3858.04
-5.88	0.75	1057.54	3735.9
-5.88	0.75	1056.59	3824.99
-5.88	0.75	1055.65	3811.11
-5.88	0.75	1054.7	3823.62
-5.88	0.75	1053.75	3727.96
-5.88	0.75	1052.8	3859.18
-5.88	0.75	1051.85	3834.76
-5.88	0.75	1050.91	3910.54
-5.88	0.75	1049.96	3901.93
-5.88	0.75	1049.01	3840.61
-5.88	0.75	1048.06	3884.73
-5.88	0.75	1047.11	4021.05
-5.88	0.75	1046.16	3907.05
-5.88	0.75	1045.21	4027.52
-5.88	0.75	1044.27	4037.33
-5.88	0.75	1043.32	4165.63
-5.88	0.75	1042.37	3949.01
-5.88	0.75	1041.42	4035.17
-5.88	0.75	1040.47	4281.83
-5.88	0.75	1039.52	4054.77
-5.88	0.75	1038.57	4056.68
-5.88	0.75	1037.62	4137.49
-5.88	0.75	1036.67	4126.23
-5.88	0.75	1035.71	3920.4
-5.88	0.75	1034.76	3867.12
-5.88	0.75	1033.81	4021.51
-5.88	0.75	1032.86	3913.04
-5.88	0.75	1031.91	3922.85
-5.88	0.75	1030.96	3832.83
-5.88	0.75	1030.01	3921.45
-5.88	0.75	1029.05	3873.48
-5.88	0.75	1028.1	3788.76
-5.88	0.75	1027.15	3646.33
-5.88	0.75	1026.2	3763.78
-5.88	0.75	1025.24	3786.73
-5.88	0.75	1024.29	3728.33
-5.88	0.75	1023.34	3709.3
-5.88	0.75	1022.39	3721.75
-5.88	0.75	1021.43	3736.81
-5.88	0.75	1020.48	3586.7
-5.88	0.75	1019.52	3740.72
-5.88	0.75	1018.57	3724.32
-5.88	0.75	1017.62	3679.11
-5.88	0.75	1016.66	3652.25
-5.88	0.75	1015.71	3711.84
-5.88	0.75	1014.75	3821.18
-5.88	0.75	1013.8	3875.48
-5.88	0.75	1012.84	3796.24
-5.88	0.75	1011.89	3942.15
-5.88	0.75	1010.93	3868.16
-5.88	0.75	1009.98	3723.55
-5.88	0.75	1009.02	3699.34
-5.88	0.75	1008.07	3575.73
-5.88	0.75	1007.11	3650.94
-5.88	0.75	1006.16	3676.43
-5.88	0.75	1005.2	3560.74
-5.88	0.75	1004.24	3677.73
-5.88	0.75	1003.29	3826.03
-5.88	0.75	1002.33	3642.44
-5.88	0.75	1001.37	3576.47
-5.88	0.75	1000.41	3698.59
-5.88	0.75	999.4580000000001	3771.05
-5.88	0.75	998.5	3663.32
-5.88	0.75	997.543	3620.9
-5.88	0.75	996.585	3761.19
-5.88	0.75	995.627	3747.47
-5.88	0.75	994.669	3645.04
-5.88	0.75	993.71	3597.43
-5.88	0.75	992.752	3748.06
-5.88	0.75	991.793	3682.19
-5.88	0.75	990.834	3791.04
-5.88	0.75	989.875	3644.38
-5.88	0.75	988.916	3646.33
-5.88	0.75	987.957	3890.63
-5.88	0.75	986.997	3733.6
-5.88	0.75	986.0369999999999	3730.33
-5.88	0.75	985.078	3753.1
-5.88	0.75	984.118	3874.81
-5.88	0.75	983.1569999999999	3871.51
-5.88	0.75	982.197	3774.5
-5.88	0.75	981.2360000000001	3859.71
-5.88	0.75	980.2760000000001	3970.91
-5.88	0.75	979.315	3824.5
-5.88	0.75	978.3539999999999	3875.84
-5.88	0.75	977.3919999999999	3817.93
-5.88	0.75	976.431	3952.46
-5.88	0.75	975.4689999999999	3902.35
-5.88	0.75	974.508	3935.44
-5.88	0.75	973.546	3997.11
-5.88	0.75	972.584	4030.17
-5.88	0.75	971.6210000000001	4019.05
-5.88	0.75	970.659	4065.08
-5.88	0.75	969.696	4121.49
-5.88	0.75	968.7330000000001	4128.54
-5.88	0.75	967.77	4005.78
-5.88	0.75	966.807	4145.22
-5.88	0.75	965.8439999999999	4315.75
-5.88	0.75	964.88	4273.46
-5.88	0.75	963.9169999999999	4148.17
-5.88	0.75	962.953	4240.8
-5.88	0.75	961.9889999999999	4411.2
-5.88	0.75	961.025	4112.23
-5.88	0.75	960.06	4152.96
-5.88	0.75	959.096	4108.15
-5.88	0.75	958.1310000000001	4242.17
-5.88	0.75	957.166	4132.59
-5.88	0.75	956.201	4199.19
-5.88	0.75	955.2360000000001	4338.3
-5.88	0.75	954.27	4490.3
-5.88	0.75	953.305	4318.61
-5.88	0.75	952.3389999999999	4530.1
-5.88	0.75	951.373	4780.34
-5.88	0.75	950.4069999999999	4926.98
-5.88	0.75	949.441	5034.76
-5.88	0.75	948.4739999999999	5072.65
-5.88	0.75	947.508	5423.47
-5.88	0.75	946.541	5593.16
-5.88	0.75	945.574	5581.81
-5.88	0.75	944.607	5885.83
-5.88	0.75	943.6389999999999	5926.12
-5.88	0.75	942.672	6139.52
-5.88	0.75	941.704	5993.73
-5.88	0.75	940.7360000000001	5928.08
-5.88	0.75	939.768	6159.44
-5.88	0.75	938.8	5714.21
-5.88	0.75	937.832	5620.24
-5.88	0.75	936.863	5725.06
-5.88	0.75	935.8939999999999	5494.34
-5.88	0.75	934.926	5235.32
-5.88	0.75	933.956	5017.68
-5.88	0.75	932.987	5145.74
-5.88	0.75	932.018	4871.45
-5.88	0.75	931.048	4715.87
-5.88	0.75	930.078	4454.65
-5.88	0.75	929.1080000000001	4538.9
-5.88	0.75	928.138	4762.28
-5.88	0.75	927.168	4514.08
-5.88	0.75	926.198	4518.41
-5.88	0.75	925.227	4512.45
-5.88	0.75	924.2560000000001	4588.89
-5.88	0.75	923.285	4369.21
-5.88	0.75	922.314	4473.97
-5.88	0.75	921.3430000000001	4437.13
-5.88	0.75	920.3710000000001	4408.02
-5.88	0.75	919.3989999999999	4183.39
-5.88	0.75	918.427	4120.9
-5.88	0.75	917.455	4104.72
-5.88	0.75	916.4830000000001	4096.27
-5.88	0.75	915.5110000000001	3861.57
-5.88	0.75	914.538	3871.16
-5.88	0.75	913.565	3816.49
-5.88	0.75	912.5930000000001	3836.35
-5.88	0.75	911.6189999999999	3668.67
-5.88	0.75	910.6460000000001	3750.2
-5.88	0.75	909.673	3903.62
-5.88	0.75	908.699	3728.31
-5.88	0.75	907.725	3642.91
-5.88	0.75	906.7510000000001	3988.77
-5.88	0.75	905.7769999999999	4124.07
-5.88	0.75	904.803	4105.36
-5.88	0.75	903.828	4173.88
-5.88	0.75	902.8539999999999	4196.21
-5.88	0.75	901.8789999999999	4139.04
-5.88	0.75	900.904	4117.78
-5.88	0.75	899.928	4037.56
-5.88	0.75	898.953	4034.27
-5.88	0.75	897.977	3887.47
-5.88	0.75	897.002	3873.96
-5.88	0.75	896.0260000000001	3839.96
-5.88	0.75	895.05	3834.14
-5.88	0.75	894.073	3661.88
-5.88	0.75	893.097	3428.23
-5.88	0.75	892.12	3596.56
-5.88	0.75	891.1439999999999	3580.55
-5.88	0.75	890.1669999999999	3385.42
-5.88	0.75	889.189	3438.54
-5.88	0.75	888.212	3491.63
-5.88	0.75	887.235	3506.35
-5.88	0.75	886.257	3574.75
-5.88	0.75	885.279	3420.71
-5.88	0.75	884.301	3468.66
-5.88	0.75	883.323	3335.14
-5.88	0.75	882.3439999999999	3398.41
-5.88	0.75	881.3660000000001	3244.51
-5.88	0.75	880.387	3269.47
-5.88	0.75	879.408	3148.85
-5.88	0.75	878.429	3270.84
-5.88	0.75	877.45	3234.51
-5.88	0.75	876.47	3187.98
-5.88	0.75	875.4910000000001	3258.85
-5.88	0.75	874.5110000000001	3232.75
-5.88	0.75	873.5310000000001	3201.55
-5.88	0.75	872.551	3379.51
-5.88	0.75	871.57	3256.49
-5.88	0.75	870.59	3225.31
-5.88	0.75	869.6089999999999	3395.52
-5.88	0.75	868.628	3450.98
-5.88	0.75	867.6469999999999	3274.52
-5.88	0.75	866.666	3314.69
-5.88	0.75	865.684	3370.13
-5.88	0.75	864.703	3344.05
-5.88	0.75	863.721	3231.41
-5.88	0.75	862.7389999999999	3381.03
-5.88	0.75	861.757	3390.6
-5.88	0.75	860.775	3313.63
-5.88	0.75	859.7919999999999	3241.79
-5.88	0.75	858.81	3335.33
-5.88	0.75	857.827	3446.65
-5.88	0.75	856.8439999999999	3357.01
-5.88	0.75	855.86	3262.32
-5.88	0.75	854.877	3340.54
-5.88	0.75	853.8939999999999	3301.8
-5.88	0.75	852.91	3273.25
-5.88	0.75	851.926	3328.56
-5.88	0.75	850.942	3305.09
-5.88	0.75	849.9580000000001	3314.65
-5.88	0.75	848.9730000000001	3303.89
-5.88	0.75	847.988	3366.77
-5.88	0.75	847.0039999999999	3434.7
-5.88	0.75	846.0189999999999	3355.39
-5.88	0.75	845.034	3260.89
-5.88	0.75	844.048	3356.71
-5.88	0.75	843.063	3351.03
-5.88	0.75	842.077	3462.02
-5.88	0.75	841.091	3319.38
-5.88	0.75	840.105	3341.6
-5.88	0.75	839.1189999999999	3353.66
-5.88	0.75	838.132	3424.02
-5.88	0.75	837.1460000000001	3238.42
-5.88	0.75	836.159	3311.3
-5.88	0.75	835.172	3318.3
-5.88	0.75	834.185	3223.99
-5.88	0.75	833.198	3296.84
-5.88	0.75	832.21	3273.45
-5.88	0.75	831.222	3323.48
-5.88	0.75	830.235	3130.54
-5.88	0.75	829.247	3155.28
-5.88	0.75	828.258	3220.48
-5.88	0.75	827.27	3121.25
-5.88	0.75	826.2810000000001	2961.36
-5.88	0.75	825.293	3223.78
-5.88	0.75	824.304	3137.24
-5.88	0.75	823.315	3197.33
-5.88	0.75	822.325	3014.8
-5.88	0.75	821.336	3191.12
-5.88	0.75	820.346	3074.33
-5.88	0.75	819.3560000000001	3063.67
-5.88	0.75	818.3660000000001	3027.76
-5.88	0.75	817.3760000000001	3110.53
-5.88	0.75	816.3860000000001	2971.12
-5.88	0.75	815.395	2975.63
-5.88	0.75	814.405	3096.21
-5.88	0.75	813.414	3163.77
-5.88	0.75	812.423	3173.28
-5.88	0.75	811.431	3271.06
-5.88	0.75	810.44	3182.21
-5.88	0.75	809.448	3196.76
-5.88	0.75	808.456	3060.07
-5.88	0.75	807.4639999999999	3188.04
-5.88	0.75	806.472	3197.54
-5.88	0.75	805.48	3340.55
-5.88	0.75	804.487	3337.43
-5.88	0.75	803.495	3258.75
-5.88	0.75	802.502	3356.35
-5.88	0.75	801.5089999999999	3411.13
-5.88	0.75	800.5160000000001	3304.79
-5.88	0.75	799.5219999999999	3256.38
-5.88	0.75	798.528	3248.24
-5.88	0.75	797.535	3270.28
-5.88	0.75	796.541	3121.3
-5.88	0.75	795.547	3148.39
-5.88	0.75	794.552	3288.61
-5.88	0.75	793.558	3074.34
-5.88	0.75	792.563	2958.17
-5.88	0.75	791.568	3115.94
-5.88	0.75	790.573	3032.46
-5.88	0.75	789.578	3104.76
-5.88	0.75	788.582	3046.43
-5.88	0.75	787.587	3186.49
-5.88	0.75	786.591	3263.74
-5.88	0.75	785.595	3230.51
-5.88	0.75	784.5989999999999	3111.97
-5.88	0.75	783.602	3189.18
-5.88	0.75	782.6060000000001	3133.41
-5.88	0.75	781.6089999999999	3112.77
-5.88	0.75	780.612	3149.82
-5.88	0.75	779.615	3176.83
-5.88	0.75	778.618	3103.55
-5.88	0.75	777.6210000000001	3153.11
-5.88	0.75	776.623	3052.3
-5.88	0.75	775.625	3234.64
-5.88	0.75	774.627	3031.14
-5.88	0.75	773.6289999999999	2980.5
-5.88	0.75	772.6310000000001	3060.09
-5.88	0.75	771.632	2934.34
-5.88	0.75	770.6339999999999	2923.79
-5.88	0.75	769.635	2978.32
-5.88	0.75	768.6360000000001	3045.34
-5.88	0.75	767.6360000000001	2909.68
-5.88	0.75	766.637	3019.22
-5.88	0.75	765.637	2976.15
-5.88	0.75	764.637	3048.12
-5.88	0.75	763.638	3050.06
-5.88	0.75	762.637	2962.02
-5.88	0.75	761.637	3243.88
-5.88	0.75	760.6360000000001	3138.34
-5.88	0.75	759.6360000000001	3115.29
-5.88	0.75	758.635	3092.24
-5.88	0.75	757.6339999999999	3139.12
-5.88	0.75	756.633	3093.61
-5.88	0.75	755.6310000000001	3005.67
-5.88	0.75	754.6289999999999	3099.96
-5.88	0.75	753.628	3111.87
-5.88	0.75	752.6260000000001	3061.4
-5.88	0.75	751.623	3060.84
-5.88	0.75	750.6210000000001	3040.33
-5.88	0.75	749.6189999999999	3092.14
-5.88	0.75	748.6160000000001	2989.36
-5.88	0.75	747.613	2854.2
-5.88	0.75	746.61	2963.34
-5.88	0.75	745.607	2927.91
-5.88	0.75	744.6030000000001	2912.43
-5.88	0.75	743.5989999999999	2939.3
-5.88	0.75	742.596	2901.4
-5.88	0.75	741.592	2993.0
-5.88	0.75	740.587	2905.32
-5.88	0.75	739.5830000000001	2914.75
-5.88	0.75	738.579	2951.54
-5.88	0.75	737.574	2941.05
-5.88	0.75	736.569	2828.56
-5.88	0.75	735.564	2997.18
-5.88	0.75	734.558	3073.72
-5.88	0.75	733.553	3008.52
-5.88	0.75	732.547	3030.34
-5.88	0.75	731.541	3211.22
-5.88	0.75	730.535	3242.94
-5.88	0.75	729.529	3140.48
-5.88	0.75	728.523	3261.63
-5.88	0.75	727.5160000000001	3352.92
-5.88	0.75	726.5089999999999	3295.2
-5.88	0.75	725.503	3242.45
-5.88	0.75	724.495	3286.54
-5.88	0.75	723.488	3310.76
-5.88	0.75	722.4810000000001	3250.6
-5.88	0.75	721.4730000000001	3192.94
-5.88	0.75	720.465	3026.17
-5.88	0.75	719.457	3067.77
-5.88	0.75	718.449	2871.33
-5.88	0.75	717.44	2984.84
-5.88	0.75	716.432	3125.57
-5.88	0.75	715.423	2869.75
-5.88	0.75	714.414	2861.79
-5.88	0.75	713.405	2933.1
-5.88	0.75	712.395	2959.81
-5.88	0.75	711.3860000000001	2875.07
-5.88	0.75	710.3760000000001	2874.55
-5.88	0.75	709.3660000000001	2794.8
-5.88	0.75	708.3560000000001	2880.92
-5.88	0.75	707.346	2835.85
-5.88	0.75	706.335	2709.15
-5.88	0.75	705.325	2832.33
-5.88	0.75	704.314	2816.97
-5.88	0.75	703.303	2759.58
-5.88	0.75	702.2919999999999	2954.39
-5.88	0.75	701.28	2897.0
-5.88	0.75	700.2689999999999	2913.76
-5.88	0.75	699.257	2752.62
-5.88	0.75	698.245	2870.7
-5.88	0.75	697.2330000000001	2951.68
-5.88	0.75	696.22	2872.11
-5.88	0.75	695.2080000000001	2901.21
-5.88	0.75	694.195	2950.06
-5.88	0.75	693.182	2892.75
-5.88	0.75	692.169	2823.12
-5.88	0.75	691.1560000000001	2785.59
-5.88	0.75	690.143	2898.55
-5.88	0.75	689.1289999999999	2920.22
-5.88	0.75	688.115	2796.38
-5.88	0.75	687.1010000000001	2827.92
-5.88	0.75	686.087	2824.94
-5.88	0.75	685.073	2836.74
-5.88	0.75	684.058	2747.51
-5.88	0.75	683.043	2852.95
-5.88	0.75	682.028	2896.76
-5.88	0.75	681.013	2785.4
-5.88	0.75	679.998	2839.06
-5.88	0.75	678.9830000000001	2789.3
-5.88	0.75	677.967	2810.94
-5.88	0.75	676.951	2842.42
-5.88	0.75	675.935	2915.71
-5.88	0.75	674.919	2767.57
-5.88	0.75	673.9019999999999	2929.4
-5.88	0.75	672.8860000000001	2764.1
-5.88	0.75	671.8689999999999	2938.16
-5.88	0.75	670.852	2900.74
-5.88	0.75	669.835	2796.98
-5.88	0.75	668.817	2816.13
-5.88	0.75	667.8	2965.48
-5.88	0.75	666.7819999999999	2915.8
-5.88	0.75	665.7639999999999	2969.3
-5.88	0.75	664.7460000000001	2880.35
-5.88	0.75	663.7280000000001	2882.28
-5.88	0.75	662.709	2921.02
-5.88	0.75	661.691	2861.59
-5.88	0.75	660.672	2976.38
-5.88	0.75	659.653	2961.12
-5.88	0.75	658.6339999999999	2756.99
-5.88	0.75	657.6139999999999	2957.58
-5.88	0.75	656.595	2827.08
-5.88	0.75	655.575	2868.23
-5.88	0.75	654.555	2919.18
-5.88	0.75	653.535	2952.95
-5.88	0.75	652.514	2905.85
-5.88	0.75	651.494	2917.56
-5.88	0.75	650.4730000000001	3007.65
-5.88	0.75	649.452	3122.19
-5.88	0.75	648.431	2898.81
-5.88	0.75	647.41	2817.5
-5.88	0.75	646.388	2829.22
-5.88	0.75	645.366	2914.34
-5.88	0.75	644.345	2806.16
-5.88	0.75	643.323	2744.49
-5.88	0.75	642.3	2824.69
-5.88	0.75	641.278	2885.3
-5.88	0.75	640.255	2777.2
-5.88	0.75	639.232	2715.58
-5.88	0.75	638.2090000000001	2827.5
-5.88	0.75	637.186	2685.26
-5.88	0.75	636.163	2782.48
-5.88	0.75	635.139	2779.53
-5.88	0.75	634.116	2761.92
-5.88	0.75	633.092	2761.41
-5.88	0.75	632.068	2677.9
-5.88	0.75	631.043	2792.12
-5.88	0.75	630.019	2701.32
-5.88	0.75	628.994	2678.86
-5.88	0.75	627.969	2697.88
-5.88	0.75	626.944	2714.46
-5.88	0.75	625.919	2594.47
-5.88	0.75	624.893	2611.06
-5.88	0.75	623.868	2664.2
-5.88	0.75	622.842	2629.59
-5.88	0.75	621.816	2614.49
-5.88	0.75	620.79	2640.8
-5.88	0.75	619.763	2630.57
-5.88	0.75	618.737	2637.39
-5.88	0.75	617.71	2571.17
-5.88	0.75	616.683	2631.55
-5.88	0.75	615.656	2548.31
-5.88	0.75	614.629	2564.88
-5.88	0.75	613.601	2603.33
-5.88	0.75	612.573	2729.34
-5.88	0.75	611.545	2519.68
-5.88	0.75	610.5169999999999	2628.64
-5.88	0.75	609.489	2521.18
-5.88	0.75	608.461	2686.01
-5.88	0.75	607.432	2554.27
-5.88	0.75	606.403	2548.94
-5.88	0.75	605.374	2599.49
-5.88	0.75	604.345	2635.44
-5.88	0.75	603.315	2583.96
-5.88	0.75	602.286	2617.47
-5.88	0.75	601.256	2665.54
-5.88	0.75	600.226	2691.75
