-5.88	-1.25	1799.66	2842.35
-5.88	-1.25	1798.84	2872.43
-5.88	-1.25	1798.03	2813.89
-5.88	-1.25	1797.21	2947.83
-5.88	-1.25	1796.39	2874.03
-5.88	-1.25	1795.57	2784.98
-5.88	-1.25	1794.75	2857.79
-5.88	-1.25	1793.93	2838.99
-5.88	-1.25	1793.11	2884.29
-5.88	-1.25	1792.29	2828.88
-5.88	-1.25	1791.47	2767.38
-5.88	-1.25	1790.65	2766.91
-5.88	-1.25	1789.84	2793.89
-5.88	-1.25	1789.02	2762.93
-5.88	-1.25	1788.2	2710.62
-5.88	-1.25	1787.38	2941.86
-5.88	-1.25	1786.56	2913.93
-5.88	-1.25	1785.73	2855.53
-5.88	-1.25	1784.91	2894.66
-5.88	-1.25	1784.09	2677.87
-5.88	-1.25	1783.27	2942.42
-5.88	-1.25	1782.45	2905.38
-5.88	-1.25	1781.63	2917.06
-5.88	-1.25	1780.81	2782.62
-5.88	-1.25	1779.99	2876.51
-5.88	-1.25	1779.17	2894.28
-5.88	-1.25	1778.35	2948.56
-5.88	-1.25	1777.52	2856.79
-5.88	-1.25	1776.7	2737.68
-5.88	-1.25	1775.88	2819.33
-5.88	-1.25	1775.06	2955.69
-5.88	-1.25	1774.24	2903.51
-5.88	-1.25	1773.41	2896.94
-5.88	-1.25	1772.59	2896.45
-5.88	-1.25	1771.77	3060.05
-5.88	-1.25	1770.95	2922.81
-5.88	-1.25	1770.12	3022.56
-5.88	-1.25	1769.3	2918.78
-5.88	-1.25	1768.48	2912.22
-5.88	-1.25	1767.65	2914.76
-5.88	-1.25	1766.83	2978.02
-5.88	-1.25	1766.01	2998.76
-5.88	-1.25	1765.18	3058.95
-5.88	-1.25	1764.36	3100.91
-5.88	-1.25	1763.53	2982.07
-5.88	-1.25	1762.71	2939.1
-5.88	-1.25	1761.88	2984.09
-5.88	-1.25	1761.06	3117.0
-5.88	-1.25	1760.24	3028.56
-5.88	-1.25	1759.41	3076.54
-5.88	-1.25	1758.59	3106.32
-5.88	-1.25	1757.76	3139.13
-5.88	-1.25	1756.94	3050.74
-5.88	-1.25	1756.11	3116.86
-5.88	-1.25	1755.28	3128.45
-5.88	-1.25	1754.46	3182.42
-5.88	-1.25	1753.63	3066.84
-5.88	-1.25	1752.81	3163.18
-5.88	-1.25	1751.98	3147.52
-5.88	-1.25	1751.16	2917.01
-5.88	-1.25	1750.33	3043.58
-5.88	-1.25	1749.5	3154.99
-5.88	-1.25	1748.68	3027.43
-5.88	-1.25	1747.85	3084.37
-5.88	-1.25	1747.02	2959.89
-5.88	-1.25	1746.2	3074.26
-5.88	-1.25	1745.37	3134.18
-5.88	-1.25	1744.54	3033.93
-5.88	-1.25	1743.71	3081.76
-5.88	-1.25	1742.89	3069.15
-5.88	-1.25	1742.06	3110.92
-5.88	-1.25	1741.23	3182.86
-5.88	-1.25	1740.4	3161.19
-5.88	-1.25	1739.57	3021.79
-5.88	-1.25	1738.75	3220.48
-5.88	-1.25	1737.92	3310.47
-5.88	-1.25	1737.09	3216.37
-5.88	-1.25	1736.26	3200.74
-5.88	-1.25	1735.43	3106.7
-5.88	-1.25	1734.6	3341.4
-5.88	-1.25	1733.77	3253.39
-5.88	-1.25	1732.94	3201.59
-5.88	-1.25	1732.11	3164.87
-5.88	-1.25	1731.28	3260.77
-5.88	-1.25	1730.45	3447.04
-5.88	-1.25	1729.62	3344.02
-5.88	-1.25	1728.8	3271.16
-5.88	-1.25	1727.96	3252.54
-5.88	-1.25	1727.13	3321.24
-5.88	-1.25	1726.3	3341.75
-5.88	-1.25	1725.47	3344.19
-5.88	-1.25	1724.64	3424.88
-5.88	-1.25	1723.81	3349.08
-5.88	-1.25	1722.98	3348.51
-5.88	-1.25	1722.15	3495.33
-5.88	-1.25	1721.32	3524.81
-5.88	-1.25	1720.49	3427.99
-5.88	-1.25	1719.66	3499.57
-5.88	-1.25	1718.82	3423.82
-5.88	-1.25	1717.99	3345.1
-5.88	-1.25	1717.16	3416.65
-5.88	-1.25	1716.33	3271.85
-5.88	-1.25	1715.5	3589.72
-5.88	-1.25	1714.66	3399.89
-5.88	-1.25	1713.83	3420.33
-5.88	-1.25	1713.0	3341.69
-5.88	-1.25	1712.17	3500.22
-5.88	-1.25	1711.33	3604.68
-5.88	-1.25	1710.5	3598.06
-5.88	-1.25	1709.67	3507.44
-5.88	-1.25	1708.83	3455.84
-5.88	-1.25	1708.0	3437.26
-5.88	-1.25	1707.17	3559.63
-5.88	-1.25	1706.33	3523.04
-5.88	-1.25	1705.5	3540.43
-5.88	-1.25	1704.66	3551.82
-5.88	-1.25	1703.83	3647.11
-5.88	-1.25	1703.0	3475.7
-5.88	-1.25	1702.16	3445.16
-5.88	-1.25	1701.33	3663.22
-5.88	-1.25	1700.49	3554.79
-5.88	-1.25	1699.66	3608.08
-5.88	-1.25	1698.82	3556.57
-5.88	-1.25	1697.99	3532.02
-5.88	-1.25	1697.15	3642.15
-5.88	-1.25	1696.32	3749.25
-5.88	-1.25	1695.48	3560.14
-5.88	-1.25	1694.64	3604.4
-5.88	-1.25	1693.81	3612.76
-5.88	-1.25	1692.97	3776.6
-5.88	-1.25	1692.14	3605.55
-5.88	-1.25	1691.3	3703.58
-5.88	-1.25	1690.46	3679.04
-5.88	-1.25	1689.63	3666.46
-5.88	-1.25	1688.79	3746.5
-5.88	-1.25	1687.95	3718.98
-5.88	-1.25	1687.12	3551.1
-5.88	-1.25	1686.28	3744.59
-5.88	-1.25	1685.44	3887.26
-5.88	-1.25	1684.6	3844.81
-5.88	-1.25	1683.77	3775.51
-5.88	-1.25	1682.93	3745.02
-5.88	-1.25	1682.09	3965.17
-5.88	-1.25	1681.25	3931.68
-5.88	-1.25	1680.41	3790.83
-5.88	-1.25	1679.58	4034.71
-5.88	-1.25	1678.74	4069.8
-5.88	-1.25	1677.9	4060.17
-5.88	-1.25	1677.06	4062.46
-5.88	-1.25	1676.22	4011.1
-5.88	-1.25	1675.38	4108.74
-5.88	-1.25	1674.54	4033.57
-5.88	-1.25	1673.7	4283.07
-5.88	-1.25	1672.86	4130.47
-5.88	-1.25	1672.02	4225.04
-5.88	-1.25	1671.18	4516.06
-5.88	-1.25	1670.34	4431.95
-5.88	-1.25	1669.5	4285.38
-5.88	-1.25	1668.66	4362.01
-5.88	-1.25	1667.82	4399.94
-5.88	-1.25	1666.98	4536.01
-5.88	-1.25	1666.14	4576.87
-5.88	-1.25	1665.3	4427.42
-5.88	-1.25	1664.46	4426.67
-5.88	-1.25	1663.62	4628.03
-5.88	-1.25	1662.78	4630.22
-5.88	-1.25	1661.94	4587.83
-5.88	-1.25	1661.1	4474.15
-5.88	-1.25	1660.25	4618.94
-5.88	-1.25	1659.41	4641.91
-5.88	-1.25	1658.57	4647.05
-5.88	-1.25	1657.73	4542.35
-5.88	-1.25	1656.89	4603.91
-5.88	-1.25	1656.04	4671.39
-5.88	-1.25	1655.2	4694.33
-5.88	-1.25	1654.36	4663.86
-5.88	-1.25	1653.52	4508.81
-5.88	-1.25	1652.67	4608.88
-5.88	-1.25	1651.83	4700.02
-5.88	-1.25	1650.99	4859.31
-5.88	-1.25	1650.14	4787.34
-5.88	-1.25	1649.3	4724.28
-5.88	-1.25	1648.46	4951.65
-5.88	-1.25	1647.61	4915.25
-5.88	-1.25	1646.77	4849.24
-5.88	-1.25	1645.92	4910.61
-5.88	-1.25	1645.08	5054.87
-5.88	-1.25	1644.24	5181.32
-5.88	-1.25	1643.39	5177.48
-5.88	-1.25	1642.55	5025.65
-5.88	-1.25	1641.7	5063.26
-5.88	-1.25	1640.86	5307.97
-5.88	-1.25	1640.01	5236.06
-5.88	-1.25	1639.17	5326.86
-5.88	-1.25	1638.32	5379.18
-5.88	-1.25	1637.48	5452.18
-5.88	-1.25	1636.63	5572.45
-5.88	-1.25	1635.78	5518.29
-5.88	-1.25	1634.94	5449.38
-5.88	-1.25	1634.09	5566.64
-5.88	-1.25	1633.25	5751.8
-5.88	-1.25	1632.4	5842.38
-5.88	-1.25	1631.55	5811.85
-5.88	-1.25	1630.71	5677.98
-5.88	-1.25	1629.86	5747.86
-5.88	-1.25	1629.01	5894.46
-5.88	-1.25	1628.16	5751.8
-5.88	-1.25	1627.32	5862.94
-5.88	-1.25	1626.47	5968.14
-5.88	-1.25	1625.62	6017.27
-5.88	-1.25	1624.77	5989.69
-5.88	-1.25	1623.93	5956.23
-5.88	-1.25	1623.08	6123.26
-5.88	-1.25	1622.23	6293.17
-5.88	-1.25	1621.38	6256.73
-5.88	-1.25	1620.53	6164.31
-5.88	-1.25	1619.69	6269.32
-5.88	-1.25	1618.84	6400.8
-5.88	-1.25	1617.99	6331.97
-5.88	-1.25	1617.14	6086.48
-5.88	-1.25	1616.29	6267.97
-5.88	-1.25	1615.44	6272.79
-5.88	-1.25	1614.59	6454.18
-5.88	-1.25	1613.74	6453.08
-5.88	-1.25	1612.89	6281.33
-5.88	-1.25	1612.04	6244.96
-5.88	-1.25	1611.19	6429.18
-5.88	-1.25	1610.34	6469.24
-5.88	-1.25	1609.49	6453.43
-5.88	-1.25	1608.64	6531.7
-5.88	-1.25	1607.79	6698.1
-5.88	-1.25	1606.94	6770.42
-5.88	-1.25	1606.09	6736.94
-5.88	-1.25	1605.24	6809.23
-5.88	-1.25	1604.39	6805.12
-5.88	-1.25	1603.54	7033.01
-5.88	-1.25	1602.68	7078.78
-5.88	-1.25	1601.83	6784.01
-5.88	-1.25	1600.98	6841.55
-5.88	-1.25	1600.13	7139.7
-5.88	-1.25	1599.28	6956.56
-5.88	-1.25	1598.42	6882.03
-5.88	-1.25	1597.57	6877.92
-5.88	-1.25	1596.72	6882.61
-5.88	-1.25	1595.87	6866.77
-5.88	-1.25	1595.01	6739.53
-5.88	-1.25	1594.16	6653.38
-5.88	-1.25	1593.31	6910.12
-5.88	-1.25	1592.45	6990.98
-5.88	-1.25	1591.6	6963.41
-5.88	-1.25	1590.75	6971.0
-5.88	-1.25	1589.89	6580.32
-5.88	-1.25	1589.04	6948.12
-5.88	-1.25	1588.19	6841.54
-5.88	-1.25	1587.33	6869.63
-5.88	-1.25	1586.48	6994.29
-5.88	-1.25	1585.62	6744.38
-5.88	-1.25	1584.77	7003.59
-5.88	-1.25	1583.91	6955.59
-5.88	-1.25	1583.06	6723.36
-5.88	-1.25	1582.2	6722.21
-5.88	-1.25	1581.35	6995.86
-5.88	-1.25	1580.49	6863.13
-5.88	-1.25	1579.64	6639.84
-5.88	-1.25	1578.78	6498.45
-5.88	-1.25	1577.93	6698.91
-5.88	-1.25	1577.07	6779.55
-5.88	-1.25	1576.21	6752.1
-5.88	-1.25	1575.36	6566.98
-5.88	-1.25	1574.5	6793.57
-5.88	-1.25	1573.65	6897.49
-5.88	-1.25	1572.79	6849.61
-5.88	-1.25	1571.93	6722.96
-5.88	-1.25	1571.08	6660.54
-5.88	-1.25	1570.22	7041.51
-5.88	-1.25	1569.36	7028.64
-5.88	-1.25	1568.5	6995.36
-5.88	-1.25	1567.65	6857.13
-5.88	-1.25	1566.79	6955.06
-5.88	-1.25	1565.93	6977.18
-5.88	-1.25	1565.07	7043.0
-5.88	-1.25	1564.21	6744.62
-5.88	-1.25	1563.36	6918.23
-5.88	-1.25	1562.5	7173.34
-5.88	-1.25	1561.64	6886.74
-5.88	-1.25	1560.78	6818.59
-5.88	-1.25	1559.92	6843.62
-5.88	-1.25	1559.06	7226.62
-5.88	-1.25	1558.2	7103.16
-5.88	-1.25	1557.34	7020.47
-5.88	-1.25	1556.49	7091.99
-5.88	-1.25	1555.63	7218.74
-5.88	-1.25	1554.77	7115.72
-5.88	-1.25	1553.91	6995.29
-5.88	-1.25	1553.05	6877.81
-5.88	-1.25	1552.19	7077.17
-5.88	-1.25	1551.33	7227.06
-5.88	-1.25	1550.47	7150.28
-5.88	-1.25	1549.6	7102.57
-5.88	-1.25	1548.74	7124.58
-5.88	-1.25	1547.88	7201.76
-5.88	-1.25	1547.02	7485.06
-5.88	-1.25	1546.16	7469.25
-5.88	-1.25	1545.3	7575.36
-5.88	-1.25	1544.44	7736.56
-5.88	-1.25	1543.58	7697.51
-5.88	-1.25	1542.71	7641.07
-5.88	-1.25	1541.85	7610.75
-5.88	-1.25	1540.99	7606.54
-5.88	-1.25	1540.13	7703.81
-5.88	-1.25	1539.27	7725.67
-5.88	-1.25	1538.4	7417.11
-5.88	-1.25	1537.54	7433.22
-5.88	-1.25	1536.68	7463.81
-5.88	-1.25	1535.81	7569.71
-5.88	-1.25	1534.95	7339.59
-5.88	-1.25	1534.09	7028.46
-5.88	-1.25	1533.23	7392.07
-5.88	-1.25	1532.36	7431.33
-5.88	-1.25	1531.5	7357.69
-5.88	-1.25	1530.63	7284.07
-5.88	-1.25	1529.77	7352.26
-5.88	-1.25	1528.91	7385.71
-5.88	-1.25	1528.04	7413.36
-5.88	-1.25	1527.18	7215.43
-5.88	-1.25	1526.31	7500.44
-5.88	-1.25	1525.45	7617.67
-5.88	-1.25	1524.58	7636.59
-5.88	-1.25	1523.72	7675.74
-5.88	-1.25	1522.85	7763.98
-5.88	-1.25	1521.99	7872.43
-5.88	-1.25	1521.12	7691.98
-5.88	-1.25	1520.26	7523.16
-5.88	-1.25	1519.39	7204.24
-5.88	-1.25	1518.52	7099.06
-5.88	-1.25	1517.66	7354.73
-5.88	-1.25	1516.79	7168.76
-5.88	-1.25	1515.93	6922.26
-5.88	-1.25	1515.06	6822.98
-5.88	-1.25	1514.19	6968.91
-5.88	-1.25	1513.33	6837.93
-5.88	-1.25	1512.46	6738.71
-5.88	-1.25	1511.59	6645.29
-5.88	-1.25	1510.72	6580.73
-5.88	-1.25	1509.86	6686.23
-5.88	-1.25	1508.99	6460.31
-5.88	-1.25	1508.12	6560.03
-5.88	-1.25	1507.25	6484.01
-5.88	-1.25	1506.38	6583.69
-5.88	-1.25	1505.52	6349.31
-5.88	-1.25	1504.65	6474.89
-5.88	-1.25	1503.78	6433.47
-5.88	-1.25	1502.91	6521.58
-5.88	-1.25	1502.04	6301.76
-5.88	-1.25	1501.17	6188.47
-5.88	-1.25	1500.3	6201.79
-5.88	-1.25	1499.44	6502.7
-5.88	-1.25	1498.57	6386.55
-5.88	-1.25	1497.7	6172.7
-5.88	-1.25	1496.83	6019.28
-5.88	-1.25	1495.96	6265.41
-5.88	-1.25	1495.09	6068.92
-5.88	-1.25	1494.22	6185.67
-5.88	-1.25	1493.35	5995.01
-5.88	-1.25	1492.48	6014.08
-5.88	-1.25	1491.61	6058.99
-5.88	-1.25	1490.73	6101.0
-5.88	-1.25	1489.86	5973.65
-5.88	-1.25	1488.99	6027.14
-5.88	-1.25	1488.12	6206.88
-5.88	-1.25	1487.25	6202.94
-5.88	-1.25	1486.38	5972.38
-5.88	-1.25	1485.51	6054.52
-5.88	-1.25	1484.63	6237.0
-5.88	-1.25	1483.76	6224.46
-5.88	-1.25	1482.89	6154.58
-5.88	-1.25	1482.02	6058.94
-5.88	-1.25	1481.15	6221.23
-5.88	-1.25	1480.27	6414.98
-5.88	-1.25	1479.4	6173.24
-5.88	-1.25	1478.53	6349.75
-5.88	-1.25	1477.65	6188.29
-5.88	-1.25	1476.78	6361.87
-5.88	-1.25	1475.91	6312.1
-5.88	-1.25	1475.03	6099.21
-5.88	-1.25	1474.16	6295.61
-5.88	-1.25	1473.29	6403.24
-5.88	-1.25	1472.41	6322.03
-5.88	-1.25	1471.54	6186.51
-5.88	-1.25	1470.67	6211.18
-5.88	-1.25	1469.79	6258.71
-5.88	-1.25	1468.92	6314.8
-5.88	-1.25	1468.04	5976.44
-5.88	-1.25	1467.17	5946.83
-5.88	-1.25	1466.29	6082.94
-5.88	-1.25	1465.42	6458.97
-5.88	-1.25	1464.54	6266.49
-5.88	-1.25	1463.67	6225.42
-5.88	-1.25	1462.79	6195.79
-5.88	-1.25	1461.91	6306.05
-5.88	-1.25	1461.04	6367.75
-5.88	-1.25	1460.16	6112.67
-5.88	-1.25	1459.29	6328.46
-5.88	-1.25	1458.41	6253.19
-5.88	-1.25	1457.53	6306.3
-5.88	-1.25	1456.66	6122.69
-5.88	-1.25	1455.78	6198.62
-5.88	-1.25	1454.9	6154.78
-5.88	-1.25	1454.03	6167.96
-5.88	-1.25	1453.15	6124.15
-5.88	-1.25	1452.27	6063.25
-5.88	-1.25	1451.39	6290.1
-5.88	-1.25	1450.52	6083.94
-5.88	-1.25	1449.64	6111.36
-5.88	-1.25	1448.76	5930.92
-5.88	-1.25	1447.88	6038.07
-5.88	-1.25	1447.0	6002.87
-5.88	-1.25	1446.13	5987.6
-5.88	-1.25	1445.25	5955.26
-5.88	-1.25	1444.37	5976.98
-5.88	-1.25	1443.49	6081.19
-5.88	-1.25	1442.61	6048.85
-5.88	-1.25	1441.73	6053.49
-5.88	-1.25	1440.85	5938.72
-5.88	-1.25	1439.97	6105.39
-5.88	-1.25	1439.09	6081.6
-5.88	-1.25	1438.21	6094.75
-5.88	-1.25	1437.33	5786.87
-5.88	-1.25	1436.45	5783.03
-5.88	-1.25	1435.57	5935.38
-5.88	-1.25	1434.69	5908.8
-5.88	-1.25	1433.81	5586.97
-5.88	-1.25	1432.93	5796.05
-5.88	-1.25	1432.05	5809.23
-5.88	-1.25	1431.17	5640.81
-5.88	-1.25	1430.29	5585.93
-5.88	-1.25	1429.41	5766.49
-5.88	-1.25	1428.52	5759.82
-5.88	-1.25	1427.64	5999.83
-5.88	-1.25	1426.76	5655.76
-5.88	-1.25	1425.88	5612.26
-5.88	-1.25	1425.0	5874.85
-5.88	-1.25	1424.11	5740.65
-5.88	-1.25	1423.23	5818.98
-5.88	-1.25	1422.35	5574.37
-5.88	-1.25	1421.47	5604.55
-5.88	-1.25	1420.58	5745.16
-5.88	-1.25	1419.7	5679.04
-5.88	-1.25	1418.82	5816.75
-5.88	-1.25	1417.93	5719.52
-5.88	-1.25	1417.05	5868.49
-5.88	-1.25	1416.17	5759.97
-5.88	-1.25	1415.28	5674.11
-5.88	-1.25	1414.4	5851.29
-5.88	-1.25	1413.51	5742.83
-5.88	-1.25	1412.63	5744.65
-5.88	-1.25	1411.75	5709.74
-5.88	-1.25	1410.86	5522.22
-5.88	-1.25	1409.98	5733.18
-5.88	-1.25	1409.09	5644.6
-5.88	-1.25	1408.21	5694.47
-5.88	-1.25	1407.32	5512.73
-5.88	-1.25	1406.44	5794.14
-5.88	-1.25	1405.55	5852.41
-5.88	-1.25	1404.66	5859.86
-5.88	-1.25	1403.78	5590.74
-5.88	-1.25	1402.89	5665.95
-5.88	-1.25	1402.01	5887.84
-5.88	-1.25	1401.12	5697.83
-5.88	-1.25	1400.23	5730.68
-5.88	-1.25	1399.35	5763.52
-5.88	-1.25	1398.46	5830.17
-5.88	-1.25	1397.57	5871.44
-5.88	-1.25	1396.69	5836.6
-5.88	-1.25	1395.8	5787.68
-5.88	-1.25	1394.91	5941.62
-5.88	-1.25	1394.02	6202.55
-5.88	-1.25	1393.14	5891.68
-5.88	-1.25	1392.25	5992.02
-5.88	-1.25	1391.36	6137.37
-5.88	-1.25	1390.47	6172.9
-5.88	-1.25	1389.58	6183.08
-5.88	-1.25	1388.7	6091.96
-5.88	-1.25	1387.81	6225.94
-5.88	-1.25	1386.92	6334.55
-5.88	-1.25	1386.03	6170.33
-5.88	-1.25	1385.14	6222.68
-5.88	-1.25	1384.25	6393.09
-5.88	-1.25	1383.36	6552.2
-5.88	-1.25	1382.47	6382.43
-5.88	-1.25	1381.58	6679.17
-5.88	-1.25	1380.69	6579.68
-5.88	-1.25	1379.8	6609.43
-5.88	-1.25	1378.91	6821.72
-5.88	-1.25	1378.02	6680.13
-5.88	-1.25	1377.13	6754.77
-5.88	-1.25	1376.24	6851.83
-5.88	-1.25	1375.35	6791.7
-5.88	-1.25	1374.46	7009.39
-5.88	-1.25	1373.57	6699.56
-5.88	-1.25	1372.68	6936.82
-5.88	-1.25	1371.78	6784.16
-5.88	-1.25	1370.89	6892.34
-5.88	-1.25	1370.0	6885.53
-5.88	-1.25	1369.11	6926.37
-5.88	-1.25	1368.22	6986.82
-5.88	-1.25	1367.33	6904.34
-5.88	-1.25	1366.43	6852.7
-5.88	-1.25	1365.54	6980.36
-5.88	-1.25	1364.65	7116.37
-5.88	-1.25	1363.76	6991.92
-5.88	-1.25	1362.86	6870.32
-5.88	-1.25	1361.97	7000.68
-5.88	-1.25	1361.08	7158.98
-5.88	-1.25	1360.18	7048.6
-5.88	-1.25	1359.29	6879.51
-5.88	-1.25	1358.4	7001.39
-5.88	-1.25	1357.5	7274.24
-5.88	-1.25	1356.61	7228.23
-5.88	-1.25	1355.71	7106.75
-5.88	-1.25	1354.82	7083.15
-5.88	-1.25	1353.92	7299.9
-5.88	-1.25	1353.03	7186.86
-5.88	-1.25	1352.13	7314.11
-5.88	-1.25	1351.24	7382.67
-5.88	-1.25	1350.34	7389.76
-5.88	-1.25	1349.45	7229.3
-5.88	-1.25	1348.55	7191.75
-5.88	-1.25	1347.66	7330.06
-5.88	-1.25	1346.76	7353.89
-5.88	-1.25	1345.87	7441.9
-5.88	-1.25	1344.97	7306.69
-5.88	-1.25	1344.07	7093.41
-5.88	-1.25	1343.18	7242.78
-5.88	-1.25	1342.28	7366.99
-5.88	-1.25	1341.38	7362.91
-5.88	-1.25	1340.49	6982.53
-5.88	-1.25	1339.59	7301.81
-5.88	-1.25	1338.69	7400.85
-5.88	-1.25	1337.8	7235.18
-5.88	-1.25	1336.9	7089.07
-5.88	-1.25	1336.0	7076.69
-5.88	-1.25	1335.1	7139.49
-5.88	-1.25	1334.2	7399.94
-5.88	-1.25	1333.31	7061.84
-5.88	-1.25	1332.41	7272.12
-5.88	-1.25	1331.51	7435.02
-5.88	-1.25	1330.61	7378.07
-5.88	-1.25	1329.71	7357.31
-5.88	-1.25	1328.81	7194.72
-5.88	-1.25	1327.91	7546.6
-5.88	-1.25	1327.02	7670.38
-5.88	-1.25	1326.12	7321.59
-5.88	-1.25	1325.22	7450.92
-5.88	-1.25	1324.32	7502.41
-5.88	-1.25	1323.42	7631.68
-5.88	-1.25	1322.52	7502.57
-5.88	-1.25	1321.62	7395.72
-5.88	-1.25	1320.72	7599.9
-5.88	-1.25	1319.82	7568.03
-5.88	-1.25	1318.91	7566.7
-5.88	-1.25	1318.01	7398.86
-5.88	-1.25	1317.11	7489.14
-5.88	-1.25	1316.21	7529.44
-5.88	-1.25	1315.31	7436.58
-5.88	-1.25	1314.41	7476.88
-5.88	-1.25	1313.51	7447.84
-5.88	-1.25	1312.61	7737.63
-5.88	-1.25	1311.7	7470.18
-5.88	-1.25	1310.8	7407.9
-5.88	-1.25	1309.9	7248.66
-5.88	-1.25	1309.0	7640.79
-5.88	-1.25	1308.09	7492.64
-5.88	-1.25	1307.19	7355.63
-5.88	-1.25	1306.29	7287.88
-5.88	-1.25	1305.39	7447.17
-5.88	-1.25	1304.48	7301.93
-5.88	-1.25	1303.58	7073.72
-5.88	-1.25	1302.68	7210.83
-5.88	-1.25	1301.77	7137.63
-5.88	-1.25	1300.87	7388.09
-5.88	-1.25	1299.96	7107.48
-5.88	-1.25	1299.06	7086.87
-5.88	-1.25	1298.16	7046.93
-5.88	-1.25	1297.25	7250.23
-5.88	-1.25	1296.35	7022.34
-5.88	-1.25	1295.44	7192.43
-5.88	-1.25	1294.54	7182.88
-5.88	-1.25	1293.63	7405.35
-5.88	-1.25	1292.73	7221.78
-5.88	-1.25	1291.82	7209.47
-5.88	-1.25	1290.92	7216.49
-5.88	-1.25	1290.01	7223.5
-5.88	-1.25	1289.1	7266.39
-5.88	-1.25	1288.2	7176.82
-5.88	-1.25	1287.29	7125.9
-5.88	-1.25	1286.39	7394.96
-5.88	-1.25	1285.48	7175.79
-5.88	-1.25	1284.57	7163.5
-5.88	-1.25	1283.67	7093.33
-5.88	-1.25	1282.76	7059.0
-5.88	-1.25	1281.85	7024.69
-5.88	-1.25	1280.94	6907.73
-5.88	-1.25	1280.04	6832.14
-5.88	-1.25	1279.13	6841.95
-5.88	-1.25	1278.22	6904.09
-5.88	-1.25	1277.31	6616.52
-5.88	-1.25	1276.41	6689.69
-5.88	-1.25	1275.5	6625.21
-5.88	-1.25	1274.59	6800.17
-5.88	-1.25	1273.68	6474.3
-5.88	-1.25	1272.77	6434.64
-5.88	-1.25	1271.86	6582.04
-5.88	-1.25	1270.95	6473.63
-5.88	-1.25	1270.04	6428.5
-5.88	-1.25	1269.13	6229.44
-5.88	-1.25	1268.23	6360.28
-5.88	-1.25	1267.32	6312.44
-5.88	-1.25	1266.41	6264.62
-5.88	-1.25	1265.5	6106.93
-5.88	-1.25	1264.59	6147.06
-5.88	-1.25	1263.67	6154.21
-5.88	-1.25	1262.76	5958.19
-5.88	-1.25	1261.85	5759.48
-5.88	-1.25	1260.94	5972.56
-5.88	-1.25	1260.03	6196.54
-5.88	-1.25	1259.12	5836.01
-5.88	-1.25	1258.21	5793.84
-5.88	-1.25	1257.3	5905.27
-5.88	-1.25	1256.39	5885.04
-5.88	-1.25	1255.47	5738.68
-5.88	-1.25	1254.56	5795.24
-5.88	-1.25	1253.65	5648.95
-5.88	-1.25	1252.74	5779.5
-5.88	-1.25	1251.83	5841.5
-5.88	-1.25	1250.91	5717.2
-5.88	-1.25	1250.0	5716.19
-5.88	-1.25	1249.09	5824.72
-5.88	-1.25	1248.17	5626.56
-5.88	-1.25	1247.26	5787.08
-5.88	-1.25	1246.35	5706.69
-5.88	-1.25	1245.43	5826.09
-5.88	-1.25	1244.52	5699.21
-5.88	-1.25	1243.61	5627.08
-5.88	-1.25	1242.69	5609.68
-5.88	-1.25	1241.78	5791.91
-5.88	-1.25	1240.86	5703.4
-5.88	-1.25	1239.95	5724.26
-5.88	-1.25	1239.03	5720.52
-5.88	-1.25	1238.12	5847.95
-5.88	-1.25	1237.2	5745.82
-5.88	-1.25	1236.29	5673.79
-5.88	-1.25	1235.37	5771.11
-5.88	-1.25	1234.46	5761.9
-5.88	-1.25	1233.54	5807.3
-5.88	-1.25	1232.63	5770.79
-5.88	-1.25	1231.71	5674.25
-5.88	-1.25	1230.8	5826.06
-5.88	-1.25	1229.88	5634.05
-5.88	-1.25	1228.96	5564.86
-5.88	-1.25	1228.05	5765.7
-5.88	-1.25	1227.13	5721.06
-5.88	-1.25	1226.21	5739.13
-5.88	-1.25	1225.3	5536.4
-5.88	-1.25	1224.38	5638.99
-5.88	-1.25	1223.46	5539.9
-5.88	-1.25	1222.54	5647.9
-5.88	-1.25	1221.63	5360.88
-5.88	-1.25	1220.71	5485.22
-5.88	-1.25	1219.79	5432.51
-5.88	-1.25	1218.87	5537.73
-5.88	-1.25	1217.95	5463.26
-5.88	-1.25	1217.03	5206.46
-5.88	-1.25	1216.12	5472.21
-5.88	-1.25	1215.2	5460.37
-5.88	-1.25	1214.28	5407.72
-5.88	-1.25	1213.36	5431.24
-5.88	-1.25	1212.44	5411.25
-5.88	-1.25	1211.52	5277.07
-5.88	-1.25	1210.6	5352.25
-5.88	-1.25	1209.68	5405.66
-5.88	-1.25	1208.76	5366.67
-5.88	-1.25	1207.84	5523.29
-5.88	-1.25	1206.92	5413.66
-5.88	-1.25	1206.0	5399.13
-5.88	-1.25	1205.08	5501.36
-5.88	-1.25	1204.16	5744.73
-5.88	-1.25	1203.24	5626.99
-5.88	-1.25	1202.31	5669.42
-5.88	-1.25	1201.39	5950.62
-5.88	-1.25	1200.47	5936.0
-5.88	-1.25	1199.55	5910.54
-5.88	-1.25	1198.63	5852.54
-5.88	-1.25	1197.71	5778.3
-5.88	-1.25	1196.78	5853.19
-5.88	-1.25	1195.86	5697.65
-5.88	-1.25	1194.94	5490.67
-5.88	-1.25	1194.02	5592.67
-5.88	-1.25	1193.09	5448.09
-5.88	-1.25	1192.17	5558.19
-5.88	-1.25	1191.25	5237.64
-5.88	-1.25	1190.32	5539.97
-5.88	-1.25	1189.4	5381.98
-5.88	-1.25	1188.48	5316.06
-5.88	-1.25	1187.55	5125.68
-5.88	-1.25	1186.63	5143.72
-5.88	-1.25	1185.71	5269.96
-5.88	-1.25	1184.78	5201.4
-5.88	-1.25	1183.86	5319.47
-5.88	-1.25	1182.93	5283.38
-5.88	-1.25	1182.01	5404.1
-5.88	-1.25	1181.08	5346.38
-5.88	-1.25	1180.16	5256.25
-5.88	-1.25	1179.23	5120.23
-5.88	-1.25	1178.31	5324.63
-5.88	-1.25	1177.38	5291.28
-5.88	-1.25	1176.46	5122.91
-5.88	-1.25	1175.53	5213.8
-5.88	-1.25	1174.6	5293.87
-5.88	-1.25	1173.68	5247.04
-5.88	-1.25	1172.75	5162.46
-5.88	-1.25	1171.82	5247.88
-5.88	-1.25	1170.9	5246.96
-5.88	-1.25	1169.97	5359.31
-5.88	-1.25	1169.04	5223.52
-5.88	-1.25	1168.12	5068.91
-5.88	-1.25	1167.19	5270.2
-5.88	-1.25	1166.26	5271.96
-5.88	-1.25	1165.33	5077.0
-5.88	-1.25	1164.41	4981.8
-5.88	-1.25	1163.48	5271.85
-5.88	-1.25	1162.55	5103.93
-5.88	-1.25	1161.62	5027.62
-5.88	-1.25	1160.69	5029.42
-5.88	-1.25	1159.76	5098.52
-5.88	-1.25	1158.84	4884.99
-5.88	-1.25	1157.91	4929.87
-5.88	-1.25	1156.98	4853.66
-5.88	-1.25	1156.05	5035.72
-5.88	-1.25	1155.12	4838.49
-5.88	-1.25	1154.19	4716.63
-5.88	-1.25	1153.26	4944.32
-5.88	-1.25	1152.33	5064.41
-5.88	-1.25	1151.4	5068.89
-5.88	-1.25	1150.47	4941.69
-5.88	-1.25	1149.54	4986.49
-5.88	-1.25	1148.61	5114.54
-5.88	-1.25	1147.68	5014.26
-5.88	-1.25	1146.75	4959.67
-5.88	-1.25	1145.81	4956.1
-5.88	-1.25	1144.88	5247.81
-5.88	-1.25	1143.95	5123.42
-5.88	-1.25	1143.02	4856.86
-5.88	-1.25	1142.09	5263.8
-5.88	-1.25	1141.16	5211.9
-5.88	-1.25	1140.22	5130.52
-5.88	-1.25	1139.29	4759.56
-5.88	-1.25	1138.36	5128.69
-5.88	-1.25	1137.43	5074.17
-5.88	-1.25	1136.49	5089.35
-5.88	-1.25	1135.56	4817.81
-5.88	-1.25	1134.63	4736.59
-5.88	-1.25	1133.69	4858.96
-5.88	-1.25	1132.76	4756.33
-5.88	-1.25	1131.83	4597.5
-5.88	-1.25	1130.89	4551.18
-5.88	-1.25	1129.96	4668.14
-5.88	-1.25	1129.02	4661.96
-5.88	-1.25	1128.09	4508.61
-5.88	-1.25	1127.16	4483.74
-5.88	-1.25	1126.22	4584.58
-5.88	-1.25	1125.29	4444.7
-5.88	-1.25	1124.35	4334.28
-5.88	-1.25	1123.42	4274.7
-5.88	-1.25	1122.48	4311.36
-5.88	-1.25	1121.55	4420.16
-5.88	-1.25	1120.61	4200.28
-5.88	-1.25	1119.67	4423.93
-5.88	-1.25	1118.74	4377.74
-5.88	-1.25	1117.8	4427.7
-5.88	-1.25	1116.87	4312.1
-5.88	-1.25	1115.93	4388.75
-5.88	-1.25	1114.99	4510.75
-5.88	-1.25	1114.06	4459.24
-5.88	-1.25	1113.12	4362.4
-5.88	-1.25	1112.18	4334.94
-5.88	-1.25	1111.24	4582.22
-5.88	-1.25	1110.31	4426.74
-5.88	-1.25	1109.37	4241.98
-5.88	-1.25	1108.43	4430.49
-5.88	-1.25	1107.49	4397.72
-5.88	-1.25	1106.55	4311.66
-5.88	-1.25	1105.62	4228.3
-5.88	-1.25	1104.68	4451.31
-5.88	-1.25	1103.74	4399.92
-5.88	-1.25	1102.8	4167.46
-5.88	-1.25	1101.86	4238.6
-5.88	-1.25	1100.92	4259.15
-5.88	-1.25	1099.98	4322.26
-5.88	-1.25	1099.04	4121.92
-5.88	-1.25	1098.1	4121.18
-5.88	-1.25	1097.16	4200.25
-5.88	-1.25	1096.22	4162.27
-5.88	-1.25	1095.28	4299.8
-5.88	-1.25	1094.34	4229.91
-5.88	-1.25	1093.4	4210.55
-5.88	-1.25	1092.46	4278.9
-5.88	-1.25	1091.52	4129.33
-5.88	-1.25	1090.58	4176.42
-5.88	-1.25	1089.64	4319.11
-5.88	-1.25	1088.7	4326.31
-5.88	-1.25	1087.76	4251.19
-5.88	-1.25	1086.81	4146.89
-5.88	-1.25	1085.87	4244.37
-5.88	-1.25	1084.93	4405.5
-5.88	-1.25	1083.99	4152.64
-5.88	-1.25	1083.05	4130.67
-5.88	-1.25	1082.1	4442.93
-5.88	-1.25	1081.16	4405.01
-5.88	-1.25	1080.22	4200.05
-5.88	-1.25	1079.28	4159.54
-5.88	-1.25	1078.33	4262.17
-5.88	-1.25	1077.39	4295.86
-5.88	-1.25	1076.45	4186.46
-5.88	-1.25	1075.5	4145.98
-5.88	-1.25	1074.56	4086.96
-5.88	-1.25	1073.61	4261.02
-5.88	-1.25	1072.67	4130.52
-5.88	-1.25	1071.73	4275.38
-5.88	-1.25	1070.78	4158.16
-5.88	-1.25	1069.84	4268.56
-5.88	-1.25	1068.89	4251.93
-5.88	-1.25	1067.95	4317.3
-5.88	-1.25	1067.0	4247.76
-5.88	-1.25	1066.06	4323.69
-5.88	-1.25	1065.11	4169.57
-5.88	-1.25	1064.16	4261.35
-5.88	-1.25	1063.22	4271.16
-5.88	-1.25	1062.27	4164.69
-5.88	-1.25	1061.33	4097.9
-5.88	-1.25	1060.38	4210.76
-5.88	-1.25	1059.43	4268.11
-5.88	-1.25	1058.49	4338.65
-5.88	-1.25	1057.54	4285.07
-5.88	-1.25	1056.59	4286.94
-5.88	-1.25	1055.65	4394.39
-5.88	-1.25	1054.7	4330.27
-5.88	-1.25	1053.75	4316.3
-5.88	-1.25	1052.8	4165.17
-5.88	-1.25	1051.85	4351.68
-5.88	-1.25	1050.91	4221.7
-5.88	-1.25	1049.96	4152.4
-5.88	-1.25	1049.01	4130.57
-5.88	-1.25	1048.06	4237.88
-5.88	-1.25	1047.11	4176.52
-5.88	-1.25	1046.16	4086.2
-5.88	-1.25	1045.21	4096.0
-5.88	-1.25	1044.27	4142.68
-5.88	-1.25	1043.32	4110.34
-5.88	-1.25	1042.37	4120.13
-5.88	-1.25	1041.42	4114.13
-5.88	-1.25	1040.47	4326.57
-5.88	-1.25	1039.52	4286.32
-5.88	-1.25	1038.57	4172.43
-5.88	-1.25	1037.62	4318.98
-5.88	-1.25	1036.67	4489.15
-5.88	-1.25	1035.71	4348.99
-5.88	-1.25	1034.76	4356.1
-5.88	-1.25	1033.81	4426.29
-5.88	-1.25	1032.86	4325.63
-5.88	-1.25	1031.91	4403.68
-5.88	-1.25	1030.96	4221.63
-5.88	-1.25	1030.01	4191.98
-5.88	-1.25	1029.05	4228.0
-5.88	-1.25	1028.1	4172.1
-5.88	-1.25	1027.15	4126.73
-5.88	-1.25	1026.2	4115.49
-5.88	-1.25	1025.24	4106.88
-5.88	-1.25	1024.29	3904.12
-5.88	-1.25	1023.34	4094.92
-5.88	-1.25	1022.39	4104.67
-5.88	-1.25	1021.43	4098.69
-5.88	-1.25	1020.48	4050.77
-5.88	-1.25	1019.52	4196.84
-5.88	-1.25	1018.57	4130.56
-5.88	-1.25	1017.62	4121.96
-5.88	-1.25	1016.66	4013.8
-5.88	-1.25	1015.71	4099.53
-5.88	-1.25	1014.75	4151.18
-5.88	-1.25	1013.8	4174.0
-5.88	-1.25	1012.84	4222.99
-5.88	-1.25	1011.89	4117.53
-5.88	-1.25	1010.93	4218.86
-5.88	-1.25	1009.98	4283.52
-5.88	-1.25	1009.02	4199.04
-5.88	-1.25	1008.07	4276.76
-5.88	-1.25	1007.11	4396.29
-5.88	-1.25	1006.16	4544.55
-5.88	-1.25	1005.2	4352.89
-5.88	-1.25	1004.24	4467.12
-5.88	-1.25	1003.29	4351.32
-5.88	-1.25	1002.33	4387.13
-5.88	-1.25	1001.37	4245.26
-5.88	-1.25	1000.41	4278.46
-5.88	-1.25	999.4580000000001	4463.11
-5.88	-1.25	998.5	4381.37
-5.88	-1.25	997.543	4273.55
-5.88	-1.25	996.585	4293.66
-5.88	-1.25	995.627	4321.6
-5.88	-1.25	994.669	4140.79
-5.88	-1.25	993.71	4095.69
-5.88	-1.25	992.752	4173.21
-5.88	-1.25	991.793	4188.1
-5.88	-1.25	990.834	4090.88
-5.88	-1.25	989.875	3941.56
-5.88	-1.25	988.916	4078.99
-5.88	-1.25	987.957	4156.43
-5.88	-1.25	986.997	4004.57
-5.88	-1.25	986.0369999999999	3983.01
-5.88	-1.25	985.078	4023.97
-5.88	-1.25	984.118	4080.53
-5.88	-1.25	983.1569999999999	3931.4
-5.88	-1.25	982.197	4073.86
-5.88	-1.25	981.2360000000001	4062.72
-5.88	-1.25	980.2760000000001	4236.33
-5.88	-1.25	979.315	4006.62
-5.88	-1.25	978.3539999999999	4096.95
-5.88	-1.25	977.3919999999999	4132.62
-5.88	-1.25	976.431	4191.68
-5.88	-1.25	975.4689999999999	4107.74
-5.88	-1.25	974.508	4042.01
-5.88	-1.25	973.546	4095.86
-5.88	-1.25	972.584	4303.0
-5.88	-1.25	971.6210000000001	4065.81
-5.88	-1.25	970.659	4101.45
-5.88	-1.25	969.696	4053.96
-5.88	-1.25	968.7330000000001	4040.25
-5.88	-1.25	967.77	3938.28
-5.88	-1.25	966.807	4062.16
-5.88	-1.25	965.8439999999999	4108.14
-5.88	-1.25	964.88	4055.51
-5.88	-1.25	963.9169999999999	4098.88
-5.88	-1.25	962.953	4098.14
-5.88	-1.25	961.9889999999999	4214.1
-5.88	-1.25	961.025	4143.34
-5.88	-1.25	960.06	4041.49
-5.88	-1.25	959.096	4058.91
-5.88	-1.25	958.1310000000001	4156.65
-5.88	-1.25	957.166	4015.99
-5.88	-1.25	956.201	3960.87
-5.88	-1.25	955.2360000000001	4074.12
-5.88	-1.25	954.27	4037.13
-5.88	-1.25	953.305	3875.88
-5.88	-1.25	952.3389999999999	4017.56
-5.88	-1.25	951.373	4138.48
-5.88	-1.25	950.4069999999999	4127.38
-5.88	-1.25	949.441	4105.94
-5.88	-1.25	948.4739999999999	3981.03
-5.88	-1.25	947.508	4194.98
-5.88	-1.25	946.541	4230.43
-5.88	-1.25	945.574	4146.93
-5.88	-1.25	944.607	4321.96
-5.88	-1.25	943.6389999999999	4752.78
-5.88	-1.25	942.672	4834.61
-5.88	-1.25	941.704	4784.65
-5.88	-1.25	940.7360000000001	5135.09
-5.88	-1.25	939.768	5193.56
-5.88	-1.25	938.8	4918.92
-5.88	-1.25	937.832	4902.54
-5.88	-1.25	936.863	4875.85
-5.88	-1.25	935.8939999999999	4797.55
-5.88	-1.25	934.926	4665.09
-5.88	-1.25	933.956	4465.6
-5.88	-1.25	932.987	4423.53
-5.88	-1.25	932.018	4474.31
-5.88	-1.25	931.048	4365.21
-5.88	-1.25	930.078	4214.9
-5.88	-1.25	929.1080000000001	4198.68
-5.88	-1.25	928.138	4252.04
-5.88	-1.25	927.168	4099.26
-5.88	-1.25	926.198	4000.63
-5.88	-1.25	925.227	4213.68
-5.88	-1.25	924.2560000000001	4045.54
-5.88	-1.25	923.285	3988.16
-5.88	-1.25	922.314	4013.18
-5.88	-1.25	921.3430000000001	4228.65
-5.88	-1.25	920.3710000000001	4096.65
-5.88	-1.25	919.3989999999999	4008.44
-5.88	-1.25	918.427	4033.44
-5.88	-1.25	917.455	4094.44
-5.88	-1.25	916.4830000000001	4029.41
-5.88	-1.25	915.5110000000001	4031.25
-5.88	-1.25	914.538	4022.82
-5.88	-1.25	913.565	4050.36
-5.88	-1.25	912.5930000000001	3910.87
-5.88	-1.25	911.6189999999999	3953.84
-5.88	-1.25	910.6460000000001	3960.83
-5.88	-1.25	909.673	4150.16
-5.88	-1.25	908.699	3920.89
-5.88	-1.25	907.725	3986.93
-5.88	-1.25	906.7510000000001	4104.28
-5.88	-1.25	905.7769999999999	4083.0
-5.88	-1.25	904.803	4077.14
-5.88	-1.25	903.828	4086.66
-5.88	-1.25	902.8539999999999	3975.63
-5.88	-1.25	901.8789999999999	4128.78
-5.88	-1.25	900.904	4094.7
-5.88	-1.25	899.928	4227.26
-5.88	-1.25	898.953	4308.52
-5.88	-1.25	897.977	4261.61
-5.88	-1.25	897.002	4419.69
-5.88	-1.25	896.0260000000001	4421.46
-5.88	-1.25	895.05	4592.26
-5.88	-1.25	894.073	4634.96
-5.88	-1.25	893.097	4570.12
-5.88	-1.25	892.12	4628.17
-5.88	-1.25	891.1439999999999	4624.77
-5.88	-1.25	890.1669999999999	4401.31
-5.88	-1.25	889.189	4374.93
-5.88	-1.25	888.212	4389.48
-5.88	-1.25	887.235	4437.28
-5.88	-1.25	886.257	4308.63
-5.88	-1.25	885.279	4284.84
-5.88	-1.25	884.301	4266.17
-5.88	-1.25	883.323	4370.18
-5.88	-1.25	882.3439999999999	4167.53
-5.88	-1.25	881.3660000000001	4243.42
-5.88	-1.25	880.387	4252.86
-5.88	-1.25	879.408	4183.14
-5.88	-1.25	878.429	4213.02
-5.88	-1.25	877.45	4168.86
-5.88	-1.25	876.47	4114.51
-5.88	-1.25	875.4910000000001	4118.87
-5.88	-1.25	874.5110000000001	4018.61
-5.88	-1.25	873.5310000000001	4081.66
-5.88	-1.25	872.551	4139.58
-5.88	-1.25	871.57	4011.33
-5.88	-1.25	870.59	4056.49
-5.88	-1.25	869.6089999999999	4027.72
-5.88	-1.25	868.628	4057.57
-5.88	-1.25	867.6469999999999	4003.32
-5.88	-1.25	866.666	4005.15
-5.88	-1.25	865.684	4075.75
-5.88	-1.25	864.703	4044.45
-5.88	-1.25	863.721	3982.6
-5.88	-1.25	862.7389999999999	4226.29
-5.88	-1.25	861.757	4243.34
-5.88	-1.25	860.775	4186.58
-5.88	-1.25	859.7919999999999	4142.56
-5.88	-1.25	858.81	4230.86
-5.88	-1.25	857.827	4258.07
-5.88	-1.25	856.8439999999999	4252.21
-5.88	-1.25	855.86	4246.35
-5.88	-1.25	854.877	4103.22
-5.88	-1.25	853.8939999999999	4163.48
-5.88	-1.25	852.91	4170.35
-5.88	-1.25	851.926	4235.65
-5.88	-1.25	850.942	4227.26
-5.88	-1.25	849.9580000000001	4234.11
-5.88	-1.25	848.9730000000001	4113.99
-5.88	-1.25	847.988	4288.44
-5.88	-1.25	847.0039999999999	4170.88
-5.88	-1.25	846.0189999999999	4175.2
-5.88	-1.25	845.034	4090.7
-5.88	-1.25	844.048	4122.94
-5.88	-1.25	843.063	4056.24
-5.88	-1.25	842.077	4017.46
-5.88	-1.25	841.091	3978.69
-5.88	-1.25	840.105	4094.6
-5.88	-1.25	839.1189999999999	4005.13
-5.88	-1.25	838.132	4047.49
-5.88	-1.25	837.1460000000001	3930.19
-5.88	-1.25	836.159	3975.08
-5.88	-1.25	835.172	3956.63
-5.88	-1.25	834.185	3971.11
-5.88	-1.25	833.198	3869.1
-5.88	-1.25	832.21	4040.55
-5.88	-1.25	831.222	4034.75
-5.88	-1.25	830.235	3818.91
-5.88	-1.25	829.247	3947.26
-5.88	-1.25	828.258	3923.77
-5.88	-1.25	827.27	3920.53
-5.88	-1.25	826.2810000000001	3735.21
-5.88	-1.25	825.293	3807.85
-5.88	-1.25	824.304	4022.04
-5.88	-1.25	823.315	3846.91
-5.88	-1.25	822.325	3704.69
-5.88	-1.25	821.336	3779.82
-5.88	-1.25	820.346	3872.6
-5.88	-1.25	819.3560000000001	3778.44
-5.88	-1.25	818.3660000000001	3772.71
-5.88	-1.25	817.3760000000001	3746.77
-5.88	-1.25	816.3860000000001	3887.45
-5.88	-1.25	815.395	3828.7
-5.88	-1.25	814.405	3835.57
-5.88	-1.25	813.414	3867.67
-5.88	-1.25	812.423	3970.39
-5.88	-1.25	811.431	3830.95
-5.88	-1.25	810.44	3863.04
-5.88	-1.25	809.448	3852.25
-5.88	-1.25	808.456	3949.85
-5.88	-1.25	807.4639999999999	3858.41
-5.88	-1.25	806.472	3867.79
-5.88	-1.25	805.48	3919.99
-5.88	-1.25	804.487	3780.74
-5.88	-1.25	803.495	3717.09
-5.88	-1.25	802.502	3832.24
-5.88	-1.25	801.5089999999999	3841.61
-5.88	-1.25	800.5160000000001	3783.02
-5.88	-1.25	799.5219999999999	3817.56
-5.88	-1.25	798.528	3814.35
-5.88	-1.25	797.535	3828.75
-5.88	-1.25	796.541	3672.11
-5.88	-1.25	795.547	3691.56
-5.88	-1.25	794.552	3851.8
-5.88	-1.25	793.558	3594.69
-5.88	-1.25	792.563	3707.14
-5.88	-1.25	791.568	3646.15
-5.88	-1.25	790.573	3803.77
-5.88	-1.25	789.578	3664.92
-5.88	-1.25	788.582	3674.3
-5.88	-1.25	787.587	3771.56
-5.88	-1.25	786.591	3846.19
-5.88	-1.25	785.595	3865.57
-5.88	-1.25	784.5989999999999	3832.24
-5.88	-1.25	783.602	3738.7
-5.88	-1.25	782.6060000000001	3755.58
-5.88	-1.25	781.6089999999999	3744.86
-5.88	-1.25	780.612	3663.93
-5.88	-1.25	779.615	3841.28
-5.88	-1.25	778.618	3735.29
-5.88	-1.25	777.6210000000001	3654.4
-5.88	-1.25	776.623	3733.93
-5.88	-1.25	775.625	3755.79
-5.88	-1.25	774.627	3707.51
-5.88	-1.25	773.6289999999999	3724.37
-5.88	-1.25	772.6310000000001	3733.71
-5.88	-1.25	771.632	3883.25
-5.88	-1.25	770.6339999999999	3729.84
-5.88	-1.25	769.635	3659.08
-5.88	-1.25	768.6360000000001	3690.94
-5.88	-1.25	767.6360000000001	3762.82
-5.88	-1.25	766.637	3707.11
-5.88	-1.25	765.637	3773.96
-5.88	-1.25	764.637	3803.27
-5.88	-1.25	763.638	3732.58
-5.88	-1.25	762.637	3596.92
-5.88	-1.25	761.637	3778.7
-5.88	-1.25	760.6360000000001	3723.04
-5.88	-1.25	759.6360000000001	3762.33
-5.88	-1.25	758.635	3811.6
-5.88	-1.25	757.6339999999999	3808.4
-5.88	-1.25	756.633	3775.25
-5.88	-1.25	755.6310000000001	3732.12
-5.88	-1.25	754.6289999999999	3828.78
-5.88	-1.25	753.628	3927.9
-5.88	-1.25	752.6260000000001	3919.7
-5.88	-1.25	751.623	3759.33
-5.88	-1.25	750.6210000000001	3935.72
-5.88	-1.25	749.6189999999999	4129.51
-5.88	-1.25	748.6160000000001	4011.57
-5.88	-1.25	747.613	4000.87
-5.88	-1.25	746.61	4204.5
-5.88	-1.25	745.607	4136.46
-5.88	-1.25	744.6030000000001	4175.56
-5.88	-1.25	743.5989999999999	4067.69
-5.88	-1.25	742.596	4081.89
-5.88	-1.25	741.592	4106.04
-5.88	-1.25	740.587	4035.58
-5.88	-1.25	739.5830000000001	4027.38
-5.88	-1.25	738.579	4113.74
-5.88	-1.25	737.574	4068.2
-5.88	-1.25	736.569	4042.58
-5.88	-1.25	735.564	4066.71
-5.88	-1.25	734.558	4078.4
-5.88	-1.25	733.553	4040.36
-5.88	-1.25	732.547	4054.54
-5.88	-1.25	731.541	4188.01
-5.88	-1.25	730.535	4229.49
-5.88	-1.25	729.529	3913.18
-5.88	-1.25	728.523	3947.24
-5.88	-1.25	727.5160000000001	4001.15
-5.88	-1.25	726.5089999999999	4040.15
-5.88	-1.25	725.503	3994.72
-5.88	-1.25	724.495	4023.78
-5.88	-1.25	723.488	3993.26
-5.88	-1.25	722.4810000000001	3982.6
-5.88	-1.25	721.4730000000001	3852.87
-5.88	-1.25	720.465	4005.95
-5.88	-1.25	719.457	4044.9
-5.88	-1.25	718.449	3897.86
-5.88	-1.25	717.44	3877.31
-5.88	-1.25	716.432	3824.55
-5.88	-1.25	715.423	3833.76
-5.88	-1.25	714.414	3756.25
-5.88	-1.25	713.405	3889.34
-5.88	-1.25	712.395	3861.38
-5.88	-1.25	711.3860000000001	3816.1
-5.88	-1.25	710.3760000000001	3644.56
-5.88	-1.25	709.3660000000001	3874.11
-5.88	-1.25	708.3560000000001	3841.22
-5.88	-1.25	707.346	3756.38
-5.88	-1.25	706.335	3800.23
-5.88	-1.25	705.325	3819.32
-5.88	-1.25	704.314	3741.95
-5.88	-1.25	703.303	3600.32
-5.88	-1.25	702.2919999999999	3735.63
-5.88	-1.25	701.28	3725.06
-5.88	-1.25	700.2689999999999	3702.14
-5.88	-1.25	699.257	3582.85
-5.88	-1.25	698.245	3693.37
-5.88	-1.25	697.2330000000001	3709.98
-5.88	-1.25	696.22	3608.04
-5.88	-1.25	695.2080000000001	3580.22
-5.88	-1.25	694.195	3599.31
-5.88	-1.25	693.182	3702.32
-5.88	-1.25	692.169	3575.78
-5.88	-1.25	691.1560000000001	3572.66
-5.88	-1.25	690.143	3665.74
-5.88	-1.25	689.1289999999999	3613.28
-5.88	-1.25	688.115	3459.72
-5.88	-1.25	687.1010000000001	3577.43
-5.88	-1.25	686.087	3571.85
-5.88	-1.25	685.073	3430.71
-5.88	-1.25	684.058	3605.03
-5.88	-1.25	683.043	3678.28
-5.88	-1.25	682.028	3687.46
-5.88	-1.25	681.013	3733.57
-5.88	-1.25	679.998	3636.86
-5.88	-1.25	678.9830000000001	3719.89
-5.88	-1.25	677.967	3780.74
-5.88	-1.25	676.951	3647.16
-5.88	-1.25	675.935	3656.33
-5.88	-1.25	674.919	3832.78
-5.88	-1.25	673.9019999999999	3657.44
-5.88	-1.25	672.8860000000001	3676.44
-5.88	-1.25	671.8689999999999	3695.44
-5.88	-1.25	670.852	3768.51
-5.88	-1.25	669.835	3839.09
-5.88	-1.25	668.817	3717.97
-5.88	-1.25	667.8	3847.51
-5.88	-1.25	666.7819999999999	3898.38
-5.88	-1.25	665.7639999999999	3986.08
-5.88	-1.25	664.7460000000001	4044.28
-5.88	-1.25	663.7280000000001	4001.8
-5.88	-1.25	662.709	3978.97
-5.88	-1.25	661.691	3875.17
-5.88	-1.25	660.672	3982.42
-5.88	-1.25	659.653	3920.35
-5.88	-1.25	658.6339999999999	3853.4
-5.88	-1.25	657.6139999999999	3872.31
-5.88	-1.25	656.595	3915.74
-5.88	-1.25	655.575	3919.92
-5.88	-1.25	654.555	3742.72
-5.88	-1.25	653.535	3832.71
-5.88	-1.25	652.514	3775.65
-5.88	-1.25	651.494	3787.2
-5.88	-1.25	650.4730000000001	3803.65
-5.88	-1.25	649.452	3869.06
-5.88	-1.25	648.431	3914.87
-5.88	-1.25	647.41	3821.13
-5.88	-1.25	646.388	3874.27
-5.88	-1.25	645.366	3917.6
-5.88	-1.25	644.345	3784.77
-5.88	-1.25	643.323	3781.62
-5.88	-1.25	642.3	3912.99
-5.88	-1.25	641.278	3939.17
-5.88	-1.25	640.255	3781.98
-5.88	-1.25	639.232	3896.16
-5.88	-1.25	638.2090000000001	3907.66
-5.88	-1.25	637.186	3943.59
-5.88	-1.25	636.163	3784.08
-5.88	-1.25	635.139	3800.48
-5.88	-1.25	634.116	3973.16
-5.88	-1.25	633.092	3784.43
-5.88	-1.25	632.068	3759.32
-5.88	-1.25	631.043	3956.32
-5.88	-1.25	630.019	3962.91
-5.88	-1.25	628.994	3823.11
-5.88	-1.25	627.969	3844.36
-5.88	-1.25	626.944	4146.07
-5.88	-1.25	625.919	4047.77
-5.88	-1.25	624.893	4010.45
-5.88	-1.25	623.868	4131.59
-5.88	-1.25	622.842	4184.44
-5.88	-1.25	621.816	4042.35
-5.88	-1.25	620.79	3846.71
-5.88	-1.25	619.763	3919.07
-5.88	-1.25	618.737	3954.87
-5.88	-1.25	617.71	3810.49
-5.88	-1.25	616.683	3924.2
-5.88	-1.25	615.656	3957.55
-5.88	-1.25	614.629	3861.92
-5.88	-1.25	613.601	3839.31
-5.88	-1.25	612.573	3824.0
-5.88	-1.25	611.545	3820.86
-5.88	-1.25	610.5169999999999	3798.27
-5.88	-1.25	609.489	3656.56
-5.88	-1.25	608.461	3726.38
-5.88	-1.25	607.432	3577.44
-5.88	-1.25	606.403	3608.37
-5.88	-1.25	605.374	3823.92
-5.88	-1.25	604.345	3624.04
-5.88	-1.25	603.315	3584.51
-5.88	-1.25	602.286	3632.41
-5.88	-1.25	601.256	3719.13
-5.88	-1.25	600.226	3604.37
