-3.88	-5.25	1799.66	1705.41
-3.88	-5.25	1798.84	1644.01
-3.88	-5.25	1798.03	1659.0
-3.88	-5.25	1797.21	1680.11
-3.88	-5.25	1796.39	1768.4
-3.88	-5.25	1795.57	1664.27
-3.88	-5.25	1794.75	1682.31
-3.88	-5.25	1793.93	1740.03
-3.88	-5.25	1793.11	1718.37
-3.88	-5.25	1792.29	1727.23
-3.88	-5.25	1791.47	1638.46
-3.88	-5.25	1790.65	1744.95
-3.88	-5.25	1789.84	1790.41
-3.88	-5.25	1789.02	1765.71
-3.88	-5.25	1788.2	1689.19
-3.88	-5.25	1787.38	1734.63
-3.88	-5.25	1786.56	1819.68
-3.88	-5.25	1785.73	1737.09
-3.88	-5.25	1784.91	1733.75
-3.88	-5.25	1784.09	1706.04
-3.88	-5.25	1783.27	1806.27
-3.88	-5.25	1782.45	1827.28
-3.88	-5.25	1781.63	1766.07
-3.88	-5.25	1780.81	1625.73
-3.88	-5.25	1779.99	1722.86
-3.88	-5.25	1779.17	1765.18
-3.88	-5.25	1778.35	1719.23
-3.88	-5.25	1777.52	1752.41
-3.88	-5.25	1776.7	1648.69
-3.88	-5.25	1775.88	1687.95
-3.88	-5.25	1775.06	1809.3
-3.88	-5.25	1774.24	1781.63
-3.88	-5.25	1773.41	1732.69
-3.88	-5.25	1772.59	1680.73
-3.88	-5.25	1771.77	1747.3
-3.88	-5.25	1770.95	1877.65
-3.88	-5.25	1770.12	1868.22
-3.88	-5.25	1769.3	1670.48
-3.88	-5.25	1768.48	1636.79
-3.88	-5.25	1767.65	1748.86
-3.88	-5.25	1766.83	1827.49
-3.88	-5.25	1766.01	1769.51
-3.88	-5.25	1765.18	1732.8
-3.88	-5.25	1764.36	1805.32
-3.88	-5.25	1763.53	1774.68
-3.88	-5.25	1762.71	1813.81
-3.88	-5.25	1761.88	1728.59
-3.88	-5.25	1761.06	1813.2
-3.88	-5.25	1760.24	1785.6
-3.88	-5.25	1759.41	1912.61
-3.88	-5.25	1758.59	1736.51
-3.88	-5.25	1757.76	1805.91
-3.88	-5.25	1756.94	1778.34
-3.88	-5.25	1756.11	1938.57
-3.88	-5.25	1755.28	1804.99
-3.88	-5.25	1754.46	1798.63
-3.88	-5.25	1753.63	1786.21
-3.88	-5.25	1752.81	1843.42
-3.88	-5.25	1751.98	1900.61
-3.88	-5.25	1751.16	1803.46
-3.88	-5.25	1750.33	1869.72
-3.88	-5.25	1749.5	1945.02
-3.88	-5.25	1748.68	1911.42
-3.88	-5.25	1747.85	1889.93
-3.88	-5.25	1747.02	1910.78
-3.88	-5.25	1746.2	1871.16
-3.88	-5.25	1745.37	1964.53
-3.88	-5.25	1744.54	1924.91
-3.88	-5.25	1743.71	1882.29
-3.88	-5.25	1742.89	1854.78
-3.88	-5.25	1742.06	1875.61
-3.88	-5.25	1741.23	1917.57
-3.88	-5.25	1740.4	1896.11
-3.88	-5.25	1739.57	1886.73
-3.88	-5.25	1738.75	1904.52
-3.88	-5.25	1737.92	1949.46
-3.88	-5.25	1737.09	1879.74
-3.88	-5.25	1736.26	1951.82
-3.88	-5.25	1735.43	1809.73
-3.88	-5.25	1734.6	1902.91
-3.88	-5.25	1733.77	1962.89
-3.88	-5.25	1732.94	1971.6
-3.88	-5.25	1732.11	1917.01
-3.88	-5.25	1731.28	1916.68
-3.88	-5.25	1730.45	1859.11
-3.88	-5.25	1729.62	1910.01
-3.88	-5.25	1728.8	1975.95
-3.88	-5.25	1727.96	1831.06
-3.88	-5.25	1727.13	1978.29
-3.88	-5.25	1726.3	1878.61
-3.88	-5.25	1725.47	1851.2
-3.88	-5.25	1724.64	1844.86
-3.88	-5.25	1723.81	1877.65
-3.88	-5.25	1722.98	2075.89
-3.88	-5.25	1722.15	1964.24
-3.88	-5.25	1721.32	1894.74
-3.88	-5.25	1720.49	1906.44
-3.88	-5.25	1719.66	1939.19
-3.88	-5.25	1718.82	1983.95
-3.88	-5.25	1717.99	1950.56
-3.88	-5.25	1717.16	1974.26
-3.88	-5.25	1716.33	2028.01
-3.88	-5.25	1715.5	1973.59
-3.88	-5.25	1714.66	1991.28
-3.88	-5.25	1713.83	2011.96
-3.88	-5.25	1713.0	1966.58
-3.88	-5.25	1712.17	1981.26
-3.88	-5.25	1711.33	2115.98
-3.88	-5.25	1710.5	1992.59
-3.88	-5.25	1709.67	2028.25
-3.88	-5.25	1708.83	1967.91
-3.88	-5.25	1708.0	2114.55
-3.88	-5.25	1707.17	2036.22
-3.88	-5.25	1706.33	2032.87
-3.88	-5.25	1705.5	2116.46
-3.88	-5.25	1704.66	2122.1
-3.88	-5.25	1703.83	2220.63
-3.88	-5.25	1703.0	2193.29
-3.88	-5.25	1702.16	2046.12
-3.88	-5.25	1701.33	2027.8
-3.88	-5.25	1700.49	2246.08
-3.88	-5.25	1699.66	2263.66
-3.88	-5.25	1698.82	2095.62
-3.88	-5.25	1697.99	2098.26
-3.88	-5.25	1697.15	2190.68
-3.88	-5.25	1696.32	2121.49
-3.88	-5.25	1695.48	2139.07
-3.88	-5.25	1694.64	2186.57
-3.88	-5.25	1693.81	2156.29
-3.88	-5.25	1692.97	2275.53
-3.88	-5.25	1692.14	2236.28
-3.88	-5.25	1691.3	2238.89
-3.88	-5.25	1690.46	2118.96
-3.88	-5.25	1689.63	2202.27
-3.88	-5.25	1688.79	2312.43
-3.88	-5.25	1687.95	2138.79
-3.88	-5.25	1687.12	2222.05
-3.88	-5.25	1686.28	2239.59
-3.88	-5.25	1685.44	2209.35
-3.88	-5.25	1684.6	2331.36
-3.88	-5.25	1683.77	2205.61
-3.88	-5.25	1682.93	2294.76
-3.88	-5.25	1682.09	2285.42
-3.88	-5.25	1681.25	2425.23
-3.88	-5.25	1680.41	2323.41
-3.88	-5.25	1679.58	2260.39
-3.88	-5.25	1678.74	2418.03
-3.88	-5.25	1677.9	2471.28
-3.88	-5.25	1677.06	2444.03
-3.88	-5.25	1676.22	2345.27
-3.88	-5.25	1675.38	2365.73
-3.88	-5.25	1674.54	2606.63
-3.88	-5.25	1673.7	2454.28
-3.88	-5.25	1672.86	2427.06
-3.88	-5.25	1672.02	2459.4
-3.88	-5.25	1671.18	2506.61
-3.88	-5.25	1670.34	2580.59
-3.88	-5.25	1669.5	2609.91
-3.88	-5.25	1668.66	2624.35
-3.88	-5.25	1667.82	2582.25
-3.88	-5.25	1666.98	2697.81
-3.88	-5.25	1666.14	2750.88
-3.88	-5.25	1665.3	2607.69
-3.88	-5.25	1664.46	2651.84
-3.88	-5.25	1663.62	2618.69
-3.88	-5.25	1662.78	2695.51
-3.88	-5.25	1661.94	2745.57
-3.88	-5.25	1661.1	2629.23
-3.88	-5.25	1660.25	2605.02
-3.88	-5.25	1659.41	2747.13
-3.88	-5.25	1658.57	2654.61
-3.88	-5.25	1657.73	2686.82
-3.88	-5.25	1656.89	2721.98
-3.88	-5.25	1656.04	2706.67
-3.88	-5.25	1655.2	2774.46
-3.88	-5.25	1654.36	2762.12
-3.88	-5.25	1653.52	2746.82
-3.88	-5.25	1652.67	2773.04
-3.88	-5.25	1651.83	2849.66
-3.88	-5.25	1650.99	2831.39
-3.88	-5.25	1650.14	2801.26
-3.88	-5.25	1649.3	2860.06
-3.88	-5.25	1648.46	2773.64
-3.88	-5.25	1647.61	2936.11
-3.88	-5.25	1646.77	2814.16
-3.88	-5.25	1645.92	2831.45
-3.88	-5.25	1645.08	2875.39
-3.88	-5.25	1644.24	2907.46
-3.88	-5.25	1643.39	3049.06
-3.88	-5.25	1642.55	2974.54
-3.88	-5.25	1641.7	3021.38
-3.88	-5.25	1640.86	2985.36
-3.88	-5.25	1640.01	3132.76
-3.88	-5.25	1639.17	3058.28
-3.88	-5.25	1638.32	3093.25
-3.88	-5.25	1637.48	3128.2
-3.88	-5.25	1636.63	3219.31
-3.88	-5.25	1635.78	3156.69
-3.88	-5.25	1634.94	3147.28
-3.88	-5.25	1634.09	3344.71
-3.88	-5.25	1633.25	3580.47
-3.88	-5.25	1632.4	3579.86
-3.88	-5.25	1631.55	3656.03
-3.88	-5.25	1630.71	3614.07
-3.88	-5.25	1629.86	3696.11
-3.88	-5.25	1629.01	3919.8
-3.88	-5.25	1628.16	4108.01
-3.88	-5.25	1627.32	4130.91
-3.88	-5.25	1626.47	4375.07
-3.88	-5.25	1625.62	4666.33
-3.88	-5.25	1624.77	4992.89
-3.88	-5.25	1623.93	4877.04
-3.88	-5.25	1623.08	5179.86
-3.88	-5.25	1622.23	5509.11
-3.88	-5.25	1621.38	5811.72
-3.88	-5.25	1620.53	5737.06
-3.88	-5.25	1619.69	5850.97
-3.88	-5.25	1618.84	5970.74
-3.88	-5.25	1617.99	6111.08
-3.88	-5.25	1617.14	6130.65
-3.88	-5.25	1616.29	5973.56
-3.88	-5.25	1615.44	6366.98
-3.88	-5.25	1614.59	6415.92
-3.88	-5.25	1613.74	6200.02
-3.88	-5.25	1612.89	6172.48
-3.88	-5.25	1612.04	6186.13
-3.88	-5.25	1611.19	6317.42
-3.88	-5.25	1610.34	6398.67
-3.88	-5.25	1609.49	6132.97
-3.88	-5.25	1608.64	6005.52
-3.88	-5.25	1607.79	6177.89
-3.88	-5.25	1606.94	6300.25
-3.88	-5.25	1606.09	6175.77
-3.88	-5.25	1605.24	6068.96
-3.88	-5.25	1604.39	6026.81
-3.88	-5.25	1603.54	6154.98
-3.88	-5.25	1602.68	6189.16
-3.88	-5.25	1601.83	6158.74
-3.88	-5.25	1600.98	6057.9
-3.88	-5.25	1600.13	6329.77
-3.88	-5.25	1599.28	6196.65
-3.88	-5.25	1598.42	6201.46
-3.88	-5.25	1597.57	5968.69
-3.88	-5.25	1596.72	5897.28
-3.88	-5.25	1595.87	6139.63
-3.88	-5.25	1595.01	5909.92
-3.88	-5.25	1594.16	5958.73
-3.88	-5.25	1593.31	5957.71
-3.88	-5.25	1592.45	5968.41
-3.88	-5.25	1591.6	5861.92
-3.88	-5.25	1590.75	5737.9
-3.88	-5.25	1589.89	5543.63
-3.88	-5.25	1589.04	5651.02
-3.88	-5.25	1588.19	5650.05
-3.88	-5.25	1587.33	5710.55
-3.88	-5.25	1586.48	5267.67
-3.88	-5.25	1585.62	5442.32
-3.88	-5.25	1584.77	5417.98
-3.88	-5.25	1583.91	5276.66
-3.88	-5.25	1583.06	5094.43
-3.88	-5.25	1582.2	5087.71
-3.88	-5.25	1581.35	5124.84
-3.88	-5.25	1580.49	4936.89
-3.88	-5.25	1579.64	4705.17
-3.88	-5.25	1578.78	4657.61
-3.88	-5.25	1577.93	4776.59
-3.88	-5.25	1577.07	4696.9
-3.88	-5.25	1576.21	4742.83
-3.88	-5.25	1575.36	4622.29
-3.88	-5.25	1574.5	4784.99
-3.88	-5.25	1573.65	4687.84
-3.88	-5.25	1572.79	4806.69
-3.88	-5.25	1571.93	4657.05
-3.88	-5.25	1571.08	4559.97
-3.88	-5.25	1570.22	4786.71
-3.88	-5.25	1569.36	4777.14
-3.88	-5.25	1568.5	4814.23
-3.88	-5.25	1567.65	4752.18
-3.88	-5.25	1566.79	4841.72
-3.88	-5.25	1565.93	5004.1
-3.88	-5.25	1565.07	4979.93
-3.88	-5.25	1564.21	4958.68
-3.88	-5.25	1563.36	5292.81
-3.88	-5.25	1562.5	5408.4
-3.88	-5.25	1561.64	5340.5
-3.88	-5.25	1560.78	5316.29
-3.88	-5.25	1559.92	5440.54
-3.88	-5.25	1559.06	5657.89
-3.88	-5.25	1558.2	5741.31
-3.88	-5.25	1557.34	5679.22
-3.88	-5.25	1556.49	5433.89
-3.88	-5.25	1555.63	5790.7
-3.88	-5.25	1554.77	5714.09
-3.88	-5.25	1553.91	5724.74
-3.88	-5.25	1553.05	5447.6
-3.88	-5.25	1552.19	5740.21
-3.88	-5.25	1551.33	5811.87
-3.88	-5.25	1550.47	5799.25
-3.88	-5.25	1549.6	5841.82
-3.88	-5.25	1548.74	5768.21
-3.88	-5.25	1547.88	5950.16
-3.88	-5.25	1547.02	6251.1
-3.88	-5.25	1546.16	6191.96
-3.88	-5.25	1545.3	6083.51
-3.88	-5.25	1544.44	6152.11
-3.88	-5.25	1543.58	6287.41
-3.88	-5.25	1542.71	6318.24
-3.88	-5.25	1541.85	6050.31
-3.88	-5.25	1540.99	6263.87
-3.88	-5.25	1540.13	6262.79
-3.88	-5.25	1539.27	6073.28
-3.88	-5.25	1538.4	6037.45
-3.88	-5.25	1537.54	5885.72
-3.88	-5.25	1536.68	6046.96
-3.88	-5.25	1535.81	6193.66
-3.88	-5.25	1534.95	5705.99
-3.88	-5.25	1534.09	6069.9
-3.88	-5.25	1533.23	6164.4
-3.88	-5.25	1532.36	6200.98
-3.88	-5.25	1531.5	6142.02
-3.88	-5.25	1530.63	6245.14
-3.88	-5.25	1529.77	6481.33
-3.88	-5.25	1528.91	6457.07
-3.88	-5.25	1528.04	6710.49
-3.88	-5.25	1527.18	6819.23
-3.88	-5.25	1526.31	6849.86
-3.88	-5.25	1525.45	7131.99
-3.88	-5.25	1524.58	7292.63
-3.88	-5.25	1523.72	7432.98
-3.88	-5.25	1522.85	7246.77
-3.88	-5.25	1521.99	6991.29
-3.88	-5.25	1521.12	7226.94
-3.88	-5.25	1520.26	6928.23
-3.88	-5.25	1519.39	6707.59
-3.88	-5.25	1518.52	6432.17
-3.88	-5.25	1517.66	6457.04
-3.88	-5.25	1516.79	6268.34
-3.88	-5.25	1515.93	5880.6
-3.88	-5.25	1515.06	5663.21
-3.88	-5.25	1514.19	5503.59
-3.88	-5.25	1513.33	5323.83
-3.88	-5.25	1512.46	5253.71
-3.88	-5.25	1511.59	4869.37
-3.88	-5.25	1510.72	5029.95
-3.88	-5.25	1509.86	4922.45
-3.88	-5.25	1508.99	4717.01
-3.88	-5.25	1508.12	4745.0
-3.88	-5.25	1507.25	4787.39
-3.88	-5.25	1506.38	4821.13
-3.88	-5.25	1505.52	4615.85
-3.88	-5.25	1504.65	4658.24
-3.88	-5.25	1503.78	4596.98
-3.88	-5.25	1502.91	4676.77
-3.88	-5.25	1502.04	4704.74
-3.88	-5.25	1501.17	4672.28
-3.88	-5.25	1500.3	4588.06
-3.88	-5.25	1499.44	4567.13
-3.88	-5.25	1498.57	4710.12
-3.88	-5.25	1497.7	4522.43
-3.88	-5.25	1496.83	4306.06
-3.88	-5.25	1495.96	4377.16
-3.88	-5.25	1495.09	4339.05
-3.88	-5.25	1494.22	4323.94
-3.88	-5.25	1493.35	4127.85
-3.88	-5.25	1492.48	3980.67
-3.88	-5.25	1491.61	4341.79
-3.88	-5.25	1490.73	3999.39
-3.88	-5.25	1489.86	4007.31
-3.88	-5.25	1488.99	3995.14
-3.88	-5.25	1488.12	3862.44
-3.88	-5.25	1487.25	4137.21
-3.88	-5.25	1486.38	3915.61
-3.88	-5.25	1485.51	3891.99
-3.88	-5.25	1484.63	4003.15
-3.88	-5.25	1483.76	3979.52
-3.88	-5.25	1482.89	4007.5
-3.88	-5.25	1482.02	3849.17
-3.88	-5.25	1481.15	3974.59
-3.88	-5.25	1480.27	4148.68
-3.88	-5.25	1479.4	4268.27
-3.88	-5.25	1478.53	4112.87
-3.88	-5.25	1477.65	4160.84
-3.88	-5.25	1476.78	4363.4
-3.88	-5.25	1475.91	4465.7
-3.88	-5.25	1475.03	4588.0
-3.88	-5.25	1474.16	4707.4
-3.88	-5.25	1473.29	4792.42
-3.88	-5.25	1472.41	4923.18
-3.88	-5.25	1471.54	5116.82
-3.88	-5.25	1470.67	5264.63
-3.88	-5.25	1469.79	5212.26
-3.88	-5.25	1468.92	5582.98
-3.88	-5.25	1468.04	5730.64
-3.88	-5.25	1467.17	5532.47
-3.88	-5.25	1466.29	5802.94
-3.88	-5.25	1465.42	5956.2
-3.88	-5.25	1464.54	5992.3
-3.88	-5.25	1463.67	5951.28
-3.88	-5.25	1462.79	5930.26
-3.88	-5.25	1461.91	5909.25
-3.88	-5.25	1461.04	5891.1
-3.88	-5.25	1460.16	5735.98
-3.88	-5.25	1459.29	5552.38
-3.88	-5.25	1458.41	5385.96
-3.88	-5.25	1457.53	5544.75
-3.88	-5.25	1456.66	5315.65
-3.88	-5.25	1455.78	5052.41
-3.88	-5.25	1454.9	5114.25
-3.88	-5.25	1454.03	5210.28
-3.88	-5.25	1453.15	5058.34
-3.88	-5.25	1452.27	4946.34
-3.88	-5.25	1451.39	4834.38
-3.88	-5.25	1450.52	4956.01
-3.88	-5.25	1449.64	5003.57
-3.88	-5.25	1448.76	4908.74
-3.88	-5.25	1447.88	4907.89
-3.88	-5.25	1447.0	5117.66
-3.88	-5.25	1446.13	5321.67
-3.88	-5.25	1445.25	5448.79
-3.88	-5.25	1444.37	5382.41
-3.88	-5.25	1443.49	5552.14
-3.88	-5.25	1442.61	5696.21
-3.88	-5.25	1441.73	5746.41
-3.88	-5.25	1440.85	5805.11
-3.88	-5.25	1439.97	6241.82
-3.88	-5.25	1439.09	6348.73
-3.88	-5.25	1438.21	6589.15
-3.88	-5.25	1437.33	6613.57
-3.88	-5.25	1436.45	7012.92
-3.88	-5.25	1435.57	7148.02
-3.88	-5.25	1434.69	7237.64
-3.88	-5.25	1433.81	7267.61
-3.88	-5.25	1432.93	7436.65
-3.88	-5.25	1432.05	7741.85
-3.88	-5.25	1431.17	7717.81
-3.88	-5.25	1430.29	7523.56
-3.88	-5.25	1429.41	7780.37
-3.88	-5.25	1428.52	7821.56
-3.88	-5.25	1427.64	7772.0
-3.88	-5.25	1426.76	7665.75
-3.88	-5.25	1425.88	7055.01
-3.88	-5.25	1425.0	6892.24
-3.88	-5.25	1424.11	6976.05
-3.88	-5.25	1423.23	6632.05
-3.88	-5.25	1422.35	6248.51
-3.88	-5.25	1421.47	5992.54
-3.88	-5.25	1420.58	5926.37
-3.88	-5.25	1419.7	5574.3
-3.88	-5.25	1418.82	5307.26
-3.88	-5.25	1417.93	5139.36
-3.88	-5.25	1417.05	5090.37
-3.88	-5.25	1416.17	4741.51
-3.88	-5.25	1415.28	4633.2
-3.88	-5.25	1414.4	4462.71
-3.88	-5.25	1413.51	4493.03
-3.88	-5.25	1412.63	4430.06
-3.88	-5.25	1411.75	4183.37
-3.88	-5.25	1410.86	4148.73
-3.88	-5.25	1409.98	4193.22
-3.88	-5.25	1409.09	4212.26
-3.88	-5.25	1408.21	3951.67
-3.88	-5.25	1407.32	3891.67
-3.88	-5.25	1406.44	3930.52
-3.88	-5.25	1405.55	3912.9
-3.88	-5.25	1404.66	3920.69
-3.88	-5.25	1403.78	3761.96
-3.88	-5.25	1402.89	3716.16
-3.88	-5.25	1402.01	3842.47
-3.88	-5.25	1401.12	3991.3
-3.88	-5.25	1400.23	3576.03
-3.88	-5.25	1399.35	3772.79
-3.88	-5.25	1398.46	3834.16
-3.88	-5.25	1397.57	3737.65
-3.88	-5.25	1396.69	3629.91
-3.88	-5.25	1395.8	3626.46
-3.88	-5.25	1394.91	3794.86
-3.88	-5.25	1394.02	3777.3
-3.88	-5.25	1393.14	3725.95
-3.88	-5.25	1392.25	3691.51
-3.88	-5.25	1391.36	3840.08
-3.88	-5.25	1390.47	3850.67
-3.88	-5.25	1389.58	3788.08
-3.88	-5.25	1388.7	3843.7
-3.88	-5.25	1387.81	3907.74
-3.88	-5.25	1386.92	4056.14
-3.88	-5.25	1386.03	4021.68
-3.88	-5.25	1385.14	3914.13
-3.88	-5.25	1384.25	4023.09
-3.88	-5.25	1383.36	4115.15
-3.88	-5.25	1382.47	4153.78
-3.88	-5.25	1381.58	4214.87
-3.88	-5.25	1380.69	4143.9
-3.88	-5.25	1379.8	4247.11
-3.88	-5.25	1378.91	4294.12
-3.88	-5.25	1378.02	4150.16
-3.88	-5.25	1377.13	4068.02
-3.88	-5.25	1376.24	4300.29
-3.88	-5.25	1375.35	4187.28
-3.88	-5.25	1374.46	4116.4
-3.88	-5.25	1373.57	4067.99
-3.88	-5.25	1372.68	4078.5
-3.88	-5.25	1371.78	4133.88
-3.88	-5.25	1370.89	4071.47
-3.88	-5.25	1370.0	3955.81
-3.88	-5.25	1369.11	4053.23
-3.88	-5.25	1368.22	4145.01
-3.88	-5.25	1367.33	4130.27
-3.88	-5.25	1366.43	4070.72
-3.88	-5.25	1365.54	4050.4
-3.88	-5.25	1364.65	4307.35
-3.88	-5.25	1363.76	4183.39
-3.88	-5.25	1362.86	4165.87
-3.88	-5.25	1361.97	4204.33
-3.88	-5.25	1361.08	4360.32
-3.88	-5.25	1360.18	4342.77
-3.88	-5.25	1359.29	4383.97
-3.88	-5.25	1358.4	4478.31
-3.88	-5.25	1357.5	4690.08
-3.88	-5.25	1356.61	4708.84
-3.88	-5.25	1355.71	4624.14
-3.88	-5.25	1354.82	4684.83
-3.88	-5.25	1353.92	4921.57
-3.88	-5.25	1353.03	5085.57
-3.88	-5.25	1352.13	5053.95
-3.88	-5.25	1351.24	5030.72
-3.88	-5.25	1350.34	4971.19
-3.88	-5.25	1349.45	5204.88
-3.88	-5.25	1348.55	5022.5
-3.88	-5.25	1347.66	4879.26
-3.88	-5.25	1346.76	4967.72
-3.88	-5.25	1345.87	5176.12
-3.88	-5.25	1344.97	4946.45
-3.88	-5.25	1344.07	4920.48
-3.88	-5.25	1343.18	4980.98
-3.88	-5.25	1342.28	5119.53
-3.88	-5.25	1341.38	5087.96
-3.88	-5.25	1340.49	5117.74
-3.88	-5.25	1339.59	4988.64
-3.88	-5.25	1338.69	5182.82
-3.88	-5.25	1337.8	4964.61
-3.88	-5.25	1336.9	5025.02
-3.88	-5.25	1336.0	5180.1
-3.88	-5.25	1335.1	5237.67
-3.88	-5.25	1334.2	5395.44
-3.88	-5.25	1333.31	5405.63
-3.88	-5.25	1332.41	5337.9
-3.88	-5.25	1331.51	5810.0
-3.88	-5.25	1330.61	5895.23
-3.88	-5.25	1329.71	6169.57
-3.88	-5.25	1328.81	6243.58
-3.88	-5.25	1327.91	6623.43
-3.88	-5.25	1327.02	6989.25
-3.88	-5.25	1326.12	7268.77
-3.88	-5.25	1325.22	7328.64
-3.88	-5.25	1324.32	7855.31
-3.88	-5.25	1323.42	8231.76
-3.88	-5.25	1322.52	8230.32
-3.88	-5.25	1321.62	8278.87
-3.88	-5.25	1320.72	8488.45
-3.88	-5.25	1319.82	8645.21
-3.88	-5.25	1318.91	8477.15
-3.88	-5.25	1318.01	8103.78
-3.88	-5.25	1317.11	8191.15
-3.88	-5.25	1316.21	7976.1
-3.88	-5.25	1315.31	8005.21
-3.88	-5.25	1314.41	7524.03
-3.88	-5.25	1313.51	7547.66
-3.88	-5.25	1312.61	7357.82
-3.88	-5.25	1311.7	7378.71
-3.88	-5.25	1310.8	7050.39
-3.88	-5.25	1309.9	7015.9
-3.88	-5.25	1309.0	7045.15
-3.88	-5.25	1308.09	7129.78
-3.88	-5.25	1307.19	7081.45
-3.88	-5.25	1306.29	7008.22
-3.88	-5.25	1305.39	7162.02
-3.88	-5.25	1304.48	7587.04
-3.88	-5.25	1303.58	7524.82
-3.88	-5.25	1302.68	7722.73
-3.88	-5.25	1301.77	8161.25
-3.88	-5.25	1300.87	8453.02
-3.88	-5.25	1299.96	8880.2
-3.88	-5.25	1299.06	8875.87
-3.88	-5.25	1298.16	9330.47
-3.88	-5.25	1297.25	9760.04
-3.88	-5.25	1296.35	9868.87
-3.88	-5.25	1295.44	9908.58
-3.88	-5.25	1294.54	10136.1
-3.88	-5.25	1293.63	10123.3
-3.88	-5.25	1292.73	10049.7
-3.88	-5.25	1291.82	9893.35
-3.88	-5.25	1290.92	9891.61
-3.88	-5.25	1290.01	9704.94
-3.88	-5.25	1289.1	9405.18
-3.88	-5.25	1288.2	9213.14
-3.88	-5.25	1287.29	9148.07
-3.88	-5.25	1286.39	8895.46
-3.88	-5.25	1285.48	8325.8
-3.88	-5.25	1284.57	8073.42
-3.88	-5.25	1283.67	7856.97
-3.88	-5.25	1282.76	7681.94
-3.88	-5.25	1281.85	7393.98
-3.88	-5.25	1280.94	6893.96
-3.88	-5.25	1280.04	6446.45
-3.88	-5.25	1279.13	6770.34
-3.88	-5.25	1278.22	6312.0
-3.88	-5.25	1277.31	5870.34
-3.88	-5.25	1276.41	5693.12
-3.88	-5.25	1275.5	5615.05
-3.88	-5.25	1274.59	5586.54
-3.88	-5.25	1273.68	5538.78
-3.88	-5.25	1272.77	5370.0
-3.88	-5.25	1271.86	5498.33
-3.88	-5.25	1270.95	5568.87
-3.88	-5.25	1270.04	5543.14
-3.88	-5.25	1269.13	5500.93
-3.88	-5.25	1268.23	5725.35
-3.88	-5.25	1267.32	5776.56
-3.88	-5.25	1266.41	5811.26
-3.88	-5.25	1265.5	5826.72
-3.88	-5.25	1264.59	5844.92
-3.88	-5.25	1263.67	6088.3
-3.88	-5.25	1262.76	5782.46
-3.88	-5.25	1261.85	5740.26
-3.88	-5.25	1260.94	5602.02
-3.88	-5.25	1260.03	5633.96
-3.88	-5.25	1259.12	5473.83
-3.88	-5.25	1258.21	5179.34
-3.88	-5.25	1257.3	5167.45
-3.88	-5.25	1256.39	5243.33
-3.88	-5.25	1255.47	5086.12
-3.88	-5.25	1254.56	4885.11
-3.88	-5.25	1253.65	4738.98
-3.88	-5.25	1252.74	4897.09
-3.88	-5.25	1251.83	4959.25
-3.88	-5.25	1250.91	4714.56
-3.88	-5.25	1250.0	4839.73
-3.88	-5.25	1249.09	4882.69
-3.88	-5.25	1248.17	4950.28
-3.88	-5.25	1247.26	4848.12
-3.88	-5.25	1246.35	5093.6
-3.88	-5.25	1245.43	5254.16
-3.88	-5.25	1244.52	5313.42
-3.88	-5.25	1243.61	5378.14
-3.88	-5.25	1242.69	5306.08
-3.88	-5.25	1241.78	5469.22
-3.88	-5.25	1240.86	5831.9
-3.88	-5.25	1239.95	5546.57
-3.88	-5.25	1239.03	5657.65
-3.88	-5.25	1238.12	5774.16
-3.88	-5.25	1237.2	5745.82
-3.88	-5.25	1236.29	5649.2
-3.88	-5.25	1235.37	5566.27
-3.88	-5.25	1234.46	5693.63
-3.88	-5.25	1233.54	5485.13
-3.88	-5.25	1232.63	5309.45
-3.88	-5.25	1231.71	5215.72
-3.88	-5.25	1230.8	5132.94
-3.88	-5.25	1229.88	5044.72
-3.88	-5.25	1228.96	4651.02
-3.88	-5.25	1228.05	4606.56
-3.88	-5.25	1227.13	4480.31
-3.88	-5.25	1226.21	4435.9
-3.88	-5.25	1225.3	4268.83
-3.88	-5.25	1224.38	4213.57
-3.88	-5.25	1223.46	4169.23
-3.88	-5.25	1222.54	4310.17
-3.88	-5.25	1221.63	4080.59
-3.88	-5.25	1220.71	3916.46
-3.88	-5.25	1219.79	4166.29
-3.88	-5.25	1218.87	4168.27
-3.88	-5.25	1217.95	3979.71
-3.88	-5.25	1217.03	3886.48
-3.88	-5.25	1216.12	4283.08
-3.88	-5.25	1215.2	4181.66
-3.88	-5.25	1214.28	4322.37
-3.88	-5.25	1213.36	4212.82
-3.88	-5.25	1212.44	4426.89
-3.88	-5.25	1211.52	4477.76
-3.88	-5.25	1210.6	4558.52
-3.88	-5.25	1209.68	4454.44
-3.88	-5.25	1208.76	4404.74
-3.88	-5.25	1207.84	4526.22
-3.88	-5.25	1206.92	4435.78
-3.88	-5.25	1206.0	4247.6
-3.88	-5.25	1205.08	4235.99
-3.88	-5.25	1204.16	4308.55
-3.88	-5.25	1203.24	4245.35
-3.88	-5.25	1202.31	4032.92
-3.88	-5.25	1201.39	4254.71
-3.88	-5.25	1200.47	4256.67
-3.88	-5.25	1199.55	4367.13
-3.88	-5.25	1198.63	4252.45
-3.88	-5.25	1197.71	4259.83
-3.88	-5.25	1196.78	4478.68
-3.88	-5.25	1195.86	4420.96
-3.88	-5.25	1194.94	4300.94
-3.88	-5.25	1194.02	4283.92
-3.88	-5.25	1193.09	4185.63
-3.88	-5.25	1192.17	4287.82
-3.88	-5.25	1191.25	4097.49
-3.88	-5.25	1190.32	4085.93
-3.88	-5.25	1189.4	3974.22
-3.88	-5.25	1188.48	4016.82
-3.88	-5.25	1187.55	3880.8
-3.88	-5.25	1186.63	3874.7
-3.88	-5.25	1185.71	3855.08
-3.88	-5.25	1184.78	3900.38
-3.88	-5.25	1183.86	3734.72
-3.88	-5.25	1182.93	3655.65
-3.88	-5.25	1182.01	3846.94
-3.88	-5.25	1181.08	3824.64
-3.88	-5.25	1180.16	3891.52
-3.88	-5.25	1179.23	3890.83
-3.88	-5.25	1178.31	3919.86
-3.88	-5.25	1177.38	3919.17
-3.88	-5.25	1176.46	3872.56
-3.88	-5.25	1175.53	3898.88
-3.88	-5.25	1174.6	4141.15
-3.88	-5.25	1173.68	4121.52
-3.88	-5.25	1172.75	4253.02
-3.88	-5.25	1171.82	4419.56
-3.88	-5.25	1170.9	4553.66
-3.88	-5.25	1169.97	4453.05
-3.88	-5.25	1169.04	4735.42
-3.88	-5.25	1168.12	4718.4
-3.88	-5.25	1167.19	4981.75
-3.88	-5.25	1166.26	4988.95
-3.88	-5.25	1165.33	4909.92
-3.88	-5.25	1164.41	4806.67
-3.88	-5.25	1163.48	4964.75
-3.88	-5.25	1162.55	5033.9
-3.88	-5.25	1161.62	4763.72
-3.88	-5.25	1160.69	4674.02
-3.88	-5.25	1159.76	4748.57
-3.88	-5.25	1158.84	4998.03
-3.88	-5.25	1157.91	4919.11
-3.88	-5.25	1156.98	4834.83
-3.88	-5.25	1156.05	5121.81
-3.88	-5.25	1155.12	5069.8
-3.88	-5.25	1154.19	5189.9
-3.88	-5.25	1153.26	5215.87
-3.88	-5.25	1152.33	5462.25
-3.88	-5.25	1151.4	5437.09
-3.88	-5.25	1150.47	5387.76
-3.88	-5.25	1149.54	5491.59
-3.88	-5.25	1148.61	5442.26
-3.88	-5.25	1147.68	5355.35
-3.88	-5.25	1146.75	5338.29
-3.88	-5.25	1145.81	5235.32
-3.88	-5.25	1144.88	5290.76
-3.88	-5.25	1143.95	5383.76
-3.88	-5.25	1143.02	5264.73
-3.88	-5.25	1142.09	5373.8
-3.88	-5.25	1141.16	5568.66
-3.88	-5.25	1140.22	5527.44
-3.88	-5.25	1139.29	5464.79
-3.88	-5.25	1138.36	5477.22
-3.88	-5.25	1137.43	5634.4
-3.88	-5.25	1136.49	5668.24
-3.88	-5.25	1135.56	5549.33
-3.88	-5.25	1134.63	5411.71
-3.88	-5.25	1133.69	5394.68
-3.88	-5.25	1132.76	5235.71
-3.88	-5.25	1131.83	5017.89
-3.88	-5.25	1130.89	4792.12
-3.88	-5.25	1129.96	4764.5
-3.88	-5.25	1129.02	4584.35
-3.88	-5.25	1128.09	4372.15
-3.88	-5.25	1127.16	4301.82
-3.88	-5.25	1126.22	4194.06
-3.88	-5.25	1125.29	4056.93
-3.88	-5.25	1124.35	4090.97
-3.88	-5.25	1123.42	3742.7
-3.88	-5.25	1122.48	3859.64
-3.88	-5.25	1121.55	3741.37
-3.88	-5.25	1120.61	3406.71
-3.88	-5.25	1119.67	3395.42
-3.88	-5.25	1118.74	3547.06
-3.88	-5.25	1117.8	3479.67
-3.88	-5.25	1116.87	3318.85
-3.88	-5.25	1115.93	3147.41
-3.88	-5.25	1114.99	3160.19
-3.88	-5.25	1114.06	3196.99
-3.88	-5.25	1113.12	3009.65
-3.88	-5.25	1112.18	3038.46
-3.88	-5.25	1111.24	3093.93
-3.88	-5.25	1110.31	3000.05
-3.88	-5.25	1109.37	2922.19
-3.88	-5.25	1108.43	2913.68
-3.88	-5.25	1107.49	2931.81
-3.88	-5.25	1106.55	2862.01
-3.88	-5.25	1105.62	2941.43
-3.88	-5.25	1104.68	2924.92
-3.88	-5.25	1103.74	2900.43
-3.88	-5.25	1102.8	2889.26
-3.88	-5.25	1101.86	2851.47
-3.88	-5.25	1100.92	2909.53
-3.88	-5.25	1099.98	2988.86
-3.88	-5.25	1099.04	2959.05
-3.88	-5.25	1098.1	2769.63
-3.88	-5.25	1097.16	2846.28
-3.88	-5.25	1096.22	2944.17
-3.88	-5.25	1095.28	2877.17
-3.88	-5.25	1094.34	2754.36
-3.88	-5.25	1093.4	2756.53
-3.88	-5.25	1092.46	2843.74
-3.88	-5.25	1091.52	2845.89
-3.88	-5.25	1090.58	2826.79
-3.88	-5.25	1089.64	2680.19
-3.88	-5.25	1088.7	2881.55
-3.88	-5.25	1087.76	2910.25
-3.88	-5.25	1086.81	2856.63
-3.88	-5.25	1085.87	2797.72
-3.88	-5.25	1084.93	2866.23
-3.88	-5.25	1083.99	2886.94
-3.88	-5.25	1083.05	2851.94
-3.88	-5.25	1082.1	2885.91
-3.88	-5.25	1081.16	2919.88
-3.88	-5.25	1080.22	2805.34
-3.88	-5.25	1079.28	2910.88
-3.88	-5.25	1078.33	2883.86
-3.88	-5.25	1077.39	2803.84
-3.88	-5.25	1076.45	2808.64
-3.88	-5.25	1075.5	2683.62
-3.88	-5.25	1074.56	2855.31
-3.88	-5.25	1073.61	2730.34
-3.88	-5.25	1072.67	2695.43
-3.88	-5.25	1071.73	2710.83
-3.88	-5.25	1070.78	2675.94
-3.88	-5.25	1069.84	2762.79
-3.88	-5.25	1068.89	2709.38
-3.88	-5.25	1067.95	2698.31
-3.88	-5.25	1067.0	2761.31
-3.88	-5.25	1066.06	2744.95
-3.88	-5.25	1065.11	2773.54
-3.88	-5.25	1064.16	2630.3
-3.88	-5.25	1063.22	2687.98
-3.88	-5.25	1062.27	2684.85
-3.88	-5.25	1061.33	2663.24
-3.88	-5.25	1060.38	2668.05
-3.88	-5.25	1059.43	2635.87
-3.88	-5.25	1058.49	2725.19
-3.88	-5.25	1057.54	2566.29
-3.88	-5.25	1056.59	2520.95
-3.88	-5.25	1055.65	2618.16
-3.88	-5.25	1054.7	2625.6
-3.88	-5.25	1053.75	2466.84
-3.88	-5.25	1052.8	2571.91
-3.88	-5.25	1051.85	2566.17
-3.88	-5.25	1050.91	2578.9
-3.88	-5.25	1049.96	2470.35
-3.88	-5.25	1049.01	2628.06
-3.88	-5.25	1048.06	2519.54
-3.88	-5.25	1047.11	2640.3
-3.88	-5.25	1046.16	2687.25
-3.88	-5.25	1045.21	2473.41
-3.88	-5.25	1044.27	2686.29
-3.88	-5.25	1043.32	2677.91
-3.88	-5.25	1042.37	2637.94
-3.88	-5.25	1041.42	2774.34
-3.88	-5.25	1040.47	2742.26
-3.88	-5.25	1039.52	2699.67
-3.88	-5.25	1038.57	2738.65
-3.88	-5.25	1037.62	2693.45
-3.88	-5.25	1036.67	2882.31
-3.88	-5.25	1035.71	2884.43
-3.88	-5.25	1034.76	2676.23
-3.88	-5.25	1033.81	2675.75
-3.88	-5.25	1032.86	2885.51
-3.88	-5.25	1031.91	2900.76
-3.88	-5.25	1030.96	2768.88
-3.88	-5.25	1030.01	2826.17
-3.88	-5.25	1029.05	2883.44
-3.88	-5.25	1028.1	2796.28
-3.88	-5.25	1027.15	2856.16
-3.88	-5.25	1026.2	2790.03
-3.88	-5.25	1025.24	2878.75
-3.88	-5.25	1024.29	2841.5
-3.88	-5.25	1023.34	2762.3
-3.88	-5.25	1022.39	2900.81
-3.88	-5.25	1021.43	2989.45
-3.88	-5.25	1020.48	2857.82
-3.88	-5.25	1019.52	2846.82
-3.88	-5.25	1018.57	2888.25
-3.88	-5.25	1017.62	2961.1
-3.88	-5.25	1016.66	3015.59
-3.88	-5.25	1015.71	2949.57
-3.88	-5.25	1014.75	3056.42
-3.88	-5.25	1013.8	3144.9
-3.88	-5.25	1012.84	3126.01
-3.88	-5.25	1011.89	3122.83
-3.88	-5.25	1010.93	3224.34
-3.88	-5.25	1009.98	3414.78
-3.88	-5.25	1009.02	3333.07
-3.88	-5.25	1008.07	3447.56
-3.88	-5.25	1007.11	3478.33
-3.88	-5.25	1006.16	3503.85
-3.88	-5.25	1005.2	3534.6
-3.88	-5.25	1004.24	3533.96
-3.88	-5.25	1003.29	3603.89
-3.88	-5.25	1002.33	3543.15
-3.88	-5.25	1001.37	3451.07
-3.88	-5.25	1000.41	3455.68
-3.88	-5.25	999.4580000000001	3562.13
-3.88	-5.25	998.5	3579.77
-3.88	-5.25	997.543	3336.34
-3.88	-5.25	996.585	3385.34
-3.88	-5.25	995.627	3452.58
-3.88	-5.25	994.669	3371.07
-3.88	-5.25	993.71	3255.69
-3.88	-5.25	992.752	3239.45
-3.88	-5.25	991.793	3298.85
-3.88	-5.25	990.834	3287.83
-3.88	-5.25	989.875	3070.87
-3.88	-5.25	988.916	3112.02
-3.88	-5.25	987.957	3171.4
-3.88	-5.25	986.997	2970.21
-3.88	-5.25	986.0369999999999	2894.13
-3.88	-5.25	985.078	2888.4
-3.88	-5.25	984.118	3044.12
-3.88	-5.25	983.1569999999999	2949.85
-3.88	-5.25	982.197	2938.91
-3.88	-5.25	981.2360000000001	2959.2
-3.88	-5.25	980.2760000000001	2961.27
-3.88	-5.25	979.315	2929.52
-3.88	-5.25	978.3539999999999	2749.51
-3.88	-5.25	977.3919999999999	2785.42
-3.88	-5.25	976.431	2855.13
-3.88	-5.25	975.4689999999999	2719.43
-3.88	-5.25	974.508	2817.71
-3.88	-5.25	973.546	2861.39
-3.88	-5.25	972.584	2910.24
-3.88	-5.25	971.6210000000001	2761.64
-3.88	-5.25	970.659	2701.4
-3.88	-5.25	969.696	2913.87
-3.88	-5.25	968.7330000000001	2921.13
-3.88	-5.25	967.77	2962.15
-3.88	-5.25	966.807	2860.38
-3.88	-5.25	965.8439999999999	2945.51
-3.88	-5.25	964.88	2965.74
-3.88	-5.25	963.9169999999999	2949.64
-3.88	-5.25	962.953	2988.01
-3.88	-5.25	961.9889999999999	3171.6
-3.88	-5.25	961.025	3261.78
-3.88	-5.25	960.06	3165.27
-3.88	-5.25	959.096	3252.83
-3.88	-5.25	958.1310000000001	3319.62
-3.88	-5.25	957.166	3326.8
-3.88	-5.25	956.201	3232.94
-3.88	-5.25	955.2360000000001	3328.19
-3.88	-5.25	954.27	3280.98
-3.88	-5.25	953.305	3083.61
-3.88	-5.25	952.3389999999999	3039.05
-3.88	-5.25	951.373	3087.68
-3.88	-5.25	950.4069999999999	3105.24
-3.88	-5.25	949.441	3032.24
-3.88	-5.25	948.4739999999999	2977.37
-3.88	-5.25	947.508	3095.8
-3.88	-5.25	946.541	3103.0
-3.88	-5.25	945.574	2960.25
-3.88	-5.25	944.607	3003.66
-3.88	-5.25	943.6389999999999	2990.19
-3.88	-5.25	942.672	3093.01
-3.88	-5.25	941.704	3035.62
-3.88	-5.25	940.7360000000001	3089.32
-3.88	-5.25	939.768	3171.4
-3.88	-5.25	938.8	3209.56
-3.88	-5.25	937.832	3201.24
-3.88	-5.25	936.863	3314.23
-3.88	-5.25	935.8939999999999	3483.96
-3.88	-5.25	934.926	3524.62
-3.88	-5.25	933.956	3480.13
-3.88	-5.25	932.987	3564.62
-3.88	-5.25	932.018	3618.13
-3.88	-5.25	931.048	3560.75
-3.88	-5.25	930.078	3436.37
-3.88	-5.25	929.1080000000001	3590.4
-3.88	-5.25	928.138	3582.02
-3.88	-5.25	927.168	3398.44
-3.88	-5.25	926.198	3354.03
-3.88	-5.25	925.227	3441.0
-3.88	-5.25	924.2560000000001	3412.05
-3.88	-5.25	923.285	3218.34
-3.88	-5.25	922.314	3161.12
-3.88	-5.25	921.3430000000001	3312.4
-3.88	-5.25	920.3710000000001	3216.59
-3.88	-5.25	919.3989999999999	3095.09
-3.88	-5.25	918.427	3200.0
-3.88	-5.25	917.455	3199.42
-3.88	-5.25	916.4830000000001	3242.56
-3.88	-5.25	915.5110000000001	3162.27
-3.88	-5.25	914.538	3069.16
-3.88	-5.25	913.565	3225.38
-3.88	-5.25	912.5930000000001	3137.43
-3.88	-5.25	911.6189999999999	3075.21
-3.88	-5.25	910.6460000000001	2997.59
-3.88	-5.25	909.673	3097.21
-3.88	-5.25	908.699	3153.14
-3.88	-5.25	907.725	3037.05
-3.88	-5.25	906.7510000000001	3067.3
-3.88	-5.25	905.7769999999999	3000.02
-3.88	-5.25	904.803	2922.5
-3.88	-5.25	903.828	2829.62
-3.88	-5.25	902.8539999999999	2875.28
-3.88	-5.25	901.8789999999999	2913.23
-3.88	-5.25	900.904	2763.99
-3.88	-5.25	899.928	2809.63
-3.88	-5.25	898.953	2852.7
-3.88	-5.25	897.977	2777.86
-3.88	-5.25	897.002	2854.23
-3.88	-5.25	896.0260000000001	2725.63
-3.88	-5.25	895.05	2778.92
-3.88	-5.25	894.073	2798.9
-3.88	-5.25	893.097	2726.71
-3.88	-5.25	892.12	2782.53
-3.88	-5.25	891.1439999999999	2871.61
-3.88	-5.25	890.1669999999999	2804.55
-3.88	-5.25	889.189	2824.51
-3.88	-5.25	888.212	2880.28
-3.88	-5.25	887.235	2964.16
-3.88	-5.25	886.257	2815.31
-3.88	-5.25	885.279	2865.93
-3.88	-5.25	884.301	2775.95
-3.88	-5.25	883.323	2923.68
-3.88	-5.25	882.3439999999999	2907.82
-3.88	-5.25	881.3660000000001	2853.64
-3.88	-5.25	880.387	2927.2
-3.88	-5.25	879.408	2814.3
-3.88	-5.25	878.429	2895.5
-3.88	-5.25	877.45	2769.88
-3.88	-5.25	876.47	2876.58
-3.88	-5.25	875.4910000000001	2794.4
-3.88	-5.25	874.5110000000001	2770.93
-3.88	-5.25	873.5310000000001	2818.9
-3.88	-5.25	872.551	2775.03
-3.88	-5.25	871.57	2812.77
-3.88	-5.25	870.59	2697.53
-3.88	-5.25	869.6089999999999	2727.63
-3.88	-5.25	868.628	2839.28
-3.88	-5.25	867.6469999999999	2754.67
-3.88	-5.25	866.666	2741.44
-3.88	-5.25	865.684	2684.9
-3.88	-5.25	864.703	2735.35
-3.88	-5.25	863.721	2778.14
-3.88	-5.25	862.7389999999999	2826.01
-3.88	-5.25	861.757	2792.41
-3.88	-5.25	860.775	2753.73
-3.88	-5.25	859.7919999999999	2781.22
-3.88	-5.25	858.81	2803.61
-3.88	-5.25	857.827	2775.12
-3.88	-5.25	856.8439999999999	2764.45
-3.88	-5.25	855.86	2669.86
-3.88	-5.25	854.877	2753.27
-3.88	-5.25	853.8939999999999	2790.9
-3.88	-5.25	852.91	2734.49
-3.88	-5.25	851.926	2716.2
-3.88	-5.25	850.942	2659.82
-3.88	-5.25	849.9580000000001	2824.44
-3.88	-5.25	848.9730000000001	2661.4
-3.88	-5.25	847.988	2632.98
-3.88	-5.25	847.0039999999999	2637.58
-3.88	-5.25	846.0189999999999	2741.17
-3.88	-5.25	845.034	2692.45
-3.88	-5.25	844.048	2620.92
-3.88	-5.25	843.063	2800.56
-3.88	-5.25	842.077	2698.6
-3.88	-5.25	841.091	2632.18
-3.88	-5.25	840.105	2669.73
-3.88	-5.25	839.1189999999999	2872.04
-3.88	-5.25	838.132	2841.1
-3.88	-5.25	837.1460000000001	2759.5
-3.88	-5.25	836.159	3027.55
-3.88	-5.25	835.172	3044.73
-3.88	-5.25	834.185	3094.83
-3.88	-5.25	833.198	3122.12
-3.88	-5.25	832.21	3286.11
-3.88	-5.25	831.222	3396.89
-3.88	-5.25	830.235	3376.02
-3.88	-5.25	829.247	3312.15
-3.88	-5.25	828.258	3486.11
-3.88	-5.25	827.27	3498.12
-3.88	-5.25	826.2810000000001	3457.03
-3.88	-5.25	825.293	3438.7
-3.88	-5.25	824.304	3443.13
-3.88	-5.25	823.315	3498.11
-3.88	-5.25	822.325	3323.1
-3.88	-5.25	821.336	3304.81
-3.88	-5.25	820.346	3266.32
-3.88	-5.25	819.3560000000001	3255.62
-3.88	-5.25	818.3660000000001	3090.89
-3.88	-5.25	817.3760000000001	3251.91
-3.88	-5.25	816.3860000000001	3165.5
-3.88	-5.25	815.395	3036.2
-3.88	-5.25	814.405	2917.05
-3.88	-5.25	813.414	2941.75
-3.88	-5.25	812.423	2979.05
-3.88	-5.25	811.431	2723.79
-3.88	-5.25	810.44	2904.84
-3.88	-5.25	809.448	2934.57
-3.88	-5.25	808.456	2989.49
-3.88	-5.25	807.4639999999999	2920.9
-3.88	-5.25	806.472	2988.4
-3.88	-5.25	805.48	3081.07
-3.88	-5.25	804.487	3198.89
-3.88	-5.25	803.495	3059.8
-3.88	-5.25	802.502	3222.91
-3.88	-5.25	801.5089999999999	3219.8
-3.88	-5.25	800.5160000000001	3141.19
-3.88	-5.25	799.5219999999999	3002.21
-3.88	-5.25	798.528	3031.85
-3.88	-5.25	797.535	3041.36
-3.88	-5.25	796.541	2907.51
-3.88	-5.25	795.547	2823.99
-3.88	-5.25	794.552	2838.56
-3.88	-5.25	793.558	2903.41
-3.88	-5.25	792.563	2948.12
-3.88	-5.25	791.568	2932.5
-3.88	-5.25	790.573	2982.21
-3.88	-5.25	789.578	3064.57
-3.88	-5.25	788.582	2978.62
-3.88	-5.25	787.587	3005.69
-3.88	-5.25	786.591	3077.95
-3.88	-5.25	785.595	2974.48
-3.88	-5.25	784.5989999999999	2903.67
-3.88	-5.25	783.602	2925.72
-3.88	-5.25	782.6060000000001	2967.83
-3.88	-5.25	781.6089999999999	2924.65
-3.88	-5.25	780.612	2831.33
-3.88	-5.25	779.615	2893.5
-3.88	-5.25	778.618	2877.93
-3.88	-5.25	777.6210000000001	2960.12
-3.88	-5.25	776.623	2841.79
-3.88	-5.25	775.625	2913.94
-3.88	-5.25	774.627	2853.28
-3.88	-5.25	773.6289999999999	2667.42
-3.88	-5.25	772.6310000000001	2757.08
-3.88	-5.25	771.632	2749.07
-3.88	-5.25	770.6339999999999	2758.58
-3.88	-5.25	769.635	2723.04
-3.88	-5.25	768.6360000000001	2707.53
-3.88	-5.25	767.6360000000001	2824.62
-3.88	-5.25	766.637	2769.07
-3.88	-5.25	765.637	2813.59
-3.88	-5.25	764.637	2820.57
-3.88	-5.25	763.638	2795.06
-3.88	-5.25	762.637	2674.57
-3.88	-5.25	761.637	2756.55
-3.88	-5.25	760.6360000000001	2738.56
-3.88	-5.25	759.6360000000001	2643.12
-3.88	-5.25	758.635	2677.61
-3.88	-5.25	757.6339999999999	2804.48
-3.88	-5.25	756.633	2783.99
-3.88	-5.25	755.6310000000001	2726.07
-3.88	-5.25	754.6289999999999	2675.65
-3.88	-5.25	753.628	2789.96
-3.88	-5.25	752.6260000000001	2946.63
-3.88	-5.25	751.623	2811.39
-3.88	-5.25	750.6210000000001	2760.99
-3.88	-5.25	749.6189999999999	2862.73
-3.88	-5.25	748.6160000000001	2757.49
-3.88	-5.25	747.613	2742.03
-3.88	-5.25	746.61	2786.39
-3.88	-5.25	745.607	2753.48
-3.88	-5.25	744.6030000000001	2625.92
-3.88	-5.25	743.5989999999999	2568.15
-3.88	-5.25	742.596	2654.85
-3.88	-5.25	741.592	2696.69
-3.88	-5.25	740.587	2643.92
-3.88	-5.25	739.5830000000001	2695.7
-3.88	-5.25	738.579	2759.92
-3.88	-5.25	737.574	2697.21
-3.88	-5.25	736.569	2569.84
-3.88	-5.25	735.564	2671.35
-3.88	-5.25	734.558	2641.02
-3.88	-5.25	733.553	2598.26
-3.88	-5.25	732.547	2453.6
-3.88	-5.25	731.541	2671.88
-3.88	-5.25	730.535	2658.96
-3.88	-5.25	729.529	2564.06
-3.88	-5.25	728.523	2645.57
-3.88	-5.25	727.5160000000001	2657.5
-3.88	-5.25	726.5089999999999	2654.53
-3.88	-5.25	725.503	2609.36
-3.88	-5.25	724.495	2636.18
-3.88	-5.25	723.488	2739.94
-3.88	-5.25	722.4810000000001	2808.91
-3.88	-5.25	721.4730000000001	2748.86
-3.88	-5.25	720.465	2840.13
-3.88	-5.25	719.457	2859.45
-3.88	-5.25	718.449	2804.38
-3.88	-5.25	717.44	2640.24
-3.88	-5.25	716.432	2684.37
-3.88	-5.25	715.423	2624.41
-3.88	-5.25	714.414	2589.24
-3.88	-5.25	713.405	2464.9
-3.88	-5.25	712.395	2613.06
-3.88	-5.25	711.3860000000001	2535.81
-3.88	-5.25	710.3760000000001	2426.4
-3.88	-5.25	709.3660000000001	2495.27
-3.88	-5.25	708.3560000000001	2618.57
-3.88	-5.25	707.346	2546.32
-3.88	-5.25	706.335	2585.44
-3.88	-5.25	705.325	2743.28
-3.88	-5.25	704.314	2861.49
-3.88	-5.25	703.303	2722.49
-3.88	-5.25	702.2919999999999	2872.8
-3.88	-5.25	701.28	2963.73
-3.88	-5.25	700.2689999999999	2938.48
-3.88	-5.25	699.257	2900.87
-3.88	-5.25	698.245	2986.81
-3.88	-5.25	697.2330000000001	3136.93
-3.88	-5.25	696.22	2884.46
-3.88	-5.25	695.2080000000001	2743.19
-3.88	-5.25	694.195	2848.84
-3.88	-5.25	693.182	2850.79
-3.88	-5.25	692.169	2721.94
-3.88	-5.25	691.1560000000001	2640.02
-3.88	-5.25	690.143	2679.0
-3.88	-5.25	689.1289999999999	2715.51
-3.88	-5.25	688.115	2552.26
-3.88	-5.25	687.1010000000001	2628.22
-3.88	-5.25	686.087	2573.5
-3.88	-5.25	685.073	2474.45
-3.88	-5.25	684.058	2419.78
-3.88	-5.25	683.043	2535.13
-3.88	-5.25	682.028	2542.05
-3.88	-5.25	681.013	2487.41
-3.88	-5.25	679.998	2496.8
-3.88	-5.25	678.9830000000001	2562.81
-3.88	-5.25	677.967	2500.8
-3.88	-5.25	676.951	2458.51
-3.88	-5.25	675.935	2450.67
-3.88	-5.25	674.919	2553.55
-3.88	-5.25	673.9019999999999	2567.84
-3.88	-5.25	672.8860000000001	2545.23
-3.88	-5.25	671.8689999999999	2591.48
-3.88	-5.25	670.852	2603.29
-3.88	-5.25	669.835	2514.33
-3.88	-5.25	668.817	2563.02
-3.88	-5.25	667.8	2776.3
-3.88	-5.25	666.7819999999999	2763.5
-3.88	-5.25	665.7639999999999	2564.06
-3.88	-5.25	664.7460000000001	2529.21
-3.88	-5.25	663.7280000000001	2749.7
-3.88	-5.25	662.709	2636.28
-3.88	-5.25	661.691	2706.97
-3.88	-5.25	660.672	2829.16
-3.88	-5.25	659.653	2767.31
-3.88	-5.25	658.6339999999999	2717.74
-3.88	-5.25	657.6139999999999	2628.96
-3.88	-5.25	656.595	2736.36
-3.88	-5.25	655.575	2654.95
-3.88	-5.25	654.555	2615.25
-3.88	-5.25	653.535	2690.74
-3.88	-5.25	652.514	2785.8
-3.88	-5.25	651.494	2706.89
-3.88	-5.25	650.4730000000001	2774.97
-3.88	-5.25	649.452	2811.19
-3.88	-5.25	648.431	2901.26
-3.88	-5.25	647.41	2680.42
-3.88	-5.25	646.388	2770.48
-3.88	-5.25	645.366	2774.86
-3.88	-5.25	644.345	2820.84
-3.88	-5.25	643.323	2619.74
-3.88	-5.25	642.3	2739.09
-3.88	-5.25	641.278	2697.02
-3.88	-5.25	640.255	2610.96
-3.88	-5.25	639.232	2603.14
-3.88	-5.25	638.2090000000001	2639.32
-3.88	-5.25	637.186	2739.01
-3.88	-5.25	636.163	2638.35
-3.88	-5.25	635.139	2542.61
-3.88	-5.25	634.116	2659.35
-3.88	-5.25	633.092	2592.94
-3.88	-5.25	632.068	2477.73
-3.88	-5.25	631.043	2635.92
-3.88	-5.25	630.019	2684.24
-3.88	-5.25	628.994	2542.23
-3.88	-5.25	627.969	2492.98
-3.88	-5.25	626.944	2648.61
-3.88	-5.25	625.919	2545.7
-3.88	-5.25	624.893	2520.86
-3.88	-5.25	623.868	2510.64
-3.88	-5.25	622.842	2666.15
-3.88	-5.25	621.816	2475.6
-3.88	-5.25	620.79	2501.94
-3.88	-5.25	619.763	2469.82
-3.88	-5.25	618.737	2676.36
-3.88	-5.25	617.71	2537.08
-3.88	-5.25	616.683	2524.44
-3.88	-5.25	615.656	2633.5
-3.88	-5.25	614.629	2572.18
-3.88	-5.25	613.601	2496.28
-3.88	-5.25	612.573	2573.66
-3.88	-5.25	611.545	2655.88
-3.88	-5.25	610.5169999999999	2524.08
-3.88	-5.25	609.489	2513.88
-3.88	-5.25	608.461	2535.3
-3.88	-5.25	607.432	2622.32
-3.88	-5.25	606.403	2444.46
-3.88	-5.25	605.374	2485.3
-3.88	-5.25	604.345	2589.29
-3.88	-5.25	603.315	2486.81
-3.88	-5.25	602.286	2476.64
-3.88	-5.25	601.256	2400.93
-3.88	-5.25	600.226	2526.7
