-3.88	-9.25	1799.66	1418.12
-3.88	-9.25	1798.84	1396.49
-3.88	-9.25	1798.03	1481.8
-3.88	-9.25	1797.21	1539.59
-3.88	-9.25	1796.39	1374.4
-3.88	-9.25	1795.57	1471.89
-3.88	-9.25	1794.75	1358.67
-3.88	-9.25	1793.93	1471.39
-3.88	-9.25	1793.11	1410.1
-3.88	-9.25	1792.29	1504.46
-3.88	-9.25	1791.47	1376.06
-3.88	-9.25	1790.65	1494.8
-3.88	-9.25	1789.84	1485.4
-3.88	-9.25	1789.02	1466.85
-3.88	-9.25	1788.2	1399.52
-3.88	-9.25	1787.38	1429.77
-3.88	-9.25	1786.56	1429.53
-3.88	-9.25	1785.73	1447.57
-3.88	-9.25	1784.91	1538.74
-3.88	-9.25	1784.09	1459.27
-3.88	-9.25	1783.27	1419.43
-3.88	-9.25	1782.45	1461.82
-3.88	-9.25	1781.63	1434.17
-3.88	-9.25	1780.81	1503.95
-3.88	-9.25	1779.99	1476.3
-3.88	-9.25	1779.17	1476.05
-3.88	-9.25	1778.35	1448.42
-3.88	-9.25	1777.52	1487.72
-3.88	-9.25	1776.7	1405.34
-3.88	-9.25	1775.88	1453.77
-3.88	-9.25	1775.06	1505.21
-3.88	-9.25	1774.24	1520.16
-3.88	-9.25	1773.41	1443.91
-3.88	-9.25	1772.59	1477.1
-3.88	-9.25	1771.77	1510.27
-3.88	-9.25	1770.95	1488.75
-3.88	-9.25	1770.12	1552.29
-3.88	-9.25	1769.3	1445.72
-3.88	-9.25	1768.48	1454.59
-3.88	-9.25	1767.65	1524.18
-3.88	-9.25	1766.83	1557.31
-3.88	-9.25	1766.01	1450.82
-3.88	-9.25	1765.18	1565.89
-3.88	-9.25	1764.36	1547.42
-3.88	-9.25	1763.53	1522.89
-3.88	-9.25	1762.71	1528.7
-3.88	-9.25	1761.88	1470.82
-3.88	-9.25	1761.06	1455.41
-3.88	-9.25	1760.24	1537.01
-3.88	-9.25	1759.41	1515.54
-3.88	-9.25	1758.59	1524.37
-3.88	-9.25	1757.76	1490.78
-3.88	-9.25	1756.94	1623.83
-3.88	-9.25	1756.11	1623.56
-3.88	-9.25	1755.28	1571.8
-3.88	-9.25	1754.46	1565.47
-3.88	-9.25	1753.63	1456.22
-3.88	-9.25	1752.81	1607.32
-3.88	-9.25	1751.98	1516.25
-3.88	-9.25	1751.16	1615.85
-3.88	-9.25	1750.33	1458.26
-3.88	-9.25	1749.5	1545.73
-3.88	-9.25	1748.68	1581.76
-3.88	-9.25	1747.85	1605.69
-3.88	-9.25	1747.02	1445.18
-3.88	-9.25	1746.2	1583.98
-3.88	-9.25	1745.37	1623.01
-3.88	-9.25	1744.54	1601.58
-3.88	-9.25	1743.71	1522.75
-3.88	-9.25	1742.89	1555.72
-3.88	-9.25	1742.06	1588.68
-3.88	-9.25	1741.23	1639.75
-3.88	-9.25	1740.4	1603.24
-3.88	-9.25	1739.57	1572.78
-3.88	-9.25	1738.75	1614.77
-3.88	-9.25	1737.92	1647.69
-3.88	-9.25	1737.09	1695.69
-3.88	-9.25	1736.26	1632.05
-3.88	-9.25	1735.43	1589.54
-3.88	-9.25	1734.6	1685.78
-3.88	-9.25	1733.77	1619.16
-3.88	-9.25	1732.94	1703.29
-3.88	-9.25	1732.11	1546.27
-3.88	-9.25	1731.28	1594.22
-3.88	-9.25	1730.45	1693.39
-3.88	-9.25	1729.62	1750.34
-3.88	-9.25	1728.8	1653.65
-3.88	-9.25	1727.96	1641.33
-3.88	-9.25	1727.13	1668.15
-3.88	-9.25	1726.3	1694.96
-3.88	-9.25	1725.47	1595.34
-3.88	-9.25	1724.64	1712.44
-3.88	-9.25	1723.81	1769.32
-3.88	-9.25	1722.98	1666.73
-3.88	-9.25	1722.15	1660.43
-3.88	-9.25	1721.32	1684.21
-3.88	-9.25	1720.49	1578.68
-3.88	-9.25	1719.66	1755.8
-3.88	-9.25	1718.82	1710.41
-3.88	-9.25	1717.99	1758.2
-3.88	-9.25	1717.16	1637.71
-3.88	-9.25	1716.33	1571.33
-3.88	-9.25	1715.5	1724.27
-3.88	-9.25	1714.66	1645.88
-3.88	-9.25	1713.83	1681.64
-3.88	-9.25	1713.0	1777.43
-3.88	-9.25	1712.17	1810.15
-3.88	-9.25	1711.33	1803.84
-3.88	-9.25	1710.5	1716.51
-3.88	-9.25	1709.67	1755.22
-3.88	-9.25	1708.83	1700.92
-3.88	-9.25	1708.0	1760.62
-3.88	-9.25	1707.17	1787.31
-3.88	-9.25	1706.33	1724.04
-3.88	-9.25	1705.5	1693.77
-3.88	-9.25	1704.66	1735.45
-3.88	-9.25	1703.83	1861.02
-3.88	-9.25	1703.0	1737.85
-3.88	-9.25	1702.16	1785.49
-3.88	-9.25	1701.33	1800.16
-3.88	-9.25	1700.49	1814.83
-3.88	-9.25	1699.66	1853.45
-3.88	-9.25	1698.82	1754.34
-3.88	-9.25	1697.99	1760.03
-3.88	-9.25	1697.15	1831.55
-3.88	-9.25	1696.32	1915.02
-3.88	-9.25	1695.48	1893.75
-3.88	-9.25	1694.64	1806.69
-3.88	-9.25	1693.81	1821.33
-3.88	-9.25	1692.97	1928.67
-3.88	-9.25	1692.14	1922.36
-3.88	-9.25	1691.3	1826.38
-3.88	-9.25	1690.46	1876.88
-3.88	-9.25	1689.63	1918.39
-3.88	-9.25	1688.79	1909.1
-3.88	-9.25	1687.95	1902.8
-3.88	-9.25	1687.12	1854.69
-3.88	-9.25	1686.28	1917.09
-3.88	-9.25	1685.44	1955.57
-3.88	-9.25	1684.6	1997.03
-3.88	-9.25	1683.77	1916.11
-3.88	-9.25	1682.93	1871.02
-3.88	-9.25	1682.09	1891.59
-3.88	-9.25	1681.25	1912.14
-3.88	-9.25	1680.41	1858.13
-3.88	-9.25	1679.58	1923.42
-3.88	-9.25	1678.74	1875.39
-3.88	-9.25	1677.9	1937.67
-3.88	-9.25	1677.06	2056.56
-3.88	-9.25	1676.22	1951.91
-3.88	-9.25	1675.38	2032.03
-3.88	-9.25	1674.54	1957.2
-3.88	-9.25	1673.7	1968.78
-3.88	-9.25	1672.86	2004.18
-3.88	-9.25	1672.02	1908.56
-3.88	-9.25	1671.18	2068.99
-3.88	-9.25	1670.34	1997.21
-3.88	-9.25	1669.5	2104.0
-3.88	-9.25	1668.66	1990.57
-3.88	-9.25	1667.82	1963.46
-3.88	-9.25	1666.98	2055.33
-3.88	-9.25	1666.14	2063.9
-3.88	-9.25	1665.3	2105.18
-3.88	-9.25	1664.46	2069.15
-3.88	-9.25	1663.62	2157.97
-3.88	-9.25	1662.78	2157.6
-3.88	-9.25	1661.94	2222.6
-3.88	-9.25	1661.1	2213.31
-3.88	-9.25	1660.25	2183.23
-3.88	-9.25	1659.41	2242.25
-3.88	-9.25	1658.57	2212.18
-3.88	-9.25	1657.73	2265.24
-3.88	-9.25	1656.89	2178.77
-3.88	-9.25	1656.04	2249.63
-3.88	-9.25	1655.2	2412.44
-3.88	-9.25	1654.36	2379.4
-3.88	-9.25	1653.52	2292.97
-3.88	-9.25	1652.67	2245.12
-3.88	-9.25	1651.83	2446.38
-3.88	-9.25	1650.99	2428.17
-3.88	-9.25	1650.14	2418.87
-3.88	-9.25	1649.3	2504.4
-3.88	-9.25	1648.46	2459.53
-3.88	-9.25	1647.61	2524.29
-3.88	-9.25	1646.77	2556.44
-3.88	-9.25	1645.92	2393.11
-3.88	-9.25	1645.08	2594.07
-3.88	-9.25	1644.24	2640.99
-3.88	-9.25	1643.39	2658.3
-3.88	-9.25	1642.55	2598.66
-3.88	-9.25	1641.7	2672.19
-3.88	-9.25	1640.86	2627.36
-3.88	-9.25	1640.01	2629.86
-3.88	-9.25	1639.17	2629.41
-3.88	-9.25	1638.32	2631.92
-3.88	-9.25	1637.48	2776.35
-3.88	-9.25	1636.63	2861.61
-3.88	-9.25	1635.78	2799.05
-3.88	-9.25	1634.94	2736.51
-3.88	-9.25	1634.09	2777.41
-3.88	-9.25	1633.25	2874.42
-3.88	-9.25	1632.4	2873.93
-3.88	-9.25	1631.55	2808.47
-3.88	-9.25	1630.71	2929.05
-3.88	-9.25	1629.86	3043.68
-3.88	-9.25	1629.01	3223.21
-3.88	-9.25	1628.16	3092.81
-3.88	-9.25	1627.32	3053.92
-3.88	-9.25	1626.47	3203.86
-3.88	-9.25	1625.62	3170.86
-3.88	-9.25	1624.77	3267.64
-3.88	-9.25	1623.93	3205.16
-3.88	-9.25	1623.08	3269.47
-3.88	-9.25	1622.23	3242.38
-3.88	-9.25	1621.38	3312.56
-3.88	-9.25	1620.53	3264.85
-3.88	-9.25	1619.69	3340.89
-3.88	-9.25	1618.84	3399.23
-3.88	-9.25	1617.99	3428.1
-3.88	-9.25	1617.14	3442.23
-3.88	-9.25	1616.29	3338.6
-3.88	-9.25	1615.44	3276.21
-3.88	-9.25	1614.59	3419.86
-3.88	-9.25	1613.74	3498.73
-3.88	-9.25	1612.89	3554.03
-3.88	-9.25	1612.04	3400.46
-3.88	-9.25	1611.19	3485.17
-3.88	-9.25	1610.34	3496.33
-3.88	-9.25	1609.49	3560.41
-3.88	-9.25	1608.64	3415.77
-3.88	-9.25	1607.79	3500.41
-3.88	-9.25	1606.94	3493.94
-3.88	-9.25	1606.09	3522.72
-3.88	-9.25	1605.24	3392.86
-3.88	-9.25	1604.39	3518.57
-3.88	-9.25	1603.54	3758.77
-3.88	-9.25	1602.68	3702.34
-3.88	-9.25	1601.83	3463.93
-3.88	-9.25	1600.98	3436.92
-3.88	-9.25	1600.13	3588.92
-3.88	-9.25	1599.28	3494.42
-3.88	-9.25	1598.42	3628.76
-3.88	-9.25	1597.57	3487.35
-3.88	-9.25	1596.72	3451.57
-3.88	-9.25	1595.87	3682.6
-3.88	-9.25	1595.01	3561.78
-3.88	-9.25	1594.16	3443.93
-3.88	-9.25	1593.31	3630.89
-3.88	-9.25	1592.45	3539.44
-3.88	-9.25	1591.6	3735.11
-3.88	-9.25	1590.75	3687.6
-3.88	-9.25	1589.89	3602.04
-3.88	-9.25	1589.04	3671.7
-3.88	-9.25	1588.19	3735.47
-3.88	-9.25	1587.33	3644.1
-3.88	-9.25	1586.48	3643.47
-3.88	-9.25	1585.62	3584.32
-3.88	-9.25	1584.77	3762.16
-3.88	-9.25	1583.91	3802.47
-3.88	-9.25	1583.06	3775.49
-3.88	-9.25	1582.2	3763.15
-3.88	-9.25	1581.35	3718.65
-3.88	-9.25	1580.49	3779.4
-3.88	-9.25	1579.64	3664.77
-3.88	-9.25	1578.78	3573.56
-3.88	-9.25	1577.93	3476.54
-3.88	-9.25	1577.07	3607.39
-3.88	-9.25	1576.21	3416.94
-3.88	-9.25	1575.36	3480.59
-3.88	-9.25	1574.5	3631.8
-3.88	-9.25	1573.65	3642.85
-3.88	-9.25	1572.79	3665.58
-3.88	-9.25	1571.93	3530.72
-3.88	-9.25	1571.08	3398.83
-3.88	-9.25	1570.22	3500.34
-3.88	-9.25	1569.36	3566.82
-3.88	-9.25	1568.5	3522.46
-3.88	-9.25	1567.65	3483.96
-3.88	-9.25	1566.79	3605.79
-3.88	-9.25	1565.93	3782.95
-3.88	-9.25	1565.07	3642.43
-3.88	-9.25	1564.21	3429.12
-3.88	-9.25	1563.36	3504.27
-3.88	-9.25	1562.5	3544.44
-3.88	-9.25	1561.64	3712.72
-3.88	-9.25	1560.78	3578.16
-3.88	-9.25	1559.92	3656.14
-3.88	-9.25	1559.06	3591.48
-3.88	-9.25	1558.2	3733.45
-3.88	-9.25	1557.34	3747.35
-3.88	-9.25	1556.49	3662.35
-3.88	-9.25	1555.63	3495.94
-3.88	-9.25	1554.77	3521.51
-3.88	-9.25	1553.91	3625.57
-3.88	-9.25	1553.05	3476.69
-3.88	-9.25	1552.19	3438.31
-3.88	-9.25	1551.33	3577.21
-3.88	-9.25	1550.47	3463.28
-3.88	-9.25	1549.6	3451.06
-3.88	-9.25	1548.74	3276.2
-3.88	-9.25	1547.88	3522.47
-3.88	-9.25	1547.02	3542.19
-3.88	-9.25	1546.16	3463.2
-3.88	-9.25	1545.3	3355.22
-3.88	-9.25	1544.44	3491.03
-3.88	-9.25	1543.58	3600.68
-3.88	-9.25	1542.71	3582.66
-3.88	-9.25	1541.85	3529.83
-3.88	-9.25	1540.99	3442.23
-3.88	-9.25	1540.13	3728.68
-3.88	-9.25	1539.27	3600.48
-3.88	-9.25	1538.4	3515.81
-3.88	-9.25	1537.54	3593.45
-3.88	-9.25	1536.68	3697.14
-3.88	-9.25	1535.81	3771.82
-3.88	-9.25	1534.95	3762.48
-3.88	-9.25	1534.09	3666.27
-3.88	-9.25	1533.23	3613.52
-3.88	-9.25	1532.36	3780.8
-3.88	-9.25	1531.5	3901.72
-3.88	-9.25	1530.63	3741.88
-3.88	-9.25	1529.77	3663.11
-3.88	-9.25	1528.91	3963.34
-3.88	-9.25	1528.04	3835.39
-3.88	-9.25	1527.18	3831.84
-3.88	-9.25	1526.31	3744.44
-3.88	-9.25	1525.45	3740.9
-3.88	-9.25	1524.58	3858.76
-3.88	-9.25	1523.72	3745.39
-3.88	-9.25	1522.85	3724.52
-3.88	-9.25	1521.99	3657.43
-3.88	-9.25	1521.12	3645.24
-3.88	-9.25	1520.26	3682.16
-3.88	-9.25	1519.39	3592.01
-3.88	-9.25	1518.52	3576.96
-3.88	-9.25	1517.66	3561.91
-3.88	-9.25	1516.79	3587.27
-3.88	-9.25	1515.93	3459.69
-3.88	-9.25	1515.06	3424.47
-3.88	-9.25	1514.19	3383.5
-3.88	-9.25	1513.33	3359.84
-3.88	-9.25	1512.46	3350.61
-3.88	-9.25	1511.59	3234.71
-3.88	-9.25	1510.72	3277.39
-3.88	-9.25	1509.86	3294.12
-3.88	-9.25	1508.99	3276.26
-3.88	-9.25	1508.12	3154.69
-3.88	-9.25	1507.25	3206.0
-3.88	-9.25	1506.38	3245.76
-3.88	-9.25	1505.52	3268.24
-3.88	-9.25	1504.65	3212.97
-3.88	-9.25	1503.78	3166.36
-3.88	-9.25	1502.91	3208.99
-3.88	-9.25	1502.04	3274.62
-3.88	-9.25	1501.17	3153.22
-3.88	-9.25	1500.3	3095.14
-3.88	-9.25	1499.44	3224.03
-3.88	-9.25	1498.57	3249.35
-3.88	-9.25	1497.7	3194.16
-3.88	-9.25	1496.83	3118.87
-3.88	-9.25	1495.96	3201.68
-3.88	-9.25	1495.09	3255.72
-3.88	-9.25	1494.22	3275.27
-3.88	-9.25	1493.35	3225.87
-3.88	-9.25	1492.48	3297.12
-3.88	-9.25	1491.61	3333.88
-3.88	-9.25	1490.73	3304.59
-3.88	-9.25	1489.86	3200.68
-3.88	-9.25	1488.99	3177.17
-3.88	-9.25	1488.12	3294.27
-3.88	-9.25	1487.25	3285.09
-3.88	-9.25	1486.38	3290.26
-3.88	-9.25	1485.51	3235.2
-3.88	-9.25	1484.63	3386.62
-3.88	-9.25	1483.76	3394.64
-3.88	-9.25	1482.89	3287.99
-3.88	-9.25	1482.02	3124.05
-3.88	-9.25	1481.15	3166.49
-3.88	-9.25	1480.27	3309.2
-3.88	-9.25	1479.4	3234.15
-3.88	-9.25	1478.53	3216.4
-3.88	-9.25	1477.65	3044.03
-3.88	-9.25	1476.78	3117.94
-3.88	-9.25	1475.91	3251.95
-3.88	-9.25	1475.03	3116.87
-3.88	-9.25	1474.16	2993.28
-3.88	-9.25	1473.29	2984.17
-3.88	-9.25	1472.41	3186.76
-3.88	-9.25	1471.54	3114.71
-3.88	-9.25	1470.67	2948.31
-3.88	-9.25	1469.79	2956.38
-3.88	-9.25	1468.92	2912.98
-3.88	-9.25	1468.04	2946.78
-3.88	-9.25	1467.17	2926.26
-3.88	-9.25	1466.29	2845.75
-3.88	-9.25	1465.42	3010.95
-3.88	-9.25	1464.54	2996.15
-3.88	-9.25	1463.67	2812.86
-3.88	-9.25	1462.79	2920.87
-3.88	-9.25	1461.91	2920.37
-3.88	-9.25	1461.04	2934.13
-3.88	-9.25	1460.16	2959.31
-3.88	-9.25	1459.29	2995.89
-3.88	-9.25	1458.41	2932.61
-3.88	-9.25	1457.53	3077.56
-3.88	-9.25	1456.66	2954.41
-3.88	-9.25	1455.78	2899.72
-3.88	-9.25	1454.9	3007.55
-3.88	-9.25	1454.03	2998.47
-3.88	-9.25	1453.15	3072.05
-3.88	-9.25	1452.27	2946.15
-3.88	-9.25	1451.39	2882.96
-3.88	-9.25	1450.52	3090.39
-3.88	-9.25	1449.64	3024.35
-3.88	-9.25	1448.76	3089.32
-3.88	-9.25	1447.88	2906.59
-3.88	-9.25	1447.0	3042.7
-3.88	-9.25	1446.13	3133.24
-3.88	-9.25	1445.25	3041.65
-3.88	-9.25	1444.37	2955.78
-3.88	-9.25	1443.49	2923.98
-3.88	-9.25	1442.61	3028.69
-3.88	-9.25	1441.73	2971.3
-3.88	-9.25	1440.85	2896.87
-3.88	-9.25	1439.97	2930.47
-3.88	-9.25	1439.09	3089.11
-3.88	-9.25	1438.21	2926.62
-3.88	-9.25	1437.33	2869.29
-3.88	-9.25	1436.45	2919.92
-3.88	-9.25	1435.57	2854.09
-3.88	-9.25	1434.69	2941.62
-3.88	-9.25	1433.81	2918.4
-3.88	-9.25	1432.93	2778.81
-3.88	-9.25	1432.05	2812.38
-3.88	-9.25	1431.17	2831.76
-3.88	-9.25	1430.29	2853.96
-3.88	-9.25	1429.41	2694.62
-3.88	-9.25	1428.52	2887.0
-3.88	-9.25	1427.64	2934.7
-3.88	-9.25	1426.76	2834.97
-3.88	-9.25	1425.88	2774.95
-3.88	-9.25	1425.0	2924.67
-3.88	-9.25	1424.11	2779.65
-3.88	-9.25	1423.23	2770.67
-3.88	-9.25	1422.35	2603.07
-3.88	-9.25	1421.47	2732.89
-3.88	-9.25	1420.58	2774.89
-3.88	-9.25	1419.7	2865.0
-3.88	-9.25	1418.82	2759.77
-3.88	-9.25	1417.93	2810.23
-3.88	-9.25	1417.05	2843.7
-3.88	-9.25	1416.17	2962.03
-3.88	-9.25	1415.28	2687.14
-3.88	-9.25	1414.4	2763.03
-3.88	-9.25	1413.51	2889.79
-3.88	-9.25	1412.63	2861.02
-3.88	-9.25	1411.75	2922.71
-3.88	-9.25	1410.86	2746.98
-3.88	-9.25	1409.98	2848.22
-3.88	-9.25	1409.09	2895.76
-3.88	-9.25	1408.21	2917.85
-3.88	-9.25	1407.32	2855.21
-3.88	-9.25	1406.44	2849.07
-3.88	-9.25	1405.55	3001.02
-3.88	-9.25	1404.66	2969.45
-3.88	-9.25	1403.78	2839.11
-3.88	-9.25	1402.89	2948.66
-3.88	-9.25	1402.01	3029.97
-3.88	-9.25	1401.12	3057.65
-3.88	-9.25	1400.23	2913.28
-3.88	-9.25	1399.35	2952.25
-3.88	-9.25	1398.46	3016.58
-3.88	-9.25	1397.57	3154.17
-3.88	-9.25	1396.69	3142.35
-3.88	-9.25	1395.8	3091.08
-3.88	-9.25	1394.91	3293.39
-3.88	-9.25	1394.02	3267.46
-3.88	-9.25	1393.14	3269.71
-3.88	-9.25	1392.25	3218.46
-3.88	-9.25	1391.36	3417.78
-3.88	-9.25	1390.47	3470.67
-3.88	-9.25	1389.58	3377.19
-3.88	-9.25	1388.7	3216.22
-3.88	-9.25	1387.81	3401.34
-3.88	-9.25	1386.92	3324.8
-3.88	-9.25	1386.03	3374.84
-3.88	-9.25	1385.14	3168.98
-3.88	-9.25	1384.25	3221.85
-3.88	-9.25	1383.36	3240.96
-3.88	-9.25	1382.47	3262.88
-3.88	-9.25	1381.58	3166.78
-3.88	-9.25	1380.69	3351.65
-3.88	-9.25	1379.8	3280.84
-3.88	-9.25	1378.91	3288.69
-3.88	-9.25	1378.02	3369.55
-3.88	-9.25	1377.13	3371.77
-3.88	-9.25	1376.24	3500.3
-3.88	-9.25	1375.35	3524.95
-3.88	-9.25	1374.46	3515.92
-3.88	-9.25	1373.57	3344.17
-3.88	-9.25	1372.68	3562.38
-3.88	-9.25	1371.78	3629.06
-3.88	-9.25	1370.89	3474.21
-3.88	-9.25	1370.0	3409.12
-3.88	-9.25	1369.11	3599.13
-3.88	-9.25	1368.22	3668.57
-3.88	-9.25	1367.33	3438.16
-3.88	-9.25	1366.43	3602.85
-3.88	-9.25	1365.54	3621.83
-3.88	-9.25	1364.65	3780.84
-3.88	-9.25	1363.76	3791.38
-3.88	-9.25	1362.86	3589.14
-3.88	-9.25	1361.97	3510.14
-3.88	-9.25	1361.08	3708.23
-3.88	-9.25	1360.18	3701.99
-3.88	-9.25	1359.29	3611.81
-3.88	-9.25	1358.4	3619.57
-3.88	-9.25	1357.5	3610.55
-3.88	-9.25	1356.61	3786.08
-3.88	-9.25	1355.71	3743.49
-3.88	-9.25	1354.82	3508.03
-3.88	-9.25	1353.92	3694.67
-3.88	-9.25	1353.03	3758.29
-3.88	-9.25	1352.13	3760.43
-3.88	-9.25	1351.24	3502.79
-3.88	-9.25	1350.34	3678.12
-3.88	-9.25	1349.45	3705.4
-3.88	-9.25	1348.55	3721.51
-3.88	-9.25	1347.66	3634.32
-3.88	-9.25	1346.76	3762.07
-3.88	-9.25	1345.87	3741.88
-3.88	-9.25	1344.97	3780.28
-3.88	-9.25	1344.07	3668.05
-3.88	-9.25	1343.18	3709.24
-3.88	-9.25	1342.28	3775.51
-3.88	-9.25	1341.38	3886.37
-3.88	-9.25	1340.49	3796.49
-3.88	-9.25	1339.59	3734.51
-3.88	-9.25	1338.69	3931.7
-3.88	-9.25	1337.8	4022.95
-3.88	-9.25	1336.9	3757.62
-3.88	-9.25	1336.0	3731.9
-3.88	-9.25	1335.1	3912.24
-3.88	-9.25	1334.2	3886.5
-3.88	-9.25	1333.31	3752.21
-3.88	-9.25	1332.41	3837.83
-3.88	-9.25	1331.51	3892.81
-3.88	-9.25	1330.61	3933.86
-3.88	-9.25	1329.71	3910.92
-3.88	-9.25	1328.81	3879.64
-3.88	-9.25	1327.91	3931.79
-3.88	-9.25	1327.02	4167.42
-3.88	-9.25	1326.12	4119.43
-3.88	-9.25	1325.22	3890.82
-3.88	-9.25	1324.32	4079.09
-3.88	-9.25	1323.42	4089.49
-3.88	-9.25	1322.52	4099.88
-3.88	-9.25	1321.62	3807.56
-3.88	-9.25	1320.72	4070.68
-3.88	-9.25	1319.82	4114.39
-3.88	-9.25	1318.91	3983.21
-3.88	-9.25	1318.01	3902.03
-3.88	-9.25	1317.11	3984.59
-3.88	-9.25	1316.21	4180.86
-3.88	-9.25	1315.31	4144.07
-3.88	-9.25	1314.41	3866.01
-3.88	-9.25	1313.51	3884.75
-3.88	-9.25	1312.61	4039.32
-3.88	-9.25	1311.7	3936.05
-3.88	-9.25	1310.8	3990.79
-3.88	-9.25	1309.9	3876.48
-3.88	-9.25	1309.0	3873.03
-3.88	-9.25	1308.09	3927.75
-3.88	-9.25	1307.19	3827.36
-3.88	-9.25	1306.29	3619.02
-3.88	-9.25	1305.39	3853.71
-3.88	-9.25	1304.48	3933.3
-3.88	-9.25	1303.58	3810.84
-3.88	-9.25	1302.68	3655.22
-3.88	-9.25	1301.77	3629.68
-3.88	-9.25	1300.87	3689.9
-3.88	-9.25	1299.96	3891.14
-3.88	-9.25	1299.06	3630.54
-3.88	-9.25	1298.16	3776.42
-3.88	-9.25	1297.25	3797.87
-3.88	-9.25	1296.35	3744.7
-3.88	-9.25	1295.44	3694.3
-3.88	-9.25	1294.54	3624.59
-3.88	-9.25	1293.63	3571.47
-3.88	-9.25	1292.73	3557.04
-3.88	-9.25	1291.82	3592.31
-3.88	-9.25	1290.92	3657.94
-3.88	-9.25	1290.01	3712.5
-3.88	-9.25	1289.1	3526.94
-3.88	-9.25	1288.2	3457.34
-3.88	-9.25	1287.29	3335.35
-3.88	-9.25	1286.39	3420.27
-3.88	-9.25	1285.48	3477.58
-3.88	-9.25	1284.57	3294.99
-3.88	-9.25	1283.67	3255.82
-3.88	-9.25	1282.76	3340.69
-3.88	-9.25	1281.85	3378.69
-3.88	-9.25	1280.94	3176.95
-3.88	-9.25	1280.04	3206.7
-3.88	-9.25	1279.13	3319.06
-3.88	-9.25	1278.22	3326.74
-3.88	-9.25	1277.31	3298.62
-3.88	-9.25	1276.41	3165.9
-3.88	-9.25	1275.5	3245.17
-3.88	-9.25	1274.59	3351.93
-3.88	-9.25	1273.68	3158.73
-3.88	-9.25	1272.77	3149.92
-3.88	-9.25	1271.86	3069.6
-3.88	-9.25	1270.95	3231.32
-3.88	-9.25	1270.04	3181.26
-3.88	-9.25	1269.13	2936.03
-3.88	-9.25	1268.23	3141.66
-3.88	-9.25	1267.32	3267.52
-3.88	-9.25	1266.41	3179.02
-3.88	-9.25	1265.5	3115.28
-3.88	-9.25	1264.59	3122.97
-3.88	-9.25	1263.67	3130.66
-3.88	-9.25	1262.76	3014.79
-3.88	-9.25	1261.85	2918.17
-3.88	-9.25	1260.94	3098.81
-3.88	-9.25	1260.03	3219.02
-3.88	-9.25	1259.12	3160.83
-3.88	-9.25	1258.21	2976.47
-3.88	-9.25	1257.3	2948.52
-3.88	-9.25	1256.39	2950.74
-3.88	-9.25	1255.47	2961.19
-3.88	-9.25	1254.56	2812.64
-3.88	-9.25	1253.65	2858.74
-3.88	-9.25	1252.74	2965.11
-3.88	-9.25	1251.83	2896.09
-3.88	-9.25	1250.91	2742.17
-3.88	-9.25	1250.0	2908.77
-3.88	-9.25	1249.09	2916.47
-3.88	-9.25	1248.17	3110.35
-3.88	-9.25	1247.26	2888.07
-3.88	-9.25	1246.35	2860.19
-3.88	-9.25	1245.43	3004.72
-3.88	-9.25	1244.52	2985.04
-3.88	-9.25	1243.61	2828.59
-3.88	-9.25	1242.69	2754.24
-3.88	-9.25	1241.78	3024.48
-3.88	-9.25	1240.86	2950.13
-3.88	-9.25	1239.95	2878.53
-3.88	-9.25	1239.03	2888.96
-3.88	-9.25	1238.12	2934.9
-3.88	-9.25	1237.2	2937.12
-3.88	-9.25	1236.29	3007.63
-3.88	-9.25	1235.37	2832.3
-3.88	-9.25	1234.46	2905.53
-3.88	-9.25	1233.54	3003.31
-3.88	-9.25	1232.63	2882.66
-3.88	-9.25	1231.71	2868.51
-3.88	-9.25	1230.8	2944.41
-3.88	-9.25	1229.88	3017.56
-3.88	-9.25	1228.96	2894.27
-3.88	-9.25	1228.05	2825.58
-3.88	-9.25	1227.13	2844.17
-3.88	-9.25	1226.21	2944.54
-3.88	-9.25	1225.3	2878.6
-3.88	-9.25	1224.38	2834.49
-3.88	-9.25	1223.46	2972.96
-3.88	-9.25	1222.54	3010.58
-3.88	-9.25	1221.63	2884.74
-3.88	-9.25	1220.71	2797.08
-3.88	-9.25	1219.79	2949.08
-3.88	-9.25	1218.87	3035.68
-3.88	-9.25	1217.95	2839.15
-3.88	-9.25	1217.03	2762.45
-3.88	-9.25	1216.12	2933.39
-3.88	-9.25	1215.2	2870.3
-3.88	-9.25	1214.28	2856.19
-3.88	-9.25	1213.36	2863.84
-3.88	-9.25	1212.44	2882.37
-3.88	-9.25	1211.52	2873.71
-3.88	-9.25	1210.6	3009.11
-3.88	-9.25	1209.68	2818.34
-3.88	-9.25	1208.76	2902.08
-3.88	-9.25	1207.84	2839.08
-3.88	-9.25	1206.92	2800.55
-3.88	-9.25	1206.0	2713.14
-3.88	-9.25	1205.08	2739.82
-3.88	-9.25	1204.16	2967.39
-3.88	-9.25	1203.24	2809.43
-3.88	-9.25	1202.31	2787.22
-3.88	-9.25	1201.39	2751.45
-3.88	-9.25	1200.47	2848.63
-3.88	-9.25	1199.55	2774.89
-3.88	-9.25	1198.63	2733.72
-3.88	-9.25	1197.71	2727.81
-3.88	-9.25	1196.78	2822.22
-3.88	-9.25	1195.86	2819.01
-3.88	-9.25	1194.94	2688.42
-3.88	-9.25	1194.02	2677.11
-3.88	-9.25	1193.09	2785.0
-3.88	-9.25	1192.17	2695.12
-3.88	-9.25	1191.25	2683.82
-3.88	-9.25	1190.32	2629.19
-3.88	-9.25	1189.4	2704.52
-3.88	-9.25	1188.48	2668.86
-3.88	-9.25	1187.55	2560.13
-3.88	-9.25	1186.63	2630.03
-3.88	-9.25	1185.71	2605.22
-3.88	-9.25	1184.78	2607.46
-3.88	-9.25	1183.86	2596.18
-3.88	-9.25	1182.93	2603.84
-3.88	-9.25	1182.01	2687.18
-3.88	-9.25	1181.08	2646.16
-3.88	-9.25	1180.16	2621.37
-3.88	-9.25	1179.23	2542.55
-3.88	-9.25	1178.31	2677.17
-3.88	-9.25	1177.38	2609.18
-3.88	-9.25	1176.46	2579.01
-3.88	-9.25	1175.53	2475.95
-3.88	-9.25	1174.6	2505.21
-3.88	-9.25	1173.68	2637.02
-3.88	-9.25	1172.75	2444.95
-3.88	-9.25	1171.82	2530.86
-3.88	-9.25	1170.9	2665.29
-3.88	-9.25	1169.97	2594.69
-3.88	-9.25	1169.04	2480.97
-3.88	-9.25	1168.12	2661.18
-3.88	-9.25	1167.19	2720.01
-3.88	-9.25	1166.26	2630.59
-3.88	-9.25	1165.33	2530.41
-3.88	-9.25	1164.41	2562.3
-3.88	-9.25	1163.48	2604.95
-3.88	-9.25	1162.55	2639.5
-3.88	-9.25	1161.62	2587.86
-3.88	-9.25	1160.69	2603.56
-3.88	-9.25	1159.76	2667.71
-3.88	-9.25	1158.84	2672.62
-3.88	-9.25	1157.91	2610.25
-3.88	-9.25	1156.98	2749.69
-3.88	-9.25	1156.05	2714.23
-3.88	-9.25	1155.12	2770.23
-3.88	-9.25	1154.19	2707.89
-3.88	-9.25	1153.26	2796.14
-3.88	-9.25	1152.33	2905.85
-3.88	-9.25	1151.4	2827.4
-3.88	-9.25	1150.47	2856.45
-3.88	-9.25	1149.54	2807.59
-3.88	-9.25	1148.61	2954.83
-3.88	-9.25	1147.68	2852.25
-3.88	-9.25	1146.75	2816.83
-3.88	-9.25	1145.81	2792.17
-3.88	-9.25	1144.88	2931.26
-3.88	-9.25	1143.95	2858.28
-3.88	-9.25	1143.02	2801.42
-3.88	-9.25	1142.09	2792.87
-3.88	-9.25	1141.16	2848.71
-3.88	-9.25	1140.22	2789.2
-3.88	-9.25	1139.29	2764.57
-3.88	-9.25	1138.36	2884.72
-3.88	-9.25	1137.43	2905.65
-3.88	-9.25	1136.49	2870.3
-3.88	-9.25	1135.56	2877.83
-3.88	-9.25	1134.63	2874.64
-3.88	-9.25	1133.69	3048.23
-3.88	-9.25	1132.76	3012.88
-3.88	-9.25	1131.83	2907.91
-3.88	-9.25	1130.89	3092.12
-3.88	-9.25	1129.96	2965.77
-3.88	-9.25	1129.02	3160.6
-3.88	-9.25	1128.09	2900.5
-3.88	-9.25	1127.16	2916.03
-3.88	-9.25	1126.22	2880.74
-3.88	-9.25	1125.29	3072.78
-3.88	-9.25	1124.35	2831.59
-3.88	-9.25	1123.42	2622.56
-3.88	-9.25	1122.48	2908.1
-3.88	-9.25	1121.55	2904.91
-3.88	-9.25	1120.61	2853.62
-3.88	-9.25	1119.67	2679.47
-3.88	-9.25	1118.74	2628.25
-3.88	-9.25	1117.8	2662.5
-3.88	-9.25	1116.87	2557.89
-3.88	-9.25	1115.93	2439.98
-3.88	-9.25	1114.99	2567.66
-3.88	-9.25	1114.06	2505.82
-3.88	-9.25	1113.12	2353.29
-3.88	-9.25	1112.18	2416.9
-3.88	-9.25	1111.24	2405.8
-3.88	-9.25	1110.31	2365.37
-3.88	-9.25	1109.37	2388.95
-3.88	-9.25	1108.43	2281.89
-3.88	-9.25	1107.49	2305.47
-3.88	-9.25	1106.55	2254.43
-3.88	-9.25	1105.62	2262.02
-3.88	-9.25	1104.68	2253.63
-3.88	-9.25	1103.74	2309.16
-3.88	-9.25	1102.8	2362.01
-3.88	-9.25	1101.86	2177.88
-3.88	-9.25	1100.92	2169.5
-3.88	-9.25	1099.98	2360.74
-3.88	-9.25	1099.04	2184.7
-3.88	-9.25	1098.1	2192.29
-3.88	-9.25	1097.16	2205.2
-3.88	-9.25	1096.22	2337.79
-3.88	-9.25	1095.28	2199.09
-3.88	-9.25	1094.34	2233.27
-3.88	-9.25	1093.4	2219.58
-3.88	-9.25	1092.46	2261.7
-3.88	-9.25	1091.52	2396.82
-3.88	-9.25	1090.58	2239.64
-3.88	-9.25	1089.64	2220.65
-3.88	-9.25	1088.7	2419.44
-3.88	-9.25	1087.76	2472.12
-3.88	-9.25	1086.81	2243.36
-3.88	-9.25	1085.87	2250.92
-3.88	-9.25	1084.93	2343.41
-3.88	-9.25	1083.99	2255.43
-3.88	-9.25	1083.05	2313.39
-3.88	-9.25	1082.1	2246.66
-3.88	-9.25	1081.16	2301.96
-3.88	-9.25	1080.22	2341.32
-3.88	-9.25	1079.28	2250.76
-3.88	-9.25	1078.33	2406.75
-3.88	-9.25	1077.39	2239.36
-3.88	-9.25	1076.45	2199.22
-3.88	-9.25	1075.5	2122.0
-3.88	-9.25	1074.56	2140.16
-3.88	-9.25	1073.61	2261.6
-3.88	-9.25	1072.67	2242.66
-3.88	-9.25	1071.73	2078.13
-3.88	-9.25	1070.78	2125.4
-3.88	-9.25	1069.84	2238.81
-3.88	-9.25	1068.89	2251.64
-3.88	-9.25	1067.95	2193.04
-3.88	-9.25	1067.0	2256.13
-3.88	-9.25	1066.06	2237.21
-3.88	-9.25	1065.11	2210.37
-3.88	-9.25	1064.16	2143.89
-3.88	-9.25	1063.22	2225.44
-3.88	-9.25	1062.27	2182.77
-3.88	-9.25	1061.33	2179.73
-3.88	-9.25	1060.38	2081.6
-3.88	-9.25	1059.43	2120.85
-3.88	-9.25	1058.49	2207.61
-3.88	-9.25	1057.54	2093.69
-3.88	-9.25	1056.59	2024.68
-3.88	-9.25	1055.65	2166.84
-3.88	-9.25	1054.7	2166.45
-3.88	-9.25	1053.75	2137.05
-3.88	-9.25	1052.8	2102.37
-3.88	-9.25	1051.85	2178.48
-3.88	-9.25	1050.91	2120.08
-3.88	-9.25	1049.96	2109.15
-3.88	-9.25	1049.01	2040.24
-3.88	-9.25	1048.06	2182.19
-3.88	-9.25	1047.11	2234.5
-3.88	-9.25	1046.16	2152.43
-3.88	-9.25	1045.21	2059.86
-3.88	-9.25	1044.27	2217.5
-3.88	-9.25	1043.32	2259.24
-3.88	-9.25	1042.37	2040.32
-3.88	-9.25	1041.42	2139.98
-3.88	-9.25	1040.47	2171.18
-3.88	-9.25	1039.52	2173.42
-3.88	-9.25	1038.57	2057.28
-3.88	-9.25	1037.62	2080.58
-3.88	-9.25	1036.67	2222.22
-3.88	-9.25	1035.71	2150.83
-3.88	-9.25	1034.76	2163.59
-3.88	-9.25	1033.81	2142.18
-3.88	-9.25	1032.86	2207.49
-3.88	-9.25	1031.91	2165.06
-3.88	-9.25	1030.96	2017.56
-3.88	-9.25	1030.01	2203.68
-3.88	-9.25	1029.05	2255.81
-3.88	-9.25	1028.1	2229.15
-3.88	-9.25	1027.15	2202.5
-3.88	-9.25	1026.2	2220.47
-3.88	-9.25	1025.24	2157.1
-3.88	-9.25	1024.29	2143.59
-3.88	-9.25	1023.34	2185.18
-3.88	-9.25	1022.39	2106.1
-3.88	-9.25	1021.43	2223.73
-3.88	-9.25	1020.48	2136.81
-3.88	-9.25	1019.52	2104.97
-3.88	-9.25	1018.57	2225.16
-3.88	-9.25	1017.62	2148.77
-3.88	-9.25	1016.66	2195.54
-3.88	-9.25	1015.71	2087.75
-3.88	-9.25	1014.75	2126.66
-3.88	-9.25	1013.8	2212.69
-3.88	-9.25	1012.84	2146.84
-3.88	-9.25	1011.89	2070.55
-3.88	-9.25	1010.93	2080.64
-3.88	-9.25	1009.98	2124.75
-3.88	-9.25	1009.02	2132.22
-3.88	-9.25	1008.07	2097.83
-3.88	-9.25	1007.11	2209.91
-3.88	-9.25	1006.16	2201.67
-3.88	-9.25	1005.2	2130.69
-3.88	-9.25	1004.24	2229.64
-3.88	-9.25	1003.29	2210.94
-3.88	-9.25	1002.33	2278.48
-3.88	-9.25	1001.37	2157.9
-3.88	-9.25	1000.41	2267.22
-3.88	-9.25	999.4580000000001	2295.54
-3.88	-9.25	998.5	2334.29
-3.88	-9.25	997.543	2221.62
-3.88	-9.25	996.585	2184.68
-3.88	-9.25	995.627	2340.86
-3.88	-9.25	994.669	2306.52
-3.88	-9.25	993.71	2193.94
-3.88	-9.25	992.752	2206.58
-3.88	-9.25	991.793	2328.75
-3.88	-9.25	990.834	2124.96
-3.88	-9.25	989.875	2176.72
-3.88	-9.25	988.916	2205.0
-3.88	-9.25	987.957	2209.81
-3.88	-9.25	986.997	2128.65
-3.88	-9.25	986.0369999999999	2138.69
-3.88	-9.25	985.078	2190.39
-3.88	-9.25	984.118	2153.54
-3.88	-9.25	983.1569999999999	2121.91
-3.88	-9.25	982.197	2095.5
-3.88	-9.25	981.2360000000001	2105.53
-3.88	-9.25	980.2760000000001	2232.66
-3.88	-9.25	979.315	2143.8
-3.88	-9.25	978.3539999999999	2073.18
-3.88	-9.25	977.3919999999999	2195.05
-3.88	-9.25	976.431	2134.85
-3.88	-9.25	975.4689999999999	2100.67
-3.88	-9.25	974.508	2082.09
-3.88	-9.25	973.546	2110.31
-3.88	-9.25	972.584	2206.07
-3.88	-9.25	971.6210000000001	2179.69
-3.88	-9.25	970.659	2078.0
-3.88	-9.25	969.696	2142.55
-3.88	-9.25	968.7330000000001	2165.53
-3.88	-9.25	967.77	2126.2
-3.88	-9.25	966.807	2190.71
-3.88	-9.25	965.8439999999999	2179.94
-3.88	-9.25	964.88	2169.17
-3.88	-9.25	963.9169999999999	2088.35
-3.88	-9.25	962.953	2126.88
-3.88	-9.25	961.9889999999999	2201.71
-3.88	-9.25	961.025	2097.6
-3.88	-9.25	960.06	2097.22
-3.88	-9.25	959.096	2153.87
-3.88	-9.25	958.1310000000001	2171.62
-3.88	-9.25	957.166	2189.36
-3.88	-9.25	956.201	2077.58
-3.88	-9.25	955.2360000000001	2141.95
-3.88	-9.25	954.27	2045.76
-3.88	-9.25	953.305	2045.39
-3.88	-9.25	952.3389999999999	2140.8
-3.88	-9.25	951.373	2060.18
-3.88	-9.25	950.4069999999999	2222.83
-3.88	-9.25	949.441	2043.91
-3.88	-9.25	948.4739999999999	2015.09
-3.88	-9.25	947.508	2164.73
-3.88	-9.25	946.541	2115.21
-3.88	-9.25	945.574	2094.15
-3.88	-9.25	944.607	2036.9
-3.88	-9.25	943.6389999999999	2054.63
-3.88	-9.25	942.672	2069.76
-3.88	-9.25	941.704	2040.97
-3.88	-9.25	940.7360000000001	2076.76
-3.88	-9.25	939.768	2143.54
-3.88	-9.25	938.8	2096.67
-3.88	-9.25	937.832	2145.35
-3.88	-9.25	936.863	2126.89
-3.88	-9.25	935.8939999999999	2162.64
-3.88	-9.25	934.926	2252.56
-3.88	-9.25	933.956	2174.76
-3.88	-9.25	932.987	2042.82
-3.88	-9.25	932.018	2130.13
-3.88	-9.25	931.048	2119.43
-3.88	-9.25	930.078	2101.01
-3.88	-9.25	929.1080000000001	2195.99
-3.88	-9.25	928.138	2146.64
-3.88	-9.25	927.168	2179.74
-3.88	-9.25	926.198	2042.82
-3.88	-9.25	925.227	2184.11
-3.88	-9.25	924.2560000000001	2088.43
-3.88	-9.25	923.285	2059.74
-3.88	-9.25	922.314	2074.81
-3.88	-9.25	921.3430000000001	2172.24
-3.88	-9.25	920.3710000000001	2156.4
-3.88	-9.25	919.3989999999999	2130.29
-3.88	-9.25	918.427	2001.29
-3.88	-9.25	917.455	2119.23
-3.88	-9.25	916.4830000000001	2157.42
-3.88	-9.25	915.5110000000001	2082.47
-3.88	-9.25	914.538	2164.35
-3.88	-9.25	913.565	2163.96
-3.88	-9.25	912.5930000000001	2155.86
-3.88	-9.25	911.6189999999999	2024.45
-3.88	-9.25	910.6460000000001	2162.79
-3.88	-9.25	909.673	2242.01
-3.88	-9.25	908.699	2154.3
-3.88	-9.25	907.725	2084.6
-3.88	-9.25	906.7510000000001	2156.09
-3.88	-9.25	905.7769999999999	2155.7
-3.88	-9.25	904.803	2227.16
-3.88	-9.25	903.828	2101.05
-3.88	-9.25	902.8539999999999	2139.15
-3.88	-9.25	901.8789999999999	2182.35
-3.88	-9.25	900.904	2058.89
-3.88	-9.25	899.928	2107.22
-3.88	-9.25	898.953	2101.72
-3.88	-9.25	897.977	2191.03
-3.88	-9.25	897.002	2090.71
-3.88	-9.25	896.0260000000001	2082.64
-3.88	-9.25	895.05	2061.78
-3.88	-9.25	894.073	2058.84
-3.88	-9.25	893.097	2035.43
-3.88	-9.25	892.12	2081.14
-3.88	-9.25	891.1439999999999	2114.03
-3.88	-9.25	890.1669999999999	2159.71
-3.88	-9.25	889.189	2051.87
-3.88	-9.25	888.212	2115.44
-3.88	-9.25	887.235	2204.57
-3.88	-9.25	886.257	2209.29
-3.88	-9.25	885.279	2147.53
-3.88	-9.25	884.301	2147.14
-3.88	-9.25	883.323	2156.98
-3.88	-9.25	882.3439999999999	2046.71
-3.88	-9.25	881.3660000000001	2130.65
-3.88	-9.25	880.387	2212.0
-3.88	-9.25	879.408	2180.95
-3.88	-9.25	878.429	2109.07
-3.88	-9.25	877.45	2182.72
-3.88	-9.25	876.47	2248.69
-3.88	-9.25	875.4910000000001	2243.17
-3.88	-9.25	874.5110000000001	2199.39
-3.88	-9.25	873.5310000000001	2237.26
-3.88	-9.25	872.551	2282.76
-3.88	-9.25	871.57	2300.2
-3.88	-9.25	870.59	2327.83
-3.88	-9.25	869.6089999999999	2350.35
-3.88	-9.25	868.628	2375.41
-3.88	-9.25	867.6469999999999	2275.6
-3.88	-9.25	866.666	2254.81
-3.88	-9.25	865.684	2300.25
-3.88	-9.25	864.703	2299.83
-3.88	-9.25	863.721	2319.79
-3.88	-9.25	862.7389999999999	2342.28
-3.88	-9.25	861.757	2293.49
-3.88	-9.25	860.775	2422.87
-3.88	-9.25	859.7919999999999	2391.9
-3.88	-9.25	858.81	2355.85
-3.88	-9.25	857.827	2406.29
-3.88	-9.25	856.8439999999999	2436.37
-3.88	-9.25	855.86	2265.57
-3.88	-9.25	854.877	2280.41
-3.88	-9.25	853.8939999999999	2407.09
-3.88	-9.25	852.91	2274.5
-3.88	-9.25	851.926	2185.16
-3.88	-9.25	850.942	2227.95
-3.88	-9.25	849.9580000000001	2349.46
-3.88	-9.25	848.9730000000001	2181.43
-3.88	-9.25	847.988	2117.56
-3.88	-9.25	847.0039999999999	2096.87
-3.88	-9.25	846.0189999999999	2159.94
-3.88	-9.25	845.034	2124.02
-3.88	-9.25	844.048	2187.06
-3.88	-9.25	843.063	2214.57
-3.88	-9.25	842.077	2226.85
-3.88	-9.25	841.091	2114.87
-3.88	-9.25	840.105	2134.77
-3.88	-9.25	839.1189999999999	2344.78
-3.88	-9.25	838.132	2220.16
-3.88	-9.25	837.1460000000001	2176.68
-3.88	-9.25	836.159	2214.29
-3.88	-9.25	835.172	2462.13
-3.88	-9.25	834.185	2259.07
-3.88	-9.25	833.198	2309.31
-3.88	-9.25	832.21	2217.75
-3.88	-9.25	831.222	2379.34
-3.88	-9.25	830.235	2313.11
-3.88	-9.25	829.247	2294.98
-3.88	-9.25	828.258	2251.55
-3.88	-9.25	827.27	2263.79
-3.88	-9.25	826.2810000000001	2278.55
-3.88	-9.25	825.293	2232.62
-3.88	-9.25	824.304	2257.5
-3.88	-9.25	823.315	2181.26
-3.88	-9.25	822.325	2163.18
-3.88	-9.25	821.336	2233.53
-3.88	-9.25	820.346	2271.01
-3.88	-9.25	819.3560000000001	2255.45
-3.88	-9.25	818.3660000000001	2239.89
-3.88	-9.25	817.3760000000001	2221.81
-3.88	-9.25	816.3860000000001	2211.3
-3.88	-9.25	815.395	2226.04
-3.88	-9.25	814.405	2129.75
-3.88	-9.25	813.414	2169.73
-3.88	-9.25	812.423	2113.84
-3.88	-9.25	811.431	2078.15
-3.88	-9.25	810.44	2002.12
-3.88	-9.25	809.448	2112.69
-3.88	-9.25	808.456	2177.84
-3.88	-9.25	807.4639999999999	2026.23
-3.88	-9.25	806.472	2073.74
-3.88	-9.25	805.48	2199.32
-3.88	-9.25	804.487	2153.58
-3.88	-9.25	803.495	2087.72
-3.88	-9.25	802.502	2087.34
-3.88	-9.25	801.5089999999999	2134.79
-3.88	-9.25	800.5160000000001	2048.82
-3.88	-9.25	799.5219999999999	2134.01
-3.88	-9.25	798.528	2110.98
-3.88	-9.25	797.535	2080.4
-3.88	-9.25	796.541	1994.51
-3.88	-9.25	795.547	2016.78
-3.88	-9.25	794.552	2177.32
-3.88	-9.25	793.558	2119.11
-3.88	-9.25	792.563	2040.81
-3.88	-9.25	791.568	2161.06
-3.88	-9.25	790.573	2231.01
-3.88	-9.25	789.578	2210.51
-3.88	-9.25	788.582	2097.09
-3.88	-9.25	787.587	2116.79
-3.88	-9.25	786.591	2289.64
-3.88	-9.25	785.595	2131.08
-3.88	-9.25	784.5989999999999	2115.64
-3.88	-9.25	783.602	2175.47
-3.88	-9.25	782.6060000000001	2207.69
-3.88	-9.25	781.6089999999999	2132.04
-3.88	-9.25	780.612	2161.74
-3.88	-9.25	779.615	2173.88
-3.88	-9.25	778.618	2178.5
-3.88	-9.25	777.6210000000001	2125.47
-3.88	-9.25	776.623	2082.48
-3.88	-9.25	775.625	2114.67
-3.88	-9.25	774.627	2101.76
-3.88	-9.25	773.6289999999999	2073.82
-3.88	-9.25	772.6310000000001	2131.04
-3.88	-9.25	771.632	2170.71
-3.88	-9.25	770.6339999999999	2052.66
-3.88	-9.25	769.635	2022.26
-3.88	-9.25	768.6360000000001	2121.98
-3.88	-9.25	767.6360000000001	2071.55
-3.88	-9.25	766.637	2081.18
-3.88	-9.25	765.637	1935.75
-3.88	-9.25	764.637	2180.44
-3.88	-9.25	763.638	2167.54
-3.88	-9.25	762.637	2114.66
-3.88	-9.25	761.637	2081.78
-3.88	-9.25	760.6360000000001	2123.88
-3.88	-9.25	759.6360000000001	2096.01
-3.88	-9.25	758.635	2075.65
-3.88	-9.25	757.6339999999999	2120.22
-3.88	-9.25	756.633	2134.81
-3.88	-9.25	755.6310000000001	2131.93
-3.88	-9.25	754.6289999999999	2121.55
-3.88	-9.25	753.628	2181.06
-3.88	-9.25	752.6260000000001	2148.22
-3.88	-9.25	751.623	2045.55
-3.88	-9.25	750.6210000000001	2194.83
-3.88	-9.25	749.6189999999999	2251.78
-3.88	-9.25	748.6160000000001	2206.49
-3.88	-9.25	747.613	2093.91
-3.88	-9.25	746.61	2173.28
-3.88	-9.25	745.607	2130.52
-3.88	-9.25	744.6030000000001	2174.98
-3.88	-9.25	743.5989999999999	2087.4
-3.88	-9.25	742.596	2129.36
-3.88	-9.25	741.592	2163.83
-3.88	-9.25	740.587	2126.09
-3.88	-9.25	739.5830000000001	2130.68
-3.88	-9.25	738.579	2209.92
-3.88	-9.25	737.574	2167.22
-3.88	-9.25	736.569	2156.87
-3.88	-9.25	735.564	2134.09
-3.88	-9.25	734.558	2163.54
-3.88	-9.25	733.553	2160.66
-3.88	-9.25	732.547	2100.6
-3.88	-9.25	731.541	2112.65
-3.88	-9.25	730.535	2365.73
-3.88	-9.25	729.529	2121.81
-3.88	-9.25	728.523	2193.46
-3.88	-9.25	727.5160000000001	2163.26
-3.88	-9.25	726.5089999999999	2130.58
-3.88	-9.25	725.503	2040.81
-3.88	-9.25	724.495	2174.48
-3.88	-9.25	723.488	2134.37
-3.88	-9.25	722.4810000000001	2166.24
-3.88	-9.25	721.4730000000001	2029.39
-3.88	-9.25	720.465	2130.72
-3.88	-9.25	719.457	2135.29
-3.88	-9.25	718.449	2107.62
-3.88	-9.25	717.44	2030.38
-3.88	-9.25	716.432	2057.28
-3.88	-9.25	715.423	2116.38
-3.88	-9.25	714.414	2009.45
-3.88	-9.25	713.405	2123.03
-3.88	-9.25	712.395	2147.41
-3.88	-9.25	711.3860000000001	2047.96
-3.88	-9.25	710.3760000000001	2064.92
-3.88	-9.25	709.3660000000001	2170.99
-3.88	-9.25	708.3560000000001	2259.69
-3.88	-9.25	707.346	2192.46
-3.88	-9.25	706.335	2120.31
-3.88	-9.25	705.325	2159.5
-3.88	-9.25	704.314	2238.25
-3.88	-9.25	703.303	2069.69
-3.88	-9.25	702.2919999999999	2091.56
-3.88	-9.25	701.28	2128.25
-3.88	-9.25	700.2689999999999	2038.89
-3.88	-9.25	699.257	2110.18
-3.88	-9.25	698.245	2124.61
-3.88	-9.25	697.2330000000001	2257.6
-3.88	-9.25	696.22	2101.61
-3.88	-9.25	695.2080000000001	2091.34
-3.88	-9.25	694.195	2174.89
-3.88	-9.25	693.182	2226.33
-3.88	-9.25	692.169	2139.55
-3.88	-9.25	691.1560000000001	2060.2
-3.88	-9.25	690.143	2099.29
-3.88	-9.25	689.1289999999999	2123.57
-3.88	-9.25	688.115	2150.31
-3.88	-9.25	687.1010000000001	2014.31
-3.88	-9.25	686.087	2117.47
-3.88	-9.25	685.073	2166.37
-3.88	-9.25	684.058	2111.77
-3.88	-9.25	683.043	2219.78
-3.88	-9.25	682.028	2177.5
-3.88	-9.25	681.013	2228.81
-3.88	-9.25	679.998	2058.5
-3.88	-9.25	678.9830000000001	2159.06
-3.88	-9.25	677.967	2183.28
-3.88	-9.25	676.951	2143.5
-3.88	-9.25	675.935	2066.83
-3.88	-9.25	674.919	2214.06
-3.88	-9.25	673.9019999999999	2144.78
-3.88	-9.25	672.8860000000001	2191.11
-3.88	-9.25	671.8689999999999	2237.42
-3.88	-9.25	670.852	2195.22
-3.88	-9.25	669.835	2155.49
-3.88	-9.25	668.817	2113.32
-3.88	-9.25	667.8	2127.68
-3.88	-9.25	666.7819999999999	2075.7
-3.88	-9.25	665.7639999999999	2176.01
-3.88	-9.25	664.7460000000001	2158.42
-3.88	-9.25	663.7280000000001	2243.96
-3.88	-9.25	662.709	2150.27
-3.88	-9.25	661.691	2149.87
-3.88	-9.25	660.672	2176.47
-3.88	-9.25	659.653	2193.24
-3.88	-9.25	658.6339999999999	1989.25
-3.88	-9.25	657.6139999999999	2170.36
-3.88	-9.25	656.595	2162.6
-3.88	-9.25	655.575	2042.08
-3.88	-9.25	654.555	2076.02
-3.88	-9.25	653.535	2073.19
-3.88	-9.25	652.514	2183.06
-3.88	-9.25	651.494	2084.67
-3.88	-9.25	650.4730000000001	2106.33
-3.88	-9.25	649.452	2196.55
-3.88	-9.25	648.431	2210.84
-3.88	-9.25	647.41	2039.08
-3.88	-9.25	646.388	2129.26
-3.88	-9.25	645.366	2258.55
-3.88	-9.25	644.345	2336.43
-3.88	-9.25	643.323	2123.19
-3.88	-9.25	642.3	2161.93
-3.88	-9.25	641.278	2254.44
-3.88	-9.25	640.255	2263.81
-3.88	-9.25	639.232	2031.19
-3.88	-9.25	638.2090000000001	2216.54
-3.88	-9.25	637.186	2206.36
-3.88	-9.25	636.163	2183.97
-3.88	-9.25	635.139	2168.91
-3.88	-9.25	634.116	2210.02
-3.88	-9.25	633.092	2202.29
-3.88	-9.25	632.068	2131.09
-3.88	-9.25	631.043	2138.02
-3.88	-9.25	630.019	2215.71
-3.88	-9.25	628.994	2098.2
-3.88	-9.25	627.969	2039.27
-3.88	-9.25	626.944	2090.11
-3.88	-9.25	625.919	2077.53
-3.88	-9.25	624.893	2125.91
-3.88	-9.25	623.868	2113.33
-3.88	-9.25	622.842	2056.88
-3.88	-9.25	621.816	2044.32
-3.88	-9.25	620.79	2017.15
-3.88	-9.25	619.763	2038.69
-3.88	-9.25	618.737	2082.15
-3.88	-9.25	617.71	1960.03
-3.88	-9.25	616.683	1881.77
-3.88	-9.25	615.656	1971.47
-3.88	-9.25	614.629	1985.71
-3.88	-9.25	613.601	1895.32
-3.88	-9.25	612.573	1907.14
-3.88	-9.25	611.545	2064.87
-3.88	-9.25	610.5169999999999	1998.83
-3.88	-9.25	609.489	1881.77
-3.88	-9.25	608.461	2000.53
-3.88	-9.25	607.432	1970.99
-3.88	-9.25	606.403	1912.31
-3.88	-9.25	605.374	2033.43
-3.88	-9.25	604.345	1986.9
-3.88	-9.25	603.315	1942.82
-3.88	-9.25	602.286	1889.05
-3.88	-9.25	601.256	2061.06
-3.88	-9.25	600.226	2019.42
