-14.57	-4.83	1799.66	2029.38
-14.57	-4.83	1798.84	1946.53
-14.57	-4.83	1798.03	2108.13
-14.57	-4.83	1797.21	1958.09
-14.57	-4.83	1796.39	1948.6
-14.57	-4.83	1795.57	1920.78
-14.57	-4.83	1794.75	2103.65
-14.57	-4.83	1793.93	2185.72
-14.57	-4.83	1793.11	2078.52
-14.57	-4.83	1792.29	2038.5
-14.57	-4.83	1791.47	1928.32
-14.57	-4.83	1790.65	2117.13
-14.57	-4.83	1789.84	2177.77
-14.57	-4.83	1789.02	2082.87
-14.57	-4.83	1788.2	1969.7
-14.57	-4.83	1787.38	2170.57
-14.57	-4.83	1786.56	1950.75
-14.57	-4.83	1785.73	2087.56
-14.57	-4.83	1784.91	2029.31
-14.57	-4.83	1784.09	2007.64
-14.57	-4.83	1783.27	2034.72
-14.57	-4.83	1782.45	2113.55
-14.57	-4.83	1781.63	2027.94
-14.57	-4.83	1780.81	2009.33
-14.57	-4.83	1779.99	2215.98
-14.57	-4.83	1779.17	2172.99
-14.57	-4.83	1778.35	2044.82
-14.57	-4.83	1777.52	2032.31
-14.57	-4.83	1776.7	2120.18
-14.57	-4.83	1775.88	2125.9
-14.57	-4.83	1775.06	2064.73
-14.57	-4.83	1774.24	2055.26
-14.57	-4.83	1773.41	2100.51
-14.57	-4.83	1772.59	2075.84
-14.57	-4.83	1771.77	2160.57
-14.57	-4.83	1770.95	2187.55
-14.57	-4.83	1770.12	2114.27
-14.57	-4.83	1769.3	2129.1
-14.57	-4.83	1768.48	2110.52
-14.57	-4.83	1767.65	2231.61
-14.57	-4.83	1766.83	2085.52
-14.57	-4.83	1766.01	2051.78
-14.57	-4.83	1765.18	2169.79
-14.57	-4.83	1764.36	2202.8
-14.57	-4.83	1763.53	2175.12
-14.57	-4.83	1762.71	2241.48
-14.57	-4.83	1761.88	2034.88
-14.57	-4.83	1761.06	2174.02
-14.57	-4.83	1760.24	2094.83
-14.57	-4.83	1759.41	2155.09
-14.57	-4.83	1758.59	2115.33
-14.57	-4.83	1757.76	2105.88
-14.57	-4.83	1756.94	2054.02
-14.57	-4.83	1756.11	2123.34
-14.57	-4.83	1755.28	2098.76
-14.57	-4.83	1754.46	2177.13
-14.57	-4.83	1753.63	2288.78
-14.57	-4.83	1752.81	2140.07
-14.57	-4.83	1751.98	2179.05
-14.57	-4.83	1751.16	2190.78
-14.57	-4.83	1750.33	2181.34
-14.57	-4.83	1749.5	2162.82
-14.57	-4.83	1748.68	2204.79
-14.57	-4.83	1747.85	2174.18
-14.57	-4.83	1747.02	2213.11
-14.57	-4.83	1746.2	2152.28
-14.57	-4.83	1745.37	2173.07
-14.57	-4.83	1744.54	2199.9
-14.57	-4.83	1743.71	2145.15
-14.57	-4.83	1742.89	2114.57
-14.57	-4.83	1742.06	2210.86
-14.57	-4.83	1741.23	2295.04
-14.57	-4.83	1740.4	2158.79
-14.57	-4.83	1739.57	2170.5
-14.57	-4.83	1738.75	2200.31
-14.57	-4.83	1737.92	2230.12
-14.57	-4.83	1737.09	2214.65
-14.57	-4.83	1736.26	2187.12
-14.57	-4.83	1735.43	2189.77
-14.57	-4.83	1734.6	2313.04
-14.57	-4.83	1733.77	2279.48
-14.57	-4.83	1732.94	2206.74
-14.57	-4.83	1732.11	2131.02
-14.57	-4.83	1731.28	2239.15
-14.57	-4.83	1730.45	2268.9
-14.57	-4.83	1729.62	2247.42
-14.57	-4.83	1728.8	2234.99
-14.57	-4.83	1727.96	2288.82
-14.57	-4.83	1727.13	2228.21
-14.57	-4.83	1726.3	2276.0
-14.57	-4.83	1725.47	2185.31
-14.57	-4.83	1724.64	2311.35
-14.57	-4.83	1723.81	2332.02
-14.57	-4.83	1722.98	2289.5
-14.57	-4.83	1722.15	2283.1
-14.57	-4.83	1721.32	2201.51
-14.57	-4.83	1720.49	2279.31
-14.57	-4.83	1719.66	2345.07
-14.57	-4.83	1718.82	2323.63
-14.57	-4.83	1717.99	2257.11
-14.57	-4.83	1717.16	2280.77
-14.57	-4.83	1716.33	2313.43
-14.57	-4.83	1715.5	2246.95
-14.57	-4.83	1714.66	2306.64
-14.57	-4.83	1713.83	2186.13
-14.57	-4.83	1713.0	2254.81
-14.57	-4.83	1712.17	2341.49
-14.57	-4.83	1711.33	2284.06
-14.57	-4.83	1710.5	2322.69
-14.57	-4.83	1709.67	2316.29
-14.57	-4.83	1708.83	2273.9
-14.57	-4.83	1708.0	2327.5
-14.57	-4.83	1707.17	2273.12
-14.57	-4.83	1706.33	2239.76
-14.57	-4.83	1705.5	2221.39
-14.57	-4.83	1704.66	2337.91
-14.57	-4.83	1703.83	2322.52
-14.57	-4.83	1703.0	2283.18
-14.57	-4.83	1702.16	2330.72
-14.57	-4.83	1701.33	2282.4
-14.57	-4.83	1700.49	2326.93
-14.57	-4.83	1699.66	2374.45
-14.57	-4.83	1698.82	2236.33
-14.57	-4.83	1697.99	2262.89
-14.57	-4.83	1697.15	2352.29
-14.57	-4.83	1696.32	2402.75
-14.57	-4.83	1695.48	2363.45
-14.57	-4.83	1694.64	2342.11
-14.57	-4.83	1693.81	2419.47
-14.57	-4.83	1692.97	2392.15
-14.57	-4.83	1692.14	2269.16
-14.57	-4.83	1691.3	2280.73
-14.57	-4.83	1690.46	2399.89
-14.57	-4.83	1689.63	2342.71
-14.57	-4.83	1688.79	2393.1
-14.57	-4.83	1687.95	2270.22
-14.57	-4.83	1687.12	2275.81
-14.57	-4.83	1686.28	2290.35
-14.57	-4.83	1685.44	2522.84
-14.57	-4.83	1684.6	2385.09
-14.57	-4.83	1683.77	2348.87
-14.57	-4.83	1682.93	2527.52
-14.57	-4.83	1682.09	2476.37
-14.57	-4.83	1681.25	2407.33
-14.57	-4.83	1680.41	2362.19
-14.57	-4.83	1679.58	2430.37
-14.57	-4.83	1678.74	2495.55
-14.57	-4.83	1677.9	2471.28
-14.57	-4.83	1677.06	2223.47
-14.57	-4.83	1676.22	2378.05
-14.57	-4.83	1675.38	2380.63
-14.57	-4.83	1674.54	2472.57
-14.57	-4.83	1673.7	2439.39
-14.57	-4.83	1672.86	2376.43
-14.57	-4.83	1672.02	2423.67
-14.57	-4.83	1671.18	2485.77
-14.57	-4.83	1670.34	2485.35
-14.57	-4.83	1669.5	2389.69
-14.57	-4.83	1668.66	2377.38
-14.57	-4.83	1667.82	2424.58
-14.57	-4.83	1666.98	2572.88
-14.57	-4.83	1666.14	2483.23
-14.57	-4.83	1665.3	2459.02
-14.57	-4.83	1664.46	2455.63
-14.57	-4.83	1663.62	2648.41
-14.57	-4.83	1662.78	2558.8
-14.57	-4.83	1661.94	2576.2
-14.57	-4.83	1661.1	2492.57
-14.57	-4.83	1660.25	2655.52
-14.57	-4.83	1659.41	2565.97
-14.57	-4.83	1658.57	2503.17
-14.57	-4.83	1657.73	2523.53
-14.57	-4.83	1656.89	2523.1
-14.57	-4.83	1656.04	2665.12
-14.57	-4.83	1655.2	2590.48
-14.57	-4.83	1654.36	2533.67
-14.57	-4.83	1653.52	2571.8
-14.57	-4.83	1652.67	2609.92
-14.57	-4.83	1651.83	2633.2
-14.57	-4.83	1650.99	2614.96
-14.57	-4.83	1650.14	2498.9
-14.57	-4.83	1649.3	2637.78
-14.57	-4.83	1648.46	2708.44
-14.57	-4.83	1647.61	2616.13
-14.57	-4.83	1646.77	2583.1
-14.57	-4.83	1645.92	2647.82
-14.57	-4.83	1645.08	2632.56
-14.57	-4.83	1644.24	2794.95
-14.57	-4.83	1643.39	2673.11
-14.57	-4.83	1642.55	2595.7
-14.57	-4.83	1641.7	2707.7
-14.57	-4.83	1640.86	2828.55
-14.57	-4.83	1640.01	2798.48
-14.57	-4.83	1639.17	2765.47
-14.57	-4.83	1638.32	2895.11
-14.57	-4.83	1637.48	3033.59
-14.57	-4.83	1636.63	2823.18
-14.57	-4.83	1635.78	2872.94
-14.57	-4.83	1634.94	2925.64
-14.57	-4.83	1634.09	3090.61
-14.57	-4.83	1633.25	3030.99
-14.57	-4.83	1632.4	2989.12
-14.57	-4.83	1631.55	2979.75
-14.57	-4.83	1630.71	3056.01
-14.57	-4.83	1629.86	3144.06
-14.57	-4.83	1629.01	3078.58
-14.57	-4.83	1628.16	3010.18
-14.57	-4.83	1627.32	3089.33
-14.57	-4.83	1626.47	3259.91
-14.57	-4.83	1625.62	3135.47
-14.57	-4.83	1624.77	3220.46
-14.57	-4.83	1623.93	3196.32
-14.57	-4.83	1623.08	3290.11
-14.57	-4.83	1622.23	3345.55
-14.57	-4.83	1621.38	3386.24
-14.57	-4.83	1620.53	3188.24
-14.57	-4.83	1619.69	3388.03
-14.57	-4.83	1618.84	3464.03
-14.57	-4.83	1617.99	3451.66
-14.57	-4.83	1617.14	3359.78
-14.57	-4.83	1616.29	3273.83
-14.57	-4.83	1615.44	3396.9
-14.57	-4.83	1614.59	3472.84
-14.57	-4.83	1613.74	3428.11
-14.57	-4.83	1612.89	3401.04
-14.57	-4.83	1612.04	3597.54
-14.57	-4.83	1611.19	3688.1
-14.57	-4.83	1610.34	3658.06
-14.57	-4.83	1609.49	3516.31
-14.57	-4.83	1608.64	3521.59
-14.57	-4.83	1607.79	3688.51
-14.57	-4.83	1606.94	3734.9
-14.57	-4.83	1606.09	3593.23
-14.57	-4.83	1605.24	3657.24
-14.57	-4.83	1604.39	3659.55
-14.57	-4.83	1603.54	3688.29
-14.57	-4.83	1602.68	3690.59
-14.57	-4.83	1601.83	3593.09
-14.57	-4.83	1600.98	3724.55
-14.57	-4.83	1600.13	3838.36
-14.57	-4.83	1599.28	3693.93
-14.57	-4.83	1598.42	3590.63
-14.57	-4.83	1597.57	3807.05
-14.57	-4.83	1596.72	3677.37
-14.57	-4.83	1595.87	3785.22
-14.57	-4.83	1595.01	3602.82
-14.57	-4.83	1594.16	3628.58
-14.57	-4.83	1593.31	3736.39
-14.57	-4.83	1592.45	3785.56
-14.57	-4.83	1591.6	3773.19
-14.57	-4.83	1590.75	3585.09
-14.57	-4.83	1589.89	3593.26
-14.57	-4.83	1589.04	3777.11
-14.57	-4.83	1588.19	3691.56
-14.57	-4.83	1587.33	3603.12
-14.57	-4.83	1586.48	3546.9
-14.57	-4.83	1585.62	3598.95
-14.57	-4.83	1584.77	3808.97
-14.57	-4.83	1583.91	3694.24
-14.57	-4.83	1583.06	3617.57
-14.57	-4.83	1582.2	3733.91
-14.57	-4.83	1581.35	3581.25
-14.57	-4.83	1580.49	3548.48
-14.57	-4.83	1579.64	3521.57
-14.57	-4.83	1578.78	3553.11
-14.57	-4.83	1577.93	3564.18
-14.57	-4.83	1577.07	3502.23
-14.57	-4.83	1576.21	3440.3
-14.57	-4.83	1575.36	3527.31
-14.57	-4.83	1574.5	3655.16
-14.57	-4.83	1573.65	3619.5
-14.57	-4.83	1572.79	3414.59
-14.57	-4.83	1571.93	3335.22
-14.57	-4.83	1571.08	3559.29
-14.57	-4.83	1570.22	3442.0
-14.57	-4.83	1569.36	3420.99
-14.57	-4.83	1568.5	3385.41
-14.57	-4.83	1567.65	3425.65
-14.57	-4.83	1566.79	3462.95
-14.57	-4.83	1565.93	3561.45
-14.57	-4.83	1565.07	3409.31
-14.57	-4.83	1564.21	3335.89
-14.57	-4.83	1563.36	3346.97
-14.57	-4.83	1562.5	3486.19
-14.57	-4.83	1561.64	3328.35
-14.57	-4.83	1560.78	3339.42
-14.57	-4.83	1559.92	3330.11
-14.57	-4.83	1559.06	3571.11
-14.57	-4.83	1558.2	3422.09
-14.57	-4.83	1557.34	3412.77
-14.57	-4.83	1556.49	3493.63
-14.57	-4.83	1555.63	3565.74
-14.57	-4.83	1554.77	3536.05
-14.57	-4.83	1553.91	3529.63
-14.57	-4.83	1553.05	3482.51
-14.57	-4.83	1552.19	3563.29
-14.57	-4.83	1551.33	3492.93
-14.57	-4.83	1550.47	3471.99
-14.57	-4.83	1549.6	3436.54
-14.57	-4.83	1548.74	3572.46
-14.57	-4.83	1547.88	3484.72
-14.57	-4.83	1547.02	3460.9
-14.57	-4.83	1546.16	3451.59
-14.57	-4.83	1545.3	3497.44
-14.57	-4.83	1544.44	3595.5
-14.57	-4.83	1543.58	3600.68
-14.57	-4.83	1542.71	3417.3
-14.57	-4.83	1541.85	3471.82
-14.57	-4.83	1540.99	3453.83
-14.57	-4.83	1540.13	3618.5
-14.57	-4.83	1539.27	3432.34
-14.57	-4.83	1538.4	3510.01
-14.57	-4.83	1537.54	3573.16
-14.57	-4.83	1536.68	3679.75
-14.57	-4.83	1535.81	3528.48
-14.57	-4.83	1534.95	3504.7
-14.57	-4.83	1534.09	3567.8
-14.57	-4.83	1533.23	3654.05
-14.57	-4.83	1532.36	3618.68
-14.57	-4.83	1531.5	3577.54
-14.57	-4.83	1530.63	3394.6
-14.57	-4.83	1529.77	3582.09
-14.57	-4.83	1528.91	3798.45
-14.57	-4.83	1528.04	3630.03
-14.57	-4.83	1527.18	3693.03
-14.57	-4.83	1526.31	3712.63
-14.57	-4.83	1525.45	3813.17
-14.57	-4.83	1524.58	3694.01
-14.57	-4.83	1523.72	3563.32
-14.57	-4.83	1522.85	3623.39
-14.57	-4.83	1521.99	3697.87
-14.57	-4.83	1521.12	3677.02
-14.57	-4.83	1520.26	3618.62
-14.57	-4.83	1519.39	3678.64
-14.57	-4.83	1518.52	3727.08
-14.57	-4.83	1517.66	3763.96
-14.57	-4.83	1516.79	3468.94
-14.57	-4.83	1515.93	3552.02
-14.57	-4.83	1515.06	3635.07
-14.57	-4.83	1514.19	3735.4
-14.57	-4.83	1513.33	3711.69
-14.57	-4.83	1512.46	3656.26
-14.57	-4.83	1511.59	3528.78
-14.57	-4.83	1510.72	3758.77
-14.57	-4.83	1509.86	3827.29
-14.57	-4.83	1508.99	3607.63
-14.57	-4.83	1508.12	3725.13
-14.57	-4.83	1507.25	3782.1
-14.57	-4.83	1506.38	3620.16
-14.57	-4.83	1505.52	3674.25
-14.57	-4.83	1504.65	3593.0
-14.57	-4.83	1503.78	3664.35
-14.57	-4.83	1502.91	3781.71
-14.57	-4.83	1502.04	3450.14
-14.57	-4.83	1501.17	3504.21
-14.57	-4.83	1500.3	3618.67
-14.57	-4.83	1499.44	3776.22
-14.57	-4.83	1498.57	3562.78
-14.57	-4.83	1497.7	3628.29
-14.57	-4.83	1496.83	3529.93
-14.57	-4.83	1495.96	3586.8
-14.57	-4.83	1495.09	3580.44
-14.57	-4.83	1494.22	3579.82
-14.57	-4.83	1493.35	3547.6
-14.57	-4.83	1492.48	3541.24
-14.57	-4.83	1491.61	3603.8
-14.57	-4.83	1490.73	3448.14
-14.57	-4.83	1489.86	3499.22
-14.57	-4.83	1488.99	3659.34
-14.57	-4.83	1488.12	3696.01
-14.57	-4.83	1487.25	3549.05
-14.57	-4.83	1486.38	3491.06
-14.57	-4.83	1485.51	3539.22
-14.57	-4.83	1484.63	3667.64
-14.57	-4.83	1483.76	3678.48
-14.57	-4.83	1482.89	3525.91
-14.57	-4.83	1482.02	3476.58
-14.57	-4.83	1481.15	3513.23
-14.57	-4.83	1480.27	3567.06
-14.57	-4.83	1479.4	3448.99
-14.57	-4.83	1478.53	3362.47
-14.57	-4.83	1477.65	3565.21
-14.57	-4.83	1476.78	3352.72
-14.57	-4.83	1475.91	3314.93
-14.57	-4.83	1475.03	3388.77
-14.57	-4.83	1474.16	3536.99
-14.57	-4.83	1473.29	3536.37
-14.57	-4.83	1472.41	3384.15
-14.57	-4.83	1471.54	3249.13
-14.57	-4.83	1470.67	3448.75
-14.57	-4.83	1469.79	3499.62
-14.57	-4.83	1468.92	3547.61
-14.57	-4.83	1468.04	3304.05
-14.57	-4.83	1467.17	3323.48
-14.57	-4.83	1466.29	3505.76
-14.57	-4.83	1465.42	3442.31
-14.57	-4.83	1464.54	3347.46
-14.57	-4.83	1463.67	3364.01
-14.57	-4.83	1462.79	3431.96
-14.57	-4.83	1461.91	3391.4
-14.57	-4.83	1461.04	3387.95
-14.57	-4.83	1460.16	3238.97
-14.57	-4.83	1459.29	3435.28
-14.57	-4.83	1458.41	3334.84
-14.57	-4.83	1457.53	3419.83
-14.57	-4.83	1456.66	3359.35
-14.57	-4.83	1455.78	3318.85
-14.57	-4.83	1454.9	3398.1
-14.57	-4.83	1454.03	3363.31
-14.57	-4.83	1453.15	3223.09
-14.57	-4.83	1452.27	3390.63
-14.57	-4.83	1451.39	3390.05
-14.57	-4.83	1450.52	3423.64
-14.57	-4.83	1449.64	3303.44
-14.57	-4.83	1448.76	3211.75
-14.57	-4.83	1447.88	3336.45
-14.57	-4.83	1447.0	3350.11
-14.57	-4.83	1446.13	3343.83
-14.57	-4.83	1445.25	3209.52
-14.57	-4.83	1444.37	3342.67
-14.57	-4.83	1443.49	3316.49
-14.57	-4.83	1442.61	3347.2
-14.57	-4.83	1441.73	3204.45
-14.57	-4.83	1440.85	3346.04
-14.57	-4.83	1439.97	3348.3
-14.57	-4.83	1439.09	3361.93
-14.57	-4.83	1438.21	3293.15
-14.57	-4.83	1437.33	3343.72
-14.57	-4.83	1436.45	3439.71
-14.57	-4.83	1435.57	3478.87
-14.57	-4.83	1434.69	3282.35
-14.57	-4.83	1433.81	3454.95
-14.57	-4.83	1432.93	3468.54
-14.57	-4.83	1432.05	3482.13
-14.57	-4.83	1431.17	3265.88
-14.57	-4.83	1430.29	3401.49
-14.57	-4.83	1429.41	3426.43
-14.57	-4.83	1428.52	3422.99
-14.57	-4.83	1427.64	3408.22
-14.57	-4.83	1426.76	3484.17
-14.57	-4.83	1425.88	3287.99
-14.57	-4.83	1425.0	3587.82
-14.57	-4.83	1424.11	3354.85
-14.57	-4.83	1423.23	3374.1
-14.57	-4.83	1422.35	3387.68
-14.57	-4.83	1421.47	3489.04
-14.57	-4.83	1420.58	3437.47
-14.57	-4.83	1419.7	3442.53
-14.57	-4.83	1418.82	3294.74
-14.57	-4.83	1417.93	3430.01
-14.57	-4.83	1417.05	3590.7
-14.57	-4.83	1416.17	3459.94
-14.57	-4.83	1415.28	3346.2
-14.57	-4.83	1414.4	3450.25
-14.57	-4.83	1413.51	3475.1
-14.57	-4.83	1412.63	3417.96
-14.57	-4.83	1411.75	3355.18
-14.57	-4.83	1410.86	3340.46
-14.57	-4.83	1409.98	3537.67
-14.57	-4.83	1409.09	3449.48
-14.57	-4.83	1408.21	3341.54
-14.57	-4.83	1407.32	3324.02
-14.57	-4.83	1406.44	3442.03
-14.57	-4.83	1405.55	3520.48
-14.57	-4.83	1404.66	3392.85
-14.57	-4.83	1403.78	3400.73
-14.57	-4.83	1402.89	3408.6
-14.57	-4.83	1402.01	3433.4
-14.57	-4.83	1401.12	3294.58
-14.57	-4.83	1400.23	3319.39
-14.57	-4.83	1399.35	3448.52
-14.57	-4.83	1398.46	3495.85
-14.57	-4.83	1397.57	3526.25
-14.57	-4.83	1396.69	3497.45
-14.57	-4.83	1395.8	3558.83
-14.57	-4.83	1394.91	3558.21
-14.57	-4.83	1394.02	3453.37
-14.57	-4.83	1393.14	3309.14
-14.57	-4.83	1392.25	3407.12
-14.57	-4.83	1391.36	3530.4
-14.57	-4.83	1390.47	3580.45
-14.57	-4.83	1389.58	3461.62
-14.57	-4.83	1388.7	3441.32
-14.57	-4.83	1387.81	3499.8
-14.57	-4.83	1386.92	3552.64
-14.57	-4.83	1386.03	3369.21
-14.57	-4.83	1385.14	3458.61
-14.57	-4.83	1384.25	3590.14
-14.57	-4.83	1383.36	3434.92
-14.57	-4.83	1382.47	3507.39
-14.57	-4.83	1381.58	3532.06
-14.57	-4.83	1380.69	3652.25
-14.57	-4.83	1379.8	3775.21
-14.57	-4.83	1378.91	3608.85
-14.57	-4.83	1378.02	3538.03
-14.57	-4.83	1377.13	3669.36
-14.57	-4.83	1376.24	3682.76
-14.57	-4.83	1375.35	3648.44
-14.57	-4.83	1374.46	3445.77
-14.57	-4.83	1373.57	3462.0
-14.57	-4.83	1372.68	3775.56
-14.57	-4.83	1371.78	3567.36
-14.57	-4.83	1370.89	3704.14
-14.57	-4.83	1370.0	3532.48
-14.57	-4.83	1369.11	3702.85
-14.57	-4.83	1368.22	3752.65
-14.57	-4.83	1367.33	3679.14
-14.57	-4.83	1366.43	3734.53
-14.57	-4.83	1365.54	3725.47
-14.57	-4.83	1364.65	3730.42
-14.57	-4.83	1363.76	3659.77
-14.57	-4.83	1362.86	3779.52
-14.57	-4.83	1361.97	3874.03
-14.57	-4.83	1361.08	3929.32
-14.57	-4.83	1360.18	3811.11
-14.57	-4.83	1359.29	3754.49
-14.57	-4.83	1358.4	3946.85
-14.57	-4.83	1357.5	3890.22
-14.57	-4.83	1356.61	3833.62
-14.57	-4.83	1355.71	3679.18
-14.57	-4.83	1354.82	3927.32
-14.57	-4.83	1353.92	3887.51
-14.57	-4.83	1353.03	3962.27
-14.57	-4.83	1352.13	3886.15
-14.57	-4.83	1351.24	3882.67
-14.57	-4.83	1350.34	4124.97
-14.57	-4.83	1349.45	4006.97
-14.57	-4.83	1348.55	4090.03
-14.57	-4.83	1347.66	4092.1
-14.57	-4.83	1346.76	4200.23
-14.57	-4.83	1345.87	4096.25
-14.57	-4.83	1344.97	4087.17
-14.57	-4.83	1344.07	4011.14
-14.57	-4.83	1343.18	4155.46
-14.57	-4.83	1342.28	4132.43
-14.57	-4.83	1341.38	4112.19
-14.57	-4.83	1340.49	4167.22
-14.57	-4.83	1339.59	4152.56
-14.57	-4.83	1338.69	4204.77
-14.57	-4.83	1337.8	4223.54
-14.57	-4.83	1336.9	4075.17
-14.57	-4.83	1336.0	4380.81
-14.57	-4.83	1335.1	4271.44
-14.57	-4.83	1334.2	4309.67
-14.57	-4.83	1333.31	4044.48
-14.57	-4.83	1332.41	4196.84
-14.57	-4.83	1331.51	4310.19
-14.57	-4.83	1330.61	4178.68
-14.57	-4.83	1329.71	4255.84
-14.57	-4.83	1328.81	4224.5
-14.57	-4.83	1327.91	4398.94
-14.57	-4.83	1327.02	4217.46
-14.57	-4.83	1326.12	4277.87
-14.57	-4.83	1325.22	4368.84
-14.57	-4.83	1324.32	4470.88
-14.57	-4.83	1323.42	4331.19
-14.57	-4.83	1322.52	4255.44
-14.57	-4.83	1321.62	4188.04
-14.57	-4.83	1320.72	4456.65
-14.57	-4.83	1319.82	4372.58
-14.57	-4.83	1318.91	4457.86
-14.57	-4.83	1318.01	4321.09
-14.57	-4.83	1317.11	4403.58
-14.57	-4.83	1316.21	4463.84
-14.57	-4.83	1315.31	4440.87
-14.57	-4.83	1314.41	4268.14
-14.57	-4.83	1313.51	4533.59
-14.57	-4.83	1312.61	4546.66
-14.57	-4.83	1311.7	4321.34
-14.57	-4.83	1310.8	4295.64
-14.57	-4.83	1309.9	4344.76
-14.57	-4.83	1309.0	4446.51
-14.57	-4.83	1308.09	4368.17
-14.57	-4.83	1307.19	4223.39
-14.57	-4.83	1306.29	4435.86
-14.57	-4.83	1305.39	4448.93
-14.57	-4.83	1304.48	4403.86
-14.57	-4.83	1303.58	4245.34
-14.57	-4.83	1302.68	4288.87
-14.57	-4.83	1301.77	4241.08
-14.57	-4.83	1300.87	4295.66
-14.57	-4.83	1299.96	4126.21
-14.57	-4.83	1299.06	4211.2
-14.57	-4.83	1298.16	4348.69
-14.57	-4.83	1297.25	4226.31
-14.57	-4.83	1296.35	4056.99
-14.57	-4.83	1295.44	4161.27
-14.57	-4.83	1294.54	4185.41
-14.57	-4.83	1293.63	4220.58
-14.57	-4.83	1292.73	4051.38
-14.57	-4.83	1291.82	4208.05
-14.57	-4.83	1290.92	4259.77
-14.57	-4.83	1290.01	4112.73
-14.57	-4.83	1289.1	3935.38
-14.57	-4.83	1288.2	4045.06
-14.57	-4.83	1287.29	4212.64
-14.57	-4.83	1286.39	4151.22
-14.57	-4.83	1285.48	3913.32
-14.57	-4.83	1284.57	3970.53
-14.57	-4.83	1283.67	4179.36
-14.57	-4.83	1282.76	4024.27
-14.57	-4.83	1281.85	3946.39
-14.57	-4.83	1280.94	3849.26
-14.57	-4.83	1280.04	4041.43
-14.57	-4.83	1279.13	4159.16
-14.57	-4.83	1278.22	4056.53
-14.57	-4.83	1277.31	3984.23
-14.57	-4.83	1276.41	4107.41
-14.57	-4.83	1275.5	4073.66
-14.57	-4.83	1274.59	4020.66
-14.57	-4.83	1273.68	3937.41
-14.57	-4.83	1272.77	4063.26
-14.57	-4.83	1271.86	4029.54
-14.57	-4.83	1270.95	3990.33
-14.57	-4.83	1270.04	4000.63
-14.57	-4.83	1269.13	3969.69
-14.57	-4.83	1268.23	3925.01
-14.57	-4.83	1267.32	3861.11
-14.57	-4.83	1266.41	3885.16
-14.57	-4.83	1265.5	3793.82
-14.57	-4.83	1264.59	3938.73
-14.57	-4.83	1263.67	3784.25
-14.57	-4.83	1262.76	3624.33
-14.57	-4.83	1261.85	3667.62
-14.57	-4.83	1260.94	3804.21
-14.57	-4.83	1260.03	3756.89
-14.57	-4.83	1259.12	3687.63
-14.57	-4.83	1258.21	3582.74
-14.57	-4.83	1257.3	3636.97
-14.57	-4.83	1256.39	3628.1
-14.57	-4.83	1255.47	3512.3
-14.57	-4.83	1254.56	3569.25
-14.57	-4.83	1253.65	3530.25
-14.57	-4.83	1252.74	3705.02
-14.57	-4.83	1251.83	3564.63
-14.57	-4.83	1250.91	3517.43
-14.57	-4.83	1250.0	3546.94
-14.57	-4.83	1249.09	3666.81
-14.57	-4.83	1248.17	3488.19
-14.57	-4.83	1247.26	3342.49
-14.57	-4.83	1246.35	3549.92
-14.57	-4.83	1245.43	3593.08
-14.57	-4.83	1244.52	3422.81
-14.57	-4.83	1243.61	3392.11
-14.57	-4.83	1242.69	3520.07
-14.57	-4.83	1241.78	3530.38
-14.57	-4.83	1240.86	3349.31
-14.57	-4.83	1239.95	3419.79
-14.57	-4.83	1239.03	3536.72
-14.57	-4.83	1238.12	3547.03
-14.57	-4.83	1237.2	3434.38
-14.57	-4.83	1236.29	3338.16
-14.57	-4.83	1235.37	3422.24
-14.57	-4.83	1234.46	3438.03
-14.57	-4.83	1233.54	3388.27
-14.57	-4.83	1232.63	3267.57
-14.57	-4.83	1231.71	3411.64
-14.57	-4.83	1230.8	3370.11
-14.57	-4.83	1229.88	3336.78
-14.57	-4.83	1228.96	3439.85
-14.57	-4.83	1228.05	3291.96
-14.57	-4.83	1227.13	3457.72
-14.57	-4.83	1226.21	3386.22
-14.57	-4.83	1225.3	3235.7
-14.57	-4.83	1224.38	3262.38
-14.57	-4.83	1223.46	3400.78
-14.57	-4.83	1222.54	3353.87
-14.57	-4.83	1221.63	3263.38
-14.57	-4.83	1220.71	3355.41
-14.57	-4.83	1219.79	3387.49
-14.57	-4.83	1218.87	3182.7
-14.57	-4.83	1217.95	3304.63
-14.57	-4.83	1217.03	3388.42
-14.57	-4.83	1216.12	3444.96
-14.57	-4.83	1215.2	3403.55
-14.57	-4.83	1214.28	3305.02
-14.57	-4.83	1213.36	3198.37
-14.57	-4.83	1212.44	3358.24
-14.57	-4.83	1211.52	3322.3
-14.57	-4.83	1210.6	3223.86
-14.57	-4.83	1209.68	3234.16
-14.57	-4.83	1208.76	3494.45
-14.57	-4.83	1207.84	3436.78
-14.57	-4.83	1206.92	3297.64
-14.57	-4.83	1206.0	3193.85
-14.57	-4.83	1205.08	3383.36
-14.57	-4.83	1204.16	3331.18
-14.57	-4.83	1203.24	3303.45
-14.57	-4.83	1202.31	3387.0
-14.57	-4.83	1201.39	3386.4
-14.57	-4.83	1200.47	3304.41
-14.57	-4.83	1199.55	3379.78
-14.57	-4.83	1198.63	3352.06
-14.57	-4.83	1197.71	3419.26
-14.57	-4.83	1196.78	3388.83
-14.57	-4.83	1195.86	3312.33
-14.57	-4.83	1194.94	3257.55
-14.57	-4.83	1194.02	3517.09
-14.57	-4.83	1193.09	3397.27
-14.57	-4.83	1192.17	3353.33
-14.57	-4.83	1191.25	3347.32
-14.57	-4.83	1190.32	3427.96
-14.57	-4.83	1189.4	3419.23
-14.57	-4.83	1188.48	3340.13
-14.57	-4.83	1187.55	3464.03
-14.57	-4.83	1186.63	3501.3
-14.57	-4.83	1185.71	3443.87
-14.57	-4.83	1184.78	3535.22
-14.57	-4.83	1183.86	3445.35
-14.57	-4.83	1182.93	3474.49
-14.57	-4.83	1182.01	3481.98
-14.57	-4.83	1181.08	3351.62
-14.57	-4.83	1180.16	3421.29
-14.57	-4.83	1179.23	3385.56
-14.57	-4.83	1178.31	3393.07
-14.57	-4.83	1177.38	3405.97
-14.57	-4.83	1176.46	3367.56
-14.57	-4.83	1175.53	3437.17
-14.57	-4.83	1174.6	3320.48
-14.57	-4.83	1173.68	3282.1
-14.57	-4.83	1172.75	3284.22
-14.57	-4.83	1171.82	3410.45
-14.57	-4.83	1170.9	3417.94
-14.57	-4.83	1169.97	3325.63
-14.57	-4.83	1169.04	3368.19
-14.57	-4.83	1168.12	3397.25
-14.57	-4.83	1167.19	3426.3
-14.57	-4.83	1166.26	3366.4
-14.57	-4.83	1165.33	3255.31
-14.57	-4.83	1164.41	3332.87
-14.57	-4.83	1163.48	3367.3
-14.57	-4.83	1162.55	3108.14
-14.57	-4.83	1161.62	3261.09
-14.57	-4.83	1160.69	3225.51
-14.57	-4.83	1159.76	3370.3
-14.57	-4.83	1158.84	3183.99
-14.57	-4.83	1157.91	3188.81
-14.57	-4.83	1156.98	3285.1
-14.57	-4.83	1156.05	3332.94
-14.57	-4.83	1155.12	3098.36
-14.57	-4.83	1154.19	3122.01
-14.57	-4.83	1153.26	3218.25
-14.57	-4.83	1152.33	3327.89
-14.57	-4.83	1151.4	3090.79
-14.57	-4.83	1150.47	3023.06
-14.57	-4.83	1149.54	3245.52
-14.57	-4.83	1148.61	3180.47
-14.57	-4.83	1147.68	3131.56
-14.57	-4.83	1146.75	3128.32
-14.57	-4.83	1145.81	3380.14
-14.57	-4.83	1144.88	3234.58
-14.57	-4.83	1143.95	3225.96
-14.57	-4.83	1143.02	3209.29
-14.57	-4.83	1142.09	3307.98
-14.57	-4.83	1141.16	3122.31
-14.57	-4.83	1140.22	3105.66
-14.57	-4.83	1139.29	3102.43
-14.57	-4.83	1138.36	3182.31
-14.57	-4.83	1137.43	3216.59
-14.57	-4.83	1136.49	3049.86
-14.57	-4.83	1135.56	3102.91
-14.57	-4.83	1134.63	3241.67
-14.57	-4.83	1133.69	3176.81
-14.57	-4.83	1132.76	3042.34
-14.57	-4.83	1131.83	3116.77
-14.57	-4.83	1130.89	3118.89
-14.57	-4.83	1129.96	3174.55
-14.57	-4.83	1129.02	3045.53
-14.57	-4.83	1128.09	3103.85
-14.57	-4.83	1127.16	3100.63
-14.57	-4.83	1126.22	3263.24
-14.57	-4.83	1125.29	3171.73
-14.57	-4.83	1124.35	2986.67
-14.57	-4.83	1123.42	3282.88
-14.57	-4.83	1122.48	3167.37
-14.57	-4.83	1121.55	3011.8
-14.57	-4.83	1120.61	3005.92
-14.57	-4.83	1119.67	3179.03
-14.57	-4.83	1118.74	3068.96
-14.57	-4.83	1117.8	3081.77
-14.57	-4.83	1116.87	3014.47
-14.57	-4.83	1115.93	3107.36
-14.57	-4.83	1114.99	3064.11
-14.57	-4.83	1114.06	2930.13
-14.57	-4.83	1113.12	2980.3
-14.57	-4.83	1112.18	3203.86
-14.57	-4.83	1111.24	3211.29
-14.57	-4.83	1110.31	2973.38
-14.57	-4.83	1109.37	3071.5
-14.57	-4.83	1108.43	3158.93
-14.57	-4.83	1107.49	3089.07
-14.57	-4.83	1106.55	3061.87
-14.57	-4.83	1105.62	3016.03
-14.57	-4.83	1104.68	3055.45
-14.57	-4.83	1103.74	3081.54
-14.57	-4.83	1102.8	2937.19
-14.57	-4.83	1101.86	2987.26
-14.57	-4.83	1100.92	3055.94
-14.57	-4.83	1099.98	3042.09
-14.57	-4.83	1099.04	2959.05
-14.57	-4.83	1098.1	3001.09
-14.57	-4.83	1097.16	3056.42
-14.57	-4.83	1096.22	2970.77
-14.57	-4.83	1095.28	2964.92
-14.57	-4.83	1094.34	2996.3
-14.57	-4.83	1093.4	3035.64
-14.57	-4.83	1092.46	2907.53
-14.57	-4.83	1091.52	2928.27
-14.57	-4.83	1090.58	2917.12
-14.57	-4.83	1089.64	3068.0
-14.57	-4.83	1088.7	2902.8
-14.57	-4.83	1087.76	2960.7
-14.57	-4.83	1086.81	2872.56
-14.57	-4.83	1085.87	2991.5
-14.57	-4.83	1084.93	3065.27
-14.57	-4.83	1083.99	2863.06
-14.57	-4.83	1083.05	2862.55
-14.57	-4.83	1082.1	3087.5
-14.57	-4.83	1081.16	3039.22
-14.57	-4.83	1080.22	2842.46
-14.57	-4.83	1079.28	2969.21
-14.57	-4.83	1078.33	3159.52
-14.57	-4.83	1077.39	3092.7
-14.57	-4.83	1076.45	2935.82
-14.57	-4.83	1075.5	2935.3
-14.57	-4.83	1074.56	3114.89
-14.57	-4.83	1073.61	2976.62
-14.57	-4.83	1072.67	2965.5
-14.57	-4.83	1071.73	2986.15
-14.57	-4.83	1070.78	3104.72
-14.57	-4.83	1069.84	3064.47
-14.57	-4.83	1068.89	2913.11
-14.57	-4.83	1067.95	3066.03
-14.57	-4.83	1067.0	2991.42
-14.57	-4.83	1066.06	3091.38
-14.57	-4.83	1065.11	2969.2
-14.57	-4.83	1064.16	2934.3
-14.57	-4.83	1063.22	3026.29
-14.57	-4.83	1062.27	2978.18
-14.57	-4.83	1061.33	2845.54
-14.57	-4.83	1060.38	2966.55
-14.57	-4.83	1059.43	2905.27
-14.57	-4.83	1058.49	2880.99
-14.57	-4.83	1057.54	2859.35
-14.57	-4.83	1056.59	2914.28
-14.57	-4.83	1055.65	3000.85
-14.57	-4.83	1054.7	2952.82
-14.57	-4.83	1053.75	2854.67
-14.57	-4.83	1052.8	3009.79
-14.57	-4.83	1051.85	2938.05
-14.57	-4.83	1050.91	2855.78
-14.57	-4.83	1049.96	2852.63
-14.57	-4.83	1049.01	2962.83
-14.57	-4.83	1048.06	3025.55
-14.57	-4.83	1047.11	2906.44
-14.57	-4.83	1046.16	2826.88
-14.57	-4.83	1045.21	2926.47
-14.57	-4.83	1044.27	2894.34
-14.57	-4.83	1043.32	2975.45
-14.57	-4.83	1042.37	2919.63
-14.57	-4.83	1041.42	3011.24
-14.57	-4.83	1040.47	3023.86
-14.57	-4.83	1039.52	2947.01
-14.57	-4.83	1038.57	2972.79
-14.57	-4.83	1037.62	3053.8
-14.57	-4.83	1036.67	3076.92
-14.57	-4.83	1035.71	2960.68
-14.57	-4.83	1034.76	2947.0
-14.57	-4.83	1033.81	2954.36
-14.57	-4.83	1032.86	2880.25
-14.57	-4.83	1031.91	2984.84
-14.57	-4.83	1030.96	2989.56
-14.57	-4.83	1030.01	3080.95
-14.57	-4.83	1029.05	2991.11
-14.57	-4.83	1028.1	3085.1
-14.57	-4.83	1027.15	2997.92
-14.57	-4.83	1026.2	3123.36
-14.57	-4.83	1025.24	3135.92
-14.57	-4.83	1024.29	2901.85
-14.57	-4.83	1023.34	3024.62
-14.57	-4.83	1022.39	3087.03
-14.57	-4.83	1021.43	3047.14
-14.57	-4.83	1020.48	3023.0
-14.57	-4.83	1019.52	2959.54
-14.57	-4.83	1018.57	3179.17
-14.57	-4.83	1017.62	3037.1
-14.57	-4.83	1016.66	2913.41
-14.57	-4.83	1015.71	3022.91
-14.57	-4.83	1014.75	3148.08
-14.57	-4.83	1013.8	3134.43
-14.57	-4.83	1012.84	3110.3
-14.57	-4.83	1011.89	3070.48
-14.57	-4.83	1010.93	3245.28
-14.57	-4.83	1009.98	3106.01
-14.57	-4.83	1009.02	3063.6
-14.57	-4.83	1008.07	3097.05
-14.57	-4.83	1007.11	3083.42
-14.57	-4.83	1006.16	3122.09
-14.57	-4.83	1005.2	2996.04
-14.57	-4.83	1004.24	3100.06
-14.57	-4.83	1003.29	3107.34
-14.57	-4.83	1002.33	3051.91
-14.57	-4.83	1001.37	3030.47
-14.57	-4.83	1000.41	3074.33
-14.57	-4.83	999.4580000000001	3021.54
-14.57	-4.83	998.5	3060.17
-14.57	-4.83	997.543	3002.19
-14.57	-4.83	996.585	3001.65
-14.57	-4.83	995.627	3071.57
-14.57	-4.83	994.669	2940.56
-14.57	-4.83	993.71	3067.86
-14.57	-4.83	992.752	3038.62
-14.57	-4.83	991.793	3069.36
-14.57	-4.83	990.834	2998.42
-14.57	-4.83	989.875	2997.88
-14.57	-4.83	988.916	3130.26
-14.57	-4.83	987.957	3119.28
-14.57	-4.83	986.997	3006.68
-14.57	-4.83	986.0369999999999	3079.08
-14.57	-4.83	985.078	3161.87
-14.57	-4.83	984.118	3153.49
-14.57	-4.83	983.1569999999999	3033.16
-14.57	-4.83	982.197	3037.82
-14.57	-4.83	981.2360000000001	3089.33
-14.57	-4.83	980.2760000000001	3099.19
-14.57	-4.83	979.315	2929.52
-14.57	-4.83	978.3539999999999	3142.29
-14.57	-4.83	977.3919999999999	3178.14
-14.57	-4.83	976.431	2956.54
-14.57	-4.83	975.4689999999999	2976.81
-14.57	-4.83	974.508	3002.27
-14.57	-4.83	973.546	3058.9
-14.57	-4.83	972.584	2915.44
-14.57	-4.83	971.6210000000001	2922.71
-14.57	-4.83	970.659	3028.68
-14.57	-4.83	969.696	2926.85
-14.57	-4.83	968.7330000000001	2799.1
-14.57	-4.83	967.77	2840.13
-14.57	-4.83	966.807	3016.12
-14.57	-4.83	965.8439999999999	3147.93
-14.57	-4.83	964.88	2854.17
-14.57	-4.83	963.9169999999999	2954.83
-14.57	-4.83	962.953	3169.58
-14.57	-4.83	961.9889999999999	2984.88
-14.57	-4.83	961.025	2916.93
-14.57	-4.83	960.06	2963.07
-14.57	-4.83	959.096	3180.26
-14.57	-4.83	958.1310000000001	3063.07
-14.57	-4.83	957.166	3031.43
-14.57	-4.83	956.201	3168.18
-14.57	-4.83	955.2360000000001	3190.92
-14.57	-4.83	954.27	3104.89
-14.57	-4.83	953.305	3034.42
-14.57	-4.83	952.3389999999999	3230.61
-14.57	-4.83	951.373	3147.21
-14.57	-4.83	950.4069999999999	2993.97
-14.57	-4.83	949.441	2985.67
-14.57	-4.83	948.4739999999999	3034.28
-14.57	-4.83	947.508	3031.14
-14.57	-4.83	946.541	2963.37
-14.57	-4.83	945.574	2918.88
-14.57	-4.83	944.607	3109.64
-14.57	-4.83	943.6389999999999	3018.62
-14.57	-4.83	942.672	2981.9
-14.57	-4.83	941.704	2955.53
-14.57	-4.83	940.7360000000001	2988.58
-14.57	-4.83	939.768	2969.96
-14.57	-4.83	938.8	2879.05
-14.57	-4.83	937.832	2865.63
-14.57	-4.83	936.863	2996.75
-14.57	-4.83	935.8939999999999	3040.08
-14.57	-4.83	934.926	2812.47
-14.57	-4.83	933.956	2886.78
-14.57	-4.83	932.987	2981.69
-14.57	-4.83	932.018	2955.37
-14.57	-4.83	931.048	2846.54
-14.57	-4.83	930.078	2907.9
-14.57	-4.83	929.1080000000001	2879.02
-14.57	-4.83	928.138	2966.12
-14.57	-4.83	927.168	2916.63
-14.57	-4.83	926.198	2787.3
-14.57	-4.83	925.227	3046.93
-14.57	-4.83	924.2560000000001	2824.92
-14.57	-4.83	923.285	2873.33
-14.57	-4.83	922.314	2911.43
-14.57	-4.83	921.3430000000001	2959.8
-14.57	-4.83	920.3710000000001	2969.56
-14.57	-4.83	919.3989999999999	2778.64
-14.57	-4.83	918.427	2875.88
-14.57	-4.83	917.455	2888.22
-14.57	-4.83	916.4830000000001	2797.7
-14.57	-4.83	915.5110000000001	2799.77
-14.57	-4.83	914.538	2945.78
-14.57	-4.83	913.565	2898.99
-14.57	-4.83	912.5930000000001	2772.56
-14.57	-4.83	911.6189999999999	2694.98
-14.57	-4.83	910.6460000000001	2925.67
-14.57	-4.83	909.673	2778.76
-14.57	-4.83	908.699	2752.58
-14.57	-4.83	907.725	2775.19
-14.57	-4.83	906.7510000000001	2972.33
-14.57	-4.83	905.7769999999999	2748.52
-14.57	-4.83	904.803	2773.68
-14.57	-4.83	903.828	2857.84
-14.57	-4.83	902.8539999999999	2875.28
-14.57	-4.83	901.8789999999999	2856.81
-14.57	-4.83	900.904	2830.65
-14.57	-4.83	899.928	2912.17
-14.57	-4.83	898.953	2924.46
-14.57	-4.83	897.977	2831.68
-14.57	-4.83	897.002	2925.97
-14.57	-4.83	896.0260000000001	2984.36
-14.57	-4.83	895.05	2968.45
-14.57	-4.83	894.073	2850.12
-14.57	-4.83	893.097	2788.15
-14.57	-4.83	892.12	2854.21
-14.57	-4.83	891.1439999999999	2866.49
-14.57	-4.83	890.1669999999999	2858.29
-14.57	-4.83	889.189	2855.22
-14.57	-4.83	888.212	2997.95
-14.57	-4.83	887.235	2864.41
-14.57	-4.83	886.257	2805.08
-14.57	-4.83	885.279	2891.5
-14.57	-4.83	884.301	2870.53
-14.57	-4.83	883.323	2898.12
-14.57	-4.83	882.3439999999999	2767.28
-14.57	-4.83	881.3660000000001	2976.27
-14.57	-4.83	880.387	2888.88
-14.57	-4.83	879.408	2798.98
-14.57	-4.83	878.429	2844.43
-14.57	-4.83	877.45	2969.01
-14.57	-4.83	876.47	2894.45
-14.57	-4.83	875.4910000000001	2909.24
-14.57	-4.83	874.5110000000001	2880.64
-14.57	-4.83	873.5310000000001	2928.59
-14.57	-4.83	872.551	2986.72
-14.57	-4.83	871.57	2815.32
-14.57	-4.83	870.59	2949.95
-14.57	-4.83	869.6089999999999	2918.82
-14.57	-4.83	868.628	2961.62
-14.57	-4.83	867.6469999999999	2966.18
-14.57	-4.83	866.666	2991.12
-14.57	-4.83	865.684	3051.72
-14.57	-4.83	864.703	2923.82
-14.57	-4.83	863.721	2857.08
-14.57	-4.83	862.7389999999999	2981.32
-14.57	-4.83	861.757	2927.32
-14.57	-4.83	860.775	2883.52
-14.57	-4.83	859.7919999999999	2860.1
-14.57	-4.83	858.81	2968.98
-14.57	-4.83	857.827	2871.78
-14.57	-4.83	856.8439999999999	2909.41
-14.57	-4.83	855.86	2873.28
-14.57	-4.83	854.877	2903.27
-14.57	-4.83	853.8939999999999	2907.82
-14.57	-4.83	852.91	2869.18
-14.57	-4.83	851.926	2853.41
-14.57	-4.83	850.942	2885.92
-14.57	-4.83	849.9580000000001	2806.66
-14.57	-4.83	848.9730000000001	2803.61
-14.57	-4.83	847.988	2879.27
-14.57	-4.83	847.0039999999999	2893.98
-14.57	-4.83	846.0189999999999	2860.46
-14.57	-4.83	845.034	2875.17
-14.57	-4.83	844.048	2894.94
-14.57	-4.83	843.063	2907.1
-14.57	-4.83	842.077	2863.45
-14.57	-4.83	841.091	2817.29
-14.57	-4.83	840.105	3100.74
-14.57	-4.83	839.1189999999999	2910.06
-14.57	-4.83	838.132	2939.94
-14.57	-4.83	837.1460000000001	3076.24
-14.57	-4.83	836.159	3080.75
-14.57	-4.83	835.172	2895.28
-14.57	-4.83	834.185	2963.13
-14.57	-4.83	833.198	3094.27
-14.57	-4.83	832.21	3121.55
-14.57	-4.83	831.222	2931.14
-14.57	-4.83	830.235	2892.65
-14.57	-4.83	829.247	3031.29
-14.57	-4.83	828.258	3023.15
-14.57	-4.83	827.27	2936.6
-14.57	-4.83	826.2810000000001	3022.05
-14.57	-4.83	825.293	3051.84
-14.57	-4.83	824.304	3008.31
-14.57	-4.83	823.315	2962.27
-14.57	-4.83	822.325	2933.93
-14.57	-4.83	821.336	3102.68
-14.57	-4.83	820.346	3198.11
-14.57	-4.83	819.3560000000001	3000.53
-14.57	-4.83	818.3660000000001	3075.74
-14.57	-4.83	817.3760000000001	3080.23
-14.57	-4.83	816.3860000000001	3006.46
-14.57	-4.83	815.395	2960.49
-14.57	-4.83	814.405	3025.56
-14.57	-4.83	813.414	3062.85
-14.57	-4.83	812.423	3047.16
-14.57	-4.83	811.431	2975.99
-14.57	-4.83	810.44	3010.75
-14.57	-4.83	809.448	3050.54
-14.57	-4.83	808.456	2969.32
-14.57	-4.83	807.4639999999999	2978.86
-14.57	-4.83	806.472	2902.73
-14.57	-4.83	805.48	2942.51
-14.57	-4.83	804.487	2967.16
-14.57	-4.83	803.495	2878.48
-14.57	-4.83	802.502	3064.28
-14.57	-4.83	801.5089999999999	2965.54
-14.57	-4.83	800.5160000000001	3012.82
-14.57	-4.83	799.5219999999999	2891.48
-14.57	-4.83	798.528	3026.82
-14.57	-4.83	797.535	2908.04
-14.57	-4.83	796.541	2877.33
-14.57	-4.83	795.547	2959.79
-14.57	-4.83	794.552	2991.93
-14.57	-4.83	793.558	2890.84
-14.57	-4.83	792.563	2865.18
-14.57	-4.83	791.568	2950.09
-14.57	-4.83	790.573	2874.18
-14.57	-4.83	789.578	2798.3
-14.57	-4.83	788.582	2830.44
-14.57	-4.83	787.587	3000.67
-14.57	-4.83	786.591	2997.62
-14.57	-4.83	785.595	2966.95
-14.57	-4.83	784.5989999999999	2971.43
-14.57	-4.83	783.602	2928.23
-14.57	-4.83	782.6060000000001	2917.66
-14.57	-4.83	781.6089999999999	2859.44
-14.57	-4.83	780.612	3039.48
-14.57	-4.83	779.615	2973.73
-14.57	-4.83	778.618	2958.15
-14.57	-4.83	777.6210000000001	2897.45
-14.57	-4.83	776.623	3069.84
-14.57	-4.83	775.625	2996.62
-14.57	-4.83	774.627	2961.0
-14.57	-4.83	773.6289999999999	2985.51
-14.57	-4.83	772.6310000000001	3092.64
-14.57	-4.83	771.632	2914.31
-14.57	-4.83	770.6339999999999	2923.79
-14.57	-4.83	769.635	2968.31
-14.57	-4.83	768.6360000000001	3060.36
-14.57	-4.83	767.6360000000001	2874.66
-14.57	-4.83	766.637	2926.66
-14.57	-4.83	765.637	3038.67
-14.57	-4.83	764.637	3035.62
-14.57	-4.83	763.638	2965.06
-14.57	-4.83	762.637	3009.51
-14.57	-4.83	761.637	3081.44
-14.57	-4.83	760.6360000000001	2953.44
-14.57	-4.83	759.6360000000001	2960.4
-14.57	-4.83	758.635	3009.81
-14.57	-4.83	757.6339999999999	3046.72
-14.57	-4.83	756.633	2991.23
-14.57	-4.83	755.6310000000001	2943.26
-14.57	-4.83	754.6289999999999	3082.49
-14.57	-4.83	753.628	3032.02
-14.57	-4.83	752.6260000000001	2996.53
-14.57	-4.83	751.623	3098.26
-14.57	-4.83	750.6210000000001	3072.76
-14.57	-4.83	749.6189999999999	3164.46
-14.57	-4.83	748.6160000000001	3031.74
-14.57	-4.83	747.613	3061.1
-14.57	-4.83	746.61	3087.96
-14.57	-4.83	745.607	2977.75
-14.57	-4.83	744.6030000000001	2934.85
-14.57	-4.83	743.5989999999999	3123.63
-14.57	-4.83	742.596	3133.02
-14.57	-4.83	741.592	2980.55
-14.57	-4.83	740.587	2975.03
-14.57	-4.83	739.5830000000001	3178.59
-14.57	-4.83	738.579	3023.71
-14.57	-4.83	737.574	3100.29
-14.57	-4.83	736.569	2995.24
-14.57	-4.83	735.564	3061.85
-14.57	-4.83	734.558	2999.12
-14.57	-4.83	733.553	2976.19
-14.57	-4.83	732.547	3114.86
-14.57	-4.83	731.541	3062.09
-14.57	-4.83	730.535	2989.47
-14.57	-4.83	729.529	3051.04
-14.57	-4.83	728.523	3062.9
-14.57	-4.83	727.5160000000001	2913.32
-14.57	-4.83	726.5089999999999	2959.96
-14.57	-4.83	725.503	3028.94
-14.57	-4.83	724.495	3053.21
-14.57	-4.83	723.488	2988.12
-14.57	-4.83	722.4810000000001	2957.8
-14.57	-4.83	721.4730000000001	2969.66
-14.57	-4.83	720.465	2941.83
-14.57	-4.83	719.457	2985.93
-14.57	-4.83	718.449	2965.55
-14.57	-4.83	717.44	3101.36
-14.57	-4.83	716.432	3090.87
-14.57	-4.83	715.423	2961.44
-14.57	-4.83	714.414	3042.66
-14.57	-4.83	713.405	3071.83
-14.57	-4.83	712.395	2915.23
-14.57	-4.83	711.3860000000001	2981.56
-14.57	-4.83	710.3760000000001	3003.29
-14.57	-4.83	709.3660000000001	3042.35
-14.57	-4.83	708.3560000000001	2925.47
-14.57	-4.83	707.346	2885.34
-14.57	-4.83	706.335	3043.15
-14.57	-4.83	705.325	2995.59
-14.57	-4.83	704.314	3022.25
-14.57	-4.83	703.303	2989.55
-14.57	-4.83	702.2919999999999	2942.03
-14.57	-4.83	701.28	2983.51
-14.57	-4.83	700.2689999999999	2965.66
-14.57	-4.83	699.257	2957.71
-14.57	-4.83	698.245	3070.81
-14.57	-4.83	697.2330000000001	2899.81
-14.57	-4.83	696.22	2998.06
-14.57	-4.83	695.2080000000001	3064.18
-14.57	-4.83	694.195	3122.86
-14.57	-4.83	693.182	2991.47
-14.57	-4.83	692.169	2929.23
-14.57	-4.83	691.1560000000001	3101.4
-14.57	-4.83	690.143	2965.16
-14.57	-4.83	689.1289999999999	2880.76
-14.57	-4.83	688.115	3008.46
-14.57	-4.83	687.1010000000001	2993.11
-14.57	-4.83	686.087	3068.98
-14.57	-4.83	685.073	3041.3
-14.57	-4.83	684.058	3077.71
-14.57	-4.83	683.043	3008.16
-14.57	-4.83	682.028	3022.38
-14.57	-4.83	681.013	2992.28
-14.57	-4.83	679.998	3075.45
-14.57	-4.83	678.9830000000001	3101.96
-14.57	-4.83	677.967	3076.78
-14.57	-4.83	676.951	2997.46
-14.57	-4.83	675.935	2967.38
-14.57	-4.83	674.919	3075.08
-14.57	-4.83	673.9019999999999	2993.35
-14.57	-4.83	672.8860000000001	3132.97
-14.57	-4.83	671.8689999999999	3188.94
-14.57	-4.83	670.852	3131.82
-14.57	-4.83	669.835	3087.0
-14.57	-4.83	668.817	3115.92
-14.57	-4.83	667.8	3066.21
-14.57	-4.83	666.7819999999999	3063.19
-14.57	-4.83	665.7639999999999	3178.06
-14.57	-4.83	664.7460000000001	3148.01
-14.57	-4.83	663.7280000000001	3132.7
-14.57	-4.83	662.709	3068.3
-14.57	-4.83	661.691	3126.64
-14.57	-4.83	660.672	3162.87
-14.57	-4.83	659.653	3135.3
-14.57	-4.83	658.6339999999999	3100.38
-14.57	-4.83	657.6139999999999	3126.79
-14.57	-4.83	656.595	3126.21
-14.57	-4.83	655.575	3086.41
-14.57	-4.83	654.555	3250.07
-14.57	-4.83	653.535	3224.96
-14.57	-4.83	652.514	3177.82
-14.57	-4.83	651.494	3177.23
-14.57	-4.83	650.4730000000001	3137.46
-14.57	-4.83	649.452	3291.15
-14.57	-4.83	648.431	3275.86
-14.57	-4.83	647.41	3140.62
-14.57	-4.83	646.388	3259.97
-14.57	-4.83	645.366	3163.93
-14.57	-4.83	644.345	3187.82
-14.57	-4.83	643.323	3211.69
-14.57	-4.83	642.3	3196.42
-14.57	-4.83	641.278	3066.24
-14.57	-4.83	640.255	3038.78
-14.57	-4.83	639.232	3307.09
-14.57	-4.83	638.2090000000001	3128.09
-14.57	-4.83	637.186	3007.78
-14.57	-4.83	636.163	3087.85
-14.57	-4.83	635.139	3206.96
-14.57	-4.83	634.116	3159.97
-14.57	-4.83	633.092	3022.66
-14.57	-4.83	632.068	3070.92
-14.57	-4.83	631.043	3085.0
-14.57	-4.83	630.019	3101.51
-14.57	-4.83	628.994	3125.34
-14.57	-4.83	627.969	3227.21
-14.57	-4.83	626.944	3031.51
-14.57	-4.83	625.919	3040.7
-14.57	-4.83	624.893	3071.84
-14.57	-4.83	623.868	3081.02
-14.57	-4.83	622.842	3012.21
-14.57	-4.83	621.816	3045.77
-14.57	-4.83	620.79	3157.27
-14.57	-4.83	619.763	3078.75
-14.57	-4.83	618.737	3009.99
-14.57	-4.83	617.71	3045.96
-14.57	-4.83	616.683	3038.09
-14.57	-4.83	615.656	3061.87
-14.57	-4.83	614.629	3017.5
-14.57	-4.83	613.601	3033.98
-14.57	-4.83	612.573	3067.47
-14.57	-4.83	611.545	3052.31
-14.57	-4.83	610.5169999999999	3122.27
-14.57	-4.83	609.489	3116.83
-14.57	-4.83	608.461	3116.25
-14.57	-4.83	607.432	3149.7
-14.57	-4.83	606.403	3013.05
-14.57	-4.83	605.374	3126.67
-14.57	-4.83	604.345	3104.23
-14.57	-4.83	603.315	2960.38
-14.57	-4.83	602.286	2957.4
-14.57	-4.83	601.256	3189.91
-14.57	-4.83	600.226	3026.7
