19.88	14.78	1799.66	1812.38
19.88	14.78	1798.84	1793.74
19.88	14.78	1798.03	1906.48
19.88	14.78	1797.21	1961.14
19.88	14.78	1796.39	1872.24
19.88	14.78	1795.57	1914.68
19.88	14.78	1794.75	1834.97
19.88	14.78	1793.93	1904.87
19.88	14.78	1793.11	1901.5
19.88	14.78	1792.29	1864.56
19.88	14.78	1791.47	1888.65
19.88	14.78	1790.65	1903.59
19.88	14.78	1789.84	1924.61
19.88	14.78	1789.02	1814.5
19.88	14.78	1788.2	1765.41
19.88	14.78	1787.38	1807.79
19.88	14.78	1786.56	1856.26
19.88	14.78	1785.73	1877.28
19.88	14.78	1784.91	1934.85
19.88	14.78	1784.09	1766.97
19.88	14.78	1783.27	2004.26
19.88	14.78	1782.45	1936.92
19.88	14.78	1781.63	1860.47
19.88	14.78	1780.81	1835.8
19.88	14.78	1779.99	1865.92
19.88	14.78	1779.17	1862.57
19.88	14.78	1778.35	1880.51
19.88	14.78	1777.52	1837.6
19.88	14.78	1776.7	1831.2
19.88	14.78	1775.88	1882.6
19.88	14.78	1775.06	1985.67
19.88	14.78	1774.24	1885.0
19.88	14.78	1773.41	1823.88
19.88	14.78	1772.59	1850.93
19.88	14.78	1771.77	1938.74
19.88	14.78	1770.95	1974.87
19.88	14.78	1770.12	1777.08
19.88	14.78	1769.3	1889.16
19.88	14.78	1768.48	1870.62
19.88	14.78	1767.65	1839.94
19.88	14.78	1766.83	1915.52
19.88	14.78	1766.01	1799.86
19.88	14.78	1765.18	1826.87
19.88	14.78	1764.36	1875.11
19.88	14.78	1763.53	1959.73
19.88	14.78	1762.71	1923.0
19.88	14.78	1761.88	1834.73
19.88	14.78	1761.06	1858.68
19.88	14.78	1760.24	2049.35
19.88	14.78	1759.41	1979.29
19.88	14.78	1758.59	1821.37
19.88	14.78	1757.76	1890.75
19.88	14.78	1756.94	1890.43
19.88	14.78	1756.11	1932.52
19.88	14.78	1755.28	1935.22
19.88	14.78	1754.46	1825.88
19.88	14.78	1753.63	1998.14
19.88	14.78	1752.81	1937.26
19.88	14.78	1751.98	1912.72
19.88	14.78	1751.16	1915.42
19.88	14.78	1750.33	1921.15
19.88	14.78	1749.5	1951.07
19.88	14.78	1748.68	1941.67
19.88	14.78	1747.85	1941.34
19.88	14.78	1747.02	1913.8
19.88	14.78	1746.2	1901.38
19.88	14.78	1745.37	2009.87
19.88	14.78	1744.54	1952.11
19.88	14.78	1743.71	1930.63
19.88	14.78	1742.89	1951.45
19.88	14.78	1742.06	2029.65
19.88	14.78	1741.23	1984.01
19.88	14.78	1740.4	2053.11
19.88	14.78	1739.57	1916.92
19.88	14.78	1738.75	2055.43
19.88	14.78	1737.92	2109.41
19.88	14.78	1737.09	1946.12
19.88	14.78	1736.26	1855.29
19.88	14.78	1735.43	1927.36
19.88	14.78	1734.6	1990.36
19.88	14.78	1733.77	2137.77
19.88	14.78	1732.94	1932.41
19.88	14.78	1732.11	1977.29
19.88	14.78	1731.28	1940.79
19.88	14.78	1730.45	2021.82
19.88	14.78	1729.62	2102.82
19.88	14.78	1728.8	1951.85
19.88	14.78	1727.96	1915.38
19.88	14.78	1727.13	2062.6
19.88	14.78	1726.3	1965.91
19.88	14.78	1725.47	1947.52
19.88	14.78	1724.64	2007.38
19.88	14.78	1723.81	1976.95
19.88	14.78	1722.98	2027.76
19.88	14.78	1722.15	1967.25
19.88	14.78	1721.32	1963.91
19.88	14.78	1720.49	2038.75
19.88	14.78	1719.66	2035.4
19.88	14.78	1718.82	2023.03
19.88	14.78	1717.99	1941.54
19.88	14.78	1717.16	2013.33
19.88	14.78	1716.33	2076.08
19.88	14.78	1715.5	2111.77
19.88	14.78	1714.66	2159.47
19.88	14.78	1713.83	1999.95
19.88	14.78	1713.0	2116.7
19.88	14.78	1712.17	2128.35
19.88	14.78	1711.33	2121.99
19.88	14.78	1710.5	2100.62
19.88	14.78	1709.67	1977.25
19.88	14.78	1708.83	2126.9
19.88	14.78	1708.0	2132.54
19.88	14.78	1707.17	2186.16
19.88	14.78	1706.33	2083.84
19.88	14.78	1705.5	2155.44
19.88	14.78	1704.66	2143.08
19.88	14.78	1703.83	2130.73
19.88	14.78	1703.0	2166.32
19.88	14.78	1702.16	2156.97
19.88	14.78	1701.33	2144.62
19.88	14.78	1700.49	2192.17
19.88	14.78	1699.66	2122.93
19.88	14.78	1698.82	2131.55
19.88	14.78	1697.99	2134.18
19.88	14.78	1697.15	2181.7
19.88	14.78	1696.32	2124.48
19.88	14.78	1695.48	2180.96
19.88	14.78	1694.64	2117.77
19.88	14.78	1693.81	2144.33
19.88	14.78	1692.97	2179.85
19.88	14.78	1692.14	2311.02
19.88	14.78	1691.3	2155.19
19.88	14.78	1690.46	2086.08
19.88	14.78	1689.63	2214.22
19.88	14.78	1688.79	2180.98
19.88	14.78	1687.95	2126.84
19.88	14.78	1687.12	2278.79
19.88	14.78	1686.28	2236.6
19.88	14.78	1685.44	2367.59
19.88	14.78	1684.6	2220.91
19.88	14.78	1683.77	2256.35
19.88	14.78	1682.93	2193.3
19.88	14.78	1682.09	2303.32
19.88	14.78	1681.25	2273.1
19.88	14.78	1680.41	2195.16
19.88	14.78	1679.58	2185.84
19.88	14.78	1678.74	2346.47
19.88	14.78	1677.9	2349.05
19.88	14.78	1677.06	2205.59
19.88	14.78	1676.22	2214.15
19.88	14.78	1675.38	2255.49
19.88	14.78	1674.54	2398.1
19.88	14.78	1673.7	2445.34
19.88	14.78	1672.86	2349.63
19.88	14.78	1672.02	2256.93
19.88	14.78	1671.18	2319.06
19.88	14.78	1670.34	2413.91
19.88	14.78	1669.5	2348.03
19.88	14.78	1668.66	2291.1
19.88	14.78	1667.82	2498.95
19.88	14.78	1666.98	2513.4
19.88	14.78	1666.14	2435.65
19.88	14.78	1665.3	2420.36
19.88	14.78	1664.46	2416.98
19.88	14.78	1663.62	2529.52
19.88	14.78	1662.78	2538.0
19.88	14.78	1661.94	2400.88
19.88	14.78	1661.1	2403.44
19.88	14.78	1660.25	2575.32
19.88	14.78	1659.41	2604.58
19.88	14.78	1658.57	2583.35
19.88	14.78	1657.73	2481.96
19.88	14.78	1656.89	2496.38
19.88	14.78	1656.04	2679.96
19.88	14.78	1655.2	2721.05
19.88	14.78	1654.36	2750.25
19.88	14.78	1653.52	2746.82
19.88	14.78	1652.67	2808.63
19.88	14.78	1651.83	2903.04
19.88	14.78	1650.99	2775.06
19.88	14.78	1650.14	2753.83
19.88	14.78	1649.3	2880.81
19.88	14.78	1648.46	2984.03
19.88	14.78	1647.61	2968.71
19.88	14.78	1646.77	2953.39
19.88	14.78	1645.92	2938.07
19.88	14.78	1645.08	3073.79
19.88	14.78	1644.24	3176.89
19.88	14.78	1643.39	3025.38
19.88	14.78	1642.55	3045.58
19.88	14.78	1641.7	3116.08
19.88	14.78	1640.86	3296.03
19.88	14.78	1640.01	3221.51
19.88	14.78	1639.17	3138.14
19.88	14.78	1638.32	3110.99
19.88	14.78	1637.48	3273.08
19.88	14.78	1636.63	3242.96
19.88	14.78	1635.78	3218.76
19.88	14.78	1634.94	3102.95
19.88	14.78	1634.09	3123.11
19.88	14.78	1633.25	3305.73
19.88	14.78	1632.4	3160.44
19.88	14.78	1631.55	3145.13
19.88	14.78	1630.71	3292.23
19.88	14.78	1629.86	3291.66
19.88	14.78	1629.01	3196.65
19.88	14.78	1628.16	3222.66
19.88	14.78	1627.32	3319.48
19.88	14.78	1626.47	3372.02
19.88	14.78	1625.62	3415.68
19.88	14.78	1624.77	3332.52
19.88	14.78	1623.93	3367.34
19.88	14.78	1623.08	3528.91
19.88	14.78	1622.23	3463.46
19.88	14.78	1621.38	3492.33
19.88	14.78	1620.53	3591.92
19.88	14.78	1619.69	3647.28
19.88	14.78	1618.84	3740.92
19.88	14.78	1617.99	3752.06
19.88	14.78	1617.14	3801.47
19.88	14.78	1616.29	3641.84
19.88	14.78	1615.44	3953.24
19.88	14.78	1614.59	3981.99
19.88	14.78	1613.74	4019.56
19.88	14.78	1612.89	4039.47
19.88	14.78	1612.04	4018.19
19.88	14.78	1611.19	3999.85
19.88	14.78	1610.34	4128.55
19.88	14.78	1609.49	3974.96
19.88	14.78	1608.64	4171.23
19.88	14.78	1607.79	4435.03
19.88	14.78	1606.94	4504.8
19.88	14.78	1606.09	4260.17
19.88	14.78	1605.24	4268.25
19.88	14.78	1604.39	4411.43
19.88	14.78	1603.54	4516.39
19.88	14.78	1602.68	4433.41
19.88	14.78	1601.83	4259.45
19.88	14.78	1600.98	4399.61
19.88	14.78	1600.13	4545.58
19.88	14.78	1599.28	4406.9
19.88	14.78	1598.42	4215.47
19.88	14.78	1597.57	4211.81
19.88	14.78	1596.72	4389.97
19.88	14.78	1595.87	4266.07
19.88	14.78	1595.01	4189.12
19.88	14.78	1594.16	4188.4
19.88	14.78	1593.31	4111.49
19.88	14.78	1592.45	4096.14
19.88	14.78	1591.6	4195.04
19.88	14.78	1590.75	3951.21
19.88	14.78	1589.89	3991.53
19.88	14.78	1589.04	4125.54
19.88	14.78	1588.19	4162.89
19.88	14.78	1587.33	3954.36
19.88	14.78	1586.48	3956.6
19.88	14.78	1585.62	4093.45
19.88	14.78	1584.77	4244.87
19.88	14.78	1583.91	4004.29
19.88	14.78	1583.06	3915.87
19.88	14.78	1582.2	4049.7
19.88	14.78	1581.35	4069.47
19.88	14.78	1580.49	4062.92
19.88	14.78	1579.64	4003.78
19.88	14.78	1578.78	3950.5
19.88	14.78	1577.93	4063.75
19.88	14.78	1577.07	4267.52
19.88	14.78	1576.21	4117.85
19.88	14.78	1575.36	4061.66
19.88	14.78	1574.5	4227.37
19.88	14.78	1573.65	4250.0
19.88	14.78	1572.79	4354.33
19.88	14.78	1571.93	4312.73
19.88	14.78	1571.08	4271.15
19.88	14.78	1570.22	4398.76
19.88	14.78	1569.36	4575.91
19.88	14.78	1568.5	4470.15
19.88	14.78	1567.65	4396.49
19.88	14.78	1566.79	4523.99
19.88	14.78	1565.93	4663.11
19.88	14.78	1565.07	4647.74
19.88	14.78	1564.21	4303.15
19.88	14.78	1563.36	4570.4
19.88	14.78	1562.5	4607.48
19.88	14.78	1561.64	4443.62
19.88	14.78	1560.78	4276.9
19.88	14.78	1559.92	4357.67
19.88	14.78	1559.06	4380.21
19.88	14.78	1558.2	4359.09
19.88	14.78	1557.34	4233.23
19.88	14.78	1556.49	4203.41
19.88	14.78	1555.63	4295.76
19.88	14.78	1554.77	4385.17
19.88	14.78	1553.91	4233.23
19.88	14.78	1553.05	4095.87
19.88	14.78	1552.19	4310.24
19.88	14.78	1551.33	4347.28
19.88	14.78	1550.47	4363.96
19.88	14.78	1549.6	4177.3
19.88	14.78	1548.74	4263.71
19.88	14.78	1547.88	4416.89
19.88	14.78	1547.02	4375.48
19.88	14.78	1546.16	4113.46
19.88	14.78	1545.3	4156.29
19.88	14.78	1544.44	4170.08
19.88	14.78	1543.58	4314.44
19.88	14.78	1542.71	4099.02
19.88	14.78	1541.85	4101.22
19.88	14.78	1540.99	4100.51
19.88	14.78	1540.13	4195.49
19.88	14.78	1539.27	4125.19
19.88	14.78	1538.4	4008.54
19.88	14.78	1537.54	3999.16
19.88	14.78	1536.68	4186.8
19.88	14.78	1535.81	4110.76
19.88	14.78	1534.95	3855.17
19.88	14.78	1534.09	4031.15
19.88	14.78	1533.23	4082.58
19.88	14.78	1532.36	4261.36
19.88	14.78	1531.5	4026.18
19.88	14.78	1530.63	4048.63
19.88	14.78	1529.77	4131.85
19.88	14.78	1528.91	4116.67
19.88	14.78	1528.04	4179.59
19.88	14.78	1527.18	4074.76
19.88	14.78	1526.31	4082.74
19.88	14.78	1525.45	4125.4
19.88	14.78	1524.58	4043.75
19.88	14.78	1523.72	3881.22
19.88	14.78	1522.85	4048.14
19.88	14.78	1521.99	4177.44
19.88	14.78	1521.12	4156.5
19.88	14.78	1520.26	4011.39
19.88	14.78	1519.39	4013.58
19.88	14.78	1518.52	4186.11
19.88	14.78	1517.66	4159.41
19.88	14.78	1516.79	4017.28
19.88	14.78	1515.93	4051.21
19.88	14.78	1515.06	4197.65
19.88	14.78	1514.19	4274.8
19.88	14.78	1513.33	4095.26
19.88	14.78	1512.46	4146.45
19.88	14.78	1511.59	4067.9
19.88	14.78	1510.72	4320.85
19.88	14.78	1509.86	4441.15
19.88	14.78	1508.99	4065.79
19.88	14.78	1508.12	4076.61
19.88	14.78	1507.25	4346.68
19.88	14.78	1506.38	4248.01
19.88	14.78	1505.52	4198.32
19.88	14.78	1504.65	4076.68
19.88	14.78	1503.78	4188.24
19.88	14.78	1502.91	4311.27
19.88	14.78	1502.04	4129.24
19.88	14.78	1501.17	4027.83
19.88	14.78	1500.3	4139.32
19.88	14.78	1499.44	4219.13
19.88	14.78	1498.57	4080.38
19.88	14.78	1497.7	4050.92
19.88	14.78	1496.83	4124.96
19.88	14.78	1495.96	4345.55
19.88	14.78	1495.09	4218.36
19.88	14.78	1494.22	4145.81
19.88	14.78	1493.35	4127.85
19.88	14.78	1492.48	4282.23
19.88	14.78	1491.61	4137.91
19.88	14.78	1490.73	4091.26
19.88	14.78	1489.86	4130.74
19.88	14.78	1488.99	4175.95
19.88	14.78	1488.12	4378.97
19.88	14.78	1487.25	4231.89
19.88	14.78	1486.38	4044.7
19.88	14.78	1485.51	4425.45
19.88	14.78	1484.63	4315.72
19.88	14.78	1483.76	4357.98
19.88	14.78	1482.89	4007.5
19.88	14.78	1482.02	4181.64
19.88	14.78	1481.15	4398.7
19.88	14.78	1480.27	4452.38
19.88	14.78	1479.4	4276.87
19.88	14.78	1478.53	4264.67
19.88	14.78	1477.65	4372.75
19.88	14.78	1476.78	4477.93
19.88	14.78	1475.91	4202.34
19.88	14.78	1475.03	4187.3
19.88	14.78	1474.16	4195.16
19.88	14.78	1473.29	4409.02
19.88	14.78	1472.41	4408.26
19.88	14.78	1471.54	4104.32
19.88	14.78	1470.67	4177.96
19.88	14.78	1469.79	4217.27
19.88	14.78	1468.92	4450.95
19.88	14.78	1468.04	4218.66
19.88	14.78	1467.17	4117.91
19.88	14.78	1466.29	4231.49
19.88	14.78	1465.42	4322.17
19.88	14.78	1464.54	4075.79
19.88	14.78	1463.67	4157.9
19.88	14.78	1462.79	4071.52
19.88	14.78	1461.91	4102.22
19.88	14.78	1461.04	4195.7
19.88	14.78	1460.16	4003.77
19.88	14.78	1459.29	4179.98
19.88	14.78	1458.41	4270.54
19.88	14.78	1457.53	4338.25
19.88	14.78	1456.66	4317.54
19.88	14.78	1455.78	4165.67
19.88	14.78	1454.9	4310.34
19.88	14.78	1454.03	4303.89
19.88	14.78	1453.15	4229.05
19.88	14.78	1452.27	4202.68
19.88	14.78	1451.39	4384.27
19.88	14.78	1450.52	4602.83
19.88	14.78	1449.64	4277.38
19.88	14.78	1448.76	4279.49
19.88	14.78	1447.88	4458.09
19.88	14.78	1447.0	4545.56
19.88	14.78	1446.13	4578.92
19.88	14.78	1445.25	4381.8
19.88	14.78	1444.37	4395.26
19.88	14.78	1443.49	4670.4
19.88	14.78	1442.61	4595.65
19.88	14.78	1441.73	4404.35
19.88	14.78	1440.85	4562.78
19.88	14.78	1439.97	4627.36
19.88	14.78	1439.09	4669.19
19.88	14.78	1438.21	4534.83
19.88	14.78	1437.33	4374.96
19.88	14.78	1436.45	4465.09
19.88	14.78	1435.57	4535.31
19.88	14.78	1434.69	4449.34
19.88	14.78	1433.81	4289.59
19.88	14.78	1432.93	4501.73
19.88	14.78	1432.05	4347.7
19.88	14.78	1431.17	4261.82
19.88	14.78	1430.29	4141.93
19.88	14.78	1429.41	4152.56
19.88	14.78	1428.52	4219.9
19.88	14.78	1427.64	4037.69
19.88	14.78	1426.76	4017.15
19.88	14.78	1425.88	3914.41
19.88	14.78	1425.0	3944.9
19.88	14.78	1424.11	4162.4
19.88	14.78	1423.23	3852.88
19.88	14.78	1422.35	3829.55
19.88	14.78	1421.47	4106.42
19.88	14.78	1420.58	4012.26
19.88	14.78	1419.7	3923.81
19.88	14.78	1418.82	4118.43
19.88	14.78	1417.93	4117.71
19.88	14.78	1417.05	4148.12
19.88	14.78	1416.17	4246.42
19.88	14.78	1415.28	4180.62
19.88	14.78	1414.4	4326.96
19.88	14.78	1413.51	4422.34
19.88	14.78	1412.63	4480.94
19.88	14.78	1411.75	4386.89
19.88	14.78	1410.86	4400.25
19.88	14.78	1409.98	4444.7
19.88	14.78	1409.09	4356.35
19.88	14.78	1408.21	4166.34
19.88	14.78	1407.32	4032.88
19.88	14.78	1406.44	4229.83
19.88	14.78	1405.55	4189.57
19.88	14.78	1404.66	3926.33
19.88	14.78	1403.78	3999.03
19.88	14.78	1402.89	4156.35
19.88	14.78	1402.01	4090.74
19.88	14.78	1401.12	4027.97
19.88	14.78	1400.23	3911.64
19.88	14.78	1399.35	3871.48
19.88	14.78	1398.46	3946.93
19.88	14.78	1397.57	3825.03
19.88	14.78	1396.69	3708.82
19.88	14.78	1395.8	3832.15
19.88	14.78	1394.91	3783.59
19.88	14.78	1394.02	3701.25
19.88	14.78	1393.14	3793.54
19.88	14.78	1392.25	3739.38
19.88	14.78	1391.36	3882.31
19.88	14.78	1390.47	3811.26
19.88	14.78	1389.58	3774.01
19.88	14.78	1388.7	3672.06
19.88	14.78	1387.81	3868.35
19.88	14.78	1386.92	3800.17
19.88	14.78	1386.03	3771.38
19.88	14.78	1385.14	3706.05
19.88	14.78	1384.25	3893.77
19.88	14.78	1383.36	3890.28
19.88	14.78	1382.47	3785.62
19.88	14.78	1381.58	3756.86
19.88	14.78	1380.69	3846.11
19.88	14.78	1379.8	3898.8
19.88	14.78	1378.91	3934.63
19.88	14.78	1378.02	3709.31
19.88	14.78	1377.13	3882.73
19.88	14.78	1376.24	3985.91
19.88	14.78	1375.35	4018.89
19.88	14.78	1374.46	3866.67
19.88	14.78	1373.57	3975.41
19.88	14.78	1372.68	4213.14
19.88	14.78	1371.78	4066.57
19.88	14.78	1370.89	3819.11
19.88	14.78	1370.0	3992.26
19.88	14.78	1369.11	4154.14
19.88	14.78	1368.22	4133.8
19.88	14.78	1367.33	4046.21
19.88	14.78	1366.43	4053.91
19.88	14.78	1365.54	4268.89
19.88	14.78	1364.65	4329.76
19.88	14.78	1363.76	4222.6
19.88	14.78	1362.86	4087.48
19.88	14.78	1361.97	4176.34
19.88	14.78	1361.08	4287.55
19.88	14.78	1360.18	4253.23
19.88	14.78	1359.29	4123.79
19.88	14.78	1358.4	4363.63
19.88	14.78	1357.5	4281.76
19.88	14.78	1356.61	4090.87
19.88	14.78	1355.71	4213.17
19.88	14.78	1354.82	4212.43
19.88	14.78	1353.92	4384.97
19.88	14.78	1353.03	4216.55
19.88	14.78	1352.13	4081.71
19.88	14.78	1351.24	4128.48
19.88	14.78	1350.34	4557.85
19.88	14.78	1349.45	4280.62
19.88	14.78	1348.55	4187.74
19.88	14.78	1347.66	4086.52
19.88	14.78	1346.76	4278.38
19.88	14.78	1345.87	4269.26
19.88	14.78	1344.97	4285.25
19.88	14.78	1344.07	4198.03
19.88	14.78	1343.18	4261.44
19.88	14.78	1342.28	4249.54
19.88	14.78	1341.38	4176.31
19.88	14.78	1340.49	4217.39
19.88	14.78	1339.59	4247.31
19.88	14.78	1338.69	4313.45
19.88	14.78	1337.8	4360.05
19.88	14.78	1336.9	4181.02
19.88	14.78	1336.0	4283.33
19.88	14.78	1335.1	4366.12
19.88	14.78	1334.2	4217.8
19.88	14.78	1333.31	4186.44
19.88	14.78	1332.41	4118.92
19.88	14.78	1331.51	4262.89
19.88	14.78	1330.61	4170.34
19.88	14.78	1329.71	4191.86
19.88	14.78	1328.81	4163.31
19.88	14.78	1327.91	4257.13
19.88	14.78	1327.02	4264.72
19.88	14.78	1326.12	4158.35
19.88	14.78	1325.22	4199.31
19.88	14.78	1324.32	4259.7
19.88	14.78	1323.42	4236.73
19.88	14.78	1322.52	4191.55
19.88	14.78	1321.62	4132.49
19.88	14.78	1320.72	4306.7
19.88	14.78	1319.82	4353.14
19.88	14.78	1318.91	4274.66
19.88	14.78	1318.01	4287.79
19.88	14.78	1317.11	4373.06
19.88	14.78	1316.21	4316.8
19.88	14.78	1315.31	4113.56
19.88	14.78	1314.41	4104.52
19.88	14.78	1313.51	4320.08
19.88	14.78	1312.61	4360.91
19.88	14.78	1311.7	4296.39
19.88	14.78	1310.8	4173.7
19.88	14.78	1309.9	4200.68
19.88	14.78	1309.0	4435.42
19.88	14.78	1308.09	4310.0
19.88	14.78	1307.19	4170.77
19.88	14.78	1306.29	4435.86
19.88	14.78	1305.39	4448.93
19.88	14.78	1304.48	4354.03
19.88	14.78	1303.58	4414.16
19.88	14.78	1302.68	4333.14
19.88	14.78	1301.77	4490.07
19.88	14.78	1300.87	4467.15
19.88	14.78	1299.96	4386.17
19.88	14.78	1299.06	4493.24
19.88	14.78	1298.16	4467.57
19.88	14.78	1297.25	4469.55
19.88	14.78	1296.35	4222.8
19.88	14.78	1295.44	4186.14
19.88	14.78	1294.54	4403.66
19.88	14.78	1293.63	4397.36
19.88	14.78	1292.73	4145.27
19.88	14.78	1291.82	4094.85
19.88	14.78	1290.92	4279.09
19.88	14.78	1290.01	4239.7
19.88	14.78	1289.1	4153.4
19.88	14.78	1288.2	4017.47
19.88	14.78	1287.29	4107.81
19.88	14.78	1286.39	4076.74
19.88	14.78	1285.48	3841.61
19.88	14.78	1284.57	3951.23
19.88	14.78	1283.67	3936.75
19.88	14.78	1282.76	3999.46
19.88	14.78	1281.85	3781.04
19.88	14.78	1280.94	3783.13
19.88	14.78	1280.04	3787.98
19.88	14.78	1279.13	3867.19
19.88	14.78	1278.22	3805.93
19.88	14.78	1277.31	3664.83
19.88	14.78	1276.41	3746.78
19.88	14.78	1275.5	3850.71
19.88	14.78	1274.59	3797.75
19.88	14.78	1273.68	3838.35
19.88	14.78	1272.77	3752.4
19.88	14.78	1271.86	3784.74
19.88	14.78	1270.95	3767.58
19.88	14.78	1270.04	3681.68
19.88	14.78	1269.13	3791.0
19.88	14.78	1268.23	3779.33
19.88	14.78	1267.32	3847.37
19.88	14.78	1266.41	3648.87
19.88	14.78	1265.5	3722.4
19.88	14.78	1264.59	3914.01
19.88	14.78	1263.67	3935.29
19.88	14.78	1262.76	3712.2
19.88	14.78	1261.85	3631.93
19.88	14.78	1260.94	4034.77
19.88	14.78	1260.03	3899.59
19.88	14.78	1259.12	3822.08
19.88	14.78	1258.21	3857.07
19.88	14.78	1257.3	4040.16
19.88	14.78	1256.39	3850.23
19.88	14.78	1255.47	3855.03
19.88	14.78	1254.56	3829.68
19.88	14.78	1253.65	4004.43
19.88	14.78	1252.74	3932.47
19.88	14.78	1251.83	3827.66
19.88	14.78	1250.91	3711.93
19.88	14.78	1250.0	3752.36
19.88	14.78	1249.09	3880.41
19.88	14.78	1248.17	3690.81
19.88	14.78	1247.26	3577.92
19.88	14.78	1246.35	3656.66
19.88	14.78	1245.43	3634.12
19.88	14.78	1244.52	3658.11
19.88	14.78	1243.61	3690.29
19.88	14.78	1242.69	3695.11
19.88	14.78	1241.78	3877.68
19.88	14.78	1240.86	3734.82
19.88	14.78	1239.95	3676.76
19.88	14.78	1239.03	3812.77
19.88	14.78	1238.12	3817.56
19.88	14.78	1237.2	3792.3
19.88	14.78	1236.29	3903.63
19.88	14.78	1235.37	3872.9
19.88	14.78	1234.46	4000.56
19.88	14.78	1233.54	4054.46
19.88	14.78	1232.63	3862.66
19.88	14.78	1231.71	3984.8
19.88	14.78	1230.8	4098.71
19.88	14.78	1229.88	4087.07
19.88	14.78	1228.96	3876.31
19.88	14.78	1228.05	4069.27
19.88	14.78	1227.13	4125.81
19.88	14.78	1226.21	4179.61
19.88	14.78	1225.3	4086.19
19.88	14.78	1224.38	3856.53
19.88	14.78	1223.46	4185.58
19.88	14.78	1222.54	4005.02
19.88	14.78	1221.63	4116.0
19.88	14.78	1220.71	4139.79
19.88	14.78	1219.79	4253.42
19.88	14.78	1218.87	4160.11
19.88	14.78	1217.95	3941.6
19.88	14.78	1217.03	4000.78
19.88	14.78	1216.12	4103.48
19.88	14.78	1215.2	4048.34
19.88	14.78	1214.28	3982.34
19.88	14.78	1213.36	3818.46
19.88	14.78	1212.44	3931.99
19.88	14.78	1211.52	3917.7
19.88	14.78	1210.6	3762.07
19.88	14.78	1209.68	3783.15
19.88	14.78	1208.76	3915.63
19.88	14.78	1207.84	3857.88
19.88	14.78	1206.92	3745.83
19.88	14.78	1206.0	3788.62
19.88	14.78	1205.08	3863.99
19.88	14.78	1204.16	3790.0
19.88	14.78	1203.24	3783.9
19.88	14.78	1202.31	3715.38
19.88	14.78	1201.39	3774.42
19.88	14.78	1200.47	3779.18
19.88	14.78	1199.55	3623.9
19.88	14.78	1198.63	3417.15
19.88	14.78	1197.71	3760.91
19.88	14.78	1196.78	3673.49
19.88	14.78	1195.86	3512.92
19.88	14.78	1194.94	3477.07
19.88	14.78	1194.02	3571.29
19.88	14.78	1193.09	3624.84
19.88	14.78	1192.17	3426.47
19.88	14.78	1191.25	3433.98
19.88	14.78	1190.32	3609.38
19.88	14.78	1189.4	3551.89
19.88	14.78	1188.48	3402.39
19.88	14.78	1187.55	3347.66
19.88	14.78	1186.63	3460.71
19.88	14.78	1185.71	3492.56
19.88	14.78	1184.78	3394.57
19.88	14.78	1183.86	3375.04
19.88	14.78	1182.93	3466.37
19.88	14.78	1182.01	3552.27
19.88	14.78	1181.08	3343.52
19.88	14.78	1180.16	3232.12
19.88	14.78	1179.23	3393.67
19.88	14.78	1178.31	3430.89
19.88	14.78	1177.38	3343.85
19.88	14.78	1176.46	3302.75
19.88	14.78	1175.53	3375.07
19.88	14.78	1174.6	3441.96
19.88	14.78	1173.68	3352.28
19.88	14.78	1172.75	3322.0
19.88	14.78	1171.82	3502.19
19.88	14.78	1170.9	3550.12
19.88	14.78	1169.97	3546.8
19.88	14.78	1169.04	3562.35
19.88	14.78	1168.12	3672.27
19.88	14.78	1167.19	3814.49
19.88	14.78	1166.26	3773.38
19.88	14.78	1165.33	3770.02
19.88	14.78	1164.41	3979.51
19.88	14.78	1163.48	4062.31
19.88	14.78	1162.55	3918.85
19.88	14.78	1161.62	3710.8
19.88	14.78	1160.69	3960.53
19.88	14.78	1159.76	4010.98
19.88	14.78	1158.84	3907.99
19.88	14.78	1157.91	3670.49
19.88	14.78	1156.98	3984.63
19.88	14.78	1156.05	4209.89
19.88	14.78	1155.12	3983.22
19.88	14.78	1154.19	3839.99
19.88	14.78	1153.26	4110.86
19.88	14.78	1152.33	4069.81
19.88	14.78	1151.4	3964.27
19.88	14.78	1150.47	3778.15
19.88	14.78	1149.54	3790.91
19.88	14.78	1148.61	3784.87
19.88	14.78	1147.68	3690.2
19.88	14.78	1146.75	3654.63
19.88	14.78	1145.81	3742.58
19.88	14.78	1144.88	3623.81
19.88	14.78	1143.95	3443.35
19.88	14.78	1143.02	3241.49
19.88	14.78	1142.09	3342.86
19.88	14.78	1141.16	3353.0
19.88	14.78	1140.22	3231.72
19.88	14.78	1139.29	3225.78
19.88	14.78	1138.36	3327.08
19.88	14.78	1137.43	3412.27
19.88	14.78	1136.49	3285.7
19.88	14.78	1135.56	3196.69
19.88	14.78	1134.63	3439.92
19.88	14.78	1133.69	3474.13
19.88	14.78	1132.76	3286.05
19.88	14.78	1131.83	3333.66
19.88	14.78	1130.89	3362.52
19.88	14.78	1129.96	3428.84
19.88	14.78	1129.02	3471.05
19.88	14.78	1128.09	3406.21
19.88	14.78	1127.16	3346.75
19.88	14.78	1126.22	3549.44
19.88	14.78	1125.29	3415.09
19.88	14.78	1124.35	3280.79
19.88	14.78	1123.42	3347.04
19.88	14.78	1122.48	3378.52
19.88	14.78	1121.55	3297.75
19.88	14.78	1120.61	3233.04
19.88	14.78	1119.67	3355.35
19.88	14.78	1118.74	3437.55
19.88	14.78	1117.8	3290.07
19.88	14.78	1116.87	3139.96
19.88	14.78	1115.93	3318.26
19.88	14.78	1114.99	3218.91
19.88	14.78	1114.06	3151.63
19.88	14.78	1113.12	3223.1
19.88	14.78	1112.18	3206.53
19.88	14.78	1111.24	3216.62
19.88	14.78	1110.31	3197.38
19.88	14.78	1109.37	3100.83
19.88	14.78	1108.43	3166.92
19.88	14.78	1107.49	3225.0
19.88	14.78	1106.55	3021.9
19.88	14.78	1105.62	3106.62
19.88	14.78	1104.68	3154.01
19.88	14.78	1103.74	3134.81
19.88	14.78	1102.8	3027.73
19.88	14.78	1101.86	2920.7
19.88	14.78	1100.92	3138.46
19.88	14.78	1099.98	3087.33
19.88	14.78	1099.04	3155.97
19.88	14.78	1098.1	3035.68
19.88	14.78	1097.16	3064.4
19.88	14.78	1096.22	3109.07
19.88	14.78	1095.28	3002.15
19.88	14.78	1094.34	2959.08
19.88	14.78	1093.4	3040.95
19.88	14.78	1092.46	3093.56
19.88	14.78	1091.52	2901.69
19.88	14.78	1090.58	2850.7
19.88	14.78	1089.64	3163.63
19.88	14.78	1088.7	3070.11
19.88	14.78	1087.76	3003.18
19.88	14.78	1086.81	2843.36
19.88	14.78	1085.87	2970.26
19.88	14.78	1084.93	3094.46
19.88	14.78	1083.99	2979.81
19.88	14.78	1083.05	2910.31
19.88	14.78	1082.1	3108.72
19.88	14.78	1081.16	3002.09
19.88	14.78	1080.22	2982.99
19.88	14.78	1079.28	2857.86
19.88	14.78	1078.33	3085.3
19.88	14.78	1077.39	2936.34
19.88	14.78	1076.45	2843.08
19.88	14.78	1075.5	2906.16
19.88	14.78	1074.56	2990.4
19.88	14.78	1073.61	2926.31
19.88	14.78	1072.67	2912.54
19.88	14.78	1071.73	2909.38
19.88	14.78	1070.78	2940.62
19.88	14.78	1069.84	3011.55
19.88	14.78	1068.89	2894.59
19.88	14.78	1067.95	2957.56
19.88	14.78	1067.0	3102.51
19.88	14.78	1066.06	2887.75
19.88	14.78	1065.11	2829.07
19.88	14.78	1064.16	2828.56
19.88	14.78	1063.22	3028.93
19.88	14.78	1062.27	3025.75
19.88	14.78	1061.33	2834.97
19.88	14.78	1060.38	2916.36
19.88	14.78	1059.43	3024.13
19.88	14.78	1058.49	3116.01
19.88	14.78	1057.54	2898.95
19.88	14.78	1056.59	2980.27
19.88	14.78	1055.65	2945.43
19.88	14.78	1054.7	3021.42
19.88	14.78	1053.75	2939.1
19.88	14.78	1052.8	3062.55
19.88	14.78	1051.85	3178.05
19.88	14.78	1050.91	2979.71
19.88	14.78	1049.96	2921.18
19.88	14.78	1049.01	2849.48
19.88	14.78	1048.06	3004.47
19.88	14.78	1047.11	2996.03
19.88	14.78	1046.16	2945.43
19.88	14.78	1045.21	2881.69
19.88	14.78	1044.27	2920.68
19.88	14.78	1043.32	2922.79
19.88	14.78	1042.37	2693.22
19.88	14.78	1041.42	2916.48
19.88	14.78	1040.47	2892.27
19.88	14.78	1039.52	2797.03
19.88	14.78	1038.57	2809.68
19.88	14.78	1037.62	2877.57
19.88	14.78	1036.67	2834.98
19.88	14.78	1035.71	2915.98
19.88	14.78	1034.76	2660.45
19.88	14.78	1033.81	2854.48
19.88	14.78	1032.86	2893.39
19.88	14.78	1031.91	2790.4
19.88	14.78	1030.96	2768.88
19.88	14.78	1030.01	2828.8
19.88	14.78	1029.05	2909.7
19.88	14.78	1028.1	2914.43
19.88	14.78	1027.15	2701.27
19.88	14.78	1026.2	2868.77
19.88	14.78	1025.24	2894.5
19.88	14.78	1024.29	2741.8
19.88	14.78	1023.34	2861.98
19.88	14.78	1022.39	2866.71
19.88	14.78	1021.43	2876.69
19.88	14.78	1020.48	2687.4
19.88	14.78	1019.52	2859.93
19.88	14.78	1018.57	2856.8
19.88	14.78	1017.62	2858.91
19.88	14.78	1016.66	2947.47
19.88	14.78	1015.71	2944.33
19.88	14.78	1014.75	2959.51
19.88	14.78	1013.8	3016.59
19.88	14.78	1012.84	2913.94
19.88	14.78	1011.89	2963.16
19.88	14.78	1010.93	3046.37
19.88	14.78	1009.98	3011.81
19.88	14.78	1009.02	3032.2
19.88	14.78	1008.07	3052.58
19.88	14.78	1007.11	3067.73
19.88	14.78	1006.16	3132.55
19.88	14.78	1005.2	3147.67
19.88	14.78	1004.24	3233.37
19.88	14.78	1003.29	3175.29
19.88	14.78	1002.33	3219.14
19.88	14.78	1001.37	3090.55
19.88	14.78	1000.41	3103.06
19.88	14.78	999.4580000000001	3102.5
19.88	14.78	998.5	3094.11
19.88	14.78	997.543	2879.49
19.88	14.78	996.585	3014.7
19.88	14.78	995.627	2922.82
19.88	14.78	994.669	2747.48
19.88	14.78	993.71	2833.07
19.88	14.78	992.752	2879.51
19.88	14.78	991.793	2816.41
19.88	14.78	990.834	2795.04
19.88	14.78	989.875	2711.12
19.88	14.78	988.916	2757.55
19.88	14.78	987.957	2777.9
19.88	14.78	986.997	2691.43
19.88	14.78	986.0369999999999	2688.34
19.88	14.78	985.078	2789.43
19.88	14.78	984.118	2703.0
19.88	14.78	983.1569999999999	2559.31
19.88	14.78	982.197	2642.15
19.88	14.78	981.2360000000001	2777.02
19.88	14.78	980.2760000000001	2680.24
19.88	14.78	979.315	2560.08
19.88	14.78	978.3539999999999	2715.69
19.88	14.78	977.3919999999999	2668.39
19.88	14.78	976.431	2704.31
19.88	14.78	975.4689999999999	2618.03
19.88	14.78	974.508	2542.18
19.88	14.78	973.546	2741.84
19.88	14.78	972.584	2642.6
19.88	14.78	971.6210000000001	2590.17
19.88	14.78	970.659	2729.97
19.88	14.78	969.696	2680.14
19.88	14.78	968.7330000000001	2705.62
19.88	14.78	967.77	2624.65
19.88	14.78	966.807	2756.56
19.88	14.78	965.8439999999999	2792.39
19.88	14.78	964.88	2698.48
19.88	14.78	963.9169999999999	2674.65
19.88	14.78	962.953	2803.86
19.88	14.78	961.9889999999999	2813.73
19.88	14.78	961.025	2701.73
19.88	14.78	960.06	2680.5
19.88	14.78	959.096	2804.43
19.88	14.78	958.1310000000001	2754.69
19.88	14.78	957.166	2697.19
19.88	14.78	956.201	2709.66
19.88	14.78	955.2360000000001	2799.82
19.88	14.78	954.27	2643.94
19.88	14.78	953.305	2558.03
19.88	14.78	952.3389999999999	2552.39
19.88	14.78	951.373	2774.51
19.88	14.78	950.4069999999999	2644.63
19.88	14.78	949.441	2589.82
19.88	14.78	948.4739999999999	2607.46
19.88	14.78	947.508	2638.03
19.88	14.78	946.541	2622.04
19.88	14.78	945.574	2580.2
19.88	14.78	944.607	2696.05
19.88	14.78	943.6389999999999	2757.6
19.88	14.78	942.672	2689.91
19.88	14.78	941.704	2661.01
19.88	14.78	940.7360000000001	2629.54
19.88	14.78	939.768	2833.09
19.88	14.78	938.8	2786.1
19.88	14.78	937.832	2674.58
19.88	14.78	936.863	2914.15
19.88	14.78	935.8939999999999	2952.34
19.88	14.78	934.926	2913.1
19.88	14.78	933.956	2995.13
19.88	14.78	932.987	3079.71
19.88	14.78	932.018	3177.15
19.88	14.78	931.048	3189.47
19.88	14.78	930.078	3312.63
19.88	14.78	929.1080000000001	3469.26
19.88	14.78	928.138	3406.78
19.88	14.78	927.168	3370.1
19.88	14.78	926.198	3302.51
19.88	14.78	925.227	3304.49
19.88	14.78	924.2560000000001	3144.24
19.88	14.78	923.285	3009.79
19.88	14.78	922.314	3073.6
19.88	14.78	921.3430000000001	3037.01
19.88	14.78	920.3710000000001	2848.62
19.88	14.78	919.3989999999999	2719.46
19.88	14.78	918.427	2883.6
19.88	14.78	917.455	2852.22
19.88	14.78	916.4830000000001	2841.42
19.88	14.78	915.5110000000001	2673.79
19.88	14.78	914.538	2866.1
19.88	14.78	913.565	2737.08
19.88	14.78	912.5930000000001	2762.28
19.88	14.78	911.6189999999999	2623.05
19.88	14.78	910.6460000000001	2815.22
19.88	14.78	909.673	2724.83
19.88	14.78	908.699	2662.71
19.88	14.78	907.725	2636.56
19.88	14.78	906.7510000000001	2666.88
19.88	14.78	905.7769999999999	2568.88
19.88	14.78	904.803	2604.34
19.88	14.78	903.828	2634.65
19.88	14.78	902.8539999999999	2657.26
19.88	14.78	901.8789999999999	2561.89
19.88	14.78	900.904	2502.46
19.88	14.78	899.928	2630.18
19.88	14.78	898.953	2680.97
19.88	14.78	897.977	2652.3
19.88	14.78	897.002	2544.21
19.88	14.78	896.0260000000001	2587.3
19.88	14.78	895.05	2643.17
19.88	14.78	894.073	2655.5
19.88	14.78	893.097	2598.69
19.88	14.78	892.12	2675.02
19.88	14.78	891.1439999999999	2636.14
19.88	14.78	890.1669999999999	2515.4
19.88	14.78	889.189	2540.53
19.88	14.78	888.212	2744.71
19.88	14.78	887.235	2726.31
19.88	14.78	886.257	2597.96
19.88	14.78	885.279	2669.08
19.88	14.78	884.301	2717.16
19.88	14.78	883.323	2645.11
19.88	14.78	882.3439999999999	2547.53
19.88	14.78	881.3660000000001	2787.22
19.88	14.78	880.387	2886.33
19.88	14.78	879.408	2737.68
19.88	14.78	878.429	2785.7
19.88	14.78	877.45	2769.88
19.88	14.78	876.47	2891.9
19.88	14.78	875.4910000000001	2914.34
19.88	14.78	874.5110000000001	2921.47
19.88	14.78	873.5310000000001	3022.98
19.88	14.78	872.551	3149.96
19.88	14.78	871.57	2937.73
19.88	14.78	870.59	2947.4
19.88	14.78	869.6089999999999	3056.48
19.88	14.78	868.628	2872.42
19.88	14.78	867.6469999999999	2899.93
19.88	14.78	866.666	2881.57
19.88	14.78	865.684	2993.13
19.88	14.78	864.703	2852.51
19.88	14.78	863.721	2770.5
19.88	14.78	862.7389999999999	2785.28
19.88	14.78	861.757	2838.23
19.88	14.78	860.775	2741.0
19.88	14.78	859.7919999999999	2664.17
19.88	14.78	858.81	2966.43
19.88	14.78	857.827	2861.61
19.88	14.78	856.8439999999999	2698.32
19.88	14.78	855.86	2654.61
19.88	14.78	854.877	2730.39
19.88	14.78	853.8939999999999	2757.86
19.88	14.78	852.91	2714.16
19.88	14.78	851.926	2675.55
19.88	14.78	850.942	2703.01
19.88	14.78	849.9580000000001	2677.12
19.88	14.78	848.9730000000001	2628.38
19.88	14.78	847.988	2676.15
19.88	14.78	847.0039999999999	2695.97
19.88	14.78	846.0189999999999	2644.72
19.88	14.78	845.034	2667.08
19.88	14.78	844.048	2669.13
19.88	14.78	843.063	2716.84
19.88	14.78	842.077	2678.31
19.88	14.78	841.091	2581.46
19.88	14.78	840.105	2695.08
19.88	14.78	839.1189999999999	2684.45
19.88	14.78	838.132	2582.59
19.88	14.78	837.1460000000001	2764.57
19.88	14.78	836.159	2728.59
19.88	14.78	835.172	2872.48
19.88	14.78	834.185	2712.41
19.88	14.78	833.198	2603.03
19.88	14.78	832.21	2724.08
19.88	14.78	831.222	2812.18
19.88	14.78	830.235	2682.6
19.88	14.78	829.247	2745.37
19.88	14.78	828.258	2732.22
19.88	14.78	827.27	2592.61
19.88	14.78	826.2810000000001	2673.06
19.88	14.78	825.293	2740.84
19.88	14.78	824.304	2710.01
19.88	14.78	823.315	2628.64
19.88	14.78	822.325	2655.96
19.88	14.78	821.336	2713.59
19.88	14.78	820.346	2677.73
19.88	14.78	819.3560000000001	2631.78
19.88	14.78	818.3660000000001	2732.31
19.88	14.78	817.3760000000001	2792.4
19.88	14.78	816.3860000000001	2852.48
19.88	14.78	815.395	2718.2
19.88	14.78	814.405	2707.61
19.88	14.78	813.414	2863.54
19.88	14.78	812.423	2842.84
19.88	14.78	811.431	2736.4
19.88	14.78	810.44	2725.81
19.88	14.78	809.448	2750.53
19.88	14.78	808.456	2739.94
19.88	14.78	807.4639999999999	2623.52
19.88	14.78	806.472	2721.31
19.88	14.78	805.48	2632.64
19.88	14.78	804.487	2735.43
19.88	14.78	803.495	2699.68
19.88	14.78	802.502	2774.72
19.88	14.78	801.5089999999999	2754.08
19.88	14.78	800.5160000000001	2559.77
19.88	14.78	799.5219999999999	2695.19
19.88	14.78	798.528	2802.89
19.88	14.78	797.535	2769.68
19.88	14.78	796.541	2615.75
19.88	14.78	795.547	2695.74
19.88	14.78	794.552	2682.68
19.88	14.78	793.558	2722.41
19.88	14.78	792.563	2661.6
19.88	14.78	791.568	2769.17
19.88	14.78	790.573	2680.73
19.88	14.78	789.578	2622.46
19.88	14.78	788.582	2647.1
19.88	14.78	787.587	2752.08
19.88	14.78	786.591	2744.05
19.88	14.78	785.595	2698.37
19.88	14.78	784.5989999999999	2913.7
19.88	14.78	783.602	2787.71
19.88	14.78	782.6060000000001	2696.89
19.88	14.78	781.6089999999999	2686.37
19.88	14.78	780.612	2756.09
19.88	14.78	779.615	2865.92
19.88	14.78	778.618	2830.3
19.88	14.78	777.6210000000001	2729.52
19.88	14.78	776.623	2876.88
19.88	14.78	775.625	2906.42
19.88	14.78	774.627	2880.84
19.88	14.78	773.6289999999999	2852.76
19.88	14.78	772.6310000000001	2892.31
19.88	14.78	771.632	2809.16
19.88	14.78	770.6339999999999	2748.57
19.88	14.78	769.635	2855.69
19.88	14.78	768.6360000000001	2915.22
19.88	14.78	767.6360000000001	2829.62
19.88	14.78	766.637	2684.02
19.88	14.78	765.637	2821.09
19.88	14.78	764.637	2760.56
19.88	14.78	763.638	2717.56
19.88	14.78	762.637	2694.56
19.88	14.78	761.637	2894.0
19.88	14.78	760.6360000000001	2868.49
19.88	14.78	759.6360000000001	2803.01
19.88	14.78	758.635	2854.95
19.88	14.78	757.6339999999999	2846.94
19.88	14.78	756.633	2941.3
19.88	14.78	755.6310000000001	2768.51
19.88	14.78	754.6289999999999	2795.46
19.88	14.78	753.628	2882.29
19.88	14.78	752.6260000000001	2749.53
19.88	14.78	751.623	2631.78
19.88	14.78	750.6210000000001	2746.03
19.88	14.78	749.6189999999999	2850.26
19.88	14.78	748.6160000000001	2705.13
19.88	14.78	747.613	2841.74
19.88	14.78	746.61	2846.2
19.88	14.78	745.607	2790.86
19.88	14.78	744.6030000000001	2685.71
19.88	14.78	743.5989999999999	2894.46
19.88	14.78	742.596	2844.12
19.88	14.78	741.592	2870.99
19.88	14.78	740.587	2736.03
19.88	14.78	739.5830000000001	2797.76
19.88	14.78	738.579	2764.89
19.88	14.78	737.574	2694.72
19.88	14.78	736.569	2686.76
19.88	14.78	735.564	2773.32
19.88	14.78	734.558	2792.71
19.88	14.78	733.553	2633.07
19.88	14.78	732.547	2756.89
19.88	14.78	731.541	2801.12
19.88	14.78	730.535	2666.42
19.88	14.78	729.529	2598.85
19.88	14.78	728.523	2769.77
19.88	14.78	727.5160000000001	2714.63
19.88	14.78	726.5089999999999	2607.35
19.88	14.78	725.503	2601.91
19.88	14.78	724.495	2775.19
19.88	14.78	723.488	2734.97
19.88	14.78	722.4810000000001	2724.55
19.88	14.78	721.4730000000001	2664.51
19.88	14.78	720.465	2778.12
19.88	14.78	719.457	2670.97
19.88	14.78	718.449	2573.78
19.88	14.78	717.44	2617.93
19.88	14.78	716.432	2786.0
19.88	14.78	715.423	2669.01
19.88	14.78	714.414	2747.81
19.88	14.78	713.405	2779.51
19.88	14.78	712.395	2880.55
19.88	14.78	711.3860000000001	2810.69
19.88	14.78	710.3760000000001	2708.66
19.88	14.78	709.3660000000001	2871.54
19.88	14.78	708.3560000000001	2757.17
19.88	14.78	707.346	2684.9
19.88	14.78	706.335	2664.61
19.88	14.78	705.325	2743.28
19.88	14.78	704.314	2693.31
19.88	14.78	703.303	2628.53
19.88	14.78	702.2919999999999	2694.8
19.88	14.78	701.28	2743.74
19.88	14.78	700.2689999999999	2713.58
19.88	14.78	699.257	2683.43
19.88	14.78	698.245	2794.11
19.88	14.78	697.2330000000001	2754.08
19.88	14.78	696.22	2726.41
19.88	14.78	695.2080000000001	2792.57
19.88	14.78	694.195	2900.68
19.88	14.78	693.182	2818.7
19.88	14.78	692.169	2608.42
19.88	14.78	691.1560000000001	2746.11
19.88	14.78	690.143	2740.67
19.88	14.78	689.1289999999999	2725.37
19.88	14.78	688.115	2680.49
19.88	14.78	687.1010000000001	2778.61
19.88	14.78	686.087	2817.54
19.88	14.78	685.073	2619.86
19.88	14.78	684.058	2779.55
19.88	14.78	683.043	2924.39
19.88	14.78	682.028	2761.28
19.88	14.78	681.013	2785.4
19.88	14.78	679.998	2930.17
19.88	14.78	678.9830000000001	2922.24
19.88	14.78	677.967	2882.32
19.88	14.78	676.951	2803.04
19.88	14.78	675.935	2928.02
19.88	14.78	674.919	2934.86
19.88	14.78	673.9019999999999	2858.07
19.88	14.78	672.8860000000001	2820.66
19.88	14.78	671.8689999999999	2896.36
19.88	14.78	670.852	2795.04
19.88	14.78	669.835	2742.91
19.88	14.78	668.817	2744.86
19.88	14.78	667.8	2773.84
19.88	14.78	666.7819999999999	2788.07
19.88	14.78	665.7639999999999	2787.56
19.88	14.78	664.7460000000001	2872.99
19.88	14.78	663.7280000000001	2703.06
19.88	14.78	662.709	2729.56
19.88	14.78	661.691	2741.33
19.88	14.78	660.672	2777.63
19.88	14.78	659.653	2725.6
19.88	14.78	658.6339999999999	2730.01
19.88	14.78	657.6139999999999	2817.79
19.88	14.78	656.595	2858.95
19.88	14.78	655.575	2792.24
19.88	14.78	654.555	2877.51
19.88	14.78	653.535	2933.34
19.88	14.78	652.514	2913.2
19.88	14.78	651.494	2937.16
19.88	14.78	650.4730000000001	3041.94
19.88	14.78	649.452	3092.8
19.88	14.78	648.431	2994.3
19.88	14.78	647.41	3018.23
19.88	14.78	646.388	3147.38
19.88	14.78	645.366	3139.46
19.88	14.78	644.345	2948.06
19.88	14.78	643.323	3084.49
19.88	14.78	642.3	3171.97
19.88	14.78	641.278	3093.14
19.88	14.78	640.255	2918.99
19.88	14.78	639.232	3082.22
19.88	14.78	638.2090000000001	3118.31
19.88	14.78	637.186	2983.35
19.88	14.78	636.163	2973.03
19.88	14.78	635.139	3006.67
19.88	14.78	634.116	3015.89
19.88	14.78	633.092	2885.93
19.88	14.78	632.068	2917.13
19.88	14.78	631.043	2955.64
19.88	14.78	630.019	2913.62
19.88	14.78	628.994	2815.49
19.88	14.78	627.969	2941.81
19.88	14.78	626.944	2958.34
19.88	14.78	625.919	2852.95
19.88	14.78	624.893	2879.24
19.88	14.78	623.868	2956.71
19.88	14.78	622.842	2924.48
19.88	14.78	621.816	2804.54
19.88	14.78	620.79	2920.96
19.88	14.78	619.763	2913.12
19.88	14.78	618.737	2749.42
19.88	14.78	617.71	2673.43
19.88	14.78	616.683	2765.44
19.88	14.78	615.656	2825.78
19.88	14.78	614.629	2708.45
19.88	14.78	613.601	2827.17
19.88	14.78	612.573	2724.48
19.88	14.78	611.545	2745.87
19.88	14.78	610.5169999999999	2648.09
19.88	14.78	609.489	2681.64
19.88	14.78	608.461	2746.77
19.88	14.78	607.432	2554.27
19.88	14.78	606.403	2680.15
19.88	14.78	605.374	2655.36
19.88	14.78	604.345	2710.74
19.88	14.78	603.315	2690.81
19.88	14.78	602.286	2666.03
19.88	14.78	601.256	2769.93
19.88	14.78	600.226	2689.32
