-14.57	-12.83	1799.66	1534.26
-14.57	-12.83	1798.84	1555.39
-14.57	-12.83	1798.03	1515.41
-14.57	-12.83	1797.21	1603.74
-14.57	-12.83	1796.39	1490.46
-14.57	-12.83	1795.57	1471.89
-14.57	-12.83	1794.75	1618.19
-14.57	-12.83	1793.93	1520.23
-14.57	-12.83	1793.11	1584.07
-14.57	-12.83	1792.29	1528.88
-14.57	-12.83	1791.47	1543.87
-14.57	-12.83	1790.65	1580.22
-14.57	-12.83	1789.84	1573.85
-14.57	-12.83	1789.02	1573.59
-14.57	-12.83	1788.2	1606.86
-14.57	-12.83	1787.38	1524.28
-14.57	-12.83	1786.56	1594.13
-14.57	-12.83	1785.73	1642.62
-14.57	-12.83	1784.91	1517.41
-14.57	-12.83	1784.09	1584.18
-14.57	-12.83	1783.27	1529.08
-14.57	-12.83	1782.45	1583.64
-14.57	-12.83	1781.63	1565.11
-14.57	-12.83	1780.81	1577.02
-14.57	-12.83	1779.99	1604.15
-14.57	-12.83	1779.17	1597.79
-14.57	-12.83	1778.35	1594.48
-14.57	-12.83	1777.52	1578.99
-14.57	-12.83	1776.7	1490.51
-14.57	-12.83	1775.88	1596.71
-14.57	-12.83	1775.06	1593.4
-14.57	-12.83	1774.24	1438.07
-14.57	-12.83	1773.41	1544.22
-14.57	-12.83	1772.59	1501.41
-14.57	-12.83	1771.77	1613.59
-14.57	-12.83	1770.95	1564.71
-14.57	-12.83	1770.12	1646.46
-14.57	-12.83	1769.3	1545.95
-14.57	-12.83	1768.48	1597.32
-14.57	-12.83	1767.65	1618.3
-14.57	-12.83	1766.83	1554.28
-14.57	-12.83	1766.01	1578.29
-14.57	-12.83	1765.18	1656.93
-14.57	-12.83	1764.36	1605.07
-14.57	-12.83	1763.53	1580.53
-14.57	-12.83	1762.71	1589.36
-14.57	-12.83	1761.88	1592.12
-14.57	-12.83	1761.06	1673.72
-14.57	-12.83	1760.24	1612.8
-14.57	-12.83	1759.41	1606.47
-14.57	-12.83	1758.59	1566.8
-14.57	-12.83	1757.76	1590.77
-14.57	-12.83	1756.94	1657.16
-14.57	-12.83	1756.11	1517.54
-14.57	-12.83	1755.28	1686.88
-14.57	-12.83	1754.46	1580.61
-14.57	-12.83	1753.63	1680.25
-14.57	-12.83	1752.81	1670.89
-14.57	-12.83	1751.98	1591.92
-14.57	-12.83	1751.16	1519.02
-14.57	-12.83	1750.33	1654.91
-14.57	-12.83	1749.5	1684.88
-14.57	-12.83	1748.68	1705.77
-14.57	-12.83	1747.85	1584.52
-14.57	-12.83	1747.02	1632.63
-14.57	-12.83	1746.2	1620.26
-14.57	-12.83	1745.37	1674.39
-14.57	-12.83	1744.54	1619.71
-14.57	-12.83	1743.71	1543.9
-14.57	-12.83	1742.89	1640.3
-14.57	-12.83	1742.06	1652.11
-14.57	-12.83	1741.23	1585.39
-14.57	-12.83	1740.4	1681.74
-14.57	-12.83	1739.57	1587.87
-14.57	-12.83	1738.75	1663.06
-14.57	-12.83	1737.92	1668.81
-14.57	-12.83	1737.09	1665.51
-14.57	-12.83	1736.26	1629.03
-14.57	-12.83	1735.43	1637.8
-14.57	-12.83	1734.6	1667.68
-14.57	-12.83	1733.77	1715.64
-14.57	-12.83	1732.94	1570.65
-14.57	-12.83	1732.11	1651.76
-14.57	-12.83	1731.28	1741.89
-14.57	-12.83	1730.45	1675.31
-14.57	-12.83	1729.62	1590.67
-14.57	-12.83	1728.8	1647.63
-14.57	-12.83	1727.96	1641.33
-14.57	-12.83	1727.13	1785.58
-14.57	-12.83	1726.3	1670.88
-14.57	-12.83	1725.47	1670.59
-14.57	-12.83	1724.64	1682.35
-14.57	-12.83	1723.81	1667.02
-14.57	-12.83	1722.98	1693.81
-14.57	-12.83	1722.15	1708.56
-14.57	-12.83	1721.32	1714.29
-14.57	-12.83	1720.49	1753.09
-14.57	-12.83	1719.66	1882.07
-14.57	-12.83	1718.82	1749.49
-14.57	-12.83	1717.99	1704.11
-14.57	-12.83	1717.16	1745.89
-14.57	-12.83	1716.33	1775.63
-14.57	-12.83	1715.5	1685.21
-14.57	-12.83	1714.66	1757.01
-14.57	-12.83	1713.83	1675.63
-14.57	-12.83	1713.0	1663.34
-14.57	-12.83	1712.17	1843.17
-14.57	-12.83	1711.33	1776.83
-14.57	-12.83	1710.5	1725.51
-14.57	-12.83	1709.67	1782.22
-14.57	-12.83	1708.83	1832.92
-14.57	-12.83	1708.0	1817.61
-14.57	-12.83	1707.17	1790.31
-14.57	-12.83	1706.33	1637.09
-14.57	-12.83	1705.5	1723.75
-14.57	-12.83	1704.66	1804.38
-14.57	-12.83	1703.83	1810.07
-14.57	-12.83	1703.0	1803.77
-14.57	-12.83	1702.16	1827.43
-14.57	-12.83	1701.33	1788.18
-14.57	-12.83	1700.49	1769.91
-14.57	-12.83	1699.66	1763.62
-14.57	-12.83	1698.82	1703.44
-14.57	-12.83	1697.99	1736.08
-14.57	-12.83	1697.15	1705.86
-14.57	-12.83	1696.32	1792.34
-14.57	-12.83	1695.48	1762.12
-14.57	-12.83	1694.64	1773.78
-14.57	-12.83	1693.81	1824.32
-14.57	-12.83	1692.97	1871.86
-14.57	-12.83	1692.14	1695.15
-14.57	-12.83	1691.3	1778.55
-14.57	-12.83	1690.46	1808.14
-14.57	-12.83	1689.63	1774.96
-14.57	-12.83	1688.79	1912.09
-14.57	-12.83	1687.95	1705.65
-14.57	-12.83	1687.12	1735.23
-14.57	-12.83	1686.28	1857.36
-14.57	-12.83	1685.44	1863.02
-14.57	-12.83	1684.6	1832.85
-14.57	-12.83	1683.77	1871.34
-14.57	-12.83	1682.93	1784.48
-14.57	-12.83	1682.09	1879.65
-14.57	-12.83	1681.25	1795.81
-14.57	-12.83	1680.41	1774.62
-14.57	-12.83	1679.58	1857.82
-14.57	-12.83	1678.74	1893.28
-14.57	-12.83	1677.9	1910.84
-14.57	-12.83	1677.06	1821.1
-14.57	-12.83	1676.22	1835.69
-14.57	-12.83	1675.38	1963.5
-14.57	-12.83	1674.54	1936.35
-14.57	-12.83	1673.7	1876.45
-14.57	-12.83	1672.86	1923.78
-14.57	-12.83	1672.02	1881.77
-14.57	-12.83	1671.18	1899.31
-14.57	-12.83	1670.34	1866.24
-14.57	-12.83	1669.5	1898.66
-14.57	-12.83	1668.66	1934.04
-14.57	-12.83	1667.82	1868.26
-14.57	-12.83	1666.98	1930.41
-14.57	-12.83	1666.14	1918.18
-14.57	-12.83	1665.3	1971.38
-14.57	-12.83	1664.46	1822.39
-14.57	-12.83	1663.62	2068.79
-14.57	-12.83	1662.78	1919.85
-14.57	-12.83	1661.94	1981.92
-14.57	-12.83	1661.1	1928.1
-14.57	-12.83	1660.25	1957.48
-14.57	-12.83	1659.41	1930.42
-14.57	-12.83	1658.57	1879.61
-14.57	-12.83	1657.73	1956.48
-14.57	-12.83	1656.89	2080.81
-14.57	-12.83	1656.04	2021.1
-14.57	-12.83	1655.2	1905.03
-14.57	-12.83	1654.36	1969.98
-14.57	-12.83	1653.52	2043.8
-14.57	-12.83	1652.67	2067.17
-14.57	-12.83	1651.83	2081.65
-14.57	-12.83	1650.99	2090.19
-14.57	-12.83	1650.14	2089.83
-14.57	-12.83	1649.3	2098.36
-14.57	-12.83	1648.46	2154.31
-14.57	-12.83	1647.61	2156.9
-14.57	-12.83	1646.77	2097.29
-14.57	-12.83	1645.92	2129.51
-14.57	-12.83	1645.08	2170.61
-14.57	-12.83	1644.24	2119.9
-14.57	-12.83	1643.39	2128.42
-14.57	-12.83	1642.55	2098.46
-14.57	-12.83	1641.7	2163.2
-14.57	-12.83	1640.86	2219.05
-14.57	-12.83	1640.01	2215.71
-14.57	-12.83	1639.17	2197.59
-14.57	-12.83	1638.32	2176.51
-14.57	-12.83	1637.48	2267.8
-14.57	-12.83	1636.63	2326.53
-14.57	-12.83	1635.78	2255.2
-14.57	-12.83	1634.94	2260.72
-14.57	-12.83	1634.09	2307.61
-14.57	-12.83	1633.25	2386.98
-14.57	-12.83	1632.4	2241.84
-14.57	-12.83	1631.55	2318.24
-14.57	-12.83	1630.71	2400.52
-14.57	-12.83	1629.86	2444.39
-14.57	-12.83	1629.01	2361.33
-14.57	-12.83	1628.16	2452.41
-14.57	-12.83	1627.32	2469.69
-14.57	-12.83	1626.47	2652.18
-14.57	-12.83	1625.62	2498.35
-14.57	-12.83	1624.77	2559.85
-14.57	-12.83	1623.93	2544.67
-14.57	-12.83	1623.08	2553.08
-14.57	-12.83	1622.23	2705.92
-14.57	-12.83	1621.38	2622.93
-14.57	-12.83	1620.53	2545.87
-14.57	-12.83	1619.69	2651.5
-14.57	-12.83	1618.84	2692.28
-14.57	-12.83	1617.99	2635.86
-14.57	-12.83	1617.14	2738.47
-14.57	-12.83	1616.29	2676.18
-14.57	-12.83	1615.44	2793.47
-14.57	-12.83	1614.59	2760.61
-14.57	-12.83	1613.74	2789.57
-14.57	-12.83	1612.89	2677.29
-14.57	-12.83	1612.04	2700.36
-14.57	-12.83	1611.19	2829.31
-14.57	-12.83	1610.34	2758.25
-14.57	-12.83	1609.49	2734.26
-14.57	-12.83	1608.64	2836.67
-14.57	-12.83	1607.79	2959.63
-14.57	-12.83	1606.94	2785.75
-14.57	-12.83	1606.09	2714.76
-14.57	-12.83	1605.24	2828.85
-14.57	-12.83	1604.39	2828.37
-14.57	-12.83	1603.54	2816.14
-14.57	-12.83	1602.68	2800.98
-14.57	-12.83	1601.83	2721.24
-14.57	-12.83	1600.98	2732.51
-14.57	-12.83	1600.13	2852.36
-14.57	-12.83	1599.28	2804.92
-14.57	-12.83	1598.42	2681.24
-14.57	-12.83	1597.57	2780.5
-14.57	-12.83	1596.72	2800.55
-14.57	-12.83	1595.87	2803.0
-14.57	-12.83	1595.01	2667.67
-14.57	-12.83	1594.16	2837.21
-14.57	-12.83	1593.31	2822.07
-14.57	-12.83	1592.45	2815.73
-14.57	-12.83	1591.6	2785.95
-14.57	-12.83	1590.75	2674.17
-14.57	-12.83	1589.89	2670.78
-14.57	-12.83	1589.04	2831.36
-14.57	-12.83	1588.19	2804.53
-14.57	-12.83	1587.33	2801.12
-14.57	-12.83	1586.48	2733.33
-14.57	-12.83	1585.62	2835.27
-14.57	-12.83	1584.77	2928.4
-14.57	-12.83	1583.91	2655.88
-14.57	-12.83	1583.06	2772.4
-14.57	-12.83	1582.2	2845.02
-14.57	-12.83	1581.35	2981.94
-14.57	-12.83	1580.49	2893.74
-14.57	-12.83	1579.64	2802.64
-14.57	-12.83	1578.78	2813.85
-14.57	-12.83	1577.93	2918.54
-14.57	-12.83	1577.07	2853.78
-14.57	-12.83	1576.21	2917.54
-14.57	-12.83	1575.36	2671.76
-14.57	-12.83	1574.5	2799.76
-14.57	-12.83	1573.65	2901.44
-14.57	-12.83	1572.79	2839.65
-14.57	-12.83	1571.93	2874.18
-14.57	-12.83	1571.08	2727.82
-14.57	-12.83	1570.22	2949.04
-14.57	-12.83	1569.36	2823.12
-14.57	-12.83	1568.5	2755.57
-14.57	-12.83	1567.65	2781.34
-14.57	-12.83	1566.79	2830.41
-14.57	-12.83	1565.93	2725.0
-14.57	-12.83	1565.07	2776.99
-14.57	-12.83	1564.21	2791.08
-14.57	-12.83	1563.36	2831.38
-14.57	-12.83	1562.5	2798.86
-14.57	-12.83	1561.64	2687.72
-14.57	-12.83	1560.78	2637.76
-14.57	-12.83	1559.92	2753.75
-14.57	-12.83	1559.06	2750.36
-14.57	-12.83	1558.2	2738.25
-14.57	-12.83	1557.34	2804.7
-14.57	-12.83	1556.49	2609.32
-14.57	-12.83	1555.63	2693.21
-14.57	-12.83	1554.77	2794.53
-14.57	-12.83	1553.91	2756.25
-14.57	-12.83	1553.05	2674.38
-14.57	-12.83	1552.19	2764.02
-14.57	-12.83	1551.33	2815.85
-14.57	-12.83	1550.47	2722.39
-14.57	-12.83	1549.6	2652.21
-14.57	-12.83	1548.74	2733.07
-14.57	-12.83	1547.88	2828.43
-14.57	-12.83	1547.02	2732.13
-14.57	-12.83	1546.16	2635.87
-14.57	-12.83	1545.3	2626.7
-14.57	-12.83	1544.44	2745.23
-14.57	-12.83	1543.58	2709.94
-14.57	-12.83	1542.71	2639.85
-14.57	-12.83	1541.85	2584.29
-14.57	-12.83	1540.99	2714.34
-14.57	-12.83	1540.13	2725.47
-14.57	-12.83	1539.27	2643.83
-14.57	-12.83	1538.4	2710.04
-14.57	-12.83	1537.54	2628.43
-14.57	-12.83	1536.68	2668.54
-14.57	-12.83	1535.81	2601.45
-14.57	-12.83	1534.95	2572.04
-14.57	-12.83	1534.09	2696.12
-14.57	-12.83	1533.23	2724.61
-14.57	-12.83	1532.36	2631.51
-14.57	-12.83	1531.5	2584.74
-14.57	-12.83	1530.63	2555.36
-14.57	-12.83	1529.77	2705.38
-14.57	-12.83	1528.91	2649.94
-14.57	-12.83	1528.04	2594.53
-14.57	-12.83	1527.18	2579.62
-14.57	-12.83	1526.31	2668.81
-14.57	-12.83	1525.45	2619.21
-14.57	-12.83	1524.58	2610.08
-14.57	-12.83	1523.72	2563.4
-14.57	-12.83	1522.85	2502.27
-14.57	-12.83	1521.99	2634.74
-14.57	-12.83	1521.12	2715.16
-14.57	-12.83	1520.26	2656.93
-14.57	-12.83	1519.39	2679.57
-14.57	-12.83	1518.52	2748.4
-14.57	-12.83	1517.66	2710.4
-14.57	-12.83	1516.79	2574.29
-14.57	-12.83	1515.93	2651.75
-14.57	-12.83	1515.06	2723.42
-14.57	-12.83	1514.19	2737.37
-14.57	-12.83	1513.33	2575.4
-14.57	-12.83	1512.46	2638.39
-14.57	-12.83	1511.59	2661.0
-14.57	-12.83	1510.72	2718.19
-14.57	-12.83	1509.86	2755.19
-14.57	-12.83	1508.99	2694.2
-14.57	-12.83	1508.12	2595.78
-14.57	-12.83	1507.25	2825.77
-14.57	-12.83	1506.38	2730.24
-14.57	-12.83	1505.52	2594.44
-14.57	-12.83	1504.65	2706.27
-14.57	-12.83	1503.78	2748.98
-14.57	-12.83	1502.91	2820.45
-14.57	-12.83	1502.04	2771.05
-14.57	-12.83	1501.17	2704.4
-14.57	-12.83	1500.3	2839.13
-14.57	-12.83	1499.44	2789.75
-14.57	-12.83	1498.57	2800.77
-14.57	-12.83	1497.7	2762.91
-14.57	-12.83	1496.83	2825.67
-14.57	-12.83	1495.96	2914.28
-14.57	-12.83	1495.09	2899.41
-14.57	-12.83	1494.22	2740.89
-14.57	-12.83	1493.35	2812.23
-14.57	-12.83	1492.48	2808.87
-14.57	-12.83	1491.61	2937.6
-14.57	-12.83	1490.73	2813.64
-14.57	-12.83	1489.86	2795.93
-14.57	-12.83	1488.99	2801.19
-14.57	-12.83	1488.12	2869.57
-14.57	-12.83	1487.25	2960.89
-14.57	-12.83	1486.38	2825.55
-14.57	-12.83	1485.51	2913.97
-14.57	-12.83	1484.63	2919.2
-14.57	-12.83	1483.76	2947.37
-14.57	-12.83	1482.89	2883.8
-14.57	-12.83	1482.02	2937.75
-14.57	-12.83	1481.15	2994.56
-14.57	-12.83	1480.27	3011.23
-14.57	-12.83	1479.4	2884.67
-14.57	-12.83	1478.53	3038.83
-14.57	-12.83	1477.65	3129.94
-14.57	-12.83	1476.78	3115.08
-14.57	-12.83	1475.91	3017.21
-14.57	-12.83	1475.03	3116.87
-14.57	-12.83	1474.16	3073.4
-14.57	-12.83	1473.29	3238.82
-14.57	-12.83	1472.41	3155.3
-14.57	-12.83	1471.54	3263.44
-14.57	-12.83	1470.67	3257.15
-14.57	-12.83	1469.79	3233.71
-14.57	-12.83	1468.92	3287.47
-14.57	-12.83	1468.04	3218.3
-14.57	-12.83	1467.17	3263.47
-14.57	-12.83	1466.29	3402.91
-14.57	-12.83	1465.42	3419.46
-14.57	-12.83	1464.54	3327.47
-14.57	-12.83	1463.67	3161.26
-14.57	-12.83	1462.79	3369.14
-14.57	-12.83	1461.91	3565.53
-14.57	-12.83	1461.04	3376.54
-14.57	-12.83	1460.16	3404.49
-14.57	-12.83	1459.29	3435.28
-14.57	-12.83	1458.41	3517.42
-14.57	-12.83	1457.53	3528.22
-14.57	-12.83	1456.66	3447.76
-14.57	-12.83	1455.78	3333.11
-14.57	-12.83	1454.9	3563.44
-14.57	-12.83	1454.03	3491.57
-14.57	-12.83	1453.15	3362.72
-14.57	-12.83	1452.27	3461.87
-14.57	-12.83	1451.39	3748.99
-14.57	-12.83	1450.52	3563.2
-14.57	-12.83	1449.64	3497.09
-14.57	-12.83	1448.76	3408.21
-14.57	-12.83	1447.88	3564.2
-14.57	-12.83	1447.0	3483.88
-14.57	-12.83	1446.13	3463.36
-14.57	-12.83	1445.25	3445.68
-14.57	-12.83	1444.37	3533.28
-14.57	-12.83	1443.49	3450.18
-14.57	-12.83	1442.61	3350.04
-14.57	-12.83	1441.73	3264.16
-14.57	-12.83	1440.85	3368.78
-14.57	-12.83	1439.97	3547.27
-14.57	-12.83	1439.09	3478.45
-14.57	-12.83	1438.21	3426.7
-14.57	-12.83	1437.33	3318.15
-14.57	-12.83	1436.45	3365.86
-14.57	-12.83	1435.57	3291.44
-14.57	-12.83	1434.69	3299.39
-14.57	-12.83	1433.81	3352.75
-14.57	-12.83	1432.93	3417.45
-14.57	-12.83	1432.05	3354.43
-14.57	-12.83	1431.17	3166.57
-14.57	-12.83	1430.29	3171.7
-14.57	-12.83	1429.41	3139.94
-14.57	-12.83	1428.52	3267.02
-14.57	-12.83	1427.64	3096.32
-14.57	-12.83	1426.76	3084.44
-14.57	-12.83	1425.88	3098.08
-14.57	-12.83	1425.0	3270.42
-14.57	-12.83	1424.11	3159.34
-14.57	-12.83	1423.23	3073.8
-14.57	-12.83	1422.35	3110.09
-14.57	-12.83	1421.47	3140.7
-14.57	-12.83	1420.58	3018.4
-14.57	-12.83	1419.7	2921.62
-14.57	-12.83	1418.82	3031.5
-14.57	-12.83	1417.93	3138.52
-14.57	-12.83	1417.05	3135.14
-14.57	-12.83	1416.17	2976.17
-14.57	-12.83	1415.28	2986.97
-14.57	-12.83	1414.4	2935.54
-14.57	-12.83	1413.51	3011.38
-14.57	-12.83	1412.63	3036.3
-14.57	-12.83	1411.75	2852.04
-14.57	-12.83	1410.86	2970.24
-14.57	-12.83	1409.98	3091.23
-14.57	-12.83	1409.09	3135.89
-14.57	-12.83	1408.21	2881.13
-14.57	-12.83	1407.32	2971.0
-14.57	-12.83	1406.44	3024.13
-14.57	-12.83	1405.55	3023.61
-14.57	-12.83	1404.66	2907.35
-14.57	-12.83	1403.78	2785.49
-14.57	-12.83	1402.89	3053.07
-14.57	-12.83	1402.01	3007.4
-14.57	-12.83	1401.12	2885.58
-14.57	-12.83	1400.23	2944.3
-14.57	-12.83	1399.35	2831.0
-14.57	-12.83	1398.46	2996.84
-14.57	-12.83	1397.57	2923.04
-14.57	-12.83	1396.69	2818.25
-14.57	-12.83	1395.8	2989.64
-14.57	-12.83	1394.91	3079.28
-14.57	-12.83	1394.02	3013.95
-14.57	-12.83	1393.14	2957.1
-14.57	-12.83	1392.25	2996.01
-14.57	-12.83	1391.36	2998.3
-14.57	-12.83	1390.47	3023.11
-14.57	-12.83	1389.58	3016.96
-14.57	-12.83	1388.7	3047.39
-14.57	-12.83	1387.81	3125.63
-14.57	-12.83	1386.92	3127.9
-14.57	-12.83	1386.03	3028.92
-14.57	-12.83	1385.14	3160.55
-14.57	-12.83	1384.25	3278.08
-14.57	-12.83	1383.36	3260.64
-14.57	-12.83	1382.47	3285.37
-14.57	-12.83	1381.58	3251.07
-14.57	-12.83	1380.69	3407.83
-14.57	-12.83	1379.8	3407.24
-14.57	-12.83	1378.91	3257.8
-14.57	-12.83	1378.02	3335.85
-14.57	-12.83	1377.13	3310.0
-14.57	-12.83	1376.24	3441.36
-14.57	-12.83	1375.35	3387.43
-14.57	-12.83	1374.46	3344.75
-14.57	-12.83	1373.57	3358.2
-14.57	-12.83	1372.68	3618.48
-14.57	-12.83	1371.78	3575.78
-14.57	-12.83	1370.89	3345.22
-14.57	-12.83	1370.0	3459.58
-14.57	-12.83	1369.11	3568.3
-14.57	-12.83	1368.22	3475.19
-14.57	-12.83	1367.33	3581.07
-14.57	-12.83	1366.43	3532.81
-14.57	-12.83	1365.54	3745.08
-14.57	-12.83	1364.65	3727.62
-14.57	-12.83	1363.76	3659.77
-14.57	-12.83	1362.86	3555.54
-14.57	-12.83	1361.97	3798.45
-14.57	-12.83	1361.08	3803.38
-14.57	-12.83	1360.18	3724.37
-14.57	-12.83	1359.29	3782.47
-14.57	-12.83	1358.4	3686.71
-14.57	-12.83	1357.5	3828.69
-14.57	-12.83	1356.61	3895.14
-14.57	-12.83	1355.71	3707.14
-14.57	-12.83	1354.82	3896.57
-14.57	-12.83	1353.92	3943.4
-14.57	-12.83	1353.03	4026.54
-14.57	-12.83	1352.13	3841.45
-14.57	-12.83	1351.24	3826.81
-14.57	-12.83	1350.34	4102.63
-14.57	-12.83	1349.45	3976.26
-14.57	-12.83	1348.55	3983.94
-14.57	-12.83	1347.66	3815.76
-14.57	-12.83	1346.76	3862.54
-14.57	-12.83	1345.87	3953.95
-14.57	-12.83	1344.97	3919.78
-14.57	-12.83	1344.07	3854.93
-14.57	-12.83	1343.18	3971.39
-14.57	-12.83	1342.28	3909.36
-14.57	-12.83	1341.38	3847.34
-14.57	-12.83	1340.49	3757.47
-14.57	-12.83	1339.59	3957.47
-14.57	-12.83	1338.69	3940.06
-14.57	-12.83	1337.8	3925.44
-14.57	-12.83	1336.9	3880.19
-14.57	-12.83	1336.0	3815.45
-14.57	-12.83	1335.1	3764.66
-14.57	-12.83	1334.2	3986.73
-14.57	-12.83	1333.31	3802.32
-14.57	-12.83	1332.41	3893.49
-14.57	-12.83	1331.51	3942.9
-14.57	-12.83	1330.61	3914.39
-14.57	-12.83	1329.71	3808.0
-14.57	-12.83	1328.81	3846.27
-14.57	-12.83	1327.91	3934.58
-14.57	-12.83	1327.02	3764.3
-14.57	-12.83	1326.12	3991.57
-14.57	-12.83	1325.22	3762.98
-14.57	-12.83	1324.32	3884.58
-14.57	-12.83	1323.42	3925.58
-14.57	-12.83	1322.52	3677.67
-14.57	-12.83	1321.62	3904.76
-14.57	-12.83	1320.72	4020.7
-14.57	-12.83	1319.82	3939.48
-14.57	-12.83	1318.91	3694.53
-14.57	-12.83	1318.01	3793.79
-14.57	-12.83	1317.11	3890.24
-14.57	-12.83	1316.21	4061.57
-14.57	-12.83	1315.31	3958.23
-14.57	-12.83	1314.41	3849.37
-14.57	-12.83	1313.51	3790.47
-14.57	-12.83	1312.61	3850.8
-14.57	-12.83	1311.7	3633.92
-14.57	-12.83	1310.8	3780.16
-14.57	-12.83	1309.9	3807.21
-14.57	-12.83	1309.0	3853.64
-14.57	-12.83	1308.09	3808.64
-14.57	-12.83	1307.19	3877.21
-14.57	-12.83	1306.29	3865.46
-14.57	-12.83	1305.39	3997.67
-14.57	-12.83	1304.48	3855.8
-14.57	-12.83	1303.58	3755.49
-14.57	-12.83	1302.68	3840.61
-14.57	-12.83	1301.77	3961.66
-14.57	-12.83	1300.87	3811.6
-14.57	-12.83	1299.96	3725.2
-14.57	-12.83	1299.06	3774.32
-14.57	-12.83	1298.16	3671.37
-14.57	-12.83	1297.25	3701.13
-14.57	-12.83	1296.35	3377.14
-14.57	-12.83	1295.44	3647.33
-14.57	-12.83	1294.54	3608.01
-14.57	-12.83	1293.63	3532.8
-14.57	-12.83	1292.73	3479.71
-14.57	-12.83	1291.82	3702.76
-14.57	-12.83	1290.92	3630.33
-14.57	-12.83	1290.01	3568.97
-14.57	-12.83	1289.1	3604.22
-14.57	-12.83	1288.2	3504.25
-14.57	-12.83	1287.29	3727.1
-14.57	-12.83	1286.39	3632.66
-14.57	-12.83	1285.48	3524.47
-14.57	-12.83	1284.57	3399.77
-14.57	-12.83	1283.67	3465.34
-14.57	-12.83	1282.76	3580.49
-14.57	-12.83	1281.85	3378.69
-14.57	-12.83	1280.94	3262.37
-14.57	-12.83	1280.04	3399.54
-14.57	-12.83	1279.13	3371.4
-14.57	-12.83	1278.22	3216.59
-14.57	-12.83	1277.31	3199.5
-14.57	-12.83	1276.41	3383.39
-14.57	-12.83	1275.5	3410.32
-14.57	-12.83	1274.59	3285.88
-14.57	-12.83	1273.68	3189.0
-14.57	-12.83	1272.77	3323.24
-14.57	-12.83	1271.86	3361.16
-14.57	-12.83	1270.95	3355.07
-14.57	-12.83	1270.04	3164.76
-14.57	-12.83	1269.13	3147.71
-14.57	-12.83	1268.23	3182.89
-14.57	-12.83	1267.32	3075.15
-14.57	-12.83	1266.41	3132.31
-14.57	-12.83	1265.5	3093.3
-14.57	-12.83	1264.59	3235.58
-14.57	-12.83	1263.67	3171.85
-14.57	-12.83	1262.76	3077.94
-14.57	-12.83	1261.85	3110.34
-14.57	-12.83	1260.94	3227.82
-14.57	-12.83	1260.03	3180.6
-14.57	-12.83	1259.12	3188.27
-14.57	-12.83	1258.21	3204.17
-14.57	-12.83	1257.3	3261.2
-14.57	-12.83	1256.39	3087.86
-14.57	-12.83	1255.47	3054.42
-14.57	-12.83	1254.56	3188.2
-14.57	-12.83	1253.65	3165.72
-14.57	-12.83	1252.74	3129.53
-14.57	-12.83	1251.83	3065.97
-14.57	-12.83	1250.91	2977.76
-14.57	-12.83	1250.0	3218.27
-14.57	-12.83	1249.09	3102.68
-14.57	-12.83	1248.17	3061.07
-14.57	-12.83	1247.26	3134.44
-14.57	-12.83	1246.35	3232.42
-14.57	-12.83	1245.43	3174.39
-14.57	-12.83	1244.52	3053.44
-14.57	-12.83	1243.61	2954.42
-14.57	-12.83	1242.69	3101.6
-14.57	-12.83	1241.78	2988.93
-14.57	-12.83	1240.86	3018.48
-14.57	-12.83	1239.95	2870.33
-14.57	-12.83	1239.03	3009.22
-14.57	-12.83	1238.12	3156.25
-14.57	-12.83	1237.2	3076.46
-14.57	-12.83	1236.29	2963.92
-14.57	-12.83	1235.37	3037.14
-14.57	-12.83	1234.46	3072.1
-14.57	-12.83	1233.54	3120.71
-14.57	-12.83	1232.63	2991.86
-14.57	-12.83	1231.71	2977.68
-14.57	-12.83	1230.8	3228.21
-14.57	-12.83	1229.88	3091.22
-14.57	-12.83	1228.96	3087.95
-14.57	-12.83	1228.05	3136.5
-14.57	-12.83	1227.13	3294.11
-14.57	-12.83	1226.21	3298.98
-14.57	-12.83	1225.3	3208.44
-14.57	-12.83	1224.38	3316.89
-14.57	-12.83	1223.46	3340.83
-14.57	-12.83	1222.54	3386.56
-14.57	-12.83	1221.63	3320.59
-14.57	-12.83	1220.71	3363.58
-14.57	-12.83	1219.79	3259.51
-14.57	-12.83	1218.87	3218.09
-14.57	-12.83	1217.95	2980.7
-14.57	-12.83	1217.03	3007.39
-14.57	-12.83	1216.12	3064.0
-14.57	-12.83	1215.2	3041.7
-14.57	-12.83	1214.28	3043.88
-14.57	-12.83	1213.36	3027.03
-14.57	-12.83	1212.44	3018.33
-14.57	-12.83	1211.52	2944.39
-14.57	-12.83	1210.6	2846.02
-14.57	-12.83	1209.68	2872.69
-14.57	-12.83	1208.76	2929.25
-14.57	-12.83	1207.84	2904.28
-14.57	-12.83	1206.92	2751.65
-14.57	-12.83	1206.0	2832.64
-14.57	-12.83	1205.08	3043.94
-14.57	-12.83	1204.16	2856.07
-14.57	-12.83	1203.24	2869.14
-14.57	-12.83	1202.31	2871.35
-14.57	-12.83	1201.39	2838.28
-14.57	-12.83	1200.47	2959.86
-14.57	-12.83	1199.55	2872.54
-14.57	-12.83	1198.63	2809.66
-14.57	-12.83	1197.71	2939.31
-14.57	-12.83	1196.78	2773.42
-14.57	-12.83	1195.86	2859.67
-14.57	-12.83	1194.94	2837.48
-14.57	-12.83	1194.02	2907.43
-14.57	-12.83	1193.09	2852.73
-14.57	-12.83	1192.17	2822.43
-14.57	-12.83	1191.25	2881.51
-14.57	-12.83	1190.32	2948.7
-14.57	-12.83	1189.4	2931.93
-14.57	-12.83	1188.48	2787.95
-14.57	-12.83	1187.55	2909.24
-14.57	-12.83	1186.63	2935.79
-14.57	-12.83	1185.71	2956.91
-14.57	-12.83	1184.78	2915.81
-14.57	-12.83	1183.86	3036.99
-14.57	-12.83	1182.93	2909.37
-14.57	-12.83	1182.01	2871.01
-14.57	-12.83	1181.08	2867.8
-14.57	-12.83	1180.16	2853.78
-14.57	-12.83	1179.23	2880.3
-14.57	-12.83	1178.31	2836.56
-14.57	-12.83	1177.38	2736.12
-14.57	-12.83	1176.46	2784.25
-14.57	-12.83	1175.53	2945.76
-14.57	-12.83	1174.6	2877.75
-14.57	-12.83	1173.68	2793.57
-14.57	-12.83	1172.75	2739.1
-14.57	-12.83	1171.82	2897.8
-14.57	-12.83	1170.9	2781.29
-14.57	-12.83	1169.97	2802.38
-14.57	-12.83	1169.04	2818.06
-14.57	-12.83	1168.12	2879.57
-14.57	-12.83	1167.19	2951.85
-14.57	-12.83	1166.26	2846.21
-14.57	-12.83	1165.33	2783.73
-14.57	-12.83	1164.41	2974.53
-14.57	-12.83	1163.48	2844.7
-14.57	-12.83	1162.55	2795.71
-14.57	-12.83	1161.62	2757.52
-14.57	-12.83	1160.69	2840.49
-14.57	-12.83	1159.76	2845.37
-14.57	-12.83	1158.84	2750.67
-14.57	-12.83	1157.91	2771.71
-14.57	-12.83	1156.98	2932.65
-14.57	-12.83	1156.05	2816.45
-14.57	-12.83	1155.12	2670.72
-14.57	-12.83	1154.19	2732.09
-14.57	-12.83	1153.26	2761.18
-14.57	-12.83	1152.33	2690.8
-14.57	-12.83	1151.4	2684.95
-14.57	-12.83	1150.47	2697.91
-14.57	-12.83	1149.54	2692.06
-14.57	-12.83	1148.61	2683.52
-14.57	-12.83	1147.68	2621.27
-14.57	-12.83	1146.75	2416.73
-14.57	-12.83	1145.81	2671.36
-14.57	-12.83	1144.88	2676.25
-14.57	-12.83	1143.95	2563.05
-14.57	-12.83	1143.02	2522.35
-14.57	-12.83	1142.09	2540.68
-14.57	-12.83	1141.16	2553.64
-14.57	-12.83	1140.22	2515.64
-14.57	-12.83	1139.29	2448.16
-14.57	-12.83	1138.36	2576.41
-14.57	-12.83	1137.43	2616.16
-14.57	-12.83	1136.49	2570.14
-14.57	-12.83	1135.56	2550.92
-14.57	-12.83	1134.63	2550.47
-14.57	-12.83	1133.69	2595.55
-14.57	-12.83	1132.76	2442.44
-14.57	-12.83	1131.83	2551.79
-14.57	-12.83	1130.89	2540.63
-14.57	-12.83	1129.96	2534.82
-14.57	-12.83	1129.02	2520.99
-14.57	-12.83	1128.09	2437.59
-14.57	-12.83	1127.16	2603.03
-14.57	-12.83	1126.22	2541.04
-14.57	-12.83	1125.29	2473.74
-14.57	-12.83	1124.35	2510.73
-14.57	-12.83	1123.42	2587.81
-14.57	-12.83	1122.48	2614.08
-14.57	-12.83	1121.55	2439.91
-14.57	-12.83	1120.61	2439.47
-14.57	-12.83	1119.67	2567.27
-14.57	-12.83	1118.74	2641.6
-14.57	-12.83	1117.8	2438.17
-14.57	-12.83	1116.87	2523.18
-14.57	-12.83	1115.93	2640.19
-14.57	-12.83	1114.99	2573.0
-14.57	-12.83	1114.06	2500.49
-14.57	-12.83	1113.12	2457.35
-14.57	-12.83	1112.18	2606.3
-14.57	-12.83	1111.24	2507.15
-14.57	-12.83	1110.31	2392.04
-14.57	-12.83	1109.37	2503.59
-14.57	-12.83	1108.43	2412.51
-14.57	-12.83	1107.49	2508.03
-14.57	-12.83	1106.55	2427.64
-14.57	-12.83	1105.62	2467.18
-14.57	-12.83	1104.68	2354.85
-14.57	-12.83	1103.74	2503.59
-14.57	-12.83	1102.8	2415.26
-14.57	-12.83	1101.86	2409.51
-14.57	-12.83	1100.92	2494.26
-14.57	-12.83	1099.98	2456.56
-14.57	-12.83	1099.04	2328.39
-14.57	-12.83	1098.1	2381.19
-14.57	-12.83	1097.16	2532.39
-14.57	-12.83	1096.22	2433.53
-14.57	-12.83	1095.28	2340.03
-14.57	-12.83	1094.34	2323.66
-14.57	-12.83	1093.4	2440.21
-14.57	-12.83	1092.46	2516.84
-14.57	-12.83	1091.52	2516.4
-14.57	-12.83	1090.58	2478.75
-14.57	-12.83	1089.64	2380.03
-14.57	-12.83	1088.7	2411.47
-14.57	-12.83	1087.76	2291.55
-14.57	-12.83	1086.81	2429.2
-14.57	-12.83	1085.87	2487.16
-14.57	-12.83	1084.93	2383.22
-14.57	-12.83	1083.99	2377.48
-14.57	-12.83	1083.05	2406.24
-14.57	-12.83	1082.1	2336.85
-14.57	-12.83	1081.16	2453.12
-14.57	-12.83	1080.22	2389.05
-14.57	-12.83	1079.28	2301.13
-14.57	-12.83	1078.33	2417.35
-14.57	-12.83	1077.39	2321.51
-14.57	-12.83	1076.45	2273.41
-14.57	-12.83	1075.5	2286.25
-14.57	-12.83	1074.56	2444.76
-14.57	-12.83	1073.61	2428.44
-14.57	-12.83	1072.67	2279.73
-14.57	-12.83	1071.73	2358.74
-14.57	-12.83	1070.78	2403.31
-14.57	-12.83	1069.84	2429.35
-14.57	-12.83	1068.89	2235.77
-14.57	-12.83	1067.95	2288.28
-14.57	-12.83	1067.0	2393.66
-14.57	-12.83	1066.06	2403.82
-14.57	-12.83	1065.11	2260.61
-14.57	-12.83	1064.16	2223.2
-14.57	-12.83	1063.22	2397.24
-14.57	-12.83	1062.27	2359.82
-14.57	-12.83	1061.33	2332.98
-14.57	-12.83	1060.38	2308.78
-14.57	-12.83	1059.43	2411.38
-14.57	-12.83	1058.49	2434.71
-14.57	-12.83	1057.54	2281.14
-14.57	-12.83	1056.59	2373.13
-14.57	-12.83	1055.65	2319.92
-14.57	-12.83	1054.7	2367.0
-14.57	-12.83	1053.75	2408.79
-14.57	-12.83	1052.8	2350.33
-14.57	-12.83	1051.85	2349.91
-14.57	-12.83	1050.91	2373.22
-14.57	-12.83	1049.96	2388.62
-14.57	-12.83	1049.01	2477.81
-14.57	-12.83	1048.06	2416.75
-14.57	-12.83	1047.11	2360.98
-14.57	-12.83	1046.16	2397.45
-14.57	-12.83	1045.21	2441.8
-14.57	-12.83	1044.27	2404.49
-14.57	-12.83	1043.32	2372.46
-14.57	-12.83	1042.37	2435.22
-14.57	-12.83	1041.42	2579.56
-14.57	-12.83	1040.47	2471.2
-14.57	-12.83	1039.52	2544.43
-14.57	-12.83	1038.57	2404.54
-14.57	-12.83	1037.62	2538.26
-14.57	-12.83	1036.67	2451.02
-14.57	-12.83	1035.71	2363.81
-14.57	-12.83	1034.76	2400.19
-14.57	-12.83	1033.81	2449.7
-14.57	-12.83	1032.86	2533.36
-14.57	-12.83	1031.91	2414.67
-14.57	-12.83	1030.96	2348.56
-14.57	-12.83	1030.01	2377.03
-14.57	-12.83	1029.05	2400.24
-14.57	-12.83	1028.1	2447.07
-14.57	-12.83	1027.15	2449.26
-14.57	-12.83	1026.2	2409.45
-14.57	-12.83	1025.24	2464.13
-14.57	-12.83	1024.29	2343.0
-14.57	-12.83	1023.34	2363.56
-14.57	-12.83	1022.39	2465.43
-14.57	-12.83	1021.43	2310.27
-14.57	-12.83	1020.48	2299.37
-14.57	-12.83	1019.52	2277.98
-14.57	-12.83	1018.57	2432.21
-14.57	-12.83	1017.62	2295.51
-14.57	-12.83	1016.66	2211.26
-14.57	-12.83	1015.71	2213.48
-14.57	-12.83	1014.75	2448.8
-14.57	-12.83	1013.8	2280.77
-14.57	-12.83	1012.84	2301.31
-14.57	-12.83	1011.89	2413.45
-14.57	-12.83	1010.93	2389.47
-14.57	-12.83	1009.98	2357.64
-14.57	-12.83	1009.02	2331.05
-14.57	-12.83	1008.07	2414.34
-14.57	-12.83	1007.11	2447.91
-14.57	-12.83	1006.16	2353.33
-14.57	-12.83	1005.2	2392.13
-14.57	-12.83	1004.24	2449.2
-14.57	-12.83	1003.29	2396.5
-14.57	-12.83	1002.33	2226.22
-14.57	-12.83	1001.37	2296.36
-14.57	-12.83	1000.41	2397.82
-14.57	-12.83	999.4580000000001	2431.34
-14.57	-12.83	998.5	2347.35
-14.57	-12.83	997.543	2326.04
-14.57	-12.83	996.585	2437.86
-14.57	-12.83	995.627	2393.06
-14.57	-12.83	994.669	2361.32
-14.57	-12.83	993.71	2392.2
-14.57	-12.83	992.752	2480.45
-14.57	-12.83	991.793	2422.63
-14.57	-12.83	990.834	2430.02
-14.57	-12.83	989.875	2458.26
-14.57	-12.83	988.916	2470.85
-14.57	-12.83	987.957	2373.99
-14.57	-12.83	986.997	2352.72
-14.57	-12.83	986.0369999999999	2492.96
-14.57	-12.83	985.078	2476.89
-14.57	-12.83	984.118	2419.15
-14.57	-12.83	983.1569999999999	2543.69
-14.57	-12.83	982.197	2441.71
-14.57	-12.83	981.2360000000001	2503.74
-14.57	-12.83	980.2760000000001	2365.37
-14.57	-12.83	979.315	2292.1
-14.57	-12.83	978.3539999999999	2437.36
-14.57	-12.83	977.3919999999999	2408.31
-14.57	-12.83	976.431	2405.28
-14.57	-12.83	975.4689999999999	2399.65
-14.57	-12.83	974.508	2334.23
-14.57	-12.83	973.546	2435.17
-14.57	-12.83	972.584	2343.79
-14.57	-12.83	971.6210000000001	2358.95
-14.57	-12.83	970.659	2519.57
-14.57	-12.83	969.696	2441.21
-14.57	-12.83	968.7330000000001	2355.08
-14.57	-12.83	967.77	2481.87
-14.57	-12.83	966.807	2556.69
-14.57	-12.83	965.8439999999999	2509.52
-14.57	-12.83	964.88	2433.82
-14.57	-12.83	963.9169999999999	2410.04
-14.57	-12.83	962.953	2521.14
-14.57	-12.83	961.9889999999999	2582.92
-14.57	-12.83	961.025	2413.92
-14.57	-12.83	960.06	2447.19
-14.57	-12.83	959.096	2472.67
-14.57	-12.83	958.1310000000001	2435.94
-14.57	-12.83	957.166	2375.91
-14.57	-12.83	956.201	2411.75
-14.57	-12.83	955.2360000000001	2390.6
-14.57	-12.83	954.27	2359.09
-14.57	-12.83	953.305	2415.63
-14.57	-12.83	952.3389999999999	2386.72
-14.57	-12.83	951.373	2469.11
-14.57	-12.83	950.4069999999999	2424.67
-14.57	-12.83	949.441	2382.84
-14.57	-12.83	948.4739999999999	2426.39
-14.57	-12.83	947.508	2356.12
-14.57	-12.83	946.541	2492.75
-14.57	-12.83	945.574	2536.25
-14.57	-12.83	944.607	2535.79
-14.57	-12.83	943.6389999999999	2509.49
-14.57	-12.83	942.672	2434.1
-14.57	-12.83	941.704	2469.83
-14.57	-12.83	940.7360000000001	2474.55
-14.57	-12.83	939.768	2574.83
-14.57	-12.83	938.8	2455.59
-14.57	-12.83	937.832	2563.57
-14.57	-12.83	936.863	2692.17
-14.57	-12.83	935.8939999999999	2552.33
-14.57	-12.83	934.926	2575.09
-14.57	-12.83	933.956	2646.86
-14.57	-12.83	932.987	2685.07
-14.57	-12.83	932.018	2586.59
-14.57	-12.83	931.048	2557.76
-14.57	-12.83	930.078	2675.88
-14.57	-12.83	929.1080000000001	2719.22
-14.57	-12.83	928.138	2620.8
-14.57	-12.83	927.168	2658.98
-14.57	-12.83	926.198	2630.16
-14.57	-12.83	925.227	2521.51
-14.57	-12.83	924.2560000000001	2672.99
-14.57	-12.83	923.285	2469.11
-14.57	-12.83	922.314	2502.13
-14.57	-12.83	921.3430000000001	2486.23
-14.57	-12.83	920.3710000000001	2503.8
-14.57	-12.83	919.3989999999999	2521.35
-14.57	-12.83	918.427	2605.79
-14.57	-12.83	917.455	2396.99
-14.57	-12.83	916.4830000000001	2450.56
-14.57	-12.83	915.5110000000001	2375.56
-14.57	-12.83	914.538	2531.93
-14.57	-12.83	913.565	2557.17
-14.57	-12.83	912.5930000000001	2317.74
-14.57	-12.83	911.6189999999999	2425.23
-14.57	-12.83	910.6460000000001	2358.0
-14.57	-12.83	909.673	2424.35
-14.57	-12.83	908.699	2416.21
-14.57	-12.83	907.725	2426.04
-14.57	-12.83	906.7510000000001	2548.81
-14.57	-12.83	905.7769999999999	2420.03
-14.57	-12.83	904.803	2304.13
-14.57	-12.83	903.828	2331.94
-14.57	-12.83	902.8539999999999	2444.37
-14.57	-12.83	901.8789999999999	2315.71
-14.57	-12.83	900.904	2274.26
-14.57	-12.83	899.928	2422.54
-14.57	-12.83	898.953	2347.77
-14.57	-12.83	897.977	2360.16
-14.57	-12.83	897.002	2426.35
-14.57	-12.83	896.0260000000001	2415.66
-14.57	-12.83	895.05	2305.09
-14.57	-12.83	894.073	2466.0
-14.57	-12.83	893.097	2511.64
-14.57	-12.83	892.12	2434.39
-14.57	-12.83	891.1439999999999	2290.63
-14.57	-12.83	890.1669999999999	2249.27
-14.57	-12.83	889.189	2427.96
-14.57	-12.83	888.212	2473.56
-14.57	-12.83	887.235	2404.06
-14.57	-12.83	886.257	2355.04
-14.57	-12.83	885.279	2344.39
-14.57	-12.83	884.301	2538.23
-14.57	-12.83	883.323	2379.32
-14.57	-12.83	882.3439999999999	2376.33
-14.57	-12.83	881.3660000000001	2393.79
-14.57	-12.83	880.387	2459.76
-14.57	-12.83	879.408	2295.88
-14.57	-12.83	878.429	2372.06
-14.57	-12.83	877.45	2486.51
-14.57	-12.83	876.47	2470.75
-14.57	-12.83	875.4910000000001	2240.62
-14.57	-12.83	874.5110000000001	2337.17
-14.57	-12.83	873.5310000000001	2464.3
-14.57	-12.83	872.551	2392.44
-14.57	-12.83	871.57	2376.71
-14.57	-12.83	870.59	2409.42
-14.57	-12.83	869.6089999999999	2345.25
-14.57	-12.83	868.628	2306.6
-14.57	-12.83	867.6469999999999	2374.98
-14.57	-12.83	866.666	2346.53
-14.57	-12.83	865.684	2519.32
-14.57	-12.83	864.703	2304.93
-14.57	-12.83	863.721	2373.26
-14.57	-12.83	862.7389999999999	2456.85
-14.57	-12.83	861.757	2458.95
-14.57	-12.83	860.775	2407.6
-14.57	-12.83	859.7919999999999	2435.16
-14.57	-12.83	858.81	2485.6
-14.57	-12.83	857.827	2500.41
-14.57	-12.83	856.8439999999999	2413.49
-14.57	-12.83	855.86	2407.96
-14.57	-12.83	854.877	2577.86
-14.57	-12.83	853.8939999999999	2473.18
-14.57	-12.83	852.91	2475.27
-14.57	-12.83	851.926	2561.21
-14.57	-12.83	850.942	2494.69
-14.57	-12.83	849.9580000000001	2390.1
-14.57	-12.83	848.9730000000001	2361.74
-14.57	-12.83	847.988	2424.78
-14.57	-12.83	847.0039999999999	2492.88
-14.57	-12.83	846.0189999999999	2413.75
-14.57	-12.83	845.034	2321.96
-14.57	-12.83	844.048	2458.54
-14.57	-12.83	843.063	2518.98
-14.57	-12.83	842.077	2305.47
-14.57	-12.83	841.091	2317.73
-14.57	-12.83	840.105	2400.98
-14.57	-12.83	839.1189999999999	2468.99
-14.57	-12.83	838.132	2382.37
-14.57	-12.83	837.1460000000001	2435.15
-14.57	-12.83	836.159	2515.78
-14.57	-12.83	835.172	2444.4
-14.57	-12.83	834.185	2375.57
-14.57	-12.83	833.198	2397.93
-14.57	-12.83	832.21	2400.03
-14.57	-12.83	831.222	2318.59
-14.57	-12.83	830.235	2389.03
-14.57	-12.83	829.247	2396.19
-14.57	-12.83	828.258	2418.52
-14.57	-12.83	827.27	2397.85
-14.57	-12.83	826.2810000000001	2374.65
-14.57	-12.83	825.293	2338.82
-14.57	-12.83	824.304	2386.43
-14.57	-12.83	823.315	2300.06
-14.57	-12.83	822.325	2388.09
-14.57	-12.83	821.336	2471.03
-14.57	-12.83	820.346	2392.27
-14.57	-12.83	819.3560000000001	2379.21
-14.57	-12.83	818.3660000000001	2414.13
-14.57	-12.83	817.3760000000001	2436.41
-14.57	-12.83	816.3860000000001	2350.14
-14.57	-12.83	815.395	2453.19
-14.57	-12.83	814.405	2498.17
-14.57	-12.83	813.414	2444.73
-14.57	-12.83	812.423	2292.94
-14.57	-12.83	811.431	2370.7
-14.57	-12.83	810.44	2413.14
-14.57	-12.83	809.448	2417.74
-14.57	-12.83	808.456	2321.52
-14.57	-12.83	807.4639999999999	2396.7
-14.57	-12.83	806.472	2401.3
-14.57	-12.83	805.48	2388.27
-14.57	-12.83	804.487	2219.07
-14.57	-12.83	803.495	2304.29
-14.57	-12.83	802.502	2329.05
-14.57	-12.83	801.5089999999999	2305.97
-14.57	-12.83	800.5160000000001	2225.01
-14.57	-12.83	799.5219999999999	2380.63
-14.57	-12.83	798.528	2430.52
-14.57	-12.83	797.535	2359.64
-14.57	-12.83	796.541	2391.9
-14.57	-12.83	795.547	2444.28
-14.57	-12.83	794.552	2345.78
-14.57	-12.83	793.558	2327.75
-14.57	-12.83	792.563	2397.7
-14.57	-12.83	791.568	2357.06
-14.57	-12.83	790.573	2409.39
-14.57	-12.83	789.578	2383.83
-14.57	-12.83	788.582	2393.44
-14.57	-12.83	787.587	2435.69
-14.57	-12.83	786.591	2367.46
-14.57	-12.83	785.595	2291.73
-14.57	-12.83	784.5989999999999	2321.43
-14.57	-12.83	783.602	2491.63
-14.57	-12.83	782.6060000000001	2348.18
-14.57	-12.83	781.6089999999999	2377.85
-14.57	-12.83	780.612	2460.17
-14.57	-12.83	779.615	2467.24
-14.57	-12.83	778.618	2396.6
-14.57	-12.83	777.6210000000001	2386.14
-14.57	-12.83	776.623	2480.93
-14.57	-12.83	775.625	2402.81
-14.57	-12.83	774.627	2337.24
-14.57	-12.83	773.6289999999999	2429.48
-14.57	-12.83	772.6310000000001	2466.6
-14.57	-12.83	771.632	2376.02
-14.57	-12.83	770.6339999999999	2323.01
-14.57	-12.83	769.635	2475.26
-14.57	-12.83	768.6360000000001	2382.22
-14.57	-12.83	767.6360000000001	2419.32
-14.57	-12.83	766.637	2441.39
-14.57	-12.83	765.637	2378.42
-14.57	-12.83	764.637	2488.01
-14.57	-12.83	763.638	2407.55
-14.57	-12.83	762.637	2317.12
-14.57	-12.83	761.637	2351.69
-14.57	-12.83	760.6360000000001	2396.24
-14.57	-12.83	759.6360000000001	2303.36
-14.57	-12.83	758.635	2470.29
-14.57	-12.83	757.6339999999999	2432.38
-14.57	-12.83	756.633	2354.54
-14.57	-12.83	755.6310000000001	2311.67
-14.57	-12.83	754.6289999999999	2433.55
-14.57	-12.83	753.628	2445.58
-14.57	-12.83	752.6260000000001	2290.44
-14.57	-12.83	751.623	2300.0
-14.57	-12.83	750.6210000000001	2371.91
-14.57	-12.83	749.6189999999999	2446.28
-14.57	-12.83	748.6160000000001	2266.33
-14.57	-12.83	747.613	2410.49
-14.57	-12.83	746.61	2537.16
-14.57	-12.83	745.607	2464.43
-14.57	-12.83	744.6030000000001	2319.48
-14.57	-12.83	743.5989999999999	2436.13
-14.57	-12.83	742.596	2468.06
-14.57	-12.83	741.592	2260.94
-14.57	-12.83	740.587	2449.73
-14.57	-12.83	739.5830000000001	2431.86
-14.57	-12.83	738.579	2493.63
-14.57	-12.83	737.574	2398.62
-14.57	-12.83	736.569	2430.52
-14.57	-12.83	735.564	2499.72
-14.57	-12.83	734.558	2544.03
-14.57	-12.83	733.553	2491.35
-14.57	-12.83	732.547	2398.91
-14.57	-12.83	731.541	2614.71
-14.57	-12.83	730.535	2482.53
-14.57	-12.83	729.529	2387.66
-14.57	-12.83	728.523	2489.07
-14.57	-12.83	727.5160000000001	2481.16
-14.57	-12.83	726.5089999999999	2423.6
-14.57	-12.83	725.503	2445.5
-14.57	-12.83	724.495	2512.07
-14.57	-12.83	723.488	2486.79
-14.57	-12.83	722.4810000000001	2538.45
-14.57	-12.83	721.4730000000001	2513.17
-14.57	-12.83	720.465	2668.98
-14.57	-12.83	719.457	2589.13
-14.57	-12.83	718.449	2668.0
-14.57	-12.83	717.44	2791.47
-14.57	-12.83	716.432	2704.2
-14.57	-12.83	715.423	2644.23
-14.57	-12.83	714.414	2770.11
-14.57	-12.83	713.405	2843.92
-14.57	-12.83	712.395	2756.71
-14.57	-12.83	711.3860000000001	2605.15
-14.57	-12.83	710.3760000000001	2612.1
-14.57	-12.83	709.3660000000001	2624.0
-14.57	-12.83	708.3560000000001	2512.14
-14.57	-12.83	707.346	2630.46
-14.57	-12.83	706.335	2615.13
-14.57	-12.83	705.325	2649.28
-14.57	-12.83	704.314	2705.68
-14.57	-12.83	703.303	2729.91
-14.57	-12.83	702.2919999999999	2885.17
-14.57	-12.83	701.28	2827.78
-14.57	-12.83	700.2689999999999	2856.92
-14.57	-12.83	699.257	2992.3
-14.57	-12.83	698.245	3204.21
-14.57	-12.83	697.2330000000001	3215.97
-14.57	-12.83	696.22	3136.36
-14.57	-12.83	695.2080000000001	3249.36
-14.57	-12.83	694.195	3364.79
-14.57	-12.83	693.182	3065.52
-14.57	-12.83	692.169	3005.73
-14.57	-12.83	691.1560000000001	3042.19
-14.57	-12.83	690.143	2947.89
-14.57	-12.83	689.1289999999999	2752.5
-14.57	-12.83	688.115	2754.46
-14.57	-12.83	687.1010000000001	2911.75
-14.57	-12.83	686.087	2844.66
-14.57	-12.83	685.073	2767.73
-14.57	-12.83	684.058	2838.69
-14.57	-12.83	683.043	2867.73
-14.57	-12.83	682.028	2638.12
-14.57	-12.83	681.013	2627.78
-14.57	-12.83	679.998	2816.9
-14.57	-12.83	678.9830000000001	2656.36
-14.57	-12.83	677.967	2663.26
-14.57	-12.83	676.951	2719.37
-14.57	-12.83	675.935	2622.91
-14.57	-12.83	674.919	2718.37
-14.57	-12.83	673.9019999999999	2562.92
-14.57	-12.83	672.8860000000001	2761.64
-14.57	-12.83	671.8689999999999	2734.08
-14.57	-12.83	670.852	2593.46
-14.57	-12.83	669.835	2634.77
-14.57	-12.83	668.817	2607.25
-14.57	-12.83	667.8	2508.5
-14.57	-12.83	666.7819999999999	2441.71
-14.57	-12.83	665.7639999999999	2470.73
-14.57	-12.83	664.7460000000001	2629.89
-14.57	-12.83	663.7280000000001	2580.3
-14.57	-12.83	662.709	2570.01
-14.57	-12.83	661.691	2611.26
-14.57	-12.83	660.672	2566.61
-14.57	-12.83	659.653	2526.89
-14.57	-12.83	658.6339999999999	2482.27
-14.57	-12.83	657.6139999999999	2584.81
-14.57	-12.83	656.595	2505.88
-14.57	-12.83	655.575	2404.9
-14.57	-12.83	654.555	2593.19
-14.57	-12.83	653.535	2546.15
-14.57	-12.83	652.514	2513.83
-14.57	-12.83	651.494	2488.87
-14.57	-12.83	650.4730000000001	2549.64
-14.57	-12.83	649.452	2622.64
-14.57	-12.83	648.431	2463.01
-14.57	-12.83	647.41	2479.69
-14.57	-12.83	646.388	2812.09
-14.57	-12.83	645.366	2662.3
-14.57	-12.83	644.345	2600.65
-14.57	-12.83	643.323	2649.09
-14.57	-12.83	642.3	2633.93
-14.57	-12.83	641.278	2638.34
-14.57	-12.83	640.255	2474.05
-14.57	-12.83	639.232	2612.92
-14.57	-12.83	638.2090000000001	2702.86
-14.57	-12.83	637.186	2633.95
-14.57	-12.83	636.163	2643.23
-14.57	-12.83	635.139	2762.43
-14.57	-12.83	634.116	2632.49
-14.57	-12.83	633.092	2578.29
-14.57	-12.83	632.068	2655.93
-14.57	-12.83	631.043	2672.53
-14.57	-12.83	630.019	2559.78
-14.57	-12.83	628.994	2598.35
-14.57	-12.83	627.969	2683.25
-14.57	-12.83	626.944	2668.12
-14.57	-12.83	625.919	2533.51
-14.57	-12.83	624.893	2528.17
-14.57	-12.83	623.868	2583.77
-14.57	-12.83	622.842	2602.79
-14.57	-12.83	621.816	2504.84
-14.57	-12.83	620.79	2684.65
-14.57	-12.83	619.763	2628.14
-14.57	-12.83	618.737	2559.47
-14.57	-12.83	617.71	2588.21
-14.57	-12.83	616.683	2595.04
-14.57	-12.83	615.656	2558.05
-14.57	-12.83	614.629	2521.07
-14.57	-12.83	613.601	2552.24
-14.57	-12.83	612.573	2583.39
-14.57	-12.83	611.545	2524.54
-14.57	-12.83	610.5169999999999	2390.33
-14.57	-12.83	609.489	2528.47
-14.57	-12.83	608.461	2579.05
-14.57	-12.83	607.432	2505.67
-14.57	-12.83	606.403	2468.75
-14.57	-12.83	605.374	2461.01
-14.57	-12.83	604.345	2416.83
-14.57	-12.83	603.315	2445.53
-14.57	-12.83	602.286	2462.07
-14.57	-12.83	601.256	2505.32
-14.57	-12.83	600.226	2519.42
