19.88	12.78	1799.66	1439.51
19.88	12.78	1798.84	1527.89
19.88	12.78	1798.03	1469.58
19.88	12.78	1797.21	1493.77
19.88	12.78	1796.39	1511.84
19.88	12.78	1795.57	1419.98
19.88	12.78	1794.75	1480.8
19.88	12.78	1793.93	1456.13
19.88	12.78	1793.11	1489.46
19.88	12.78	1792.29	1489.2
19.88	12.78	1791.47	1525.57
19.88	12.78	1790.65	1510.06
19.88	12.78	1789.84	1451.85
19.88	12.78	1789.02	1494.3
19.88	12.78	1788.2	1491.0
19.88	12.78	1787.38	1573.06
19.88	12.78	1786.56	1612.41
19.88	12.78	1785.73	1441.48
19.88	12.78	1784.91	1459.52
19.88	12.78	1784.09	1462.32
19.88	12.78	1783.27	1583.91
19.88	12.78	1782.45	1592.78
19.88	12.78	1781.63	1629.05
19.88	12.78	1780.81	1427.84
19.88	12.78	1779.99	1549.36
19.88	12.78	1779.17	1512.57
19.88	12.78	1778.35	1539.7
19.88	12.78	1777.52	1484.68
19.88	12.78	1776.7	1539.18
19.88	12.78	1775.88	1566.3
19.88	12.78	1775.06	1566.03
19.88	12.78	1774.24	1425.91
19.88	12.78	1773.41	1480.39
19.88	12.78	1772.59	1495.33
19.88	12.78	1771.77	1564.97
19.88	12.78	1770.95	1479.64
19.88	12.78	1770.12	1500.65
19.88	12.78	1769.3	1454.84
19.88	12.78	1768.48	1521.4
19.88	12.78	1767.65	1572.76
19.88	12.78	1766.83	1560.35
19.88	12.78	1766.01	1544.91
19.88	12.78	1765.18	1593.2
19.88	12.78	1764.36	1605.07
19.88	12.78	1763.53	1535.02
19.88	12.78	1762.71	1483.2
19.88	12.78	1761.88	1476.88
19.88	12.78	1761.06	1640.37
19.88	12.78	1760.24	1573.39
19.88	12.78	1759.41	1603.44
19.88	12.78	1758.59	1539.52
19.88	12.78	1757.76	1493.81
19.88	12.78	1756.94	1551.12
19.88	12.78	1756.11	1562.98
19.88	12.78	1755.28	1583.91
19.88	12.78	1754.46	1411.05
19.88	12.78	1753.63	1631.81
19.88	12.78	1752.81	1667.86
19.88	12.78	1751.98	1597.97
19.88	12.78	1751.16	1576.52
19.88	12.78	1750.33	1549.02
19.88	12.78	1749.5	1560.86
19.88	12.78	1748.68	1621.08
19.88	12.78	1747.85	1566.38
19.88	12.78	1747.02	1563.09
19.88	12.78	1746.2	1674.67
19.88	12.78	1745.37	1671.36
19.88	12.78	1744.54	1568.34
19.88	12.78	1743.71	1577.14
19.88	12.78	1742.89	1552.7
19.88	12.78	1742.06	1603.78
19.88	12.78	1741.23	1645.79
19.88	12.78	1740.4	1494.55
19.88	12.78	1739.57	1557.69
19.88	12.78	1738.75	1608.73
19.88	12.78	1737.92	1647.69
19.88	12.78	1737.09	1704.74
19.88	12.78	1736.26	1623.0
19.88	12.78	1735.43	1613.67
19.88	12.78	1734.6	1616.42
19.88	12.78	1733.77	1579.96
19.88	12.78	1732.94	1564.62
19.88	12.78	1732.11	1624.64
19.88	12.78	1731.28	1612.3
19.88	12.78	1730.45	1720.5
19.88	12.78	1729.62	1602.72
19.88	12.78	1728.8	1578.35
19.88	12.78	1727.96	1566.04
19.88	12.78	1727.13	1686.21
19.88	12.78	1726.3	1616.68
19.88	12.78	1725.47	1595.34
19.88	12.78	1724.64	1607.11
19.88	12.78	1723.81	1700.12
19.88	12.78	1722.98	1778.05
19.88	12.78	1722.15	1636.37
19.88	12.78	1721.32	1738.35
19.88	12.78	1720.49	1587.7
19.88	12.78	1719.66	1707.69
19.88	12.78	1718.82	1713.41
19.88	12.78	1717.99	1662.03
19.88	12.78	1717.16	1628.69
19.88	12.78	1716.33	1748.59
19.88	12.78	1715.5	1688.22
19.88	12.78	1714.66	1711.96
19.88	12.78	1713.83	1639.6
19.88	12.78	1713.0	1810.46
19.88	12.78	1712.17	1816.15
19.88	12.78	1711.33	1725.8
19.88	12.78	1710.5	1590.47
19.88	12.78	1709.67	1692.21
19.88	12.78	1708.83	1796.92
19.88	12.78	1708.0	1658.64
19.88	12.78	1707.17	1733.33
19.88	12.78	1706.33	1721.04
19.88	12.78	1705.5	1762.72
19.88	12.78	1704.66	1795.39
19.88	12.78	1703.83	1783.1
19.88	12.78	1703.0	1701.9
19.88	12.78	1702.16	1671.65
19.88	12.78	1701.33	1803.16
19.88	12.78	1700.49	1763.92
19.88	12.78	1699.66	1790.57
19.88	12.78	1698.82	1709.43
19.88	12.78	1697.99	1739.07
19.88	12.78	1697.15	1771.7
19.88	12.78	1696.32	1819.27
19.88	12.78	1695.48	1696.3
19.88	12.78	1694.64	1690.03
19.88	12.78	1693.81	1857.22
19.88	12.78	1692.97	1824.01
19.88	12.78	1692.14	1725.04
19.88	12.78	1691.3	1700.84
19.88	12.78	1690.46	1805.15
19.88	12.78	1689.63	1819.78
19.88	12.78	1688.79	1774.66
19.88	12.78	1687.95	1828.13
19.88	12.78	1687.12	1839.76
19.88	12.78	1686.28	1866.32
19.88	12.78	1685.44	1907.8
19.88	12.78	1684.6	1862.7
19.88	12.78	1683.77	1910.14
19.88	12.78	1682.93	1712.86
19.88	12.78	1682.09	1936.34
19.88	12.78	1681.25	1858.45
19.88	12.78	1680.41	1852.17
19.88	12.78	1679.58	1830.98
19.88	12.78	1678.74	1869.43
19.88	12.78	1677.9	1892.96
19.88	12.78	1677.06	1776.39
19.88	12.78	1676.22	1749.27
19.88	12.78	1675.38	1814.52
19.88	12.78	1674.54	1933.37
19.88	12.78	1673.7	1915.17
19.88	12.78	1672.86	1801.68
19.88	12.78	1672.02	1846.04
19.88	12.78	1671.18	1884.42
19.88	12.78	1670.34	1830.52
19.88	12.78	1669.5	1871.88
19.88	12.78	1668.66	1910.24
19.88	12.78	1667.82	1903.96
19.88	12.78	1666.98	1969.07
19.88	12.78	1666.14	2025.24
19.88	12.78	1665.3	1831.63
19.88	12.78	1664.46	1881.85
19.88	12.78	1663.62	1914.23
19.88	12.78	1662.78	1931.73
19.88	12.78	1661.94	1925.46
19.88	12.78	1661.1	1892.45
19.88	12.78	1660.25	2106.0
19.88	12.78	1659.41	2117.52
19.88	12.78	1658.57	1980.57
19.88	12.78	1657.73	1995.07
19.88	12.78	1656.89	2036.29
19.88	12.78	1656.04	2095.3
19.88	12.78	1655.2	2109.78
19.88	12.78	1654.36	2014.48
19.88	12.78	1653.52	2073.46
19.88	12.78	1652.67	2123.53
19.88	12.78	1651.83	2161.71
19.88	12.78	1650.99	2090.19
19.88	12.78	1650.14	2140.22
19.88	12.78	1649.3	2172.46
19.88	12.78	1648.46	2255.06
19.88	12.78	1647.61	2062.09
19.88	12.78	1646.77	2159.5
19.88	12.78	1645.92	2236.13
19.88	12.78	1645.08	2259.44
19.88	12.78	1644.24	2383.41
19.88	12.78	1643.39	2229.07
19.88	12.78	1642.55	2290.84
19.88	12.78	1641.7	2290.45
19.88	12.78	1640.86	2334.44
19.88	12.78	1640.01	2434.62
19.88	12.78	1639.17	2378.01
19.88	12.78	1638.32	2472.23
19.88	12.78	1637.48	2445.2
19.88	12.78	1636.63	2388.61
19.88	12.78	1635.78	2447.32
19.88	12.78	1634.94	2508.96
19.88	12.78	1634.09	2499.67
19.88	12.78	1633.25	2528.78
19.88	12.78	1632.4	2605.15
19.88	12.78	1631.55	2454.09
19.88	12.78	1630.71	2548.15
19.88	12.78	1629.86	2597.9
19.88	12.78	1629.01	2562.04
19.88	12.78	1628.16	2532.09
19.88	12.78	1627.32	2575.92
19.88	12.78	1626.47	2655.13
19.88	12.78	1625.62	2657.63
19.88	12.78	1624.77	2654.22
19.88	12.78	1623.93	2594.8
19.88	12.78	1623.08	2603.2
19.88	12.78	1622.23	2764.87
19.88	12.78	1621.38	2758.5
19.88	12.78	1620.53	2702.04
19.88	12.78	1619.69	2728.1
19.88	12.78	1618.84	2927.93
19.88	12.78	1617.99	2806.68
19.88	12.78	1617.14	2776.75
19.88	12.78	1616.29	2841.05
19.88	12.78	1615.44	2834.68
19.88	12.78	1614.59	3025.49
19.88	12.78	1613.74	2851.36
19.88	12.78	1612.89	2877.35
19.88	12.78	1612.04	2923.92
19.88	12.78	1611.19	3020.48
19.88	12.78	1610.34	3072.89
19.88	12.78	1609.49	2860.68
19.88	12.78	1608.64	3142.39
19.88	12.78	1607.79	3033.1
19.88	12.78	1606.94	3120.74
19.88	12.78	1606.09	2961.55
19.88	12.78	1605.24	3016.86
19.88	12.78	1604.39	3110.33
19.88	12.78	1603.54	3197.89
19.88	12.78	1602.68	3041.73
19.88	12.78	1601.83	3096.98
19.88	12.78	1600.98	3161.02
19.88	12.78	1600.13	3192.76
19.88	12.78	1599.28	3136.47
19.88	12.78	1598.42	3068.46
19.88	12.78	1597.57	3176.46
19.88	12.78	1596.72	3046.88
19.88	12.78	1595.87	3119.66
19.88	12.78	1595.01	3019.45
19.88	12.78	1594.16	2998.42
19.88	12.78	1593.31	3015.49
19.88	12.78	1592.45	3181.98
19.88	12.78	1591.6	3096.48
19.88	12.78	1590.75	2885.06
19.88	12.78	1589.89	3080.77
19.88	12.78	1589.04	3089.03
19.88	12.78	1588.19	3208.52
19.88	12.78	1587.33	2932.84
19.88	12.78	1586.48	2993.79
19.88	12.78	1585.62	3048.87
19.88	12.78	1584.77	3051.27
19.88	12.78	1583.91	2992.25
19.88	12.78	1583.06	3050.23
19.88	12.78	1582.2	3122.8
19.88	12.78	1581.35	3212.89
19.88	12.78	1580.49	3077.88
19.88	12.78	1579.64	3051.05
19.88	12.78	1578.78	3044.69
19.88	12.78	1577.93	3111.36
19.88	12.78	1577.07	3078.69
19.88	12.78	1576.21	3005.15
19.88	12.78	1575.36	3109.75
19.88	12.78	1574.5	3269.79
19.88	12.78	1573.65	3225.44
19.88	12.78	1572.79	3017.68
19.88	12.78	1571.93	2952.97
19.88	12.78	1571.08	2908.7
19.88	12.78	1570.22	3126.97
19.88	12.78	1569.36	3082.69
19.88	12.78	1568.5	2918.86
19.88	12.78	1567.65	2973.75
19.88	12.78	1566.79	3043.2
19.88	12.78	1565.93	2993.13
19.88	12.78	1565.07	2800.3
19.88	12.78	1564.21	2901.79
19.88	12.78	1563.36	2904.2
19.88	12.78	1562.5	2956.13
19.88	12.78	1561.64	2786.73
19.88	12.78	1560.78	2800.8
19.88	12.78	1559.92	2887.65
19.88	12.78	1559.06	2965.74
19.88	12.78	1558.2	2787.72
19.88	12.78	1557.34	2827.97
19.88	12.78	1556.49	2882.76
19.88	12.78	1555.63	2821.18
19.88	12.78	1554.77	3062.06
19.88	12.78	1553.91	2860.92
19.88	12.78	1553.05	2872.05
19.88	12.78	1552.19	2848.31
19.88	12.78	1551.33	3007.64
19.88	12.78	1550.47	2803.74
19.88	12.78	1549.6	2739.35
19.88	12.78	1548.74	2823.11
19.88	12.78	1547.88	2941.69
19.88	12.78	1547.02	2955.7
19.88	12.78	1546.16	2807.14
19.88	12.78	1545.3	2861.8
19.88	12.78	1544.44	3049.94
19.88	12.78	1543.58	3052.31
19.88	12.78	1542.71	2961.86
19.88	12.78	1541.85	2914.94
19.88	12.78	1540.99	3062.33
19.88	12.78	1540.13	3111.1
19.88	12.78	1539.27	3038.09
19.88	12.78	1538.4	2950.61
19.88	12.78	1537.54	2906.63
19.88	12.78	1536.68	3027.83
19.88	12.78	1535.81	3015.72
19.88	12.78	1534.95	2899.34
19.88	12.78	1534.09	2962.55
19.88	12.78	1533.23	3043.11
19.88	12.78	1532.36	3010.74
19.88	12.78	1531.5	2874.19
19.88	12.78	1530.63	2960.51
19.88	12.78	1529.77	2890.56
19.88	12.78	1528.91	2985.53
19.88	12.78	1528.04	2883.78
19.88	12.78	1527.18	2903.52
19.88	12.78	1526.31	2874.11
19.88	12.78	1525.45	2922.76
19.88	12.78	1524.58	2936.71
19.88	12.78	1523.72	2762.8
19.88	12.78	1522.85	2875.01
19.88	12.78	1521.99	2854.3
19.88	12.78	1521.12	2894.24
19.88	12.78	1520.26	2827.32
19.88	12.78	1519.39	2780.63
19.88	12.78	1518.52	2990.9
19.88	12.78	1517.66	2915.34
19.88	12.78	1516.79	2796.51
19.88	12.78	1515.93	2767.17
19.88	12.78	1515.06	2835.93
19.88	12.78	1514.19	2835.45
19.88	12.78	1513.33	2803.23
19.88	12.78	1512.46	2837.35
19.88	12.78	1511.59	2932.0
19.88	12.78	1510.72	2977.61
19.88	12.78	1509.86	2844.53
19.88	12.78	1508.99	2947.77
19.88	12.78	1508.12	2855.07
19.88	12.78	1507.25	3030.29
19.88	12.78	1506.38	3018.24
19.88	12.78	1505.52	2882.39
19.88	12.78	1504.65	2818.55
19.88	12.78	1503.78	2898.66
19.88	12.78	1502.91	2955.72
19.88	12.78	1502.04	2851.62
19.88	12.78	1501.17	2810.85
19.88	12.78	1500.3	2913.92
19.88	12.78	1499.44	2881.78
19.88	12.78	1498.57	2961.8
19.88	12.78	1497.7	2872.16
19.88	12.78	1496.83	2923.4
19.88	12.78	1495.96	2977.51
19.88	12.78	1495.09	2954.0
19.88	12.78	1494.22	2875.92
19.88	12.78	1493.35	2869.68
19.88	12.78	1492.48	2923.75
19.88	12.78	1491.61	3000.78
19.88	12.78	1490.73	2922.74
19.88	12.78	1489.86	2985.39
19.88	12.78	1488.99	2938.95
19.88	12.78	1488.12	3107.75
19.88	12.78	1487.25	2983.84
19.88	12.78	1486.38	2946.03
19.88	12.78	1485.51	3002.88
19.88	12.78	1484.63	3203.1
19.88	12.78	1483.76	3173.87
19.88	12.78	1482.89	3072.99
19.88	12.78	1482.02	2989.34
19.88	12.78	1481.15	3123.51
19.88	12.78	1480.27	3177.41
19.88	12.78	1479.4	3099.51
19.88	12.78	1478.53	3093.25
19.88	12.78	1477.65	3161.44
19.88	12.78	1476.78	3192.39
19.88	12.78	1475.91	3083.05
19.88	12.78	1475.03	3053.9
19.88	12.78	1474.16	3010.45
19.88	12.78	1473.29	3110.06
19.88	12.78	1472.41	3183.9
19.88	12.78	1471.54	3014.6
19.88	12.78	1470.67	3168.5
19.88	12.78	1469.79	3142.22
19.88	12.78	1468.92	3264.6
19.88	12.78	1468.04	3192.58
19.88	12.78	1467.17	3097.72
19.88	12.78	1466.29	3268.62
19.88	12.78	1465.42	3256.63
19.88	12.78	1464.54	3304.62
19.88	12.78	1463.67	3158.4
19.88	12.78	1462.79	3163.57
19.88	12.78	1461.91	3245.81
19.88	12.78	1461.04	3128.22
19.88	12.78	1460.16	3047.77
19.88	12.78	1459.29	3147.11
19.88	12.78	1458.41	3155.12
19.88	12.78	1457.53	3103.23
19.88	12.78	1456.66	3039.96
19.88	12.78	1455.78	3090.75
19.88	12.78	1454.9	3209.95
19.88	12.78	1454.03	3217.94
19.88	12.78	1453.15	3037.85
19.88	12.78	1452.27	3057.27
19.88	12.78	1451.39	3031.1
19.88	12.78	1450.52	3284.07
19.88	12.78	1449.64	3297.74
19.88	12.78	1448.76	3217.45
19.88	12.78	1447.88	3293.75
19.88	12.78	1447.0	3389.95
19.88	12.78	1446.13	3346.68
19.88	12.78	1445.25	3323.34
19.88	12.78	1444.37	3450.78
19.88	12.78	1443.49	3620.84
19.88	12.78	1442.61	3640.12
19.88	12.78	1441.73	3537.12
19.88	12.78	1440.85	3687.18
19.88	12.78	1439.97	3709.28
19.88	12.78	1439.09	3810.94
19.88	12.78	1438.21	3668.21
19.88	12.78	1437.33	3599.4
19.88	12.78	1436.45	3612.97
19.88	12.78	1435.57	3626.55
19.88	12.78	1434.69	3452.71
19.88	12.78	1433.81	3327.2
19.88	12.78	1432.93	3320.95
19.88	12.78	1432.05	3294.83
19.88	12.78	1431.17	3217.65
19.88	12.78	1430.29	3072.4
19.88	12.78	1429.41	2989.61
19.88	12.78	1428.52	3096.86
19.88	12.78	1427.64	3084.98
19.88	12.78	1426.76	2951.2
19.88	12.78	1425.88	2987.54
19.88	12.78	1425.0	3015.36
19.88	12.78	1424.11	2938.33
19.88	12.78	1423.23	2810.33
19.88	12.78	1422.35	2959.97
19.88	12.78	1421.47	2950.96
19.88	12.78	1420.58	2984.42
19.88	12.78	1419.7	2853.68
19.88	12.78	1418.82	2974.89
19.88	12.78	1417.93	2977.21
19.88	12.78	1417.05	3055.92
19.88	12.78	1416.17	3126.11
19.88	12.78	1415.28	2944.54
19.88	12.78	1414.4	3096.74
19.88	12.78	1413.51	3169.72
19.88	12.78	1412.63	3211.58
19.88	12.78	1411.75	2993.37
19.88	12.78	1410.86	2958.94
19.88	12.78	1409.98	3192.95
19.88	12.78	1409.09	3141.54
19.88	12.78	1408.21	3016.71
19.88	12.78	1407.32	3041.6
19.88	12.78	1406.44	3125.78
19.88	12.78	1405.55	3161.94
19.88	12.78	1404.66	3020.26
19.88	12.78	1403.78	2952.0
19.88	12.78	1402.89	3058.71
19.88	12.78	1402.01	3125.89
19.88	12.78	1401.12	2950.46
19.88	12.78	1400.23	2924.56
19.88	12.78	1399.35	2974.81
19.88	12.78	1398.46	3025.04
19.88	12.78	1397.57	2815.92
19.88	12.78	1396.69	2854.89
19.88	12.78	1395.8	2905.11
19.88	12.78	1394.91	2946.86
19.88	12.78	1394.02	2887.2
19.88	12.78	1393.14	2858.53
19.88	12.78	1392.25	2891.83
19.88	12.78	1391.36	2942.0
19.88	12.78	1390.47	2958.37
19.88	12.78	1389.58	2842.47
19.88	12.78	1388.7	2962.97
19.88	12.78	1387.81	3029.97
19.88	12.78	1386.92	2880.37
19.88	12.78	1386.03	2938.92
19.88	12.78	1385.14	2873.74
19.88	12.78	1384.25	2946.33
19.88	12.78	1383.36	2926.14
19.88	12.78	1382.47	2771.06
19.88	12.78	1381.58	2911.07
19.88	12.78	1380.69	3003.28
19.88	12.78	1379.8	3053.31
19.88	12.78	1378.91	2929.21
19.88	12.78	1378.02	2914.66
19.88	12.78	1377.13	2995.57
19.88	12.78	1376.24	3006.27
19.88	12.78	1375.35	3061.88
19.88	12.78	1374.46	2904.21
19.88	12.78	1373.57	3080.45
19.88	12.78	1372.68	3166.87
19.88	12.78	1371.78	3104.62
19.88	12.78	1370.89	2986.3
19.88	12.78	1370.0	2968.96
19.88	12.78	1369.11	3184.28
19.88	12.78	1368.22	3147.29
19.88	12.78	1367.33	3180.37
19.88	12.78	1366.43	3163.0
19.88	12.78	1365.54	3148.44
19.88	12.78	1364.65	3091.88
19.88	12.78	1363.76	3040.94
19.88	12.78	1362.86	3110.4
19.88	12.78	1361.97	3123.85
19.88	12.78	1361.08	3215.66
19.88	12.78	1360.18	3145.15
19.88	12.78	1359.29	3060.67
19.88	12.78	1358.4	3163.63
19.88	12.78	1357.5	3347.66
19.88	12.78	1356.61	3218.45
19.88	12.78	1355.71	3287.78
19.88	12.78	1354.82	3250.87
19.88	12.78	1353.92	3451.52
19.88	12.78	1353.03	3350.33
19.88	12.78	1352.13	3207.26
19.88	12.78	1351.24	3259.77
19.88	12.78	1350.34	3309.47
19.88	12.78	1349.45	3437.34
19.88	12.78	1348.55	3196.64
19.88	12.78	1347.66	3290.99
19.88	12.78	1346.76	3404.84
19.88	12.78	1345.87	3448.89
19.88	12.78	1344.97	3266.94
19.88	12.78	1344.07	3338.9
19.88	12.78	1343.18	3382.94
19.88	12.78	1342.28	3449.27
19.88	12.78	1341.38	3384.54
19.88	12.78	1340.49	3330.99
19.88	12.78	1339.59	3347.13
19.88	12.78	1338.69	3508.16
19.88	12.78	1337.8	3387.75
19.88	12.78	1336.9	3356.51
19.88	12.78	1336.0	3509.1
19.88	12.78	1335.1	3416.6
19.88	12.78	1334.2	3474.47
19.88	12.78	1333.31	3437.67
19.88	12.78	1332.41	3439.85
19.88	12.78	1331.51	3489.34
19.88	12.78	1330.61	3383.01
19.88	12.78	1329.71	3360.16
19.88	12.78	1328.81	3367.92
19.88	12.78	1327.91	3575.88
19.88	12.78	1327.02	3527.99
19.88	12.78	1326.12	3307.78
19.88	12.78	1325.22	3548.99
19.88	12.78	1324.32	3542.81
19.88	12.78	1323.42	3483.84
19.88	12.78	1322.52	3455.46
19.88	12.78	1321.62	3435.41
19.88	12.78	1320.72	3532.0
19.88	12.78	1319.82	3434.21
19.88	12.78	1318.91	3436.38
19.88	12.78	1318.01	3452.43
19.88	12.78	1317.11	3548.95
19.88	12.78	1316.21	3487.29
19.88	12.78	1315.31	3378.5
19.88	12.78	1314.41	3419.51
19.88	12.78	1313.51	3579.73
19.88	12.78	1312.61	3568.02
19.88	12.78	1311.7	3467.6
19.88	12.78	1310.8	3417.11
19.88	12.78	1309.9	3607.7
19.88	12.78	1309.0	3626.46
19.88	12.78	1308.09	3509.49
19.88	12.78	1307.19	3420.26
19.88	12.78	1306.29	3569.18
19.88	12.78	1305.39	3612.85
19.88	12.78	1304.48	3603.91
19.88	12.78	1303.58	3376.34
19.88	12.78	1302.68	3450.46
19.88	12.78	1301.77	3590.95
19.88	12.78	1300.87	3427.12
19.88	12.78	1299.96	3230.17
19.88	12.78	1299.06	3354.03
19.88	12.78	1298.16	3422.56
19.88	12.78	1297.25	3480.0
19.88	12.78	1296.35	3429.65
19.88	12.78	1295.44	3279.83
19.88	12.78	1294.54	3312.41
19.88	12.78	1293.63	3411.27
19.88	12.78	1292.73	3209.07
19.88	12.78	1291.82	3191.94
19.88	12.78	1290.92	3232.79
19.88	12.78	1290.01	3174.25
19.88	12.78	1289.1	3209.57
19.88	12.78	1288.2	3101.4
19.88	12.78	1287.29	3222.24
19.88	12.78	1286.39	3130.65
19.88	12.78	1285.48	3063.91
19.88	12.78	1284.57	3060.62
19.88	12.78	1283.67	3109.7
19.88	12.78	1282.76	3156.02
19.88	12.78	1281.85	2957.04
19.88	12.78	1280.94	3022.65
19.88	12.78	1280.04	2997.32
19.88	12.78	1279.13	3071.17
19.88	12.78	1278.22	3034.83
19.88	12.78	1277.31	2915.9
19.88	12.78	1276.41	3105.34
19.88	12.78	1275.5	3168.1
19.88	12.78	1274.59	3007.93
19.88	12.78	1273.68	2924.85
19.88	12.78	1272.77	3105.91
19.88	12.78	1271.86	3176.87
19.88	12.78	1270.95	3025.06
19.88	12.78	1270.04	3071.27
19.88	12.78	1269.13	3021.25
19.88	12.78	1268.23	3193.88
19.88	12.78	1267.32	3174.08
19.88	12.78	1266.41	3016.91
19.88	12.78	1265.5	3082.31
19.88	12.78	1264.59	3142.19
19.88	12.78	1263.67	3215.79
19.88	12.78	1262.76	3055.97
19.88	12.78	1261.85	3135.05
19.88	12.78	1260.94	3301.92
19.88	12.78	1260.03	3150.41
19.88	12.78	1259.12	3339.18
19.88	12.78	1258.21	3135.58
19.88	12.78	1257.3	3359.94
19.88	12.78	1256.39	3430.65
19.88	12.78	1255.47	3238.12
19.88	12.78	1254.56	3264.96
19.88	12.78	1253.65	3319.21
19.88	12.78	1252.74	3266.55
19.88	12.78	1251.83	3079.66
19.88	12.78	1250.91	3161.31
19.88	12.78	1250.0	3089.54
19.88	12.78	1249.09	3247.82
19.88	12.78	1248.17	3173.33
19.88	12.78	1247.26	3063.27
19.88	12.78	1246.35	2999.78
19.88	12.78	1245.43	3084.08
19.88	12.78	1244.52	3116.37
19.88	12.78	1243.61	3091.2
19.88	12.78	1242.69	3038.69
19.88	12.78	1241.78	3185.82
19.88	12.78	1240.86	3084.1
19.88	12.78	1239.95	3190.17
19.88	12.78	1239.03	3132.21
19.88	12.78	1238.12	3197.24
19.88	12.78	1237.2	3218.54
19.88	12.78	1236.29	3078.65
19.88	12.78	1235.37	3108.15
19.88	12.78	1234.46	3205.91
19.88	12.78	1233.54	3175.31
19.88	12.78	1232.63	3076.48
19.88	12.78	1231.71	3138.71
19.88	12.78	1230.8	3083.58
19.88	12.78	1229.88	3284.94
19.88	12.78	1228.96	3063.4
19.88	12.78	1228.05	3158.32
19.88	12.78	1227.13	3285.93
19.88	12.78	1226.21	3239.0
19.88	12.78	1225.3	3080.32
19.88	12.78	1224.38	3153.36
19.88	12.78	1223.46	3212.76
19.88	12.78	1222.54	3125.01
19.88	12.78	1221.63	2990.98
19.88	12.78	1220.71	2938.7
19.88	12.78	1219.79	3074.34
19.88	12.78	1218.87	3079.24
19.88	12.78	1217.95	2942.59
19.88	12.78	1217.03	2977.45
19.88	12.78	1216.12	3020.47
19.88	12.78	1215.2	3131.48
19.88	12.78	1214.28	2902.43
19.88	12.78	1213.36	3002.55
19.88	12.78	1212.44	3080.88
19.88	12.78	1211.52	3055.86
19.88	12.78	1210.6	3028.14
19.88	12.78	1209.68	3000.43
19.88	12.78	1208.76	2950.99
19.88	12.78	1207.84	3002.09
19.88	12.78	1206.92	2955.38
19.88	12.78	1206.0	2848.94
19.88	12.78	1205.08	2946.19
19.88	12.78	1204.16	2785.49
19.88	12.78	1203.24	2874.57
19.88	12.78	1202.31	2656.95
19.88	12.78	1201.39	2803.01
19.88	12.78	1200.47	2756.39
19.88	12.78	1199.55	2715.21
19.88	12.78	1198.63	2755.42
19.88	12.78	1197.71	2684.43
19.88	12.78	1196.78	2667.69
19.88	12.78	1195.86	2642.82
19.88	12.78	1194.94	2593.57
19.88	12.78	1194.02	2701.5
19.88	12.78	1193.09	2841.9
19.88	12.78	1192.17	2746.59
19.88	12.78	1191.25	2548.41
19.88	12.78	1190.32	2688.76
19.88	12.78	1189.4	2780.33
19.88	12.78	1188.48	2760.89
19.88	12.78	1187.55	2803.7
19.88	12.78	1186.63	2830.26
19.88	12.78	1185.71	2778.36
19.88	12.78	1184.78	2794.1
19.88	12.78	1183.86	2812.53
19.88	12.78	1182.93	2866.11
19.88	12.78	1182.01	2789.91
19.88	12.78	1181.08	2808.34
19.88	12.78	1180.16	2856.48
19.88	12.78	1179.23	2947.85
19.88	12.78	1178.31	2968.94
19.88	12.78	1177.38	2881.98
19.88	12.78	1176.46	2738.34
19.88	12.78	1175.53	2943.06
19.88	12.78	1174.6	2953.34
19.88	12.78	1173.68	2955.51
19.88	12.78	1172.75	2944.19
19.88	12.78	1171.82	3035.41
19.88	12.78	1170.9	3140.08
19.88	12.78	1169.97	3182.68
19.88	12.78	1169.04	3036.49
19.88	12.78	1168.12	3027.87
19.88	12.78	1167.19	3108.2
19.88	12.78	1166.26	3110.35
19.88	12.78	1165.33	3058.59
19.88	12.78	1164.41	3146.97
19.88	12.78	1163.48	3127.55
19.88	12.78	1162.55	2933.07
19.88	12.78	1161.62	2843.69
19.88	12.78	1160.69	2880.88
19.88	12.78	1159.76	2947.67
19.88	12.78	1158.84	2834.1
19.88	12.78	1157.91	2793.24
19.88	12.78	1156.98	2760.45
19.88	12.78	1156.05	2784.17
19.88	12.78	1155.12	2748.72
19.88	12.78	1154.19	2691.76
19.88	12.78	1153.26	2728.92
19.88	12.78	1152.33	2774.14
19.88	12.78	1151.4	2650.01
19.88	12.78	1150.47	2676.41
19.88	12.78	1149.54	2710.87
19.88	12.78	1148.61	2782.91
19.88	12.78	1147.68	2809.28
19.88	12.78	1146.75	2682.57
19.88	12.78	1145.81	2682.09
19.88	12.78	1144.88	2754.09
19.88	12.78	1143.95	2675.77
19.88	12.78	1143.02	2710.18
19.88	12.78	1142.09	2736.53
19.88	12.78	1141.16	2650.21
19.88	12.78	1140.22	2537.1
19.88	12.78	1139.29	2466.93
19.88	12.78	1138.36	2571.05
19.88	12.78	1137.43	2640.29
19.88	12.78	1136.49	2521.9
19.88	12.78	1135.56	2513.41
19.88	12.78	1134.63	2521.0
19.88	12.78	1133.69	2587.52
19.88	12.78	1132.76	2570.99
19.88	12.78	1131.83	2474.14
19.88	12.78	1130.89	2545.98
19.88	12.78	1129.96	2577.65
19.88	12.78	1129.02	2502.26
19.88	12.78	1128.09	2477.73
19.88	12.78	1127.16	2485.32
19.88	12.78	1126.22	2583.84
19.88	12.78	1125.29	2596.75
19.88	12.78	1124.35	2406.45
19.88	12.78	1123.42	2523.65
19.88	12.78	1122.48	2587.35
19.88	12.78	1121.55	2445.25
19.88	12.78	1120.61	2519.63
19.88	12.78	1119.67	2602.0
19.88	12.78	1118.74	2625.58
19.88	12.78	1117.8	2416.81
19.88	12.78	1116.87	2453.76
19.88	12.78	1115.93	2434.64
19.88	12.78	1114.99	2482.25
19.88	12.78	1114.06	2449.78
19.88	12.78	1113.12	2411.99
19.88	12.78	1112.18	2512.93
19.88	12.78	1111.24	2600.5
19.88	12.78	1110.31	2525.37
19.88	12.78	1109.37	2471.6
19.88	12.78	1108.43	2593.78
19.88	12.78	1107.49	2558.67
19.88	12.78	1106.55	2464.95
19.88	12.78	1105.62	2451.19
19.88	12.78	1104.68	2650.54
19.88	12.78	1103.74	2644.74
19.88	12.78	1102.8	2633.62
19.88	12.78	1101.86	2606.53
19.88	12.78	1100.92	2720.53
19.88	12.78	1099.98	2730.69
19.88	12.78	1099.04	2828.66
19.88	12.78	1098.1	2812.2
19.88	12.78	1097.16	2817.01
19.88	12.78	1096.22	2922.9
19.88	12.78	1095.28	2786.76
19.88	12.78	1094.34	2874.0
19.88	12.78	1093.4	3006.4
19.88	12.78	1092.46	3029.78
19.88	12.78	1091.52	3108.96
19.88	12.78	1090.58	2938.37
19.88	12.78	1089.64	3123.79
19.88	12.78	1088.7	3051.52
19.88	12.78	1087.76	3013.8
19.88	12.78	1086.81	3007.96
19.88	12.78	1085.87	3076.44
19.88	12.78	1084.93	3065.27
19.88	12.78	1083.99	2926.75
19.88	12.78	1083.05	2981.94
19.88	12.78	1082.1	2949.57
19.88	12.78	1081.16	2856.23
19.88	12.78	1080.22	2720.49
19.88	12.78	1079.28	2656.38
19.88	12.78	1078.33	2738.07
19.88	12.78	1077.39	2681.93
19.88	12.78	1076.45	2572.82
19.88	12.78	1075.5	2590.9
19.88	12.78	1074.56	2577.2
19.88	12.78	1073.61	2563.5
19.88	12.78	1072.67	2486.25
19.88	12.78	1071.73	2583.76
19.88	12.78	1070.78	2570.06
19.88	12.78	1069.84	2503.45
19.88	12.78	1068.89	2458.02
19.88	12.78	1067.95	2489.33
19.88	12.78	1067.0	2454.5
19.88	12.78	1066.06	2551.91
19.88	12.78	1065.11	2411.32
19.88	12.78	1064.16	2461.11
19.88	12.78	1063.22	2539.97
19.88	12.78	1062.27	2502.52
19.88	12.78	1061.33	2510.0
19.88	12.78	1060.38	2551.81
19.88	12.78	1059.43	2559.28
19.88	12.78	1058.49	2511.29
19.88	12.78	1057.54	2513.48
19.88	12.78	1056.59	2470.8
19.88	12.78	1055.65	2499.39
19.88	12.78	1054.7	2580.75
19.88	12.78	1053.75	2535.43
19.88	12.78	1052.8	2532.34
19.88	12.78	1051.85	2737.6
19.88	12.78	1050.91	2473.42
19.88	12.78	1049.96	2483.53
19.88	12.78	1049.01	2496.26
19.88	12.78	1048.06	2559.07
19.88	12.78	1047.11	2445.31
19.88	12.78	1046.16	2405.35
19.88	12.78	1045.21	2483.94
19.88	12.78	1044.27	2428.19
19.88	12.78	1043.32	2454.09
19.88	12.78	1042.37	2361.51
19.88	12.78	1041.42	2416.36
19.88	12.78	1040.47	2434.35
19.88	12.78	1039.52	2354.98
19.88	12.78	1038.57	2380.86
19.88	12.78	1037.62	2433.04
19.88	12.78	1036.67	2361.6
19.88	12.78	1035.71	2337.52
19.88	12.78	1034.76	2444.88
19.88	12.78	1033.81	2394.51
19.88	12.78	1032.86	2430.87
19.88	12.78	1031.91	2377.88
19.88	12.78	1030.96	2353.81
19.88	12.78	1030.01	2466.34
19.88	12.78	1029.05	2423.88
19.88	12.78	1028.1	2281.66
19.88	12.78	1027.15	2273.38
19.88	12.78	1026.2	2527.56
19.88	12.78	1025.24	2451.01
19.88	12.78	1024.29	2327.25
19.88	12.78	1023.34	2413.4
19.88	12.78	1022.39	2483.79
19.88	12.78	1021.43	2485.96
19.88	12.78	1020.48	2443.57
19.88	12.78	1019.52	2479.83
19.88	12.78	1018.57	2647.13
19.88	12.78	1017.62	2638.79
19.88	12.78	1016.66	2541.38
19.88	12.78	1015.71	2664.04
19.88	12.78	1014.75	2694.99
19.88	12.78	1013.8	2773.06
19.88	12.78	1012.84	2667.84
19.88	12.78	1011.89	2803.48
19.88	12.78	1010.93	2999.27
19.88	12.78	1009.98	2901.91
19.88	12.78	1009.02	3050.52
19.88	12.78	1008.07	3099.67
19.88	12.78	1007.11	3313.56
19.88	12.78	1006.16	3190.07
19.88	12.78	1005.2	3129.37
19.88	12.78	1004.24	3212.45
19.88	12.78	1003.29	3136.09
19.88	12.78	1002.33	2931.72
19.88	12.78	1001.37	2816.24
19.88	12.78	1000.41	2729.54
19.88	12.78	999.4580000000001	2624.59
19.88	12.78	998.5	2566.68
19.88	12.78	997.543	2459.18
19.88	12.78	996.585	2544.87
19.88	12.78	995.627	2505.27
19.88	12.78	994.669	2410.89
19.88	12.78	993.71	2423.5
19.88	12.78	992.752	2459.58
19.88	12.78	991.793	2323.54
19.88	12.78	990.834	2273.58
19.88	12.78	989.875	2314.88
19.88	12.78	988.916	2390.05
19.88	12.78	987.957	2420.89
19.88	12.78	986.997	2365.74
19.88	12.78	986.0369999999999	2321.03
19.88	12.78	985.078	2430.01
19.88	12.78	984.118	2398.32
19.88	12.78	983.1569999999999	2311.97
19.88	12.78	982.197	2353.21
19.88	12.78	981.2360000000001	2394.43
19.88	12.78	980.2760000000001	2295.11
19.88	12.78	979.315	2240.07
19.88	12.78	978.3539999999999	2294.29
19.88	12.78	977.3919999999999	2416.11
19.88	12.78	976.431	2254.46
19.88	12.78	975.4689999999999	2313.85
19.88	12.78	974.508	2165.27
19.88	12.78	973.546	2216.86
19.88	12.78	972.584	2232.05
19.88	12.78	971.6210000000001	2223.86
19.88	12.78	970.659	2278.01
19.88	12.78	969.696	2324.34
19.88	12.78	968.7330000000001	2310.94
19.88	12.78	967.77	2227.45
19.88	12.78	966.807	2299.73
19.88	12.78	965.8439999999999	2330.46
19.88	12.78	964.88	2161.38
19.88	12.78	963.9169999999999	2386.69
19.88	12.78	962.953	2394.04
19.88	12.78	961.9889999999999	2284.69
19.88	12.78	961.025	2235.02
19.88	12.78	960.06	2276.09
19.88	12.78	959.096	2265.32
19.88	12.78	958.1310000000001	2472.22
19.88	12.78	957.166	2344.82
19.88	12.78	956.201	2336.63
19.88	12.78	955.2360000000001	2452.76
19.88	12.78	954.27	2454.91
19.88	12.78	953.305	2327.6
19.88	12.78	952.3389999999999	2503.21
19.88	12.78	951.373	2714.99
19.88	12.78	950.4069999999999	2610.99
19.88	12.78	949.441	2770.93
19.88	12.78	948.4739999999999	2736.8
19.88	12.78	947.508	2857.86
19.88	12.78	946.541	2803.05
19.88	12.78	945.574	2792.2
19.88	12.78	944.607	2677.96
19.88	12.78	943.6389999999999	2747.26
19.88	12.78	942.672	2614.98
19.88	12.78	941.704	2513.75
19.88	12.78	940.7360000000001	2655.37
19.88	12.78	939.768	2598.07
19.88	12.78	938.8	2465.91
19.88	12.78	937.832	2460.31
19.88	12.78	936.863	2563.11
19.88	12.78	935.8939999999999	2593.62
19.88	12.78	934.926	2533.8
19.88	12.78	933.956	2520.45
19.88	12.78	932.987	2752.13
19.88	12.78	932.018	2573.7
19.88	12.78	931.048	2498.46
19.88	12.78	930.078	2559.88
19.88	12.78	929.1080000000001	2546.53
19.88	12.78	928.138	2440.41
19.88	12.78	927.168	2313.72
19.88	12.78	926.198	2385.43
19.88	12.78	925.227	2446.82
19.88	12.78	924.2560000000001	2307.32
19.88	12.78	923.285	2237.39
19.88	12.78	922.314	2275.6
19.88	12.78	921.3430000000001	2331.81
19.88	12.78	920.3710000000001	2148.68
19.88	12.78	919.3989999999999	2266.65
19.88	12.78	918.427	2263.66
19.88	12.78	917.455	2263.26
19.88	12.78	916.4830000000001	2183.13
19.88	12.78	915.5110000000001	2175.03
19.88	12.78	914.538	2287.74
19.88	12.78	913.565	2277.04
19.88	12.78	912.5930000000001	2279.2
19.88	12.78	911.6189999999999	2170.89
19.88	12.78	910.6460000000001	2340.02
19.88	12.78	909.673	2301.08
19.88	12.78	908.699	2208.23
19.88	12.78	907.725	2166.75
19.88	12.78	906.7510000000001	2346.03
19.88	12.78	905.7769999999999	2296.85
19.88	12.78	904.803	2234.86
19.88	12.78	903.828	2352.46
19.88	12.78	902.8539999999999	2393.07
19.88	12.78	901.8789999999999	2374.69
19.88	12.78	900.904	2374.26
19.88	12.78	899.928	2409.72
19.88	12.78	898.953	2345.21
19.88	12.78	897.977	2360.16
19.88	12.78	897.002	2341.8
19.88	12.78	896.0260000000001	2359.31
19.88	12.78	895.05	2474.13
19.88	12.78	894.073	2368.7
19.88	12.78	893.097	2242.81
19.88	12.78	892.12	2370.4
19.88	12.78	891.1439999999999	2313.66
19.88	12.78	890.1669999999999	2205.77
19.88	12.78	889.189	2220.72
19.88	12.78	888.212	2230.55
19.88	12.78	887.235	2276.18
19.88	12.78	886.257	2224.63
19.88	12.78	885.279	2260.02
19.88	12.78	884.301	2290.29
19.88	12.78	883.323	2320.54
19.88	12.78	882.3439999999999	2179.58
19.88	12.78	881.3660000000001	2304.37
19.88	12.78	880.387	2357.59
19.88	12.78	879.408	2387.81
19.88	12.78	878.429	2425.68
19.88	12.78	877.45	2402.27
19.88	12.78	876.47	2376.31
19.88	12.78	875.4910000000001	2227.86
19.88	12.78	874.5110000000001	2255.53
19.88	12.78	873.5310000000001	2359.71
19.88	12.78	872.551	2328.67
19.88	12.78	871.57	2182.9
19.88	12.78	870.59	2202.9
19.88	12.78	869.6089999999999	2276.43
19.88	12.78	868.628	2197.0
19.88	12.78	867.6469999999999	2153.28
19.88	12.78	866.666	2224.23
19.88	12.78	865.684	2284.97
19.88	12.78	864.703	2197.96
19.88	12.78	863.721	2090.61
19.88	12.78	862.7389999999999	2263.36
19.88	12.78	861.757	2293.49
19.88	12.78	860.775	2132.74
19.88	12.78	859.7919999999999	2239.22
19.88	12.78	858.81	2254.08
19.88	12.78	857.827	2314.72
19.88	12.78	856.8439999999999	2184.6
19.88	12.78	855.86	2174.03
19.88	12.78	854.877	2285.5
19.88	12.78	853.8939999999999	2224.08
19.88	12.78	852.91	2127.1
19.88	12.78	851.926	2129.26
19.88	12.78	850.942	2235.57
19.88	12.78	849.9580000000001	2242.79
19.88	12.78	848.9730000000001	2148.42
19.88	12.78	847.988	2226.74
19.88	12.78	847.0039999999999	2269.49
19.88	12.78	846.0189999999999	2258.92
19.88	12.78	845.034	2103.72
19.88	12.78	844.048	2240.34
19.88	12.78	843.063	2234.86
19.88	12.78	842.077	2034.09
19.88	12.78	841.091	2218.84
19.88	12.78	840.105	2284.35
19.88	12.78	839.1189999999999	2273.8
19.88	12.78	838.132	2128.92
19.88	12.78	837.1460000000001	2146.28
19.88	12.78	836.159	2196.56
19.88	12.78	835.172	2213.89
19.88	12.78	834.185	2033.67
19.88	12.78	833.198	2192.83
19.88	12.78	832.21	2215.21
19.88	12.78	831.222	2186.97
19.88	12.78	830.235	2130.89
19.88	12.78	829.247	2193.76
19.88	12.78	828.258	2206.01
19.88	12.78	827.27	2149.97
19.88	12.78	826.2810000000001	2056.01
19.88	12.78	825.293	2154.24
19.88	12.78	824.304	2184.19
19.88	12.78	823.315	2128.18
19.88	12.78	822.325	2107.58
19.88	12.78	821.336	2099.62
19.88	12.78	820.346	2111.87
19.88	12.78	819.3560000000001	2030.66
19.88	12.78	818.3660000000001	2138.88
19.88	12.78	817.3760000000001	2229.38
19.88	12.78	816.3860000000001	2249.17
19.88	12.78	815.395	2150.33
19.88	12.78	814.405	2260.97
19.88	12.78	813.414	2328.68
19.88	12.78	812.423	2361.04
19.88	12.78	811.431	2244.6
19.88	12.78	810.44	2360.18
19.88	12.78	809.448	2326.98
19.88	12.78	808.456	2351.76
19.88	12.78	807.4639999999999	2285.81
19.88	12.78	806.472	2245.08
19.88	12.78	805.48	2295.06
19.88	12.78	804.487	2241.74
19.88	12.78	803.495	2306.81
19.88	12.78	802.502	2281.21
19.88	12.78	801.5089999999999	2265.69
19.88	12.78	800.5160000000001	2242.63
19.88	12.78	799.5219999999999	2285.0
19.88	12.78	798.528	2284.58
19.88	12.78	797.535	2138.26
19.88	12.78	796.541	2100.15
19.88	12.78	795.547	2222.98
19.88	12.78	794.552	2157.21
19.88	12.78	793.558	2136.71
19.88	12.78	792.563	2106.16
19.88	12.78	791.568	2221.36
19.88	12.78	790.573	2168.2
19.88	12.78	789.578	2034.67
19.88	12.78	788.582	2089.55
19.88	12.78	787.587	2192.12
19.88	12.78	786.591	2078.75
19.88	12.78	785.595	2085.9
19.88	12.78	784.5989999999999	2118.14
19.88	12.78	783.602	2175.47
19.88	12.78	782.6060000000001	2074.72
19.88	12.78	781.6089999999999	2091.9
19.88	12.78	780.612	2229.45
19.88	12.78	779.615	2208.99
19.88	12.78	778.618	2148.42
19.88	12.78	777.6210000000001	2107.92
19.88	12.78	776.623	2177.71
19.88	12.78	775.625	2074.58
19.88	12.78	774.627	2111.78
19.88	12.78	773.6289999999999	2128.93
19.88	12.78	772.6310000000001	2198.65
19.88	12.78	771.632	2108.12
19.88	12.78	770.6339999999999	2065.18
19.88	12.78	769.635	2069.81
19.88	12.78	768.6360000000001	2074.44
19.88	12.78	767.6360000000001	2154.12
19.88	12.78	766.637	2136.21
19.88	12.78	765.637	2263.37
19.88	12.78	764.637	2195.45
19.88	12.78	763.638	2130.04
19.88	12.78	762.637	2182.15
19.88	12.78	761.637	2226.73
19.88	12.78	760.6360000000001	2221.33
19.88	12.78	759.6360000000001	2140.98
19.88	12.78	758.635	2130.6
19.88	12.78	757.6339999999999	2262.57
19.88	12.78	756.633	2149.79
19.88	12.78	755.6310000000001	2049.54
19.88	12.78	754.6289999999999	2173.97
19.88	12.78	753.628	2208.51
19.88	12.78	752.6260000000001	2098.32
19.88	12.78	751.623	2165.29
19.88	12.78	750.6210000000001	2112.52
19.88	12.78	749.6189999999999	2057.27
19.88	12.78	748.6160000000001	2089.31
19.88	12.78	747.613	2128.81
19.88	12.78	746.61	2170.79
19.88	12.78	745.607	2180.36
19.88	12.78	744.6030000000001	2082.8
19.88	12.78	743.5989999999999	2204.47
19.88	12.78	742.596	2243.92
19.88	12.78	741.592	2153.87
19.88	12.78	740.587	2155.96
19.88	12.78	739.5830000000001	2240.2
19.88	12.78	738.579	2232.32
19.88	12.78	737.574	2164.73
19.88	12.78	736.569	2079.75
19.88	12.78	735.564	2211.2
19.88	12.78	734.558	2282.91
19.88	12.78	733.553	2155.69
19.88	12.78	732.547	2207.5
19.88	12.78	731.541	2159.87
19.88	12.78	730.535	2189.3
19.88	12.78	729.529	2134.23
19.88	12.78	728.523	2138.81
19.88	12.78	727.5160000000001	2143.39
19.88	12.78	726.5089999999999	2046.15
19.88	12.78	725.503	2018.47
19.88	12.78	724.495	2042.92
19.88	12.78	723.488	2112.04
19.88	12.78	722.4810000000001	1997.51
19.88	12.78	721.4730000000001	2016.99
19.88	12.78	720.465	2138.16
19.88	12.78	719.457	2137.77
19.88	12.78	718.449	2025.8
19.88	12.78	717.44	2045.26
19.88	12.78	716.432	2196.08
19.88	12.78	715.423	1980.08
19.88	12.78	714.414	1972.28
19.88	12.78	713.405	2080.92
19.88	12.78	712.395	2152.37
19.88	12.78	711.3860000000001	2045.49
19.88	12.78	710.3760000000001	2092.15
19.88	12.78	709.3660000000001	2076.92
19.88	12.78	708.3560000000001	2121.09
19.88	12.78	707.346	2019.24
19.88	12.78	706.335	2033.72
19.88	12.78	705.325	2060.55
19.88	12.78	704.314	2159.1
19.88	12.78	703.303	2126.56
19.88	12.78	702.2919999999999	2234.95
19.88	12.78	701.28	2162.86
19.88	12.78	700.2689999999999	2083.38
19.88	12.78	699.257	2092.88
19.88	12.78	698.245	2228.37
19.88	12.78	697.2330000000001	2210.67
19.88	12.78	696.22	2183.1
19.88	12.78	695.2080000000001	2155.54
19.88	12.78	694.195	2285.98
19.88	12.78	693.182	2196.71
19.88	12.78	692.169	2134.61
19.88	12.78	691.1560000000001	2331.6
19.88	12.78	690.143	2212.77
19.88	12.78	689.1289999999999	2274.02
19.88	12.78	688.115	2251.41
19.88	12.78	687.1010000000001	2201.69
19.88	12.78	686.087	2253.05
19.88	12.78	685.073	2070.25
19.88	12.78	684.058	2104.37
19.88	12.78	683.043	2244.42
19.88	12.78	682.028	2066.65
19.88	12.78	681.013	2100.75
19.88	12.78	679.998	2080.67
19.88	12.78	678.9830000000001	2104.9
19.88	12.78	677.967	2038.06
19.88	12.78	676.951	2064.75
19.88	12.78	675.935	2192.32
19.88	12.78	674.919	2145.18
19.88	12.78	673.9019999999999	2053.78
19.88	12.78	672.8860000000001	2186.19
19.88	12.78	671.8689999999999	2227.59
19.88	12.78	670.852	2121.47
19.88	12.78	669.835	2182.53
19.88	12.78	668.817	2206.7
19.88	12.78	667.8	2351.25
19.88	12.78	666.7819999999999	2176.41
19.88	12.78	665.7639999999999	2176.01
19.88	12.78	664.7460000000001	2300.85
19.88	12.78	663.7280000000001	2239.04
19.88	12.78	662.709	2177.27
19.88	12.78	661.691	2103.24
19.88	12.78	660.672	2198.55
19.88	12.78	659.653	2207.96
19.88	12.78	658.6339999999999	2136.42
19.88	12.78	657.6139999999999	2177.72
19.88	12.78	656.595	2204.29
19.88	12.78	655.575	2228.4
19.88	12.78	654.555	2223.08
19.88	12.78	653.535	2237.38
19.88	12.78	652.514	2298.22
19.88	12.78	651.494	2185.11
19.88	12.78	650.4730000000001	2287.58
19.88	12.78	649.452	2353.27
19.88	12.78	648.431	2328.36
19.88	12.78	647.41	2242.25
19.88	12.78	646.388	2298.13
19.88	12.78	645.366	2297.71
19.88	12.78	644.345	2218.99
19.88	12.78	643.323	2240.6
19.88	12.78	642.3	2323.34
19.88	12.78	641.278	2203.1
19.88	12.78	640.255	2244.25
19.88	12.78	639.232	2199.84
19.88	12.78	638.2090000000001	2258.09
19.88	12.78	637.186	2282.1
19.88	12.78	636.163	2154.65
19.88	12.78	635.139	2295.92
19.88	12.78	634.116	2271.07
19.88	12.78	633.092	2246.24
19.88	12.78	632.068	2155.5
19.88	12.78	631.043	2238.09
19.88	12.78	630.019	2144.95
19.88	12.78	628.994	2054.28
19.88	12.78	627.969	2234.41
19.88	12.78	626.944	2282.78
19.88	12.78	625.919	2201.89
19.88	12.78	624.893	2157.6
19.88	12.78	623.868	2184.01
19.88	12.78	622.842	2244.54
19.88	12.78	621.816	2153.97
19.88	12.78	620.79	2290.0
19.88	12.78	619.763	2267.65
19.88	12.78	618.737	2218.53
19.88	12.78	617.71	2188.9
19.88	12.78	616.683	2242.05
19.88	12.78	615.656	2241.64
19.88	12.78	614.629	2080.62
19.88	12.78	613.601	2116.73
19.88	12.78	612.573	2240.4
19.88	12.78	611.545	2198.64
19.88	12.78	610.5169999999999	2045.04
19.88	12.78	609.489	2163.79
19.88	12.78	608.461	2136.65
19.88	12.78	607.432	2114.38
19.88	12.78	606.403	2055.68
19.88	12.78	605.374	2101.45
19.88	12.78	604.345	2190.94
19.88	12.78	603.315	2052.11
19.88	12.78	602.286	2119.71
19.88	12.78	601.256	2155.74
19.88	12.78	600.226	2157.77
