-14.57	5.17	1799.66	2090.5
-14.57	5.17	1798.84	2194.05
-14.57	5.17	1798.03	2291.44
-14.57	5.17	1797.21	2239.13
-14.57	5.17	1796.39	2250.96
-14.57	5.17	1795.57	2268.91
-14.57	5.17	1794.75	2302.11
-14.57	5.17	1793.93	2399.41
-14.57	5.17	1793.11	2304.38
-14.57	5.17	1792.29	2136.15
-14.57	5.17	1791.47	2215.12
-14.57	5.17	1790.65	2361.18
-14.57	5.17	1789.84	2339.43
-14.57	5.17	1789.02	2262.79
-14.57	5.17	1788.2	2308.15
-14.57	5.17	1787.38	2374.83
-14.57	5.17	1786.56	2484.15
-14.57	5.17	1785.73	2239.93
-14.57	5.17	1784.91	2242.6
-14.57	5.17	1784.09	2336.66
-14.57	5.17	1783.27	2375.87
-14.57	5.17	1782.45	2430.28
-14.57	5.17	1781.63	2298.94
-14.57	5.17	1780.81	2417.28
-14.57	5.17	1779.99	2453.4
-14.57	5.17	1779.17	2419.51
-14.57	5.17	1778.35	2324.77
-14.57	5.17	1777.52	2230.06
-14.57	5.17	1776.7	2254.02
-14.57	5.17	1775.88	2363.13
-14.57	5.17	1775.06	2298.87
-14.57	5.17	1774.24	2368.41
-14.57	5.17	1773.41	2352.81
-14.57	5.17	1772.59	2370.65
-14.57	5.17	1771.77	2522.19
-14.57	5.17	1770.95	2403.27
-14.57	5.17	1770.12	2369.45
-14.57	5.17	1769.3	2350.82
-14.57	5.17	1768.48	2353.46
-14.57	5.17	1767.65	2453.26
-14.57	5.17	1766.83	2334.45
-14.57	5.17	1766.01	2412.97
-14.57	5.17	1765.18	2470.22
-14.57	5.17	1764.36	2393.95
-14.57	5.17	1763.53	2345.0
-14.57	5.17	1762.71	2435.6
-14.57	5.17	1761.88	2426.09
-14.57	5.17	1761.06	2422.65
-14.57	5.17	1760.24	2485.9
-14.57	5.17	1759.41	2421.83
-14.57	5.17	1758.59	2488.09
-14.57	5.17	1757.76	2402.83
-14.57	5.17	1756.94	2526.63
-14.57	5.17	1756.11	2480.77
-14.57	5.17	1755.28	2453.09
-14.57	5.17	1754.46	2343.67
-14.57	5.17	1753.63	2543.09
-14.57	5.17	1752.81	2518.44
-14.57	5.17	1751.98	2463.54
-14.57	5.17	1751.16	2378.39
-14.57	5.17	1750.33	2459.68
-14.57	5.17	1749.5	2528.83
-14.57	5.17	1748.68	2582.84
-14.57	5.17	1747.85	2397.95
-14.57	5.17	1747.02	2539.64
-14.57	5.17	1746.2	2539.21
-14.57	5.17	1745.37	2590.16
-14.57	5.17	1744.54	2523.24
-14.57	5.17	1743.71	2323.4
-14.57	5.17	1742.89	2531.45
-14.57	5.17	1742.06	2473.63
-14.57	5.17	1741.23	2521.53
-14.57	5.17	1740.4	2521.1
-14.57	5.17	1739.57	2424.07
-14.57	5.17	1738.75	2490.06
-14.57	5.17	1737.92	2516.8
-14.57	5.17	1737.09	2486.2
-14.57	5.17	1736.26	2543.1
-14.57	5.17	1735.43	2464.25
-14.57	5.17	1734.6	2656.83
-14.57	5.17	1733.77	2541.8
-14.57	5.17	1732.94	2550.42
-14.57	5.17	1732.11	2531.9
-14.57	5.17	1731.28	2642.97
-14.57	5.17	1730.45	2570.21
-14.57	5.17	1729.62	2479.4
-14.57	5.17	1728.8	2433.79
-14.57	5.17	1727.96	2556.86
-14.57	5.17	1727.13	2682.89
-14.57	5.17	1726.3	2688.45
-14.57	5.17	1725.47	2588.66
-14.57	5.17	1724.64	2564.15
-14.57	5.17	1723.81	2614.87
-14.57	5.17	1722.98	2662.56
-14.57	5.17	1722.15	2607.96
-14.57	5.17	1721.32	2553.39
-14.57	5.17	1720.49	2757.43
-14.57	5.17	1719.66	2811.08
-14.57	5.17	1718.82	2720.42
-14.57	5.17	1717.99	2668.86
-14.57	5.17	1717.16	2668.41
-14.57	5.17	1716.33	2734.06
-14.57	5.17	1715.5	2727.58
-14.57	5.17	1714.66	2637.02
-14.57	5.17	1713.83	2591.53
-14.57	5.17	1713.0	2621.11
-14.57	5.17	1712.17	2731.73
-14.57	5.17	1711.33	2734.27
-14.57	5.17	1710.5	2595.77
-14.57	5.17	1709.67	2622.33
-14.57	5.17	1708.83	2651.88
-14.57	5.17	1708.0	2717.42
-14.57	5.17	1707.17	2752.94
-14.57	5.17	1706.33	2632.54
-14.57	5.17	1705.5	2695.05
-14.57	5.17	1704.66	2766.52
-14.57	5.17	1703.83	2682.14
-14.57	5.17	1703.0	2723.63
-14.57	5.17	1702.16	2669.25
-14.57	5.17	1701.33	2725.7
-14.57	5.17	1700.49	2839.04
-14.57	5.17	1699.66	2721.78
-14.57	5.17	1698.82	2640.49
-14.57	5.17	1697.99	2720.86
-14.57	5.17	1697.15	2810.17
-14.57	5.17	1696.32	2860.56
-14.57	5.17	1695.48	2761.35
-14.57	5.17	1694.64	2733.96
-14.57	5.17	1693.81	2790.32
-14.57	5.17	1692.97	2691.17
-14.57	5.17	1692.14	2717.62
-14.57	5.17	1691.3	2794.87
-14.57	5.17	1690.46	2803.36
-14.57	5.17	1689.63	2856.67
-14.57	5.17	1688.79	2796.43
-14.57	5.17	1687.95	2786.99
-14.57	5.17	1687.12	2676.02
-14.57	5.17	1686.28	2914.45
-14.57	5.17	1685.44	2887.08
-14.57	5.17	1684.6	2895.55
-14.57	5.17	1683.77	2695.08
-14.57	5.17	1682.93	2837.86
-14.57	5.17	1682.09	2965.67
-14.57	5.17	1681.25	2839.88
-14.57	5.17	1680.41	2779.74
-14.57	5.17	1679.58	2821.02
-14.57	5.17	1678.74	2853.33
-14.57	5.17	1677.9	2998.92
-14.57	5.17	1677.06	2849.38
-14.57	5.17	1676.22	2872.74
-14.57	5.17	1675.38	2958.65
-14.57	5.17	1674.54	3059.43
-14.57	5.17	1673.7	2948.71
-14.57	5.17	1672.86	2811.22
-14.57	5.17	1672.02	2941.75
-14.57	5.17	1671.18	3078.19
-14.57	5.17	1670.34	3038.97
-14.57	5.17	1669.5	2922.39
-14.57	5.17	1668.66	2963.55
-14.57	5.17	1667.82	2980.89
-14.57	5.17	1666.98	3152.9
-14.57	5.17	1666.14	2935.27
-14.57	5.17	1665.3	2872.32
-14.57	5.17	1664.46	3151.29
-14.57	5.17	1663.62	3195.34
-14.57	5.17	1662.78	3114.55
-14.57	5.17	1661.94	3001.1
-14.57	5.17	1661.1	2973.85
-14.57	5.17	1660.25	3208.01
-14.57	5.17	1659.41	3130.24
-14.57	5.17	1658.57	2963.42
-14.57	5.17	1657.73	3046.05
-14.57	5.17	1656.89	3054.43
-14.57	5.17	1656.04	3163.72
-14.57	5.17	1655.2	3083.06
-14.57	5.17	1654.36	3073.64
-14.57	5.17	1653.52	3245.16
-14.57	5.17	1652.67	3363.24
-14.57	5.17	1651.83	3255.91
-14.57	5.17	1650.99	3163.45
-14.57	5.17	1650.14	3204.41
-14.57	5.17	1649.3	3272.03
-14.57	5.17	1648.46	3348.51
-14.57	5.17	1647.61	3193.88
-14.57	5.17	1646.77	3208.14
-14.57	5.17	1645.92	3287.56
-14.57	5.17	1645.08	3284.04
-14.57	5.17	1644.24	3307.16
-14.57	5.17	1643.39	3279.96
-14.57	5.17	1642.55	3264.6
-14.57	5.17	1641.7	3429.76
-14.57	5.17	1640.86	3559.36
-14.57	5.17	1640.01	3478.88
-14.57	5.17	1639.17	3259.41
-14.57	5.17	1638.32	3344.61
-14.57	5.17	1637.48	3518.49
-14.57	5.17	1636.63	3585.88
-14.57	5.17	1635.78	3416.79
-14.57	5.17	1634.94	3563.97
-14.57	5.17	1634.09	3451.08
-14.57	5.17	1633.25	3630.69
-14.57	5.17	1632.4	3517.83
-14.57	5.17	1631.55	3658.98
-14.57	5.17	1630.71	3634.74
-14.57	5.17	1629.86	3713.82
-14.57	5.17	1629.01	3671.86
-14.57	5.17	1628.16	3541.39
-14.57	5.17	1627.32	3700.11
-14.57	5.17	1626.47	3790.94
-14.57	5.17	1625.62	3834.53
-14.57	5.17	1624.77	3656.93
-14.57	5.17	1623.93	3644.51
-14.57	5.17	1623.08	3912.16
-14.57	5.17	1622.23	4041.19
-14.57	5.17	1621.38	3822.41
-14.57	5.17	1620.53	3692.11
-14.57	5.17	1619.69	3980.19
-14.57	5.17	1618.84	3988.35
-14.57	5.17	1617.99	3784.45
-14.57	5.17	1617.14	3848.59
-14.57	5.17	1616.29	3900.92
-14.57	5.17	1615.44	4023.88
-14.57	5.17	1614.59	4073.23
-14.57	5.17	1613.74	3890.09
-14.57	5.17	1612.89	3957.09
-14.57	5.17	1612.04	4044.66
-14.57	5.17	1611.19	4067.5
-14.57	5.17	1610.34	3946.24
-14.57	5.17	1609.49	3951.44
-14.57	5.17	1608.64	4047.77
-14.57	5.17	1607.79	4017.69
-14.57	5.17	1606.94	4031.69
-14.57	5.17	1606.09	3983.99
-14.57	5.17	1605.24	4021.5
-14.57	5.17	1604.39	4108.92
-14.57	5.17	1603.54	4119.96
-14.57	5.17	1602.68	3987.13
-14.57	5.17	1601.83	3968.84
-14.57	5.17	1600.98	4150.13
-14.57	5.17	1600.13	4269.73
-14.57	5.17	1599.28	4139.9
-14.57	5.17	1598.42	3992.52
-14.57	5.17	1597.57	4032.9
-14.57	5.17	1596.72	4049.8
-14.57	5.17	1595.87	4104.81
-14.57	5.17	1595.01	4168.6
-14.57	5.17	1594.16	4118.06
-14.57	5.17	1593.31	4249.23
-14.57	5.17	1592.45	4225.06
-14.57	5.17	1591.6	4171.6
-14.57	5.17	1590.75	4088.87
-14.57	5.17	1589.89	4114.53
-14.57	5.17	1589.04	4277.79
-14.57	5.17	1588.19	4136.54
-14.57	5.17	1587.33	4074.36
-14.57	5.17	1586.48	4076.59
-14.57	5.17	1585.62	4257.3
-14.57	5.17	1584.77	4259.5
-14.57	5.17	1583.91	4141.76
-14.57	5.17	1583.06	4091.34
-14.57	5.17	1582.2	4137.42
-14.57	5.17	1581.35	4350.12
-14.57	5.17	1580.49	4188.61
-14.57	5.17	1579.64	4053.46
-14.57	5.17	1578.78	4178.41
-14.57	5.17	1577.93	4303.31
-14.57	5.17	1577.07	4355.15
-14.57	5.17	1576.21	4085.72
-14.57	5.17	1575.36	4266.06
-14.57	5.17	1574.5	4314.96
-14.57	5.17	1573.65	4355.08
-14.57	5.17	1572.79	4281.37
-14.57	5.17	1571.93	4248.54
-14.57	5.17	1571.08	4405.35
-14.57	5.17	1570.22	4436.68
-14.57	5.17	1569.36	4354.26
-14.57	5.17	1568.5	4231.04
-14.57	5.17	1567.65	4241.97
-14.57	5.17	1566.79	4512.33
-14.57	5.17	1565.93	4409.55
-14.57	5.17	1565.07	4204.82
-14.57	5.17	1564.21	4201.18
-14.57	5.17	1563.36	4322.8
-14.57	5.17	1562.5	4307.5
-14.57	5.17	1561.64	4286.37
-14.57	5.17	1560.78	4131.33
-14.57	5.17	1559.92	4290.72
-14.57	5.17	1559.06	4319.09
-14.57	5.17	1558.2	4103.01
-14.57	5.17	1557.34	4224.5
-14.57	5.17	1556.49	4241.23
-14.57	5.17	1555.63	4231.77
-14.57	5.17	1554.77	4388.07
-14.57	5.17	1553.91	4259.39
-14.57	5.17	1553.05	4154.01
-14.57	5.17	1552.19	4324.78
-14.57	5.17	1551.33	4472.23
-14.57	5.17	1550.47	4201.26
-14.57	5.17	1549.6	4174.39
-14.57	5.17	1548.74	4295.66
-14.57	5.17	1547.88	4367.52
-14.57	5.17	1547.02	4282.57
-14.57	5.17	1546.16	4098.95
-14.57	5.17	1545.3	4133.07
-14.57	5.17	1544.44	4413.85
-14.57	5.17	1543.58	4154.86
-14.57	5.17	1542.71	4232.47
-14.57	5.17	1541.85	4272.34
-14.57	5.17	1540.99	4315.11
-14.57	5.17	1540.13	4534.72
-14.57	5.17	1539.27	4316.52
-14.57	5.17	1538.4	4333.17
-14.57	5.17	1537.54	4436.75
-14.57	5.17	1536.68	4476.55
-14.57	5.17	1535.81	4383.07
-14.57	5.17	1534.95	4205.64
-14.57	5.17	1534.09	4309.17
-14.57	5.17	1533.23	4534.27
-14.57	5.17	1532.36	4519.01
-14.57	5.17	1531.5	4335.88
-14.57	5.17	1530.63	4372.76
-14.57	5.17	1529.77	4490.63
-14.57	5.17	1528.91	4617.15
-14.57	5.17	1528.04	4497.76
-14.57	5.17	1527.18	4381.31
-14.57	5.17	1526.31	4828.73
-14.57	5.17	1525.45	4660.22
-14.57	5.17	1524.58	4685.43
-14.57	5.17	1523.72	4488.11
-14.57	5.17	1522.85	4576.91
-14.57	5.17	1521.99	4844.79
-14.57	5.17	1521.12	4774.63
-14.57	5.17	1520.26	4623.64
-14.57	5.17	1519.39	4735.45
-14.57	5.17	1518.52	4913.63
-14.57	5.17	1517.66	4886.8
-14.57	5.17	1516.79	4683.94
-14.57	5.17	1515.93	4758.15
-14.57	5.17	1515.06	4838.11
-14.57	5.17	1514.19	4866.12
-14.57	5.17	1513.33	4810.49
-14.57	5.17	1512.46	4760.64
-14.57	5.17	1511.59	4705.04
-14.57	5.17	1510.72	4784.94
-14.57	5.17	1509.86	4763.94
-14.57	5.17	1508.99	4719.89
-14.57	5.17	1508.12	4566.38
-14.57	5.17	1507.25	4582.88
-14.57	5.17	1506.38	4737.61
-14.57	5.17	1505.52	4546.74
-14.57	5.17	1504.65	4402.01
-14.57	5.17	1503.78	4553.81
-14.57	5.17	1502.91	4642.24
-14.57	5.17	1502.04	4560.87
-14.57	5.17	1501.17	4358.69
-14.57	5.17	1500.3	4429.85
-14.57	5.17	1499.44	4687.92
-14.57	5.17	1498.57	4439.82
-14.57	5.17	1497.7	4338.43
-14.57	5.17	1496.83	4288.81
-14.57	5.17	1495.96	4653.07
-14.57	5.17	1495.09	4479.85
-14.57	5.17	1494.22	4300.95
-14.57	5.17	1493.35	4366.28
-14.57	5.17	1492.48	4342.55
-14.57	5.17	1491.61	4482.5
-14.57	5.17	1490.73	4320.95
-14.57	5.17	1489.86	4216.86
-14.57	5.17	1488.99	4365.37
-14.57	5.17	1488.12	4453.58
-14.57	5.17	1487.25	4260.58
-14.57	5.17	1486.38	4236.89
-14.57	5.17	1485.51	4333.67
-14.57	5.17	1484.63	4487.77
-14.57	5.17	1483.76	4415.32
-14.57	5.17	1482.89	4322.83
-14.57	5.17	1482.02	4307.75
-14.57	5.17	1481.15	4378.64
-14.57	5.17	1480.27	4415.13
-14.57	5.17	1479.4	4225.3
-14.57	5.17	1478.53	4181.61
-14.57	5.17	1477.65	4272.52
-14.57	5.17	1476.78	4323.32
-14.57	5.17	1475.91	4268.18
-14.57	5.17	1475.03	4290.34
-14.57	5.17	1474.16	4335.38
-14.57	5.17	1473.29	4429.05
-14.57	5.17	1472.41	4296.7
-14.57	5.17	1471.54	4190.13
-14.57	5.17	1470.67	4283.77
-14.57	5.17	1469.79	4428.84
-14.57	5.17	1468.92	4356.61
-14.57	5.17	1468.04	4212.95
-14.57	5.17	1467.17	4437.97
-14.57	5.17	1466.29	4414.35
-14.57	5.17	1465.42	4525.0
-14.57	5.17	1464.54	4384.26
-14.57	5.17	1463.67	4280.69
-14.57	5.17	1462.79	4294.23
-14.57	5.17	1461.91	4350.58
-14.57	5.17	1461.04	4321.28
-14.57	5.17	1460.16	4155.02
-14.57	5.17	1459.29	4314.08
-14.57	5.17	1458.41	4541.55
-14.57	5.17	1457.53	4403.85
-14.57	5.17	1456.66	4140.73
-14.57	5.17	1455.78	4251.21
-14.57	5.17	1454.9	4418.67
-14.57	5.17	1454.03	4340.95
-14.57	5.17	1453.15	4126.46
-14.57	5.17	1452.27	4293.85
-14.57	5.17	1451.39	4521.01
-14.57	5.17	1450.52	4440.48
-14.57	5.17	1449.64	4297.32
-14.57	5.17	1448.76	4376.29
-14.57	5.17	1447.88	4361.3
-14.57	5.17	1447.0	4539.86
-14.57	5.17	1446.13	4453.7
-14.57	5.17	1445.25	4478.54
-14.57	5.17	1444.37	4480.6
-14.57	5.17	1443.49	4633.42
-14.57	5.17	1442.61	4481.89
-14.57	5.17	1441.73	4424.25
-14.57	5.17	1440.85	4531.51
-14.57	5.17	1439.97	4615.99
-14.57	5.17	1439.09	4487.31
-14.57	5.17	1438.21	4415.5
-14.57	5.17	1437.33	4562.46
-14.57	5.17	1436.45	4550.3
-14.57	5.17	1435.57	4597.79
-14.57	5.17	1434.69	4653.78
-14.57	5.17	1433.81	4360.56
-14.57	5.17	1432.93	4657.84
-14.57	5.17	1432.05	4628.65
-14.57	5.17	1431.17	4511.51
-14.57	5.17	1430.29	4507.89
-14.57	5.17	1429.41	4504.27
-14.57	5.17	1428.52	4648.13
-14.57	5.17	1427.64	4545.24
-14.57	5.17	1426.76	4391.36
-14.57	5.17	1425.88	4447.29
-14.57	5.17	1425.0	4585.38
-14.57	5.17	1424.11	4587.42
-14.57	5.17	1423.23	4439.31
-14.57	5.17	1422.35	4452.7
-14.57	5.17	1421.47	4729.46
-14.57	5.17	1420.58	4604.05
-14.57	5.17	1419.7	4447.55
-14.57	5.17	1418.82	4545.84
-14.57	5.17	1417.93	4646.93
-14.57	5.17	1417.05	4603.68
-14.57	5.17	1416.17	4438.8
-14.57	5.17	1415.28	4440.85
-14.57	5.17	1414.4	4697.44
-14.57	5.17	1413.51	4600.48
-14.57	5.17	1412.63	4599.68
-14.57	5.17	1411.75	4395.37
-14.57	5.17	1410.86	4482.21
-14.57	5.17	1409.98	4715.96
-14.57	5.17	1409.09	4503.25
-14.57	5.17	1408.21	4372.54
-14.57	5.17	1407.32	4493.21
-14.57	5.17	1406.44	4571.49
-14.57	5.17	1405.55	4635.63
-14.57	5.17	1404.66	4310.22
-14.57	5.17	1403.78	4332.05
-14.57	5.17	1402.89	4593.71
-14.57	5.17	1402.01	4584.45
-14.57	5.17	1401.12	4321.32
-14.57	5.17	1400.23	4312.11
-14.57	5.17	1399.35	4455.16
-14.57	5.17	1398.46	4569.98
-14.57	5.17	1397.57	4498.71
-14.57	5.17	1396.69	4309.11
-14.57	5.17	1395.8	4561.95
-14.57	5.17	1394.91	4516.08
-14.57	5.17	1394.02	4487.13
-14.57	5.17	1393.14	4430.02
-14.57	5.17	1392.25	4479.94
-14.57	5.17	1391.36	4701.56
-14.57	5.17	1390.47	4543.12
-14.57	5.17	1389.58	4381.91
-14.57	5.17	1388.7	4566.86
-14.57	5.17	1387.81	4599.82
-14.57	5.17	1386.92	4703.1
-14.57	5.17	1386.03	4533.53
-14.57	5.17	1385.14	4501.81
-14.57	5.17	1384.25	4655.66
-14.57	5.17	1383.36	4741.98
-14.57	5.17	1382.47	4527.56
-14.57	5.17	1381.58	4630.74
-14.57	5.17	1380.69	4753.55
-14.57	5.17	1379.8	4825.75
-14.57	5.17	1378.91	4670.45
-14.57	5.17	1378.02	4638.75
-14.57	5.17	1377.13	4705.32
-14.57	5.17	1376.24	4957.12
-14.57	5.17	1375.35	4852.42
-14.57	5.17	1374.46	4652.35
-14.57	5.17	1373.57	4727.28
-14.57	5.17	1372.68	4796.59
-14.57	5.17	1371.78	4680.76
-14.57	5.17	1370.89	4716.4
-14.57	5.17	1370.0	4693.15
-14.57	5.17	1369.11	4863.32
-14.57	5.17	1368.22	4856.86
-14.57	5.17	1367.33	4665.47
-14.57	5.17	1366.43	4849.56
-14.57	5.17	1365.54	4927.15
-14.57	5.17	1364.65	4808.66
-14.57	5.17	1363.76	4793.82
-14.57	5.17	1362.86	4778.99
-14.57	5.17	1361.97	5016.08
-14.57	5.17	1361.08	4858.48
-14.57	5.17	1360.18	4787.68
-14.57	5.17	1359.29	4764.46
-14.57	5.17	1358.4	5020.97
-14.57	5.17	1357.5	4964.16
-14.57	5.17	1356.61	5030.4
-14.57	5.17	1355.71	4889.74
-14.57	5.17	1354.82	4928.02
-14.57	5.17	1353.92	5072.48
-14.57	5.17	1353.03	4971.0
-14.57	5.17	1352.13	4936.61
-14.57	5.17	1351.24	5139.66
-14.57	5.17	1350.34	5147.14
-14.57	5.17	1349.45	5079.22
-14.57	5.17	1348.55	4975.04
-14.57	5.17	1347.66	5041.16
-14.57	5.17	1346.76	5057.02
-14.57	5.17	1345.87	5039.4
-14.57	5.17	1344.97	5074.78
-14.57	5.17	1344.07	4909.32
-14.57	5.17	1343.18	5212.46
-14.57	5.17	1342.28	5038.66
-14.57	5.17	1341.38	4993.17
-14.57	5.17	1340.49	4883.59
-14.57	5.17	1339.59	5088.97
-14.57	5.17	1338.69	5235.76
-14.57	5.17	1337.8	5059.33
-14.57	5.17	1336.9	4999.95
-14.57	5.17	1336.0	5266.44
-14.57	5.17	1335.1	5170.84
-14.57	5.17	1334.2	5053.01
-14.57	5.17	1333.31	4921.3
-14.57	5.17	1332.41	5193.18
-14.57	5.17	1331.51	5111.57
-14.57	5.17	1330.61	4913.15
-14.57	5.17	1329.71	5045.81
-14.57	5.17	1328.81	5067.17
-14.57	5.17	1327.91	5155.27
-14.57	5.17	1327.02	5054.28
-14.57	5.17	1326.12	4886.62
-14.57	5.17	1325.22	4996.93
-14.57	5.17	1324.32	5185.0
-14.57	5.17	1323.42	5136.87
-14.57	5.17	1322.52	4944.3
-14.57	5.17	1321.62	4968.43
-14.57	5.17	1320.72	5356.31
-14.57	5.17	1319.82	5227.66
-14.57	5.17	1318.91	5160.13
-14.57	5.17	1318.01	5123.14
-14.57	5.17	1317.11	5199.94
-14.57	5.17	1316.21	5104.7
-14.57	5.17	1315.31	5040.01
-14.57	5.17	1314.41	4919.88
-14.57	5.17	1313.51	5237.89
-14.57	5.17	1312.61	4993.01
-14.57	5.17	1311.7	5111.32
-14.57	5.17	1310.8	4913.66
-14.57	5.17	1309.9	5126.15
-14.57	5.17	1309.0	5161.27
-14.57	5.17	1308.09	5165.91
-14.57	5.17	1307.19	4962.83
-14.57	5.17	1306.29	5000.73
-14.57	5.17	1305.39	5268.39
-14.57	5.17	1304.48	5145.68
-14.57	5.17	1303.58	5017.47
-14.57	5.17	1302.68	5132.8
-14.57	5.17	1301.77	5248.1
-14.57	5.17	1300.87	5025.89
-14.57	5.17	1299.96	4972.47
-14.57	5.17	1299.06	5101.55
-14.57	5.17	1298.16	5075.78
-14.57	5.17	1297.25	5157.81
-14.57	5.17	1296.35	5032.54
-14.57	5.17	1295.44	5150.47
-14.57	5.17	1294.54	5331.9
-14.57	5.17	1293.63	5237.06
-14.57	5.17	1292.73	5109.1
-14.57	5.17	1291.82	5279.4
-14.57	5.17	1290.92	5325.4
-14.57	5.17	1290.01	5283.06
-14.57	5.17	1289.1	5174.51
-14.57	5.17	1288.2	5322.6
-14.57	5.17	1287.29	5611.33
-14.57	5.17	1286.39	5552.42
-14.57	5.17	1285.48	5336.34
-14.57	5.17	1284.57	5533.93
-14.57	5.17	1283.67	5684.58
-14.57	5.17	1282.76	5760.76
-14.57	5.17	1281.85	5646.76
-14.57	5.17	1280.94	5532.8
-14.57	5.17	1280.04	5650.29
-14.57	5.17	1279.13	5574.93
-14.57	5.17	1278.22	5334.36
-14.57	5.17	1277.31	5300.38
-14.57	5.17	1276.41	5475.63
-14.57	5.17	1275.5	5293.01
-14.57	5.17	1274.59	5179.25
-14.57	5.17	1273.68	5131.56
-14.57	5.17	1272.77	5155.42
-14.57	5.17	1271.86	5184.77
-14.57	5.17	1270.95	5038.1
-14.57	5.17	1270.04	4883.24
-14.57	5.17	1269.13	5014.34
-14.57	5.17	1268.23	4917.26
-14.57	5.17	1267.32	4732.27
-14.57	5.17	1266.41	4734.18
-14.57	5.17	1265.5	4835.0
-14.57	5.17	1264.59	4963.24
-14.57	5.17	1263.67	4753.66
-14.57	5.17	1262.76	4730.85
-14.57	5.17	1261.85	4653.16
-14.57	5.17	1260.94	4962.49
-14.57	5.17	1260.03	4868.32
-14.57	5.17	1259.12	4557.41
-14.57	5.17	1258.21	4652.63
-14.57	5.17	1257.3	4857.52
-14.57	5.17	1256.39	4801.82
-14.57	5.17	1255.47	4567.91
-14.57	5.17	1254.56	4668.54
-14.57	5.17	1253.65	4747.2
-14.57	5.17	1252.74	4461.37
-14.57	5.17	1251.83	4449.62
-14.57	5.17	1250.91	4544.72
-14.57	5.17	1250.0	4710.99
-14.57	5.17	1249.09	4477.4
-14.57	5.17	1248.17	4493.03
-14.57	5.17	1247.26	4278.72
-14.57	5.17	1246.35	4559.88
-14.57	5.17	1245.43	4638.43
-14.57	5.17	1244.52	4240.89
-14.57	5.17	1243.61	4382.39
-14.57	5.17	1242.69	4346.06
-14.57	5.17	1241.78	4413.66
-14.57	5.17	1240.86	4270.71
-14.57	5.17	1239.95	4275.43
-14.57	5.17	1239.03	4400.4
-14.57	5.17	1238.12	4377.76
-14.57	5.17	1237.2	4275.9
-14.57	5.17	1236.29	4212.32
-14.57	5.17	1235.37	4410.95
-14.57	5.17	1234.46	4451.14
-14.57	5.17	1233.54	4272.88
-14.57	5.17	1232.63	4160.21
-14.57	5.17	1231.71	4386.01
-14.57	5.17	1230.8	4322.47
-14.57	5.17	1229.88	4269.87
-14.57	5.17	1228.96	4080.9
-14.57	5.17	1228.05	4200.18
-14.57	5.17	1227.13	4278.52
-14.57	5.17	1226.21	4277.77
-14.57	5.17	1225.3	4140.71
-14.57	5.17	1224.38	4227.2
-14.57	5.17	1223.46	4229.18
-14.57	5.17	1222.54	4231.16
-14.57	5.17	1221.63	4268.55
-14.57	5.17	1220.71	4196.98
-14.57	5.17	1219.79	4321.5
-14.57	5.17	1218.87	4233.62
-14.57	5.17	1217.95	4181.15
-14.57	5.17	1217.03	4134.14
-14.57	5.17	1216.12	4212.33
-14.57	5.17	1215.2	4227.91
-14.57	5.17	1214.28	4036.75
-14.57	5.17	1213.36	4321.6
-14.57	5.17	1212.44	4358.91
-14.57	5.17	1211.52	4252.11
-14.57	5.17	1210.6	4093.7
-14.57	5.17	1209.68	4291.37
-14.57	5.17	1208.76	4233.55
-14.57	5.17	1207.84	4189.34
-14.57	5.17	1206.92	4115.25
-14.57	5.17	1206.0	4187.86
-14.57	5.17	1205.08	4325.6
-14.57	5.17	1204.16	4142.94
-14.57	5.17	1203.24	4030.91
-14.57	5.17	1202.31	4193.04
-14.57	5.17	1201.39	4363.25
-14.57	5.17	1200.47	4142.72
-14.57	5.17	1199.55	4114.87
-14.57	5.17	1198.63	4095.15
-14.57	5.17	1197.71	4352.03
-14.57	5.17	1196.78	4150.64
-14.57	5.17	1195.86	4209.54
-14.57	5.17	1194.94	4165.43
-14.57	5.17	1194.02	4311.02
-14.57	5.17	1193.09	4372.56
-14.57	5.17	1192.17	4019.66
-14.57	5.17	1191.25	4148.95
-14.57	5.17	1190.32	4289.01
-14.57	5.17	1189.4	4350.52
-14.57	5.17	1188.48	4165.69
-14.57	5.17	1187.55	4224.49
-14.57	5.17	1186.63	4188.57
-14.57	5.17	1185.71	4347.44
-14.57	5.17	1184.78	4151.93
-14.57	5.17	1183.86	4091.69
-14.57	5.17	1182.93	4247.8
-14.57	5.17	1182.01	4363.29
-14.57	5.17	1181.08	4197.64
-14.57	5.17	1180.16	4142.85
-14.57	5.17	1179.23	4317.74
-14.57	5.17	1178.31	4203.52
-14.57	5.17	1177.38	4005.6
-14.57	5.17	1176.46	4148.02
-14.57	5.17	1175.53	4163.48
-14.57	5.17	1174.6	4251.83
-14.57	5.17	1173.68	4256.48
-14.57	5.17	1172.75	4099.2
-14.57	5.17	1171.82	4306.23
-14.57	5.17	1170.9	4213.75
-14.57	5.17	1169.97	4183.33
-14.57	5.17	1169.04	4136.75
-14.57	5.17	1168.12	4198.03
-14.57	5.17	1167.19	4367.12
-14.57	5.17	1166.26	4177.68
-14.57	5.17	1165.33	4112.26
-14.57	5.17	1164.41	4106.14
-14.57	5.17	1163.48	4256.27
-14.57	5.17	1162.55	4096.61
-14.57	5.17	1161.62	3947.77
-14.57	5.17	1160.69	4202.85
-14.57	5.17	1159.76	4293.63
-14.57	5.17	1158.84	4002.19
-14.57	5.17	1157.91	4033.78
-14.57	5.17	1156.98	4094.94
-14.57	5.17	1156.05	4145.33
-14.57	5.17	1155.12	3932.12
-14.57	5.17	1154.19	3850.75
-14.57	5.17	1153.26	4151.19
-14.57	5.17	1152.33	4110.13
-14.57	5.17	1151.4	3977.71
-14.57	5.17	1150.47	3923.26
-14.57	5.17	1149.54	4019.28
-14.57	5.17	1148.61	4152.88
-14.57	5.17	1147.68	3988.31
-14.57	5.17	1146.75	3931.21
-14.57	5.17	1145.81	4126.51
-14.57	5.17	1144.88	4141.88
-14.57	5.17	1143.95	3988.17
-14.57	5.17	1143.02	4033.08
-14.57	5.17	1142.09	4306.01
-14.57	5.17	1141.16	4340.12
-14.57	5.17	1140.22	4087.25
-14.57	5.17	1139.29	4236.68
-14.57	5.17	1138.36	4477.22
-14.57	5.17	1137.43	4369.2
-14.57	5.17	1136.49	4309.47
-14.57	5.17	1135.56	4327.46
-14.57	5.17	1134.63	4624.07
-14.57	5.17	1133.69	4601.82
-14.57	5.17	1132.76	4442.99
-14.57	5.17	1131.83	4493.08
-14.57	5.17	1130.89	4634.17
-14.57	5.17	1129.96	4702.94
-14.57	5.17	1129.02	4603.08
-14.57	5.17	1128.09	4487.21
-14.57	5.17	1127.16	4585.39
-14.57	5.17	1126.22	4592.6
-14.57	5.17	1125.29	4452.72
-14.57	5.17	1124.35	4342.31
-14.57	5.17	1123.42	4395.0
-14.57	5.17	1122.48	4570.63
-14.57	5.17	1121.55	4414.82
-14.57	5.17	1120.61	4243.03
-14.57	5.17	1119.67	4485.38
-14.57	5.17	1118.74	4487.25
-14.57	5.17	1117.8	4141.96
-14.57	5.17	1116.87	4085.15
-14.57	5.17	1115.93	4343.37
-14.57	5.17	1114.99	4238.5
-14.57	5.17	1114.06	4197.72
-14.57	5.17	1113.12	4164.96
-14.57	5.17	1112.18	4140.21
-14.57	5.17	1111.24	4059.45
-14.57	5.17	1110.31	3896.06
-14.57	5.17	1109.37	3948.69
-14.57	5.17	1108.43	4113.27
-14.57	5.17	1107.49	3997.93
-14.57	5.17	1106.55	3962.57
-14.57	5.17	1105.62	3833.98
-14.57	5.17	1104.68	4062.39
-14.57	5.17	1103.74	3936.49
-14.57	5.17	1102.8	3757.37
-14.57	5.17	1101.86	3700.79
-14.57	5.17	1100.92	3822.58
-14.57	5.17	1099.98	3907.07
-14.57	5.17	1099.04	3706.8
-14.57	5.17	1098.1	3724.76
-14.57	5.17	1097.16	3859.76
-14.57	5.17	1096.22	3678.22
-14.57	5.17	1095.28	3717.45
-14.57	5.17	1094.34	3857.7
-14.57	5.17	1093.4	3790.56
-14.57	5.17	1092.46	3898.85
-14.57	5.17	1091.52	3579.29
-14.57	5.17	1090.58	3668.98
-14.57	5.17	1089.64	3928.64
-14.57	5.17	1088.7	3691.57
-14.57	5.17	1087.76	3667.02
-14.57	5.17	1086.81	3690.26
-14.57	5.17	1085.87	3782.5
-14.57	5.17	1084.93	3747.33
-14.57	5.17	1083.99	3635.21
-14.57	5.17	1083.05	3637.22
-14.57	5.17	1082.1	3758.59
-14.57	5.17	1081.16	3720.79
-14.57	5.17	1080.22	3696.26
-14.57	5.17	1079.28	3727.41
-14.57	5.17	1078.33	3769.16
-14.57	5.17	1077.39	3734.03
-14.57	5.17	1076.45	3667.13
-14.57	5.17	1075.5	3780.39
-14.57	5.17	1074.56	3761.17
-14.57	5.17	1073.61	3633.39
-14.57	5.17	1072.67	3667.16
-14.57	5.17	1071.73	3555.32
-14.57	5.17	1070.78	3660.56
-14.57	5.17	1069.84	3636.09
-14.57	5.17	1068.89	3574.58
-14.57	5.17	1067.95	3595.11
-14.57	5.17	1067.0	3766.39
-14.57	5.17	1066.06	3609.69
-14.57	5.17	1065.11	3561.45
-14.57	5.17	1064.16	3687.71
-14.57	5.17	1063.22	3742.55
-14.57	5.17	1062.27	3794.73
-14.57	5.17	1061.33	3601.18
-14.57	5.17	1060.38	3856.78
-14.57	5.17	1059.43	3893.07
-14.57	5.17	1058.49	3794.66
-14.57	5.17	1057.54	3841.51
-14.57	5.17	1056.59	3859.3
-14.57	5.17	1055.65	3927.23
-14.57	5.17	1054.7	3850.01
-14.57	5.17	1053.75	3962.77
-14.57	5.17	1052.8	3948.87
-14.57	5.17	1051.85	4053.66
-14.57	5.17	1050.91	3894.72
-14.57	5.17	1049.96	4044.3
-14.57	5.17	1049.01	3803.71
-14.57	5.17	1048.06	4053.4
-14.57	5.17	1047.11	3923.56
-14.57	5.17	1046.16	3801.67
-14.57	5.17	1045.21	3840.5
-14.57	5.17	1044.27	3924.09
-14.57	5.17	1043.32	3699.57
-14.57	5.17	1042.37	3727.86
-14.57	5.17	1041.42	3795.64
-14.57	5.17	1040.47	3726.53
-14.57	5.17	1039.52	3641.66
-14.57	5.17	1038.57	3580.5
-14.57	5.17	1037.62	3700.86
-14.57	5.17	1036.67	3663.38
-14.57	5.17	1035.71	3589.1
-14.57	5.17	1034.76	3580.57
-14.57	5.17	1033.81	3708.72
-14.57	5.17	1032.86	3623.97
-14.57	5.17	1031.91	3562.88
-14.57	5.17	1030.96	3504.45
-14.57	5.17	1030.01	3590.5
-14.57	5.17	1029.05	3660.76
-14.57	5.17	1028.1	3473.69
-14.57	5.17	1027.15	3520.32
-14.57	5.17	1026.2	3787.41
-14.57	5.17	1025.24	3582.04
-14.57	5.17	1024.29	3379.37
-14.57	5.17	1023.34	3428.61
-14.57	5.17	1022.39	3572.25
-14.57	5.17	1021.43	3542.76
-14.57	5.17	1020.48	3403.17
-14.57	5.17	1019.52	3434.02
-14.57	5.17	1018.57	3548.72
-14.57	5.17	1017.62	3430.16
-14.57	5.17	1016.66	3377.15
-14.57	5.17	1015.71	3507.52
-14.57	5.17	1014.75	3504.27
-14.57	5.17	1013.8	3328.2
-14.57	5.17	1012.84	3432.33
-14.57	5.17	1011.89	3523.33
-14.57	5.17	1010.93	3478.21
-14.57	5.17	1009.98	3495.9
-14.57	5.17	1009.02	3335.68
-14.57	5.17	1008.07	3471.1
-14.57	5.17	1007.11	3598.63
-14.57	5.17	1006.16	3417.56
-14.57	5.17	1005.2	3435.25
-14.57	5.17	1004.24	3494.75
-14.57	5.17	1003.29	3564.69
-14.57	5.17	1002.33	3558.82
-14.57	5.17	1001.37	3485.04
-14.57	5.17	1000.41	3463.51
-14.57	5.17	999.4580000000001	3624.81
-14.57	5.17	998.5	3276.89
-14.57	5.17	997.543	3422.49
-14.57	5.17	996.585	3518.45
-14.57	5.17	995.627	3444.75
-14.57	5.17	994.669	3402.38
-14.57	5.17	993.71	3420.04
-14.57	5.17	992.752	3445.5
-14.57	5.17	991.793	3536.16
-14.57	5.17	990.834	3313.9
-14.57	5.17	989.875	3401.94
-14.57	5.17	988.916	3437.82
-14.57	5.17	987.957	3455.44
-14.57	5.17	986.997	3405.32
-14.57	5.17	986.0369999999999	3498.48
-14.57	5.17	985.078	3549.95
-14.57	5.17	984.118	3434.73
-14.57	5.17	983.1569999999999	3220.62
-14.57	5.17	982.197	3503.78
-14.57	5.17	981.2360000000001	3456.3
-14.57	5.17	980.2760000000001	3325.57
-14.57	5.17	979.315	3252.13
-14.57	5.17	978.3539999999999	3274.96
-14.57	5.17	977.3919999999999	3464.22
-14.57	5.17	976.431	3427.2
-14.57	5.17	975.4689999999999	3332.99
-14.57	5.17	974.508	3407.77
-14.57	5.17	973.546	3453.94
-14.57	5.17	972.584	3398.75
-14.57	5.17	971.6210000000001	3330.59
-14.57	5.17	970.659	3454.67
-14.57	5.17	969.696	3378.74
-14.57	5.17	968.7330000000001	3292.44
-14.57	5.17	967.77	3284.06
-14.57	5.17	966.807	3278.28
-14.57	5.17	965.8439999999999	3308.83
-14.57	5.17	964.88	3222.61
-14.57	5.17	963.9169999999999	3323.21
-14.57	5.17	962.953	3454.89
-14.57	5.17	961.9889999999999	3436.12
-14.57	5.17	961.025	3298.08
-14.57	5.17	960.06	3388.22
-14.57	5.17	959.096	3563.86
-14.57	5.17	958.1310000000001	3472.51
-14.57	5.17	957.166	3256.84
-14.57	5.17	956.201	3378.01
-14.57	5.17	955.2360000000001	3405.89
-14.57	5.17	954.27	3273.21
-14.57	5.17	953.305	3394.31
-14.57	5.17	952.3389999999999	3427.35
-14.57	5.17	951.373	3465.55
-14.57	5.17	950.4069999999999	3415.76
-14.57	5.17	949.441	3309.07
-14.57	5.17	948.4739999999999	3486.96
-14.57	5.17	947.508	3411.33
-14.57	5.17	946.541	3377.1
-14.57	5.17	945.574	3459.22
-14.57	5.17	944.607	3525.81
-14.57	5.17	943.6389999999999	3419.21
-14.57	5.17	942.672	3325.57
-14.57	5.17	941.704	3293.97
-14.57	5.17	940.7360000000001	3505.19
-14.57	5.17	939.768	3530.38
-14.57	5.17	938.8	3214.73
-14.57	5.17	937.832	3410.35
-14.57	5.17	936.863	3469.1
-14.57	5.17	935.8939999999999	3447.83
-14.57	5.17	934.926	3346.58
-14.57	5.17	933.956	3374.36
-14.57	5.17	932.987	3492.4
-14.57	5.17	932.018	3388.61
-14.57	5.17	931.048	3377.69
-14.57	5.17	930.078	3433.79
-14.57	5.17	929.1080000000001	3595.55
-14.57	5.17	928.138	3247.01
-14.57	5.17	927.168	3326.3
-14.57	5.17	926.198	3469.96
-14.57	5.17	925.227	3482.21
-14.57	5.17	924.2560000000001	3406.9
-14.57	5.17	923.285	3321.32
-14.57	5.17	922.314	3521.51
-14.57	5.17	921.3430000000001	3595.51
-14.57	5.17	920.3710000000001	3386.43
-14.57	5.17	919.3989999999999	3429.56
-14.57	5.17	918.427	3585.85
-14.57	5.17	917.455	3610.92
-14.57	5.17	916.4830000000001	3401.99
-14.57	5.17	915.5110000000001	3463.07
-14.57	5.17	914.538	3498.44
-14.57	5.17	913.565	3549.2
-14.57	5.17	912.5930000000001	3420.09
-14.57	5.17	911.6189999999999	3563.34
-14.57	5.17	910.6460000000001	3616.63
-14.57	5.17	909.673	3585.16
-14.57	5.17	908.699	3522.89
-14.57	5.17	907.725	3642.91
-14.57	5.17	906.7510000000001	3680.76
-14.57	5.17	905.7769999999999	3633.9
-14.57	5.17	904.803	3640.94
-14.57	5.17	903.828	3735.2
-14.57	5.17	902.8539999999999	3839.69
-14.57	5.17	901.8789999999999	3574.86
-14.57	5.17	900.904	3620.36
-14.57	5.17	899.928	3542.8
-14.57	5.17	898.953	3672.88
-14.57	5.17	897.977	3436.45
-14.57	5.17	897.002	3425.58
-14.57	5.17	896.0260000000001	3535.12
-14.57	5.17	895.05	3542.16
-14.57	5.17	894.073	3262.4
-14.57	5.17	893.097	3484.55
-14.57	5.17	892.12	3450.65
-14.57	5.17	891.1439999999999	3311.82
-14.57	5.17	890.1669999999999	3334.25
-14.57	5.17	889.189	3343.88
-14.57	5.17	888.212	3440.48
-14.57	5.17	887.235	3329.88
-14.57	5.17	886.257	3237.22
-14.57	5.17	885.279	3459.06
-14.57	5.17	884.301	3376.64
-14.57	5.17	883.323	3393.92
-14.57	5.17	882.3439999999999	3229.77
-14.57	5.17	881.3660000000001	3367.14
-14.57	5.17	880.387	3453.38
-14.57	5.17	879.408	3388.91
-14.57	5.17	878.429	3298.93
-14.57	5.17	877.45	3270.25
-14.57	5.17	876.47	3407.49
-14.57	5.17	875.4910000000001	3243.54
-14.57	5.17	874.5110000000001	3342.46
-14.57	5.17	873.5310000000001	3395.43
-14.57	5.17	872.551	3374.41
-14.57	5.17	871.57	3238.64
-14.57	5.17	870.59	3220.21
-14.57	5.17	869.6089999999999	3385.32
-14.57	5.17	868.628	3412.75
-14.57	5.17	867.6469999999999	3320.39
-14.57	5.17	866.666	3271.38
-14.57	5.17	865.684	3469.48
-14.57	5.17	864.703	3290.57
-14.57	5.17	863.721	3228.86
-14.57	5.17	862.7389999999999	3429.4
-14.57	5.17	861.757	3380.42
-14.57	5.17	860.775	3272.91
-14.57	5.17	859.7919999999999	3274.86
-14.57	5.17	858.81	3365.86
-14.57	5.17	857.827	3332.18
-14.57	5.17	856.8439999999999	3359.55
-14.57	5.17	855.86	3297.92
-14.57	5.17	854.877	3409.18
-14.57	5.17	853.8939999999999	3322.14
-14.57	5.17	852.91	3148.73
-14.57	5.17	851.926	3295.53
-14.57	5.17	850.942	3421.95
-14.57	5.17	849.9580000000001	3296.87
-14.57	5.17	848.9730000000001	3268.34
-14.57	5.17	847.988	3364.23
-14.57	5.17	847.0039999999999	3465.16
-14.57	5.17	846.0189999999999	3302.09
-14.57	5.17	845.034	3238.05
-14.57	5.17	844.048	3371.93
-14.57	5.17	843.063	3389.08
-14.57	5.17	842.077	3241.36
-14.57	5.17	841.091	3184.98
-14.57	5.17	840.105	3351.74
-14.57	5.17	839.1189999999999	3417.04
-14.57	5.17	838.132	3284.63
-14.57	5.17	837.1460000000001	3281.5
-14.57	5.17	836.159	3285.97
-14.57	5.17	835.172	3300.57
-14.57	5.17	834.185	3345.56
-14.57	5.17	833.198	3271.52
-14.57	5.17	832.21	3415.23
-14.57	5.17	831.222	3262.73
-14.57	5.17	830.235	3153.32
-14.57	5.17	829.247	3428.55
-14.57	5.17	828.258	3276.13
-14.57	5.17	827.27	3295.77
-14.57	5.17	826.2810000000001	3244.6
-14.57	5.17	825.293	3365.37
-14.57	5.17	824.304	3458.3
-14.57	5.17	823.315	3268.1
-14.57	5.17	822.325	3297.83
-14.57	5.17	821.336	3342.71
-14.57	5.17	820.346	3430.52
-14.57	5.17	819.3560000000001	3316.24
-14.57	5.17	818.3660000000001	3315.64
-14.57	5.17	817.3760000000001	3357.96
-14.57	5.17	816.3860000000001	3367.44
-14.57	5.17	815.395	3238.11
-14.57	5.17	814.405	3363.69
-14.57	5.17	813.414	3272.26
-14.57	5.17	812.423	3322.11
-14.57	5.17	811.431	3318.98
-14.57	5.17	810.44	3320.9
-14.57	5.17	809.448	3340.47
-14.57	5.17	808.456	3123.08
-14.57	5.17	807.4639999999999	3238.44
-14.57	5.17	806.472	3300.85
-14.57	5.17	805.48	3312.84
-14.57	5.17	804.487	3095.62
-14.57	5.17	803.495	3299.04
-14.57	5.17	802.502	3331.18
-14.57	5.17	801.5089999999999	3197.14
-14.57	5.17	800.5160000000001	3206.63
-14.57	5.17	799.5219999999999	3382.2
-14.57	5.17	798.528	3152.63
-14.57	5.17	797.535	3247.64
-14.57	5.17	796.541	3242.02
-14.57	5.17	795.547	3296.75
-14.57	5.17	794.552	3306.21
-14.57	5.17	793.558	3212.6
-14.57	5.17	792.563	3224.58
-14.57	5.17	791.568	3382.3
-14.57	5.17	790.573	3271.14
-14.57	5.17	789.578	3265.52
-14.57	5.17	788.582	3209.67
-14.57	5.17	787.587	3394.9
-14.57	5.17	786.591	3286.33
-14.57	5.17	785.595	3200.39
-14.57	5.17	784.5989999999999	3302.7
-14.57	5.17	783.602	3324.68
-14.57	5.17	782.6060000000001	3241.29
-14.57	5.17	781.6089999999999	3283.34
-14.57	5.17	780.612	3330.39
-14.57	5.17	779.615	3349.84
-14.57	5.17	778.618	3161.21
-14.57	5.17	777.6210000000001	3223.29
-14.57	5.17	776.623	3495.86
-14.57	5.17	775.625	3334.87
-14.57	5.17	774.627	3193.97
-14.57	5.17	773.6289999999999	3291.07
-14.57	5.17	772.6310000000001	3438.21
-14.57	5.17	771.632	3197.23
-14.57	5.17	770.6339999999999	3206.66
-14.57	5.17	769.635	3308.69
-14.57	5.17	768.6360000000001	3300.58
-14.57	5.17	767.6360000000001	3252.44
-14.57	5.17	766.637	3269.36
-14.57	5.17	765.637	3318.78
-14.57	5.17	764.637	3353.18
-14.57	5.17	763.638	3340.07
-14.57	5.17	762.637	3306.96
-14.57	5.17	761.637	3413.82
-14.57	5.17	760.6360000000001	3203.31
-14.57	5.17	759.6360000000001	3290.16
-14.57	5.17	758.635	3137.2
-14.57	5.17	757.6339999999999	3298.95
-14.57	5.17	756.633	3233.43
-14.57	5.17	755.6310000000001	3207.87
-14.57	5.17	754.6289999999999	3299.64
-14.57	5.17	753.628	3406.34
-14.57	5.17	752.6260000000001	3308.41
-14.57	5.17	751.623	3332.75
-14.57	5.17	750.6210000000001	3392.0
-14.57	5.17	749.6189999999999	3473.67
-14.57	5.17	748.6160000000001	3158.89
-14.57	5.17	747.613	3390.14
-14.57	5.17	746.61	3491.71
-14.57	5.17	745.607	3321.62
-14.57	5.17	744.6030000000001	3223.85
-14.57	5.17	743.5989999999999	3425.03
-14.57	5.17	742.596	3484.17
-14.57	5.17	741.592	3344.1
-14.57	5.17	740.587	3340.99
-14.57	5.17	739.5830000000001	3315.49
-14.57	5.17	738.579	3426.87
-14.57	5.17	737.574	3349.11
-14.57	5.17	736.569	3234.06
-14.57	5.17	735.564	3499.61
-14.57	5.17	734.558	3277.64
-14.57	5.17	733.553	3262.13
-14.57	5.17	732.547	3430.57
-14.57	5.17	731.541	3439.89
-14.57	5.17	730.535	3290.16
-14.57	5.17	729.529	3369.06
-14.57	5.17	728.523	3447.93
-14.57	5.17	727.5160000000001	3340.5
-14.57	5.17	726.5089999999999	3277.81
-14.57	5.17	725.503	3299.56
-14.57	5.17	724.495	3433.0
-14.57	5.17	723.488	3261.12
-14.57	5.17	722.4810000000001	3171.2
-14.57	5.17	721.4730000000001	3242.56
-14.57	5.17	720.465	3423.04
-14.57	5.17	719.457	3298.41
-14.57	5.17	718.449	3273.01
-14.57	5.17	717.44	3406.29
-14.57	5.17	716.432	3390.79
-14.57	5.17	715.423	3241.48
-14.57	5.17	714.414	3322.65
-14.57	5.17	713.405	3319.56
-14.57	5.17	712.395	3321.43
-14.57	5.17	711.3860000000001	3276.25
-14.57	5.17	710.3760000000001	3198.89
-14.57	5.17	709.3660000000001	3383.97
-14.57	5.17	708.3560000000001	3289.29
-14.57	5.17	707.346	3174.86
-14.57	5.17	706.335	3446.43
-14.57	5.17	705.325	3401.27
-14.57	5.17	704.314	3257.2
-14.57	5.17	703.303	3288.75
-14.57	5.17	702.2919999999999	3505.71
-14.57	5.17	701.28	3329.57
-14.57	5.17	700.2689999999999	3326.48
-14.57	5.17	699.257	3241.86
-14.57	5.17	698.245	3347.5
-14.57	5.17	697.2330000000001	3346.88
-14.57	5.17	696.22	3158.58
-14.57	5.17	695.2080000000001	3264.18
-14.57	5.17	694.195	3103.11
-14.57	5.17	693.182	3304.94
-14.57	5.17	692.169	3252.51
-14.57	5.17	691.1560000000001	3385.14
-14.57	5.17	690.143	3359.85
-14.57	5.17	689.1289999999999	3253.18
-14.57	5.17	688.115	3306.84
-14.57	5.17	687.1010000000001	3335.81
-14.57	5.17	686.087	3118.28
-14.57	5.17	685.073	3236.01
-14.57	5.17	684.058	3341.37
-14.57	5.17	683.043	3375.25
-14.57	5.17	682.028	3209.59
-14.57	5.17	681.013	3297.66
-14.57	5.17	679.998	3353.69
-14.57	5.17	678.9830000000001	3247.21
-14.57	5.17	677.967	3167.85
-14.57	5.17	676.951	3204.18
-14.57	5.17	675.935	3427.5
-14.57	5.17	674.919	3323.55
-14.57	5.17	673.9019999999999	3310.64
-14.57	5.17	672.8860000000001	3410.86
-14.57	5.17	671.8689999999999	3439.73
-14.57	5.17	670.852	3338.31
-14.57	5.17	669.835	3308.2
-14.57	5.17	668.817	3430.46
-14.57	5.17	667.8	3380.69
-14.57	5.17	666.7819999999999	3365.33
-14.57	5.17	665.7639999999999	3313.14
-14.57	5.17	664.7460000000001	3354.27
-14.57	5.17	663.7280000000001	3424.85
-14.57	5.17	662.709	3264.67
-14.57	5.17	661.691	3494.77
-14.57	5.17	660.672	3523.57
-14.57	5.17	659.653	3304.58
-14.57	5.17	658.6339999999999	3357.93
-14.57	5.17	657.6139999999999	3438.24
-14.57	5.17	656.595	3530.78
-14.57	5.17	655.575	3454.14
-14.57	5.17	654.555	3453.5
-14.57	5.17	653.535	3612.15
-14.57	5.17	652.514	3442.43
-14.57	5.17	651.494	3378.1
-14.57	5.17	650.4730000000001	3458.31
-14.57	5.17	649.452	3636.43
-14.57	5.17	648.431	3398.27
-14.57	5.17	647.41	3549.42
-14.57	5.17	646.388	3587.92
-14.57	5.17	645.366	3648.43
-14.57	5.17	644.345	3403.11
-14.57	5.17	643.323	3400.04
-14.57	5.17	642.3	3563.27
-14.57	5.17	641.278	3406.12
-14.57	5.17	640.255	3378.6
-14.57	5.17	639.232	3461.08
-14.57	5.17	638.2090000000001	3494.66
-14.57	5.17	637.186	3401.17
-14.57	5.17	636.163	3361.45
-14.57	5.17	635.139	3451.2
-14.57	5.17	634.116	3379.75
-14.57	5.17	633.092	3303.44
-14.57	5.17	632.068	3539.62
-14.57	5.17	631.043	3368.12
-14.57	5.17	630.019	3306.49
-14.57	5.17	628.994	3310.76
-14.57	5.17	627.969	3334.54
-14.57	5.17	626.944	3465.63
-14.57	5.17	625.919	3330.87
-14.57	5.17	624.893	3342.45
-14.57	5.17	623.868	3363.77
-14.57	5.17	622.842	3389.96
-14.57	5.17	621.816	3325.98
-14.57	5.17	620.79	3388.71
-14.57	5.17	619.763	3470.9
-14.57	5.17	618.737	3260.82
-14.57	5.17	617.71	3240.74
-14.57	5.17	616.683	3405.68
-14.57	5.17	615.656	3273.62
-14.57	5.17	614.629	3314.38
-14.57	5.17	613.601	3287.01
-14.57	5.17	612.573	3617.23
-14.57	5.17	611.545	3426.86
-14.57	5.17	610.5169999999999	3450.54
-14.57	5.17	609.489	3496.1
-14.57	5.17	608.461	3449.27
-14.57	5.17	607.432	3322.25
-14.57	5.17	606.403	3462.57
-14.57	5.17	605.374	3406.06
-14.57	5.17	604.345	3502.59
-14.57	5.17	603.315	3329.51
-14.57	5.17	602.286	3464.87
-14.57	5.17	601.256	3374.41
-14.57	5.17	600.226	3291.26
