-1.15	15.75	1799.66	1191.95
-1.15	15.75	1798.84	1191.75
-1.15	15.75	1798.03	1249.6
-1.15	15.75	1797.21	1231.06
-1.15	15.75	1796.39	1252.23
-1.15	15.75	1795.57	1178.73
-1.15	15.75	1794.75	1239.6
-1.15	15.75	1793.93	1184.44
-1.15	15.75	1793.11	1223.92
-1.15	15.75	1792.29	1232.87
-1.15	15.75	1791.47	1165.53
-1.15	15.75	1790.65	1168.39
-1.15	15.75	1789.84	1137.69
-1.15	15.75	1789.02	1232.03
-1.15	15.75	1788.2	1228.78
-1.15	15.75	1787.38	1222.47
-1.15	15.75	1786.56	1188.74
-1.15	15.75	1785.73	1188.54
-1.15	15.75	1784.91	1194.43
-1.15	15.75	1784.09	1233.83
-1.15	15.75	1783.27	1184.89
-1.15	15.75	1782.45	1172.5
-1.15	15.75	1781.63	1138.81
-1.15	15.75	1780.81	1248.22
-1.15	15.75	1779.99	1263.23
-1.15	15.75	1779.17	1205.19
-1.15	15.75	1778.35	1223.24
-1.15	15.75	1777.52	1274.76
-1.15	15.75	1776.7	1253.25
-1.15	15.75	1775.88	1198.29
-1.15	15.75	1775.06	1252.82
-1.15	15.75	1774.24	1267.81
-1.15	15.75	1773.41	1246.32
-1.15	15.75	1772.59	1322.09
-1.15	15.75	1771.77	1251.98
-1.15	15.75	1770.95	1285.19
-1.15	15.75	1770.12	1254.59
-1.15	15.75	1769.3	1239.19
-1.15	15.75	1768.48	1330.08
-1.15	15.75	1767.65	1302.53
-1.15	15.75	1766.83	1278.03
-1.15	15.75	1766.01	1244.42
-1.15	15.75	1765.18	1314.01
-1.15	15.75	1764.36	1307.72
-1.15	15.75	1763.53	1319.63
-1.15	15.75	1762.71	1313.34
-1.15	15.75	1761.88	1222.14
-1.15	15.75	1761.06	1322.0
-1.15	15.75	1760.24	1309.65
-1.15	15.75	1759.41	1360.95
-1.15	15.75	1758.59	1354.66
-1.15	15.75	1757.76	1333.22
-1.15	15.75	1756.94	1354.2
-1.15	15.75	1756.11	1326.71
-1.15	15.75	1755.28	1278.03
-1.15	15.75	1754.46	1329.29
-1.15	15.75	1753.63	1319.98
-1.15	15.75	1752.81	1368.19
-1.15	15.75	1751.98	1346.77
-1.15	15.75	1751.16	1313.26
-1.15	15.75	1750.33	1367.49
-1.15	15.75	1749.5	1382.39
-1.15	15.75	1748.68	1379.13
-1.15	15.75	1747.85	1324.47
-1.15	15.75	1747.02	1312.15
-1.15	15.75	1746.2	1351.22
-1.15	15.75	1745.37	1405.4
-1.15	15.75	1744.54	1350.76
-1.15	15.75	1743.71	1317.3
-1.15	15.75	1742.89	1298.95
-1.15	15.75	1742.06	1316.85
-1.15	15.75	1741.23	1307.57
-1.15	15.75	1740.4	1343.58
-1.15	15.75	1739.57	1358.45
-1.15	15.75	1738.75	1210.32
-1.15	15.75	1737.92	1309.7
-1.15	15.75	1737.09	1351.72
-1.15	15.75	1736.26	1257.97
-1.15	15.75	1735.43	1393.49
-1.15	15.75	1734.6	1278.66
-1.15	15.75	1733.77	1380.96
-1.15	15.75	1732.94	1323.44
-1.15	15.75	1732.11	1392.54
-1.15	15.75	1731.28	1250.67
-1.15	15.75	1730.45	1364.95
-1.15	15.75	1729.62	1328.57
-1.15	15.75	1728.8	1316.3
-1.15	15.75	1727.96	1316.07
-1.15	15.75	1727.13	1376.07
-1.15	15.75	1726.3	1351.75
-1.15	15.75	1725.47	1363.56
-1.15	15.75	1724.64	1273.05
-1.15	15.75	1723.81	1384.16
-1.15	15.75	1722.98	1326.77
-1.15	15.75	1722.15	1371.66
-1.15	15.75	1721.32	1323.31
-1.15	15.75	1720.49	1314.06
-1.15	15.75	1719.66	1379.98
-1.15	15.75	1718.82	1424.84
-1.15	15.75	1717.99	1304.38
-1.15	15.75	1717.16	1433.37
-1.15	15.75	1716.33	1336.98
-1.15	15.75	1715.5	1345.77
-1.15	15.75	1714.66	1378.58
-1.15	15.75	1713.83	1315.28
-1.15	15.75	1713.0	1315.06
-1.15	15.75	1712.17	1305.83
-1.15	15.75	1711.33	1365.63
-1.15	15.75	1710.5	1395.41
-1.15	15.75	1709.67	1311.16
-1.15	15.75	1708.83	1292.94
-1.15	15.75	1708.0	1379.7
-1.15	15.75	1707.17	1367.47
-1.15	15.75	1706.33	1307.27
-1.15	15.75	1705.5	1376.0
-1.15	15.75	1704.66	1315.82
-1.15	15.75	1703.83	1414.49
-1.15	15.75	1703.0	1414.25
-1.15	15.75	1702.16	1327.13
-1.15	15.75	1701.33	1377.83
-1.15	15.75	1700.49	1419.52
-1.15	15.75	1699.66	1371.37
-1.15	15.75	1698.82	1371.14
-1.15	15.75	1697.99	1331.99
-1.15	15.75	1697.15	1373.66
-1.15	15.75	1696.32	1388.39
-1.15	15.75	1695.48	1352.25
-1.15	15.75	1694.64	1355.02
-1.15	15.75	1693.81	1363.76
-1.15	15.75	1692.97	1363.52
-1.15	15.75	1692.14	1482.88
-1.15	15.75	1691.3	1386.97
-1.15	15.75	1690.46	1398.69
-1.15	15.75	1689.63	1392.48
-1.15	15.75	1688.79	1434.07
-1.15	15.75	1687.95	1448.76
-1.15	15.75	1687.12	1475.39
-1.15	15.75	1686.28	1406.46
-1.15	15.75	1685.44	1397.26
-1.15	15.75	1684.6	1444.79
-1.15	15.75	1683.77	1417.68
-1.15	15.75	1682.93	1369.69
-1.15	15.75	1682.09	1524.61
-1.15	15.75	1681.25	1440.82
-1.15	15.75	1680.41	1479.35
-1.15	15.75	1679.58	1485.06
-1.15	15.75	1678.74	1362.56
-1.15	15.75	1677.9	1418.97
-1.15	15.75	1677.06	1457.48
-1.15	15.75	1676.22	1495.97
-1.15	15.75	1675.38	1394.41
-1.15	15.75	1674.54	1492.48
-1.15	15.75	1673.7	1516.05
-1.15	15.75	1672.86	1477.08
-1.15	15.75	1672.02	1444.08
-1.15	15.75	1671.18	1536.12
-1.15	15.75	1670.34	1586.45
-1.15	15.75	1669.5	1508.81
-1.15	15.75	1668.66	1449.04
-1.15	15.75	1667.82	1526.14
-1.15	15.75	1666.98	1481.27
-1.15	15.75	1666.14	1442.35
-1.15	15.75	1665.3	1391.56
-1.15	15.75	1664.46	1519.16
-1.15	15.75	1663.62	1512.95
-1.15	15.75	1662.78	1488.92
-1.15	15.75	1661.94	1426.27
-1.15	15.75	1661.1	1527.03
-1.15	15.75	1660.25	1532.71
-1.15	15.75	1659.41	1577.0
-1.15	15.75	1658.57	1505.47
-1.15	15.75	1657.73	1579.43
-1.15	15.75	1656.89	1546.51
-1.15	15.75	1656.04	1534.37
-1.15	15.75	1655.2	1596.43
-1.15	15.75	1654.36	1587.25
-1.15	15.75	1653.52	1524.69
-1.15	15.75	1652.67	1539.26
-1.15	15.75	1651.83	1613.13
-1.15	15.75	1650.99	1645.47
-1.15	15.75	1650.14	1636.29
-1.15	15.75	1649.3	1683.43
-1.15	15.75	1648.46	1683.15
-1.15	15.75	1647.61	1626.57
-1.15	15.75	1646.77	1611.48
-1.15	15.75	1645.92	1566.78
-1.15	15.75	1645.08	1625.73
-1.15	15.75	1644.24	1616.57
-1.15	15.75	1643.39	1728.79
-1.15	15.75	1642.55	1716.65
-1.15	15.75	1641.7	1710.44
-1.15	15.75	1640.86	1760.45
-1.15	15.75	1640.01	1774.94
-1.15	15.75	1639.17	1771.68
-1.15	15.75	1638.32	1759.54
-1.15	15.75	1637.48	1774.03
-1.15	15.75	1636.63	1850.58
-1.15	15.75	1635.78	1823.67
-1.15	15.75	1634.94	1858.82
-1.15	15.75	1634.09	1820.09
-1.15	15.75	1633.25	1864.09
-1.15	15.75	1632.4	1928.75
-1.15	15.75	1631.55	1878.22
-1.15	15.75	1630.71	1910.38
-1.15	15.75	1629.86	1948.43
-1.15	15.75	1629.01	2063.21
-1.15	15.75	1628.16	1921.2
-1.15	15.75	1627.32	1947.43
-1.15	15.75	1626.47	2017.9
-1.15	15.75	1625.62	2035.25
-1.15	15.75	1624.77	2146.97
-1.15	15.75	1623.93	1987.38
-1.15	15.75	1623.08	2205.2
-1.15	15.75	1622.23	2131.13
-1.15	15.75	1621.38	2086.56
-1.15	15.75	1620.53	2100.94
-1.15	15.75	1619.69	2162.44
-1.15	15.75	1618.84	2185.64
-1.15	15.75	1617.99	2211.77
-1.15	15.75	1617.14	2140.72
-1.15	15.75	1616.29	2125.63
-1.15	15.75	1615.44	2272.45
-1.15	15.75	1614.59	2189.65
-1.15	15.75	1613.74	2239.3
-1.15	15.75	1612.89	2206.56
-1.15	15.75	1612.04	2253.24
-1.15	15.75	1611.19	2261.68
-1.15	15.75	1610.34	2205.42
-1.15	15.75	1609.49	2202.11
-1.15	15.75	1608.64	2272.28
-1.15	15.75	1607.79	2374.76
-1.15	15.75	1606.94	2400.8
-1.15	15.75	1606.09	2215.29
-1.15	15.75	1605.24	2379.41
-1.15	15.75	1604.39	2334.95
-1.15	15.75	1603.54	2416.77
-1.15	15.75	1602.68	2287.17
-1.15	15.75	1601.83	2277.97
-1.15	15.75	1600.98	2295.19
-1.15	15.75	1600.13	2476.74
-1.15	15.75	1599.28	2294.4
-1.15	15.75	1598.42	2376.15
-1.15	15.75	1597.57	2331.75
-1.15	15.75	1596.72	2319.62
-1.15	15.75	1595.87	2401.32
-1.15	15.75	1595.01	2406.77
-1.15	15.75	1594.16	2467.91
-1.15	15.75	1593.31	2505.58
-1.15	15.75	1592.45	2534.45
-1.15	15.75	1591.6	2396.33
-1.15	15.75	1590.75	2354.91
-1.15	15.75	1589.89	2500.93
-1.15	15.75	1589.04	2430.23
-1.15	15.75	1588.19	2535.2
-1.15	15.75	1587.33	2449.89
-1.15	15.75	1586.48	2449.47
-1.15	15.75	1585.62	2528.05
-1.15	15.75	1584.77	2445.7
-1.15	15.75	1583.91	2518.4
-1.15	15.75	1583.06	2477.03
-1.15	15.75	1582.2	2435.67
-1.15	15.75	1581.35	2484.95
-1.15	15.75	1580.49	2592.67
-1.15	15.75	1579.64	2542.55
-1.15	15.75	1578.78	2442.76
-1.15	15.75	1577.93	2480.32
-1.15	15.75	1577.07	2476.97
-1.15	15.75	1576.21	2540.8
-1.15	15.75	1575.36	2335.97
-1.15	15.75	1574.5	2385.2
-1.15	15.75	1573.65	2446.08
-1.15	15.75	1572.79	2460.26
-1.15	15.75	1571.93	2375.21
-1.15	15.75	1571.08	2319.37
-1.15	15.75	1570.22	2391.9
-1.15	15.75	1569.36	2382.74
-1.15	15.75	1568.5	2385.24
-1.15	15.75	1567.65	2300.29
-1.15	15.75	1566.79	2331.96
-1.15	15.75	1565.93	2349.04
-1.15	15.75	1565.07	2421.49
-1.15	15.75	1564.21	2214.22
-1.15	15.75	1563.36	2455.61
-1.15	15.75	1562.5	2481.4
-1.15	15.75	1561.64	2352.85
-1.15	15.75	1560.78	2384.47
-1.15	15.75	1559.92	2346.22
-1.15	15.75	1559.06	2331.26
-1.15	15.75	1558.2	2421.07
-1.15	15.75	1557.34	2359.55
-1.15	15.75	1556.49	2420.24
-1.15	15.75	1555.63	2434.36
-1.15	15.75	1554.77	2425.22
-1.15	15.75	1553.91	2418.99
-1.15	15.75	1553.05	2302.29
-1.15	15.75	1552.19	2423.97
-1.15	15.75	1551.33	2388.68
-1.15	15.75	1550.47	2402.79
-1.15	15.75	1549.6	2257.13
-1.15	15.75	1548.74	2314.83
-1.15	15.75	1547.88	2404.46
-1.15	15.75	1547.02	2415.66
-1.15	15.75	1546.16	2235.26
-1.15	15.75	1545.3	2298.73
-1.15	15.75	1544.44	2367.98
-1.15	15.75	1543.58	2347.26
-1.15	15.75	1542.71	2230.82
-1.15	15.75	1541.85	2323.25
-1.15	15.75	1540.99	2302.55
-1.15	15.75	1540.13	2284.76
-1.15	15.75	1539.27	2290.16
-1.15	15.75	1538.4	2223.1
-1.15	15.75	1537.54	2274.88
-1.15	15.75	1536.68	2352.72
-1.15	15.75	1535.81	2361.01
-1.15	15.75	1534.95	2189.71
-1.15	15.75	1534.09	2284.9
-1.15	15.75	1533.23	2243.97
-1.15	15.75	1532.36	2263.85
-1.15	15.75	1531.5	2243.2
-1.15	15.75	1530.63	2205.19
-1.15	15.75	1529.77	2326.33
-1.15	15.75	1528.91	2270.97
-1.15	15.75	1528.04	2244.54
-1.15	15.75	1527.18	2160.29
-1.15	15.75	1526.31	2220.64
-1.15	15.75	1525.45	2275.18
-1.15	15.75	1524.58	2266.12
-1.15	15.75	1523.72	2173.25
-1.15	15.75	1522.85	2274.01
-1.15	15.75	1521.99	2186.95
-1.15	15.75	1521.12	2261.67
-1.15	15.75	1520.26	2157.31
-1.15	15.75	1519.39	2252.23
-1.15	15.75	1518.52	2248.95
-1.15	15.75	1517.66	2303.41
-1.15	15.75	1516.79	2187.57
-1.15	15.75	1515.93	2198.73
-1.15	15.75	1515.06	2244.51
-1.15	15.75	1514.19	2281.63
-1.15	15.75	1513.33	2226.44
-1.15	15.75	1512.46	2292.37
-1.15	15.75	1511.59	2294.86
-1.15	15.75	1510.72	2248.34
-1.15	15.75	1509.86	2245.07
-1.15	15.75	1508.99	2290.79
-1.15	15.75	1508.12	2261.58
-1.15	15.75	1507.25	2241.03
-1.15	15.75	1506.38	2352.96
-1.15	15.75	1505.52	2289.21
-1.15	15.75	1504.65	2098.8
-1.15	15.75	1503.78	2297.05
-1.15	15.75	1502.91	2247.73
-1.15	15.75	1502.04	2264.61
-1.15	15.75	1501.17	2137.63
-1.15	15.75	1500.3	2232.18
-1.15	15.75	1499.44	2303.7
-1.15	15.75	1498.57	2202.66
-1.15	15.75	1497.7	2248.28
-1.15	15.75	1496.83	2282.38
-1.15	15.75	1495.96	2244.63
-1.15	15.75	1495.09	2258.61
-1.15	15.75	1494.22	2111.69
-1.15	15.75	1493.35	2171.65
-1.15	15.75	1492.48	2240.2
-1.15	15.75	1491.61	2414.98
-1.15	15.75	1490.73	2314.08
-1.15	15.75	1489.86	2250.52
-1.15	15.75	1488.99	2339.11
-1.15	15.75	1488.12	2298.53
-1.15	15.75	1487.25	2352.64
-1.15	15.75	1486.38	2240.36
-1.15	15.75	1485.51	2308.81
-1.15	15.75	1484.63	2351.42
-1.15	15.75	1483.76	2382.55
-1.15	15.75	1482.89	2293.28
-1.15	15.75	1482.02	2424.72
-1.15	15.75	1481.15	2438.63
-1.15	15.75	1480.27	2466.86
-1.15	15.75	1479.4	2414.87
-1.15	15.75	1478.53	2382.95
-1.15	15.75	1477.65	2393.99
-1.15	15.75	1476.78	2519.55
-1.15	15.75	1475.91	2424.65
-1.15	15.75	1475.03	2329.78
-1.15	15.75	1474.16	2360.85
-1.15	15.75	1473.29	2423.39
-1.15	15.75	1472.41	2500.21
-1.15	15.75	1471.54	2285.26
-1.15	15.75	1470.67	2396.39
-1.15	15.75	1469.79	2384.54
-1.15	15.75	1468.92	2429.87
-1.15	15.75	1468.04	2335.13
-1.15	15.75	1467.17	2223.27
-1.15	15.75	1466.29	2331.46
-1.15	15.75	1465.42	2428.19
-1.15	15.75	1464.54	2276.39
-1.15	15.75	1463.67	2301.69
-1.15	15.75	1462.79	2318.43
-1.15	15.75	1461.91	2349.43
-1.15	15.75	1461.04	2289.08
-1.15	15.75	1460.16	2208.78
-1.15	15.75	1459.29	2214.1
-1.15	15.75	1458.41	2359.21
-1.15	15.75	1457.53	2244.71
-1.15	15.75	1456.66	2238.62
-1.15	15.75	1455.78	2215.42
-1.15	15.75	1454.9	2283.45
-1.15	15.75	1454.03	2206.1
-1.15	15.75	1453.15	2254.17
-1.15	15.75	1452.27	2171.15
-1.15	15.75	1451.39	2336.0
-1.15	15.75	1450.52	2284.32
-1.15	15.75	1449.64	2272.54
-1.15	15.75	1448.76	2203.81
-1.15	15.75	1447.88	2300.22
-1.15	15.75	1447.0	2351.05
-1.15	15.75	1446.13	2384.79
-1.15	15.75	1445.25	2321.78
-1.15	15.75	1444.37	2255.95
-1.15	15.75	1443.49	2318.13
-1.15	15.75	1442.61	2306.36
-1.15	15.75	1441.73	2206.44
-1.15	15.75	1440.85	2140.67
-1.15	15.75	1439.97	2271.05
-1.15	15.75	1439.09	2259.28
-1.15	15.75	1438.21	2187.86
-1.15	15.75	1437.33	2190.32
-1.15	15.75	1436.45	2164.38
-1.15	15.75	1435.57	2200.92
-1.15	15.75	1434.69	2200.54
-1.15	15.75	1433.81	2106.47
-1.15	15.75	1432.93	2188.42
-1.15	15.75	1432.05	2196.55
-1.15	15.75	1431.17	2074.16
-1.15	15.75	1430.29	2076.64
-1.15	15.75	1429.41	2104.64
-1.15	15.75	1428.52	2229.06
-1.15	15.75	1427.64	2191.81
-1.15	15.75	1426.76	2109.22
-1.15	15.75	1425.88	2091.84
-1.15	15.75	1425.0	2216.17
-1.15	15.75	1424.11	2136.45
-1.15	15.75	1423.23	2008.6
-1.15	15.75	1422.35	2107.38
-1.15	15.75	1421.47	2101.35
-1.15	15.75	1420.58	2259.55
-1.15	15.75	1419.7	2075.14
-1.15	15.75	1418.82	2069.12
-1.15	15.75	1417.93	2170.64
-1.15	15.75	1417.05	2156.12
-1.15	15.75	1416.17	2167.06
-1.15	15.75	1415.28	2132.74
-1.15	15.75	1414.4	2101.26
-1.15	15.75	1413.51	2247.93
-1.15	15.75	1412.63	2154.25
-1.15	15.75	1411.75	2080.38
-1.15	15.75	1410.86	2161.97
-1.15	15.75	1409.98	2153.12
-1.15	15.75	1409.09	2285.53
-1.15	15.75	1408.21	2121.3
-1.15	15.75	1407.32	2250.84
-1.15	15.75	1406.44	2267.39
-1.15	15.75	1405.55	2219.01
-1.15	15.75	1404.66	2207.33
-1.15	15.75	1403.78	2127.92
-1.15	15.75	1402.89	2353.29
-1.15	15.75	1402.01	2313.38
-1.15	15.75	1401.12	2349.65
-1.15	15.75	1400.23	2216.69
-1.15	15.75	1399.35	2213.48
-1.15	15.75	1398.46	2407.63
-1.15	15.75	1397.57	2294.46
-1.15	15.75	1396.69	2198.24
-1.15	15.75	1395.8	2276.75
-1.15	15.75	1394.91	2262.27
-1.15	15.75	1394.02	2312.58
-1.15	15.75	1393.14	2207.97
-1.15	15.75	1392.25	2187.88
-1.15	15.75	1391.36	2300.11
-1.15	15.75	1390.47	2271.56
-1.15	15.75	1389.58	2175.48
-1.15	15.75	1388.7	2259.51
-1.15	15.75	1387.81	2259.12
-1.15	15.75	1386.92	2236.22
-1.15	15.75	1386.03	2210.52
-1.15	15.75	1385.14	2235.44
-1.15	15.75	1384.25	2209.75
-1.15	15.75	1383.36	2234.66
-1.15	15.75	1382.47	2298.91
-1.15	15.75	1381.58	2329.42
-1.15	15.75	1380.69	2435.77
-1.15	15.75	1379.8	2292.09
-1.15	15.75	1378.91	2224.29
-1.15	15.75	1378.02	2271.64
-1.15	15.75	1377.13	2333.01
-1.15	15.75	1376.24	2444.88
-1.15	15.75	1375.35	2424.81
-1.15	15.75	1374.46	2345.82
-1.15	15.75	1373.57	2376.27
-1.15	15.75	1372.68	2417.93
-1.15	15.75	1371.78	2364.22
-1.15	15.75	1370.89	2450.73
-1.15	15.75	1370.0	2450.31
-1.15	15.75	1369.11	2396.62
-1.15	15.75	1368.22	2441.04
-1.15	15.75	1367.33	2493.86
-1.15	15.75	1366.43	2454.2
-1.15	15.75	1365.54	2414.55
-1.15	15.75	1364.65	2565.37
-1.15	15.75	1363.76	2466.91
-1.15	15.75	1362.86	2480.48
-1.15	15.75	1361.97	2480.05
-1.15	15.75	1361.08	2555.18
-1.15	15.75	1360.18	2549.14
-1.15	15.75	1359.29	2397.62
-1.15	15.75	1358.4	2651.74
-1.15	15.75	1357.5	2558.99
-1.15	15.75	1356.61	2589.3
-1.15	15.75	1355.71	2552.5
-1.15	15.75	1354.82	2633.12
-1.15	15.75	1353.92	2671.79
-1.15	15.75	1353.03	2646.17
-1.15	15.75	1352.13	2612.18
-1.15	15.75	1351.24	2843.57
-1.15	15.75	1350.34	2692.26
-1.15	15.75	1349.45	2789.52
-1.15	15.75	1348.55	2738.78
-1.15	15.75	1347.66	2665.73
-1.15	15.75	1346.76	2804.81
-1.15	15.75	1345.87	2837.8
-1.15	15.75	1344.97	2756.4
-1.15	15.75	1344.07	2769.86
-1.15	15.75	1343.18	2922.77
-1.15	15.75	1342.28	2980.81
-1.15	15.75	1341.38	2829.74
-1.15	15.75	1340.49	2806.95
-1.15	15.75	1339.59	2864.99
-1.15	15.75	1338.69	2917.43
-1.15	15.75	1337.8	2869.56
-1.15	15.75	1336.9	2832.84
-1.15	15.75	1336.0	2843.49
-1.15	15.75	1335.1	2934.88
-1.15	15.75	1334.2	2839.71
-1.15	15.75	1333.31	2755.7
-1.15	15.75	1332.41	2838.71
-1.15	15.75	1331.51	2804.83
-1.15	15.75	1330.61	2846.07
-1.15	15.75	1329.71	2812.19
-1.15	15.75	1328.81	2753.29
-1.15	15.75	1327.91	2830.67
-1.15	15.75	1327.02	2838.51
-1.15	15.75	1326.12	2732.39
-1.15	15.75	1325.22	2690.23
-1.15	15.75	1324.32	2923.16
-1.15	15.75	1323.42	2861.53
-1.15	15.75	1322.52	2794.37
-1.15	15.75	1321.62	2802.21
-1.15	15.75	1320.72	2860.03
-1.15	15.75	1319.82	2876.18
-1.15	15.75	1318.91	2795.18
-1.15	15.75	1318.01	2728.09
-1.15	15.75	1317.11	2858.02
-1.15	15.75	1316.21	2843.65
-1.15	15.75	1315.31	2854.25
-1.15	15.75	1314.41	2762.23
-1.15	15.75	1313.51	2808.88
-1.15	15.75	1312.61	2927.6
-1.15	15.75	1311.7	2849.48
-1.15	15.75	1310.8	2743.67
-1.15	15.75	1309.9	2707.16
-1.15	15.75	1309.0	2861.83
-1.15	15.75	1308.09	2733.91
-1.15	15.75	1307.19	2714.05
-1.15	15.75	1306.29	2608.35
-1.15	15.75	1305.39	2635.58
-1.15	15.75	1304.48	2660.03
-1.15	15.75	1303.58	2604.21
-1.15	15.75	1302.68	2562.25
-1.15	15.75	1301.77	2705.66
-1.15	15.75	1300.87	2669.23
-1.15	15.75	1299.96	2538.78
-1.15	15.75	1299.06	2499.62
-1.15	15.75	1298.16	2615.3
-1.15	15.75	1297.25	2675.65
-1.15	15.75	1296.35	2448.56
-1.15	15.75	1295.44	2602.87
-1.15	15.75	1294.54	2599.65
-1.15	15.75	1293.63	2463.85
-1.15	15.75	1292.73	2502.08
-1.15	15.75	1291.82	2449.18
-1.15	15.75	1290.92	2492.92
-1.15	15.75	1290.01	2464.88
-1.15	15.75	1289.1	2398.21
-1.15	15.75	1288.2	2464.01
-1.15	15.75	1287.29	2416.68
-1.15	15.75	1286.39	2457.63
-1.15	15.75	1285.48	2435.14
-1.15	15.75	1284.57	2230.67
-1.15	15.75	1283.67	2420.5
-1.15	15.75	1282.76	2458.66
-1.15	15.75	1281.85	2372.8
-1.15	15.75	1280.94	2336.56
-1.15	15.75	1280.04	2369.21
-1.15	15.75	1279.13	2396.34
-1.15	15.75	1278.22	2412.44
-1.15	15.75	1277.31	2365.21
-1.15	15.75	1276.41	2419.85
-1.15	15.75	1275.5	2441.45
-1.15	15.75	1274.59	2314.42
-1.15	15.75	1273.68	2344.28
-1.15	15.75	1272.77	2286.1
-1.15	15.75	1271.86	2244.44
-1.15	15.75	1270.95	2387.05
-1.15	15.75	1270.04	2370.13
-1.15	15.75	1269.13	2136.04
-1.15	15.75	1268.23	2270.35
-1.15	15.75	1267.32	2269.95
-1.15	15.75	1266.41	2178.88
-1.15	15.75	1265.5	2153.77
-1.15	15.75	1264.59	2285.23
-1.15	15.75	1263.67	2172.24
-1.15	15.75	1262.76	2163.62
-1.15	15.75	1261.85	2204.42
-1.15	15.75	1260.94	2116.2
-1.15	15.75	1260.03	2239.32
-1.15	15.75	1259.12	2104.48
-1.15	15.75	1258.21	2211.09
-1.15	15.75	1257.3	2114.71
-1.15	15.75	1256.39	2122.56
-1.15	15.75	1255.47	2061.87
-1.15	15.75	1254.56	2160.19
-1.15	15.75	1253.65	2137.89
-1.15	15.75	1252.74	2151.21
-1.15	15.75	1251.83	2068.64
-1.15	15.75	1250.91	2092.93
-1.15	15.75	1250.0	2084.34
-1.15	15.75	1249.09	2155.17
-1.15	15.75	1248.17	2034.32
-1.15	15.75	1247.26	2173.58
-1.15	15.75	1246.35	2129.4
-1.15	15.75	1245.43	2200.18
-1.15	15.75	1244.52	2046.57
-1.15	15.75	1243.61	2073.57
-1.15	15.75	1242.69	2029.44
-1.15	15.75	1241.78	2078.31
-1.15	15.75	1240.86	1881.08
-1.15	15.75	1239.95	2014.7
-1.15	15.75	1239.03	2033.48
-1.15	15.75	1238.12	2098.7
-1.15	15.75	1237.2	1999.97
-1.15	15.75	1236.29	1983.23
-1.15	15.75	1235.37	2053.89
-1.15	15.75	1234.46	2157.3
-1.15	15.75	1233.54	2064.09
-1.15	15.75	1232.63	1938.16
-1.15	15.75	1231.71	1986.94
-1.15	15.75	1230.8	2041.17
-1.15	15.75	1229.88	2119.93
-1.15	15.75	1228.96	2130.47
-1.15	15.75	1228.05	2111.0
-1.15	15.75	1227.13	2143.35
-1.15	15.75	1226.21	2112.98
-1.15	15.75	1225.3	2011.75
-1.15	15.75	1224.38	1973.24
-1.15	15.75	1223.46	2073.71
-1.15	15.75	1222.54	1999.79
-1.15	15.75	1221.63	1942.23
-1.15	15.75	1220.71	2053.55
-1.15	15.75	1219.79	2006.9
-1.15	15.75	1218.87	2058.27
-1.15	15.75	1217.95	1995.3
-1.15	15.75	1217.03	1967.73
-1.15	15.75	1216.12	2054.46
-1.15	15.75	1215.2	1953.43
-1.15	15.75	1214.28	2007.49
-1.15	15.75	1213.36	1974.5
-1.15	15.75	1212.44	1908.89
-1.15	15.75	1211.52	1943.9
-1.15	15.75	1210.6	1829.39
-1.15	15.75	1209.68	1853.53
-1.15	15.75	1208.76	2008.08
-1.15	15.75	1207.84	1942.53
-1.15	15.75	1206.92	1928.6
-1.15	15.75	1206.0	1895.67
-1.15	15.75	1205.08	1936.07
-1.15	15.75	1204.16	1900.43
-1.15	15.75	1203.24	1962.53
-1.15	15.75	1202.31	1962.18
-1.15	15.75	1201.39	1934.7
-1.15	15.75	1200.47	1972.34
-1.15	15.75	1199.55	1906.89
-1.15	15.75	1198.63	1789.93
-1.15	15.75	1197.71	1917.06
-1.15	15.75	1196.78	1916.72
-1.15	15.75	1195.86	1802.54
-1.15	15.75	1194.94	1796.8
-1.15	15.75	1194.02	1858.8
-1.15	15.75	1193.09	1901.82
-1.15	15.75	1192.17	1912.32
-1.15	15.75	1191.25	1841.57
-1.15	15.75	1190.32	1892.69
-1.15	15.75	1189.4	1930.26
-1.15	15.75	1188.48	1859.54
-1.15	15.75	1187.55	1856.5
-1.15	15.75	1186.63	1845.35
-1.15	15.75	1185.71	1901.84
-1.15	15.75	1184.78	1850.11
-1.15	15.75	1183.86	1784.88
-1.15	15.75	1182.93	1825.12
-1.15	15.75	1182.01	1868.05
-1.15	15.75	1181.08	1810.96
-1.15	15.75	1180.16	1724.16
-1.15	15.75	1179.23	1769.79
-1.15	15.75	1178.31	1899.15
-1.15	15.75	1177.38	1861.0
-1.15	15.75	1176.46	1841.76
-1.15	15.75	1175.53	1900.84
-1.15	15.75	1174.6	1857.31
-1.15	15.75	1173.68	1851.58
-1.15	15.75	1172.75	1824.27
-1.15	15.75	1171.82	1745.7
-1.15	15.75	1170.9	1850.6
-1.15	15.75	1169.97	1850.27
-1.15	15.75	1169.04	1866.12
-1.15	15.75	1168.12	1903.54
-1.15	15.75	1167.19	1846.59
-1.15	15.75	1166.26	1786.97
-1.15	15.75	1165.33	1678.86
-1.15	15.75	1164.41	1754.0
-1.15	15.75	1163.48	1856.06
-1.15	15.75	1162.55	1818.02
-1.15	15.75	1161.62	1788.08
-1.15	15.75	1160.69	1895.46
-1.15	15.75	1159.76	1892.43
-1.15	15.75	1158.84	1862.49
-1.15	15.75	1157.91	1773.35
-1.15	15.75	1156.98	1872.59
-1.15	15.75	1156.05	1796.94
-1.15	15.75	1155.12	1845.03
-1.15	15.75	1154.19	1729.07
-1.15	15.75	1153.26	1798.67
-1.15	15.75	1152.33	1865.55
-1.15	15.75	1151.4	1827.59
-1.15	15.75	1150.47	1760.09
-1.15	15.75	1149.54	1832.32
-1.15	15.75	1148.61	1842.74
-1.15	15.75	1147.68	1807.5
-1.15	15.75	1146.75	1715.88
-1.15	15.75	1145.81	1790.75
-1.15	15.75	1144.88	1811.9
-1.15	15.75	1143.95	1948.46
-1.15	15.75	1143.02	1744.18
-1.15	15.75	1142.09	1666.06
-1.15	15.75	1141.16	1730.15
-1.15	15.75	1140.22	1732.52
-1.15	15.75	1139.29	1718.81
-1.15	15.75	1138.36	1823.06
-1.15	15.75	1137.43	1876.35
-1.15	15.75	1136.49	1827.77
-1.15	15.75	1135.56	1792.61
-1.15	15.75	1134.63	1934.28
-1.15	15.75	1133.69	1856.26
-1.15	15.75	1132.76	1826.47
-1.15	15.75	1131.83	1836.86
-1.15	15.75	1130.89	1823.15
-1.15	15.75	1129.96	1951.3
-1.15	15.75	1129.02	1811.79
-1.15	15.75	1128.09	1798.09
-1.15	15.75	1127.16	1853.95
-1.15	15.75	1126.22	1925.84
-1.15	15.75	1125.29	1850.62
-1.15	15.75	1124.35	1756.71
-1.15	15.75	1123.42	2010.37
-1.15	15.75	1122.48	1871.02
-1.15	15.75	1121.55	1862.67
-1.15	15.75	1120.61	1870.35
-1.15	15.75	1119.67	1915.43
-1.15	15.75	1118.74	1936.46
-1.15	15.75	1117.8	1872.03
-1.15	15.75	1116.87	1855.67
-1.15	15.75	1115.93	1988.82
-1.15	15.75	1114.99	1969.78
-1.15	15.75	1114.06	1902.72
-1.15	15.75	1113.12	1841.01
-1.15	15.75	1112.18	2014.08
-1.15	15.75	1111.24	1992.39
-1.15	15.75	1110.31	2005.37
-1.15	15.75	1109.37	1909.02
-1.15	15.75	1108.43	1977.99
-1.15	15.75	1107.49	2030.95
-1.15	15.75	1106.55	1876.03
-1.15	15.75	1105.62	1960.95
-1.15	15.75	1104.68	2000.56
-1.15	15.75	1103.74	2010.86
-1.15	15.75	1102.8	1973.22
-1.15	15.75	1101.86	1943.58
-1.15	15.75	1100.92	1935.25
-1.15	15.75	1099.98	1940.23
-1.15	15.75	1099.04	1990.44
-1.15	15.75	1098.1	1830.45
-1.15	15.75	1097.16	1917.91
-1.15	15.75	1096.22	1917.57
-1.15	15.75	1095.28	1763.0
-1.15	15.75	1094.34	1797.25
-1.15	15.75	1093.4	1887.3
-1.15	15.75	1092.46	1857.73
-1.15	15.75	1091.52	1753.77
-1.15	15.75	1090.58	1790.65
-1.15	15.75	1089.64	1747.83
-1.15	15.75	1088.7	1893.59
-1.15	15.75	1087.76	1659.58
-1.15	15.75	1086.81	1728.31
-1.15	15.75	1085.87	1704.12
-1.15	15.75	1084.93	1751.58
-1.15	15.75	1083.99	1751.27
-1.15	15.75	1083.05	1727.08
-1.15	15.75	1082.1	1718.82
-1.15	15.75	1081.16	1699.95
-1.15	15.75	1080.22	1707.6
-1.15	15.75	1079.28	1701.99
-1.15	15.75	1078.33	1791.81
-1.15	15.75	1077.39	1738.49
-1.15	15.75	1076.45	1682.53
-1.15	15.75	1075.5	1650.44
-1.15	15.75	1074.56	1726.96
-1.15	15.75	1073.61	1798.16
-1.15	15.75	1072.67	1676.04
-1.15	15.75	1071.73	1649.26
-1.15	15.75	1070.78	1715.14
-1.15	15.75	1069.84	1635.44
-1.15	15.75	1068.89	1733.05
-1.15	15.75	1067.95	1703.64
-1.15	15.75	1067.0	1729.79
-1.15	15.75	1066.06	1668.65
-1.15	15.75	1065.11	1676.29
-1.15	15.75	1064.16	1633.69
-1.15	15.75	1063.22	1712.69
-1.15	15.75	1062.27	1717.67
-1.15	15.75	1061.33	1640.74
-1.15	15.75	1060.38	1598.19
-1.15	15.75	1059.43	1669.21
-1.15	15.75	1058.49	1676.84
-1.15	15.75	1057.54	1629.01
-1.15	15.75	1056.59	1652.48
-1.15	15.75	1055.65	1678.58
-1.15	15.75	1054.7	1633.42
-1.15	15.75	1053.75	1680.61
-1.15	15.75	1052.8	1648.66
-1.15	15.75	1051.85	1664.19
-1.15	15.75	1050.91	1650.71
-1.15	15.75	1049.96	1555.5
-1.15	15.75	1049.01	1647.48
-1.15	15.75	1048.06	1771.06
-1.15	15.75	1047.11	1636.35
-1.15	15.75	1046.16	1609.71
-1.15	15.75	1045.21	1622.6
-1.15	15.75	1044.27	1606.5
-1.15	15.75	1043.32	1569.35
-1.15	15.75	1042.37	1645.42
-1.15	15.75	1041.42	1700.4
-1.15	15.75	1040.47	1586.93
-1.15	15.75	1039.52	1560.34
-1.15	15.75	1038.57	1602.15
-1.15	15.75	1037.62	1575.56
-1.15	15.75	1036.67	1567.39
-1.15	15.75	1035.71	1609.18
-1.15	15.75	1034.76	1637.81
-1.15	15.75	1033.81	1598.09
-1.15	15.75	1032.86	1631.97
-1.15	15.75	1031.91	1542.34
-1.15	15.75	1030.96	1563.08
-1.15	15.75	1030.01	1675.74
-1.15	15.75	1029.05	1696.45
-1.15	15.75	1028.1	1612.13
-1.15	15.75	1027.15	1546.21
-1.15	15.75	1026.2	1635.17
-1.15	15.75	1025.24	1511.54
-1.15	15.75	1024.29	1589.98
-1.15	15.75	1023.34	1469.03
-1.15	15.75	1022.39	1660.23
-1.15	15.75	1021.43	1562.91
-1.15	15.75	1020.48	1586.22
-1.15	15.75	1019.52	1646.23
-1.15	15.75	1018.57	1559.45
-1.15	15.75	1017.62	1590.61
-1.15	15.75	1016.66	1569.37
-1.15	15.75	1015.71	1548.13
-1.15	15.75	1014.75	1547.85
-1.15	15.75	1013.8	1563.29
-1.15	15.75	1012.84	1528.97
-1.15	15.75	1011.89	1594.14
-1.15	15.75	1010.93	1656.66
-1.15	15.75	1009.98	1554.31
-1.15	15.75	1009.02	1569.73
-1.15	15.75	1008.07	1655.77
-1.15	15.75	1007.11	1621.48
-1.15	15.75	1006.16	1597.65
-1.15	15.75	1005.2	1615.67
-1.15	15.75	1004.24	1599.69
-1.15	15.75	1003.29	1622.93
-1.15	15.75	1002.33	1609.57
-1.15	15.75	1001.37	1590.99
-1.15	15.75	1000.41	1627.28
-1.15	15.75	999.4580000000001	1673.99
-1.15	15.75	998.5	1571.86
-1.15	15.75	997.543	1521.98
-1.15	15.75	996.585	1626.11
-1.15	15.75	995.627	1662.35
-1.15	15.75	994.669	1604.65
-1.15	15.75	993.71	1596.54
-1.15	15.75	992.752	1653.63
-1.15	15.75	991.793	1695.06
-1.15	15.75	990.834	1538.32
-1.15	15.75	989.875	1577.14
-1.15	15.75	988.916	1566.44
-1.15	15.75	987.957	1613.06
-1.15	15.75	986.997	1576.29
-1.15	15.75	986.0369999999999	1622.9
-1.15	15.75	985.078	1638.24
-1.15	15.75	984.118	1637.94
-1.15	15.75	983.1569999999999	1624.63
-1.15	15.75	982.197	1587.89
-1.15	15.75	981.2360000000001	1678.7
-1.15	15.75	980.2760000000001	1639.37
-1.15	15.75	979.315	1615.66
-1.15	15.75	978.3539999999999	1560.74
-1.15	15.75	977.3919999999999	1586.47
-1.15	15.75	976.431	1578.38
-1.15	15.75	975.4689999999999	1536.5
-1.15	15.75	974.508	1596.01
-1.15	15.75	973.546	1647.7
-1.15	15.75	972.584	1663.0
-1.15	15.75	971.6210000000001	1579.56
-1.15	15.75	970.659	1613.05
-1.15	15.75	969.696	1589.38
-1.15	15.75	968.7330000000001	1615.06
-1.15	15.75	967.77	1557.66
-1.15	15.75	966.807	1640.44
-1.15	15.75	965.8439999999999	1601.22
-1.15	15.75	964.88	1564.6
-1.15	15.75	963.9169999999999	1639.55
-1.15	15.75	962.953	1532.91
-1.15	15.75	961.9889999999999	1605.25
-1.15	15.75	961.025	1571.25
-1.15	15.75	960.06	1547.64
-1.15	15.75	959.096	1492.93
-1.15	15.75	958.1310000000001	1601.5
-1.15	15.75	957.166	1564.94
-1.15	15.75	956.201	1530.98
-1.15	15.75	955.2360000000001	1569.56
-1.15	15.75	954.27	1579.63
-1.15	15.75	953.305	1574.17
-1.15	15.75	952.3389999999999	1467.75
-1.15	15.75	951.373	1617.6
-1.15	15.75	950.4069999999999	1534.51
-1.15	15.75	949.441	1500.6
-1.15	15.75	948.4739999999999	1559.82
-1.15	15.75	947.508	1587.99
-1.15	15.75	946.541	1688.55
-1.15	15.75	945.574	1432.29
-1.15	15.75	944.607	1538.02
-1.15	15.75	943.6389999999999	1643.7
-1.15	15.75	942.672	1638.24
-1.15	15.75	941.704	1488.1
-1.15	15.75	940.7360000000001	1562.74
-1.15	15.75	939.768	1596.03
-1.15	15.75	938.8	1538.94
-1.15	15.75	937.832	1543.82
-1.15	15.75	936.863	1610.66
-1.15	15.75	935.8939999999999	1620.69
-1.15	15.75	934.926	1566.21
-1.15	15.75	933.956	1506.59
-1.15	15.75	932.987	1550.17
-1.15	15.75	932.018	1537.0
-1.15	15.75	931.048	1516.09
-1.15	15.75	930.078	1477.15
-1.15	15.75	929.1080000000001	1512.97
-1.15	15.75	928.138	1528.16
-1.15	15.75	927.168	1535.61
-1.15	15.75	926.198	1568.82
-1.15	15.75	925.227	1480.97
-1.15	15.75	924.2560000000001	1568.26
-1.15	15.75	923.285	1457.26
-1.15	15.75	922.314	1549.67
-1.15	15.75	921.3430000000001	1616.31
-1.15	15.75	920.3710000000001	1554.26
-1.15	15.75	919.3989999999999	1417.62
-1.15	15.75	918.427	1515.11
-1.15	15.75	917.455	1610.0
-1.15	15.75	916.4830000000001	1550.56
-1.15	15.75	915.5110000000001	1462.87
-1.15	15.75	914.538	1568.0
-1.15	15.75	913.565	1575.43
-1.15	15.75	912.5930000000001	1480.07
-1.15	15.75	911.6189999999999	1585.13
-1.15	15.75	910.6460000000001	1523.2
-1.15	15.75	909.673	1587.13
-1.15	15.75	908.699	1491.84
-1.15	15.75	907.725	1519.81
-1.15	15.75	906.7510000000001	1514.4
-1.15	15.75	905.7769999999999	1470.5
-1.15	15.75	904.803	1459.97
-1.15	15.75	903.828	1508.45
-1.15	15.75	902.8539999999999	1492.78
-1.15	15.75	901.8789999999999	1510.47
-1.15	15.75	900.904	1440.97
-1.15	15.75	899.928	1481.72
-1.15	15.75	898.953	1499.39
-1.15	15.75	897.977	1435.06
-1.15	15.75	897.002	1498.85
-1.15	15.75	896.0260000000001	1503.71
-1.15	15.75	895.05	1541.85
-1.15	15.75	894.073	1439.14
-1.15	15.75	893.097	1415.84
-1.15	15.75	892.12	1507.74
-1.15	15.75	891.1439999999999	1461.4
-1.15	15.75	890.1669999999999	1471.37
-1.15	15.75	889.189	1529.95
-1.15	15.75	888.212	1552.69
-1.15	15.75	887.235	1529.39
-1.15	15.75	886.257	1431.95
-1.15	15.75	885.279	1503.27
-1.15	15.75	884.301	1467.21
-1.15	15.75	883.323	1472.06
-1.15	15.75	882.3439999999999	1441.13
-1.15	15.75	881.3660000000001	1522.62
-1.15	15.75	880.387	1496.8
-1.15	15.75	879.408	1473.55
-1.15	15.75	878.429	1473.28
-1.15	15.75	877.45	1475.57
-1.15	15.75	876.47	1516.14
-1.15	15.75	875.4910000000001	1485.24
-1.15	15.75	874.5110000000001	1543.66
-1.15	15.75	873.5310000000001	1545.93
-1.15	15.75	872.551	1629.82
-1.15	15.75	871.57	1637.17
-1.15	15.75	870.59	1547.64
-1.15	15.75	869.6089999999999	1595.79
-1.15	15.75	868.628	1552.17
-1.15	15.75	867.6469999999999	1495.83
-1.15	15.75	866.666	1561.8
-1.15	15.75	865.684	1533.5
-1.15	15.75	864.703	1533.22
-1.15	15.75	863.721	1459.1
-1.15	15.75	862.7389999999999	1514.84
-1.15	15.75	861.757	1542.57
-1.15	15.75	860.775	1537.2
-1.15	15.75	859.7919999999999	1526.74
-1.15	15.75	858.81	1557.0
-1.15	15.75	857.827	1582.15
-1.15	15.75	856.8439999999999	1548.8
-1.15	15.75	855.86	1497.67
-1.15	15.75	854.877	1459.26
-1.15	15.75	853.8939999999999	1573.38
-1.15	15.75	852.91	1585.8
-1.15	15.75	851.926	1509.28
-1.15	15.75	850.942	1486.15
-1.15	15.75	849.9580000000001	1516.36
-1.15	15.75	848.9730000000001	1442.44
-1.15	15.75	847.988	1432.02
-1.15	15.75	847.0039999999999	1507.92
-1.15	15.75	846.0189999999999	1406.12
-1.15	15.75	845.034	1487.07
-1.15	15.75	844.048	1441.13
-1.15	15.75	843.063	1580.39
-1.15	15.75	842.077	1435.53
-1.15	15.75	841.091	1506.27
-1.15	15.75	840.105	1615.02
-1.15	15.75	839.1189999999999	1485.45
-1.15	15.75	838.132	1535.87
-1.15	15.75	837.1460000000001	1467.17
-1.15	15.75	836.159	1515.04
-1.15	15.75	835.172	1481.84
-1.15	15.75	834.185	1506.89
-1.15	15.75	833.198	1471.17
-1.15	15.75	832.21	1465.84
-1.15	15.75	831.222	1508.6
-1.15	15.75	830.235	1460.24
-1.15	15.75	829.247	1427.09
-1.15	15.75	828.258	1555.85
-1.15	15.75	827.27	1469.57
-1.15	15.75	826.2810000000001	1449.07
-1.15	15.75	825.293	1532.24
-1.15	15.75	824.304	1521.85
-1.15	15.75	823.315	1478.61
-1.15	15.75	822.325	1485.92
-1.15	15.75	821.336	1528.6
-1.15	15.75	820.346	1384.33
-1.15	15.75	819.3560000000001	1482.58
-1.15	15.75	818.3660000000001	1429.28
-1.15	15.75	817.3760000000001	1499.72
-1.15	15.75	816.3860000000001	1527.21
-1.15	15.75	815.395	1433.55
-1.15	15.75	814.405	1478.71
-1.15	15.75	813.414	1528.9
-1.15	15.75	812.423	1495.83
-1.15	15.75	811.431	1374.5
-1.15	15.75	810.44	1495.29
-1.15	15.75	809.448	1505.1
-1.15	15.75	808.456	1509.87
-1.15	15.75	807.4639999999999	1401.22
-1.15	15.75	806.472	1461.44
-1.15	15.75	805.48	1420.87
-1.15	15.75	804.487	1397.94
-1.15	15.75	803.495	1422.87
-1.15	15.75	802.502	1561.1
-1.15	15.75	801.5089999999999	1455.08
-1.15	15.75	800.5160000000001	1439.71
-1.15	15.75	799.5219999999999	1399.19
-1.15	15.75	798.528	1426.61
-1.15	15.75	797.535	1454.02
-1.15	15.75	796.541	1398.42
-1.15	15.75	795.547	1488.69
-1.15	15.75	794.552	1478.37
-1.15	15.75	793.558	1437.88
-1.15	15.75	792.563	1455.21
-1.15	15.75	791.568	1459.97
-1.15	15.75	790.573	1432.07
-1.15	15.75	789.578	1469.48
-1.15	15.75	788.582	1378.8
-1.15	15.75	787.587	1511.64
-1.15	15.75	786.591	1438.55
-1.15	15.75	785.595	1463.39
-1.15	15.75	784.5989999999999	1495.75
-1.15	15.75	783.602	1510.53
-1.15	15.75	782.6060000000001	1437.51
-1.15	15.75	781.6089999999999	1387.08
-1.15	15.75	780.612	1484.63
-1.15	15.75	779.615	1449.26
-1.15	15.75	778.618	1451.5
-1.15	15.75	777.6210000000001	1381.05
-1.15	15.75	776.623	1466.0
-1.15	15.75	775.625	1508.33
-1.15	15.75	774.627	1415.37
-1.15	15.75	773.6289999999999	1460.19
-1.15	15.75	772.6310000000001	1507.51
-1.15	15.75	771.632	1504.73
-1.15	15.75	770.6339999999999	1464.4
-1.15	15.75	769.635	1444.11
-1.15	15.75	768.6360000000001	1523.92
-1.15	15.75	767.6360000000001	1403.55
-1.15	15.75	766.637	1493.35
-1.15	15.75	765.637	1468.07
-1.15	15.75	764.637	1497.8
-1.15	15.75	763.638	1510.03
-1.15	15.75	762.637	1394.77
-1.15	15.75	761.637	1469.49
-1.15	15.75	760.6360000000001	1491.71
-1.15	15.75	759.6360000000001	1453.97
-1.15	15.75	758.635	1461.19
-1.15	15.75	757.6339999999999	1520.86
-1.15	15.75	756.633	1503.11
-1.15	15.75	755.6310000000001	1475.37
-1.15	15.75	754.6289999999999	1520.03
-1.15	15.75	753.628	1522.25
-1.15	15.75	752.6260000000001	1511.99
-1.15	15.75	751.623	1439.37
-1.15	15.75	750.6210000000001	1556.33
-1.15	15.75	749.6189999999999	1481.24
-1.15	15.75	748.6160000000001	1520.86
-1.15	15.75	747.613	1458.26
-1.15	15.75	746.61	1475.44
-1.15	15.75	745.607	1510.06
-1.15	15.75	744.6030000000001	1437.53
-1.15	15.75	743.5989999999999	1487.09
-1.15	15.75	742.596	1559.04
-1.15	15.75	741.592	1404.37
-1.15	15.75	740.587	1483.78
-1.15	15.75	739.5830000000001	1500.93
-1.15	15.75	738.579	1498.17
-1.15	15.75	737.574	1430.71
-1.15	15.75	736.569	1472.74
-1.15	15.75	735.564	1474.96
-1.15	15.75	734.558	1457.28
-1.15	15.75	733.553	1382.43
-1.15	15.75	732.547	1421.95
-1.15	15.75	731.541	1486.31
-1.15	15.75	730.535	1461.19
-1.15	15.75	729.529	1396.32
-1.15	15.75	728.523	1527.72
-1.15	15.75	727.5160000000001	1420.65
-1.15	15.75	726.5089999999999	1455.15
-1.15	15.75	725.503	1462.33
-1.15	15.75	724.495	1524.12
-1.15	15.75	723.488	1476.69
-1.15	15.75	722.4810000000001	1379.64
-1.15	15.75	721.4730000000001	1466.22
-1.15	15.75	720.465	1580.06
-1.15	15.75	719.457	1550.01
-1.15	15.75	718.449	1472.86
-1.15	15.75	717.44	1532.08
-1.15	15.75	716.432	1447.53
-1.15	15.75	715.423	1484.44
-1.15	15.75	714.414	1427.18
-1.15	15.75	713.405	1530.96
-1.15	15.75	712.395	1434.08
-1.15	15.75	711.3860000000001	1466.01
-1.15	15.75	710.3760000000001	1478.13
-1.15	15.75	709.3660000000001	1490.23
-1.15	15.75	708.3560000000001	1509.76
-1.15	15.75	707.346	1415.45
-1.15	15.75	706.335	1538.89
-1.15	15.75	705.325	1533.67
-1.15	15.75	704.314	1530.91
-1.15	15.75	703.303	1446.56
-1.15	15.75	702.2919999999999	1505.63
-1.15	15.75	701.28	1569.62
-1.15	15.75	700.2689999999999	1472.95
-1.15	15.75	699.257	1396.08
-1.15	15.75	698.245	1477.35
-1.15	15.75	697.2330000000001	1558.59
-1.15	15.75	696.22	1459.52
-1.15	15.75	695.2080000000001	1486.41
-1.15	15.75	694.195	1518.23
-1.15	15.75	693.182	1471.05
-1.15	15.75	692.169	1480.66
-1.15	15.75	691.1560000000001	1460.65
-1.15	15.75	690.143	1541.78
-1.15	15.75	689.1289999999999	1467.51
-1.15	15.75	688.115	1435.18
-1.15	15.75	687.1010000000001	1474.37
-1.15	15.75	686.087	1451.91
-1.15	15.75	685.073	1503.4
-1.15	15.75	684.058	1490.8
-1.15	15.75	683.043	1598.93
-1.15	15.75	682.028	1477.94
-1.15	15.75	681.013	1480.13
-1.15	15.75	679.998	1526.64
-1.15	15.75	678.9830000000001	1550.98
-1.15	15.75	677.967	1516.24
-1.15	15.75	676.951	1513.5
-1.15	15.75	675.935	1641.16
-1.15	15.75	674.919	1567.06
-1.15	15.75	673.9019999999999	1576.61
-1.15	15.75	672.8860000000001	1495.17
-1.15	15.75	671.8689999999999	1568.66
-1.15	15.75	670.852	1600.32
-1.15	15.75	669.835	1627.07
-1.15	15.75	668.817	1459.67
-1.15	15.75	667.8	1577.33
-1.15	15.75	666.7819999999999	1542.65
-1.15	15.75	665.7639999999999	1554.65
-1.15	15.75	664.7460000000001	1559.27
-1.15	15.75	663.7280000000001	1502.52
-1.15	15.75	662.709	1556.24
-1.15	15.75	661.691	1536.32
-1.15	15.75	660.672	1560.58
-1.15	15.75	659.653	1557.84
-1.15	15.75	658.6339999999999	1564.91
-1.15	15.75	657.6139999999999	1630.84
-1.15	15.75	656.595	1608.47
-1.15	15.75	655.575	1554.24
-1.15	15.75	654.555	1502.48
-1.15	15.75	653.535	1561.02
-1.15	15.75	652.514	1563.18
-1.15	15.75	651.494	1479.6
-1.15	15.75	650.4730000000001	1555.26
-1.15	15.75	649.452	1506.0
-1.15	15.75	648.431	1608.55
-1.15	15.75	647.41	1507.89
-1.15	15.75	646.388	1639.77
-1.15	15.75	645.366	1597.87
-1.15	15.75	644.345	1617.15
-1.15	15.75	643.323	1636.42
-1.15	15.75	642.3	1611.66
-1.15	15.75	641.278	1567.35
-1.15	15.75	640.255	1503.5
-1.15	15.75	639.232	1579.0
-1.15	15.75	638.2090000000001	1622.69
-1.15	15.75	637.186	1600.4
-1.15	15.75	636.163	1536.59
-1.15	15.75	635.139	1648.66
-1.15	15.75	634.116	1592.19
-1.15	15.75	633.092	1560.16
-1.15	15.75	632.068	1528.14
-1.15	15.75	631.043	1608.4
-1.15	15.75	630.019	1542.22
-1.15	15.75	628.994	1524.85
-1.15	15.75	627.969	1500.18
-1.15	15.75	626.944	1638.92
-1.15	15.75	625.919	1663.0
-1.15	15.75	624.893	1645.63
-1.15	15.75	623.868	1659.95
-1.15	15.75	622.842	1671.83
-1.15	15.75	621.816	1544.81
-1.15	15.75	620.79	1559.15
-1.15	15.75	619.763	1510.14
-1.15	15.75	618.737	1536.65
-1.15	15.75	617.71	1485.24
-1.15	15.75	616.683	1506.87
-1.15	15.75	615.656	1504.16
-1.15	15.75	614.629	1489.28
-1.15	15.75	613.601	1433.05
-1.15	15.75	612.573	1469.27
-1.15	15.75	611.545	1556.56
-1.15	15.75	610.5169999999999	1454.14
-1.15	15.75	609.489	1526.81
-1.15	15.75	608.461	1490.06
-1.15	15.75	607.432	1390.15
-1.15	15.75	606.403	1392.32
-1.15	15.75	605.374	1472.23
-1.15	15.75	604.345	1401.52
-1.15	15.75	603.315	1442.55
-1.15	15.75	602.286	1476.27
-1.15	15.75	601.256	1524.55
-1.15	15.75	600.226	1422.33
